product_data/regression_test/downloaded_data/MGDS/320620060703/ctd/p6609303.ros
* Sea-Bird SBE 9 Data File:
* FileName = D:\Data\Raw\P6609303.dat
* Software Version Seasave Win32 V 5.32
* Temperature SN = 1649
* Conductivity SN = 1431
* Number of Bytes Per Scan = 37
* Number of Voltage Words = 5
* Number of Scans Averaged by the Deck Unit = 1
* NMEA Latitude = 61 07.51 S
* NMEA Longitude = 058 05.60 W
* NMEA UTC (Time) = 00:05:51
** Ship:   Nathaniel B. Palmer nbp
** Cruise:    NBP0603 nbp0606
** Cast #: 01
** Station:   93
** Operator: yz
# nquan = 17
# nvalues = 1176                    
# units = specified
# name 0 = prDM: Pressure, Digiquartz [db]
# name 1 = t090C: Temperature [ITS-90, deg C]
# name 2 = c0S/m: Conductivity [S/m]
# name 3 = t190C: Temperature, 2 [ITS-90, deg C]
# name 4 = c1S/m: Conductivity, 2 [S/m]
# name 5 = sbeox0ML/L: Oxygen, SBE 43 [ml/l]
# name 6 = flECO-AFL: Fluorescence, Wetlab ECO-AFL/FL [mg/m^3]
# name 7 = bat: Beam Attenuation, Chelsea/Seatech/Wetlab CStar [1/m]
# name 8 = spar: SPAR/Surface Irradiance
# name 9 = latitude: Latitude [deg]
# name 10 = longitude: Longitude [deg]
# name 11 = timeY: Time, System [seconds]
# name 12 = timeJ: Julian Days
# name 13 = sal00: Salinity [PSU]
# name 14 = scan: scan number
# name 15 = nbf: number of bottles fired
# name 16 = flag:  0.000e+00
# interval = seconds: 0.0416667                   
# start_time = Jul 11 2006 00:05:59
*END*
[from data line 171]
    699.635     1.7150   3.062567     1.7162   3.062881    4.61137    -0.0749    13.8155 0.0000e+00  -61.12517  -58.09333 1152578585 192.029941    34.7247      53471          4  0.000e+00
    699.712     1.7149   3.062563     1.7158   3.062893    4.61143    -0.0319    13.8155 0.0000e+00  -61.12517  -58.09333 1152578585 192.029942    34.7248      53472          4  0.000e+00
    699.712     1.7147   3.062563     1.7160   3.062857    4.61145    -0.0964    13.8155 0.0000e+00  -61.12517  -58.09333 1152578585 192.029942    34.7250      53473          4  0.000e+00
    699.712     1.7148   3.062580     1.7158   3.062863    4.61143    -0.1287    13.8155 0.0000e+00  -61.12517  -58.09333 1152578585 192.029943    34.7250      53474          4  0.000e+00
    699.732     1.7152   3.062587     1.7160   3.062851    4.61140    -0.0964    13.8155 0.0000e+00  -61.12517  -58.09333 1152578585 192.029943    34.7247      53475          4  0.000e+00
    699.712     1.7150   3.062587     1.7156   3.062845    4.61141    -0.0964    13.8155 0.0000e+00  -61.12517  -58.09333 1152578585 192.029944    34.7249      53476          4  0.000e+00
    699.780     1.7151   3.062563     1.7156   3.062863    4.61145    -0.1180    13.8155 0.0000e+00  -61.12517  -58.09333 1152578585 192.029944    34.7244      53477          4  0.000e+00
    699.712     1.7151   3.062577     1.7156   3.062869    4.61140    -0.1180    13.8155 0.0000e+00  -61.12517  -58.09333 1152578585 192.029945    34.7246      53478          4  0.000e+00
    699.780     1.7149   3.062549     1.7158   3.062827    4.61148    -0.1287    13.8155 0.0000e+00  -61.12517  -58.09333 1152578585 192.029945    34.7245      53479          4  0.000e+00
    699.780     1.7154   3.062556     1.7160   3.062839    4.61142    -0.1180    13.8155 0.0000e+00  -61.12517  -58.09333 1152578585 192.029946    34.7240      53480          4  0.000e+00
    699.780     1.7151   3.062580     1.7162   3.062845    4.61144    -0.1395    13.8155 0.0000e+00  -61.12517  -58.09333 1152578585 192.029946    34.7246      53481          4  0.000e+00
    699.780     1.7152   3.062587     1.7155   3.062881    4.61143    -0.1395    13.8155 0.0000e+00  -61.12517  -58.09333 1152578585 192.029946    34.7247      53482          4  0.000e+00
    699.780     1.7153   3.062604     1.7161   3.062875    4.61141    -0.1610    13.8155 0.0000e+00  -61.12517  -58.09333 1152578585 192.029947    34.7248      53483          4  0.000e+00
    699.847     1.7151   3.062591     1.7158   3.062875    4.61148    -0.1287    13.8155 0.0000e+00  -61.12517  -58.09333 1152578585 192.029947    34.7247      53484          4  0.000e+00
    699.780     1.7158   3.062604     1.7153   3.062869    4.61137    -0.1395    13.8155 0.0000e+00  -61.12517  -58.09333 1152578585 192.029948    34.7242      53485          4  0.000e+00
    699.876     1.7155   3.062611     1.7152   3.062827    4.61145    -0.1180    13.8155 0.0000e+00  -61.12517  -58.09333 1152578585 192.029948    34.7246      53486          4  0.000e+00
    699.847     1.7153   3.062591     1.7145   3.062766    4.61146    -0.0964    13.8155 0.0000e+00  -61.12517  -58.09333 1152578585 192.029949    34.7245      53487          4  0.000e+00
    699.847     1.7151   3.062604     1.7144   3.062760    4.61147    -0.0964    13.8155 0.0000e+00  -61.12517  -58.09333 1152578585 192.029949    34.7249      53488          4  0.000e+00
    699.847     1.7152   3.062611     1.7147   3.062754    4.61147    -0.0749    13.8155 0.0000e+00  -61.12517  -58.09333 1152578585 192.029950    34.7250      53489          4  0.000e+00
    699.847     1.7151   3.062573     1.7148   3.062773    4.61149    -0.0426    13.8155 0.0000e+00  -61.12517  -58.09333 1152578586 192.029950    34.7245      53490          4  0.000e+00
    699.924     1.7151   3.062580     1.7148   3.062803    4.61153    -0.0749    13.8155 0.0000e+00  -61.12517  -58.09333 1152578586 192.029951    34.7246      53491          4  0.000e+00
    699.924     1.7147   3.062532     1.7147   3.062791    4.61160    -0.0964    13.8155 0.0000e+00  -61.12517  -58.09333 1152578586 192.029951    34.7245      53492          4  0.000e+00
    699.924     1.7147   3.062491     1.7155   3.062809    4.61161    -0.0964    13.8155 0.0000e+00  -61.12517  -58.09333 1152578586 192.029952    34.7239      53493          4  0.000e+00
    699.924     1.7139   3.062415     1.7152   3.062839    4.61171    -0.1180    13.8155 0.0000e+00  -61.12517  -58.09333 1152578586 192.029952    34.7238      53494          4  0.000e+00
    699.924     1.7139   3.062467     1.7158   3.062845    4.61169    -0.1072    13.8155 0.0000e+00  -61.12517  -58.09333 1152578586 192.029953    34.7245      53495          4  0.000e+00
    600.555     1.8137   3.066303     1.8136   3.066513    4.54719    -0.0104    13.8155 0.0000e+00  -61.12517  -58.09333 1152578730 192.031617    34.7189      56946          5  0.000e+00
    600.478     1.8137   3.066334     1.8137   3.066507    4.55185    -0.0426    13.8155 0.0000e+00  -61.12517  -58.09333 1152578730 192.031617    34.7192      56947          5  0.000e+00
    600.507     1.8137   3.066292     1.8140   3.066525    4.54716    -0.1287    13.8155 0.0000e+00  -61.12517  -58.09333 1152578730 192.031618    34.7187      56948          5  0.000e+00
    600.478     1.8140   3.066279     1.8140   3.066555    4.54712    -0.1825    13.8155 0.0000e+00  -61.12517  -58.09333 1152578730 192.031618    34.7183      56949          5  0.000e+00
    600.430     1.8140   3.066296     1.8143   3.066543    4.55181    -0.1395    13.8155 0.0000e+00  -61.12517  -58.09333 1152578730 192.031619    34.7184      56950          5  0.000e+00
    600.478     1.8139   3.066265     1.8140   3.066513    4.55186    -0.0964    13.8155 0.0000e+00  -61.12517  -58.09333 1152578730 192.031619    34.7182      56951          5  0.000e+00
    600.411     1.8131   3.066254     1.8140   3.066525    4.55190    -0.0642    13.8155 0.0000e+00  -61.12517  -58.09333 1152578730 192.031620    34.7189      56952          5  0.000e+00
    600.507     1.8130   3.066272     1.8136   3.066513    4.54723    -0.0534    13.8155 0.0000e+00  -61.12517  -58.09333 1152578730 192.031620    34.7192      56953          5  0.000e+00
    600.411     1.8132   3.066258     1.8136   3.066507    4.54716    -0.0749    13.8155 0.0000e+00  -61.12517  -58.09333 1152578730 192.031621    34.7188      56954          5  0.000e+00
    600.430     1.8132   3.066254     1.8136   3.066525    4.54717    -0.0749    13.8155 0.0000e+00  -61.12517  -58.09333 1152578730 192.031621    34.7188      56955          5  0.000e+00
    600.411     1.8133   3.066285     1.8137   3.066513    4.54714    -0.1395    13.8155 0.0000e+00  -61.12517  -58.09333 1152578730 192.031622    34.7191      56956          5  0.000e+00
    600.411     1.8134   3.066265     1.8137   3.066483    4.54714    -0.0749    13.8155 0.0000e+00  -61.12517  -58.09333 1152578730 192.031622    34.7187      56957          5  0.000e+00
    600.363     1.8132   3.066254     1.8136   3.066543    4.54713    -0.0534    13.8155 0.0000e+00  -61.12517  -58.09333 1152578730 192.031623    34.7188      56958          5  0.000e+00
    600.411     1.8135   3.066289     1.8137   3.066519    4.54712    -0.0749    13.8155 0.0000e+00  -61.12517  -58.09333 1152578730 192.031623    34.7189      56959          5  0.000e+00
    600.363     1.8134   3.066282     1.8139   3.066507    4.54710    -0.0857    13.8155 0.0000e+00  -61.12517  -58.09333 1152578730 192.031624    34.7190      56960          5  0.000e+00
    600.334     1.8136   3.066279     1.8132   3.066483    4.54707    -0.1180    13.8155 0.0000e+00  -61.12517  -58.09333 1152578730 192.031624    34.7188      56961          5  0.000e+00
    600.334     1.8139   3.066241     1.8137   3.066495    4.54706    -0.1180    13.8155 0.0000e+00  -61.12517  -58.09333 1152578730 192.031625    34.7180      56962          5  0.000e+00
    600.286     1.8140   3.066282     1.8134   3.066507    4.54700    -0.1287    13.8155 0.0000e+00  -61.12517  -58.09333 1152578730 192.031625    34.7184      56963          5  0.000e+00
    600.334     1.8134   3.066279     1.8136   3.066507    4.54708    -0.1395    13.8155 0.0000e+00  -61.12517  -58.09333 1152578730 192.031626    34.7189      56964          5  0.000e+00
    600.286     1.8132   3.066275     1.8138   3.066507    4.54707    -0.1287    13.8155 0.0000e+00  -61.12517  -58.09333 1152578730 192.031626    34.7191      56965          5  0.000e+00
    600.267     1.8135   3.066241     1.8139   3.066525    4.54705    -0.1072    13.8155 0.0000e+00  -61.12517  -58.09333 1152578730 192.031627    34.7184      56966          5  0.000e+00
    600.286     1.8134   3.066248     1.8143   3.066537    4.54707    -0.1180    13.8155 0.0000e+00  -61.12517  -58.09333 1152578730 192.031627    34.7186      56967          5  0.000e+00
    600.200     1.8137   3.066234     1.8140   3.066513    4.54699    -0.1395    13.8155 0.0000e+00  -61.12517  -58.09333 1152578730 192.031628    34.7181      56968          5  0.000e+00
    600.267     1.8136   3.066230     1.8142   3.066507    4.54705    -0.1180    13.8155 0.0000e+00  -61.12517  -58.09333 1152578731 192.031628    34.7182      56969          5  0.000e+00
    600.219     1.8138   3.066265     1.8143   3.066525    4.54698    -0.0749    13.8155 0.0000e+00  -61.12517  -58.09333 1152578731 192.031629    34.7184      56970          5  0.000e+00
    600.200     1.8136   3.066278     1.8137   3.066513    4.55171    -0.0749    13.8155 0.0000e+00  -61.12517  -58.09333 1152578731 192.031629    34.7188      56971          5  0.000e+00
    600.152     1.8136   3.066296     1.8138   3.066507    4.54695    -0.1072    13.8155 0.0000e+00  -61.12517  -58.09333 1152578731 192.031630    34.7191      56972          5  0.000e+00
    600.123     1.8140   3.066296     1.8137   3.066525    4.54689    -0.0749    13.8155 0.0000e+00  -61.12517  -58.09333 1152578731 192.031630    34.7187      56973          5  0.000e+00
    600.123     1.8140   3.066244     1.8142   3.066537    4.54691    -0.1180    13.8155 0.0000e+00  -61.12517  -58.09333 1152578731 192.031630    34.7179      56974          5  0.000e+00
    600.152     1.8140   3.066320     1.8142   3.066537    4.54689    -0.0749    13.8155 0.0000e+00  -61.12517  -58.09333 1152578731 192.031631    34.7189      56975          5  0.000e+00
    600.123     1.8133   3.066296     1.8148   3.066555    4.54695    -0.0964    13.8155 0.0000e+00  -61.12517  -58.09333 1152578731 192.031631    34.7194      56976          5  0.000e+00
    600.008     1.8137   3.066258     1.8151   3.066567    4.54686    -0.0749    13.8155 0.0000e+00  -61.12517  -58.09333 1152578731 192.031632    34.7185      56977          5  0.000e+00
    600.056     1.8137   3.066272     1.8153   3.066567    4.54688    -0.0749    13.8155 0.0000e+00  -61.12517  -58.09333 1152578731 192.031632    34.7187      56978          5  0.000e+00
    600.056     1.8137   3.066278     1.8149   3.066567    4.54688    -0.0642    13.8155 0.0000e+00  -61.12517  -58.09333 1152578731 192.031633    34.7187      56979          5  0.000e+00
    600.008     1.8140   3.066258     1.8156   3.066543    4.54684    -0.0534    13.8155 0.0000e+00  -61.12517  -58.09333 1152578731 192.031633    34.7183      56980          5  0.000e+00
    599.979     1.8140   3.066272     1.8156   3.066573    4.54680    -0.0964    13.8155 0.0000e+00  -61.12517  -58.09333 1152578731 192.031634    34.7184      56981          5  0.000e+00
    599.931     1.8142   3.066254     1.8153   3.066573    4.54676    -0.1180    13.8155 0.0000e+00  -61.12517  -58.09333 1152578731 192.031634    34.7180      56982          5  0.000e+00
    599.979     1.8141   3.066251     1.8151   3.066543    4.54680    -0.1395    13.8155 0.0000e+00  -61.12517  -58.09333 1152578731 192.031635    34.7180      56983          5  0.000e+00
    599.912     1.8145   3.066271     1.8151   3.066573    4.54672    -0.1287    13.8155 0.0000e+00  -61.12517  -58.09333 1152578731 192.031635    34.7179      56984          5  0.000e+00
    599.863     1.8139   3.066258     1.8151   3.066549    4.54675    -0.1180    13.8155 0.0000e+00  -61.12517  -58.09333 1152578731 192.031636    34.7184      56985          5  0.000e+00
    599.844     1.8140   3.066234     1.8156   3.066555    4.54674    -0.1395    13.8155 0.0000e+00  -61.12517  -58.09333 1152578731 192.031636    34.7181      56986          5  0.000e+00
    599.864     1.8137   3.066265     1.8154   3.066561    4.54676    -0.1718    13.8155 0.0000e+00  -61.12517  -58.09333 1152578731 192.031637    34.7187      56987          5  0.000e+00
    599.767     1.8139   3.066278     1.8156   3.066561    4.54668    -0.1502    13.8155 0.0000e+00  -61.12517  -58.09333 1152578731 192.031637    34.7187      56988          5  0.000e+00
    599.767     1.8136   3.066240     1.8154   3.066543    4.54673    -0.1287    13.8155 0.0000e+00  -61.12517  -58.09333 1152578731 192.031638    34.7186      56989          5  0.000e+00
    599.719     1.8135   3.066209     1.8153   3.066555    4.54672    -0.1180    13.8155 0.0000e+00  -61.12517  -58.09333 1152578731 192.031638    34.7183      56990          5  0.000e+00
    599.767     1.8139   3.066216     1.8149   3.066567    4.54671    -0.1180    13.8155 0.0000e+00  -61.12517  -58.09333 1152578731 192.031639    34.7180      56991          5  0.000e+00
    599.652     1.8139   3.066227     1.8146   3.066567    4.54663    -0.1395    13.8155 0.0000e+00  -61.12517  -58.09333 1152578731 192.031639    34.7182      56992          5  0.000e+00
    599.700     1.8133   3.066230     1.8149   3.066543    4.54671    -0.0964    13.8155 0.0000e+00  -61.12517  -58.09333 1152578731 192.031640    34.7188      56993          5  0.000e+00
    599.623     1.8136   3.066209     1.8148   3.066537    4.54665    -0.0964    13.8155 0.0000e+00  -61.12517  -58.09333 1152578732 192.031640    34.7183      56994          5  0.000e+00
    499.668     1.8893   3.067109     1.8890   3.067391    4.45343    -0.0964    13.8155 0.0000e+00  -61.12517  -58.09333 1152578878 192.033332    34.7027      60503          6  0.000e+00
    499.879     1.8886   3.067099     1.8890   3.067392    4.45364    -0.1072    13.8155 0.0000e+00  -61.12517  -58.09333 1152578878 192.033333    34.7033      60504          6  0.000e+00
    499.649     1.8889   3.067133     1.8891   3.067391    4.45346    -0.0749    13.8155 0.0000e+00  -61.12517  -58.09333 1152578878 192.033333    34.7035      60505          6  0.000e+00
    499.745     1.8889   3.067140     1.8894   3.067391    4.45816    -0.0642    13.8155 0.0000e+00  -61.12517  -58.09333 1152578878 192.033334    34.7035      60506          6  0.000e+00
    499.745     1.8892   3.067126     1.8890   3.067367    4.45814    -0.0964    13.8155 0.0000e+00  -61.12517  -58.09333 1152578878 192.033334    34.7030      60507          6  0.000e+00
    499.716     1.8889   3.067102     1.8895   3.067361    4.45816    -0.1180    13.8155 0.0000e+00  -61.12517  -58.09333 1152578878 192.033335    34.7031      60508          6  0.000e+00
    499.668     1.8893   3.067099     1.8894   3.067361    4.45810    -0.1287    13.8155 0.0000e+00  -61.12517  -58.09333 1152578878 192.033335    34.7027      60509          6  0.000e+00
    499.745     1.8890   3.067061     1.8892   3.067379    4.45353    -0.1072    13.8155 0.0000e+00  -61.12517  -58.09333 1152578878 192.033336    34.7024      60510          6  0.000e+00
    499.668     1.8889   3.067085     1.8891   3.067391    4.45349    -0.0964    13.8155 0.0000e+00  -61.12517  -58.09333 1152578878 192.033336    34.7029      60511          6  0.000e+00
    499.649     1.8890   3.067099     1.8892   3.067391    4.45811    -0.0749    13.8155 0.0000e+00  -61.12517  -58.09333 1152578878 192.033337    34.7029      60512          6  0.000e+00
