product_data/regression_test/downloaded_data/MGDS/320620060703/ctd/p6607803.ros
* Sea-Bird SBE 9 Data File:
* FileName = D:\Data\Raw\P6607803.dat
* Software Version Seasave Win32 V 5.32
* Temperature SN = 1649
* Conductivity SN = 1431
* Number of Bytes Per Scan = 37
* Number of Voltage Words = 5
* Number of Scans Averaged by the Deck Unit = 1
* NMEA Latitude = 62 18.67 S
* NMEA Longitude = 058 03.91 W
* NMEA UTC (Time) = 00:15:32
** Ship:   Nathaniel B. Palmer 
** Cruise:    NBP0603 
** Cast #: 
** Station:   
** Operator: 
# nquan = 17
# nvalues = 1176                    
# units = specified
# name 0 = prDM: Pressure, Digiquartz [db]
# name 1 = t090C: Temperature [ITS-90, deg C]
# name 2 = c0S/m: Conductivity [S/m]
# name 3 = t190C: Temperature, 2 [ITS-90, deg C]
# name 4 = c1S/m: Conductivity, 2 [S/m]
# name 5 = sbeox0ML/L: Oxygen, SBE 43 [ml/l]
# name 6 = flECO-AFL: Fluorescence, Wetlab ECO-AFL/FL [mg/m^3]
# name 7 = bat: Beam Attenuation, Chelsea/Seatech/Wetlab CStar [1/m]
# name 8 = spar: SPAR/Surface Irradiance
# name 9 = latitude: Latitude [deg]
# name 10 = longitude: Longitude [deg]
# name 11 = timeY: Time, System [seconds]
# name 12 = timeJ: Julian Days
# name 13 = sal00: Salinity [PSU]
# name 14 = scan: scan number
# name 15 = nbf: number of bottles fired
# name 16 = flag:  0.000e+00
# interval = seconds: 0.0416667                   
# start_time = Jul 09 2006 00:15:40
*END*
[from data line 341]
    449.716    -0.5672   2.838982    -0.5668   2.839099    6.33985    -0.0964    13.8155 0.0000e+00  -62.31117  -58.06517 1152407476 190.049515    34.5071      80115          7  0.000e+00
    449.639    -0.5672   2.838995    -0.5663   2.839087    6.33977    -0.0964    13.8155 0.0000e+00  -62.31117  -58.06517 1152407476 190.049515    34.5073      80116          7  0.000e+00
    447.943    -0.5650   2.839078    -0.5614   2.839239    6.34778    -0.1180    13.8155 0.0000e+00  -62.31117  -58.06517 1152407480 190.049565    34.5069      80220          8  0.000e+00
    448.011    -0.5646   2.839101    -0.5616   2.839279    6.34776    -0.1180    13.8155 0.0000e+00  -62.31117  -58.06517 1152407480 190.049566    34.5067      80221          8  0.000e+00
    447.800    -0.5647   2.839121    -0.5614   2.839256    6.34758    -0.1287    13.8155 0.0000e+00  -62.31117  -58.06517 1152407480 190.049566    34.5073      80222          8  0.000e+00
    447.876    -0.5646   2.839071    -0.5610   2.839262    6.34766    -0.1610    13.8155 0.0000e+00  -62.31117  -58.06517 1152407480 190.049567    34.5064      80223          8  0.000e+00
    447.876    -0.5639   2.839088    -0.5611   2.839244    6.34757    -0.1610    13.8155 0.0000e+00  -62.31117  -58.06517 1152407480 190.049567    34.5059      80224          8  0.000e+00
    447.876    -0.5643   2.839101    -0.5613   2.839244    6.34760    -0.1395    13.8155 0.0000e+00  -62.31117  -58.06517 1152407480 190.049568    34.5064      80225          8  0.000e+00
    447.800    -0.5636   2.839108    -0.5610   2.839279    6.34745    -0.1395    13.8155 0.0000e+00  -62.31117  -58.06517 1152407480 190.049568    34.5058      80226          8  0.000e+00
    447.876    -0.5635   2.839101    -0.5614   2.839274    6.34750    -0.1072    13.8155 0.0000e+00  -62.31117  -58.06517 1152407480 190.049569    34.5055      80227          8  0.000e+00
    447.800    -0.5636   2.839118    -0.5616   2.839274    6.34744    -0.0534    13.8155 0.0000e+00  -62.31117  -58.06517 1152407481 190.049569    34.5060      80228          8  0.000e+00
    447.742    -0.5635   2.839141    -0.5619   2.839285    6.34736    -0.0642    13.8155 0.0000e+00  -62.31117  -58.06517 1152407481 190.049570    34.5062      80229          8  0.000e+00
    447.800    -0.5635   2.839128    -0.5617   2.839297    6.34742    -0.1395    13.8155 0.0000e+00  -62.31117  -58.06517 1152407481 190.049570    34.5060      80230          8  0.000e+00
    447.733    -0.5638   2.839115    -0.5608   2.839314    6.34740    -0.1395    13.8155 0.0000e+00  -62.31117  -58.06517 1152407481 190.049571    34.5061      80231          8  0.000e+00
    447.800    -0.5636   2.839121    -0.5610   2.839297    6.34744    -0.1502    13.8155 0.0000e+00  -62.31117  -58.06517 1152407481 190.049571    34.5060      80232          8  0.000e+00
    447.733    -0.5635   2.839158    -0.5614   2.839279    6.34734    -0.1395    13.8155 0.0000e+00  -62.31117  -58.06517 1152407481 190.049572    34.5064      80233          8  0.000e+00
    447.666    -0.5636   2.839171    -0.5613   2.839309    6.34729    -0.1287    13.8155 0.0000e+00  -62.31117  -58.06517 1152407481 190.049572    34.5068      80234          8  0.000e+00
    447.733    -0.5636   2.839171    -0.5608   2.839320    6.34735    -0.1287    13.8155 0.0000e+00  -62.31117  -58.06517 1152407481 190.049573    34.5067      80235          8  0.000e+00
    447.656    -0.5638   2.839178    -0.5616   2.839285    6.34730    -0.1072    13.8155 0.0000e+00  -62.31117  -58.06517 1152407481 190.049573    34.5071      80236          8  0.000e+00
    447.733    -0.5635   2.839171    -0.5611   2.839309    6.34733    -0.0857    13.8155 0.0000e+00  -62.31117  -58.06517 1152407481 190.049574    34.5066      80237          8  0.000e+00
    447.656    -0.5633   2.839151    -0.5610   2.839297    6.34725    -0.0857    13.8155 0.0000e+00  -62.31117  -58.06517 1152407481 190.049574    34.5062      80238          8  0.000e+00
    447.666    -0.5632   2.839128    -0.5613   2.839297    6.34726    -0.1395    13.8155 0.0000e+00  -62.31117  -58.06517 1152407481 190.049575    34.5057      80239          8  0.000e+00
    447.589    -0.5633   2.839174    -0.5608   2.839314    6.35209    -0.1287    13.8155 0.0000e+00  -62.31117  -58.06517 1152407481 190.049575    34.5065      80240          8  0.000e+00
    447.656    -0.5635   2.839164    -0.5605   2.839303    6.34727    -0.1072    13.8155 0.0000e+00  -62.31117  -58.06517 1152407481 190.049576    34.5065      80241          8  0.000e+00
    447.589    -0.5633   2.839168    -0.5605   2.839291    6.34719    -0.0857    13.8155 0.0000e+00  -62.31117  -58.06517 1152407481 190.049576    34.5064      80242          8  0.000e+00
    447.589    -0.5633   2.839171    -0.5611   2.839309    6.35210    -0.0749    13.8155 0.0000e+00  -62.31117  -58.06517 1152407481 190.049577    34.5065      80243          8  0.000e+00
    447.599    -0.5633   2.839171    -0.5605   2.839303    6.34719    -0.0857    13.8155 0.0000e+00  -62.31117  -58.06517 1152407481 190.049577    34.5065      80244          8  0.000e+00
    447.589    -0.5636   2.839171    -0.5602   2.839338    6.34723    -0.0964    13.8155 0.0000e+00  -62.31117  -58.06517 1152407481 190.049578    34.5068      80245          8  0.000e+00
    447.522    -0.5635   2.839191    -0.5608   2.839326    6.34714    -0.0642    13.8155 0.0000e+00  -62.31117  -58.06517 1152407481 190.049578    34.5070      80246          8  0.000e+00
    447.589    -0.5635   2.839178    -0.5602   2.839303    6.34720    -0.0857    13.8155 0.0000e+00  -62.31117  -58.06517 1152407481 190.049579    34.5067      80247          8  0.000e+00
    447.522    -0.5636   2.839171    -0.5605   2.839291    6.34717    -0.1287    13.8155 0.0000e+00  -62.31117  -58.06517 1152407481 190.049579    34.5069      80248          8  0.000e+00
    447.522    -0.5638   2.839171    -0.5603   2.839332    6.34719    -0.1610    13.8155 0.0000e+00  -62.31117  -58.06517 1152407481 190.049579    34.5071      80249          8  0.000e+00
    447.445    -0.5632   2.839184    -0.5604   2.839314    6.34703    -0.1502    13.8155 0.0000e+00  -62.31117  -58.06517 1152407481 190.049580    34.5066      80250          8  0.000e+00
    447.522    -0.5635   2.839131    -0.5605   2.839338    6.34717    -0.1395    13.8155 0.0000e+00  -62.31117  -58.06517 1152407481 190.049580    34.5062      80251          8  0.000e+00
    447.522    -0.5636   2.839121    -0.5599   2.839314    6.34720    -0.1825    13.8155 0.0000e+00  -62.31117  -58.06517 1152407481 190.049581    34.5062      80252          8  0.000e+00
    447.445    -0.5639   2.839141    -0.5597   2.839355    6.34716    -0.1287    13.8155 0.0000e+00  -62.31117  -58.06517 1152407482 190.049581    34.5069      80253          8  0.000e+00
    447.455    -0.5644   2.839111    -0.5599   2.839332    6.34724    -0.0964    13.8155 0.0000e+00  -62.31117  -58.06517 1152407482 190.049582    34.5070      80254          8  0.000e+00
    447.445    -0.5644   2.839101    -0.5602   2.839367    6.34724    -0.0749    13.8155 0.0000e+00  -62.31117  -58.06517 1152407482 190.049582    34.5068      80255          8  0.000e+00
    447.378    -0.5644   2.839081    -0.5596   2.839355    6.34719    -0.1180    13.8155 0.0000e+00  -62.31117  -58.06517 1152407482 190.049583    34.5066      80256          8  0.000e+00
    447.445    -0.5647   2.839068    -0.5594   2.839326    6.34730    -0.1610    13.8155 0.0000e+00  -62.31117  -58.06517 1152407482 190.049583    34.5068      80257          8  0.000e+00
    447.378    -0.5647   2.839074    -0.5596   2.839349    6.34724    -0.1610    13.8155 0.0000e+00  -62.31117  -58.06517 1152407482 190.049584    34.5069      80258          8  0.000e+00
    447.388    -0.5650   2.839078    -0.5602   2.839367    6.34728    -0.1072    13.8155 0.0000e+00  -62.31117  -58.06517 1152407482 190.049584    34.5073      80259          8  0.000e+00
    447.378    -0.5650   2.839094    -0.5596   2.839338    6.34727    -0.1287    13.8155 0.0000e+00  -62.31117  -58.06517 1152407482 190.049585    34.5075      80260          8  0.000e+00
    447.378    -0.5647   2.839065    -0.5596   2.839344    6.34724    -0.1610    13.8155 0.0000e+00  -62.31117  -58.06517 1152407482 190.049585    34.5068      80261          8  0.000e+00
    447.302    -0.5647   2.839064    -0.5597   2.839349    6.34718    -0.1072    13.8155 0.0000e+00  -62.31117  -58.06517 1152407482 190.049586    34.5068      80262          8  0.000e+00
    447.378    -0.5653   2.839075    -0.5597   2.839355    6.34732    -0.0964    13.8155 0.0000e+00  -62.31117  -58.06517 1152407482 190.049586    34.5076      80263          8  0.000e+00
    447.311    -0.5647   2.839058    -0.5596   2.839390    6.34719    -0.1502    13.8155 0.0000e+00  -62.31117  -58.06517 1152407482 190.049587    34.5067      80264          8  0.000e+00
    447.302    -0.5653   2.839088    -0.5596   2.839379    6.34724    -0.1287    13.8155 0.0000e+00  -62.31117  -58.06517 1152407482 190.049587    34.5078      80265          8  0.000e+00
    447.235    -0.5647   2.839081    -0.5594   2.839361    6.34711    -0.0749    13.8155 0.0000e+00  -62.31117  -58.06517 1152407482 190.049588    34.5071      80266          8  0.000e+00
    447.302    -0.5646   2.839101    -0.5594   2.839367    6.34714    -0.1072    13.8155 0.0000e+00  -62.31117  -58.06517 1152407482 190.049588    34.5071      80267          8  0.000e+00
    447.302    -0.5646   2.839084    -0.5594   2.839390    6.34715    -0.1072    13.8155 0.0000e+00  -62.31117  -58.06517 1152407482 190.049589    34.5069      80268          8  0.000e+00
    349.089    -0.5591   2.833419    -0.5672   2.834297    6.29265    -0.1287    13.8155 0.0000e+00  -62.31117  -58.06517 1152407726 190.052414    34.4841      86126          9  0.000e+00
    349.156    -0.5592   2.833419    -0.5663   2.834239    6.28786    -0.1287    13.8155 0.0000e+00  -62.31117  -58.06517 1152407726 190.052414    34.4841      86127          9  0.000e+00
    349.156    -0.5590   2.833399    -0.5659   2.834215    6.28785    -0.1180    13.8155 0.0000e+00  -62.31117  -58.06517 1152407726 190.052415    34.4836      86128          9  0.000e+00
    349.002    -0.5596   2.833286    -0.5660   2.834163    6.28787    -0.1072    13.8155 0.0000e+00  -62.31117  -58.06517 1152407726 190.052415    34.4829      86129          9  0.000e+00
    349.012    -0.5622   2.833103    -0.5652   2.834151    6.28832    -0.1395    13.8155 0.0000e+00  -62.31117  -58.06517 1152407726 190.052416    34.4834      86130          9  0.000e+00
    349.012    -0.5632   2.832966    -0.5651   2.834169    6.28852    -0.1610    13.8155 0.0000e+00  -62.31117  -58.06517 1152407727 190.052416    34.4826      86131          9  0.000e+00
    348.945    -0.5630   2.832990    -0.5659   2.834122    6.29327    -0.1610    13.8155 0.0000e+00  -62.31117  -58.06517 1152407727 190.052417    34.4828      86132          9  0.000e+00
    348.945    -0.5624   2.832990    -0.5652   2.834110    6.28834    -0.1180    13.8155 0.0000e+00  -62.31117  -58.06517 1152407727 190.052417    34.4821      86133          9  0.000e+00
    348.945    -0.5629   2.832986    -0.5657   2.834081    6.29325    -0.1180    13.8155 0.0000e+00  -62.31117  -58.06517 1152407727 190.052418    34.4826      86134          9  0.000e+00
    348.801    -0.5632   2.833036    -0.5654   2.834063    6.29314    -0.1718    13.8155 0.0000e+00  -62.31117  -58.06517 1152407727 190.052418    34.4837      86135          9  0.000e+00
    348.801    -0.5632   2.833086    -0.5662   2.834069    6.29311    -0.1502    13.8155 0.0000e+00  -62.31117  -58.06517 1152407727 190.052418    34.4844      86136          9  0.000e+00
    348.868    -0.5630   2.833099    -0.5659   2.834046    6.29314    -0.0964    13.8155 0.0000e+00  -62.31117  -58.06517 1152407727 190.052419    34.4843      86137          9  0.000e+00
    348.801    -0.5633   2.833133    -0.5657   2.834046    6.29310    -0.1502    13.8155 0.0000e+00  -62.31117  -58.06517 1152407727 190.052419    34.4852      86138          9  0.000e+00
    348.734    -0.5633   2.833123    -0.5663   2.834058    6.29305    -0.1287    13.8155 0.0000e+00  -62.31117  -58.06517 1152407727 190.052420    34.4851      86139          9  0.000e+00
    348.658    -0.5624   2.833186    -0.5663   2.834052    6.29283    -0.1287    13.8155 0.0000e+00  -62.31117  -58.06517 1152407727 190.052420    34.4849      86140          9  0.000e+00
    348.658    -0.5624   2.833179    -0.5663   2.834081    6.29283    -0.1395    13.8155 0.0000e+00  -62.31117  -58.06517 1152407727 190.052421    34.4848      86141          9  0.000e+00
    348.658    -0.5613   2.833116    -0.5666   2.834058    6.29758    -0.1287    13.8155 0.0000e+00  -62.31117  -58.06517 1152407727 190.052421    34.4828      86142          9  0.000e+00
    348.591    -0.5624   2.832963    -0.5663   2.834058    6.29775    -0.0857    13.8155 0.0000e+00  -62.31117  -58.06517 1152407727 190.052422    34.4820      86143          9  0.000e+00
    348.591    -0.5633   2.832780    -0.5659   2.834052    6.29797    -0.1180    13.8155 0.0000e+00  -62.31117  -58.06517 1152407727 190.052422    34.4806      86144          9  0.000e+00
    348.524    -0.5653   2.832650    -0.5655   2.834040    6.29825    -0.1502    13.8155 0.0000e+00  -62.31117  -58.06517 1152407727 190.052423    34.4812      86145          9  0.000e+00
    348.581    -0.5667   2.832587    -0.5649   2.834005    6.29852    -0.1072    13.8155 0.0000e+00  -62.31117  -58.06517 1152407727 190.052423    34.4818      86146          9  0.000e+00
    348.447    -0.5675   2.832557    -0.5651   2.833982    6.29852    -0.1072    13.8155 0.0000e+00  -62.31117  -58.06517 1152407727 190.052424    34.4824      86147          9  0.000e+00
    348.447    -0.5686   2.832497    -0.5651   2.833993    6.29869    -0.0964    13.8155 0.0000e+00  -62.31117  -58.06517 1152407727 190.052424    34.4828      86148          9  0.000e+00
    348.447    -0.5694   2.832401    -0.5652   2.833982    6.29885    -0.0964    13.8155 0.0000e+00  -62.31117  -58.06517 1152407727 190.052425    34.4824      86149          9  0.000e+00
    348.380    -0.5698   2.832374    -0.5656   2.833970    6.29886    -0.0857    13.8155 0.0000e+00  -62.31117  -58.06517 1152407727 190.052425    34.4826      86150          9  0.000e+00
    348.380    -0.5703   2.832288    -0.5659   2.833947    6.29898    -0.0749    13.8155 0.0000e+00  -62.31117  -58.06517 1152407727 190.052426    34.4820      86151          9  0.000e+00
    348.380    -0.5706   2.832278    -0.5659   2.833929    6.29902    -0.0964    13.8155 0.0000e+00  -62.31117  -58.06517 1152407727 190.052426    34.4822      86152          9  0.000e+00
    348.303    -0.5703   2.832351    -0.5660   2.833917    6.29887    -0.1287    13.8155 0.0000e+00  -62.31117  -58.06517 1152407727 190.052427    34.4829      86153          9  0.000e+00
    348.304    -0.5698   2.832408    -0.5665   2.833923    6.29878    -0.1610    13.8155 0.0000e+00  -62.31117  -58.06517 1152407727 190.052427    34.4831      86154          9  0.000e+00
    348.236    -0.5689   2.832487    -0.5671   2.833894    6.29855    -0.1395    13.8155 0.0000e+00  -62.31117  -58.06517 1152407728 190.052428    34.4832      86155          9  0.000e+00
    348.236    -0.5680   2.832537    -0.5671   2.833876    6.30325    -0.1395    13.8155 0.0000e+00  -62.31117  -58.06517 1152407728 190.052428    34.4828      86156          9  0.000e+00
    348.236    -0.5675   2.832567    -0.5679   2.833882    6.30318    -0.1072    13.8155 0.0000e+00  -62.31117  -58.06517 1152407728 190.052429    34.4827      86157          9  0.000e+00
    348.169    -0.5669   2.832557    -0.5679   2.833900    6.30304    -0.1610    13.8155 0.0000e+00  -62.31117  -58.06517 1152407728 190.052429    34.4819      86158          9  0.000e+00
