product_data/regression_test/downloaded_data/MGDS/320620060703/ctd/p6609608.ros
* Sea-Bird SBE 9 Data File:
* FileName = D:\Data\Raw\p6609608.dat
* Software Version Seasave Win32 V 5.32
* Temperature SN = 1649
* Conductivity SN = 1431
* Number of Bytes Per Scan = 37
* Number of Voltage Words = 5
* Number of Scans Averaged by the Deck Unit = 1
* NMEA Latitude = 60 45.06 S
* NMEA Longitude = 058 22.44 W
* NMEA UTC (Time) = 01:09:38
** Ship:   Nathaniel B. Palmer 
** Cruise:    NBP0606 
# nquan = 17
# nvalues = 1176                    
# units = specified
# name 0 = prDM: Pressure, Digiquartz [db]
# name 1 = t090C: Temperature [ITS-90, deg C]
# name 2 = c0S/m: Conductivity [S/m]
# name 3 = t190C: Temperature, 2 [ITS-90, deg C]
# name 4 = c1S/m: Conductivity, 2 [S/m]
# name 5 = sbeox0ML/L: Oxygen, SBE 43 [ml/l]
# name 6 = flECO-AFL: Fluorescence, Wetlab ECO-AFL/FL [mg/m^3]
# name 7 = bat: Beam Attenuation, Chelsea/Seatech/Wetlab CStar [1/m]
# name 8 = spar: SPAR/Surface Irradiance
# name 9 = latitude: Latitude [deg]
# name 10 = longitude: Longitude [deg]
# name 11 = timeY: Time, System [seconds]
# name 12 = timeJ: Julian Days
# name 13 = sal00: Salinity [PSU]
# name 14 = scan: scan number
# name 15 = nbf: number of bottles fired
# name 16 = flag:  0.000e+00
# interval = seconds: 0.0416667                   
# start_time = Jul 12 2006 01:09:45
*END*
[from data line 256]
     29.934    -0.8213   2.752367    -0.8223   2.753155    8.13447     0.1941    13.8155 0.0000e+00  -60.75100  -58.37400 1152666662 193.049353    33.8818       1900          6  0.000e+00
     29.791    -0.8216   2.752416    -0.8222   2.753155    8.13432     0.1941    13.8155 0.0000e+00  -60.75100  -58.37400 1152666662 193.049354    33.8829       1901          6  0.000e+00
     29.848    -0.8212   2.752436    -0.8227   2.753178    8.13899     0.2048    13.8155 0.0000e+00  -60.75100  -58.37400 1152666662 193.049354    33.8826       1902          6  0.000e+00
     29.791    -0.8213   2.752466    -0.8223   2.753143    8.13423     0.1941    13.8155 0.0000e+00  -60.75100  -58.37400 1152666662 193.049355    33.8832       1903          6  0.000e+00
     29.857    -0.8207   2.752459    -0.8226   2.753167    8.13421     0.1941    13.8155 0.0000e+00  -60.75100  -58.37400 1152666663 193.049355    33.8824       1904          6  0.000e+00
     29.791    -0.8198   2.752521    -0.8220   2.753218    8.13864     0.2263    13.8155 0.0000e+00  -60.75100  -58.37400 1152666663 193.049356    33.8823       1905          6  0.000e+00
     29.781    -0.8193   2.752577    -0.8216   2.753213    8.13381     0.2156    13.8155 0.0000e+00  -60.75100  -58.37400 1152666663 193.049356    33.8825       1906          6  0.000e+00
     29.791    -0.8191   2.752607    -0.8216   2.753247    8.13377     0.2048    13.8155 0.0000e+00  -60.75100  -58.37400 1152666663 193.049357    33.8827       1907          6  0.000e+00
     29.724    -0.8188   2.752577    -0.8216   2.753247    8.13367     0.1833    13.8155 0.0000e+00  -60.75100  -58.37400 1152666663 193.049357    33.8820       1908          6  0.000e+00
     29.791    -0.8188   2.752600    -0.8214   2.753253    8.13373     0.1833    13.8155 0.0000e+00  -60.75100  -58.37400 1152666663 193.049358    33.8822       1909          6  0.000e+00
     29.705    -0.8187   2.752613    -0.8205   2.753282    8.13360     0.1726    13.8155 0.0000e+00  -60.75100  -58.37400 1152666663 193.049358    33.8823       1910          6  0.000e+00
     29.791    -0.8187   2.752594    -0.8202   2.753311    8.13371     0.2048    13.8155 0.0000e+00  -60.75100  -58.37400 1152666663 193.049359    33.8820       1911          6  0.000e+00
     29.724    -0.8190   2.752613    -0.8205   2.753317    8.13367     0.2156    13.8155 0.0000e+00  -60.75100  -58.37400 1152666663 193.049359    33.8827       1912          6  0.000e+00
     29.705    -0.8185   2.752597    -0.8203   2.753311    8.13358     0.2048    13.8155 0.0000e+00  -60.75100  -58.37400 1152666663 193.049360    33.8819       1913          6  0.000e+00
     29.724    -0.8184   2.752571    -0.8204   2.753294    8.13360     0.2371    13.8155 0.0000e+00  -60.75100  -58.37400 1152666663 193.049360    33.8814       1914          6  0.000e+00
     29.581    -0.8187   2.752548    -0.8205   2.753311    8.13351     0.2048    13.8155 0.0000e+00  -60.75100  -58.37400 1152666663 193.049361    33.8815       1915          6  0.000e+00
     29.791    -0.8188   2.752561    -0.8205   2.753317    8.13376     0.2048    13.8155 0.0000e+00  -60.75100  -58.37400 1152666663 193.049361    33.8817       1916          6  0.000e+00
     29.705    -0.8194   2.752567    -0.8210   2.753317    8.13374     0.1941    13.8155 0.0000e+00  -60.75100  -58.37400 1152666663 193.049361    33.8825       1917          6  0.000e+00
     29.648    -0.8191   2.752548    -0.8197   2.753328    8.13366     0.2048    13.8155 0.0000e+00  -60.75100  -58.37400 1152666663 193.049362    33.8820       1918          6  0.000e+00
     29.648    -0.8195   2.752561    -0.8200   2.753317    8.13370     0.2048    13.8155 0.0000e+00  -60.75100  -58.37400 1152666663 193.049362    33.8825       1919          6  0.000e+00
     29.705    -0.8195   2.752548    -0.8205   2.753334    8.13377     0.1833    13.8155 0.0000e+00  -60.75100  -58.37400 1152666663 193.049363    33.8823       1920          6  0.000e+00
     29.648    -0.8188   2.752544    -0.8200   2.753322    8.13361     0.2156    13.8155 0.0000e+00  -60.75100  -58.37400 1152666663 193.049363    33.8816       1921          6  0.000e+00
     29.648    -0.8193   2.752528    -0.8204   2.753311    8.13369     0.2371    13.8155 0.0000e+00  -60.75100  -58.37400 1152666663 193.049364    33.8819       1922          6  0.000e+00
     29.648    -0.8195   2.752554    -0.8206   2.753276    8.13370     0.2156    13.8155 0.0000e+00  -60.75100  -58.37400 1152666663 193.049364    33.8824       1923          6  0.000e+00
     29.638    -0.8193   2.752548    -0.8211   2.753265    8.13367     0.2263    13.8155 0.0000e+00  -60.75100  -58.37400 1152666663 193.049365    33.8821       1924          6  0.000e+00
     29.648    -0.8191   2.752528    -0.8214   2.753224    8.13367     0.1941    13.8155 0.0000e+00  -60.75100  -58.37400 1152666663 193.049365    33.8817       1925          6  0.000e+00
     29.648    -0.8193   2.752538    -0.8213   2.753247    8.13369     0.1941    13.8155 0.0000e+00  -60.75100  -58.37400 1152666663 193.049366    33.8820       1926          6  0.000e+00
     29.581    -0.8196   2.752512    -0.8222   2.753236    8.13368     0.2479    13.8155 0.0000e+00  -60.75100  -58.37400 1152666664 193.049366    33.8820       1927          6  0.000e+00
     29.638    -0.8199   2.752508    -0.8222   2.753236    8.13380     0.2371    13.8155 0.0000e+00  -60.75100  -58.37400 1152666664 193.049367    33.8823       1928          6  0.000e+00
     29.648    -0.8199   2.752502    -0.8213   2.753242    8.13382     0.2048    13.8155 0.0000e+00  -60.75100  -58.37400 1152666664 193.049367    33.8822       1929          6  0.000e+00
     29.581    -0.8198   2.752482    -0.8213   2.753259    8.13374     0.2371    13.8155 0.0000e+00  -60.75100  -58.37400 1152666664 193.049368    33.8819       1930          6  0.000e+00
     29.638    -0.8199   2.752495    -0.8213   2.753276    8.13381     0.2694    13.8155 0.0000e+00  -60.75100  -58.37400 1152666664 193.049368    33.8821       1931          6  0.000e+00
     29.581    -0.8199   2.752466    -0.8210   2.753288    8.13377     0.2479    13.8155 0.0000e+00  -60.75100  -58.37400 1152666664 193.049369    33.8818       1932          6  0.000e+00
     29.648    -0.8204   2.752489    -0.8214   2.753270    8.13390     0.2156    13.8155 0.0000e+00  -60.75100  -58.37400 1152666664 193.049369    33.8826       1933          6  0.000e+00
     29.581    -0.8202   2.752466    -0.8213   2.753282    8.13382     0.2048    13.8155 0.0000e+00  -60.75100  -58.37400 1152666664 193.049370    33.8821       1934          6  0.000e+00
     29.638    -0.8201   2.752489    -0.8214   2.753282    8.13384     0.2371    13.8155 0.0000e+00  -60.75100  -58.37400 1152666664 193.049370    33.8822       1935          6  0.000e+00
     29.581    -0.8201   2.752502    -0.8216   2.753247    8.13376     0.2479    13.8155 0.0000e+00  -60.75100  -58.37400 1152666664 193.049371    33.8824       1936          6  0.000e+00
     29.648    -0.8202   2.752482    -0.8217   2.753242    8.13388     0.2371    13.8155 0.0000e+00  -60.75100  -58.37400 1152666664 193.049371    33.8823       1937          6  0.000e+00
     29.372    -0.8229   2.752269    -0.8236   2.753114    8.13885     0.1833    13.8155 0.0000e+00  -60.75100  -58.37400 1152666670 193.049436    33.8825       2072          7  0.000e+00
     29.372    -0.8228   2.752275    -0.8231   2.753091    8.13883     0.1833    13.8155 0.0000e+00  -60.75100  -58.37400 1152666670 193.049437    33.8825       2073          7  0.000e+00
     29.429    -0.8225   2.752262    -0.8231   2.753097    8.13887     0.2263    13.8155 0.0000e+00  -60.75100  -58.37400 1152666670 193.049437    33.8821       2074          7  0.000e+00
     29.439    -0.8235   2.752275    -0.8228   2.753109    8.13902     0.2371    13.8155 0.0000e+00  -60.75100  -58.37400 1152666670 193.049438    33.8833       2075          7  0.000e+00
     29.439    -0.8225   2.752282    -0.8227   2.753080    8.13886     0.2479    13.8155 0.0000e+00  -60.75100  -58.37400 1152666670 193.049438    33.8823       2076          7  0.000e+00
     29.362    -0.8230   2.752282    -0.8237   2.753074    8.13885     0.2479    13.8155 0.0000e+00  -60.75100  -58.37400 1152666670 193.049439    33.8829       2077          7  0.000e+00
     29.439    -0.8225   2.752282    -0.8231   2.753062    8.13886     0.2156    13.8155 0.0000e+00  -60.75100  -58.37400 1152666670 193.049439    33.8823       2078          7  0.000e+00
     29.439    -0.8230   2.752262    -0.8237   2.753033    8.13895     0.1941    13.8155 0.0000e+00  -60.75100  -58.37400 1152666670 193.049440    33.8826       2079          7  0.000e+00
     29.515    -0.8223   2.752262    -0.8239   2.753028    8.13892     0.1833    13.8155 0.0000e+00  -60.75100  -58.37400 1152666670 193.049440    33.8817       2080          7  0.000e+00
     29.429    -0.8225   2.752275    -0.8237   2.753039    8.13886     0.2048    13.8155 0.0000e+00  -60.75100  -58.37400 1152666670 193.049441    33.8822       2081          7  0.000e+00
     29.515    -0.8221   2.752282    -0.8240   2.753068    8.13888     0.2156    13.8155 0.0000e+00  -60.75100  -58.37400 1152666670 193.049441    33.8818       2082          7  0.000e+00
     29.439    -0.8224   2.752311    -0.8235   2.753080    8.13882     0.2156    13.8155 0.0000e+00  -60.75100  -58.37400 1152666670 193.049442    33.8826       2083          7  0.000e+00
     29.496    -0.8225   2.752324    -0.8233   2.753097    8.13890     0.1941    13.8155 0.0000e+00  -60.75100  -58.37400 1152666670 193.049442    33.8829       2084          7  0.000e+00
     29.515    -0.8223   2.752292    -0.8234   2.753057    8.13890     0.1941    13.8155 0.0000e+00  -60.75100  -58.37400 1152666670 193.049443    33.8821       2085          7  0.000e+00
     29.515    -0.8224   2.752282    -0.8229   2.753068    8.13893     0.2479    13.8155 0.0000e+00  -60.75100  -58.37400 1152666670 193.049443    33.8821       2086          7  0.000e+00
     29.582    -0.8223   2.752311    -0.8232   2.753062    8.13896     0.2263    13.8155 0.0000e+00  -60.75100  -58.37400 1152666670 193.049443    33.8823       2087          7  0.000e+00
     29.496    -0.8225   2.752305    -0.8233   2.753074    8.13891     0.2048    13.8155 0.0000e+00  -60.75100  -58.37400 1152666670 193.049444    33.8826       2088          7  0.000e+00
     29.582    -0.8219   2.752318    -0.8232   2.753080    8.13889     0.1726    13.8155 0.0000e+00  -60.75100  -58.37400 1152666670 193.049444    33.8819       2089          7  0.000e+00
     29.515    -0.8225   2.752305    -0.8231   2.753091    8.13893     0.1833    13.8155 0.0000e+00  -60.75100  -58.37400 1152666670 193.049445    33.8826       2090          7  0.000e+00
     29.582    -0.8227   2.752301    -0.8228   2.753080    8.13904     0.1618    13.8155 0.0000e+00  -60.75100  -58.37400 1152666670 193.049445    33.8827       2091          7  0.000e+00
     29.639    -0.8225   2.752318    -0.8230   2.753097    8.13906     0.1510    13.8155 0.0000e+00  -60.75100  -58.37400 1152666670 193.049446    33.8827       2092          7  0.000e+00
     29.582    -0.8233   2.752292    -0.8229   2.753086    8.13914     0.1941    13.8155 0.0000e+00  -60.75100  -58.37400 1152666670 193.049446    33.8832       2093          7  0.000e+00
     29.582    -0.8227   2.752269    -0.8232   2.753091    8.13906     0.2263    13.8155 0.0000e+00  -60.75100  -58.37400 1152666670 193.049447    33.8822       2094          7  0.000e+00
     29.639    -0.8229   2.752275    -0.8231   2.753080    8.13915     0.2048    13.8155 0.0000e+00  -60.75100  -58.37400 1152666671 193.049447    33.8825       2095          7  0.000e+00
     29.648    -0.8229   2.752282    -0.8233   2.753080    8.13915     0.1941    13.8155 0.0000e+00  -60.75100  -58.37400 1152666671 193.049448    33.8825       2096          7  0.000e+00
     29.648    -0.8230   2.752282    -0.8235   2.753062    8.13918     0.2156    13.8155 0.0000e+00  -60.75100  -58.37400 1152666671 193.049448    33.8827       2097          7  0.000e+00
     29.648    -0.8232   2.752282    -0.8234   2.753074    8.13920     0.2263    13.8155 0.0000e+00  -60.75100  -58.37400 1152666671 193.049449    33.8829       2098          7  0.000e+00
     29.639    -0.8229   2.752282    -0.8234   2.753091    8.13914     0.2048    13.8155 0.0000e+00  -60.75100  -58.37400 1152666671 193.049449    33.8826       2099          7  0.000e+00
     29.725    -0.8230   2.752282    -0.8235   2.753062    8.13926     0.2156    13.8155 0.0000e+00  -60.75100  -58.37400 1152666671 193.049450    33.8827       2100          7  0.000e+00
     29.648    -0.8229   2.752295    -0.8239   2.753074    8.13914     0.1833    13.8155 0.0000e+00  -60.75100  -58.37400 1152666671 193.049450    33.8827       2101          7  0.000e+00
     29.706    -0.8230   2.752269    -0.8234   2.753062    8.13925     0.1833    13.8155 0.0000e+00  -60.75100  -58.37400 1152666671 193.049451    33.8825       2102          7  0.000e+00
     29.725    -0.8230   2.752275    -0.8239   2.753045    8.13927     0.2156    13.8155 0.0000e+00  -60.75100  -58.37400 1152666671 193.049451    33.8826       2103          7  0.000e+00
     29.725    -0.8225   2.752295    -0.8239   2.753028    8.13918     0.2048    13.8155 0.0000e+00  -60.75100  -58.37400 1152666671 193.049452    33.8823       2104          7  0.000e+00
     29.791    -0.8228   2.752285    -0.8245   2.753028    8.13930     0.2156    13.8155 0.0000e+00  -60.75100  -58.37400 1152666671 193.049452    33.8824       2105          7  0.000e+00
     29.706    -0.8229   2.752282    -0.8245   2.752987    8.13922     0.2371    13.8155 0.0000e+00  -60.75100  -58.37400 1152666671 193.049453    33.8825       2106          7  0.000e+00
     29.791    -0.8230   2.752269    -0.8247   2.753034    8.13935     0.2048    13.8155 0.0000e+00  -60.75100  -58.37400 1152666671 193.049453    33.8824       2107          7  0.000e+00
     29.792    -0.8229   2.752292    -0.8245   2.753005    8.13931     0.1833    13.8155 0.0000e+00  -60.75100  -58.37400 1152666671 193.049454    33.8826       2108          7  0.000e+00
     29.792    -0.8233   2.752269    -0.8242   2.753016    8.13940     0.1941    13.8155 0.0000e+00  -60.75100  -58.37400 1152666671 193.049454    33.8828       2109          7  0.000e+00
     29.782    -0.8233   2.752239    -0.8242   2.753028    8.13941     0.2048    13.8155 0.0000e+00  -60.75100  -58.37400 1152666671 193.049455    33.8824       2110          7  0.000e+00
     29.792    -0.8236   2.752187    -0.8238   2.753062    8.13951     0.2263    13.8155 0.0000e+00  -60.75100  -58.37400 1152666671 193.049455    33.8820       2111          7  0.000e+00
     29.858    -0.8236   2.752170    -0.8234   2.753051    8.13960     0.1941    13.8155 0.0000e+00  -60.75100  -58.37400 1152666671 193.049456    33.8818       2112          7  0.000e+00
     29.849    -0.8240   2.752187    -0.8237   2.753028    8.13963     0.1618    13.8155 0.0000e+00  -60.75100  -58.37400 1152666671 193.049456    33.8824       2113          7  0.000e+00
     29.792    -0.8233   2.752206    -0.8235   2.753028    8.13945     0.1833    13.8155 0.0000e+00  -60.75100  -58.37400 1152666671 193.049457    33.8820       2114          7  0.000e+00
     29.858    -0.8236   2.752213    -0.8238   2.753028    8.13957     0.1726    13.8155 0.0000e+00  -60.75100  -58.37400 1152666671 193.049457    33.8824       2115          7  0.000e+00
     29.858    -0.8238   2.752180    -0.8239   2.753028    8.13962     0.1618    13.8155 0.0000e+00  -60.75100  -58.37400 1152666671 193.049457    33.8821       2116          7  0.000e+00
     29.925    -0.8246   2.752134    -0.8235   2.753063    8.13985     0.1618    13.8155 0.0000e+00  -60.75100  -58.37400 1152666671 193.049458    33.8823       2117          7  0.000e+00
