product_data/regression_test/downloaded_data/MGDS/320620060703/ctd/p6608701.cnv
* Sea-Bird SBE 9 Data File:
* FileName = D:\Data\Raw\P6608701.dat
* Software Version Seasave Win32 V 5.32
* Temperature SN = 1649
* Conductivity SN = 1431
* Number of Bytes Per Scan = 37
* Number of Voltage Words = 5
* Number of Scans Averaged by the Deck Unit = 1
* NMEA Latitude = 61 33.29 S
* NMEA Longitude = 057 46.12 W
* NMEA UTC (Time) = 07:05:52
** Ship:   Nathaniel B. Palmer 
** Cruise:    NBP0603 p0606
** Cast #: 01
** Station:   87
** Operator: rdd
# nquan = 15
# nvalues = 390                         
# units = specified
# name 0 = prDM: Pressure, Digiquartz [db]
# name 1 = t090C: Temperature [ITS-90, deg C]
# name 2 = c0S/m: Conductivity [S/m]
# name 3 = t190C: Temperature, 2 [ITS-90, deg C]
# name 4 = c1S/m: Conductivity, 2 [S/m]
# name 5 = sbeox0ML/L: Oxygen, SBE 43 [ml/l]
# name 6 = flECO-AFL: Fluorescence, Wetlab ECO-AFL/FL [mg/m^3]
# name 7 = bat: Beam Attenuation, Chelsea/Seatech/Wetlab CStar [1/m]
# name 8 = spar: SPAR/Surface Irradiance
# name 9 = latitude: Latitude [deg]
# name 10 = longitude: Longitude [deg]
# name 11 = timeY: Time, System [seconds]
# name 12 = timeJ: Julian Days
# name 13 = sal00: Salinity [PSU]
# name 14 = flag: flag
# span 0 =      6.000,    395.000       
# span 1 =    -0.7925,     0.6071       
# span 2 =   2.773553,   2.943927       
# span 3 =    -0.7931,     0.6083       
# span 4 =   2.774216,   2.944185       
# span 5 =    5.42636,    7.76506       
# span 6 =    -0.0884,     0.3540       
# span 7 =    13.8155,    13.8155       
# span 8 = 0.0000e+00, 0.0000e+00       
# span 9 =  -61.55483,  -61.55483       
# span 10 =  -57.76867,  -57.76867      
# span 11 = 1152515159, 1152515953      
# span 12 = 191.295810, 191.305028      
# span 13 =    34.1384,    34.6054      
# span 14 = 0.0000e+00, 0.0000e+00      
# interval = decibars: 1                
# start_time = Jul 10 2006 07:05:59
# bad_flag = -9.990e-29
*END*
[from data line 290]
    296.000     0.5539   2.932847     0.5545   2.933004    5.52285    -0.0593    13.8155 0.0000e+00  -61.55483  -57.76867 1152515763 191.302823    34.5786 0.0000e+00
    297.000     0.5540   2.932910     0.5551   2.933124    5.52071    -0.0684    13.8155 0.0000e+00  -61.55483  -57.76867 1152515764 191.302834    34.5789 0.0000e+00
    298.000     0.5617   2.933907     0.5628   2.934088    5.51751    -0.0559    13.8155 0.0000e+00  -61.55483  -57.76867 1152515764 191.302843    34.5826 0.0000e+00
    299.000     0.5647   2.934279     0.5660   2.934512    5.51446    -0.0696    13.8155 0.0000e+00  -61.55483  -57.76867 1152515765 191.302853    34.5833 0.0000e+00
    300.000     0.5656   2.934418     0.5671   2.934671    5.51049    -0.0526    13.8155 0.0000e+00  -61.55483  -57.76867 1152515766 191.302867    34.5835 0.0000e+00
    301.000     0.5663   2.934539     0.5679   2.934816    5.50049    -0.0632    13.8155 0.0000e+00  -61.55483  -57.76867 1152515770 191.302907    34.5839 0.0000e+00
    302.000     0.5697   2.934937     0.5704   2.935135    5.49661    -0.0653    13.8155 0.0000e+00  -61.55483  -57.76867 1152515772 191.302937    34.5847 0.0000e+00
    303.000     0.5716   2.935270     0.5726   2.935507    5.49581    -0.0563    13.8155 0.0000e+00  -61.55483  -57.76867 1152515774 191.302957    34.5863 0.0000e+00
    304.000     0.5722   2.935459     0.5731   2.935673    5.49536    -0.0561    13.8155 0.0000e+00  -61.55483  -57.76867 1152515776 191.302976    34.5876 0.0000e+00
    305.000     0.5719   2.935487     0.5730   2.935709    5.49337    -0.0673    13.8155 0.0000e+00  -61.55483  -57.76867 1152515777 191.302989    34.5877 0.0000e+00
    306.000     0.5717   2.935502     0.5727   2.935734    5.49212    -0.0581    13.8155 0.0000e+00  -61.55483  -57.76867 1152515778 191.303000    34.5876 0.0000e+00
    307.000     0.5719   2.935575     0.5731   2.935796    5.49205    -0.0645    13.8155 0.0000e+00  -61.55483  -57.76867 1152515779 191.303010    34.5877 0.0000e+00
    308.000     0.5722   2.935655     0.5733   2.935871    5.49245    -0.0567    13.8155 0.0000e+00  -61.55483  -57.76867 1152515780 191.303029    34.5878 0.0000e+00
    309.000     0.5737   2.935894     0.5751   2.936139    5.49354    -0.0605    13.8155 0.0000e+00  -61.55483  -57.76867 1152515785 191.303086    34.5888 0.0000e+00
    310.000     0.5748   2.936041     0.5761   2.936304    5.48998    -0.0609    13.8155 0.0000e+00  -61.55483  -57.76867 1152515786 191.303094    34.5888 0.0000e+00
    311.000     0.5770   2.936333     0.5778   2.936528    5.48595    -0.0829    13.8155 0.0000e+00  -61.55483  -57.76867 1152515787 191.303102    34.5896 0.0000e+00
    312.000     0.5781   2.936477     0.5790   2.936692    5.48426    -0.0484    13.8155 0.0000e+00  -61.55483  -57.76867 1152515787 191.303110    34.5896 0.0000e+00
    313.000     0.5779   2.936516     0.5785   2.936678    5.48440    -0.0576    13.8155 0.0000e+00  -61.55483  -57.76867 1152515790 191.303134    34.5897 0.0000e+00
    314.000     0.5775   2.936511     0.5784   2.936733    5.48752    -0.0732    13.8155 0.0000e+00  -61.55483  -57.76867 1152515794 191.303184    34.5896 0.0000e+00
    315.000     0.5777   2.936570     0.5785   2.936777    5.48579    -0.0540    13.8155 0.0000e+00  -61.55483  -57.76867 1152515795 191.303194    34.5896 0.0000e+00
    316.000     0.5785   2.936713     0.5794   2.936928    5.48559    -0.0686    13.8155 0.0000e+00  -61.55483  -57.76867 1152515796 191.303205    34.5900 0.0000e+00
    317.000     0.5787   2.936767     0.5793   2.936956    5.48269    -0.0660    13.8155 0.0000e+00  -61.55483  -57.76867 1152515797 191.303217    34.5899 0.0000e+00
    318.000     0.5817   2.937147     0.5835   2.937464    5.47931    -0.0738    13.8155 0.0000e+00  -61.55483  -57.76867 1152515798 191.303230    34.5909 0.0000e+00
    319.000     0.5859   2.937643     0.5869   2.937872    5.47627    -0.0596    13.8155 0.0000e+00  -61.55483  -57.76867 1152515799 191.303244    34.5918 0.0000e+00
    320.000     0.5860   2.937716     0.5870   2.937937    5.47644    -0.0671    13.8155 0.0000e+00  -61.55483  -57.76867 1152515803 191.303288    34.5922 0.0000e+00
    321.000     0.5857   2.937744     0.5868   2.937971    5.47921    -0.0518    13.8155 0.0000e+00  -61.55483  -57.76867 1152515806 191.303329    34.5923 0.0000e+00
    322.000     0.5861   2.937803     0.5868   2.938023    5.47919    -0.0566    13.8155 0.0000e+00  -61.55483  -57.76867 1152515807 191.303337    34.5921 0.0000e+00
    323.000     0.5858   2.937805     0.5864   2.938035    5.47888    -0.0825    13.8155 0.0000e+00  -61.55483  -57.76867 1152515808 191.303344    34.5919 0.0000e+00
    324.000     0.5852   2.937800     0.5857   2.938022    5.47796    -0.0493    13.8155 0.0000e+00  -61.55483  -57.76867 1152515808 191.303352    34.5919 0.0000e+00
    325.000     0.5842   2.937767     0.5850   2.937982    5.47627    -0.0580    13.8155 0.0000e+00  -61.55483  -57.76867 1152515810 191.303375    34.5921 0.0000e+00
    326.000     0.5845   2.937856     0.5855   2.938094    5.47672    -0.0696    13.8155 0.0000e+00  -61.55483  -57.76867 1152515814 191.303421    34.5923 0.0000e+00
    327.000     0.5855   2.938021     0.5863   2.938222    5.47270    -0.0641    13.8155 0.0000e+00  -61.55483  -57.76867 1152515815 191.303432    34.5927 0.0000e+00
    328.000     0.5870   2.938229     0.5879   2.938439    5.47247    -0.0633    13.8155 0.0000e+00  -61.55483  -57.76867 1152515816 191.303442    34.5931 0.0000e+00
    329.000     0.5872   2.938275     0.5881   2.938500    5.47201    -0.0757    13.8155 0.0000e+00  -61.55483  -57.76867 1152515817 191.303455    34.5929 0.0000e+00
    330.000     0.5879   2.938440     0.5888   2.938644    5.47025    -0.0643    13.8155 0.0000e+00  -61.55483  -57.76867 1152515822 191.303508    34.5937 0.0000e+00
    331.000     0.5942   2.939141     0.5954   2.939396    5.46939    -0.0745    13.8155 0.0000e+00  -61.55483  -57.76867 1152515823 191.303526    34.5950 0.0000e+00
    332.000     0.5958   2.939355     0.5966   2.939563    5.46729    -0.0699    13.8155 0.0000e+00  -61.55483  -57.76867 1152515824 191.303535    34.5954 0.0000e+00
    333.000     0.5966   2.939483     0.5973   2.939694    5.46534    -0.0722    13.8155 0.0000e+00  -61.55483  -57.76867 1152515825 191.303543    34.5956 0.0000e+00
    334.000     0.5996   2.939811     0.5989   2.939897    5.46163    -0.0666    13.8155 0.0000e+00  -61.55483  -57.76867 1152515825 191.303550    34.5959 0.0000e+00
    335.000     0.5996   2.939875     0.6001   2.940059    5.45968    -0.0766    13.8155 0.0000e+00  -61.55483  -57.76867 1152515826 191.303561    34.5961 0.0000e+00
    336.000     0.5991   2.939870     0.6003   2.940104    5.46246    -0.0612    13.8155 0.0000e+00  -61.55483  -57.76867 1152515831 191.303618    34.5961 0.0000e+00
    337.000     0.5992   2.939856     0.6003   2.940126    5.46166    -0.0578    13.8155 0.0000e+00  -61.55483  -57.76867 1152515834 191.303653    34.5953 0.0000e+00
    338.000     0.5994   2.939930     0.6002   2.940183    5.45983    -0.0859    13.8155 0.0000e+00  -61.55483  -57.76867 1152515835 191.303660    34.5955 0.0000e+00
    339.000     0.6010   2.940106     0.6013   2.940328    5.45854    -0.0591    13.8155 0.0000e+00  -61.55483  -57.76867 1152515836 191.303668    34.5954 0.0000e+00
    340.000     0.6013   2.940191     0.6014   2.940399    5.45724    -0.0597    13.8155 0.0000e+00  -61.55483  -57.76867 1152515836 191.303674    34.5956 0.0000e+00
    341.000     0.6016   2.940287     0.6020   2.940501    5.45609    -0.0760    13.8155 0.0000e+00  -61.55483  -57.76867 1152515837 191.303681    34.5959 0.0000e+00
    342.000     0.6013   2.940316     0.6021   2.940545    5.45720    -0.0692    13.8155 0.0000e+00  -61.55483  -57.76867 1152515842 191.303741    34.5961 0.0000e+00
    343.000     0.6014   2.940383     0.6024   2.940637    5.45533    -0.0776    13.8155 0.0000e+00  -61.55483  -57.76867 1152515844 191.303766    34.5962 0.0000e+00
    344.000     0.6013   2.940426     0.6018   2.940630    5.45500    -0.0752    13.8155 0.0000e+00  -61.55483  -57.76867 1152515845 191.303776    34.5963 0.0000e+00
    345.000     0.6016   2.940496     0.6011   2.940596    5.45488    -0.0672    13.8155 0.0000e+00  -61.55483  -57.76867 1152515846 191.303787    34.5958 0.0000e+00
    346.000     0.6015   2.940525     0.6020   2.940729    5.45460    -0.0777    13.8155 0.0000e+00  -61.55483  -57.76867 1152515847 191.303803    34.5962 0.0000e+00
    347.000     0.6017   2.940615     0.6026   2.940841    5.45356    -0.0673    13.8155 0.0000e+00  -61.55483  -57.76867 1152515850 191.303835    34.5966 0.0000e+00
    348.000     0.6027   2.940754     0.6033   2.940958    5.44937    -0.0713    13.8155 0.0000e+00  -61.55483  -57.76867 1152515853 191.303863    34.5966 0.0000e+00
    349.000     0.6030   2.940811     0.6037   2.941049    5.45312    -0.0727    13.8155 0.0000e+00  -61.55483  -57.76867 1152515855 191.303887    34.5966 0.0000e+00
    350.000     0.6031   2.940886     0.6038   2.941106    5.45347    -0.0636    13.8155 0.0000e+00  -61.55483  -57.76867 1152515856 191.303908    34.5968 0.0000e+00
    351.000     0.6033   2.940963     0.6042   2.941208    5.45257    -0.0654    13.8155 0.0000e+00  -61.55483  -57.76867 1152515857 191.303921    34.5970 0.0000e+00
    352.000     0.6032   2.940992     0.6041   2.941235    5.45049    -0.0547    13.8155 0.0000e+00  -61.55483  -57.76867 1152515858 191.303931    34.5969 0.0000e+00
    353.000     0.6030   2.941051     0.6040   2.941301    5.45060    -0.0617    13.8155 0.0000e+00  -61.55483  -57.76867 1152515859 191.303940    34.5973 0.0000e+00
    354.000     0.6033   2.941143     0.6042   2.941368    5.45093    -0.0638    13.8155 0.0000e+00  -61.55483  -57.76867 1152515861 191.303966    34.5976 0.0000e+00
    355.000     0.6035   2.941214     0.6042   2.941454    5.44782    -0.0828    13.8155 0.0000e+00  -61.55483  -57.76867 1152515865 191.304006    34.5977 0.0000e+00
    356.000     0.6037   2.941317     0.6043   2.941529    5.44448    -0.0698    13.8155 0.0000e+00  -61.55483  -57.76867 1152515866 191.304022    34.5982 0.0000e+00
    357.000     0.6036   2.941362     0.6043   2.941593    5.44672    -0.0734    13.8155 0.0000e+00  -61.55483  -57.76867 1152515868 191.304043    34.5984 0.0000e+00
    358.000     0.6044   2.941490     0.6050   2.941714    5.45142    -0.0787    13.8155 0.0000e+00  -61.55483  -57.76867 1152515870 191.304064    34.5986 0.0000e+00
    359.000     0.6045   2.941543     0.6050   2.941766    5.45150    -0.0624    13.8155 0.0000e+00  -61.55483  -57.76867 1152515871 191.304079    34.5986 0.0000e+00
    360.000     0.6047   2.941603     0.6054   2.941829    5.45010    -0.0747    13.8155 0.0000e+00  -61.55483  -57.76867 1152515872 191.304091    34.5985 0.0000e+00
    361.000     0.6042   2.941597     0.6051   2.941832    5.44889    -0.0688    13.8155 0.0000e+00  -61.55483  -57.76867 1152515873 191.304103    34.5987 0.0000e+00
    362.000     0.6029   2.941548     0.6036   2.941766    5.44762    -0.0753    13.8155 0.0000e+00  -61.55483  -57.76867 1152515875 191.304122    34.5986 0.0000e+00
    363.000     0.5994   2.941303     0.6003   2.941554    5.44482    -0.0741    13.8155 0.0000e+00  -61.55483  -57.76867 1152515878 191.304154    34.5988 0.0000e+00
    364.000     0.5975   2.941228     0.5988   2.941503    5.44597    -0.0768    13.8155 0.0000e+00  -61.55483  -57.76867 1152515880 191.304183    34.5995 0.0000e+00
    365.000     0.5987   2.941477     0.5991   2.941648    5.44515    -0.0663    13.8155 0.0000e+00  -61.55483  -57.76867 1152515882 191.304204    34.6007 0.0000e+00
    366.000     0.5990   2.941741     0.5993   2.941911    5.44137    -0.0690    13.8155 0.0000e+00  -61.55483  -57.76867 1152515883 191.304221    34.6031 0.0000e+00
    367.000     0.5998   2.941896     0.5997   2.942019    5.43980    -0.0728    13.8155 0.0000e+00  -61.55483  -57.76867 1152515885 191.304236    34.6037 0.0000e+00
    368.000     0.5994   2.941882     0.6007   2.942189    5.44090    -0.0699    13.8155 0.0000e+00  -61.55483  -57.76867 1152515886 191.304251    34.6033 0.0000e+00
    369.000     0.5963   2.941535     0.5971   2.941775    5.44122    -0.0795    13.8155 0.0000e+00  -61.55483  -57.76867 1152515887 191.304266    34.6017 0.0000e+00
    370.000     0.5971   2.941627     0.5974   2.941797    5.44015    -0.0860    13.8155 0.0000e+00  -61.55483  -57.76867 1152515888 191.304280    34.6015 0.0000e+00
    371.000     0.5967   2.941738     0.5973   2.941947    5.44021    -0.0597    13.8155 0.0000e+00  -61.55483  -57.76867 1152515890 191.304292    34.6028 0.0000e+00
    372.000     0.5967   2.941801     0.5974   2.942029    5.44328    -0.0710    13.8155 0.0000e+00  -61.55483  -57.76867 1152515894 191.304339    34.6029 0.0000e+00
    373.000     0.5968   2.941841     0.5975   2.942070    5.44434    -0.0828    13.8155 0.0000e+00  -61.55483  -57.76867 1152515896 191.304367    34.6028 0.0000e+00
    374.000     0.5965   2.941811     0.5972   2.942075    5.44368    -0.0857    13.8155 0.0000e+00  -61.55483  -57.76867 1152515897 191.304375    34.6022 0.0000e+00
    375.000     0.5955   2.941744     0.5962   2.941994    5.44360    -0.0850    13.8155 0.0000e+00  -61.55483  -57.76867 1152515897 191.304383    34.6018 0.0000e+00
    376.000     0.5958   2.941833     0.5963   2.942036    5.44073    -0.0709    13.8155 0.0000e+00  -61.55483  -57.76867 1152515898 191.304391    34.6021 0.0000e+00
    377.000     0.5950   2.941776     0.5957   2.941982    5.44295    -0.0622    13.8155 0.0000e+00  -61.55483  -57.76867 1152515900 191.304416    34.6016 0.0000e+00
    378.000     0.5955   2.941890     0.5961   2.942106    5.44661    -0.0805    13.8155 0.0000e+00  -61.55483  -57.76867 1152515905 191.304469    34.6020 0.0000e+00
    379.000     0.5972   2.942136     0.5977   2.942364    5.44295    -0.0709    13.8155 0.0000e+00  -61.55483  -57.76867 1152515906 191.304477    34.6026 0.0000e+00
    380.000     0.5984   2.942313     0.5986   2.942535    5.44225    -0.0552    13.8155 0.0000e+00  -61.55483  -57.76867 1152515906 191.304484    34.6029 0.0000e+00
    381.000     0.5986   2.942380     0.5991   2.942635    5.44047    -0.0752    13.8155 0.0000e+00  -61.55483  -57.76867 1152515907 191.304491    34.6032 0.0000e+00
    382.000     0.6005   2.942618     0.6014   2.942896    5.44108    -0.0682    13.8155 0.0000e+00  -61.55483  -57.76867 1152515910 191.304524    34.6034 0.0000e+00
    383.000     0.6033   2.942976     0.6038   2.943190    5.43895    -0.0884    13.8155 0.0000e+00  -61.55483  -57.76867 1152515914 191.304570    34.6043 0.0000e+00
    384.000     0.6036   2.943048     0.6042   2.943270    5.43450    -0.0798    13.8155 0.0000e+00  -61.55483  -57.76867 1152515914 191.304580    34.6042 0.0000e+00
    385.000     0.6036   2.943091     0.6044   2.943321    5.43354    -0.0680    13.8155 0.0000e+00  -61.55483  -57.76867 1152515915 191.304592    34.6042 0.0000e+00
    386.000     0.6025   2.943008     0.6029   2.943223    5.43505    -0.0692    13.8155 0.0000e+00  -61.55483  -57.76867 1152515922 191.304667    34.6039 0.0000e+00
    387.000     0.6026   2.943063     0.6028   2.943243    5.43499    -0.0733    13.8155 0.0000e+00  -61.55483  -57.76867 1152515923 191.304682    34.6039 0.0000e+00
    388.000     0.6027   2.943147     0.6038   2.943407    5.43371    -0.0765    13.8155 0.0000e+00  -61.55483  -57.76867 1152515927 191.304721    34.6044 0.0000e+00
    389.000     0.6033   2.943237     0.6040   2.943478    5.42961    -0.0801    13.8155 0.0000e+00  -61.55483  -57.76867 1152515932 191.304784    34.6044 0.0000e+00
    390.000     0.6040   2.943355     0.6044   2.943552    5.42957    -0.0795    13.8155 0.0000e+00  -61.55483  -57.76867 1152515933 191.304791    34.6044 0.0000e+00
