product_data/regression_test/downloaded_data/MGDS/320620060703/ctd/p6607301.ros
* Sea-Bird SBE 9 Data File:
* FileName = D:\Data\Raw\p6607301.dat
* Software Version Seasave Win32 V 5.32
* Temperature SN = 1649
* Conductivity SN = 1431
* Number of Bytes Per Scan = 37
* Number of Voltage Words = 5
* Number of Scans Averaged by the Deck Unit = 1
* NMEA Latitude = 62 13.82 S
* NMEA Longitude = 058 07.00 W
* NMEA UTC (Time) = 06:24:58
** Ship:   Nathaniel B. Palmer 
** Cruise:    NBP0606 
# nquan = 17
# nvalues = 1176                    
# units = specified
# name 0 = prDM: Pressure, Digiquartz [db]
# name 1 = t090C: Temperature [ITS-90, deg C]
# name 2 = c0S/m: Conductivity [S/m]
# name 3 = t190C: Temperature, 2 [ITS-90, deg C]
# name 4 = c1S/m: Conductivity, 2 [S/m]
# name 5 = sbeox0ML/L: Oxygen, SBE 43 [ml/l]
# name 6 = flECO-AFL: Fluorescence, Wetlab ECO-AFL/FL [mg/m^3]
# name 7 = bat: Beam Attenuation, Chelsea/Seatech/Wetlab CStar [1/m]
# name 8 = spar: SPAR/Surface Irradiance
# name 9 = latitude: Latitude [deg]
# name 10 = longitude: Longitude [deg]
# name 11 = timeY: Time, System [seconds]
# name 12 = timeJ: Julian Days
# name 13 = sal00: Salinity [PSU]
# name 14 = scan: scan number
# name 15 = nbf: number of bottles fired
# name 16 = flag:  0.000e+00
# interval = seconds: 0.0416667                   
# start_time = Jul 08 2006 06:25:06
*END*
    801.378    -0.5472   2.858154    -0.5468   2.858128    6.33418    -0.1502    13.8155 0.0000e+00  -62.23033  -58.11667 1152341280 189.283355    34.5321      33021          1  0.000e+00
    801.233    -0.5476   2.858174    -0.5470   2.858134    6.33409    -0.1287    13.8155 0.0000e+00  -62.23033  -58.11667 1152341280 189.283355    34.5329      33022          1  0.000e+00
    801.310    -0.5472   2.858181    -0.5472   2.858122    6.33411    -0.1072    13.8155 0.0000e+00  -62.23033  -58.11667 1152341280 189.283356    34.5326      33023          1  0.000e+00
    801.214    -0.5470   2.858194    -0.5475   2.858075    6.33399    -0.1180    13.8155 0.0000e+00  -62.23033  -58.11667 1152341280 189.283356    34.5325      33024          1  0.000e+00
    801.378    -0.5474   2.858151    -0.5476   2.858040    6.33421    -0.0857    13.8155 0.0000e+00  -62.23033  -58.11667 1152341280 189.283356    34.5323      33025          1  0.000e+00
    801.378    -0.5467   2.858221    -0.5482   2.858093    6.33408    -0.1072    13.8155 0.0000e+00  -62.23033  -58.11667 1152341280 189.283357    34.5325      33026          1  0.000e+00
    801.378    -0.5469   2.858251    -0.5479   2.858063    6.33409    -0.0534    13.8155 0.0000e+00  -62.23033  -58.11667 1152341280 189.283357    34.5331      33027          1  0.000e+00
    801.310    -0.5468   2.858251    -0.5479   2.858034    6.33401    -0.0964    13.8155 0.0000e+00  -62.23033  -58.11667 1152341280 189.283358    34.5330      33028          1  0.000e+00
    801.281    -0.5472   2.858231    -0.5482   2.858034    6.33405    -0.0857    13.8155 0.0000e+00  -62.23033  -58.11667 1152341280 189.283358    34.5332      33029          1  0.000e+00
    801.378    -0.5471   2.858191    -0.5481   2.858052    6.33414    -0.0857    13.8155 0.0000e+00  -62.23033  -58.11667 1152341280 189.283359    34.5325      33030          1  0.000e+00
    801.310    -0.5469   2.858181    -0.5479   2.858040    6.32892    -0.0426    13.8155 0.0000e+00  -62.23033  -58.11667 1152341280 189.283359    34.5322      33031          1  0.000e+00
    801.378    -0.5470   2.858194    -0.5479   2.858034    6.33413    -0.0534    13.8155 0.0000e+00  -62.23033  -58.11667 1152341280 189.283360    34.5324      33032          1  0.000e+00
    801.378    -0.5471   2.858221    -0.5487   2.858017    6.33413    -0.0642    13.8155 0.0000e+00  -62.23033  -58.11667 1152341280 189.283360    34.5329      33033          1  0.000e+00
    801.358    -0.5472   2.858158    -0.5486   2.858028    6.33416    -0.0749    13.8155 0.0000e+00  -62.23033  -58.11667 1152341280 189.283361    34.5321      33034          1  0.000e+00
    801.378    -0.5472   2.858154    -0.5481   2.858052    6.33419    -0.1072    13.8155 0.0000e+00  -62.23033  -58.11667 1152341280 189.283361    34.5322      33035          1  0.000e+00
    801.378    -0.5474   2.858174    -0.5482   2.858040    6.33419    -0.1287    13.8155 0.0000e+00  -62.23033  -58.11667 1152341280 189.283362    34.5326      33036          1  0.000e+00
    801.378    -0.5475   2.858148    -0.5483   2.858034    6.33422    -0.1395    13.8155 0.0000e+00  -62.23033  -58.11667 1152341280 189.283362    34.5323      33037          1  0.000e+00
    801.426    -0.5476   2.858138    -0.5478   2.858069    6.33428    -0.1502    13.8155 0.0000e+00  -62.23033  -58.11667 1152341281 189.283363    34.5323      33038          1  0.000e+00
    801.378    -0.5474   2.858138    -0.5477   2.858046    6.33422    -0.1180    13.8155 0.0000e+00  -62.23033  -58.11667 1152341281 189.283363    34.5321      33039          1  0.000e+00
    801.445    -0.5475   2.858168    -0.5475   2.858058    6.33427    -0.0749    13.8155 0.0000e+00  -62.23033  -58.11667 1152341281 189.283364    34.5326      33040          1  0.000e+00
    801.378    -0.5472   2.858161    -0.5478   2.858063    6.33418    -0.0642    13.8155 0.0000e+00  -62.23033  -58.11667 1152341281 189.283364    34.5323      33041          1  0.000e+00
    801.445    -0.5468   2.858191    -0.5471   2.858099    6.33417    -0.0857    13.8155 0.0000e+00  -62.23033  -58.11667 1152341281 189.283365    34.5322      33042          1  0.000e+00
    801.426    -0.5471   2.858184    -0.5473   2.858093    6.33419    -0.0749    13.8155 0.0000e+00  -62.23033  -58.11667 1152341281 189.283365    34.5324      33043          1  0.000e+00
    801.445    -0.5469   2.858181    -0.5474   2.858087    6.33419    -0.0964    13.8155 0.0000e+00  -62.23033  -58.11667 1152341281 189.283366    34.5321      33044          1  0.000e+00
    801.445    -0.5473   2.858198    -0.5468   2.858122    6.33423    -0.0964    13.8155 0.0000e+00  -62.23033  -58.11667 1152341281 189.283366    34.5328      33045          1  0.000e+00
    801.522    -0.5476   2.858171    -0.5470   2.858128    6.33435    -0.0857    13.8155 0.0000e+00  -62.23033  -58.11667 1152341281 189.283367    34.5327      33046          1  0.000e+00
    801.445    -0.5469   2.858161    -0.5479   2.858116    6.33420    -0.0642    13.8155 0.0000e+00  -62.23033  -58.11667 1152341281 189.283367    34.5319      33047          1  0.000e+00
    801.493    -0.5479   2.858124    -0.5475   2.858075    6.33440    -0.0964    13.8155 0.0000e+00  -62.23033  -58.11667 1152341281 189.283368    34.5325      33048          1  0.000e+00
    801.445    -0.5488   2.858057    -0.5486   2.857976    6.33451    -0.0964    13.8155 0.0000e+00  -62.23033  -58.11667 1152341281 189.283368    34.5326      33049          1  0.000e+00
    801.522    -0.5492   2.858011    -0.5499   2.857935    6.33465    -0.1180    13.8155 0.0000e+00  -62.23033  -58.11667 1152341281 189.283369    34.5324      33050          1  0.000e+00
    801.522    -0.5494   2.857981    -0.5498   2.857882    6.33470    -0.0964    13.8155 0.0000e+00  -62.23033  -58.11667 1152341281 189.283369    34.5322      33051          1  0.000e+00
    801.522    -0.5500   2.858007    -0.5497   2.857870    6.33476    -0.0642    13.8155 0.0000e+00  -62.23033  -58.11667 1152341281 189.283370    34.5333      33052          1  0.000e+00
    801.493    -0.5493   2.857987    -0.5497   2.857876    6.33466    -0.0964    13.8155 0.0000e+00  -62.23033  -58.11667 1152341281 189.283370    34.5322      33053          1  0.000e+00
    801.522    -0.5500   2.857994    -0.5493   2.857894    6.33477    -0.0749    13.8155 0.0000e+00  -62.23033  -58.11667 1152341281 189.283370    34.5331      33054          1  0.000e+00
    801.522    -0.5503   2.857981    -0.5497   2.857917    6.33481    -0.1287    13.8155 0.0000e+00  -62.23033  -58.11667 1152341281 189.283371    34.5332      33055          1  0.000e+00
    801.590    -0.5497   2.857957    -0.5491   2.857929    6.33481    -0.1072    13.8155 0.0000e+00  -62.23033  -58.11667 1152341281 189.283371    34.5322      33056          1  0.000e+00
    801.493    -0.5499   2.857987    -0.5489   2.857946    6.33473    -0.1180    13.8155 0.0000e+00  -62.23033  -58.11667 1152341281 189.283372    34.5329      33057          1  0.000e+00
    801.590    -0.5498   2.857997    -0.5489   2.857935    6.33480    -0.1502    13.8155 0.0000e+00  -62.23033  -58.11667 1152341281 189.283372    34.5328      33058          1  0.000e+00
    801.590    -0.5499   2.857997    -0.5495   2.857929    6.33481    -0.1718    13.8155 0.0000e+00  -62.23033  -58.11667 1152341281 189.283373    34.5329      33059          1  0.000e+00
    801.522    -0.5499   2.858001    -0.5498   2.857911    6.33475    -0.1502    13.8155 0.0000e+00  -62.23033  -58.11667 1152341281 189.283373    34.5330      33060          1  0.000e+00
    801.590    -0.5498   2.858014    -0.5499   2.857899    6.33479    -0.1287    13.8155 0.0000e+00  -62.23033  -58.11667 1152341281 189.283374    34.5331      33061          1  0.000e+00
    801.638    -0.5499   2.858004    -0.5498   2.857899    6.33485    -0.1180    13.8155 0.0000e+00  -62.23033  -58.11667 1152341281 189.283374    34.5330      33062          1  0.000e+00
    801.590    -0.5500   2.858014    -0.5495   2.857899    6.33481    -0.1395    13.8155 0.0000e+00  -62.23033  -58.11667 1152341282 189.283375    34.5332      33063          1  0.000e+00
    801.590    -0.5497   2.858021    -0.5494   2.857935    6.33477    -0.0857    13.8155 0.0000e+00  -62.23033  -58.11667 1152341282 189.283375    34.5330      33064          1  0.000e+00
    801.590    -0.5492   2.858021    -0.5498   2.857952    6.33471    -0.0857    13.8155 0.0000e+00  -62.23033  -58.11667 1152341282 189.283376    34.5325      33065          1  0.000e+00
    801.590    -0.5493   2.858021    -0.5499   2.857899    6.33473    -0.1072    13.8155 0.0000e+00  -62.23033  -58.11667 1152341282 189.283376    34.5326      33066          1  0.000e+00
    801.638    -0.5494   2.858034    -0.5497   2.857917    6.33477    -0.0749    13.8155 0.0000e+00  -62.23033  -58.11667 1152341282 189.283377    34.5328      33067          1  0.000e+00
    801.590    -0.5498   2.858024    -0.5496   2.857905    6.33478    -0.0749    13.8155 0.0000e+00  -62.23033  -58.11667 1152341282 189.283377    34.5332      33068          1  0.000e+00
    801.667    -0.5489   2.858037    -0.5492   2.857917    6.33473    -0.1395    13.8155 0.0000e+00  -62.23033  -58.11667 1152341282 189.283378    34.5324      33069          1  0.000e+00
    801.668    -0.5478   2.858131    -0.5480   2.858017    6.33454    -0.1395    13.8155 0.0000e+00  -62.23033  -58.11667 1152341288 189.283454    34.5324      33228          2  0.000e+00
    801.668    -0.5479   2.858118    -0.5486   2.858023    6.33455    -0.1072    13.8155 0.0000e+00  -62.23033  -58.11667 1152341288 189.283455    34.5323      33229          2  0.000e+00
    801.591    -0.5482   2.858148    -0.5479   2.858034    6.33450    -0.0642    13.8155 0.0000e+00  -62.23033  -58.11667 1152341288 189.283455    34.5330      33230          2  0.000e+00
    801.668    -0.5482   2.858141    -0.5483   2.858040    6.33458    -0.0426    13.8155 0.0000e+00  -62.23033  -58.11667 1152341289 189.283456    34.5330      33231          2  0.000e+00
    801.639    -0.5485   2.858084    -0.5483   2.858011    6.33462    -0.0534    13.8155 0.0000e+00  -62.23033  -58.11667 1152341289 189.283456    34.5325      33232          2  0.000e+00
    801.736    -0.5483   2.858084    -0.5488   2.858023    6.33469    -0.0642    13.8155 0.0000e+00  -62.23033  -58.11667 1152341289 189.283457    34.5323      33233          2  0.000e+00
    801.668    -0.5484   2.858124    -0.5486   2.857993    6.33461    -0.1072    13.8155 0.0000e+00  -62.23033  -58.11667 1152341289 189.283457    34.5329      33234          2  0.000e+00
    801.668    -0.5480   2.858118    -0.5483   2.858017    6.33457    -0.1072    13.8155 0.0000e+00  -62.23033  -58.11667 1152341289 189.283458    34.5324      33235          2  0.000e+00
    801.717    -0.5482   2.858131    -0.5485   2.858034    6.33463    -0.0857    13.8155 0.0000e+00  -62.23033  -58.11667 1152341289 189.283458    34.5328      33236          2  0.000e+00
    801.736    -0.5482   2.858118    -0.5482   2.858034    6.33464    -0.0426    13.8155 0.0000e+00  -62.23033  -58.11667 1152341289 189.283459    34.5325      33237          2  0.000e+00
    801.736    -0.5482   2.858094    -0.5481   2.858017    6.33466    -0.0964    13.8155 0.0000e+00  -62.23033  -58.11667 1152341289 189.283459    34.5322      33238          2  0.000e+00
    801.668    -0.5484   2.858108    -0.5480   2.858005    6.33462    -0.1287    13.8155 0.0000e+00  -62.23033  -58.11667 1152341289 189.283460    34.5327      33239          2  0.000e+00
    801.736    -0.5486   2.858114    -0.5484   2.858023    6.33471    -0.1610    13.8155 0.0000e+00  -62.23033  -58.11667 1152341289 189.283460    34.5330      33240          2  0.000e+00
    801.717    -0.5482   2.858094    -0.5485   2.858034    6.33464    -0.1610    13.8155 0.0000e+00  -62.23033  -58.11667 1152341289 189.283461    34.5322      33241          2  0.000e+00
    801.803    -0.5484   2.858091    -0.5483   2.858011    6.33475    -0.1395    13.8155 0.0000e+00  -62.23033  -58.11667 1152341289 189.283461    34.5324      33242          2  0.000e+00
    801.736    -0.5488   2.858091    -0.5484   2.858046    6.33474    -0.1180    13.8155 0.0000e+00  -62.23033  -58.11667 1152341289 189.283462    34.5329      33243          2  0.000e+00
    801.736    -0.5486   2.858071    -0.5486   2.858011    6.33472    -0.0964    13.8155 0.0000e+00  -62.23033  -58.11667 1152341289 189.283462    34.5323      33244          2  0.000e+00
    801.736    -0.5491   2.858048    -0.5486   2.858023    6.33481    -0.0857    13.8155 0.0000e+00  -62.23033  -58.11667 1152341289 189.283463    34.5326      33245          2  0.000e+00
    801.717    -0.5485   2.858074    -0.5486   2.858011    6.33984    -0.0749    13.8155 0.0000e+00  -62.23033  -58.11667 1152341289 189.283463    34.5323      33246          2  0.000e+00
    801.736    -0.5489   2.858071    -0.5483   2.858023    6.33477    -0.1072    13.8155 0.0000e+00  -62.23033  -58.11667 1152341289 189.283464    34.5327      33247          2  0.000e+00
    801.736    -0.5486   2.858048    -0.5486   2.858011    6.33474    -0.0964    13.8155 0.0000e+00  -62.23033  -58.11667 1152341289 189.283464    34.5321      33248          2  0.000e+00
    801.736    -0.5491   2.858061    -0.5479   2.858023    6.33480    -0.1180    13.8155 0.0000e+00  -62.23033  -58.11667 1152341289 189.283465    34.5328      33249          2  0.000e+00
    801.736    -0.5492   2.858068    -0.5488   2.858011    6.33481    -0.1072    13.8155 0.0000e+00  -62.23033  -58.11667 1152341289 189.283465    34.5330      33250          2  0.000e+00
    801.717    -0.5489   2.858031    -0.5484   2.858034    6.33478    -0.1502    13.8155 0.0000e+00  -62.23033  -58.11667 1152341289 189.283465    34.5322      33251          2  0.000e+00
    801.803    -0.5492   2.858038    -0.5488   2.858011    6.33489    -0.1610    13.8155 0.0000e+00  -62.23033  -58.11667 1152341289 189.283466    34.5326      33252          2  0.000e+00
    801.668    -0.5489   2.858078    -0.5480   2.858005    6.33471    -0.1610    13.8155 0.0000e+00  -62.23033  -58.11667 1152341289 189.283466    34.5329      33253          2  0.000e+00
    801.736    -0.5485   2.858071    -0.5483   2.858023    6.33471    -0.1610    13.8155 0.0000e+00  -62.23033  -58.11667 1152341290 189.283467    34.5322      33254          2  0.000e+00
    801.736    -0.5487   2.858084    -0.5485   2.858011    6.33474    -0.1287    13.8155 0.0000e+00  -62.23033  -58.11667 1152341290 189.283467    34.5327      33255          2  0.000e+00
    801.717    -0.5491   2.858071    -0.5482   2.858005    6.33478    -0.1395    13.8155 0.0000e+00  -62.23033  -58.11667 1152341290 189.283468    34.5330      33256          2  0.000e+00
    801.736    -0.5489   2.858101    -0.5486   2.858023    6.33475    -0.1180    13.8155 0.0000e+00  -62.23033  -58.11667 1152341290 189.283468    34.5331      33257          2  0.000e+00
    801.736    -0.5483   2.858094    -0.5486   2.858017    6.33468    -0.1180    13.8155 0.0000e+00  -62.23033  -58.11667 1152341290 189.283469    34.5324      33258          2  0.000e+00
    801.736    -0.5488   2.858091    -0.5484   2.858005    6.33474    -0.1072    13.8155 0.0000e+00  -62.23033  -58.11667 1152341290 189.283469    34.5329      33259          2  0.000e+00
    801.591    -0.5489   2.858054    -0.5489   2.857987    6.33465    -0.0642    13.8155 0.0000e+00  -62.23033  -58.11667 1152341290 189.283470    34.5326      33260          2  0.000e+00
    801.861    -0.5489   2.858061    -0.5488   2.858017    6.33489    -0.0749    13.8155 0.0000e+00  -62.23033  -58.11667 1152341290 189.283470    34.5326      33261          2  0.000e+00
    801.669    -0.5485   2.858068    -0.5489   2.858011    6.33466    -0.1072    13.8155 0.0000e+00  -62.23033  -58.11667 1152341290 189.283471    34.5322      33262          2  0.000e+00
    801.736    -0.5484   2.858081    -0.5483   2.858005    6.33470    -0.1287    13.8155 0.0000e+00  -62.23033  -58.11667 1152341290 189.283471    34.5323      33263          2  0.000e+00
