product_data/regression_test/downloaded_data/MGDS/320620060703/ctd/p6609901.ros
* Sea-Bird SBE 9 Data File:
* FileName = D:\Data\Raw\p6609901.dat
* Software Version Seasave Win32 V 5.32
* Temperature SN = 1649
* Conductivity SN = 1431
* Number of Bytes Per Scan = 37
* Number of Voltage Words = 5
* Number of Scans Averaged by the Deck Unit = 1
* NMEA Latitude = 60 16.70 S
* NMEA Longitude = 057 27.05 W
* NMEA UTC (Time) = 12:24:31
** Ship:   Nathaniel B. Palmer 
** Cruise:    NBP0606 
# nquan = 17
# nvalues = 1176                    
# units = specified
# name 0 = prDM: Pressure, Digiquartz [db]
# name 1 = t090C: Temperature [ITS-90, deg C]
# name 2 = c0S/m: Conductivity [S/m]
# name 3 = t190C: Temperature, 2 [ITS-90, deg C]
# name 4 = c1S/m: Conductivity, 2 [S/m]
# name 5 = sbeox0ML/L: Oxygen, SBE 43 [ml/l]
# name 6 = flECO-AFL: Fluorescence, Wetlab ECO-AFL/FL [mg/m^3]
# name 7 = bat: Beam Attenuation, Chelsea/Seatech/Wetlab CStar [1/m]
# name 8 = spar: SPAR/Surface Irradiance
# name 9 = latitude: Latitude [deg]
# name 10 = longitude: Longitude [deg]
# name 11 = timeY: Time, System [seconds]
# name 12 = timeJ: Julian Days
# name 13 = sal00: Salinity [PSU]
# name 14 = scan: scan number
# name 15 = nbf: number of bottles fired
# name 16 = flag:  0.000e+00
# interval = seconds: 0.0416667                   
# start_time = Jul 12 2006 12:24:39
*END*
[from data line 1022]
     50.769    -0.4890   2.777462    -0.4930   2.777738    8.01093     0.0757    13.8155 3.5067e+01  -60.27833  -57.45083 1152710256 193.553907    33.8353      76287         21  0.000e+00
     50.769    -0.4887   2.777475    -0.4927   2.777755    8.01087     0.0972    13.8155 3.5067e+01  -60.27833  -57.45083 1152710256 193.553908    33.8351      76288         21  0.000e+00
     50.760    -0.4888   2.777525    -0.4918   2.777784    8.01552     0.1403    13.8155 3.5067e+01  -60.27833  -57.45083 1152710256 193.553908    33.8359      76289         21  0.000e+00
     50.693    -0.4882   2.777525    -0.4924   2.777808    8.01535     0.1295    13.8155 3.5067e+01  -60.27833  -57.45083 1152710256 193.553909    33.8353      76290         21  0.000e+00
     50.693    -0.4885   2.777521    -0.4921   2.777790    8.01540     0.0972    13.8155 3.5067e+01  -60.27833  -57.45083 1152710256 193.553909    33.8356      76291         21  0.000e+00
     50.693    -0.4888   2.777538    -0.4923   2.777808    8.01544     0.1188    13.8155 3.5067e+01  -60.27833  -57.45083 1152710256 193.553910    33.8361      76292         21  0.000e+00
     50.693    -0.4885   2.777525    -0.4912   2.777819    8.01540     0.1188    13.8155 3.5067e+01  -60.27833  -57.45083 1152710256 193.553910    33.8356      76293         21  0.000e+00
     50.694    -0.4916   2.777343    -0.4898   2.777941    8.02069     0.1080    13.8155 3.5067e+01  -60.27833  -57.45083 1152710262 193.553973    33.8367      76424         22  0.000e+00
     50.550    -0.4921   2.777323    -0.4895   2.777964    8.02062     0.1080    13.8155 3.5067e+01  -60.27833  -57.45083 1152710262 193.553974    33.8370      76425         22  0.000e+00
     50.627    -0.4921   2.777337    -0.4892   2.777976    8.02070     0.1080    13.8155 3.5067e+01  -60.27833  -57.45083 1152710262 193.553974    33.8371      76426         22  0.000e+00
     50.694    -0.4924   2.777343    -0.4888   2.777993    8.02082     0.0757    13.8155 3.5067e+01  -60.27833  -57.45083 1152710262 193.553975    33.8375      76427         22  0.000e+00
     50.550    -0.4917   2.777356    -0.4895   2.777964    8.02053     0.0972    13.8155 3.5067e+01  -60.27833  -57.45083 1152710262 193.553975    33.8370      76428         22  0.000e+00
     50.694    -0.4920   2.777347    -0.4895   2.777953    8.02074     0.1726    13.8155 3.5067e+01  -60.27833  -57.45083 1152710262 193.553976    33.8371      76429         22  0.000e+00
     50.627    -0.4921   2.777343    -0.4904   2.777929    8.02069     0.1618    13.8155 3.3118e+01  -60.27833  -57.45083 1152710262 193.553976    33.8372      76430         22  0.000e+00
     50.627    -0.4918   2.777307    -0.4910   2.777883    8.02067     0.1295    13.8155 3.3118e+01  -60.27833  -57.45083 1152710262 193.553977    33.8364      76431         22  0.000e+00
     50.694    -0.4927   2.777297    -0.4915   2.777831    8.02090     0.0757    13.8155 3.5067e+01  -60.27833  -57.45083 1152710262 193.553977    33.8373      76432         22  0.000e+00
     50.617    -0.4929   2.777330    -0.4923   2.777796    8.02081     0.0972    13.8155 3.5067e+01  -60.27833  -57.45083 1152710262 193.553978    33.8379      76433         22  0.000e+00
     50.627    -0.4930   2.777324    -0.4922   2.777790    8.02086     0.1188    13.8155 3.5067e+01  -60.27833  -57.45083 1152710262 193.553978    33.8380      76434         22  0.000e+00
     50.627    -0.4927   2.777271    -0.4927   2.777790    8.02085     0.0972    13.8155 3.5067e+01  -60.27833  -57.45083 1152710262 193.553979    33.8369      76435         22  0.000e+00
     50.627    -0.4929   2.777267    -0.4925   2.777790    8.02087     0.0972    13.8155 3.3118e+01  -60.27833  -57.45083 1152710262 193.553979    33.8371      76436         22  0.000e+00
     50.627    -0.4926   2.777258    -0.4927   2.777808    8.02083     0.0972    13.8155 3.5067e+01  -60.27833  -57.45083 1152710262 193.553980    33.8366      76437         22  0.000e+00
     50.627    -0.4941   2.777202    -0.4927   2.777779    8.02112     0.1403    13.8155 3.5067e+01  -60.27833  -57.45083 1152710262 193.553980    33.8375      76438         22  0.000e+00
     50.627    -0.4946   2.777185    -0.4930   2.777767    8.02121     0.1295    13.8155 3.5067e+01  -60.27833  -57.45083 1152710262 193.553981    33.8379      76439         22  0.000e+00
     50.627    -0.4954   2.777152    -0.4926   2.777784    8.02135     0.1295    13.8155 3.5067e+01  -60.27833  -57.45083 1152710263 193.553981    33.8383      76440         22  0.000e+00
     50.627    -0.4966   2.777122    -0.4924   2.777790    8.02157     0.1080    13.8155 3.5067e+01  -60.27833  -57.45083 1152710263 193.553981    33.8393      76441         22  0.000e+00
     50.627    -0.4963   2.777152    -0.4919   2.777808    8.02150     0.0542    13.8155 3.5067e+01  -60.27833  -57.45083 1152710263 193.553982    33.8393      76442         22  0.000e+00
     50.627    -0.4955   2.777178    -0.4922   2.777819    8.02136     0.0972    13.8155 3.5067e+01  -60.27833  -57.45083 1152710263 193.553982    33.8388      76443         22  0.000e+00
     50.627    -0.4952   2.777202    -0.4926   2.777779    8.01662     0.0865    13.8155 3.5067e+01  -60.27833  -57.45083 1152710263 193.553983    33.8388      76444         22  0.000e+00
     50.617    -0.4944   2.777208    -0.4925   2.777825    8.02115     0.0542    13.8155 3.5067e+01  -60.27833  -57.45083 1152710263 193.553983    33.8380      76445         22  0.000e+00
     50.627    -0.4947   2.777208    -0.4918   2.777848    8.01654     0.0865    13.8155 3.5067e+01  -60.27833  -57.45083 1152710263 193.553984    33.8383      76446         22  0.000e+00
     50.627    -0.4946   2.777225    -0.4923   2.777825    8.01651     0.0865    13.8155 3.5067e+01  -60.27833  -57.45083 1152710263 193.553984    33.8384      76447         22  0.000e+00
     50.551    -0.4954   2.777195    -0.4925   2.777779    8.02124     0.0972    13.8155 3.5067e+01  -60.27833  -57.45083 1152710263 193.553985    33.8389      76448         22  0.000e+00
     50.627    -0.4950   2.777202    -0.4930   2.777779    8.02127     0.1188    13.8155 3.5067e+01  -60.27833  -57.45083 1152710263 193.553985    33.8386      76449         22  0.000e+00
     50.627    -0.4947   2.777208    -0.4926   2.777732    8.02121     0.1403    13.8155 3.5067e+01  -60.27833  -57.45083 1152710263 193.553986    33.8383      76450         22  0.000e+00
     50.627    -0.4941   2.777225    -0.4935   2.777732    8.02110     0.1188    13.8155 3.5067e+01  -60.27833  -57.45083 1152710263 193.553986    33.8379      76451         22  0.000e+00
     50.627    -0.4936   2.777231    -0.4935   2.777755    8.02102     0.1188    13.8155 3.5067e+01  -60.27833  -57.45083 1152710263 193.553987    33.8374      76452         22  0.000e+00
     50.627    -0.4938   2.777211    -0.4936   2.777744    8.01639     0.1403    13.8155 3.5067e+01  -60.27833  -57.45083 1152710263 193.553987    33.8374      76453         22  0.000e+00
     50.551    -0.4935   2.777225    -0.4933   2.777755    8.01625     0.1188    13.8155 3.3118e+01  -60.27833  -57.45083 1152710263 193.553988    33.8372      76454         22  0.000e+00
     50.627    -0.4938   2.777211    -0.4933   2.777744    8.01639     0.1295    13.8155 3.3118e+01  -60.27833  -57.45083 1152710263 193.553988    33.8374      76455         22  0.000e+00
     50.627    -0.4943   2.777208    -0.4932   2.777721    8.01647     0.1618    13.8155 3.5067e+01  -60.27833  -57.45083 1152710263 193.553989    33.8379      76456         22  0.000e+00
     50.617    -0.4940   2.777225    -0.4935   2.777732    8.01640     0.1618    13.8155 3.5067e+01  -60.27833  -57.45083 1152710263 193.553989    33.8377      76457         22  0.000e+00
     50.627    -0.4940   2.777231    -0.4938   2.777755    8.01640     0.1618    13.8155 3.5067e+01  -60.27833  -57.45083 1152710263 193.553990    33.8378      76458         22  0.000e+00
     50.627    -0.4940   2.777231    -0.4935   2.777744    8.02107     0.1403    13.8155 3.5067e+01  -60.27833  -57.45083 1152710263 193.553990    33.8378      76459         22  0.000e+00
     50.627    -0.4943   2.777211    -0.4938   2.777732    8.01647     0.1188    13.8155 3.5067e+01  -60.27833  -57.45083 1152710263 193.553991    33.8379      76460         22  0.000e+00
     50.551    -0.4944   2.777225    -0.4938   2.777755    8.01639     0.1080    13.8155 3.5067e+01  -60.27833  -57.45083 1152710263 193.553991    33.8383      76461         22  0.000e+00
     50.627    -0.4946   2.777211    -0.4935   2.777767    8.02119     0.0757    13.8155 3.5067e+01  -60.27833  -57.45083 1152710263 193.553992    33.8382      76462         22  0.000e+00
     50.627    -0.4947   2.777208    -0.4930   2.777767    8.01654     0.0434    13.8155 3.5067e+01  -60.27833  -57.45083 1152710263 193.553992    33.8383      76463         22  0.000e+00
     50.627    -0.4941   2.777225    -0.4935   2.777767    8.01643     0.0542    13.8155 3.3118e+01  -60.27833  -57.45083 1152710263 193.553993    33.8379      76464         22  0.000e+00
     50.551    -0.4943   2.777198    -0.4939   2.777744    8.01639     0.0865    13.8155 3.5067e+01  -60.27833  -57.45083 1152710264 193.553993    33.8377      76465         22  0.000e+00
     50.627    -0.4941   2.777202    -0.4933   2.777721    8.01645     0.0865    13.8155 3.5067e+01  -60.27833  -57.45083 1152710264 193.553994    33.8375      76466         22  0.000e+00
     50.627    -0.4946   2.777188    -0.4936   2.777750    8.01653     0.0757    13.8155 3.5067e+01  -60.27833  -57.45083 1152710264 193.553994    33.8379      76467         22  0.000e+00
     50.551    -0.4943   2.777169    -0.4938   2.777744    8.01641     0.1080    13.8155 3.5067e+01  -60.27833  -57.45083 1152710264 193.553995    33.8373      76468         22  0.000e+00
     50.617    -0.4942   2.777178    -0.4939   2.777755    8.01646     0.1188    13.8155 3.5067e+01  -60.27833  -57.45083 1152710264 193.553995    33.8373      76469         22  0.000e+00
     50.627    -0.4950   2.777169    -0.4938   2.777726    8.02129     0.1188    13.8155 3.5067e+01  -60.27833  -57.45083 1152710264 193.553995    33.8382      76470         22  0.000e+00
     50.627    -0.4949   2.777165    -0.4941   2.777732    8.02127     0.0972    13.8155 3.5067e+01  -60.27833  -57.45083 1152710264 193.553996    33.8380      76471         22  0.000e+00
     50.627    -0.4952   2.777165    -0.4941   2.777709    8.01665     0.0542    13.8155 3.5067e+01  -60.27833  -57.45083 1152710264 193.553996    33.8383      76472         22  0.000e+00
     10.202    -0.4899   2.775540    -0.4899   2.776023    8.01846     0.0972    13.8155 3.7015e+01  -60.27833  -57.45083 1152710374 193.555274    33.8353      79122         23  0.000e+00
     10.231    -0.4904   2.775559    -0.4892   2.776069    8.01391     0.1295    13.8155 3.7015e+01  -60.27833  -57.45083 1152710374 193.555275    33.8361      79123         23  0.000e+00
     10.136    -0.4898   2.775569    -0.4896   2.776069    8.01834     0.1618    13.8155 3.7015e+01  -60.27833  -57.45083 1152710374 193.555275    33.8356      79124         23  0.000e+00
     10.345    -0.4899   2.775569    -0.4895   2.776069    8.01860     0.0972    13.8155 3.7015e+01  -60.27833  -57.45083 1152710374 193.555276    33.8356      79125         23  0.000e+00
     10.164    -0.4896   2.775549    -0.4893   2.776086    8.01836     0.0972    13.8155 3.7015e+01  -60.27833  -57.45083 1152710374 193.555276    33.8351      79126         23  0.000e+00
     10.202    -0.4901   2.775546    -0.4895   2.776046    8.01848     0.0542    13.8155 3.7015e+01  -60.27833  -57.45083 1152710375 193.555277    33.8356      79127         23  0.000e+00
     10.231    -0.4899   2.775596    -0.4895   2.776052    8.01845     0.0434    13.8155 3.7015e+01  -60.27833  -57.45083 1152710375 193.555277    33.8361      79128         23  0.000e+00
     10.136    -0.4895   2.775579    -0.4893   2.776063    8.01364     0.0865    13.8155 3.5067e+01  -60.27833  -57.45083 1152710375 193.555278    33.8354      79129         23  0.000e+00
     10.136    -0.4902   2.775549    -0.4893   2.776063    8.01379     0.1188    13.8155 3.7015e+01  -60.27833  -57.45083 1152710375 193.555278    33.8358      79130         23  0.000e+00
     10.164    -0.4901   2.775563    -0.4895   2.776040    8.01379     0.1188    13.8155 3.7015e+01  -60.27833  -57.45083 1152710375 193.555279    33.8358      79131         23  0.000e+00
     10.136    -0.4903   2.775549    -0.4892   2.776075    8.01844     0.1080    13.8155 3.7015e+01  -60.27833  -57.45083 1152710375 193.555279    33.8359      79132         23  0.000e+00
     10.164    -0.4907   2.775596    -0.4898   2.776057    8.01850     0.1403    13.8155 3.7015e+01  -60.27833  -57.45083 1152710375 193.555280    33.8370      79133         23  0.000e+00
     10.136    -0.4901   2.775579    -0.4898   2.776057    8.01839     0.1403    13.8155 3.7015e+01  -60.27833  -57.45083 1152710375 193.555280    33.8361      79134         23  0.000e+00
     10.136    -0.4905   2.775572    -0.4895   2.775999    8.01846     0.1403    13.8155 3.7015e+01  -60.27833  -57.45083 1152710375 193.555281    33.8365      79135         23  0.000e+00
     10.088    -0.4899   2.775569    -0.4895   2.776017    8.01831     0.1618    13.8155 3.7015e+01  -60.27833  -57.45083 1152710375 193.555281    33.8358      79136         23  0.000e+00
     10.136    -0.4905   2.775569    -0.4896   2.776034    8.01847     0.1403    13.8155 3.7015e+01  -60.27833  -57.45083 1152710375 193.555282    33.8365      79137         23  0.000e+00
     10.069    -0.4904   2.775569    -0.4899   2.776075    8.01836     0.1188    13.8155 3.7015e+01  -60.27833  -57.45083 1152710375 193.555282    33.8363      79138         23  0.000e+00
     10.088    -0.4899   2.775536    -0.4899   2.776046    8.01834     0.1188    13.8155 3.7015e+01  -60.27833  -57.45083 1152710375 193.555283    33.8353      79139         23  0.000e+00
     10.069    -0.4904   2.775556    -0.4895   2.776063    8.01837     0.1295    13.8155 3.7015e+01  -60.27833  -57.45083 1152710375 193.555283    33.8361      79140         23  0.000e+00
     10.088    -0.4902   2.775549    -0.4899   2.776063    8.01838     0.1188    13.8155 3.7015e+01  -60.27833  -57.45083 1152710375 193.555284    33.8359      79141         23  0.000e+00
     10.069    -0.4898   2.775546    -0.4899   2.776040    8.01829     0.1188    13.8155 3.7015e+01  -60.27833  -57.45083 1152710375 193.555284    33.8353      79142         23  0.000e+00
     10.069    -0.4902   2.775563    -0.4895   2.776034    8.01835     0.1618    13.8155 3.7015e+01  -60.27833  -57.45083 1152710375 193.555285    33.8361      79143         23  0.000e+00
     10.021    -0.4902   2.775586    -0.4895   2.776052    8.01828     0.1510    13.8155 3.7015e+01  -60.27833  -57.45083 1152710375 193.555285    33.8364      79144         23  0.000e+00
     10.069    -0.4901   2.775556    -0.4899   2.776040    8.01833     0.1188    13.8155 3.7015e+01  -60.27833  -57.45083 1152710375 193.555285    33.8358      79145         23  0.000e+00
     10.021    -0.4901   2.775579    -0.4901   2.776052    8.01361     0.1188    13.8155 3.7015e+01  -60.27833  -57.45083 1152710375 193.555286    33.8362      79146         23  0.000e+00
      9.993    -0.4902   2.775556    -0.4893   2.776040    8.01827     0.1618    13.8155 3.7015e+01  -60.27833  -57.45083 1152710375 193.555286    33.8360      79147         23  0.000e+00
     10.069    -0.4905   2.775566    -0.4896   2.776040    8.01839     0.1188    13.8155 3.7015e+01  -60.27833  -57.45083 1152710375 193.555287    33.8365      79148         23  0.000e+00
     10.021    -0.4899   2.775569    -0.4899   2.776057    8.01824     0.0972    13.8155 3.7015e+01  -60.27833  -57.45083 1152710375 193.555287    33.8358      79149         23  0.000e+00
