product_data/regression_test/downloaded_data/MGDS/320620060703/ctd/p6608701.cnv
* Sea-Bird SBE 9 Data File:
* FileName = D:\Data\Raw\P6608701.dat
* Software Version Seasave Win32 V 5.32
* Temperature SN = 1649
* Conductivity SN = 1431
* Number of Bytes Per Scan = 37
* Number of Voltage Words = 5
* Number of Scans Averaged by the Deck Unit = 1
* NMEA Latitude = 61 33.29 S
* NMEA Longitude = 057 46.12 W
* NMEA UTC (Time) = 07:05:52
** Ship:   Nathaniel B. Palmer 
** Cruise:    NBP0603 p0606
** Cast #: 01
** Station:   87
** Operator: rdd
# nquan = 15
# nvalues = 390                         
# units = specified
# name 0 = prDM: Pressure, Digiquartz [db]
# name 1 = t090C: Temperature [ITS-90, deg C]
# name 2 = c0S/m: Conductivity [S/m]
# name 3 = t190C: Temperature, 2 [ITS-90, deg C]
# name 4 = c1S/m: Conductivity, 2 [S/m]
# name 5 = sbeox0ML/L: Oxygen, SBE 43 [ml/l]
# name 6 = flECO-AFL: Fluorescence, Wetlab ECO-AFL/FL [mg/m^3]
# name 7 = bat: Beam Attenuation, Chelsea/Seatech/Wetlab CStar [1/m]
# name 8 = spar: SPAR/Surface Irradiance
# name 9 = latitude: Latitude [deg]
# name 10 = longitude: Longitude [deg]
# name 11 = timeY: Time, System [seconds]
# name 12 = timeJ: Julian Days
# name 13 = sal00: Salinity [PSU]
# name 14 = flag: flag
# span 0 =      6.000,    395.000       
# span 1 =    -0.7925,     0.6071       
# span 2 =   2.773553,   2.943927       
# span 3 =    -0.7931,     0.6083       
# span 4 =   2.774216,   2.944185       
# span 5 =    5.42636,    7.76506       
# span 6 =    -0.0884,     0.3540       
# span 7 =    13.8155,    13.8155       
# span 8 = 0.0000e+00, 0.0000e+00       
# span 9 =  -61.55483,  -61.55483       
# span 10 =  -57.76867,  -57.76867      
# span 11 = 1152515159, 1152515953      
# span 12 = 191.295810, 191.305028      
# span 13 =    34.1384,    34.6054      
# span 14 = 0.0000e+00, 0.0000e+00      
# interval = decibars: 1                
# start_time = Jul 10 2006 07:05:59
# bad_flag = -9.990e-29
*END*
      6.000    -0.7321   2.777496    -0.7219   2.778942    7.72232     0.3540    13.8155 0.0000e+00  -61.55483  -57.76867 1152515159 191.295810    34.1384 0.0000e+00
      7.000    -0.7640   2.775048    -0.7587   2.776359    7.73317     0.3261    13.8155 0.0000e+00  -61.55483  -57.76867 1152515162 191.295866    34.1396 0.0000e+00
      8.000    -0.7633   2.775221    -0.7639   2.775964    7.73643     0.3210    13.8155 0.0000e+00  -61.55483  -57.76867 1152515164 191.295897    34.1404 0.0000e+00
      9.000    -0.7787   2.773943    -0.7813   2.774538    7.74018     0.2997    13.8155 0.0000e+00  -61.55483  -57.76867 1152515165 191.295908    34.1402 0.0000e+00
     10.000    -0.7820   2.773766    -0.7833   2.774421    7.74172     0.3297    13.8155 0.0000e+00  -61.55483  -57.76867 1152515167 191.295934    34.1409 0.0000e+00
     11.000    -0.7856   2.773613    -0.7863   2.774280    7.74431     0.3231    13.8155 0.0000e+00  -61.55483  -57.76867 1152515171 191.295978    34.1421 0.0000e+00
     12.000    -0.7853   2.773677    -0.7859   2.774347    7.75170     0.3164    13.8155 0.0000e+00  -61.55483  -57.76867 1152515175 191.296027    34.1417 0.0000e+00
     13.000    -0.7852   2.773742    -0.7856   2.774413    7.75453     0.3094    13.8155 0.0000e+00  -61.55483  -57.76867 1152515178 191.296054    34.1417 0.0000e+00
     14.000    -0.7864   2.773705    -0.7869   2.774375    7.75319     0.3169    13.8155 0.0000e+00  -61.55483  -57.76867 1152515179 191.296068    34.1420 0.0000e+00
     15.000    -0.7886   2.773633    -0.7893   2.774282    7.75917     0.3170    13.8155 0.0000e+00  -61.55483  -57.76867 1152515183 191.296115    34.1429 0.0000e+00
     16.000    -0.7922   2.773553    -0.7926   2.774216    7.76125     0.3196    13.8155 0.0000e+00  -61.55483  -57.76867 1152515185 191.296144    34.1453 0.0000e+00
     17.000    -0.7921   2.773665    -0.7924   2.774316    7.76279     0.3144    13.8155 0.0000e+00  -61.55483  -57.76867 1152515190 191.296192    34.1460 0.0000e+00
     18.000    -0.7925   2.773864    -0.7930   2.774500    7.76506     0.3101    13.8155 0.0000e+00  -61.55483  -57.76867 1152515192 191.296224    34.1485 0.0000e+00
     19.000    -0.7925   2.773898    -0.7931   2.774525    7.76489     0.2926    13.8155 0.0000e+00  -61.55483  -57.76867 1152515193 191.296235    34.1483 0.0000e+00
     20.000    -0.7925   2.773941    -0.7930   2.774578    7.76357     0.3181    13.8155 0.0000e+00  -61.55483  -57.76867 1152515197 191.296275    34.1483 0.0000e+00
     21.000    -0.7919   2.774087    -0.7922   2.774728    7.75805     0.3210    13.8155 0.0000e+00  -61.55483  -57.76867 1152515201 191.296321    34.1489 0.0000e+00
     22.000    -0.7912   2.774234    -0.7913   2.774873    7.75665     0.3206    13.8155 0.0000e+00  -61.55483  -57.76867 1152515203 191.296351    34.1494 0.0000e+00
     23.000    -0.7898   2.774489    -0.7902   2.775102    7.75529     0.3205    13.8155 0.0000e+00  -61.55483  -57.76867 1152515208 191.296406    34.1506 0.0000e+00
     24.000    -0.7887   2.774705    -0.7891   2.775351    7.75162     0.2946    13.8155 0.0000e+00  -61.55483  -57.76867 1152515210 191.296427    34.1516 0.0000e+00
     25.000    -0.7884   2.774840    -0.7890   2.775470    7.74694     0.3067    13.8155 0.0000e+00  -61.55483  -57.76867 1152515211 191.296441    34.1526 0.0000e+00
     26.000    -0.7882   2.775029    -0.7886   2.775636    7.74270     0.3263    13.8155 0.0000e+00  -61.55483  -57.76867 1152515212 191.296456    34.1543 0.0000e+00
     27.000    -0.7881   2.775060    -0.7887   2.775646    7.74626     0.3098    13.8155 0.0000e+00  -61.55483  -57.76867 1152515219 191.296538    34.1539 0.0000e+00
     28.000    -0.7879   2.775110    -0.7886   2.775695    7.74823     0.3019    13.8155 0.0000e+00  -61.55483  -57.76867 1152515221 191.296555    34.1538 0.0000e+00
     29.000    -0.7883   2.775154    -0.7885   2.775734    7.74788     0.3209    13.8155 0.0000e+00  -61.55483  -57.76867 1152515223 191.296583    34.1542 0.0000e+00
     30.000    -0.7881   2.775207    -0.7885   2.775781    7.74248     0.3035    13.8155 0.0000e+00  -61.55483  -57.76867 1152515226 191.296614    34.1541 0.0000e+00
     31.000    -0.7884   2.775262    -0.7888   2.775839    7.73943     0.3089    13.8155 0.0000e+00  -61.55483  -57.76867 1152515227 191.296626    34.1545 0.0000e+00
     32.000    -0.7898   2.775326    -0.7901   2.775875    7.74197     0.3142    13.8155 0.0000e+00  -61.55483  -57.76867 1152515234 191.296706    34.1565 0.0000e+00
     33.000    -0.7903   2.775380    -0.7907   2.775945    7.73981     0.2931    13.8155 0.0000e+00  -61.55483  -57.76867 1152515236 191.296729    34.1572 0.0000e+00
     34.000    -0.7866   2.775843    -0.7867   2.776399    7.73721     0.3229    13.8155 0.0000e+00  -61.55483  -57.76867 1152515238 191.296747    34.1586 0.0000e+00
     35.000    -0.7861   2.775928    -0.7862   2.776514    7.72998     0.3060    13.8155 0.0000e+00  -61.55483  -57.76867 1152515239 191.296765    34.1585 0.0000e+00
     36.000    -0.7870   2.775915    -0.7867   2.776508    7.72755     0.3266    13.8155 0.0000e+00  -61.55483  -57.76867 1152515243 191.296809    34.1587 0.0000e+00
     37.000    -0.7888   2.775754    -0.7893   2.776280    7.72753     0.3058    13.8155 0.0000e+00  -61.55483  -57.76867 1152515249 191.296876    34.1580 0.0000e+00
     38.000    -0.7852   2.776207    -0.7841   2.776890    7.72671     0.3225    13.8155 0.0000e+00  -61.55483  -57.76867 1152515250 191.296893    34.1594 0.0000e+00
     39.000    -0.7784   2.776968    -0.7798   2.777372    7.72225     0.3115    13.8155 0.0000e+00  -61.55483  -57.76867 1152515252 191.296910    34.1612 0.0000e+00
     40.000    -0.7816   2.776686    -0.7821   2.777174    7.71862     0.3221    13.8155 0.0000e+00  -61.55483  -57.76867 1152515253 191.296925    34.1605 0.0000e+00
     41.000    -0.7739   2.777565    -0.7731   2.778145    7.71489     0.3209    13.8155 0.0000e+00  -61.55483  -57.76867 1152515259 191.296990    34.1628 0.0000e+00
     42.000    -0.7701   2.777975    -0.7700   2.778508    7.71259     0.3150    13.8155 0.0000e+00  -61.55483  -57.76867 1152515261 191.297021    34.1634 0.0000e+00
     43.000    -0.7699   2.778073    -0.7693   2.778612    7.70089     0.3150    13.8155 0.0000e+00  -61.55483  -57.76867 1152515264 191.297058    34.1640 0.0000e+00
     44.000    -0.7684   2.778245    -0.7682   2.778776    7.69821     0.3258    13.8155 0.0000e+00  -61.55483  -57.76867 1152515266 191.297081    34.1640 0.0000e+00
     45.000    -0.7664   2.778503    -0.7657   2.779054    7.70027     0.3323    13.8155 0.0000e+00  -61.55483  -57.76867 1152515269 191.297110    34.1647 0.0000e+00
     46.000    -0.7648   2.778698    -0.7654   2.779116    7.69791     0.3185    13.8155 0.0000e+00  -61.55483  -57.76867 1152515272 191.297150    34.1649 0.0000e+00
     47.000    -0.7661   2.778628    -0.7671   2.779027    7.70082     0.3182    13.8155 0.0000e+00  -61.55483  -57.76867 1152515277 191.297205    34.1650 0.0000e+00
     48.000    -0.7635   2.778806    -0.7644   2.779333    7.69743     0.3128    13.8155 0.0000e+00  -61.55483  -57.76867 1152515278 191.297215    34.1658 0.0000e+00
     49.000    -0.7620   2.779123    -0.7615   2.779643    7.69201     0.3313    13.8155 0.0000e+00  -61.55483  -57.76867 1152515280 191.297233    34.1659 0.0000e+00
     50.000    -0.7594   2.779437    -0.7594   2.779890    7.68641     0.3278    13.8155 0.0000e+00  -61.55483  -57.76867 1152515283 191.297274    34.1663 0.0000e+00
     51.000    -0.7563   2.779811    -0.7554   2.780325    7.68487     0.3414    13.8155 0.0000e+00  -61.55483  -57.76867 1152515287 191.297314    34.1672 0.0000e+00
     52.000    -0.7538   2.780073    -0.7535   2.780555    7.68671     0.3260    13.8155 0.0000e+00  -61.55483  -57.76867 1152515293 191.297383    34.1674 0.0000e+00
     53.000    -0.7577   2.779754    -0.7564   2.780327    7.68890     0.3107    13.8155 0.0000e+00  -61.55483  -57.76867 1152515293 191.297394    34.1670 0.0000e+00
     54.000    -0.7575   2.779824    -0.7573   2.780281    7.69170     0.3098    13.8155 0.0000e+00  -61.55483  -57.76867 1152515295 191.297406    34.1671 0.0000e+00
     55.000    -0.7577   2.779865    -0.7572   2.780318    7.69118     0.3038    13.8155 0.0000e+00  -61.55483  -57.76867 1152515296 191.297419    34.1672 0.0000e+00
     56.000    -0.7580   2.779866    -0.7567   2.780423    7.68687     0.3306    13.8155 0.0000e+00  -61.55483  -57.76867 1152515297 191.297434    34.1671 0.0000e+00
     57.000    -0.7556   2.780163    -0.7550   2.780634    7.67995     0.3140    13.8155 0.0000e+00  -61.55483  -57.76867 1152515304 191.297515    34.1676 0.0000e+00
     58.000    -0.7529   2.780488    -0.7523   2.780942    7.67988     0.3109    13.8155 0.0000e+00  -61.55483  -57.76867 1152515307 191.297556    34.1684 0.0000e+00
     59.000    -0.7490   2.780981    -0.7462   2.781587    7.66864     0.3182    13.8155 0.0000e+00  -61.55483  -57.76867 1152515308 191.297566    34.1702 0.0000e+00
     60.000    -0.7139   2.784516    -0.7129   2.784887    7.65692     0.3156    13.8155 0.0000e+00  -61.55483  -57.76867 1152515309 191.297577    34.1765 0.0000e+00
     61.000    -0.6957   2.786347    -0.6968   2.786534    7.63975     0.3223    13.8155 0.0000e+00  -61.55483  -57.76867 1152515313 191.297624    34.1798 0.0000e+00
     62.000    -0.6646   2.789458    -0.6636   2.789846    7.61156     0.3138    13.8155 0.0000e+00  -61.55483  -57.76867 1152515320 191.297698    34.1852 0.0000e+00
     63.000    -0.6754   2.788436    -0.6758   2.788726    7.60096     0.3147    13.8155 0.0000e+00  -61.55483  -57.76867 1152515321 191.297709    34.1828 0.0000e+00
     64.000    -0.6826   2.787760    -0.6789   2.788473    7.58552     0.3148    13.8155 0.0000e+00  -61.55483  -57.76867 1152515323 191.297734    34.1825 0.0000e+00
     65.000    -0.6334   2.792671    -0.6289   2.793385    7.53860     0.3097    13.8155 0.0000e+00  -61.55483  -57.76867 1152515327 191.297786    34.1919 0.0000e+00
     66.000    -0.6095   2.795014    -0.6076   2.795518    7.49774     0.3136    13.8155 0.0000e+00  -61.55483  -57.76867 1152515331 191.297833    34.1960 0.0000e+00
     67.000    -0.5824   2.797814    -0.5798   2.798295    7.46662     0.2993    13.8155 0.0000e+00  -61.55483  -57.76867 1152515334 191.297868    34.2026 0.0000e+00
     68.000    -0.5676   2.799350    -0.5676   2.799623    7.45298     0.2833    13.8155 0.0000e+00  -61.55483  -57.76867 1152515335 191.297880    34.2054 0.0000e+00
     69.000    -0.5512   2.801112    -0.5503   2.801426    7.43476     0.3104    13.8155 0.0000e+00  -61.55483  -57.76867 1152515336 191.297891    34.2099 0.0000e+00
     70.000    -0.5341   2.802848    -0.5313   2.803399    7.41185     0.3110    13.8155 0.0000e+00  -61.55483  -57.76867 1152515340 191.297929    34.2134 0.0000e+00
     71.000    -0.5255   2.803794    -0.5237   2.804221    7.39297     0.2859    13.8155 0.0000e+00  -61.55483  -57.76867 1152515344 191.297982    34.2162 0.0000e+00
     72.000    -0.5213   2.804253    -0.5203   2.804625    7.38332     0.2874    13.8155 0.0000e+00  -61.55483  -57.76867 1152515345 191.297992    34.2169 0.0000e+00
     73.000    -0.5148   2.804929    -0.5137   2.805319    7.35435     0.2736    13.8155 0.0000e+00  -61.55483  -57.76867 1152515349 191.298041    34.2186 0.0000e+00
     74.000    -0.4909   2.807298    -0.4873   2.807853    7.32305     0.2732    13.8155 0.0000e+00  -61.55483  -57.76867 1152515353 191.298082    34.2227 0.0000e+00
     75.000    -0.4743   2.808922    -0.4726   2.809324    7.27980     0.2887    13.8155 0.0000e+00  -61.55483  -57.76867 1152515356 191.298118    34.2250 0.0000e+00
     76.000    -0.4075   2.815624    -0.4025   2.816051    7.21093     0.2714    13.8155 0.0000e+00  -61.55483  -57.76867 1152515360 191.298161    34.2390 0.0000e+00
     77.000    -0.3580   2.820445    -0.3561   2.820790    7.18669     0.2740    13.8155 0.0000e+00  -61.55483  -57.76867 1152515361 191.298171    34.2444 0.0000e+00
     78.000    -0.3601   2.820439    -0.3583   2.820806    7.16611     0.2710    13.8155 0.0000e+00  -61.55483  -57.76867 1152515361 191.298181    34.2466 0.0000e+00
     79.000    -0.3534   2.821331    -0.3513   2.821723    7.14211     0.2762    13.8155 0.0000e+00  -61.55483  -57.76867 1152515365 191.298219    34.2512 0.0000e+00
     80.000    -0.3586   2.820911    -0.3572   2.821328    7.13552     0.2710    13.8155 0.0000e+00  -61.55483  -57.76867 1152515372 191.298299    34.2523 0.0000e+00
     81.000    -0.4158   2.815851    -0.4218   2.815841    7.13972     0.2629    13.8155 0.0000e+00  -61.55483  -57.76867 1152515372 191.298307    34.2529 0.0000e+00
     82.000    -0.4336   2.814378    -0.4308   2.815024    7.14319     0.2605    13.8155 0.0000e+00  -61.55483  -57.76867 1152515373 191.298315    34.2502 0.0000e+00
     83.000    -0.4462   2.813364    -0.4444   2.813845    7.15270     0.2730    13.8155 0.0000e+00  -61.55483  -57.76867 1152515374 191.298328    34.2507 0.0000e+00
     84.000    -0.4460   2.813452    -0.4450   2.813843    7.15920     0.2868    13.8155 0.0000e+00  -61.55483  -57.76867 1152515381 191.298413    34.2511 0.0000e+00
     85.000    -0.4498   2.813152    -0.4489   2.813521    7.16943     0.2863    13.8155 0.0000e+00  -61.55483  -57.76867 1152515384 191.298439    34.2507 0.0000e+00
     86.000    -0.4520   2.813041    -0.4503   2.813486    7.17724     0.2797    13.8155 0.0000e+00  -61.55483  -57.76867 1152515386 191.298465    34.2509 0.0000e+00
     87.000    -0.4503   2.813310    -0.4489   2.813711    7.18563     0.2844    13.8155 0.0000e+00  -61.55483  -57.76867 1152515389 191.298498    34.2516 0.0000e+00
     88.000    -0.4501   2.813412    -0.4487   2.813806    7.18762     0.2626    13.8155 0.0000e+00  -61.55483  -57.76867 1152515392 191.298532    34.2520 0.0000e+00
     89.000    -0.4494   2.813519    -0.4480   2.813906    7.18666     0.2619    13.8155 0.0000e+00  -61.55483  -57.76867 1152515393 191.298545    34.2519 0.0000e+00
     90.000    -0.4494   2.813595    -0.4484   2.813954    7.18377     0.2833    13.8155 0.0000e+00  -61.55483  -57.76867 1152515398 191.298600    34.2521 0.0000e+00
     91.000    -0.4523   2.813411    -0.4515   2.813745    7.18279     0.2698    13.8155 0.0000e+00  -61.55483  -57.76867 1152515401 191.298641    34.2523 0.0000e+00
     92.000    -0.4472   2.813961    -0.4465   2.814252    7.18273     0.2585    13.8155 0.0000e+00  -61.55483  -57.76867 1152515402 191.298652    34.2533 0.0000e+00
     93.000    -0.4418   2.814522    -0.4396   2.814925    7.17962     0.2755    13.8155 0.0000e+00  -61.55483  -57.76867 1152515403 191.298663    34.2540 0.0000e+00
     94.000    -0.4382   2.814885    -0.4359   2.815342    7.17316     0.2654    13.8155 0.0000e+00  -61.55483  -57.76867 1152515407 191.298703    34.2540 0.0000e+00
     95.000    -0.4368   2.815081    -0.4358   2.815425    7.16854     0.2709    13.8155 0.0000e+00  -61.55483  -57.76867 1152515412 191.298762    34.2544 0.0000e+00
     96.000    -0.4403   2.814829    -0.4390   2.815182    7.16536     0.2792    13.8155 0.0000e+00  -61.55483  -57.76867 1152515415 191.298802    34.2546 0.0000e+00
     97.000    -0.4415   2.814774    -0.4413   2.815042    7.16727     0.2653    13.8155 0.0000e+00  -61.55483  -57.76867 1152515417 191.298821    34.2545 0.0000e+00
     98.000    -0.4524   2.813842    -0.4515   2.814172    7.17135     0.2720    13.8155 0.0000e+00  -61.55483  -57.76867 1152515419 191.298844    34.2541 0.0000e+00
     99.000    -0.4430   2.814753    -0.4375   2.815491    7.17139     0.2776    13.8155 0.0000e+00  -61.55483  -57.76867 1152515422 191.298886    34.2548 0.0000e+00
    100.000    -0.4381   2.815264    -0.4370   2.815584    7.16844     0.2608    13.8155 0.0000e+00  -61.55483  -57.76867 1152515427 191.298936    34.2554 0.0000e+00
    101.000    -0.4361   2.815494    -0.4352   2.815822    7.16536     0.2678    13.8155 0.0000e+00  -61.55483  -57.76867 1152515428 191.298949    34.2556 0.0000e+00
