product_data/regression_test/downloaded_data/MGDS/320620060703/ctd/p6607301.ros
* Sea-Bird SBE 9 Data File:
* FileName = D:\Data\Raw\p6607301.dat
* Software Version Seasave Win32 V 5.32
* Temperature SN = 1649
* Conductivity SN = 1431
* Number of Bytes Per Scan = 37
* Number of Voltage Words = 5
* Number of Scans Averaged by the Deck Unit = 1
* NMEA Latitude = 62 13.82 S
* NMEA Longitude = 058 07.00 W
* NMEA UTC (Time) = 06:24:58
** Ship:   Nathaniel B. Palmer 
** Cruise:    NBP0606 
# nquan = 17
# nvalues = 1176                    
# units = specified
# name 0 = prDM: Pressure, Digiquartz [db]
# name 1 = t090C: Temperature [ITS-90, deg C]
# name 2 = c0S/m: Conductivity [S/m]
# name 3 = t190C: Temperature, 2 [ITS-90, deg C]
# name 4 = c1S/m: Conductivity, 2 [S/m]
# name 5 = sbeox0ML/L: Oxygen, SBE 43 [ml/l]
# name 6 = flECO-AFL: Fluorescence, Wetlab ECO-AFL/FL [mg/m^3]
# name 7 = bat: Beam Attenuation, Chelsea/Seatech/Wetlab CStar [1/m]
# name 8 = spar: SPAR/Surface Irradiance
# name 9 = latitude: Latitude [deg]
# name 10 = longitude: Longitude [deg]
# name 11 = timeY: Time, System [seconds]
# name 12 = timeJ: Julian Days
# name 13 = sal00: Salinity [PSU]
# name 14 = scan: scan number
# name 15 = nbf: number of bottles fired
# name 16 = flag:  0.000e+00
# interval = seconds: 0.0416667                   
# start_time = Jul 08 2006 06:25:06
*END*
[from data line 341]
    400.581     0.0541   2.887696     0.0548   2.887655    6.06481    -0.0749    13.8155 0.0000e+00  -62.23033  -58.11667 1152341978 189.291431    34.4842      49769          7  0.000e+00
    400.581     0.0536   2.887669     0.0551   2.887690    6.06970    -0.0749    13.8155 0.0000e+00  -62.23033  -58.11667 1152341978 189.291432    34.4844      49770          7  0.000e+00
    400.296     0.0517   2.887454     0.0524   2.887420    6.06980    -0.0642    13.8155 0.0000e+00  -62.23033  -58.11667 1152341987 189.291543    34.4838      50001          8  0.000e+00
    400.296     0.0519   2.887481     0.0528   2.887408    6.06977    -0.0534    13.8155 0.0000e+00  -62.23033  -58.11667 1152341987 189.291544    34.4840      50002          8  0.000e+00
    400.373     0.0516   2.887444     0.0527   2.887426    6.06989    -0.0749    13.8155 0.0000e+00  -62.23033  -58.11667 1152341987 189.291544    34.4838      50003          8  0.000e+00
    400.296     0.0520   2.887441     0.0527   2.887431    6.06496    -0.0426    13.8155 0.0000e+00  -62.23033  -58.11667 1152341987 189.291545    34.4833      50004          8  0.000e+00
    400.296     0.0517   2.887431     0.0525   2.887431    6.06982    -0.0426    13.8155 0.0000e+00  -62.23033  -58.11667 1152341987 189.291545    34.4835      50005          8  0.000e+00
    400.373     0.0517   2.887441     0.0525   2.887431    6.06988    -0.0319    13.8155 0.0000e+00  -62.23033  -58.11667 1152341988 189.291546    34.4836      50006          8  0.000e+00
    400.373     0.0519   2.887468     0.0527   2.887431    6.06503    -0.0857    13.8155 0.0000e+00  -62.23033  -58.11667 1152341988 189.291546    34.4838      50007          8  0.000e+00
    400.373     0.0517   2.887488     0.0527   2.887449    6.06504    -0.1072    13.8155 0.0000e+00  -62.23033  -58.11667 1152341988 189.291547    34.4842      50008          8  0.000e+00
    400.373     0.0520   2.887515     0.0528   2.887437    6.06499    -0.1180    13.8155 0.0000e+00  -62.23033  -58.11667 1152341988 189.291547    34.4842      50009          8  0.000e+00
    400.440     0.0523   2.887518     0.0530   2.887449    6.06501    -0.1072    13.8155 0.0000e+00  -62.23033  -58.11667 1152341988 189.291548    34.4839      50010          8  0.000e+00
    400.373     0.0522   2.887498     0.0528   2.887437    6.06979    -0.1395    13.8155 0.0000e+00  -62.23033  -58.11667 1152341988 189.291548    34.4838      50011          8  0.000e+00
    400.440     0.0523   2.887515     0.0533   2.887473    6.06982    -0.1395    13.8155 0.0000e+00  -62.23033  -58.11667 1152341988 189.291549    34.4838      50012          8  0.000e+00
    400.440     0.0522   2.887501     0.0525   2.887467    6.06984    -0.1072    13.8155 0.0000e+00  -62.23033  -58.11667 1152341988 189.291549    34.4838      50013          8  0.000e+00
    400.373     0.0522   2.887494     0.0530   2.887461    6.06979    -0.0857    13.8155 0.0000e+00  -62.23033  -58.11667 1152341988 189.291549    34.4838      50014          8  0.000e+00
    400.517     0.0525   2.887511     0.0531   2.887420    6.06986    -0.0642    13.8155 0.0000e+00  -62.23033  -58.11667 1152341988 189.291550    34.4835      50015          8  0.000e+00
    400.440     0.0522   2.887501     0.0530   2.887443    6.06984    -0.0534    13.8155 0.0000e+00  -62.23033  -58.11667 1152341988 189.291550    34.4838      50016          8  0.000e+00
    400.517     0.0522   2.887511     0.0528   2.887479    6.06990    -0.0426    13.8155 0.0000e+00  -62.23033  -58.11667 1152341988 189.291551    34.4839      50017          8  0.000e+00
    400.440     0.0520   2.887518     0.0536   2.887467    6.06985    -0.0749    13.8155 0.0000e+00  -62.23033  -58.11667 1152341988 189.291551    34.4842      50018          8  0.000e+00
    400.517     0.0522   2.887518     0.0524   2.887461    6.06989    -0.1180    13.8155 0.0000e+00  -62.23033  -58.11667 1152341988 189.291552    34.4839      50019          8  0.000e+00
    400.517     0.0523   2.887538     0.0528   2.887479    6.06987    -0.1287    13.8155 0.0000e+00  -62.23033  -58.11667 1152341988 189.291552    34.4841      50020          8  0.000e+00
    400.584     0.0525   2.887525     0.0530   2.887426    6.06991    -0.0749    13.8155 0.0000e+00  -62.23033  -58.11667 1152341988 189.291553    34.4837      50021          8  0.000e+00
    400.517     0.0526   2.887498     0.0527   2.887443    6.06985    -0.0964    13.8155 0.0000e+00  -62.23033  -58.11667 1152341988 189.291553    34.4832      50022          8  0.000e+00
    400.584     0.0525   2.887515     0.0533   2.887461    6.06511    -0.1502    13.8155 0.0000e+00  -62.23033  -58.11667 1152341988 189.291554    34.4835      50023          8  0.000e+00
    400.584     0.0517   2.887518     0.0530   2.887461    6.06520    -0.1610    13.8155 0.0000e+00  -62.23033  -58.11667 1152341988 189.291554    34.4845      50024          8  0.000e+00
    400.584     0.0520   2.887501     0.0530   2.887496    6.06517    -0.1180    13.8155 0.0000e+00  -62.23033  -58.11667 1152341988 189.291555    34.4839      50025          8  0.000e+00
    400.584     0.0526   2.887548     0.0528   2.887496    6.06988    -0.0964    13.8155 0.0000e+00  -62.23033  -58.11667 1152341988 189.291555    34.4838      50026          8  0.000e+00
    400.651     0.0525   2.887531     0.0530   2.887508    6.06996    -0.0964    13.8155 0.0000e+00  -62.23033  -58.11667 1152341988 189.291556    34.4837      50027          8  0.000e+00
    400.584     0.0523   2.887552     0.0534   2.887514    6.06992    -0.1072    13.8155 0.0000e+00  -62.23033  -58.11667 1152341988 189.291556    34.4842      50028          8  0.000e+00
    400.651     0.0530   2.887565     0.0534   2.887496    6.06508    -0.1180    13.8155 0.0000e+00  -62.23033  -58.11667 1152341988 189.291557    34.4837      50029          8  0.000e+00
    400.651     0.0528   2.887615     0.0530   2.887479    6.06988    -0.1180    13.8155 0.0000e+00  -62.23033  -58.11667 1152341988 189.291557    34.4845      50030          8  0.000e+00
    400.728     0.0531   2.887599     0.0536   2.887484    6.06991    -0.1072    13.8155 0.0000e+00  -62.23033  -58.11667 1152341988 189.291558    34.4839      50031          8  0.000e+00
    400.651     0.0526   2.887588     0.0533   2.887490    6.06991    -0.1395    13.8155 0.0000e+00  -62.23033  -58.11667 1152341989 189.291558    34.4843      50032          8  0.000e+00
    400.728     0.0526   2.887602     0.0531   2.887508    6.06997    -0.1180    13.8155 0.0000e+00  -62.23033  -58.11667 1152341989 189.291559    34.4845      50033          8  0.000e+00
    400.728     0.0533   2.887595     0.0531   2.887496    6.06990    -0.1287    13.8155 0.0000e+00  -62.23033  -58.11667 1152341989 189.291559    34.4837      50034          8  0.000e+00
    400.728     0.0533   2.887602     0.0533   2.887508    6.06990    -0.1287    13.8155 0.0000e+00  -62.23033  -58.11667 1152341989 189.291560    34.4838      50035          8  0.000e+00
    400.728     0.0531   2.887629     0.0536   2.887514    6.06990    -0.1072    13.8155 0.0000e+00  -62.23033  -58.11667 1152341989 189.291560    34.4843      50036          8  0.000e+00
    400.728     0.0530   2.887599     0.0534   2.887496    6.06513    -0.0857    13.8155 0.0000e+00  -62.23033  -58.11667 1152341989 189.291561    34.4841      50037          8  0.000e+00
    400.795     0.0531   2.887605     0.0536   2.887508    6.06997    -0.1072    13.8155 0.0000e+00  -62.23033  -58.11667 1152341989 189.291561    34.4839      50038          8  0.000e+00
    400.795     0.0533   2.887592     0.0536   2.887532    6.06995    -0.0964    13.8155 0.0000e+00  -62.23033  -58.11667 1152341989 189.291562    34.4835      50039          8  0.000e+00
    400.795     0.0530   2.887588     0.0534   2.887520    6.07000    -0.0857    13.8155 0.0000e+00  -62.23033  -58.11667 1152341989 189.291562    34.4839      50040          8  0.000e+00
    400.795     0.0531   2.887588     0.0536   2.887514    6.06998    -0.0534    13.8155 0.0000e+00  -62.23033  -58.11667 1152341989 189.291563    34.4837      50041          8  0.000e+00
    400.872     0.0533   2.887588     0.0536   2.887514    6.07002    -0.0857    13.8155 0.0000e+00  -62.23033  -58.11667 1152341989 189.291563    34.4835      50042          8  0.000e+00
    400.795     0.0530   2.887572     0.0537   2.887532    6.07001    -0.0857    13.8155 0.0000e+00  -62.23033  -58.11667 1152341989 189.291563    34.4837      50043          8  0.000e+00
    400.872     0.0528   2.887599     0.0534   2.887561    6.07007    -0.0749    13.8155 0.0000e+00  -62.23033  -58.11667 1152341989 189.291564    34.4841      50044          8  0.000e+00
    400.872     0.0528   2.887595     0.0539   2.887573    6.07008    -0.1072    13.8155 0.0000e+00  -62.23033  -58.11667 1152341989 189.291564    34.4841      50045          8  0.000e+00
    400.872     0.0533   2.887622     0.0537   2.887590    6.07001    -0.1180    13.8155 0.0000e+00  -62.23033  -58.11667 1152341989 189.291565    34.4839      50046          8  0.000e+00
    400.872     0.0526   2.887582     0.0540   2.887579    6.07010    -0.1395    13.8155 0.0000e+00  -62.23033  -58.11667 1152341989 189.291565    34.4841      50047          8  0.000e+00
    400.939     0.0531   2.887632     0.0545   2.887590    6.07007    -0.1502    13.8155 0.0000e+00  -62.23033  -58.11667 1152341989 189.291566    34.4842      50048          8  0.000e+00
    400.872     0.0530   2.887656     0.0545   2.887614    6.07003    -0.1180    13.8155 0.0000e+00  -62.23033  -58.11667 1152341989 189.291566    34.4847      50049          8  0.000e+00
    350.569    -1.3969   2.753734    -1.3904   2.754025    7.19548    -0.0964    13.8155 0.0000e+00  -62.23033  -58.11667 1152342105 189.292908    34.3553      52832          9  0.000e+00
    350.645    -1.3976   2.753639    -1.3905   2.754008    7.19573    -0.0857    13.8155 0.0000e+00  -62.23033  -58.11667 1152342105 189.292909    34.3548      52833          9  0.000e+00
    350.511    -1.3983   2.753609    -1.3922   2.753950    7.19572    -0.0964    13.8155 0.0000e+00  -62.23033  -58.11667 1152342105 189.292909    34.3553      52834          9  0.000e+00
    350.511    -1.3984   2.753626    -1.3932   2.753875    7.19573    -0.1180    13.8155 0.0000e+00  -62.23033  -58.11667 1152342105 189.292910    34.3557      52835          9  0.000e+00
    350.511    -1.3980   2.753563    -1.3951   2.753719    7.19571    -0.1072    13.8155 0.0000e+00  -62.23033  -58.11667 1152342105 189.292910    34.3543      52836          9  0.000e+00
    350.578    -1.3993   2.753475    -1.3948   2.753638    7.19604    -0.1072    13.8155 0.0000e+00  -62.23033  -58.11667 1152342105 189.292911    34.3546      52837          9  0.000e+00
    350.511    -1.3996   2.753337    -1.3954   2.753620    7.19610    -0.0857    13.8155 0.0000e+00  -62.23033  -58.11667 1152342105 189.292911    34.3530      52838          9  0.000e+00
    350.425    -1.4007   2.753265    -1.3959   2.753620    7.19623    -0.0642    13.8155 0.0000e+00  -62.23033  -58.11667 1152342106 189.292912    34.3534      52839          9  0.000e+00
    350.511    -1.4017   2.753186    -1.3960   2.753620    7.19651    -0.0857    13.8155 0.0000e+00  -62.23033  -58.11667 1152342106 189.292912    34.3533      52840          9  0.000e+00
    350.511    -1.4018   2.753117    -1.3955   2.753586    7.19658    -0.1072    13.8155 0.0000e+00  -62.23033  -58.11667 1152342106 189.292913    34.3525      52841          9  0.000e+00
    350.435    -1.4026   2.753117    -1.3954   2.753563    7.19662    -0.1072    13.8155 0.0000e+00  -62.23033  -58.11667 1152342106 189.292913    34.3535      52842          9  0.000e+00
    350.435    -1.4016   2.753087    -1.3960   2.753545    7.19649    -0.0857    13.8155 0.0000e+00  -62.23033  -58.11667 1152342106 189.292914    34.3520      52843          9  0.000e+00
    350.435    -1.4020   2.753094    -1.3965   2.753539    7.20150    -0.0749    13.8155 0.0000e+00  -62.23033  -58.11667 1152342106 189.292914    34.3525      52844          9  0.000e+00
    350.435    -1.4017   2.753130    -1.3965   2.753487    7.20143    -0.0964    13.8155 0.0000e+00  -62.23033  -58.11667 1152342106 189.292915    34.3526      52845          9  0.000e+00
    350.358    -1.4009   2.753209    -1.3966   2.753458    7.20118    -0.1180    13.8155 0.0000e+00  -62.23033  -58.11667 1152342106 189.292915    34.3528      52846          9  0.000e+00
    350.435    -1.4003   2.753199    -1.3968   2.753441    7.20118    -0.0964    13.8155 0.0000e+00  -62.23033  -58.11667 1152342106 189.292916    34.3520      52847          9  0.000e+00
    350.368    -1.3999   2.753205    -1.3971   2.753453    7.20105    -0.0857    13.8155 0.0000e+00  -62.23033  -58.11667 1152342106 189.292916    34.3517      52848          9  0.000e+00
    350.368    -1.4004   2.753192    -1.3980   2.753372    7.20113    -0.1072    13.8155 0.0000e+00  -62.23033  -58.11667 1152342106 189.292917    34.3521      52849          9  0.000e+00
    350.368    -1.4001   2.753189    -1.3989   2.753331    7.20109    -0.0534    13.8155 0.0000e+00  -62.23033  -58.11667 1152342106 189.292917    34.3517      52850          9  0.000e+00
    350.301    -1.4003   2.753189    -1.3989   2.753285    7.20105    -0.0534    13.8155 0.0000e+00  -62.23033  -58.11667 1152342106 189.292918    34.3519      52851          9  0.000e+00
    350.301    -1.4000   2.753219    -1.3991   2.753291    7.20098    -0.1072    13.8155 0.0000e+00  -62.23033  -58.11667 1152342106 189.292918    34.3520      52852          9  0.000e+00
    350.358    -1.3993   2.753248    -1.3995   2.753302    7.20093    -0.0964    13.8155 0.0000e+00  -62.23033  -58.11667 1152342106 189.292919    34.3516      52853          9  0.000e+00
    350.224    -1.3991   2.753255    -1.3997   2.753297    7.20075    -0.1072    13.8155 0.0000e+00  -62.23033  -58.11667 1152342106 189.292919    34.3515      52854          9  0.000e+00
    350.301    -1.3986   2.753304    -1.4003   2.753262    7.20072    -0.1610    13.8155 0.0000e+00  -62.23033  -58.11667 1152342106 189.292920    34.3516      52855          9  0.000e+00
    350.301    -1.3987   2.753294    -1.3997   2.753268    7.20075    -0.1395    13.8155 0.0000e+00  -62.23033  -58.11667 1152342106 189.292920    34.3516      52856          9  0.000e+00
    350.224    -1.3984   2.753347    -1.3995   2.753273    7.20059    -0.1287    13.8155 0.0000e+00  -62.23033  -58.11667 1152342106 189.292921    34.3520      52857          9  0.000e+00
    350.224    -1.3981   2.753366    -1.3992   2.753268    7.20053    -0.1072    13.8155 0.0000e+00  -62.23033  -58.11667 1152342106 189.292921    34.3519      52858          9  0.000e+00
    350.224    -1.3976   2.753396    -1.3988   2.753291    7.20043    -0.0964    13.8155 0.0000e+00  -62.23033  -58.11667 1152342106 189.292921    34.3517      52859          9  0.000e+00
    350.147    -1.3972   2.753458    -1.3994   2.753279    7.20025    -0.1180    13.8155 0.0000e+00  -62.23033  -58.11667 1152342106 189.292922    34.3522      52860          9  0.000e+00
    350.157    -1.3963   2.753524    -1.3992   2.753256    7.20008    -0.1072    13.8155 0.0000e+00  -62.23033  -58.11667 1152342106 189.292922    34.3520      52861          9  0.000e+00
    350.157    -1.3957   2.753573    -1.3994   2.753268    7.19996    -0.1395    13.8155 0.0000e+00  -62.23033  -58.11667 1152342106 189.292923    34.3520      52862          9  0.000e+00
    350.157    -1.3958   2.753652    -1.3991   2.753308    7.19993    -0.1395    13.8155 0.0000e+00  -62.23033  -58.11667 1152342107 189.292923    34.3532      52863          9  0.000e+00
    350.157    -1.3946   2.753724    -1.3980   2.753383    7.19970    -0.1502    13.8155 0.0000e+00  -62.23033  -58.11667 1152342107 189.292924    34.3528      52864          9  0.000e+00
