product_data/regression_test/downloaded_data/MGDS/320620060703/ctd/p6607201.ros
* Sea-Bird SBE 9 Data File:
* FileName = D:\Data\Raw\p6607201.dat
* Software Version Seasave Win32 V 5.32
* Temperature SN = 1649
* Conductivity SN = 1431
* Number of Bytes Per Scan = 37
* Number of Voltage Words = 5
* Number of Scans Averaged by the Deck Unit = 1
* NMEA Latitude = 62 12.88 S
* NMEA Longitude = 058 07.66 W
* NMEA UTC (Time) = 05:07:40
** Ship:   Nathaniel B. Palmer 
** Cruise:    NBP0606 
# nquan = 17
# nvalues = 1176                    
# units = specified
# name 0 = prDM: Pressure, Digiquartz [db]
# name 1 = t090C: Temperature [ITS-90, deg C]
# name 2 = c0S/m: Conductivity [S/m]
# name 3 = t190C: Temperature, 2 [ITS-90, deg C]
# name 4 = c1S/m: Conductivity, 2 [S/m]
# name 5 = sbeox0ML/L: Oxygen, SBE 43 [ml/l]
# name 6 = flECO-AFL: Fluorescence, Wetlab ECO-AFL/FL [mg/m^3]
# name 7 = bat: Beam Attenuation, Chelsea/Seatech/Wetlab CStar [1/m]
# name 8 = spar: SPAR/Surface Irradiance
# name 9 = latitude: Latitude [deg]
# name 10 = longitude: Longitude [deg]
# name 11 = timeY: Time, System [seconds]
# name 12 = timeJ: Julian Days
# name 13 = sal00: Salinity [PSU]
# name 14 = scan: scan number
# name 15 = nbf: number of bottles fired
# name 16 = flag:  0.000e+00
# interval = seconds: 0.0416667                   
# start_time = Jul 08 2006 05:07:47
*END*
[from data line 426]
    349.825    -0.0463   2.873935    -0.0476   2.873673    6.26704    -0.0749    13.8155 0.0000e+00  -62.21467  -58.12767 1152336718 189.230554    34.4452      34869          9  0.000e+00
    349.767    -0.0469   2.873905    -0.0472   2.873679    6.26708    -0.0857    13.8155 0.0000e+00  -62.21467  -58.12767 1152336718 189.230554    34.4455      34870          9  0.000e+00
    349.691    -0.0466   2.873838    -0.0473   2.873684    6.26702    -0.1287    13.8155 0.0000e+00  -62.21467  -58.12767 1152336718 189.230555    34.4444      34871          9  0.000e+00
    349.767    -0.0472   2.873855    -0.0472   2.873684    6.27194    -0.1180    13.8155 0.0000e+00  -62.21467  -58.12767 1152336718 189.230555    34.4452      34872          9  0.000e+00
    349.767    -0.0471   2.873831    -0.0478   2.873684    6.26715    -0.1072    13.8155 0.0000e+00  -62.21467  -58.12767 1152336718 189.230556    34.4447      34873          9  0.000e+00
    349.767    -0.0472   2.873855    -0.0475   2.873708    6.26715    -0.0964    13.8155 0.0000e+00  -62.21467  -58.12767 1152336718 189.230556    34.4452      34874          9  0.000e+00
    349.758    -0.0473   2.873831    -0.0475   2.873708    6.26716    -0.0642    13.8155 0.0000e+00  -62.21467  -58.12767 1152336719 189.230557    34.4449      34875          9  0.000e+00
    349.767    -0.0471   2.873801    -0.0468   2.873708    6.26716    -0.0964    13.8155 0.0000e+00  -62.21467  -58.12767 1152336719 189.230557    34.4443      34876          9  0.000e+00
    349.767    -0.0473   2.873798    -0.0466   2.873796    6.26719    -0.1287    13.8155 0.0000e+00  -62.21467  -58.12767 1152336719 189.230557    34.4445      34877          9  0.000e+00
    349.767    -0.0474   2.873798    -0.0453   2.873861    6.27199    -0.1072    13.8155 0.0000e+00  -62.21467  -58.12767 1152336719 189.230558    34.4446      34878          9  0.000e+00
    349.767    -0.0471   2.873768    -0.0447   2.873937    6.26718    -0.0749    13.8155 0.0000e+00  -62.21467  -58.12767 1152336719 189.230558    34.4439      34879          9  0.000e+00
    349.767    -0.0476   2.873804    -0.0444   2.873996    6.26722    -0.1180    13.8155 0.0000e+00  -62.21467  -58.12767 1152336719 189.230559    34.4449      34880          9  0.000e+00
    349.758    -0.0474   2.873821    -0.0444   2.874007    6.26718    -0.1180    13.8155 0.0000e+00  -62.21467  -58.12767 1152336719 189.230559    34.4450      34881          9  0.000e+00
    349.834    -0.0477   2.873768    -0.0444   2.873990    6.26732    -0.1072    13.8155 0.0000e+00  -62.21467  -58.12767 1152336719 189.230560    34.4446      34882          9  0.000e+00
    349.767    -0.0471   2.873821    -0.0444   2.873978    6.26715    -0.0964    13.8155 0.0000e+00  -62.21467  -58.12767 1152336719 189.230560    34.4446      34883          9  0.000e+00
    349.558    -0.0477   2.873768    -0.0481   2.873626    6.26229    -0.0857    13.8155 0.0000e+00  -62.21467  -58.12767 1152336724 189.230618    34.4447      35003         10  0.000e+00
    349.616    -0.0474   2.873774    -0.0479   2.873608    6.26230    -0.0642    13.8155 0.0000e+00  -62.21467  -58.12767 1152336724 189.230619    34.4444      35004         10  0.000e+00
    349.626    -0.0472   2.873754    -0.0479   2.873626    6.26709    -0.0642    13.8155 0.0000e+00  -62.21467  -58.12767 1152336724 189.230619    34.4440      35005         10  0.000e+00
    349.559    -0.0474   2.873768    -0.0481   2.873632    6.26704    -0.0534    13.8155 0.0000e+00  -62.21467  -58.12767 1152336724 189.230620    34.4444      35006         10  0.000e+00
    349.559    -0.0474   2.873808    -0.0476   2.873632    6.26702    -0.0642    13.8155 0.0000e+00  -62.21467  -58.12767 1152336724 189.230620    34.4449      35007         10  0.000e+00
    349.559    -0.0473   2.873801    -0.0476   2.873673    6.26700    -0.0964    13.8155 0.0000e+00  -62.21467  -58.12767 1152336724 189.230621    34.4447      35008         10  0.000e+00
    349.626    -0.0474   2.873798    -0.0472   2.873684    6.26229    -0.1072    13.8155 0.0000e+00  -62.21467  -58.12767 1152336724 189.230621    34.4447      35009         10  0.000e+00
    349.549    -0.0476   2.873778    -0.0466   2.873684    6.26705    -0.0857    13.8155 0.0000e+00  -62.21467  -58.12767 1152336724 189.230622    34.4447      35010         10  0.000e+00
    349.559    -0.0471   2.873761    -0.0472   2.873661    6.26222    -0.0857    13.8155 0.0000e+00  -62.21467  -58.12767 1152336724 189.230622    34.4439      35011         10  0.000e+00
    349.559    -0.0482   2.873768    -0.0475   2.873679    6.26235    -0.1610    13.8155 0.0000e+00  -62.21467  -58.12767 1152336724 189.230623    34.4452      35012         10  0.000e+00
    349.626    -0.0482   2.873754    -0.0476   2.873661    6.26242    -0.1825    13.8155 0.0000e+00  -62.21467  -58.12767 1152336724 189.230623    34.4450      35013         10  0.000e+00
    349.559    -0.0477   2.873784    -0.0476   2.873679    6.26707    -0.1395    13.8155 0.0000e+00  -62.21467  -58.12767 1152336724 189.230624    34.4449      35014         10  0.000e+00
    349.559    -0.0482   2.873778    -0.0473   2.873702    6.26713    -0.0857    13.8155 0.0000e+00  -62.21467  -58.12767 1152336724 189.230624    34.4454      35015         10  0.000e+00
    349.616    -0.0483   2.873754    -0.0475   2.873667    6.26722    -0.0857    13.8155 0.0000e+00  -62.21467  -58.12767 1152336724 189.230625    34.4452      35016         10  0.000e+00
    349.559    -0.0480   2.873717    -0.0470   2.873720    6.26715    -0.1072    13.8155 0.0000e+00  -62.21467  -58.12767 1152336724 189.230625    34.4444      35017         10  0.000e+00
    349.626    -0.0479   2.873758    -0.0472   2.873737    6.26717    -0.1072    13.8155 0.0000e+00  -62.21467  -58.12767 1152336724 189.230625    34.4447      35018         10  0.000e+00
    349.559    -0.0482   2.873778    -0.0473   2.873702    6.26713    -0.0964    13.8155 0.0000e+00  -62.21467  -58.12767 1152336724 189.230626    34.4454      35019         10  0.000e+00
    349.626    -0.0480   2.873758    -0.0478   2.873661    6.26719    -0.0857    13.8155 0.0000e+00  -62.21467  -58.12767 1152336725 189.230626    34.4449      35020         10  0.000e+00
    349.626    -0.0480   2.873784    -0.0476   2.873655    6.26238    -0.0749    13.8155 0.0000e+00  -62.21467  -58.12767 1152336725 189.230627    34.4453      35021         10  0.000e+00
    349.626    -0.0479   2.873761    -0.0481   2.873637    6.26237    -0.0642    13.8155 0.0000e+00  -62.21467  -58.12767 1152336725 189.230627    34.4447      35022         10  0.000e+00
    349.616    -0.0477   2.873768    -0.0481   2.873649    6.26713    -0.0426    13.8155 0.0000e+00  -62.21467  -58.12767 1152336725 189.230628    34.4447      35023         10  0.000e+00
    349.626    -0.0474   2.873791    -0.0483   2.873620    6.26709    -0.0857    13.8155 0.0000e+00  -62.21467  -58.12767 1152336725 189.230628    34.4446      35024         10  0.000e+00
    349.693    -0.0476   2.873778    -0.0484   2.873602    6.26717    -0.0749    13.8155 0.0000e+00  -62.21467  -58.12767 1152336725 189.230629    34.4446      35025         10  0.000e+00
    349.626    -0.0477   2.873791    -0.0482   2.873643    6.26713    -0.0642    13.8155 0.0000e+00  -62.21467  -58.12767 1152336725 189.230629    34.4450      35026         10  0.000e+00
    349.693    -0.0473   2.873815    -0.0479   2.873637    6.26711    -0.1072    13.8155 0.0000e+00  -62.21467  -58.12767 1152336725 189.230630    34.4447      35027         10  0.000e+00
    349.693    -0.0471   2.873841    -0.0476   2.873632    6.26708    -0.1072    13.8155 0.0000e+00  -62.21467  -58.12767 1152336725 189.230630    34.4449      35028         10  0.000e+00
    349.683    -0.0476   2.873828    -0.0483   2.873632    6.26714    -0.0642    13.8155 0.0000e+00  -62.21467  -58.12767 1152336725 189.230631    34.4453      35029         10  0.000e+00
    349.770    -0.0474   2.873784    -0.0479   2.873649    6.26722    -0.0426    13.8155 0.0000e+00  -62.21467  -58.12767 1152336725 189.230631    34.4445      35030         10  0.000e+00
    349.693    -0.0471   2.873858    -0.0484   2.873637    6.26707    -0.0964    13.8155 0.0000e+00  -62.21467  -58.12767 1152336725 189.230632    34.4451      35031         10  0.000e+00
    349.770    -0.0474   2.873855    -0.0484   2.873632    6.26718    -0.1072    13.8155 0.0000e+00  -62.21467  -58.12767 1152336725 189.230632    34.4454      35032         10  0.000e+00
    349.770    -0.0468   2.873861    -0.0487   2.873608    6.26709    -0.1180    13.8155 0.0000e+00  -62.21467  -58.12767 1152336725 189.230633    34.4448      35033         10  0.000e+00
    349.837    -0.0472   2.873815    -0.0482   2.873567    6.26724    -0.1395    13.8155 0.0000e+00  -62.21467  -58.12767 1152336725 189.230633    34.4446      35034         10  0.000e+00
    349.770    -0.0470   2.873815    -0.0495   2.873590    6.26714    -0.1395    13.8155 0.0000e+00  -62.21467  -58.12767 1152336725 189.230634    34.4444      35035         10  0.000e+00
    349.827    -0.0476   2.873801    -0.0493   2.873567    6.26727    -0.1180    13.8155 0.0000e+00  -62.21467  -58.12767 1152336725 189.230634    34.4448      35036         10  0.000e+00
    349.837    -0.0474   2.873784    -0.0481   2.873591    6.26727    -0.0749    13.8155 0.0000e+00  -62.21467  -58.12767 1152336725 189.230635    34.4444      35037         10  0.000e+00
    349.904    -0.0482   2.873758    -0.0484   2.873638    6.26745    -0.0642    13.8155 0.0000e+00  -62.21467  -58.12767 1152336725 189.230635    34.4449      35038         10  0.000e+00
    349.904    -0.0483   2.873731    -0.0478   2.873679    6.26748    -0.0426    13.8155 0.0000e+00  -62.21467  -58.12767 1152336725 189.230636    34.4447      35039         10  0.000e+00
    349.904    -0.0485   2.873728    -0.0478   2.873702    6.26750    -0.0857    13.8155 0.0000e+00  -62.21467  -58.12767 1152336725 189.230636    34.4448      35040         10  0.000e+00
    349.904    -0.0482   2.873728    -0.0476   2.873673    6.26746    -0.1072    13.8155 0.0000e+00  -62.21467  -58.12767 1152336725 189.230637    34.4445      35041         10  0.000e+00
    349.971    -0.0487   2.873711    -0.0478   2.873638    6.26759    -0.0749    13.8155 0.0000e+00  -62.21467  -58.12767 1152336725 189.230637    34.4448      35042         10  0.000e+00
    350.048    -0.0491   2.873671    -0.0476   2.873649    6.26774    -0.1287    13.8155 0.0000e+00  -62.21467  -58.12767 1152336725 189.230638    34.4447      35043         10  0.000e+00
    349.981    -0.0490   2.873677    -0.0479   2.873679    6.26766    -0.1072    13.8155 0.0000e+00  -62.21467  -58.12767 1152336726 189.230638    34.4447      35044         10  0.000e+00
    350.048    -0.0487   2.873684    -0.0476   2.873685    6.26767    -0.1180    13.8155 0.0000e+00  -62.21467  -58.12767 1152336726 189.230639    34.4444      35045         10  0.000e+00
    350.048    -0.0488   2.873738    -0.0475   2.873685    6.26766    -0.0964    13.8155 0.0000e+00  -62.21467  -58.12767 1152336726 189.230639    34.4452      35046         10  0.000e+00
    350.124    -0.0483   2.873788    -0.0475   2.873643    6.26764    -0.0857    13.8155 0.0000e+00  -62.21467  -58.12767 1152336726 189.230639    34.4453      35047         10  0.000e+00
    350.115    -0.0480   2.873778    -0.0475   2.873673    6.26760    -0.0749    13.8155 0.0000e+00  -62.21467  -58.12767 1152336726 189.230640    34.4449      35048         10  0.000e+00
    350.191    -0.0482   2.873808    -0.0481   2.873643    6.26767    -0.0642    13.8155 0.0000e+00  -62.21467  -58.12767 1152336726 189.230640    34.4454      35049         10  0.000e+00
    350.124    -0.0471   2.873821    -0.0488   2.873585    6.26746    -0.0642    13.8155 0.0000e+00  -62.21467  -58.12767 1152336726 189.230641    34.4444      35050         10  0.000e+00
    350.258    -0.0471   2.873838    -0.0497   2.873497    6.26757    -0.0749    13.8155 0.0000e+00  -62.21467  -58.12767 1152336726 189.230641    34.4445      35051         10  0.000e+00
    300.167    -0.8052   2.800880    -0.8078   2.800351    6.83899    -0.0749    13.8155 0.0000e+00  -62.21467  -58.12767 1152336816 189.231688    34.3545      37221         11  0.000e+00
    300.004    -0.8044   2.800828    -0.8114   2.800066    6.83876    -0.0964    13.8155 0.0000e+00  -62.21467  -58.12767 1152336816 189.231688    34.3530      37222         11  0.000e+00
    300.148    -0.8049   2.800622    -0.8134   2.799700    6.84395    -0.1072    13.8155 0.0000e+00  -62.21467  -58.12767 1152336816 189.231689    34.3506      37223         11  0.000e+00
    300.100    -0.8072   2.800252    -0.8177   2.799391    6.83961    -0.0749    13.8155 0.0000e+00  -62.21467  -58.12767 1152336816 189.231689    34.3483      37224         11  0.000e+00
    300.148    -0.8129   2.800037    -0.8224   2.799153    6.84058    -0.0857    13.8155 0.0000e+00  -62.21467  -58.12767 1152336816 189.231690    34.3518      37225         11  0.000e+00
    300.215    -0.8130   2.800067    -0.8234   2.799031    6.84064    -0.1072    13.8155 0.0000e+00  -62.21467  -58.12767 1152336816 189.231690    34.3522      37226         11  0.000e+00
    300.167    -0.8100   2.800070    -0.8214   2.799176    6.84017    -0.1610    13.8155 0.0000e+00  -62.21467  -58.12767 1152336816 189.231691    34.3489      37227         11  0.000e+00
    300.215    -0.8093   2.800182    -0.8179   2.799479    6.84004    -0.1610    13.8155 0.0000e+00  -62.21467  -58.12767 1152336817 189.231691    34.3496      37228         11  0.000e+00
    300.215    -0.8074   2.800394    -0.8168   2.799612    6.83965    -0.0964    13.8155 0.0000e+00  -62.21467  -58.12767 1152336817 189.231692    34.3503      37229         11  0.000e+00
    300.148    -0.8067   2.800450    -0.8119   2.799700    6.83946    -0.0642    13.8155 0.0000e+00  -62.21467  -58.12767 1152336817 189.231692    34.3504      37230         11  0.000e+00
    300.244    -0.8071   2.800431    -0.8067   2.800031    6.83476    -0.0319    13.8155 0.0000e+00  -62.21467  -58.12767 1152336817 189.231693    34.3504      37231         11  0.000e+00
    300.215    -0.8075   2.800305    -0.8045   2.800432    6.83972    -0.0211    13.8155 0.0000e+00  -62.21467  -58.12767 1152336817 189.231693    34.3492      37232         11  0.000e+00
    300.215    -0.8089   2.800116    -0.8015   2.800851    6.83519    -0.0857    13.8155 0.0000e+00  -62.21467  -58.12767 1152336817 189.231694    34.3483      37233         11  0.000e+00
    300.244    -0.8082   2.800130    -0.7966   2.801218    6.83510    -0.1072    13.8155 0.0000e+00  -62.21467  -58.12767 1152336817 189.231694    34.3476      37234         11  0.000e+00
    300.282    -0.8061   2.800321    -0.7972   2.801322    6.83959    -0.0964    13.8155 0.0000e+00  -62.21467  -58.12767 1152336817 189.231695    34.3479      37235         11  0.000e+00
    300.215    -0.8037   2.800583    -0.8013   2.800991    6.83416    -0.0534    13.8155 0.0000e+00  -62.21467  -58.12767 1152336817 189.231695    34.3487      37236         11  0.000e+00
    300.311    -0.8020   2.800781    -0.8032   2.800613    6.83389    -0.0749    13.8155 0.0000e+00  -62.21467  -58.12767 1152336817 189.231696    34.3494      37237         11  0.000e+00
    300.282    -0.8024   2.800745    -0.8038   2.800473    6.83395    -0.0964    13.8155 0.0000e+00  -62.21467  -58.12767 1152336817 189.231696    34.3494      37238         11  0.000e+00
    300.282    -0.8019   2.800751    -0.8061   2.800351    6.83388    -0.0964    13.8155 0.0000e+00  -62.21467  -58.12767 1152336817 189.231697    34.3489      37239         11  0.000e+00
    300.311    -0.8002   2.800844    -0.8091   2.800153    6.83361    -0.1072    13.8155 0.0000e+00  -62.21467  -58.12767 1152336817 189.231697    34.3482      37240         11  0.000e+00
