product_data/regression_test/downloaded_data/MGDS/320620060703/ctd/p6607701.ros
* Sea-Bird SBE 9 Data File:
* FileName = D:\Data\Raw\p6607701.dat
* Software Version Seasave Win32 V 5.32
* Temperature SN = 1649
* Conductivity SN = 1431
* Number of Bytes Per Scan = 37
* Number of Voltage Words = 5
* Number of Scans Averaged by the Deck Unit = 1
* NMEA Latitude = 62 17.76 S
* NMEA Longitude = 058 04.55 W
* NMEA UTC (Time) = 21:09:54
** Ship:   Nathaniel B. Palmer 
** Cruise:    NBP0606 
# nquan = 17
# nvalues = 1173                    
# units = specified
# name 0 = prDM: Pressure, Digiquartz [db]
# name 1 = t090C: Temperature [ITS-90, deg C]
# name 2 = c0S/m: Conductivity [S/m]
# name 3 = t190C: Temperature, 2 [ITS-90, deg C]
# name 4 = c1S/m: Conductivity, 2 [S/m]
# name 5 = sbeox0ML/L: Oxygen, SBE 43 [ml/l]
# name 6 = flECO-AFL: Fluorescence, Wetlab ECO-AFL/FL [mg/m^3]
# name 7 = bat: Beam Attenuation, Chelsea/Seatech/Wetlab CStar [1/m]
# name 8 = spar: SPAR/Surface Irradiance
# name 9 = latitude: Latitude [deg]
# name 10 = longitude: Longitude [deg]
# name 11 = timeY: Time, System [seconds]
# name 12 = timeJ: Julian Days
# name 13 = sal00: Salinity [PSU]
# name 14 = scan: scan number
# name 15 = nbf: number of bottles fired
# name 16 = flag:  0.000e+00
# interval = seconds: 0.0416667                   
# start_time = Jul 08 2006 21:10:01
*END*
[from data line 426]
    353.832    -0.7087   2.819393    -0.7074   2.819604    6.49969    -0.1502    13.8155 0.0000e+00  -62.29600  -58.07583 1152396479 189.922234    34.4622      83521          9  0.000e+00
    353.889    -0.7076   2.819426    -0.7070   2.819593    6.49958    -0.1180    13.8155 0.0000e+00  -62.29600  -58.07583 1152396479 189.922234    34.4613      83522          9  0.000e+00
    353.909    -0.7071   2.819476    -0.7070   2.819604    6.49950    -0.1287    13.8155 0.0000e+00  -62.29600  -58.07583 1152396480 189.922235    34.4615      83523          9  0.000e+00
    353.832    -0.7069   2.819469    -0.7073   2.819569    6.49941    -0.1287    13.8155 0.0000e+00  -62.29600  -58.07583 1152396480 189.922235    34.4612      83524          9  0.000e+00
    353.909    -0.7067   2.819479    -0.7071   2.819558    6.49944    -0.1072    13.8155 0.0000e+00  -62.29600  -58.07583 1152396480 189.922236    34.4610      83525          9  0.000e+00
    353.823    -0.7067   2.819466    -0.7072   2.819540    6.49937    -0.1395    13.8155 0.0000e+00  -62.29600  -58.07583 1152396480 189.922236    34.4609      83526          9  0.000e+00
    353.832    -0.7069   2.819426    -0.7078   2.819534    6.49943    -0.1395    13.8155 0.0000e+00  -62.29600  -58.07583 1152396480 189.922237    34.4606      83527          9  0.000e+00
    353.832    -0.7079   2.819400    -0.7085   2.819534    6.49958    -0.1718    13.8155 0.0000e+00  -62.29600  -58.07583 1152396480 189.922237    34.4614      83528          9  0.000e+00
    353.832    -0.7074   2.819410    -0.7090   2.819470    6.49952    -0.1610    13.8155 0.0000e+00  -62.29600  -58.07583 1152396480 189.922238    34.4610      83529          9  0.000e+00
    353.832    -0.7071   2.819416    -0.7099   2.819453    6.49947    -0.1072    13.8155 0.0000e+00  -62.29600  -58.07583 1152396480 189.922238    34.4607      83530          9  0.000e+00
    353.823    -0.7069   2.819416    -0.7096   2.819453    6.49943    -0.0857    13.8155 0.0000e+00  -62.29600  -58.07583 1152396480 189.922239    34.4605      83531          9  0.000e+00
    353.765    -0.7068   2.819416    -0.7095   2.819470    6.49937    -0.1180    13.8155 0.0000e+00  -62.29600  -58.07583 1152396480 189.922239    34.4604      83532          9  0.000e+00
    353.832    -0.7073   2.819380    -0.7085   2.819534    6.49951    -0.1502    13.8155 0.0000e+00  -62.29600  -58.07583 1152396480 189.922240    34.4604      83533          9  0.000e+00
    353.765    -0.7075   2.819386    -0.7073   2.819575    6.49948    -0.1395    13.8155 0.0000e+00  -62.29600  -58.07583 1152396480 189.922240    34.4608      83534          9  0.000e+00
    353.756    -0.7077   2.819393    -0.7067   2.819587    6.49950    -0.1072    13.8155 0.0000e+00  -62.29600  -58.07583 1152396480 189.922241    34.4611      83535          9  0.000e+00
    353.698    -0.7069   2.819380    -0.7064   2.819575    6.49934    -0.1287    13.8155 0.0000e+00  -62.29600  -58.07583 1152396480 189.922245    34.4601      83545         10  0.000e+00
    353.698    -0.7065   2.819406    -0.7070   2.819587    6.49927    -0.1395    13.8155 0.0000e+00  -62.29600  -58.07583 1152396480 189.922246    34.4600      83546         10  0.000e+00
    353.698    -0.7064   2.819416    -0.7070   2.819569    6.49925    -0.1502    13.8155 0.0000e+00  -62.29600  -58.07583 1152396481 189.922246    34.4599      83547         10  0.000e+00
    353.545    -0.7063   2.819433    -0.7072   2.819581    6.49909    -0.1502    13.8155 0.0000e+00  -62.29600  -58.07583 1152396481 189.922247    34.4602      83548         10  0.000e+00
    353.622    -0.7064   2.819423    -0.7071   2.819604    6.49917    -0.1180    13.8155 0.0000e+00  -62.29600  -58.07583 1152396481 189.922247    34.4601      83549         10  0.000e+00
    353.555    -0.7054   2.819433    -0.7067   2.819593    6.49898    -0.1180    13.8155 0.0000e+00  -62.29600  -58.07583 1152396481 189.922248    34.4592      83550         10  0.000e+00
    353.622    -0.7054   2.819439    -0.7068   2.819587    6.49904    -0.1395    13.8155 0.0000e+00  -62.29600  -58.07583 1152396481 189.922248    34.4592      83551         10  0.000e+00
    353.555    -0.7057   2.819456    -0.7067   2.819587    6.49900    -0.1395    13.8155 0.0000e+00  -62.29600  -58.07583 1152396481 189.922249    34.4598      83552         10  0.000e+00
    353.612    -0.7054   2.819463    -0.7068   2.819587    6.49902    -0.0964    13.8155 0.0000e+00  -62.29600  -58.07583 1152396481 189.922249    34.4596      83553         10  0.000e+00
    353.555    -0.7057   2.819446    -0.7066   2.819587    6.49902    -0.0857    13.8155 0.0000e+00  -62.29600  -58.07583 1152396481 189.922250    34.4597      83554         10  0.000e+00
    353.478    -0.7048   2.819456    -0.7070   2.819587    6.49882    -0.1072    13.8155 0.0000e+00  -62.29600  -58.07583 1152396481 189.922250    34.4588      83555         10  0.000e+00
    353.555    -0.7054   2.819426    -0.7068   2.819587    6.49898    -0.1610    13.8155 0.0000e+00  -62.29600  -58.07583 1152396481 189.922251    34.4590      83556         10  0.000e+00
    353.545    -0.7051   2.819433    -0.7069   2.819587    6.49893    -0.1825    13.8155 0.0000e+00  -62.29600  -58.07583 1152396481 189.922251    34.4588      83557         10  0.000e+00
    353.478    -0.7051   2.819459    -0.7065   2.819587    6.49886    -0.1502    13.8155 0.0000e+00  -62.29600  -58.07583 1152396481 189.922252    34.4592      83558         10  0.000e+00
    353.478    -0.7049   2.819446    -0.7067   2.819587    6.49884    -0.1180    13.8155 0.0000e+00  -62.29600  -58.07583 1152396481 189.922252    34.4588      83559         10  0.000e+00
    353.411    -0.7051   2.819473    -0.7064   2.819604    6.49879    -0.1287    13.8155 0.0000e+00  -62.29600  -58.07583 1152396481 189.922253    34.4595      83560         10  0.000e+00
    353.479    -0.7048   2.819499    -0.7058   2.819616    6.49879    -0.1180    13.8155 0.0000e+00  -62.29600  -58.07583 1152396481 189.922253    34.4594      83561         10  0.000e+00
    353.469    -0.7045   2.819456    -0.7062   2.819616    6.49877    -0.1180    13.8155 0.0000e+00  -62.29600  -58.07583 1152396481 189.922254    34.4585      83562         10  0.000e+00
    353.344    -0.7044   2.819456    -0.7062   2.819616    6.49865    -0.1072    13.8155 0.0000e+00  -62.29600  -58.07583 1152396481 189.922254    34.4585      83563         10  0.000e+00
    353.479    -0.7042   2.819443    -0.7066   2.819616    6.49874    -0.1180    13.8155 0.0000e+00  -62.29600  -58.07583 1152396481 189.922255    34.4579      83564         10  0.000e+00
    353.344    -0.7045   2.819439    -0.7064   2.819633    6.49866    -0.1395    13.8155 0.0000e+00  -62.29600  -58.07583 1152396481 189.922255    34.4583      83565         10  0.000e+00
    353.412    -0.7048   2.819419    -0.7058   2.819657    6.49878    -0.1287    13.8155 0.0000e+00  -62.29600  -58.07583 1152396481 189.922255    34.4584      83566         10  0.000e+00
    353.325    -0.7057   2.819400    -0.7057   2.819645    6.49883    -0.1287    13.8155 0.0000e+00  -62.29600  -58.07583 1152396481 189.922256    34.4591      83567         10  0.000e+00
    353.345    -0.7050   2.819409    -0.7047   2.819639    6.49874    -0.0964    13.8155 0.0000e+00  -62.29600  -58.07583 1152396481 189.922256    34.4585      83568         10  0.000e+00
    353.345    -0.7048   2.819433    -0.7050   2.819657    6.49871    -0.1072    13.8155 0.0000e+00  -62.29600  -58.07583 1152396481 189.922257    34.4586      83569         10  0.000e+00
    353.268    -0.7050   2.819456    -0.7055   2.819668    6.49866    -0.1287    13.8155 0.0000e+00  -62.29600  -58.07583 1152396482 189.922257    34.4592      83570         10  0.000e+00
    353.325    -0.7050   2.819446    -0.7056   2.819645    6.49870    -0.1072    13.8155 0.0000e+00  -62.29600  -58.07583 1152396482 189.922258    34.4590      83571         10  0.000e+00
    353.268    -0.7054   2.819423    -0.7059   2.819639    6.49873    -0.1287    13.8155 0.0000e+00  -62.29600  -58.07583 1152396482 189.922258    34.4592      83572         10  0.000e+00
    353.268    -0.7053   2.819433    -0.7061   2.819598    6.49870    -0.1180    13.8155 0.0000e+00  -62.29600  -58.07583 1152396482 189.922259    34.4592      83573         10  0.000e+00
    353.201    -0.7057   2.819386    -0.7062   2.819587    6.49872    -0.1395    13.8155 0.0000e+00  -62.29600  -58.07583 1152396482 189.922259    34.4590      83574         10  0.000e+00
    353.268    -0.7053   2.819373    -0.7062   2.819563    6.49387    -0.1072    13.8155 0.0000e+00  -62.29600  -58.07583 1152396482 189.922260    34.4584      83575         10  0.000e+00
    353.191    -0.7057   2.819423    -0.7064   2.819598    6.49870    -0.0857    13.8155 0.0000e+00  -62.29600  -58.07583 1152396482 189.922260    34.4596      83576         10  0.000e+00
    353.201    -0.7051   2.819403    -0.7066   2.819569    6.49864    -0.0749    13.8155 0.0000e+00  -62.29600  -58.07583 1152396482 189.922261    34.4586      83577         10  0.000e+00
    353.134    -0.7058   2.819393    -0.7066   2.819558    6.49868    -0.1072    13.8155 0.0000e+00  -62.29600  -58.07583 1152396482 189.922261    34.4593      83578         10  0.000e+00
    353.057    -0.7056   2.819373    -0.7067   2.819540    6.49859    -0.1395    13.8155 0.0000e+00  -62.29600  -58.07583 1152396482 189.922262    34.4589      83579         10  0.000e+00
    353.259    -0.7060   2.819406    -0.7066   2.819552    6.49881    -0.1287    13.8155 0.0000e+00  -62.29600  -58.07583 1152396482 189.922262    34.4597      83580         10  0.000e+00
    353.058    -0.7054   2.819416    -0.7067   2.819558    6.49853    -0.1180    13.8155 0.0000e+00  -62.29600  -58.07583 1152396482 189.922263    34.4592      83581         10  0.000e+00
    353.134    -0.7054   2.819416    -0.7067   2.819558    6.49375    -0.1395    13.8155 0.0000e+00  -62.29600  -58.07583 1152396482 189.922263    34.4592      83582         10  0.000e+00
    353.058    -0.7051   2.819416    -0.7067   2.819581    6.49850    -0.1502    13.8155 0.0000e+00  -62.29600  -58.07583 1152396482 189.922264    34.4589      83583         10  0.000e+00
    353.058    -0.7057   2.819416    -0.7070   2.819523    6.49858    -0.1180    13.8155 0.0000e+00  -62.29600  -58.07583 1152396482 189.922264    34.4596      83584         10  0.000e+00
    353.048    -0.7054   2.819399    -0.7070   2.819523    6.49853    -0.1072    13.8155 0.0000e+00  -62.29600  -58.07583 1152396482 189.922265    34.4590      83585         10  0.000e+00
    352.991    -0.7059   2.819393    -0.7070   2.819569    6.49856    -0.1072    13.8155 0.0000e+00  -62.29600  -58.07583 1152396482 189.922265    34.4595      83586         10  0.000e+00
    352.991    -0.7056   2.819409    -0.7067   2.819546    6.49851    -0.1072    13.8155 0.0000e+00  -62.29600  -58.07583 1152396482 189.922266    34.4594      83587         10  0.000e+00
    352.991    -0.7056   2.819399    -0.7068   2.819534    6.49851    -0.1287    13.8155 0.0000e+00  -62.29600  -58.07583 1152396482 189.922266    34.4593      83588         10  0.000e+00
    352.991    -0.7054   2.819376    -0.7064   2.819534    6.49850    -0.1395    13.8155 0.0000e+00  -62.29600  -58.07583 1152396482 189.922267    34.4587      83589         10  0.000e+00
    352.981    -0.7062   2.819386    -0.7064   2.819534    6.49860    -0.1502    13.8155 0.0000e+00  -62.29600  -58.07583 1152396482 189.922267    34.4598      83590         10  0.000e+00
    352.847    -0.7054   2.819409    -0.7062   2.819569    6.49836    -0.1395    13.8155 0.0000e+00  -62.29600  -58.07583 1152396482 189.922268    34.4593      83591         10  0.000e+00
    352.914    -0.7058   2.819396    -0.7057   2.819604    6.49848    -0.1395    13.8155 0.0000e+00  -62.29600  -58.07583 1152396482 189.922268    34.4595      83592         10  0.000e+00
    352.914    -0.7057   2.819413    -0.7055   2.819569    6.49846    -0.1072    13.8155 0.0000e+00  -62.29600  -58.07583 1152396482 189.922269    34.4596      83593         10  0.000e+00
    303.331    -1.1312   2.776836    -1.1306   2.777132    6.89837    -0.0857    13.8155 0.0000e+00  -62.29600  -58.07583 1152396621 189.923877    34.3971      86929         11  0.000e+00
    303.360    -1.1313   2.776836    -1.1310   2.777144    6.89841    -0.0857    13.8155 0.0000e+00  -62.29600  -58.07583 1152396622 189.923878    34.3972      86930         11  0.000e+00
    303.398    -1.1310   2.776849    -1.1303   2.777150    6.90328    -0.1180    13.8155 0.0000e+00  -62.29600  -58.07583 1152396622 189.923878    34.3970      86931         11  0.000e+00
    303.331    -1.1304   2.776872    -1.1307   2.777132    6.89823    -0.1395    13.8155 0.0000e+00  -62.29600  -58.07583 1152396622 189.923879    34.3967      86932         11  0.000e+00
    303.360    -1.1308   2.776879    -1.1306   2.777127    6.89831    -0.1395    13.8155 0.0000e+00  -62.29600  -58.07583 1152396622 189.923879    34.3973      86933         11  0.000e+00
    303.331    -1.1304   2.776895    -1.1307   2.777127    6.89821    -0.0964    13.8155 0.0000e+00  -62.29600  -58.07583 1152396622 189.923880    34.3970      86934         11  0.000e+00
    303.360    -1.1309   2.776882    -1.1307   2.777115    6.89832    -0.1180    13.8155 0.0000e+00  -62.29600  -58.07583 1152396622 189.923880    34.3974      86935         11  0.000e+00
    303.331    -1.1304   2.776859    -1.1309   2.777098    6.89823    -0.1072    13.8155 0.0000e+00  -62.29600  -58.07583 1152396622 189.923881    34.3965      86936         11  0.000e+00
    303.331    -1.1312   2.776876    -1.1313   2.777098    6.89833    -0.0857    13.8155 0.0000e+00  -62.29600  -58.07583 1152396622 189.923881    34.3976      86937         11  0.000e+00
    303.216    -1.1309   2.776895    -1.1310   2.777098    6.89817    -0.0749    13.8155 0.0000e+00  -62.29600  -58.07583 1152396622 189.923882    34.3977      86938         11  0.000e+00
    303.331    -1.1310   2.776866    -1.1309   2.777098    6.89832    -0.1072    13.8155 0.0000e+00  -62.29600  -58.07583 1152396622 189.923882    34.3973      86939         11  0.000e+00
    303.264    -1.1310   2.776839    -1.1309   2.777132    6.90316    -0.1287    13.8155 0.0000e+00  -62.29600  -58.07583 1152396622 189.923883    34.3970      86940         11  0.000e+00
    303.216    -1.1311   2.776816    -1.1307   2.777132    6.89825    -0.1395    13.8155 0.0000e+00  -62.29600  -58.07583 1152396622 189.923883    34.3968      86941         11  0.000e+00
    303.264    -1.1310   2.776829    -1.1307   2.777103    6.89827    -0.1072    13.8155 0.0000e+00  -62.29600  -58.07583 1152396622 189.923884    34.3968      86942         11  0.000e+00
    303.216    -1.1307   2.776866    -1.1307   2.777115    6.89816    -0.1180    13.8155 0.0000e+00  -62.29600  -58.07583 1152396622 189.923884    34.3970      86943         11  0.000e+00
    303.188    -1.1306   2.776846    -1.1309   2.777132    6.89814    -0.0642    13.8155 0.0000e+00  -62.29600  -58.07583 1152396622 189.923885    34.3967      86944         11  0.000e+00
    303.188    -1.1312   2.776836    -1.1309   2.777127    6.89822    -0.1287    13.8155 0.0000e+00  -62.29600  -58.07583 1152396622 189.923885    34.3972      86945         11  0.000e+00
    303.149    -1.1308   2.776836    -1.1313   2.777103    6.89814    -0.1395    13.8155 0.0000e+00  -62.29600  -58.07583 1152396622 189.923886    34.3968      86946         11  0.000e+00
    303.188    -1.1306   2.776885    -1.1313   2.777115    6.89811    -0.0964    13.8155 0.0000e+00  -62.29600  -58.07583 1152396622 189.923886    34.3972      86947         11  0.000e+00
    303.188    -1.1308   2.776833    -1.1307   2.777103    6.89818    -0.0964    13.8155 0.0000e+00  -62.29600  -58.07583 1152396622 189.923886    34.3967      86948         11  0.000e+00
