product_data/regression_test/downloaded_data/MGDS/320620060703/ctd/p6608801.ros
* Sea-Bird SBE 9 Data File:
* FileName = D:\Data\Raw\P6608801.dat
* Software Version Seasave Win32 V 5.32
* Temperature SN = 1649
* Conductivity SN = 1431
* Number of Bytes Per Scan = 37
* Number of Voltage Words = 5
* Number of Scans Averaged by the Deck Unit = 1
* NMEA Latitude = 61 29.99 S
* NMEA Longitude = 057 48.72 W
* NMEA UTC (Time) = 08:37:07
** Ship:   Nathaniel B. Palmer 
** Cruise:    NBP0603 p0606
** Cast #: 01
** Station:   88
** Operator: rdd
# nquan = 17
# nvalues = 1176                    
# units = specified
# name 0 = prDM: Pressure, Digiquartz [db]
# name 1 = t090C: Temperature [ITS-90, deg C]
# name 2 = c0S/m: Conductivity [S/m]
# name 3 = t190C: Temperature, 2 [ITS-90, deg C]
# name 4 = c1S/m: Conductivity, 2 [S/m]
# name 5 = sbeox0ML/L: Oxygen, SBE 43 [ml/l]
# name 6 = flECO-AFL: Fluorescence, Wetlab ECO-AFL/FL [mg/m^3]
# name 7 = bat: Beam Attenuation, Chelsea/Seatech/Wetlab CStar [1/m]
# name 8 = spar: SPAR/Surface Irradiance
# name 9 = latitude: Latitude [deg]
# name 10 = longitude: Longitude [deg]
# name 11 = timeY: Time, System [seconds]
# name 12 = timeJ: Julian Days
# name 13 = sal00: Salinity [PSU]
# name 14 = scan: scan number
# name 15 = nbf: number of bottles fired
# name 16 = flag:  0.000e+00
# interval = seconds: 0.0416667                   
# start_time = Jul 10 2006 08:37:16
*END*
[from data line 596]
     74.544    -0.7285   2.784314    -0.7273   2.784592    7.48766     0.0865    13.8155 0.0000e+00  -61.49983  -57.81200 1152522324 191.378780    34.1823      40575         13  0.000e+00
     74.639    -0.7271   2.784456    -0.7268   2.784685    7.48745     0.0972    13.8155 0.0000e+00  -61.49983  -57.81200 1152522324 191.378780    34.1825      40576         13  0.000e+00
     74.773    -0.7254   2.784737    -0.7270   2.784673    7.48714     0.1188    13.8155 0.0000e+00  -61.49983  -57.81200 1152522324 191.378781    34.1843      40577         13  0.000e+00
     74.754    -0.7224   2.785120    -0.7275   2.784621    7.48641     0.0757    13.8155 0.0000e+00  -61.49983  -57.81200 1152522325 191.378781    34.1862      40578         13  0.000e+00
     74.773    -0.7197   2.785387    -0.7287   2.784511    7.48583     0.0757    13.8155 0.0000e+00  -61.49983  -57.81200 1152522325 191.378782    34.1867      40579         13  0.000e+00
     74.830    -0.7179   2.785357    -0.7287   2.784435    7.48565     0.0972    13.8155 0.0000e+00  -61.49983  -57.81200 1152522325 191.378782    34.1843      40580         13  0.000e+00
     74.916    -0.7190   2.785261    -0.7281   2.784540    7.48597     0.0865    13.8155 0.0000e+00  -61.49983  -57.81200 1152522325 191.378783    34.1842      40581         13  0.000e+00
     74.897    -0.7193   2.785205    -0.7261   2.784754    7.48604     0.0327    13.8155 0.0000e+00  -61.49983  -57.81200 1152522325 191.378783    34.1838      40582         13  0.000e+00
     75.059    -0.7193   2.785265    -0.7247   2.784940    7.49086     0.0219    13.8155 0.0000e+00  -61.49983  -57.81200 1152522325 191.378784    34.1845      40583         13  0.000e+00
     74.964    -0.7186   2.785351    -0.7241   2.785016    7.49059     0.0542    13.8155 0.0000e+00  -61.49983  -57.81200 1152522325 191.378784    34.1848      40584         13  0.000e+00
     75.126    -0.7180   2.785443    -0.7238   2.784992    7.49060     0.0542    13.8155 0.0000e+00  -61.49983  -57.81200 1152522325 191.378785    34.1853      40585         13  0.000e+00
     75.107    -0.7176   2.785479    -0.7233   2.785056    7.49051     0.0542    13.8155 0.0000e+00  -61.49983  -57.81200 1152522325 191.378785    34.1854      40586         13  0.000e+00
     75.193    -0.7178   2.785354    -0.7229   2.785143    7.49071     0.0542    13.8155 0.0000e+00  -61.49983  -57.81200 1152522325 191.378786    34.1839      40587         13  0.000e+00
     75.250    -0.7190   2.785222    -0.7222   2.785184    7.49105     0.0865    13.8155 0.0000e+00  -61.49983  -57.81200 1152522325 191.378786    34.1834      40588         13  0.000e+00
     75.269    -0.7195   2.785130    -0.7222   2.785172    7.49120     0.1080    13.8155 0.0000e+00  -61.49983  -57.81200 1152522325 191.378787    34.1827      40589         13  0.000e+00
     75.250    -0.7206   2.785090    -0.7223   2.785167    7.49137     0.1295    13.8155 0.0000e+00  -61.49983  -57.81200 1152522325 191.378787    34.1834      40590         13  0.000e+00
     75.412    -0.7204   2.785067    -0.7218   2.785184    7.49153     0.1080    13.8155 0.0000e+00  -61.49983  -57.81200 1152522325 191.378788    34.1828      40591         13  0.000e+00
     75.384    -0.7212   2.784994    -0.7221   2.785230    7.49167     0.0650    13.8155 0.0000e+00  -61.49983  -57.81200 1152522325 191.378788    34.1827      40592         13  0.000e+00
     75.479    -0.7212   2.785041    -0.7221   2.785248    7.49174     0.0865    13.8155 0.0000e+00  -61.49983  -57.81200 1152522325 191.378789    34.1833      40593         13  0.000e+00
     75.460    -0.7209   2.785044    -0.7216   2.785225    7.49167     0.1188    13.8155 0.0000e+00  -61.49983  -57.81200 1152522325 191.378789    34.1830      40594         13  0.000e+00
     75.546    -0.7218   2.784971    -0.7218   2.785254    7.49195     0.1080    13.8155 0.0000e+00  -61.49983  -57.81200 1152522325 191.378790    34.1830      40595         13  0.000e+00
     75.594    -0.7218   2.784968    -0.7214   2.785271    7.49200     0.0542    13.8155 0.0000e+00  -61.49983  -57.81200 1152522325 191.378790    34.1829      40596         13  0.000e+00
     75.622    -0.7217   2.785140    -0.7202   2.785393    7.49659     0.0434    13.8155 0.0000e+00  -61.49983  -57.81200 1152522325 191.378791    34.1851      40597         13  0.000e+00
     75.594    -0.7197   2.785364    -0.7194   2.785550    7.49610     0.0650    13.8155 0.0000e+00  -61.49983  -57.81200 1152522325 191.378791    34.1859      40598         13  0.000e+00
     75.689    -0.7180   2.785522    -0.7176   2.785706    7.49584     0.0972    13.8155 0.0000e+00  -61.49983  -57.81200 1152522325 191.378791    34.1860      40599         13  0.000e+00
     75.737    -0.7178   2.785555    -0.7166   2.785869    7.49584     0.1080    13.8155 0.0000e+00  -61.49983  -57.81200 1152522325 191.378792    34.1862      40600         13  0.000e+00
     75.756    -0.7172   2.785621    -0.7155   2.785968    7.49572     0.0650    13.8155 0.0000e+00  -61.49983  -57.81200 1152522326 191.378792    34.1864      40601         13  0.000e+00
     75.804    -0.7161   2.785674    -0.7153   2.785991    7.49557     0.0542    13.8155 0.0000e+00  -61.49983  -57.81200 1152522326 191.378793    34.1859      40602         13  0.000e+00
     75.899    -0.7156   2.785707    -0.7153   2.786043    7.49557     0.1080    13.8155 0.0000e+00  -61.49983  -57.81200 1152522326 191.378793    34.1857      40603         13  0.000e+00
     75.880    -0.7155   2.785744    -0.7149   2.786049    7.49551     0.0865    13.8155 0.0000e+00  -61.49983  -57.81200 1152522326 191.378794    34.1861      40604         13  0.000e+00
     75.899    -0.7155   2.785724    -0.7147   2.786061    7.49554     0.1080    13.8155 0.0000e+00  -61.49983  -57.81200 1152522326 191.378794    34.1858      40605         13  0.000e+00
     75.947    -0.7153   2.785760    -0.7149   2.786084    7.49554     0.1080    13.8155 0.0000e+00  -61.49983  -57.81200 1152522326 191.378795    34.1861      40606         13  0.000e+00
     75.966    -0.7149   2.785777    -0.7133   2.786130    7.49548     0.1188    13.8155 0.0000e+00  -61.49983  -57.81200 1152522326 191.378795    34.1858      40607         13  0.000e+00
     76.014    -0.7149   2.785829    -0.7141   2.786182    7.49550     0.0757    13.8155 0.0000e+00  -61.49983  -57.81200 1152522326 191.378796    34.1865      40608         13  0.000e+00
     76.042    -0.7145   2.785859    -0.7140   2.786182    7.49545     0.0757    13.8155 0.0000e+00  -61.49983  -57.81200 1152522326 191.378796    34.1865      40609         13  0.000e+00
     76.042    -0.7141   2.785902    -0.7142   2.786130    7.49536     0.0865    13.8155 0.0000e+00  -61.49983  -57.81200 1152522326 191.378797    34.1865      40610         13  0.000e+00
     76.157    -0.7138   2.785945    -0.7141   2.786136    7.50010     0.0972    13.8155 0.0000e+00  -61.49983  -57.81200 1152522326 191.378797    34.1867      40611         13  0.000e+00
     76.176    -0.7134   2.786008    -0.7138   2.786183    7.50003     0.0972    13.8155 0.0000e+00  -61.49983  -57.81200 1152522326 191.378798    34.1871      40612         13  0.000e+00
     76.157    -0.7130   2.786008    -0.7135   2.786235    7.49994     0.0972    13.8155 0.0000e+00  -61.49983  -57.81200 1152522326 191.378798    34.1867      40613         13  0.000e+00
     76.252    -0.7132   2.786001    -0.7129   2.786235    7.50007     0.1080    13.8155 0.0000e+00  -61.49983  -57.81200 1152522326 191.378799    34.1867      40614         13  0.000e+00
     76.233    -0.7133   2.786001    -0.7133   2.786229    7.50007     0.0865    13.8155 0.0000e+00  -61.49983  -57.81200 1152522326 191.378799    34.1869      40615         13  0.000e+00
     75.252    -0.7241   2.784605    -0.7235   2.785039    7.49694     0.1080    13.8155 0.0000e+00  -61.49983  -57.81200 1152522330 191.378850    34.1809      40720         14  0.000e+00
     75.338    -0.7245   2.784644    -0.7233   2.785010    7.49705     0.0650    13.8155 0.0000e+00  -61.49983  -57.81200 1152522331 191.378850    34.1817      40721         14  0.000e+00
     75.061    -0.7248   2.784575    -0.7240   2.784987    7.49686     0.0542    13.8155 0.0000e+00  -61.49983  -57.81200 1152522331 191.378851    34.1813      40722         14  0.000e+00
     75.252    -0.7247   2.784565    -0.7242   2.784998    7.49236     0.0542    13.8155 0.0000e+00  -61.49983  -57.81200 1152522331 191.378851    34.1810      40723         14  0.000e+00
     75.128    -0.7248   2.784572    -0.7239   2.785004    7.49223     0.0757    13.8155 0.0000e+00  -61.49983  -57.81200 1152522331 191.378852    34.1812      40724         14  0.000e+00
     75.109    -0.7246   2.784605    -0.7235   2.785004    7.49686     0.0650    13.8155 0.0000e+00  -61.49983  -57.81200 1152522331 191.378852    34.1815      40725         14  0.000e+00
     75.061    -0.7245   2.784615    -0.7233   2.785004    7.49679     0.0542    13.8155 0.0000e+00  -61.49983  -57.81200 1152522331 191.378853    34.1815      40726         14  0.000e+00
     74.966    -0.7246   2.784615    -0.7233   2.785045    7.49671     0.0972    13.8155 0.0000e+00  -61.49983  -57.81200 1152522331 191.378853    34.1817      40727         14  0.000e+00
     74.985    -0.7249   2.784565    -0.7232   2.785062    7.49681     0.0650    13.8155 0.0000e+00  -61.49983  -57.81200 1152522331 191.378854    34.1814      40728         14  0.000e+00
     74.899    -0.7251   2.784529    -0.7232   2.785079    7.49677     0.0650    13.8155 0.0000e+00  -61.49983  -57.81200 1152522331 191.378854    34.1811      40729         14  0.000e+00
     74.918    -0.7255   2.784526    -0.7224   2.785103    7.49686     0.1295    13.8155 0.0000e+00  -61.49983  -57.81200 1152522331 191.378855    34.1816      40730         14  0.000e+00
     74.832    -0.7247   2.784542    -0.7224   2.785091    7.49664     0.0972    13.8155 0.0000e+00  -61.49983  -57.81200 1152522331 191.378855    34.1810      40731         14  0.000e+00
     74.851    -0.7246   2.784582    -0.7221   2.785143    7.49661     0.0757    13.8155 0.0000e+00  -61.49983  -57.81200 1152522331 191.378856    34.1813      40732         14  0.000e+00
     74.756    -0.7246   2.784611    -0.7219   2.785166    7.49179     0.0757    13.8155 0.0000e+00  -61.49983  -57.81200 1152522331 191.378856    34.1818      40733         14  0.000e+00
     74.775    -0.7247   2.784598    -0.7218   2.785201    7.49184     0.0757    13.8155 0.0000e+00  -61.49983  -57.81200 1152522331 191.378857    34.1818      40734         14  0.000e+00
     74.689    -0.7249   2.784644    -0.7216   2.785219    7.49174     0.0542    13.8155 0.0000e+00  -61.49983  -57.81200 1152522331 191.378857    34.1826      40735         14  0.000e+00
     74.708    -0.7246   2.784628    -0.7215   2.785178    7.49173     0.0327    13.8155 0.0000e+00  -61.49983  -57.81200 1152522331 191.378858    34.1820      40736         14  0.000e+00
     74.613    -0.7246   2.784615    -0.7220   2.785166    7.49164     0.0865    13.8155 0.0000e+00  -61.49983  -57.81200 1152522331 191.378858    34.1819      40737         14  0.000e+00
     74.565    -0.7240   2.784598    -0.7226   2.785143    7.49151     0.0865    13.8155 0.0000e+00  -61.49983  -57.81200 1152522331 191.378859    34.1810      40738         14  0.000e+00
     74.546    -0.7243   2.784608    -0.7224   2.785155    7.49153     0.0650    13.8155 0.0000e+00  -61.49983  -57.81200 1152522331 191.378859    34.1815      40739         14  0.000e+00
     74.498    -0.7252   2.784615    -0.7221   2.785126    7.49161     0.0865    13.8155 0.0000e+00  -61.49983  -57.81200 1152522331 191.378859    34.1827      40740         14  0.000e+00
     74.479    -0.7247   2.784631    -0.7222   2.785114    7.49151     0.0757    13.8155 0.0000e+00  -61.49983  -57.81200 1152522331 191.378860    34.1824      40741         14  0.000e+00
     74.431    -0.7241   2.784671    -0.7226   2.785114    7.49134     0.0865    13.8155 0.0000e+00  -61.49983  -57.81200 1152522331 191.378860    34.1823      40742         14  0.000e+00
     74.431    -0.7238   2.784714    -0.7226   2.785050    7.49126     0.0434    13.8155 0.0000e+00  -61.49983  -57.81200 1152522331 191.378861    34.1825      40743         14  0.000e+00
     74.336    -0.7235   2.784710    -0.7229   2.785068    7.49112     0.0650    13.8155 0.0000e+00  -61.49983  -57.81200 1152522331 191.378861    34.1821      40744         14  0.000e+00
     74.355    -0.7235   2.784671    -0.7232   2.785044    7.49117     0.0650    13.8155 0.0000e+00  -61.49983  -57.81200 1152522332 191.378862    34.1816      40745         14  0.000e+00
     74.269    -0.7241   2.784677    -0.7238   2.785010    7.49117     0.0972    13.8155 0.0000e+00  -61.49983  -57.81200 1152522332 191.378862    34.1825      40746         14  0.000e+00
     74.222    -0.7237   2.784647    -0.7242   2.784963    7.49107     0.0542    13.8155 0.0000e+00  -61.49983  -57.81200 1152522332 191.378863    34.1816      40747         14  0.000e+00
     74.193    -0.7237   2.784638    -0.7239   2.784934    7.49105     0.0650    13.8155 0.0000e+00  -61.49983  -57.81200 1152522332 191.378863    34.1814      40748         14  0.000e+00
     74.222    -0.7240   2.784605    -0.7241   2.784928    7.49115     0.0542    13.8155 0.0000e+00  -61.49983  -57.81200 1152522332 191.378864    34.1813      40749         14  0.000e+00
     74.126    -0.7240   2.784611    -0.7241   2.784905    7.49104     0.0542    13.8155 0.0000e+00  -61.49983  -57.81200 1152522332 191.378864    34.1815      40750         14  0.000e+00
     74.079    -0.7237   2.784631    -0.7247   2.784882    7.49093     0.0542    13.8155 0.0000e+00  -61.49983  -57.81200 1152522332 191.378865    34.1814      40751         14  0.000e+00
     74.059    -0.7240   2.784621    -0.7247   2.784893    7.49097     0.0865    13.8155 0.0000e+00  -61.49983  -57.81200 1152522332 191.378865    34.1817      40752         14  0.000e+00
     74.002    -0.7240   2.784598    -0.7245   2.784835    7.49092     0.0865    13.8155 0.0000e+00  -61.49983  -57.81200 1152522332 191.378866    34.1814      40753         14  0.000e+00
     73.983    -0.7246   2.784525    -0.7252   2.784818    7.49104     0.0972    13.8155 0.0000e+00  -61.49983  -57.81200 1152522332 191.378866    34.1811      40754         14  0.000e+00
     73.936    -0.7247   2.784502    -0.7246   2.784801    7.49103     0.0972    13.8155 0.0000e+00  -61.49983  -57.81200 1152522332 191.378867    34.1810      40755         14  0.000e+00
     73.936    -0.7246   2.784502    -0.7255   2.784795    7.49101     0.0757    13.8155 0.0000e+00  -61.49983  -57.81200 1152522332 191.378867    34.1808      40756         14  0.000e+00
     73.850    -0.7255   2.784486    -0.7264   2.784690    7.49107     0.0865    13.8155 0.0000e+00  -61.49983  -57.81200 1152522332 191.378868    34.1817      40757         14  0.000e+00
     73.869    -0.7260   2.784433    -0.7273   2.784621    7.49120     0.1080    13.8155 0.0000e+00  -61.49983  -57.81200 1152522332 191.378868    34.1815      40758         14  0.000e+00
     73.773    -0.7258   2.784380    -0.7279   2.784528    7.49111     0.1403    13.8155 0.0000e+00  -61.49983  -57.81200 1152522332 191.378869    34.1807      40759         14  0.000e+00
     73.726    -0.7260   2.784420    -0.7279   2.784441    7.49106     0.1188    13.8155 0.0000e+00  -61.49983  -57.81200 1152522332 191.378869    34.1814      40760         14  0.000e+00
     73.773    -0.7260   2.784486    -0.7284   2.784423    7.49106     0.1080    13.8155 0.0000e+00  -61.49983  -57.81200 1152522332 191.378870    34.1823      40761         14  0.000e+00
     73.659    -0.7254   2.784519    -0.7285   2.784441    7.49083     0.0650    13.8155 0.0000e+00  -61.49983  -57.81200 1152522332 191.378870    34.1821      40762         14  0.000e+00
