product_data/regression_test/downloaded_data/MGDS/320620060703/ctd/p6608102.ros
* Sea-Bird SBE 9 Data File:
* FileName = D:\Data\Raw\P6608102.dat
* Software Version Seasave Win32 V 5.32
* Temperature SN = 1649
* Conductivity SN = 1431
* Number of Bytes Per Scan = 37
* Number of Voltage Words = 5
* Number of Scans Averaged by the Deck Unit = 1
* NMEA Latitude = 62 13.84 S
* NMEA Longitude = 058 06.97 W
* NMEA UTC (Time) = 13:53:31
** Ship:   Nathaniel B. Palmer 
** Cruise:    NBP0603 p0606
** Cast #: 02
** Station:   81
** Operator: 
# nquan = 17
# nvalues = 1176                    
# units = specified
# name 0 = prDM: Pressure, Digiquartz [db]
# name 1 = t090C: Temperature [ITS-90, deg C]
# name 2 = c0S/m: Conductivity [S/m]
# name 3 = t190C: Temperature, 2 [ITS-90, deg C]
# name 4 = c1S/m: Conductivity, 2 [S/m]
# name 5 = sbeox0ML/L: Oxygen, SBE 43 [ml/l]
# name 6 = flECO-AFL: Fluorescence, Wetlab ECO-AFL/FL [mg/m^3]
# name 7 = bat: Beam Attenuation, Chelsea/Seatech/Wetlab CStar [1/m]
# name 8 = spar: SPAR/Surface Irradiance
# name 9 = latitude: Latitude [deg]
# name 10 = longitude: Longitude [deg]
# name 11 = timeY: Time, System [seconds]
# name 12 = timeJ: Julian Days
# name 13 = sal00: Salinity [PSU]
# name 14 = scan: scan number
# name 15 = nbf: number of bottles fired
# name 16 = flag:  0.000e+00
# interval = seconds: 0.0416667                   
# start_time = Jul 09 2006 13:53:38
*END*
[from data line 256]
    500.058     0.3776   2.924512     0.3779   2.924719    5.67819    -0.1180    13.8155 9.7407e+01  -62.23067  -58.11617 1152455826 190.609113    34.5470      62626          6  0.000e+00
    500.087     0.3779   2.924509     0.3781   2.924737    5.67818    -0.1610    13.8155 9.7407e+01  -62.23067  -58.11617 1152455826 190.609114    34.5466      62627          6  0.000e+00
    500.087     0.3772   2.924526     0.3779   2.924725    5.67342    -0.1395    13.8155 9.7407e+01  -62.23067  -58.11617 1152455826 190.609114    34.5476      62628          6  0.000e+00
    500.058     0.3771   2.924512     0.3781   2.924737    5.67342    -0.0964    13.8155 9.7407e+01  -62.23067  -58.11617 1152455826 190.609115    34.5475      62629          6  0.000e+00
    500.087     0.3774   2.924526     0.3781   2.924725    5.67823    -0.0749    13.8155 9.7407e+01  -62.23067  -58.11617 1152455826 190.609115    34.5474      62630          6  0.000e+00
    500.087     0.3768   2.924549     0.3781   2.924760    5.67829    -0.1180    13.8155 9.7407e+01  -62.23067  -58.11617 1152455826 190.609116    34.5484      62631          6  0.000e+00
    500.010     0.3776   2.924556     0.3779   2.924713    5.67330    -0.1180    13.8155 9.7407e+01  -62.23067  -58.11617 1152455826 190.609116    34.5476      62632          6  0.000e+00
    500.058     0.3780   2.924573     0.3779   2.924731    5.67811    -0.1072    13.8155 9.7407e+01  -62.23067  -58.11617 1152455826 190.609117    34.5473      62633          6  0.000e+00
    500.087     0.3779   2.924559     0.3779   2.924725    5.67816    -0.0857    13.8155 9.7407e+01  -62.23067  -58.11617 1152455826 190.609117    34.5473      62634          6  0.000e+00
    500.010     0.3777   2.924556     0.3781   2.924719    5.67328    -0.0749    13.8155 9.7407e+01  -62.23067  -58.11617 1152455826 190.609117    34.5475      62635          6  0.000e+00
    500.058     0.3780   2.924556     0.3786   2.924719    5.67812    -0.1072    13.8155 9.5459e+01  -62.23067  -58.11617 1152455826 190.609118    34.5471      62636          6  0.000e+00
    500.087     0.3782   2.924569     0.3778   2.924737    5.67811    -0.0857    13.8155 9.5459e+01  -62.23067  -58.11617 1152455826 190.609118    34.5471      62637          6  0.000e+00
    500.011     0.3782   2.924559     0.3784   2.924725    5.67806    -0.0749    13.8155 9.5459e+01  -62.23067  -58.11617 1152455826 190.609119    34.5470      62638          6  0.000e+00
    500.087     0.3779   2.924536     0.3783   2.924778    5.67817    -0.1072    13.8155 9.7407e+01  -62.23067  -58.11617 1152455826 190.609119    34.5470      62639          6  0.000e+00
    500.059     0.3778   2.924549     0.3783   2.924737    5.67331    -0.1395    13.8155 9.7407e+01  -62.23067  -58.11617 1152455826 190.609120    34.5472      62640          6  0.000e+00
    500.011     0.3776   2.924556     0.3786   2.924719    5.67813    -0.1180    13.8155 9.7407e+01  -62.23067  -58.11617 1152455826 190.609120    34.5476      62641          6  0.000e+00
    500.087     0.3777   2.924519     0.3776   2.924701    5.67820    -0.1072    13.8155 9.7407e+01  -62.23067  -58.11617 1152455827 190.609121    34.5469      62642          6  0.000e+00
    500.011     0.3776   2.924542     0.3779   2.924713    5.67814    -0.1610    13.8155 9.7407e+01  -62.23067  -58.11617 1152455827 190.609121    34.5474      62643          6  0.000e+00
    500.059     0.3777   2.924556     0.3776   2.924719    5.67815    -0.1395    13.8155 9.7407e+01  -62.23067  -58.11617 1152455827 190.609122    34.5474      62644          6  0.000e+00
    500.087     0.3777   2.924536     0.3776   2.924701    5.67819    -0.1180    13.8155 9.7407e+01  -62.23067  -58.11617 1152455827 190.609122    34.5471      62645          6  0.000e+00
    500.011     0.3780   2.924495     0.3775   2.924695    5.67811    -0.1610    13.8155 9.7407e+01  -62.23067  -58.11617 1152455827 190.609123    34.5463      62646          6  0.000e+00
    500.059     0.3776   2.924502     0.3776   2.924672    5.67820    -0.1610    13.8155 9.7407e+01  -62.23067  -58.11617 1152455827 190.609123    34.5469      62647          6  0.000e+00
    500.087     0.3777   2.924542     0.3778   2.924701    5.67818    -0.1180    13.8155 9.7407e+01  -62.23067  -58.11617 1152455827 190.609124    34.5472      62648          6  0.000e+00
    500.088     0.3770   2.924536     0.3772   2.924701    5.67344    -0.0964    13.8155 9.7407e+01  -62.23067  -58.11617 1152455827 190.609124    34.5480      62649          6  0.000e+00
    500.088     0.3773   2.924512     0.3775   2.924713    5.67342    -0.1072    13.8155 9.7407e+01  -62.23067  -58.11617 1152455827 190.609125    34.5473      62650          6  0.000e+00
    500.059     0.3770   2.924472     0.3778   2.924701    5.67829    -0.0857    13.8155 9.7407e+01  -62.23067  -58.11617 1152455827 190.609125    34.5472      62651          6  0.000e+00
    500.088     0.3769   2.924495     0.3778   2.924672    5.67830    -0.1180    13.8155 9.7407e+01  -62.23067  -58.11617 1152455827 190.609126    34.5475      62652          6  0.000e+00
    500.088     0.3773   2.924509     0.3772   2.924666    5.67825    -0.1502    13.8155 9.7407e+01  -62.23067  -58.11617 1152455827 190.609126    34.5473      62653          6  0.000e+00
    500.059     0.3770   2.924509     0.3773   2.924666    5.67343    -0.1287    13.8155 9.7407e+01  -62.23067  -58.11617 1152455827 190.609127    34.5477      62654          6  0.000e+00
    500.088     0.3770   2.924472     0.3775   2.924684    5.67831    -0.0857    13.8155 9.7407e+01  -62.23067  -58.11617 1152455827 190.609127    34.5472      62655          6  0.000e+00
    500.088     0.3771   2.924495     0.3769   2.924672    5.67828    -0.0964    13.8155 9.7407e+01  -62.23067  -58.11617 1152455827 190.609128    34.5473      62656          6  0.000e+00
    500.088     0.3768   2.924472     0.3773   2.924666    5.67833    -0.1180    13.8155 9.7407e+01  -62.23067  -58.11617 1152455827 190.609128    34.5473      62657          6  0.000e+00
    500.136     0.3773   2.924478     0.3772   2.924666    5.67831    -0.1180    13.8155 9.7407e+01  -62.23067  -58.11617 1152455827 190.609129    34.5469      62658          6  0.000e+00
    500.088     0.3770   2.924485     0.3769   2.924642    5.67830    -0.1072    13.8155 9.7407e+01  -62.23067  -58.11617 1152455827 190.609129    34.5473      62659          6  0.000e+00
    500.155     0.3770   2.924448     0.3767   2.924619    5.67354    -0.1180    13.8155 9.7407e+01  -62.23067  -58.11617 1152455827 190.609130    34.5468      62660          6  0.000e+00
    500.136     0.3763   2.924401     0.3759   2.924613    5.67845    -0.1287    13.8155 9.7407e+01  -62.23067  -58.11617 1152455827 190.609130    34.5469      62661          6  0.000e+00
    500.155     0.3751   2.924357     0.3759   2.924565    5.67864    -0.1287    13.8155 9.7407e+01  -62.23067  -58.11617 1152455827 190.609130    34.5477      62662          6  0.000e+00
    500.088     0.3752   2.924377     0.3759   2.924554    5.67856    -0.1287    13.8155 9.7407e+01  -62.23067  -58.11617 1152455827 190.609131    34.5478      62663          6  0.000e+00
    450.405     0.3951   2.922162     0.3948   2.922288    5.75348    -0.1180    13.8155 9.7407e+01  -62.23067  -58.11617 1152455930 190.610318    34.5259      65125          7  0.000e+00
    450.405     0.3943   2.922145     0.3940   2.922247    5.75358    -0.0749    13.8155 9.7407e+01  -62.23067  -58.11617 1152455930 190.610319    34.5265      65126          7  0.000e+00
    450.472     0.3949   2.922155     0.3931   2.922211    5.74876    -0.1395    13.8155 9.7407e+01  -62.23067  -58.11617 1152455930 190.610319    34.5259      65127          7  0.000e+00
    450.328     0.3949   2.922161     0.3926   2.922164    5.74864    -0.1610    13.8155 9.7407e+01  -62.23067  -58.11617 1152455930 190.610320    34.5261      65128          7  0.000e+00
    450.405     0.3946   2.922108     0.3925   2.922152    5.74877    -0.1287    13.8155 9.7407e+01  -62.23067  -58.11617 1152455930 190.610320    34.5257      65129          7  0.000e+00
    450.414     0.3943   2.922162     0.3923   2.922111    5.74878    -0.1072    13.8155 9.7407e+01  -62.23067  -58.11617 1152455930 190.610321    34.5267      65130          7  0.000e+00
    450.472     0.3943   2.922131     0.3920   2.922034    5.74884    -0.0749    13.8155 9.7407e+01  -62.23067  -58.11617 1152455930 190.610321    34.5263      65131          7  0.000e+00
    450.405     0.3943   2.922114     0.3895   2.921892    5.74880    -0.1180    13.8155 9.5459e+01  -62.23067  -58.11617 1152455930 190.610322    34.5261      65132          7  0.000e+00
    450.405     0.3947   2.922131     0.3872   2.921745    5.74873    -0.1287    13.8155 9.7407e+01  -62.23067  -58.11617 1152455930 190.610322    34.5258      65133          7  0.000e+00
    450.472     0.3946   2.922108     0.3871   2.921680    5.74882    -0.1502    13.8155 9.7407e+01  -62.23067  -58.11617 1152455930 190.610323    34.5257      65134          7  0.000e+00
    450.405     0.3935   2.922020     0.3878   2.921739    5.74894    -0.1395    13.8155 9.7407e+01  -62.23067  -58.11617 1152455930 190.610323    34.5258      65135          7  0.000e+00
    450.472     0.3933   2.921942     0.3884   2.921786    5.74905    -0.1502    13.8155 9.7407e+01  -62.23067  -58.11617 1152455930 190.610324    34.5249      65136          7  0.000e+00
    450.405     0.3930   2.921942     0.3884   2.921792    5.74903    -0.1287    13.8155 9.5459e+01  -62.23067  -58.11617 1152455931 190.610324    34.5253      65137          7  0.000e+00
    450.482     0.3922   2.921912     0.3897   2.921792    5.74920    -0.1072    13.8155 9.5459e+01  -62.23067  -58.11617 1152455931 190.610325    34.5257      65138          7  0.000e+00
    450.472     0.3918   2.921872     0.3911   2.921898    5.74927    -0.1072    13.8155 9.7407e+01  -62.23067  -58.11617 1152455931 190.610325    34.5257      65139          7  0.000e+00
    450.472     0.3910   2.921804     0.3923   2.922010    5.74939    -0.1395    13.8155 9.7407e+01  -62.23067  -58.11617 1152455931 190.610326    34.5257      65140          7  0.000e+00
    450.472     0.3907   2.921787     0.3926   2.922099    5.74944    -0.1718    13.8155 9.7407e+01  -62.23067  -58.11617 1152455931 190.610326    34.5258      65141          7  0.000e+00
    450.472     0.3902   2.921750     0.3925   2.922123    5.74952    -0.1180    13.8155 9.7407e+01  -62.23067  -58.11617 1152455931 190.610326    34.5259      65142          7  0.000e+00
    450.472     0.3905   2.921798     0.3932   2.922164    5.74945    -0.0964    13.8155 9.5459e+01  -62.23067  -58.11617 1152455931 190.610327    34.5261      65143          7  0.000e+00
    450.549     0.3919   2.921899     0.3928   2.922182    5.74930    -0.0749    13.8155 9.5459e+01  -62.23067  -58.11617 1152455931 190.610327    34.5258      65144          7  0.000e+00
    450.472     0.3922   2.921976     0.3934   2.922158    5.74916    -0.1072    13.8155 9.5459e+01  -62.23067  -58.11617 1152455931 190.610328    34.5266      65145          7  0.000e+00
    450.558     0.3927   2.922013     0.3920   2.922087    5.74916    -0.1610    13.8155 9.7407e+01  -62.23067  -58.11617 1152455931 190.610328    34.5265      65146          7  0.000e+00
    450.472     0.3932   2.922037     0.3912   2.922016    5.74902    -0.1395    13.8155 9.7407e+01  -62.23067  -58.11617 1152455931 190.610329    34.5263      65147          7  0.000e+00
    450.549     0.3930   2.922047     0.3898   2.921904    5.74909    -0.0964    13.8155 9.7407e+01  -62.23067  -58.11617 1152455931 190.610329    34.5266      65148          7  0.000e+00
    450.549     0.3927   2.922044     0.3898   2.921810    5.74913    -0.1180    13.8155 9.7407e+01  -62.23067  -58.11617 1152455931 190.610330    34.5269      65149          7  0.000e+00
    450.549     0.3932   2.922023     0.3891   2.921733    5.74909    -0.1287    13.8155 9.7407e+01  -62.23067  -58.11617 1152455931 190.610330    34.5261      65150          7  0.000e+00
    450.549     0.3932   2.922037     0.3892   2.921715    5.74908    -0.1287    13.8155 9.7407e+01  -62.23067  -58.11617 1152455931 190.610331    34.5263      65151          7  0.000e+00
    450.549     0.3933   2.922030     0.3860   2.921668    5.74427    -0.1180    13.8155 9.7407e+01  -62.23067  -58.11617 1152455931 190.610331    34.5260      65152          7  0.000e+00
    450.549     0.3929   2.921986     0.3857   2.921532    5.74915    -0.1287    13.8155 9.7407e+01  -62.23067  -58.11617 1152455931 190.610332    34.5259      65153          7  0.000e+00
    450.626     0.3933   2.921990     0.3852   2.921508    5.74915    -0.1072    13.8155 9.7407e+01  -62.23067  -58.11617 1152455931 190.610332    34.5254      65154          7  0.000e+00
    450.549     0.3929   2.922030     0.3815   2.921355    5.74912    -0.1395    13.8155 9.7407e+01  -62.23067  -58.11617 1152455931 190.610333    34.5265      65155          7  0.000e+00
    450.616     0.3935   2.922007     0.3801   2.921089    5.74912    -0.1287    13.8155 9.7407e+01  -62.23067  -58.11617 1152455931 190.610333    34.5255      65156          7  0.000e+00
    450.549     0.3929   2.921983     0.3806   2.921042    5.74915    -0.0964    13.8155 9.7407e+01  -62.23067  -58.11617 1152455931 190.610334    34.5259      65157          7  0.000e+00
    450.616     0.3925   2.922010     0.3830   2.921225    5.74922    -0.1180    13.8155 9.7407e+01  -62.23067  -58.11617 1152455931 190.610334    34.5266      65158          7  0.000e+00
    450.616     0.3921   2.921983     0.3846   2.921372    5.74929    -0.1395    13.8155 9.7407e+01  -62.23067  -58.11617 1152455931 190.610335    34.5267      65159          7  0.000e+00
    450.616     0.3919   2.921973     0.3840   2.921408    5.74931    -0.1072    13.8155 9.7407e+01  -62.23067  -58.11617 1152455931 190.610335    34.5268      65160          7  0.000e+00
    450.616     0.3929   2.921959     0.3841   2.921325    5.74921    -0.0749    13.8155 9.7407e+01  -62.23067  -58.11617 1152455931 190.610336    34.5256      65161          7  0.000e+00
    450.616     0.3932   2.921949     0.3852   2.921302    5.74438    -0.0534    13.8155 9.7407e+01  -62.23067  -58.11617 1152455932 190.610336    34.5251      65162          7  0.000e+00
    450.626     0.3927   2.921949     0.3841   2.921278    5.74445    -0.0534    13.8155 9.7407e+01  -62.23067  -58.11617 1152455932 190.610337    34.5256      65163          7  0.000e+00
    450.616     0.3919   2.921949     0.3832   2.921254    5.74453    -0.0534    13.8155 9.7407e+01  -62.23067  -58.11617 1152455932 190.610337    34.5265      65164          7  0.000e+00
    450.684     0.3916   2.921949     0.3823   2.921225    5.74942    -0.1180    13.8155 9.7407e+01  -62.23067  -58.11617 1152455932 190.610338    34.5268      65165          7  0.000e+00
    450.616     0.3916   2.921936     0.3798   2.921030    5.74937    -0.1180    13.8155 9.7407e+01  -62.23067  -58.11617 1152455932 190.610338    34.5266      65166          7  0.000e+00
    450.684     0.3919   2.921943     0.3779   2.920782    5.74938    -0.1072    13.8155 9.7407e+01  -62.23067  -58.11617 1152455932 190.610339    34.5263      65167          7  0.000e+00
    450.616     0.3919   2.921912     0.3761   2.920599    5.74455    -0.1180    13.8155 9.5459e+01  -62.23067  -58.11617 1152455932 190.610339    34.5260      65168          7  0.000e+00
    450.684     0.3918   2.921885     0.3748   2.920475    5.74463    -0.1180    13.8155 9.5459e+01  -62.23067  -58.11617 1152455932 190.610340    34.5257      65169          7  0.000e+00
    450.549     0.3922   2.921895     0.3745   2.920469    5.74447    -0.0749    13.8155 9.7407e+01  -62.23067  -58.11617 1152455932 190.610340    34.5255      65170          7  0.000e+00
