product_data/regression_test/downloaded_data/MGDS/320620060703/ctd/p6609901.ros
* Sea-Bird SBE 9 Data File:
* FileName = D:\Data\Raw\p6609901.dat
* Software Version Seasave Win32 V 5.32
* Temperature SN = 1649
* Conductivity SN = 1431
* Number of Bytes Per Scan = 37
* Number of Voltage Words = 5
* Number of Scans Averaged by the Deck Unit = 1
* NMEA Latitude = 60 16.70 S
* NMEA Longitude = 057 27.05 W
* NMEA UTC (Time) = 12:24:31
** Ship:   Nathaniel B. Palmer 
** Cruise:    NBP0606 
# nquan = 17
# nvalues = 1176                    
# units = specified
# name 0 = prDM: Pressure, Digiquartz [db]
# name 1 = t090C: Temperature [ITS-90, deg C]
# name 2 = c0S/m: Conductivity [S/m]
# name 3 = t190C: Temperature, 2 [ITS-90, deg C]
# name 4 = c1S/m: Conductivity, 2 [S/m]
# name 5 = sbeox0ML/L: Oxygen, SBE 43 [ml/l]
# name 6 = flECO-AFL: Fluorescence, Wetlab ECO-AFL/FL [mg/m^3]
# name 7 = bat: Beam Attenuation, Chelsea/Seatech/Wetlab CStar [1/m]
# name 8 = spar: SPAR/Surface Irradiance
# name 9 = latitude: Latitude [deg]
# name 10 = longitude: Longitude [deg]
# name 11 = timeY: Time, System [seconds]
# name 12 = timeJ: Julian Days
# name 13 = sal00: Salinity [PSU]
# name 14 = scan: scan number
# name 15 = nbf: number of bottles fired
# name 16 = flag:  0.000e+00
# interval = seconds: 0.0416667                   
# start_time = Jul 12 2006 12:24:39
*END*
[from data line 171]
    701.609     1.9741   3.082824     1.9753   3.083264    4.48957    -0.0964    13.8155 7.7926e+00  -60.27833  -57.45083 1152708992 193.539280    34.6946      45957          4  0.000e+00
    701.677     1.9747   3.082831     1.9756   3.083264    4.48957    -0.1718    13.8155 7.7926e+00  -60.27833  -57.45083 1152708992 193.539281    34.6941      45958          4  0.000e+00
    701.609     1.9751   3.082811     1.9754   3.083295    4.48949    -0.1287    13.8155 5.8444e+00  -60.27833  -57.45083 1152708992 193.539281    34.6934      45959          4  0.000e+00
    701.609     1.9747   3.082824     1.9755   3.083270    4.48953    -0.1072    13.8155 5.8444e+00  -60.27833  -57.45083 1152708992 193.539282    34.6940      45960          4  0.000e+00
    701.484     1.9751   3.082831     1.9757   3.083264    4.48941    -0.1287    13.8155 5.8444e+00  -60.27833  -57.45083 1152708993 193.539282    34.6937      45961          4  0.000e+00
    701.532     1.9751   3.082849     1.9756   3.083270    4.48943    -0.1180    13.8155 7.7926e+00  -60.27833  -57.45083 1152708993 193.539283    34.6939      45962          4  0.000e+00
    701.532     1.9750   3.082842     1.9754   3.083240    4.48944    -0.0749    13.8155 7.7926e+00  -60.27833  -57.45083 1152708993 193.539283    34.6939      45963          4  0.000e+00
    701.465     1.9745   3.082831     1.9752   3.083294    4.48945    -0.0749    13.8155 7.7926e+00  -60.27833  -57.45083 1152708993 193.539284    34.6944      45964          4  0.000e+00
    701.465     1.9750   3.082831     1.9752   3.083264    4.48940    -0.0964    13.8155 7.7926e+00  -60.27833  -57.45083 1152708993 193.539284    34.6938      45965          4  0.000e+00
    701.388     1.9751   3.082831     1.9754   3.083258    4.49412    -0.1180    13.8155 7.7926e+00  -60.27833  -57.45083 1152708993 193.539285    34.6938      45966          4  0.000e+00
    701.388     1.9751   3.082831     1.9755   3.083240    4.48934    -0.0857    13.8155 7.7926e+00  -60.27833  -57.45083 1152708993 193.539285    34.6937      45967          4  0.000e+00
    701.320     1.9748   3.082831     1.9756   3.083264    4.48933    -0.0857    13.8155 7.7926e+00  -60.27833  -57.45083 1152708993 193.539286    34.6941      45968          4  0.000e+00
    701.340     1.9747   3.082848     1.9757   3.083288    4.48935    -0.0749    13.8155 7.7926e+00  -60.27833  -57.45083 1152708993 193.539286    34.6945      45969          4  0.000e+00
    701.320     1.9751   3.082817     1.9757   3.083270    4.48931    -0.1180    13.8155 7.7926e+00  -60.27833  -57.45083 1152708993 193.539287    34.6937      45970          4  0.000e+00
    701.253     1.9751   3.082807     1.9754   3.083246    4.48927    -0.1395    13.8155 7.7926e+00  -60.27833  -57.45083 1152708993 193.539287    34.6935      45971          4  0.000e+00
    701.253     1.9755   3.082810     1.9756   3.083282    4.48924    -0.1180    13.8155 7.7926e+00  -60.27833  -57.45083 1152708993 193.539288    34.6932      45972          4  0.000e+00
    701.253     1.9756   3.082807     1.9756   3.083270    4.48922    -0.1072    13.8155 7.7926e+00  -60.27833  -57.45083 1152708993 193.539288    34.6930      45973          4  0.000e+00
    701.176     1.9749   3.082824     1.9758   3.083294    4.49401    -0.0534    13.8155 7.7926e+00  -60.27833  -57.45083 1152708993 193.539289    34.6940      45974          4  0.000e+00
    701.032     1.9755   3.082848     1.9759   3.083270    4.48908    -0.0749    13.8155 7.7926e+00  -60.27833  -57.45083 1152708993 193.539289    34.6938      45975          4  0.000e+00
    701.272     1.9755   3.082873     1.9757   3.083264    4.48922    -0.1072    13.8155 7.7926e+00  -60.27833  -57.45083 1152708993 193.539290    34.6940      45976          4  0.000e+00
    701.108     1.9755   3.082859     1.9760   3.083246    4.48913    -0.0642    13.8155 7.7926e+00  -60.27833  -57.45083 1152708993 193.539290    34.6939      45977          4  0.000e+00
    701.031     1.9757   3.082855     1.9757   3.083258    4.48906    -0.0534    13.8155 5.8444e+00  -60.27833  -57.45083 1152708993 193.539291    34.6936      45978          4  0.000e+00
    701.108     1.9753   3.082817     1.9759   3.083282    4.48916    -0.0964    13.8155 5.8444e+00  -60.27833  -57.45083 1152708993 193.539291    34.6935      45979          4  0.000e+00
    700.964     1.9758   3.082841     1.9757   3.083294    4.48902    -0.0857    13.8155 5.8444e+00  -60.27833  -57.45083 1152708993 193.539292    34.6934      45980          4  0.000e+00
    701.031     1.9755   3.082855     1.9760   3.083258    4.48907    -0.0534    13.8155 5.8444e+00  -60.27833  -57.45083 1152708993 193.539292    34.6938      45981          4  0.000e+00
    602.307     2.0397   3.081800     2.0404   3.082234    4.39905    -0.0749    13.8155 9.7407e+00  -60.27833  -57.45083 1152709158 193.541196    34.6654      49930          5  0.000e+00
    602.182     2.0397   3.081783     2.0404   3.082252    4.40368    -0.0857    13.8155 9.7407e+00  -60.27833  -57.45083 1152709158 193.541197    34.6652      49931          5  0.000e+00
    602.240     2.0401   3.081759     2.0404   3.082240    4.40368    -0.1395    13.8155 9.7407e+00  -60.27833  -57.45083 1152709158 193.541197    34.6644      49932          5  0.000e+00
    602.182     2.0395   3.081787     2.0402   3.082240    4.39899    -0.0964    13.8155 9.7407e+00  -60.27833  -57.45083 1152709158 193.541198    34.6654      49933          5  0.000e+00
    602.240     2.0395   3.081818     2.0403   3.082234    4.39902    -0.0642    13.8155 9.7407e+00  -60.27833  -57.45083 1152709158 193.541198    34.6658      49934          5  0.000e+00
    602.182     2.0395   3.081804     2.0400   3.082252    4.39899    -0.0534    13.8155 9.7407e+00  -60.27833  -57.45083 1152709158 193.541199    34.6656      49935          5  0.000e+00
    602.240     2.0398   3.081818     2.0402   3.082258    4.39899    -0.0857    13.8155 9.7407e+00  -60.27833  -57.45083 1152709158 193.541199    34.6654      49936          5  0.000e+00
    602.240     2.0398   3.081804     2.0405   3.082246    4.39899    -0.1072    13.8155 9.7407e+00  -60.27833  -57.45083 1152709158 193.541200    34.6652      49937          5  0.000e+00
    602.182     2.0398   3.081800     2.0399   3.082234    4.39896    -0.1180    13.8155 9.7407e+00  -60.27833  -57.45083 1152709158 193.541200    34.6653      49938          5  0.000e+00
    602.240     2.0398   3.081835     2.0404   3.082252    4.39898    -0.0857    13.8155 9.7407e+00  -60.27833  -57.45083 1152709158 193.541201    34.6656      49939          5  0.000e+00
    602.182     2.0401   3.081828     2.0402   3.082270    4.39892    -0.0534    13.8155 9.7407e+00  -60.27833  -57.45083 1152709158 193.541201    34.6653      49940          5  0.000e+00
    602.163     2.0400   3.081804     2.0405   3.082282    4.39893    -0.0749    13.8155 9.7407e+00  -60.27833  -57.45083 1152709158 193.541202    34.6651      49941          5  0.000e+00
    602.259     2.0406   3.081835     2.0402   3.082264    4.40363    -0.0857    13.8155 9.7407e+00  -60.27833  -57.45083 1152709158 193.541202    34.6648      49942          5  0.000e+00
    602.163     2.0397   3.081849     2.0402   3.082246    4.39895    -0.1180    13.8155 9.7407e+00  -60.27833  -57.45083 1152709158 193.541203    34.6661      49943          5  0.000e+00
    602.182     2.0405   3.081797     2.0404   3.082234    4.39890    -0.0534    13.8155 9.7407e+00  -60.27833  -57.45083 1152709159 193.541203    34.6645      49944          5  0.000e+00
    602.240     2.0403   3.081831     2.0405   3.082234    4.39894    -0.0857    13.8155 9.7407e+00  -60.27833  -57.45083 1152709159 193.541204    34.6651      49945          5  0.000e+00
    602.038     2.0403   3.081793     2.0400   3.082252    4.39883    -0.0642    13.8155 9.7407e+00  -60.27833  -57.45083 1152709159 193.541204    34.6648      49946          5  0.000e+00
    602.307     2.0395   3.081811     2.0399   3.082270    4.39906    -0.0749    13.8155 9.7407e+00  -60.27833  -57.45083 1152709159 193.541205    34.6657      49947          5  0.000e+00
    602.182     2.0397   3.081787     2.0400   3.082258    4.39898    -0.0964    13.8155 9.7407e+00  -60.27833  -57.45083 1152709159 193.541205    34.6652      49948          5  0.000e+00
    602.163     2.0397   3.081793     2.0400   3.082240    4.39897    -0.0964    13.8155 7.7926e+00  -60.27833  -57.45083 1152709159 193.541206    34.6654      49949          5  0.000e+00
    602.096     2.0395   3.081800     2.0405   3.082222    4.39893    -0.0642    13.8155 7.7926e+00  -60.27833  -57.45083 1152709159 193.541206    34.6656      49950          5  0.000e+00
    602.182     2.0395   3.081821     2.0404   3.082246    4.39898    -0.0319    13.8155 7.7926e+00  -60.27833  -57.45083 1152709159 193.541207    34.6659      49951          5  0.000e+00
    602.163     2.0395   3.081787     2.0407   3.082258    4.39898    -0.0857    13.8155 9.7407e+00  -60.27833  -57.45083 1152709159 193.541207    34.6654      49952          5  0.000e+00
    602.182     2.0395   3.081776     2.0402   3.082240    4.39900    -0.1072    13.8155 9.7407e+00  -60.27833  -57.45083 1152709159 193.541208    34.6653      49953          5  0.000e+00
    602.096     2.0395   3.081776     2.0404   3.082240    4.39894    -0.1072    13.8155 9.7407e+00  -60.27833  -57.45083 1152709159 193.541208    34.6653      49954          5  0.000e+00
    602.182     2.0393   3.081793     2.0399   3.082210    4.39900    -0.0749    13.8155 9.7407e+00  -60.27833  -57.45083 1152709159 193.541209    34.6657      49955          5  0.000e+00
    602.096     2.0395   3.081762     2.0400   3.082240    4.39895    -0.0534    13.8155 9.7407e+00  -60.27833  -57.45083 1152709159 193.541209    34.6652      49956          5  0.000e+00
    602.115     2.0389   3.081735     2.0397   3.082228    4.39903    -0.0534    13.8155 9.7407e+00  -60.27833  -57.45083 1152709159 193.541209    34.6655      49957          5  0.000e+00
    602.096     2.0389   3.081783     2.0397   3.082246    4.39900    -0.0319    13.8155 9.7407e+00  -60.27833  -57.45083 1152709159 193.541210    34.6661      49958          5  0.000e+00
    602.115     2.0390   3.081780     2.0402   3.082240    4.39900    -0.0857    13.8155 9.7407e+00  -60.27833  -57.45083 1152709159 193.541210    34.6659      49959          5  0.000e+00
    602.096     2.0389   3.081755     2.0402   3.082252    4.39901    -0.0964    13.8155 9.7407e+00  -60.27833  -57.45083 1152709159 193.541211    34.6658      49960          5  0.000e+00
    602.115     2.0389   3.081752     2.0400   3.082204    4.39902    -0.0964    13.8155 9.7407e+00  -60.27833  -57.45083 1152709159 193.541211    34.6657      49961          5  0.000e+00
    602.096     2.0390   3.081731     2.0400   3.082198    4.39900    -0.1395    13.8155 9.7407e+00  -60.27833  -57.45083 1152709159 193.541212    34.6653      49962          5  0.000e+00
    602.096     2.0389   3.081749     2.0399   3.082222    4.39901    -0.1072    13.8155 9.7407e+00  -60.27833  -57.45083 1152709159 193.541212    34.6657      49963          5  0.000e+00
    602.038     2.0390   3.081752     2.0396   3.082222    4.39896    -0.0534    13.8155 9.7407e+00  -60.27833  -57.45083 1152709159 193.541213    34.6656      49964          5  0.000e+00
    602.096     2.0387   3.081731     2.0407   3.082204    4.39903    -0.0426    13.8155 9.7407e+00  -60.27833  -57.45083 1152709159 193.541213    34.6656      49965          5  0.000e+00
    602.038     2.0390   3.081762     2.0396   3.082204    4.39896    -0.0749    13.8155 9.7407e+00  -60.27833  -57.45083 1152709159 193.541214    34.6657      49966          5  0.000e+00
    602.096     2.0389   3.081755     2.0396   3.082216    4.39901    -0.1072    13.8155 9.7407e+00  -60.27833  -57.45083 1152709159 193.541214    34.6658      49967          5  0.000e+00
    602.038     2.0392   3.081752     2.0397   3.082228    4.39895    -0.0964    13.8155 9.7407e+00  -60.27833  -57.45083 1152709159 193.541215    34.6654      49968          5  0.000e+00
    602.019     2.0392   3.081731     2.0393   3.082186    4.39894    -0.0749    13.8155 9.7407e+00  -60.27833  -57.45083 1152709160 193.541215    34.6652      49969          5  0.000e+00
    602.038     2.0389   3.081766     2.0400   3.082173    4.39897    -0.0964    13.8155 9.7407e+00  -60.27833  -57.45083 1152709160 193.541216    34.6659      49970          5  0.000e+00
    601.951     2.0386   3.081776     2.0394   3.082210    4.39894    -0.0964    13.8155 9.7407e+00  -60.27833  -57.45083 1152709160 193.541216    34.6664      49971          5  0.000e+00
    602.038     2.0390   3.081755     2.0393   3.082186    4.39896    -0.0964    13.8155 9.7407e+00  -60.27833  -57.45083 1152709160 193.541217    34.6656      49972          5  0.000e+00
    602.019     2.0389   3.081752     2.0397   3.082173    4.39896    -0.0534    13.8155 9.7407e+00  -60.27833  -57.45083 1152709160 193.541217    34.6658      49973          5  0.000e+00
    601.971     2.0392   3.081752     2.0391   3.082210    4.39890    -0.0534    13.8155 7.7926e+00  -60.27833  -57.45083 1152709160 193.541218    34.6654      49974          5  0.000e+00
    601.951     2.0390   3.081752     2.0389   3.082204    4.39420    -0.0642    13.8155 7.7926e+00  -60.27833  -57.45083 1152709160 193.541218    34.6656      49975          5  0.000e+00
    602.019     2.0390   3.081752     2.0396   3.082222    4.39425    -0.0642    13.8155 9.7407e+00  -60.27833  -57.45083 1152709160 193.541219    34.6656      49976          5  0.000e+00
    601.903     2.0387   3.081752     2.0394   3.082185    4.39890    -0.0749    13.8155 9.7407e+00  -60.27833  -57.45083 1152709160 193.541219    34.6660      49977          5  0.000e+00
    601.951     2.0386   3.081714     2.0397   3.082186    4.39897    -0.0426    13.8155 9.7407e+00  -60.27833  -57.45083 1152709160 193.541220    34.6657      49978          5  0.000e+00
    501.147     2.1003   3.080452     2.1006   3.080890    4.35600    -0.0749    13.8155 1.3637e+01  -60.27833  -57.45083 1152709327 193.543152    34.6388      53985          6  0.000e+00
    501.291     2.1000   3.080431     2.1008   3.080926    4.35612    -0.0749    13.8155 1.3637e+01  -60.27833  -57.45083 1152709327 193.543152    34.6388      53986          6  0.000e+00
    501.263     2.1001   3.080445     2.1004   3.080914    4.35609    -0.0749    13.8155 1.3637e+01  -60.27833  -57.45083 1152709327 193.543153    34.6388      53987          6  0.000e+00
    501.359     2.0997   3.080469     2.1006   3.080908    4.35618    -0.0749    13.8155 1.1689e+01  -60.27833  -57.45083 1152709327 193.543153    34.6396      53988          6  0.000e+00
    501.426     2.1001   3.080455     2.1007   3.080932    4.35618    -0.0642    13.8155 1.1689e+01  -60.27833  -57.45083 1152709327 193.543154    34.6389      53989          6  0.000e+00
    501.426     2.0998   3.080469     2.1005   3.080920    4.35620    -0.0749    13.8155 1.1689e+01  -60.27833  -57.45083 1152709327 193.543154    34.6394      53990          6  0.000e+00
    501.474     2.1006   3.080476     2.1003   3.080932    4.35616    -0.1072    13.8155 1.1689e+01  -60.27833  -57.45083 1152709327 193.543155    34.6385      53991          6  0.000e+00
    501.570     2.1000   3.080455     2.1008   3.080938    4.35628    -0.1395    13.8155 1.3637e+01  -60.27833  -57.45083 1152709327 193.543155    34.6389      53992          6  0.000e+00
    501.570     2.1000   3.080504     2.1007   3.080896    4.35626    -0.0642    13.8155 1.3637e+01  -60.27833  -57.45083 1152709327 193.543156    34.6395      53993          6  0.000e+00
    501.714     2.1000   3.080469     2.1002   3.080902    4.35636    -0.0211    13.8155 1.3637e+01  -60.27833  -57.45083 1152709327 193.543156    34.6390      53994          6  0.000e+00
