product_data/regression_test/downloaded_data/MGDS/320620060703/ctd/p6607901.ros
* Sea-Bird SBE 9 Data File:
* FileName = D:\Data\Raw\P6607901.dat
* Software Version Seasave Win32 V 5.32
* Temperature SN = 1649
* Conductivity SN = 1431
* Number of Bytes Per Scan = 37
* Number of Voltage Words = 5
* Number of Scans Averaged by the Deck Unit = 1
* NMEA Latitude = 62 20.12 S
* NMEA Longitude = 058 03.15 W
* NMEA UTC (Time) = 04:28:55
** Ship:   Nathaniel B. Palmer 
** Cruise:    NBP0603 p0606
** Cast #: 01
** Station:   79
** Operator: 
# nquan = 17
# nvalues = 1176                    
# units = specified
# name 0 = prDM: Pressure, Digiquartz [db]
# name 1 = t090C: Temperature [ITS-90, deg C]
# name 2 = c0S/m: Conductivity [S/m]
# name 3 = t190C: Temperature, 2 [ITS-90, deg C]
# name 4 = c1S/m: Conductivity, 2 [S/m]
# name 5 = sbeox0ML/L: Oxygen, SBE 43 [ml/l]
# name 6 = flECO-AFL: Fluorescence, Wetlab ECO-AFL/FL [mg/m^3]
# name 7 = bat: Beam Attenuation, Chelsea/Seatech/Wetlab CStar [1/m]
# name 8 = spar: SPAR/Surface Irradiance
# name 9 = latitude: Latitude [deg]
# name 10 = longitude: Longitude [deg]
# name 11 = timeY: Time, System [seconds]
# name 12 = timeJ: Julian Days
# name 13 = sal00: Salinity [PSU]
# name 14 = scan: scan number
# name 15 = nbf: number of bottles fired
# name 16 = flag:  0.000e+00
# interval = seconds: 0.0416667                   
# start_time = Jul 09 2006 04:29:03
*END*
[from data line 171]
    750.110    -0.7556   2.838430    -0.7550   2.838650    6.45132    -0.1180    13.8155 0.0000e+00  -62.33533  -58.05250 1152422198 190.219904    34.5338      68561          4  0.000e+00
    750.042    -0.7553   2.838400    -0.7553   2.838650    6.45124    -0.1072    13.8155 0.0000e+00  -62.33533  -58.05250 1152422198 190.219904    34.5331      68562          4  0.000e+00
    750.110    -0.7557   2.838390    -0.7553   2.838633    6.45135    -0.1180    13.8155 0.0000e+00  -62.33533  -58.05250 1152422198 190.219905    34.5333      68563          4  0.000e+00
    750.043    -0.7555   2.838390    -0.7552   2.838627    6.45127    -0.0749    13.8155 0.0000e+00  -62.33533  -58.05250 1152422198 190.219905    34.5331      68564          4  0.000e+00
    750.110    -0.7557   2.838380    -0.7553   2.838627    6.45136    -0.0857    13.8155 0.0000e+00  -62.33533  -58.05250 1152422198 190.219905    34.5331      68565          4  0.000e+00
    750.110    -0.7558   2.838403    -0.7557   2.838627    6.45136    -0.1610    13.8155 0.0000e+00  -62.33533  -58.05250 1152422198 190.219906    34.5336      68566          4  0.000e+00
    750.110    -0.7557   2.838393    -0.7553   2.838627    6.45135    -0.1395    13.8155 0.0000e+00  -62.33533  -58.05250 1152422198 190.219906    34.5333      68567          4  0.000e+00
    750.043    -0.7558   2.838423    -0.7554   2.838627    6.45129    -0.1395    13.8155 0.0000e+00  -62.33533  -58.05250 1152422198 190.219907    34.5339      68568          4  0.000e+00
    750.129    -0.7555   2.838416    -0.7554   2.838609    6.45133    -0.1502    13.8155 0.0000e+00  -62.33533  -58.05250 1152422198 190.219907    34.5335      68569          4  0.000e+00
    750.110    -0.7558   2.838413    -0.7556   2.838621    6.45136    -0.1502    13.8155 0.0000e+00  -62.33533  -58.05250 1152422198 190.219908    34.5337      68570          4  0.000e+00
    750.110    -0.7558   2.838423    -0.7555   2.838609    6.45135    -0.1395    13.8155 0.0000e+00  -62.33533  -58.05250 1152422198 190.219908    34.5339      68571          4  0.000e+00
    750.110    -0.7557   2.838433    -0.7556   2.838621    6.45133    -0.1395    13.8155 0.0000e+00  -62.33533  -58.05250 1152422198 190.219909    34.5339      68572          4  0.000e+00
    750.110    -0.7558   2.838436    -0.7557   2.838627    6.45134    -0.1287    13.8155 0.0000e+00  -62.33533  -58.05250 1152422198 190.219909    34.5341      68573          4  0.000e+00
    750.110    -0.7557   2.838436    -0.7553   2.838609    6.45132    -0.1502    13.8155 0.0000e+00  -62.33533  -58.05250 1152422198 190.219910    34.5339      68574          4  0.000e+00
    750.110    -0.7555   2.838400    -0.7556   2.838621    6.45132    -0.1502    13.8155 0.0000e+00  -62.33533  -58.05250 1152422199 190.219910    34.5332      68575          4  0.000e+00
    750.110    -0.7557   2.838423    -0.7553   2.838627    6.45133    -0.1180    13.8155 0.0000e+00  -62.33533  -58.05250 1152422199 190.219911    34.5337      68576          4  0.000e+00
    750.187    -0.7552   2.838416    -0.7554   2.838627    6.45134    -0.1287    13.8155 0.0000e+00  -62.33533  -58.05250 1152422199 190.219911    34.5330      68577          4  0.000e+00
    750.110    -0.7553   2.838423    -0.7552   2.838603    6.45129    -0.1395    13.8155 0.0000e+00  -62.33533  -58.05250 1152422199 190.219912    34.5334      68578          4  0.000e+00
    750.110    -0.7558   2.838396    -0.7556   2.838644    6.45137    -0.1287    13.8155 0.0000e+00  -62.33533  -58.05250 1152422199 190.219912    34.5335      68579          4  0.000e+00
    750.110    -0.7552   2.838423    -0.7556   2.838633    6.45127    -0.1287    13.8155 0.0000e+00  -62.33533  -58.05250 1152422199 190.219913    34.5332      68580          4  0.000e+00
    750.110    -0.7555   2.838416    -0.7553   2.838650    6.45132    -0.1502    13.8155 0.0000e+00  -62.33533  -58.05250 1152422199 190.219913    34.5335      68581          4  0.000e+00
    750.187    -0.7559   2.838430    -0.7554   2.838650    6.45144    -0.1395    13.8155 0.0000e+00  -62.33533  -58.05250 1152422199 190.219914    34.5341      68582          4  0.000e+00
    750.110    -0.7552   2.838436    -0.7553   2.838650    6.45126    -0.1502    13.8155 0.0000e+00  -62.33533  -58.05250 1152422199 190.219914    34.5334      68583          4  0.000e+00
    750.110    -0.7558   2.838410    -0.7554   2.838633    6.45136    -0.0964    13.8155 0.0000e+00  -62.33533  -58.05250 1152422199 190.219915    34.5337      68584          4  0.000e+00
    750.110    -0.7558   2.838426    -0.7558   2.838627    6.45135    -0.0964    13.8155 0.0000e+00  -62.33533  -58.05250 1152422199 190.219915    34.5339      68585          4  0.000e+00
    500.766    -0.5661   2.842238    -0.5651   2.842521    6.41267    -0.1395    13.8155 0.0000e+00  -62.33533  -58.05250 1152422563 190.224130    34.5188      77324          5  0.000e+00
    500.766    -0.5656   2.842235    -0.5654   2.842510    6.41261    -0.1395    13.8155 0.0000e+00  -62.33533  -58.05250 1152422563 190.224130    34.5182      77325          5  0.000e+00
    500.603    -0.5658   2.842235    -0.5653   2.842521    6.41249    -0.1610    13.8155 0.0000e+00  -62.33533  -58.05250 1152422563 190.224130    34.5185      77326          5  0.000e+00
    500.689    -0.5659   2.842235    -0.5654   2.842533    6.41258    -0.1610    13.8155 0.0000e+00  -62.33533  -58.05250 1152422563 190.224131    34.5186      77327          5  0.000e+00
    500.689    -0.5658   2.842268    -0.5651   2.842510    6.41255    -0.0749    13.8155 0.0000e+00  -62.33533  -58.05250 1152422563 190.224131    34.5189      77328          5  0.000e+00
    500.670    -0.5655   2.842262    -0.5648   2.842521    6.41249    -0.0749    13.8155 0.0000e+00  -62.33533  -58.05250 1152422563 190.224132    34.5185      77329          5  0.000e+00
    500.622    -0.5653   2.842275    -0.5653   2.842492    6.41242    -0.0964    13.8155 0.0000e+00  -62.33533  -58.05250 1152422563 190.224132    34.5185      77330          5  0.000e+00
    500.622    -0.5658   2.842295    -0.5652   2.842515    6.41247    -0.1180    13.8155 0.0000e+00  -62.33533  -58.05250 1152422563 190.224133    34.5193      77331          5  0.000e+00
    500.622    -0.5659   2.842302    -0.5649   2.842510    6.41248    -0.1502    13.8155 0.0000e+00  -62.33533  -58.05250 1152422563 190.224133    34.5195      77332          5  0.000e+00
    500.603    -0.5658   2.842252    -0.5652   2.842521    6.41248    -0.1718    13.8155 0.0000e+00  -62.33533  -58.05250 1152422563 190.224134    34.5187      77333          5  0.000e+00
    500.622    -0.5656   2.842268    -0.5654   2.842510    6.41246    -0.1610    13.8155 0.0000e+00  -62.33533  -58.05250 1152422563 190.224134    34.5187      77334          5  0.000e+00
    500.555    -0.5655   2.842295    -0.5654   2.842463    6.41237    -0.1180    13.8155 0.0000e+00  -62.33533  -58.05250 1152422563 190.224135    34.5190      77335          5  0.000e+00
    500.603    -0.5655   2.842252    -0.5652   2.842469    6.41244    -0.1287    13.8155 0.0000e+00  -62.33533  -58.05250 1152422563 190.224135    34.5184      77336          5  0.000e+00
    500.555    -0.5658   2.842268    -0.5657   2.842457    6.41243    -0.1072    13.8155 0.0000e+00  -62.33533  -58.05250 1152422563 190.224136    34.5190      77337          5  0.000e+00
    500.555    -0.5653   2.842312    -0.5651   2.842451    6.41234    -0.1180    13.8155 0.0000e+00  -62.33533  -58.05250 1152422564 190.224136    34.5190      77338          5  0.000e+00
    500.555    -0.5655   2.842292    -0.5655   2.842451    6.41237    -0.1287    13.8155 0.0000e+00  -62.33533  -58.05250 1152422564 190.224137    34.5189      77339          5  0.000e+00
    500.526    -0.5658   2.842282    -0.5655   2.842469    6.41239    -0.1072    13.8155 0.0000e+00  -62.33533  -58.05250 1152422564 190.224137    34.5192      77340          5  0.000e+00
    500.478    -0.5652   2.842282    -0.5651   2.842480    6.41227    -0.1072    13.8155 0.0000e+00  -62.33533  -58.05250 1152422564 190.224138    34.5185      77341          5  0.000e+00
    500.478    -0.5656   2.842245    -0.5651   2.842498    6.41235    -0.1180    13.8155 0.0000e+00  -62.33533  -58.05250 1152422564 190.224138    34.5185      77342          5  0.000e+00
    500.526    -0.5655   2.842268    -0.5657   2.842480    6.41236    -0.1072    13.8155 0.0000e+00  -62.33533  -58.05250 1152422564 190.224139    34.5186      77343          5  0.000e+00
    500.411    -0.5653   2.842262    -0.5652   2.842492    6.41224    -0.1180    13.8155 0.0000e+00  -62.33533  -58.05250 1152422564 190.224139    34.5184      77344          5  0.000e+00
    500.478    -0.5656   2.842258    -0.5651   2.842463    6.41234    -0.1180    13.8155 0.0000e+00  -62.33533  -58.05250 1152422564 190.224140    34.5187      77345          5  0.000e+00
    500.459    -0.5656   2.842258    -0.5649   2.842469    6.41232    -0.1610    13.8155 0.0000e+00  -62.33533  -58.05250 1152422564 190.224140    34.5187      77346          5  0.000e+00
    500.411    -0.5658   2.842292    -0.5651   2.842492    6.41228    -0.1502    13.8155 0.0000e+00  -62.33533  -58.05250 1152422564 190.224141    34.5194      77347          5  0.000e+00
    500.478    -0.5653   2.842268    -0.5654   2.842504    6.41230    -0.1180    13.8155 0.0000e+00  -62.33533  -58.05250 1152422564 190.224141    34.5185      77348          5  0.000e+00
    500.411    -0.5652   2.842238    -0.5652   2.842504    6.41223    -0.1287    13.8155 0.0000e+00  -62.33533  -58.05250 1152422564 190.224142    34.5179      77349          5  0.000e+00
    500.382    -0.5656   2.842252    -0.5652   2.842480    6.41226    -0.1287    13.8155 0.0000e+00  -62.33533  -58.05250 1152422564 190.224142    34.5187      77350          5  0.000e+00
    500.411    -0.5659   2.842238    -0.5652   2.842457    6.41233    -0.1933    13.8155 0.0000e+00  -62.33533  -58.05250 1152422564 190.224143    34.5188      77351          5  0.000e+00
    500.344    -0.5658   2.842252    -0.5654   2.842469    6.41225    -0.1610    13.8155 0.0000e+00  -62.33533  -58.05250 1152422564 190.224143    34.5189      77352          5  0.000e+00
    500.382    -0.5658   2.842258    -0.5657   2.842498    6.41228    -0.0857    13.8155 0.0000e+00  -62.33533  -58.05250 1152422564 190.224144    34.5189      77353          5  0.000e+00
    500.411    -0.5655   2.842258    -0.5654   2.842480    6.41226    -0.0857    13.8155 0.0000e+00  -62.33533  -58.05250 1152422564 190.224144    34.5186      77354          5  0.000e+00
    500.344    -0.5656   2.842222    -0.5654   2.842457    6.41224    -0.0964    13.8155 0.0000e+00  -62.33533  -58.05250 1152422564 190.224144    34.5183      77355          5  0.000e+00
    500.344    -0.5658   2.842245    -0.5651   2.842486    6.41225    -0.1395    13.8155 0.0000e+00  -62.33533  -58.05250 1152422564 190.224145    34.5188      77356          5  0.000e+00
    500.383    -0.5658   2.842275    -0.5655   2.842504    6.41227    -0.1610    13.8155 0.0000e+00  -62.33533  -58.05250 1152422564 190.224145    34.5192      77357          5  0.000e+00
    500.344    -0.5659   2.842282    -0.5654   2.842463    6.41225    -0.1502    13.8155 0.0000e+00  -62.33533  -58.05250 1152422564 190.224146    34.5194      77358          5  0.000e+00
    500.344    -0.5655   2.842245    -0.5651   2.842469    6.41221    -0.1072    13.8155 0.0000e+00  -62.33533  -58.05250 1152422564 190.224146    34.5184      77359          5  0.000e+00
    500.315    -0.5659   2.842235    -0.5660   2.842480    6.41225    -0.0857    13.8155 0.0000e+00  -62.33533  -58.05250 1152422564 190.224147    34.5188      77360          5  0.000e+00
    500.344    -0.5658   2.842215    -0.5654   2.842457    6.41227    -0.0749    13.8155 0.0000e+00  -62.33533  -58.05250 1152422564 190.224147    34.5184      77361          5  0.000e+00
    500.267    -0.5656   2.842228    -0.5654   2.842486    6.41217    -0.0857    13.8155 0.0000e+00  -62.33533  -58.05250 1152422565 190.224148    34.5184      77362          5  0.000e+00
    500.344    -0.5658   2.842252    -0.5654   2.842486    6.41225    -0.1395    13.8155 0.0000e+00  -62.33533  -58.05250 1152422565 190.224148    34.5189      77363          5  0.000e+00
    500.316    -0.5661   2.842222    -0.5654   2.842457    6.41228    -0.1180    13.8155 0.0000e+00  -62.33533  -58.05250 1152422565 190.224149    34.5188      77364          5  0.000e+00
    500.268    -0.5659   2.842212    -0.5652   2.842468    6.41222    -0.1287    13.8155 0.0000e+00  -62.33533  -58.05250 1152422565 190.224149    34.5185      77365          5  0.000e+00
    500.344    -0.5663   2.842228    -0.5657   2.842480    6.41232    -0.1180    13.8155 0.0000e+00  -62.33533  -58.05250 1152422565 190.224150    34.5191      77366          5  0.000e+00
    500.248    -0.5661   2.842235    -0.5654   2.842433    6.41221    -0.1180    13.8155 0.0000e+00  -62.33533  -58.05250 1152422565 190.224150    34.5191      77367          5  0.000e+00
    500.344    -0.5658   2.842252    -0.5655   2.842480    6.41225    -0.1287    13.8155 0.0000e+00  -62.33533  -58.05250 1152422565 190.224151    34.5189      77368          5  0.000e+00
    500.268    -0.5663   2.842205    -0.5655   2.842486    6.41227    -0.0964    13.8155 0.0000e+00  -62.33533  -58.05250 1152422565 190.224151    34.5188      77369          5  0.000e+00
    500.268    -0.5658   2.842205    -0.5653   2.842457    6.41221    -0.0857    13.8155 0.0000e+00  -62.33533  -58.05250 1152422565 190.224152    34.5183      77370          5  0.000e+00
    500.316    -0.5663   2.842212    -0.5652   2.842486    6.41231    -0.1180    13.8155 0.0000e+00  -62.33533  -58.05250 1152422565 190.224152    34.5189      77371          5  0.000e+00
    500.268    -0.5663   2.842228    -0.5651   2.842480    6.41225    -0.1287    13.8155 0.0000e+00  -62.33533  -58.05250 1152422565 190.224153    34.5191      77372          5  0.000e+00
    500.204    -0.5629   2.842501    -0.5628   2.842720    6.41159    -0.1395    13.8155 0.0000e+00  -62.33533  -58.05250 1152422571 190.224221    34.5190      77513          6  0.000e+00
    500.060    -0.5625   2.842488    -0.5623   2.842720    6.41142    -0.0964    13.8155 0.0000e+00  -62.33533  -58.05250 1152422571 190.224221    34.5185      77514          6  0.000e+00
    500.252    -0.5627   2.842501    -0.5630   2.842720    6.41161    -0.1072    13.8155 0.0000e+00  -62.33533  -58.05250 1152422571 190.224222    34.5188      77515          6  0.000e+00
    500.060    -0.5630   2.842508    -0.5626   2.842696    6.41147    -0.1180    13.8155 0.0000e+00  -62.33533  -58.05250 1152422571 190.224222    34.5193      77516          6  0.000e+00
    500.127    -0.5630   2.842508    -0.5626   2.842708    6.41154    -0.1502    13.8155 0.0000e+00  -62.33533  -58.05250 1152422571 190.224223    34.5193      77517          6  0.000e+00
    500.175    -0.5624   2.842541    -0.5628   2.842697    6.41148    -0.1395    13.8155 0.0000e+00  -62.33533  -58.05250 1152422571 190.224223    34.5190      77518          6  0.000e+00
    500.127    -0.5630   2.842485    -0.5631   2.842673    6.41155    -0.1395    13.8155 0.0000e+00  -62.33533  -58.05250 1152422571 190.224224    34.5190      77519          6  0.000e+00
    500.127    -0.5632   2.842478    -0.5631   2.842726    6.41157    -0.1825    13.8155 0.0000e+00  -62.33533  -58.05250 1152422571 190.224224    34.5191      77520          6  0.000e+00
    500.175    -0.5627   2.842501    -0.5626   2.842685    6.41154    -0.1610    13.8155 0.0000e+00  -62.33533  -58.05250 1152422571 190.224225    34.5188      77521          6  0.000e+00
    500.127    -0.5632   2.842525    -0.5626   2.842685    6.41155    -0.1502    13.8155 0.0000e+00  -62.33533  -58.05250 1152422571 190.224225    34.5197      77522          6  0.000e+00
