product_data/regression_test/downloaded_data/MGDS/320620060703/ctd/p6607701.cnv
* Sea-Bird SBE 9 Data File:
* FileName = D:\Data\Raw\p6607701.dat
* Software Version Seasave Win32 V 5.32
* Temperature SN = 1649
* Conductivity SN = 1431
* Number of Bytes Per Scan = 37
* Number of Voltage Words = 5
* Number of Scans Averaged by the Deck Unit = 1
* NMEA Latitude = 62 17.76 S
* NMEA Longitude = 058 04.55 W
* NMEA UTC (Time) = 21:09:54
** Ship:   Nathaniel B. Palmer 
** Cruise:    NBP0606 
# nquan = 15
# nvalues = 1417                        
# units = specified
# name 0 = prDM: Pressure, Digiquartz [db]
# name 1 = t090C: Temperature [ITS-90, deg C]
# name 2 = c0S/m: Conductivity [S/m]
# name 3 = t190C: Temperature, 2 [ITS-90, deg C]
# name 4 = c1S/m: Conductivity, 2 [S/m]
# name 5 = sbeox0ML/L: Oxygen, SBE 43 [ml/l]
# name 6 = flECO-AFL: Fluorescence, Wetlab ECO-AFL/FL [mg/m^3]
# name 7 = bat: Beam Attenuation, Chelsea/Seatech/Wetlab CStar [1/m]
# name 8 = spar: SPAR/Surface Irradiance
# name 9 = latitude: Latitude [deg]
# name 10 = longitude: Longitude [deg]
# name 11 = timeY: Time, System [seconds]
# name 12 = timeJ: Julian Days
# name 13 = sal00: Salinity [PSU]
# name 14 = flag: flag
# span 0 =      4.000,   1420.000       
# span 1 =    -1.6835,    -0.4371       
# span 2 =   2.705229,   2.854039       
# span 3 =    -1.6845,    -0.4367       
# span 4 =   2.705793,   2.854254       
# span 5 =    6.23326,    7.86026       
# span 6 =    -0.1550,     0.2258       
# span 7 =    13.8155,    13.8155       
# span 8 = -4.966e-02, 1.7118e+00       
# span 9 =  -62.29600,  -62.29600       
# span 10 =  -58.07583,  -58.07583      
# span 11 = 1152392995, 1152395020      
# span 12 = 189.881891, 189.905342      
# span 13 =    34.2318,    34.5466      
# span 14 = 0.0000e+00, 0.0000e+00      
# interval = decibars: 1                
# start_time = Jul 08 2006 21:10:01
# bad_flag = -9.990e-29
*END*
[from data line 97]
    101.000    -1.4580   2.730854    -1.4548   2.731422    7.61219     0.1937    13.8155 0.0000e+00  -62.29600  -58.07583 1152393228 189.884591    34.2668 0.0000e+00
    102.000    -1.4601   2.730766    -1.4605   2.731009    7.61246     0.1911    13.8155 0.0000e+00  -62.29600  -58.07583 1152393228 189.884606    34.2678 0.0000e+00
    103.000    -1.4369   2.732599    -1.4375   2.732825    7.61552     0.1871    13.8155 0.0000e+00  -62.29600  -58.07583 1152393230 189.884620    34.2647 0.0000e+00
    104.000    -1.4451   2.732022    -1.4406   2.732636    7.61550     0.1794    13.8155 0.0000e+00  -62.29600  -58.07583 1152393231 189.884632    34.2659 0.0000e+00
    105.000    -1.4477   2.731860    -1.4422   2.732588    7.61433     0.1790    13.8155 0.0000e+00  -62.29600  -58.07583 1152393232 189.884644    34.2661 0.0000e+00
    106.000    -1.4378   2.732694    -1.4379   2.732969    7.61373     0.1997    13.8155 0.0000e+00  -62.29600  -58.07583 1152393233 189.884659    34.2652 0.0000e+00
    107.000    -1.4464   2.732069    -1.4436   2.732509    7.61525     0.1877    13.8155 0.0000e+00  -62.29600  -58.07583 1152393235 189.884678    34.2663 0.0000e+00
    108.000    -1.4343   2.733075    -1.4334   2.733425    7.61262     0.1871    13.8155 0.0000e+00  -62.29600  -58.07583 1152393236 189.884693    34.2653 0.0000e+00
    109.000    -1.4397   2.732639    -1.4430   2.732690    7.61098     0.1856    13.8155 0.0000e+00  -62.29600  -58.07583 1152393237 189.884707    34.2648 0.0000e+00
    110.000    -1.4492   2.731995    -1.4569   2.731738    7.60809     0.1866    13.8155 0.0000e+00  -62.29600  -58.07583 1152393238 189.884721    34.2666 0.0000e+00
    111.000    -1.4626   2.730994    -1.4613   2.731383    7.60949     0.1820    13.8155 0.0000e+00  -62.29600  -58.07583 1152393240 189.884736    34.2681 0.0000e+00
    112.000    -1.4603   2.731200    -1.4587   2.731655    7.60928     0.1674    13.8155 0.0000e+00  -62.29600  -58.07583 1152393241 189.884749    34.2675 0.0000e+00
    113.000    -1.4609   2.731205    -1.4580   2.731740    7.61007     0.1994    13.8155 0.0000e+00  -62.29600  -58.07583 1152393242 189.884762    34.2676 0.0000e+00
    114.000    -1.4485   2.732270    -1.4471   2.732687    7.60874     0.1881    13.8155 0.0000e+00  -62.29600  -58.07583 1152393243 189.884774    34.2670 0.0000e+00
    115.000    -1.4497   2.732224    -1.4483   2.732613    7.61081     0.1898    13.8155 0.0000e+00  -62.29600  -58.07583 1152393244 189.884789    34.2672 0.0000e+00
    116.000    -1.4413   2.732937    -1.4430   2.733042    7.61330     0.1886    13.8155 0.0000e+00  -62.29600  -58.07583 1152393246 189.884807    34.2659 0.0000e+00
    117.000    -1.4308   2.733832    -1.4305   2.734133    7.60999     0.1973    13.8155 0.0000e+00  -62.29600  -58.07583 1152393247 189.884825    34.2659 0.0000e+00
    118.000    -1.4358   2.733484    -1.4361   2.733762    7.60962     0.2024    13.8155 0.0000e+00  -62.29600  -58.07583 1152393249 189.884838    34.2663 0.0000e+00
    119.000    -1.4348   2.733609    -1.4362   2.733810    7.61375     0.1934    13.8155 0.0000e+00  -62.29600  -58.07583 1152393250 189.884850    34.2663 0.0000e+00
    120.000    -1.4480   2.732583    -1.4438   2.733215    7.61445     0.1887    13.8155 0.0000e+00  -62.29600  -58.07583 1152393251 189.884863    34.2675 0.0000e+00
    121.000    -1.4458   2.732775    -1.4443   2.733220    7.61363     0.1828    13.8155 0.0000e+00  -62.29600  -58.07583 1152393252 189.884877    34.2665 0.0000e+00
    122.000    -1.4584   2.731762    -1.4684   2.731335    7.62065     0.1878    13.8155 0.0000e+00  -62.29600  -58.07583 1152393253 189.884891    34.2665 0.0000e+00
    123.000    -1.4937   2.729067    -1.4993   2.728909    7.63341     0.1941    13.8155 0.0000e+00  -62.29600  -58.07583 1152393254 189.884905    34.2706 0.0000e+00
    124.000    -1.4924   2.729290    -1.4770   2.730752    7.62416     0.2069    13.8155 0.0000e+00  -62.29600  -58.07583 1152393256 189.884920    34.2712 0.0000e+00
    125.000    -1.5084   2.727987    -1.5052   2.728542    7.62608     0.1950    13.8155 0.0000e+00  -62.29600  -58.07583 1152393257 189.884937    34.2711 0.0000e+00
    126.000    -1.5972   2.721005    -1.5958   2.721606    7.63055     0.1949    13.8155 0.0000e+00  -62.29600  -58.07583 1152393259 189.884954    34.2788 0.0000e+00
    127.000    -1.6049   2.720475    -1.6032   2.720981    7.63508     0.1849    13.8155 0.0000e+00  -62.29600  -58.07583 1152393260 189.884969    34.2792 0.0000e+00
    128.000    -1.6113   2.719967    -1.6099   2.720476    7.64111     0.1901    13.8155 0.0000e+00  -62.29600  -58.07583 1152393261 189.884982    34.2782 0.0000e+00
    129.000    -1.6328   2.718239    -1.6314   2.718744    7.64384     0.1948    13.8155 0.0000e+00  -62.29600  -58.07583 1152393262 189.884994    34.2787 0.0000e+00
    130.000    -1.6354   2.718066    -1.6349   2.718474    7.64538     0.2045    13.8155 0.0000e+00  -62.29600  -58.07583 1152393263 189.885008    34.2784 0.0000e+00
    131.000    -1.6373   2.717965    -1.6367   2.718360    7.64845     0.2194    13.8155 0.0000e+00  -62.29600  -58.07583 1152393265 189.885023    34.2780 0.0000e+00
    132.000    -1.6376   2.718015    -1.6373   2.718376    7.64832     0.2081    13.8155 0.0000e+00  -62.29600  -58.07583 1152393266 189.885038    34.2780 0.0000e+00
    133.000    -1.6396   2.717917    -1.6385   2.718335    7.64847     0.2188    13.8155 0.0000e+00  -62.29600  -58.07583 1152393267 189.885050    34.2781 0.0000e+00
    134.000    -1.6369   2.718234    -1.6359   2.718661    7.64557     0.2043    13.8155 0.0000e+00  -62.29600  -58.07583 1152393268 189.885064    34.2783 0.0000e+00
    135.000    -1.6260   2.719324    -1.6226   2.719902    7.64159     0.2188    13.8155 0.0000e+00  -62.29600  -58.07583 1152393269 189.885080    34.2798 0.0000e+00
    136.000    -1.6190   2.720000    -1.6182   2.720377    7.63677     0.2258    13.8155 0.0000e+00  -62.29600  -58.07583 1152393271 189.885096    34.2799 0.0000e+00
    137.000    -1.6118   2.720735    -1.6115   2.721026    7.62967     0.2076    13.8155 0.0000e+00  -62.29600  -58.07583 1152393272 189.885111    34.2809 0.0000e+00
    138.000    -1.6102   2.720904    -1.6114   2.721089    7.62386     0.2132    13.8155 0.0000e+00  -62.29600  -58.07583 1152393273 189.885125    34.2806 0.0000e+00
    139.000    -1.6072   2.721232    -1.6073   2.721516    7.61903     0.2009    13.8155 0.0000e+00  -62.29600  -58.07583 1152393275 189.885139    34.2809 0.0000e+00
    140.000    -1.6059   2.721443    -1.6050   2.721825    7.61532     0.2039    13.8155 0.0000e+00  -62.29600  -58.07583 1152393276 189.885153    34.2818 0.0000e+00
    141.000    -1.6057   2.721517    -1.6048   2.721895    7.61320     0.2044    13.8155 0.0000e+00  -62.29600  -58.07583 1152393277 189.885166    34.2819 0.0000e+00
    142.000    -1.6146   2.720853    -1.6124   2.721358    7.60970     0.2006    13.8155 0.0000e+00  -62.29600  -58.07583 1152393278 189.885180    34.2824 0.0000e+00
    143.000    -1.6095   2.721359    -1.6053   2.721991    7.60556     0.2102    13.8155 0.0000e+00  -62.29600  -58.07583 1152393279 189.885194    34.2829 0.0000e+00
    144.000    -1.6090   2.721420    -1.6084   2.721764    7.60553     0.2000    13.8155 0.0000e+00  -62.29600  -58.07583 1152393280 189.885207    34.2824 0.0000e+00
    145.000    -1.6097   2.721379    -1.6103   2.721663    7.60729     0.2179    13.8155 0.0000e+00  -62.29600  -58.07583 1152393282 189.885222    34.2820 0.0000e+00
    146.000    -1.6106   2.721389    -1.6093   2.721788    7.60916     0.2151    13.8155 0.0000e+00  -62.29600  -58.07583 1152393283 189.885239    34.2826 0.0000e+00
    147.000    -1.6114   2.721334    -1.6100   2.721756    7.61043     0.2034    13.8155 0.0000e+00  -62.29600  -58.07583 1152393284 189.885253    34.2822 0.0000e+00
    148.000    -1.6132   2.721239    -1.6132   2.721539    7.61105     0.2000    13.8155 0.0000e+00  -62.29600  -58.07583 1152393286 189.885266    34.2823 0.0000e+00
    149.000    -1.6163   2.720997    -1.6157   2.721338    7.61093     0.2019    13.8155 0.0000e+00  -62.29600  -58.07583 1152393287 189.885280    34.2819 0.0000e+00
    150.000    -1.6186   2.720829    -1.6181   2.721187    7.61073     0.1946    13.8155 0.0000e+00  -62.29600  -58.07583 1152393288 189.885295    34.2817 0.0000e+00
    151.000    -1.6224   2.720559    -1.6215   2.720950    7.61297     0.1990    13.8155 0.0000e+00  -62.29600  -58.07583 1152393289 189.885311    34.2817 0.0000e+00
    152.000    -1.6234   2.720528    -1.6217   2.720981    7.61347     0.1906    13.8155 0.0000e+00  -62.29600  -58.07583 1152393291 189.885325    34.2818 0.0000e+00
    153.000    -1.6236   2.720558    -1.6226   2.720936    7.61395     0.2074    13.8155 0.0000e+00  -62.29600  -58.07583 1152393292 189.885339    34.2818 0.0000e+00
    154.000    -1.6246   2.720501    -1.6242   2.720846    7.61782     0.1888    13.8155 0.0000e+00  -62.29600  -58.07583 1152393293 189.885353    34.2816 0.0000e+00
    155.000    -1.6254   2.720483    -1.6245   2.720859    7.61988     0.1789    13.8155 0.0000e+00  -62.29600  -58.07583 1152393294 189.885369    34.2816 0.0000e+00
    156.000    -1.6257   2.720521    -1.6250   2.720876    7.62021     0.1900    13.8155 0.0000e+00  -62.29600  -58.07583 1152393296 189.885382    34.2818 0.0000e+00
    157.000    -1.6259   2.720565    -1.6251   2.720913    7.62003     0.1839    13.8155 0.0000e+00  -62.29600  -58.07583 1152393297 189.885396    34.2820 0.0000e+00
    158.000    -1.6262   2.720575    -1.6256   2.720921    7.61650     0.1737    13.8155 0.0000e+00  -62.29600  -58.07583 1152393298 189.885411    34.2818 0.0000e+00
    159.000    -1.6259   2.720658    -1.6253   2.721003    7.61425     0.1899    13.8155 0.0000e+00  -62.29600  -58.07583 1152393299 189.885426    34.2820 0.0000e+00
    160.000    -1.6230   2.720979    -1.6208   2.721459    7.61168     0.1758    13.8155 0.0000e+00  -62.29600  -58.07583 1152393301 189.885440    34.2824 0.0000e+00
    161.000    -1.6170   2.721587    -1.6163   2.721929    7.60825     0.1711    13.8155 0.0000e+00  -62.29600  -58.07583 1152393302 189.885456    34.2831 0.0000e+00
    162.000    -1.6146   2.721875    -1.6135   2.722249    7.60585     0.1489    13.8155 0.0000e+00  -62.29600  -58.07583 1152393303 189.885472    34.2835 0.0000e+00
    163.000    -1.6127   2.722086    -1.6124   2.722400    7.60104     0.1525    13.8155 0.0000e+00  -62.29600  -58.07583 1152393304 189.885484    34.2836 0.0000e+00
    164.000    -1.6155   2.721894    -1.6145   2.722262    7.60089     0.1510    13.8155 0.0000e+00  -62.29600  -58.07583 1152393305 189.885495    34.2836 0.0000e+00
    165.000    -1.6150   2.721979    -1.6144   2.722317    7.60108     0.1355    13.8155 0.0000e+00  -62.29600  -58.07583 1152393307 189.885510    34.2836 0.0000e+00
    166.000    -1.6149   2.722031    -1.6142   2.722376    7.59918     0.1475    13.8155 0.0000e+00  -62.29600  -58.07583 1152393308 189.885530    34.2836 0.0000e+00
    167.000    -1.6111   2.722436    -1.6092   2.722859    7.59080     0.1379    13.8155 0.0000e+00  -62.29600  -58.07583 1152393310 189.885546    34.2842 0.0000e+00
    168.000    -1.6064   2.722880    -1.6040   2.723374    7.58584     0.1213    13.8155 0.0000e+00  -62.29600  -58.07583 1152393311 189.885557    34.2841 0.0000e+00
    169.000    -1.6033   2.723214    -1.5964   2.724026    7.58000     0.1244    13.8155 0.0000e+00  -62.29600  -58.07583 1152393312 189.885570    34.2846 0.0000e+00
    170.000    -1.5904   2.724364    -1.5808   2.725401    7.57702     0.1224    13.8155 0.0000e+00  -62.29600  -58.07583 1152393313 189.885585    34.2848 0.0000e+00
    171.000    -1.5630   2.726862    -1.5623   2.727093    7.56644     0.1145    13.8155 0.0000e+00  -62.29600  -58.07583 1152393314 189.885600    34.2867 0.0000e+00
    172.000    -1.5250   2.730269    -1.5285   2.730093    7.54436     0.1025    13.8155 0.0000e+00  -62.29600  -58.07583 1152393316 189.885614    34.2885 0.0000e+00
    173.000    -1.5057   2.731994    -1.5082   2.731966    7.53411     0.0965    13.8155 0.0000e+00  -62.29600  -58.07583 1152393317 189.885628    34.2890 0.0000e+00
    174.000    -1.5031   2.732285    -1.5021   2.732589    7.52850     0.1180    13.8155 0.0000e+00  -62.29600  -58.07583 1152393318 189.885642    34.2897 0.0000e+00
    175.000    -1.4784   2.734584    -1.4669   2.735814    7.50854     0.1591    13.8155 0.0000e+00  -62.29600  -58.07583 1152393319 189.885659    34.2921 0.0000e+00
    176.000    -1.4379   2.738212    -1.4398   2.738174    7.49469     0.1545    13.8155 0.0000e+00  -62.29600  -58.07583 1152393321 189.885675    34.2943 0.0000e+00
    177.000    -1.4394   2.738087    -1.4316   2.739021    7.47964     0.1636    13.8155 0.0000e+00  -62.29600  -58.07583 1152393322 189.885689    34.2937 0.0000e+00
    178.000    -1.4545   2.736840    -1.4450   2.737941    7.47255     0.1497    13.8155 0.0000e+00  -62.29600  -58.07583 1152393323 189.885702    34.2949 0.0000e+00
    179.000    -1.4492   2.737336    -1.4481   2.737676    7.45940     0.1412    13.8155 0.0000e+00  -62.29600  -58.07583 1152393324 189.885715    34.2949 0.0000e+00
    180.000    -1.4585   2.736550    -1.4585   2.736808    7.45346     0.1374    13.8155 0.0000e+00  -62.29600  -58.07583 1152393326 189.885729    34.2946 0.0000e+00
    181.000    -1.4379   2.738437    -1.4346   2.738905    7.45031     0.1243    13.8155 0.0000e+00  -62.29600  -58.07583 1152393327 189.885746    34.2962 0.0000e+00
    182.000    -1.4193   2.740330    -1.4203   2.740236    7.42828     0.1208    13.8155 0.0000e+00  -62.29600  -58.07583 1152393328 189.885763    34.2984 0.0000e+00
    183.000    -1.3455   2.746654    -1.3479   2.746607    7.41142     0.1445    13.8155 0.0000e+00  -62.29600  -58.07583 1152393330 189.885777    34.2995 0.0000e+00
    184.000    -1.3468   2.746614    -1.3456   2.746905    7.40154     0.1382    13.8155 0.0000e+00  -62.29600  -58.07583 1152393331 189.885791    34.3005 0.0000e+00
    185.000    -1.3469   2.746656    -1.3462   2.746910    7.39366     0.1503    13.8155 0.0000e+00  -62.29600  -58.07583 1152393332 189.885804    34.3011 0.0000e+00
    186.000    -1.3226   2.748880    -1.3222   2.749029    7.38313     0.1519    13.8155 0.0000e+00  -62.29600  -58.07583 1152393333 189.885817    34.3033 0.0000e+00
    187.000    -1.3159   2.749490    -1.3176   2.749509    7.37406     0.1836    13.8155 0.0000e+00  -62.29600  -58.07583 1152393334 189.885830    34.3032 0.0000e+00
    188.000    -1.3143   2.749679    -1.3134   2.749959    7.36636     0.1824    13.8155 0.0000e+00  -62.29600  -58.07583 1152393336 189.885844    34.3037 0.0000e+00
    189.000    -1.3115   2.749996    -1.3102   2.750307    7.35272     0.1880    13.8155 0.0000e+00  -62.29600  -58.07583 1152393337 189.885863    34.3048 0.0000e+00
    190.000    -1.3066   2.750472    -1.3052   2.750807    7.34734     0.1486    13.8155 0.0000e+00  -62.29600  -58.07583 1152393339 189.885884    34.3054 0.0000e+00
    191.000    -1.3043   2.750721    -1.3005   2.751249    7.34525     0.1260    13.8155 0.0000e+00  -62.29600  -58.07583 1152393340 189.885898    34.3059 0.0000e+00
    192.000    -1.2970   2.751421    -1.2930   2.751970    7.33741     0.1368    13.8155 0.0000e+00  -62.29600  -58.07583 1152393341 189.885909    34.3064 0.0000e+00
    193.000    -1.2583   2.755028    -1.2540   2.755454    7.33142     0.1026    13.8155 0.0000e+00  -62.29600  -58.07583 1152393342 189.885920    34.3106 0.0000e+00
    194.000    -1.2532   2.755466    -1.2526   2.755723    7.32851     0.1016    13.8155 0.0000e+00  -62.29600  -58.07583 1152393343 189.885931    34.3095 0.0000e+00
    195.000    -1.2585   2.755067    -1.2582   2.755338    7.31591     0.1288    13.8155 0.0000e+00  -62.29600  -58.07583 1152393344 189.885944    34.3099 0.0000e+00
