product_data/regression_test/downloaded_data/MGDS/320620060703/ctd/p6609901.ros
* Sea-Bird SBE 9 Data File:
* FileName = D:\Data\Raw\p6609901.dat
* Software Version Seasave Win32 V 5.32
* Temperature SN = 1649
* Conductivity SN = 1431
* Number of Bytes Per Scan = 37
* Number of Voltage Words = 5
* Number of Scans Averaged by the Deck Unit = 1
* NMEA Latitude = 60 16.70 S
* NMEA Longitude = 057 27.05 W
* NMEA UTC (Time) = 12:24:31
** Ship:   Nathaniel B. Palmer 
** Cruise:    NBP0606 
# nquan = 17
# nvalues = 1176                    
# units = specified
# name 0 = prDM: Pressure, Digiquartz [db]
# name 1 = t090C: Temperature [ITS-90, deg C]
# name 2 = c0S/m: Conductivity [S/m]
# name 3 = t190C: Temperature, 2 [ITS-90, deg C]
# name 4 = c1S/m: Conductivity, 2 [S/m]
# name 5 = sbeox0ML/L: Oxygen, SBE 43 [ml/l]
# name 6 = flECO-AFL: Fluorescence, Wetlab ECO-AFL/FL [mg/m^3]
# name 7 = bat: Beam Attenuation, Chelsea/Seatech/Wetlab CStar [1/m]
# name 8 = spar: SPAR/Surface Irradiance
# name 9 = latitude: Latitude [deg]
# name 10 = longitude: Longitude [deg]
# name 11 = timeY: Time, System [seconds]
# name 12 = timeJ: Julian Days
# name 13 = sal00: Salinity [PSU]
# name 14 = scan: scan number
# name 15 = nbf: number of bottles fired
# name 16 = flag:  0.000e+00
# interval = seconds: 0.0416667                   
# start_time = Jul 12 2006 12:24:39
*END*
[from data line 426]
    351.314     2.0819   3.066568     2.0829   3.067063    4.35023    -0.0749    13.8155 1.9481e+01  -60.27833  -57.45083 1152709588 193.546180    34.5695      60264          9  0.000e+00
    351.314     2.0822   3.066626     2.0830   3.067099    4.35018    -0.0426    13.8155 1.9481e+01  -60.27833  -57.45083 1152709588 193.546181    34.5698      60265          9  0.000e+00
    351.314     2.0825   3.066712     2.0833   3.067093    4.35013    -0.0534    13.8155 1.9481e+01  -60.27833  -57.45083 1152709588 193.546181    34.5706      60266          9  0.000e+00
    351.371     2.0831   3.066712     2.0827   3.067063    4.35465    -0.0857    13.8155 1.9481e+01  -60.27833  -57.45083 1152709589 193.546182    34.5699      60267          9  0.000e+00
    351.381     2.0831   3.066747     2.0824   3.066967    4.35464    -0.1180    13.8155 1.9481e+01  -60.27833  -57.45083 1152709589 193.546182    34.5703      60268          9  0.000e+00
    351.381     2.0836   3.066740     2.0816   3.066901    4.35460    -0.0749    13.8155 1.9481e+01  -60.27833  -57.45083 1152709589 193.546182    34.5697      60269          9  0.000e+00
    351.458     2.0828   3.066681     2.0813   3.066865    4.35474    -0.0534    13.8155 1.9481e+01  -60.27833  -57.45083 1152709589 193.546183    34.5698      60270          9  0.000e+00
    351.458     2.0818   3.066516     2.0812   3.066835    4.35489    -0.0426    13.8155 1.9481e+01  -60.27833  -57.45083 1152709589 193.546183    34.5688      60271          9  0.000e+00
    351.438     2.0814   3.066489     2.0811   3.066829    4.35493    -0.0749    13.8155 1.9481e+01  -60.27833  -57.45083 1152709589 193.546184    34.5689      60272          9  0.000e+00
    351.525     2.0812   3.066547     2.0805   3.066829    4.35497    -0.0857    13.8155 1.9481e+01  -60.27833  -57.45083 1152709589 193.546184    34.5698      60273          9  0.000e+00
    351.525     2.0823   3.066602     2.0809   3.066811    4.35485    -0.0534    13.8155 1.9481e+01  -60.27833  -57.45083 1152709589 193.546185    34.5693      60274          9  0.000e+00
    351.592     2.0823   3.066664     2.0813   3.066889    4.35487    -0.0749    13.8155 1.9481e+01  -60.27833  -57.45083 1152709589 193.546185    34.5700      60275          9  0.000e+00
    351.525     2.0825   3.066595     2.0813   3.066895    4.35484    -0.0857    13.8155 1.9481e+01  -60.27833  -57.45083 1152709589 193.546186    34.5690      60276          9  0.000e+00
    351.659     2.0820   3.066496     2.0812   3.066841    4.35500    -0.0857    13.8155 1.9481e+01  -60.27833  -57.45083 1152709589 193.546186    34.5682      60277          9  0.000e+00
    351.668     2.0814   3.066430     2.0808   3.066847    4.35509    -0.1072    13.8155 1.9481e+01  -60.27833  -57.45083 1152709589 193.546187    34.5680      60278          9  0.000e+00
    350.892     2.0817   3.066423     2.0818   3.066804    4.35914    -0.0749    13.8155 1.9481e+01  -60.27833  -57.45083 1152709595 193.546254    34.5681      60417         10  0.000e+00
    350.892     2.0820   3.066437     2.0810   3.066804    4.35910    -0.1287    13.8155 1.9481e+01  -60.27833  -57.45083 1152709595 193.546254    34.5679      60418         10  0.000e+00
    350.892     2.0814   3.066444     2.0813   3.066780    4.35461    -0.0642    13.8155 1.9481e+01  -60.27833  -57.45083 1152709595 193.546255    34.5687      60419         10  0.000e+00
    350.748     2.0817   3.066444     2.0810   3.066726    4.35904    -0.0104    13.8155 1.9481e+01  -60.27833  -57.45083 1152709595 193.546255    34.5684      60420         10  0.000e+00
    350.873     2.0815   3.066444     2.0810   3.066732    4.35913    -0.0211    13.8155 1.9481e+01  -60.27833  -57.45083 1152709595 193.546256    34.5685      60421         10  0.000e+00
    350.815     2.0817   3.066423     2.0812   3.066744    4.35909    -0.0642    13.8155 1.9481e+01  -60.27833  -57.45083 1152709595 193.546256    34.5681      60422         10  0.000e+00
    350.815     2.0817   3.066399     2.0810   3.066744    4.35910    -0.1180    13.8155 1.9481e+01  -60.27833  -57.45083 1152709595 193.546257    34.5678      60423         10  0.000e+00
    350.748     2.0809   3.066395     2.0808   3.066744    4.35458    -0.1180    13.8155 1.9481e+01  -60.27833  -57.45083 1152709595 193.546257    34.5686      60424         10  0.000e+00
    350.748     2.0811   3.066392     2.0810   3.066744    4.35457    -0.0857    13.8155 1.9481e+01  -60.27833  -57.45083 1152709595 193.546258    34.5684      60425         10  0.000e+00
    350.806     2.0816   3.066358     2.0807   3.066762    4.35458    -0.0534    13.8155 1.9481e+01  -60.27833  -57.45083 1152709595 193.546258    34.5674      60426         10  0.000e+00
    350.748     2.0816   3.066399     2.0813   3.066750    4.35907    -0.0534    13.8155 1.9481e+01  -60.27833  -57.45083 1152709595 193.546259    34.5680      60427         10  0.000e+00
    350.748     2.0809   3.066382     2.0810   3.066720    4.35913    -0.0857    13.8155 1.9481e+01  -60.27833  -57.45083 1152709595 193.546259    34.5685      60428         10  0.000e+00
    350.672     2.0809   3.066406     2.0813   3.066756    4.35908    -0.1180    13.8155 1.9481e+01  -60.27833  -57.45083 1152709595 193.546260    34.5688      60429         10  0.000e+00
    350.748     2.0816   3.066437     2.0811   3.066708    4.35906    -0.1395    13.8155 1.9481e+01  -60.27833  -57.45083 1152709595 193.546260    34.5685      60430         10  0.000e+00
    350.739     2.0822   3.066464     2.0809   3.066690    4.35444    -0.1395    13.8155 1.7533e+01  -60.27833  -57.45083 1152709595 193.546261    34.5681      60431         10  0.000e+00
    350.672     2.0820   3.066471     2.0813   3.066726    4.35896    -0.1502    13.8155 1.7533e+01  -60.27833  -57.45083 1152709595 193.546261    34.5684      60432         10  0.000e+00
    350.748     2.0822   3.066464     2.0812   3.066762    4.35899    -0.1180    13.8155 1.9481e+01  -60.27833  -57.45083 1152709595 193.546262    34.5681      60433         10  0.000e+00
    350.672     2.0817   3.066430     2.0805   3.066726    4.35900    -0.1072    13.8155 1.9481e+01  -60.27833  -57.45083 1152709595 193.546262    34.5683      60434         10  0.000e+00
    350.672     2.0814   3.066382     2.0811   3.066732    4.35905    -0.0749    13.8155 1.9481e+01  -60.27833  -57.45083 1152709596 193.546263    34.5680      60435         10  0.000e+00
    350.739     2.0812   3.066316     2.0809   3.066720    4.35458    -0.0749    13.8155 1.9481e+01  -60.27833  -57.45083 1152709596 193.546263    34.5673      60436         10  0.000e+00
    350.672     2.0809   3.066299     2.0815   3.066714    4.35458    -0.1072    13.8155 1.9481e+01  -60.27833  -57.45083 1152709596 193.546264    34.5675      60437         10  0.000e+00
    350.672     2.0809   3.066278     2.0811   3.066756    4.35458    -0.1072    13.8155 1.9481e+01  -60.27833  -57.45083 1152709596 193.546264    34.5672      60438         10  0.000e+00
    350.672     2.0806   3.066275     2.0810   3.066774    4.35916    -0.1180    13.8155 1.9481e+01  -60.27833  -57.45083 1152709596 193.546264    34.5675      60439         10  0.000e+00
    350.672     2.0809   3.066327     2.0816   3.066810    4.35456    -0.1287    13.8155 1.9481e+01  -60.27833  -57.45083 1152709596 193.546265    34.5678      60440         10  0.000e+00
    350.672     2.0808   3.066327     2.0815   3.066786    4.35458    -0.0857    13.8155 1.9481e+01  -60.27833  -57.45083 1152709596 193.546265    34.5680      60441         10  0.000e+00
    350.739     2.0812   3.066354     2.0810   3.066750    4.35457    -0.0426    13.8155 1.9481e+01  -60.27833  -57.45083 1152709596 193.546266    34.5678      60442         10  0.000e+00
    350.672     2.0811   3.066389     2.0816   3.066762    4.35453    -0.0211    13.8155 1.9481e+01  -60.27833  -57.45083 1152709596 193.546266    34.5684      60443         10  0.000e+00
    350.672     2.0812   3.066375     2.0810   3.066750    4.35452    -0.0642    13.8155 1.9481e+01  -60.27833  -57.45083 1152709596 193.546267    34.5681      60444         10  0.000e+00
    350.672     2.0814   3.066423     2.0807   3.066744    4.35449    -0.1180    13.8155 1.9481e+01  -60.27833  -57.45083 1152709596 193.546267    34.5685      60445         10  0.000e+00
    350.672     2.0812   3.066406     2.0811   3.066744    4.35451    -0.0964    13.8155 1.9481e+01  -60.27833  -57.45083 1152709596 193.546268    34.5685      60446         10  0.000e+00
    350.739     2.0816   3.066395     2.0810   3.066720    4.35452    -0.0749    13.8155 1.9481e+01  -60.27833  -57.45083 1152709596 193.546268    34.5680      60447         10  0.000e+00
    350.672     2.0814   3.066375     2.0807   3.066732    4.35450    -0.0534    13.8155 1.9481e+01  -60.27833  -57.45083 1152709596 193.546269    34.5679      60448         10  0.000e+00
    350.672     2.0814   3.066406     2.0808   3.066702    4.35449    -0.0534    13.8155 1.9481e+01  -60.27833  -57.45083 1152709596 193.546269    34.5683      60449         10  0.000e+00
    350.748     2.0814   3.066399     2.0804   3.066690    4.35909    -0.1072    13.8155 1.9481e+01  -60.27833  -57.45083 1152709596 193.546270    34.5682      60450         10  0.000e+00
    350.672     2.0812   3.066375     2.0813   3.066708    4.35452    -0.0964    13.8155 1.9481e+01  -60.27833  -57.45083 1152709596 193.546270    34.5681      60451         10  0.000e+00
    350.739     2.0812   3.066351     2.0807   3.066714    4.35457    -0.0964    13.8155 1.9481e+01  -60.27833  -57.45083 1152709596 193.546271    34.5678      60452         10  0.000e+00
    350.748     2.0806   3.066327     2.0807   3.066714    4.35918    -0.0857    13.8155 1.9481e+01  -60.27833  -57.45083 1152709596 193.546271    34.5681      60453         10  0.000e+00
    350.672     2.0812   3.066340     2.0810   3.066732    4.35908    -0.0534    13.8155 1.9481e+01  -60.27833  -57.45083 1152709596 193.546272    34.5677      60454         10  0.000e+00
    350.748     2.0816   3.066382     2.0805   3.066744    4.35453    -0.0319    13.8155 1.7533e+01  -60.27833  -57.45083 1152709596 193.546272    34.5678      60455         10  0.000e+00
    350.748     2.0809   3.066375     2.0813   3.066720    4.35459    -0.0319    13.8155 1.7533e+01  -60.27833  -57.45083 1152709596 193.546273    34.5684      60456         10  0.000e+00
    350.739     2.0814   3.066406     2.0807   3.066714    4.35908    -0.0319    13.8155 1.7533e+01  -60.27833  -57.45083 1152709596 193.546273    34.5683      60457         10  0.000e+00
    350.748     2.0812   3.066378     2.0805   3.066696    4.35456    -0.0319    13.8155 1.9481e+01  -60.27833  -57.45083 1152709596 193.546274    34.5681      60458         10  0.000e+00
    350.748     2.0809   3.066368     2.0813   3.066708    4.35459    -0.0964    13.8155 1.9481e+01  -60.27833  -57.45083 1152709597 193.546274    34.5683      60459         10  0.000e+00
    350.815     2.0809   3.066333     2.0807   3.066696    4.35919    -0.0534    13.8155 1.9481e+01  -60.27833  -57.45083 1152709597 193.546275    34.5678      60460         10  0.000e+00
    350.748     2.0809   3.066395     2.0810   3.066690    4.35913    -0.0426    13.8155 1.9481e+01  -60.27833  -57.45083 1152709597 193.546275    34.5686      60461         10  0.000e+00
    350.806     2.0806   3.066364     2.0805   3.066690    4.35921    -0.0426    13.8155 1.9481e+01  -60.27833  -57.45083 1152709597 193.546276    34.5686      60462         10  0.000e+00
    350.815     2.0808   3.066364     2.0807   3.066708    4.35920    -0.0964    13.8155 1.9481e+01  -60.27833  -57.45083 1152709597 193.546276    34.5684      60463         10  0.000e+00
    350.815     2.0808   3.066351     2.0807   3.066714    4.35466    -0.0857    13.8155 1.9481e+01  -60.27833  -57.45083 1152709597 193.546277    34.5682      60464         10  0.000e+00
    350.815     2.0811   3.066382     2.0805   3.066714    4.35462    -0.0534    13.8155 1.9481e+01  -60.27833  -57.45083 1152709597 193.546277    34.5683      60465         10  0.000e+00
    301.306     2.0183   3.055333     2.0186   3.055807    4.42937    -0.0749    13.8155 1.9481e+01  -60.27833  -57.45083 1152709704 193.547518    34.5263      63038         11  0.000e+00
    301.402     2.0180   3.055333     2.0183   3.055843    4.43398    -0.0642    13.8155 1.9481e+01  -60.27833  -57.45083 1152709704 193.547518    34.5265      63039         11  0.000e+00
    301.306     2.0180   3.055333     2.0188   3.055855    4.43393    -0.0857    13.8155 1.9481e+01  -60.27833  -57.45083 1152709704 193.547519    34.5267      63040         11  0.000e+00
    301.306     2.0177   3.055354     2.0182   3.055855    4.43394    -0.0857    13.8155 1.9481e+01  -60.27833  -57.45083 1152709704 193.547519    34.5272      63041         11  0.000e+00
    301.325     2.0183   3.055340     2.0190   3.055837    4.43391    -0.0642    13.8155 1.9481e+01  -60.27833  -57.45083 1152709704 193.547520    34.5264      63042         11  0.000e+00
    301.306     2.0176   3.055350     2.0185   3.055825    4.43396    -0.0534    13.8155 1.9481e+01  -60.27833  -57.45083 1152709704 193.547520    34.5273      63043         11  0.000e+00
    301.229     2.0180   3.055340     2.0185   3.055849    4.43388    -0.0534    13.8155 1.9481e+01  -60.27833  -57.45083 1152709704 193.547521    34.5268      63044         11  0.000e+00
    301.191     2.0177   3.055350     2.0186   3.055831    4.43387    -0.0534    13.8155 1.9481e+01  -60.27833  -57.45083 1152709704 193.547521    34.5272      63045         11  0.000e+00
    301.229     2.0175   3.055340     2.0185   3.055801    4.43392    -0.0749    13.8155 1.9481e+01  -60.27833  -57.45083 1152709704 193.547522    34.5273      63046         11  0.000e+00
    301.162     2.0174   3.055354     2.0182   3.055795    4.43388    -0.0964    13.8155 1.9481e+01  -60.27833  -57.45083 1152709704 193.547522    34.5276      63047         11  0.000e+00
    301.191     2.0177   3.055340     2.0183   3.055795    4.43388    -0.1610    13.8155 1.9481e+01  -60.27833  -57.45083 1152709704 193.547523    34.5272      63048         11  0.000e+00
    301.162     2.0179   3.055354     2.0186   3.055795    4.43384    -0.0964    13.8155 1.9481e+01  -60.27833  -57.45083 1152709704 193.547523    34.5271      63049         11  0.000e+00
    301.162     2.0175   3.055340     2.0185   3.055837    4.43388    -0.0749    13.8155 1.9481e+01  -60.27833  -57.45083 1152709705 193.547524    34.5274      63050         11  0.000e+00
    301.115     2.0179   3.055354     2.0183   3.055813    4.43381    -0.0426    13.8155 2.1430e+01  -60.27833  -57.45083 1152709705 193.547524    34.5271      63051         11  0.000e+00
    301.095     2.0178   3.055306     2.0180   3.055819    4.43382    -0.0642    13.8155 2.1430e+01  -60.27833  -57.45083 1152709705 193.547525    34.5266      63052         11  0.000e+00
    301.095     2.0179   3.055319     2.0182   3.055783    4.43381    -0.1072    13.8155 1.9481e+01  -60.27833  -57.45083 1152709705 193.547525    34.5267      63053         11  0.000e+00
    301.048     2.0177   3.055316     2.0186   3.055789    4.43380    -0.0749    13.8155 1.9481e+01  -60.27833  -57.45083 1152709705 193.547526    34.5270      63054         11  0.000e+00
    301.019     2.0176   3.055326     2.0183   3.055819    4.43379    -0.0964    13.8155 1.9481e+01  -60.27833  -57.45083 1152709705 193.547526    34.5272      63055         11  0.000e+00
    300.971     2.0180   3.055316     2.0188   3.055789    4.42920    -0.1180    13.8155 1.9481e+01  -60.27833  -57.45083 1152709705 193.547527    34.5266      63056         11  0.000e+00
    301.019     2.0176   3.055330     2.0183   3.055771    4.43379    -0.1072    13.8155 1.9481e+01  -60.27833  -57.45083 1152709705 193.547527    34.5272      63057         11  0.000e+00
