product_data/regression_test/downloaded_data/MGDS/320620060703/ctd/p6607803.ros
* Sea-Bird SBE 9 Data File:
* FileName = D:\Data\Raw\P6607803.dat
* Software Version Seasave Win32 V 5.32
* Temperature SN = 1649
* Conductivity SN = 1431
* Number of Bytes Per Scan = 37
* Number of Voltage Words = 5
* Number of Scans Averaged by the Deck Unit = 1
* NMEA Latitude = 62 18.67 S
* NMEA Longitude = 058 03.91 W
* NMEA UTC (Time) = 00:15:32
** Ship:   Nathaniel B. Palmer 
** Cruise:    NBP0603 
** Cast #: 
** Station:   
** Operator: 
# nquan = 17
# nvalues = 1176                    
# units = specified
# name 0 = prDM: Pressure, Digiquartz [db]
# name 1 = t090C: Temperature [ITS-90, deg C]
# name 2 = c0S/m: Conductivity [S/m]
# name 3 = t190C: Temperature, 2 [ITS-90, deg C]
# name 4 = c1S/m: Conductivity, 2 [S/m]
# name 5 = sbeox0ML/L: Oxygen, SBE 43 [ml/l]
# name 6 = flECO-AFL: Fluorescence, Wetlab ECO-AFL/FL [mg/m^3]
# name 7 = bat: Beam Attenuation, Chelsea/Seatech/Wetlab CStar [1/m]
# name 8 = spar: SPAR/Surface Irradiance
# name 9 = latitude: Latitude [deg]
# name 10 = longitude: Longitude [deg]
# name 11 = timeY: Time, System [seconds]
# name 12 = timeJ: Julian Days
# name 13 = sal00: Salinity [PSU]
# name 14 = scan: scan number
# name 15 = nbf: number of bottles fired
# name 16 = flag:  0.000e+00
# interval = seconds: 0.0416667                   
# start_time = Jul 09 2006 00:15:40
*END*
[from data line 1022]
     48.998    -1.7348   2.700908    -1.7327   2.701233    7.91023    -0.0319    13.8155 0.0000e+00  -62.31117  -58.06517 1152408340 190.059516    34.2028     100854         21  0.000e+00
     48.931    -1.7350   2.700908    -1.7327   2.701233    7.91018    -0.0319    13.8155 0.0000e+00  -62.31117  -58.06517 1152408340 190.059517    34.2030     100855         21  0.000e+00
     48.931    -1.7347   2.700876    -1.7325   2.701233    7.91016    -0.0104    13.8155 0.0000e+00  -62.31117  -58.06517 1152408340 190.059517    34.2022     100856         21  0.000e+00
     48.931    -1.7345   2.700895    -1.7326   2.701233    7.91012     0.0004    13.8155 0.0000e+00  -62.31117  -58.06517 1152408340 190.059518    34.2023     100857         21  0.000e+00
     48.865    -1.7348   2.700892    -1.7327   2.701216    7.91010     0.0219    13.8155 0.0000e+00  -62.31117  -58.06517 1152408340 190.059518    34.2026     100858         21  0.000e+00
     48.722    -1.7350   2.700889    -1.7321   2.701210    7.90996     0.0219    13.8155 0.0000e+00  -62.31117  -58.06517 1152408340 190.059519    34.2028     100859         21  0.000e+00
     48.931    -1.7348   2.700869    -1.7327   2.701187    7.91019     0.0004    13.8155 0.0000e+00  -62.31117  -58.06517 1152408340 190.059519    34.2023     100860         21  0.000e+00
     46.692    -1.7350   2.700738    -1.7321   2.701049    7.91264     0.0219    13.8155 0.0000e+00  -62.31117  -58.06517 1152408345 190.059570    34.2020     100965         22  0.000e+00
     46.482    -1.7348   2.700768    -1.7324   2.701054    7.91237    -0.0104    13.8155 0.0000e+00  -62.31117  -58.06517 1152408345 190.059570    34.2024     100966         22  0.000e+00
     46.759    -1.7348   2.700745    -1.7325   2.701054    7.91269    -0.0426    13.8155 0.0000e+00  -62.31117  -58.06517 1152408345 190.059571    34.2019     100967         22  0.000e+00
     46.625    -1.7347   2.700735    -1.7327   2.701049    7.91253    -0.0319    13.8155 0.0000e+00  -62.31117  -58.06517 1152408345 190.059571    34.2017     100968         22  0.000e+00
     46.549    -1.7344   2.700751    -1.7327   2.701049    7.91238    -0.0104    13.8155 0.0000e+00  -62.31117  -58.06517 1152408345 190.059572    34.2016     100969         22  0.000e+00
     46.625    -1.7347   2.700738    -1.7325   2.701072    7.91252     0.0219    13.8155 0.0000e+00  -62.31117  -58.06517 1152408345 190.059572    34.2018     100970         22  0.000e+00
     46.482    -1.7348   2.700735    -1.7321   2.701060    7.91239     0.0004    13.8155 0.0000e+00  -62.31117  -58.06517 1152408345 190.059573    34.2020     100971         22  0.000e+00
     46.625    -1.7345   2.700751    -1.7327   2.701049    7.91249    -0.0211    13.8155 0.0000e+00  -62.31117  -58.06517 1152408345 190.059573    34.2018     100972         22  0.000e+00
     46.482    -1.7344   2.700738    -1.7324   2.701066    7.91231     0.0112    13.8155 0.0000e+00  -62.31117  -58.06517 1152408345 190.059574    34.2015     100973         22  0.000e+00
     46.549    -1.7348   2.700751    -1.7324   2.701060    7.91245     0.0219    13.8155 0.0000e+00  -62.31117  -58.06517 1152408345 190.059574    34.2022     100974         22  0.000e+00
     46.482    -1.7344   2.700758    -1.7325   2.701072    7.91230    -0.0319    13.8155 0.0000e+00  -62.31117  -58.06517 1152408345 190.059575    34.2017     100975         22  0.000e+00
     46.482    -1.7345   2.700738    -1.7324   2.701037    7.91234    -0.0534    13.8155 0.0000e+00  -62.31117  -58.06517 1152408345 190.059575    34.2017     100976         22  0.000e+00
     46.482    -1.7350   2.700735    -1.7325   2.701060    7.91241     0.0004    13.8155 0.0000e+00  -62.31117  -58.06517 1152408345 190.059576    34.2021     100977         22  0.000e+00
     46.406    -1.7345   2.700716    -1.7324   2.701037    7.91228     0.0112    13.8155 0.0000e+00  -62.31117  -58.06517 1152408345 190.059576    34.2014     100978         22  0.000e+00
     46.482    -1.7345   2.700745    -1.7323   2.701043    7.91234     0.0112    13.8155 0.0000e+00  -62.31117  -58.06517 1152408345 190.059577    34.2018     100979         22  0.000e+00
     46.415    -1.7345   2.700758    -1.7330   2.701049    7.91225     0.0004    13.8155 0.0000e+00  -62.31117  -58.06517 1152408345 190.059577    34.2020     100980         22  0.000e+00
     46.339    -1.7347   2.700771    -1.7327   2.701049    7.91219    -0.0426    13.8155 0.0000e+00  -62.31117  -58.06517 1152408345 190.059578    34.2024     100981         22  0.000e+00
     46.415    -1.7342   2.700712    -1.7327   2.701054    7.91224    -0.0534    13.8155 0.0000e+00  -62.31117  -58.06517 1152408345 190.059578    34.2010     100982         22  0.000e+00
     46.339    -1.7344   2.700742    -1.7323   2.701072    7.91215    -0.0211    13.8155 0.0000e+00  -62.31117  -58.06517 1152408345 190.059579    34.2016     100983         22  0.000e+00
     46.339    -1.7352   2.700738    -1.7327   2.701037    7.91228     0.0327    13.8155 0.0000e+00  -62.31117  -58.06517 1152408345 190.059579    34.2025     100984         22  0.000e+00
     46.339    -1.7342   2.700735    -1.7324   2.701043    7.91694     0.0650    13.8155 0.0000e+00  -62.31117  -58.06517 1152408345 190.059579    34.2014     100985         22  0.000e+00
     46.339    -1.7348   2.700716    -1.7326   2.701054    7.91705     0.0219    13.8155 0.0000e+00  -62.31117  -58.06517 1152408345 190.059580    34.2018     100986         22  0.000e+00
     46.273    -1.7350   2.700696    -1.7323   2.701054    7.91702    -0.0211    13.8155 0.0000e+00  -62.31117  -58.06517 1152408345 190.059580    34.2017     100987         22  0.000e+00
     46.273    -1.7345   2.700722    -1.7327   2.701054    7.91693    -0.0104    13.8155 0.0000e+00  -62.31117  -58.06517 1152408345 190.059581    34.2016     100988         22  0.000e+00
     46.273    -1.7348   2.700735    -1.7326   2.701049    7.91216    -0.0104    13.8155 0.0000e+00  -62.31117  -58.06517 1152408346 190.059581    34.2021     100989         22  0.000e+00
     46.273    -1.7345   2.700735    -1.7330   2.701031    7.91692    -0.0104    13.8155 0.0000e+00  -62.31117  -58.06517 1152408346 190.059582    34.2018     100990         22  0.000e+00
     46.206    -1.7348   2.700735    -1.7326   2.701026    7.91689     0.0004    13.8155 0.0000e+00  -62.31117  -58.06517 1152408346 190.059582    34.2021     100991         22  0.000e+00
     46.206    -1.7344   2.700751    -1.7324   2.701026    7.91680    -0.0104    13.8155 0.0000e+00  -62.31117  -58.06517 1152408346 190.059583    34.2018     100992         22  0.000e+00
     46.130    -1.7345   2.700738    -1.7329   2.701026    7.91195    -0.0104    13.8155 0.0000e+00  -62.31117  -58.06517 1152408346 190.059583    34.2019     100993         22  0.000e+00
     46.273    -1.7347   2.700751    -1.7321   2.701043    7.91212     0.0219    13.8155 0.0000e+00  -62.31117  -58.06517 1152408346 190.059584    34.2022     100994         22  0.000e+00
     46.206    -1.7345   2.700738    -1.7322   2.701031    7.91684     0.0112    13.8155 0.0000e+00  -62.31117  -58.06517 1152408346 190.059584    34.2019     100995         22  0.000e+00
     46.130    -1.7348   2.700735    -1.7327   2.701026    7.91681    -0.0104    13.8155 0.0000e+00  -62.31117  -58.06517 1152408346 190.059585    34.2022     100996         22  0.000e+00
     46.130    -1.7345   2.700735    -1.7324   2.701043    7.91676    -0.0534    13.8155 0.0000e+00  -62.31117  -58.06517 1152408346 190.059585    34.2019     100997         22  0.000e+00
     46.130    -1.7346   2.700716    -1.7322   2.701049    7.91678    -0.0319    13.8155 0.0000e+00  -62.31117  -58.06517 1152408346 190.059586    34.2016     100998         22  0.000e+00
     46.130    -1.7348   2.700712    -1.7327   2.701031    7.91682     0.0327    13.8155 0.0000e+00  -62.31117  -58.06517 1152408346 190.059586    34.2019     100999         22  0.000e+00
     46.130    -1.7347   2.700712    -1.7324   2.701008    7.91200     0.0327    13.8155 0.0000e+00  -62.31117  -58.06517 1152408346 190.059587    34.2017     101000         22  0.000e+00
     46.063    -1.7345   2.700696    -1.7324   2.701037    7.91672     0.0327    13.8155 0.0000e+00  -62.31117  -58.06517 1152408346 190.059587    34.2014     101001         22  0.000e+00
     46.063    -1.7348   2.700742    -1.7323   2.701031    7.91673     0.0004    13.8155 0.0000e+00  -62.31117  -58.06517 1152408346 190.059588    34.2023     101002         22  0.000e+00
     46.063    -1.7350   2.700722    -1.7325   2.701026    7.91677     0.0112    13.8155 0.0000e+00  -62.31117  -58.06517 1152408346 190.059588    34.2022     101003         22  0.000e+00
     45.987    -1.7345   2.700696    -1.7326   2.701026    7.91663     0.0112    13.8155 0.0000e+00  -62.31117  -58.06517 1152408346 190.059589    34.2014     101004         22  0.000e+00
     46.063    -1.7345   2.700709    -1.7322   2.701026    7.91671    -0.0104    13.8155 0.0000e+00  -62.31117  -58.06517 1152408346 190.059589    34.2015     101005         22  0.000e+00
     45.987    -1.7348   2.700729    -1.7323   2.701026    7.91665    -0.0104    13.8155 0.0000e+00  -62.31117  -58.06517 1152408346 190.059590    34.2022     101006         22  0.000e+00
     45.987    -1.7350   2.700715    -1.7326   2.701026    7.91188    -0.0426    13.8155 0.0000e+00  -62.31117  -58.06517 1152408346 190.059590    34.2022     101007         22  0.000e+00
     45.920    -1.7345   2.700696    -1.7325   2.701008    7.91175    -0.0104    13.8155 0.0000e+00  -62.31117  -58.06517 1152408346 190.059591    34.2014     101008         22  0.000e+00
     45.987    -1.7348   2.700722    -1.7326   2.701037    7.91666     0.0112    13.8155 0.0000e+00  -62.31117  -58.06517 1152408346 190.059591    34.2021     101009         22  0.000e+00
     45.920    -1.7345   2.700715    -1.7324   2.701031    7.91654     0.0004    13.8155 0.0000e+00  -62.31117  -58.06517 1152408346 190.059592    34.2017     101010         22  0.000e+00
     45.920    -1.7347   2.700728    -1.7327   2.701043    7.91656     0.0219    13.8155 0.0000e+00  -62.31117  -58.06517 1152408346 190.059592    34.2021     101011         22  0.000e+00
     45.853    -1.7347   2.700686    -1.7323   2.701014    7.91651     0.0112    13.8155 0.0000e+00  -62.31117  -58.06517 1152408346 190.059592    34.2015     101012         22  0.000e+00
     45.853    -1.7345   2.700702    -1.7324   2.701020    7.91648    -0.0211    13.8155 0.0000e+00  -62.31117  -58.06517 1152408347 190.059593    34.2016     101013         22  0.000e+00
     10.153    -1.7012   2.700582    -1.6996   2.700700    7.87669    -0.0319    13.8155 0.0000e+00  -62.31117  -58.06517 1152408462 190.060933    34.1843     103791         23  0.000e+00
     10.249    -1.7008   2.700576    -1.6995   2.700706    7.88153     0.0327    13.8155 0.0000e+00  -62.31117  -58.06517 1152408462 190.060933    34.1838     103792         23  0.000e+00
     10.363    -1.7008   2.700572    -1.6994   2.700706    7.88165     0.0327    13.8155 0.0000e+00  -62.31117  -58.06517 1152408462 190.060934    34.1837     103793         23  0.000e+00
     10.315    -1.7008   2.700556    -1.6994   2.700723    7.88161     0.0004    13.8155 0.0000e+00  -62.31117  -58.06517 1152408462 190.060934    34.1835     103794         23  0.000e+00
     10.220    -1.7007   2.700550    -1.6992   2.700746    7.88149    -0.0211    13.8155 0.0000e+00  -62.31117  -58.06517 1152408462 190.060935    34.1833     103795         23  0.000e+00
     10.220    -1.7008   2.700550    -1.6991   2.700740    7.88151    -0.0104    13.8155 0.0000e+00  -62.31117  -58.06517 1152408462 190.060935    34.1834     103796         23  0.000e+00
     10.249    -1.7012   2.700550    -1.6991   2.700712    7.88160     0.0327    13.8155 0.0000e+00  -62.31117  -58.06517 1152408463 190.060936    34.1838     103797         23  0.000e+00
     10.220    -1.7006   2.700566    -1.6991   2.700700    7.88147     0.0327    13.8155 0.0000e+00  -62.31117  -58.06517 1152408463 190.060936    34.1834     103798         23  0.000e+00
     10.220    -1.7010   2.700556    -1.6990   2.700723    7.88154     0.0327    13.8155 0.0000e+00  -62.31117  -58.06517 1152408463 190.060937    34.1837     103799         23  0.000e+00
     10.249    -1.7008   2.700533    -1.6989   2.700695    7.88156     0.0004    13.8155 0.0000e+00  -62.31117  -58.06517 1152408463 190.060937    34.1832     103800         23  0.000e+00
     10.220    -1.7008   2.700546    -1.6990   2.700735    7.88152    -0.0426    13.8155 0.0000e+00  -62.31117  -58.06517 1152408463 190.060937    34.1834     103801         23  0.000e+00
     10.153    -1.7013   2.700550    -1.6991   2.700735    7.88152     0.0112    13.8155 0.0000e+00  -62.31117  -58.06517 1152408463 190.060938    34.1840     103802         23  0.000e+00
     10.182    -1.7008   2.700517    -1.6991   2.700735    7.88150     0.0004    13.8155 0.0000e+00  -62.31117  -58.06517 1152408463 190.060938    34.1830     103803         23  0.000e+00
     10.220    -1.7012   2.700556    -1.6988   2.700735    7.88156    -0.0426    13.8155 0.0000e+00  -62.31117  -58.06517 1152408463 190.060939    34.1839     103804         23  0.000e+00
     10.220    -1.7011   2.700572    -1.6989   2.700706    7.88154    -0.0211    13.8155 0.0000e+00  -62.31117  -58.06517 1152408463 190.060939    34.1841     103805         23  0.000e+00
     10.182    -1.7013   2.700553    -1.6990   2.700723    7.88155    -0.0211    13.8155 0.0000e+00  -62.31117  -58.06517 1152408463 190.060940    34.1840     103806         23  0.000e+00
     10.153    -1.7008   2.700520    -1.6991   2.700735    7.88146    -0.0211    13.8155 0.0000e+00  -62.31117  -58.06517 1152408463 190.060940    34.1831     103807         23  0.000e+00
     10.153    -1.7012   2.700540    -1.6991   2.700735    7.88150    -0.0426    13.8155 0.0000e+00  -62.31117  -58.06517 1152408463 190.060941    34.1837     103808         23  0.000e+00
     10.182    -1.7010   2.700533    -1.6988   2.700769    7.88151    -0.0426    13.8155 0.0000e+00  -62.31117  -58.06517 1152408463 190.060941    34.1834     103809         23  0.000e+00
     10.154    -1.7014   2.700563    -1.6994   2.700763    7.88153    -0.0104    13.8155 0.0000e+00  -62.31117  -58.06517 1152408463 190.060942    34.1844     103810         23  0.000e+00
     10.154    -1.7018   2.700524    -1.6990   2.700758    7.88161     0.0219    13.8155 0.0000e+00  -62.31117  -58.06517 1152408463 190.060942    34.1842     103811         23  0.000e+00
     10.182    -1.7013   2.700524    -1.6994   2.700758    7.88157     0.0112    13.8155 0.0000e+00  -62.31117  -58.06517 1152408463 190.060943    34.1836     103812         23  0.000e+00
     10.154    -1.7011   2.700514    -1.6993   2.700752    7.88151     0.0327    13.8155 0.0000e+00  -62.31117  -58.06517 1152408463 190.060943    34.1833     103813         23  0.000e+00
     10.182    -1.7014   2.700524    -1.6992   2.700735    7.88159    -0.0104    13.8155 0.0000e+00  -62.31117  -58.06517 1152408463 190.060944    34.1838     103814         23  0.000e+00
      9.944    -1.7012   2.700530    -1.6997   2.700752    7.88128     0.0004    13.8155 0.0000e+00  -62.31117  -58.06517 1152408463 190.060944    34.1837     103815         23  0.000e+00
     10.287    -1.7005   2.700546    -1.6999   2.700758    7.88632    -0.0104    13.8155 0.0000e+00  -62.31117  -58.06517 1152408463 190.060945    34.1830     103816         23  0.000e+00
     10.182    -1.7010   2.700533    -1.6997   2.700752    7.88151    -0.0104    13.8155 0.0000e+00  -62.31117  -58.06517 1152408463 190.060945    34.1834     103817         23  0.000e+00
     10.077    -1.7010   2.700530    -1.6999   2.700752    7.88140    -0.0104    13.8155 0.0000e+00  -62.31117  -58.06517 1152408463 190.060946    34.1835     103818         23  0.000e+00
