product_data/regression_test/downloaded_data/MGDS/320620060703/ctd/p6607701.ros
* Sea-Bird SBE 9 Data File:
* FileName = D:\Data\Raw\p6607701.dat
* Software Version Seasave Win32 V 5.32
* Temperature SN = 1649
* Conductivity SN = 1431
* Number of Bytes Per Scan = 37
* Number of Voltage Words = 5
* Number of Scans Averaged by the Deck Unit = 1
* NMEA Latitude = 62 17.76 S
* NMEA Longitude = 058 04.55 W
* NMEA UTC (Time) = 21:09:54
** Ship:   Nathaniel B. Palmer 
** Cruise:    NBP0606 
# nquan = 17
# nvalues = 1173                    
# units = specified
# name 0 = prDM: Pressure, Digiquartz [db]
# name 1 = t090C: Temperature [ITS-90, deg C]
# name 2 = c0S/m: Conductivity [S/m]
# name 3 = t190C: Temperature, 2 [ITS-90, deg C]
# name 4 = c1S/m: Conductivity, 2 [S/m]
# name 5 = sbeox0ML/L: Oxygen, SBE 43 [ml/l]
# name 6 = flECO-AFL: Fluorescence, Wetlab ECO-AFL/FL [mg/m^3]
# name 7 = bat: Beam Attenuation, Chelsea/Seatech/Wetlab CStar [1/m]
# name 8 = spar: SPAR/Surface Irradiance
# name 9 = latitude: Latitude [deg]
# name 10 = longitude: Longitude [deg]
# name 11 = timeY: Time, System [seconds]
# name 12 = timeJ: Julian Days
# name 13 = sal00: Salinity [PSU]
# name 14 = scan: scan number
# name 15 = nbf: number of bottles fired
# name 16 = flag:  0.000e+00
# interval = seconds: 0.0416667                   
# start_time = Jul 08 2006 21:10:01
*END*
   1012.811    -0.8577   2.841994    -0.8571   2.842260    6.51639    -0.1395    13.8155 0.0000e+00  -62.29600  -58.07583 1152395658 189.912721    34.5432      63795          1  0.000e+00
   1012.947    -0.8577   2.842028    -0.8576   2.842248    6.51649    -0.1395    13.8155 0.0000e+00  -62.29600  -58.07583 1152395658 189.912721    34.5436      63796          1  0.000e+00
   1013.014    -0.8575   2.841984    -0.8574   2.842277    6.51656    -0.1610    13.8155 0.0000e+00  -62.29600  -58.07583 1152395658 189.912722    34.5428      63797          1  0.000e+00
   1012.956    -0.8583   2.841984    -0.8568   2.842254    6.51661    -0.1610    13.8155 0.0000e+00  -62.29600  -58.07583 1152395658 189.912722    34.5437      63798          1  0.000e+00
   1012.947    -0.8577   2.841971    -0.8573   2.842260    6.51652    -0.1072    13.8155 0.0000e+00  -62.29600  -58.07583 1152395658 189.912723    34.5428      63799          1  0.000e+00
   1012.811    -0.8583   2.841968    -0.8580   2.842248    6.51650    -0.1287    13.8155 0.0000e+00  -62.29600  -58.07583 1152395658 189.912723    34.5436      63800          1  0.000e+00
   1012.869    -0.8586   2.841984    -0.8579   2.842260    6.51657    -0.1395    13.8155 0.0000e+00  -62.29600  -58.07583 1152395658 189.912724    34.5441      63801          1  0.000e+00
   1012.869    -0.8584   2.841971    -0.8580   2.842207    6.51656    -0.1180    13.8155 0.0000e+00  -62.29600  -58.07583 1152395658 189.912724    34.5437      63802          1  0.000e+00
   1012.879    -0.8584   2.841984    -0.8582   2.842207    6.51656    -0.1072    13.8155 0.0000e+00  -62.29600  -58.07583 1152395658 189.912725    34.5439      63803          1  0.000e+00
   1012.870    -0.8580   2.842008    -0.8589   2.842195    6.51113    -0.1180    13.8155 0.0000e+00  -62.29600  -58.07583 1152395658 189.912725    34.5437      63804          1  0.000e+00
   1012.724    -0.8578   2.842064    -0.8585   2.842190    6.51629    -0.1072    13.8155 0.0000e+00  -62.29600  -58.07583 1152395658 189.912726    34.5444      63805          1  0.000e+00
   1012.957    -0.8574   2.842061    -0.8582   2.842166    6.51110    -0.1287    13.8155 0.0000e+00  -62.29600  -58.07583 1152395658 189.912726    34.5437      63806          1  0.000e+00
   1012.802    -0.8568   2.842057    -0.8587   2.842178    6.51622    -0.1287    13.8155 0.0000e+00  -62.29600  -58.07583 1152395658 189.912727    34.5431      63807          1  0.000e+00
   1012.812    -0.8566   2.842041    -0.8585   2.842149    6.51621    -0.1395    13.8155 0.0000e+00  -62.29600  -58.07583 1152395658 189.912727    34.5426      63808          1  0.000e+00
   1012.802    -0.8561   2.842067    -0.8590   2.842154    6.51613    -0.1072    13.8155 0.0000e+00  -62.29600  -58.07583 1152395658 189.912728    34.5425      63809          1  0.000e+00
   1012.802    -0.8563   2.842081    -0.8589   2.842160    6.51614    -0.1180    13.8155 0.0000e+00  -62.29600  -58.07583 1152395658 189.912728    34.5428      63810          1  0.000e+00
   1012.744    -0.8567   2.842044    -0.8591   2.842143    6.51617    -0.1072    13.8155 0.0000e+00  -62.29600  -58.07583 1152395658 189.912729    34.5429      63811          1  0.000e+00
   1012.802    -0.8569   2.842051    -0.8588   2.842154    6.51624    -0.1180    13.8155 0.0000e+00  -62.29600  -58.07583 1152395658 189.912729    34.5431      63812          1  0.000e+00
   1012.744    -0.8574   2.842057    -0.8589   2.842160    6.51625    -0.1287    13.8155 0.0000e+00  -62.29600  -58.07583 1152395658 189.912730    34.5438      63813          1  0.000e+00
   1012.725    -0.8563   2.842091    -0.8587   2.842137    6.51606    -0.1395    13.8155 0.0000e+00  -62.29600  -58.07583 1152395658 189.912730    34.5430      63814          1  0.000e+00
   1012.725    -0.8559   2.842067    -0.8594   2.842113    6.51602    -0.0964    13.8155 0.0000e+00  -62.29600  -58.07583 1152395658 189.912731    34.5422      63815          1  0.000e+00
   1012.744    -0.8560   2.842074    -0.8593   2.842125    6.51605    -0.1072    13.8155 0.0000e+00  -62.29600  -58.07583 1152395658 189.912731    34.5424      63816          1  0.000e+00
   1012.657    -0.8563   2.842061    -0.8595   2.842090    6.51602    -0.1287    13.8155 0.0000e+00  -62.29600  -58.07583 1152395659 189.912731    34.5426      63817          1  0.000e+00
   1012.725    -0.8574   2.842074    -0.8596   2.842078    6.51622    -0.1610    13.8155 0.0000e+00  -62.29600  -58.07583 1152395659 189.912732    34.5440      63818          1  0.000e+00
   1012.667    -0.8564   2.842081    -0.8600   2.842084    6.51070    -0.1610    13.8155 0.0000e+00  -62.29600  -58.07583 1152395659 189.912732    34.5430      63819          1  0.000e+00
   1012.657    -0.8564   2.842027    -0.8599   2.842084    6.51606    -0.1395    13.8155 0.0000e+00  -62.29600  -58.07583 1152395659 189.912733    34.5423      63820          1  0.000e+00
   1012.599    -0.8564   2.841994    -0.8591   2.842102    6.51603    -0.0749    13.8155 0.0000e+00  -62.29600  -58.07583 1152395659 189.912733    34.5419      63821          1  0.000e+00
   1012.657    -0.8570   2.841991    -0.8591   2.842108    6.51615    -0.0534    13.8155 0.0000e+00  -62.29600  -58.07583 1152395659 189.912734    34.5425      63822          1  0.000e+00
   1012.657    -0.8575   2.841971    -0.8586   2.842108    6.51624    -0.1180    13.8155 0.0000e+00  -62.29600  -58.07583 1152395659 189.912734    34.5428      63823          1  0.000e+00
   1012.599    -0.8584   2.841931    -0.8590   2.842084    6.51100    -0.1287    13.8155 0.0000e+00  -62.29600  -58.07583 1152395659 189.912735    34.5434      63824          1  0.000e+00
   1012.580    -0.8584   2.841921    -0.8588   2.842096    6.51633    -0.0857    13.8155 0.0000e+00  -62.29600  -58.07583 1152395659 189.912735    34.5432      63825          1  0.000e+00
   1012.580    -0.8583   2.841937    -0.8588   2.842108    6.51096    -0.0749    13.8155 0.0000e+00  -62.29600  -58.07583 1152395659 189.912736    34.5433      63826          1  0.000e+00
   1012.522    -0.8581   2.841961    -0.8582   2.842143    6.51087    -0.1180    13.8155 0.0000e+00  -62.29600  -58.07583 1152395659 189.912736    34.5434      63827          1  0.000e+00
   1012.580    -0.8584   2.841967    -0.8585   2.842143    6.51630    -0.1180    13.8155 0.0000e+00  -62.29600  -58.07583 1152395659 189.912737    34.5439      63828          1  0.000e+00
   1012.522    -0.8583   2.841931    -0.8587   2.842137    6.51625    -0.1180    13.8155 0.0000e+00  -62.29600  -58.07583 1152395659 189.912737    34.5432      63829          1  0.000e+00
   1012.512    -0.8587   2.841921    -0.8585   2.842137    6.51630    -0.1502    13.8155 0.0000e+00  -62.29600  -58.07583 1152395659 189.912738    34.5435      63830          1  0.000e+00
   1012.512    -0.8583   2.841921    -0.8590   2.842090    6.51625    -0.1395    13.8155 0.0000e+00  -62.29600  -58.07583 1152395659 189.912738    34.5431      63831          1  0.000e+00
   1012.454    -0.8584   2.841921    -0.8595   2.842078    6.51087    -0.1072    13.8155 0.0000e+00  -62.29600  -58.07583 1152395659 189.912739    34.5433      63832          1  0.000e+00
   1012.512    -0.8584   2.841921    -0.8593   2.842084    6.51627    -0.1287    13.8155 0.0000e+00  -62.29600  -58.07583 1152395659 189.912739    34.5433      63833          1  0.000e+00
   1012.435    -0.8591   2.841901    -0.8594   2.842102    6.51095    -0.1287    13.8155 0.0000e+00  -62.29600  -58.07583 1152395659 189.912740    34.5438      63834          1  0.000e+00
   1012.454    -0.8587   2.841947    -0.8594   2.842108    6.51624    -0.1287    13.8155 0.0000e+00  -62.29600  -58.07583 1152395659 189.912740    34.5440      63835          1  0.000e+00
   1012.435    -0.8584   2.841947    -0.8589   2.842090    6.51618    -0.1287    13.8155 0.0000e+00  -62.29600  -58.07583 1152395659 189.912741    34.5437      63836          1  0.000e+00
   1012.377    -0.8583   2.841944    -0.8593   2.842102    6.51612    -0.1610    13.8155 0.0000e+00  -62.29600  -58.07583 1152395659 189.912741    34.5436      63837          1  0.000e+00
   1012.435    -0.8583   2.841927    -0.8586   2.842143    6.51617    -0.1180    13.8155 0.0000e+00  -62.29600  -58.07583 1152395659 189.912742    34.5432      63838          1  0.000e+00
   1012.368    -0.8580   2.841904    -0.8585   2.842143    6.51074    -0.1072    13.8155 0.0000e+00  -62.29600  -58.07583 1152395659 189.912742    34.5426      63839          1  0.000e+00
   1012.377    -0.8586   2.841878    -0.8588   2.842137    6.51085    -0.1718    13.8155 0.0000e+00  -62.29600  -58.07583 1152395659 189.912743    34.5429      63840          1  0.000e+00
   1012.368    -0.8589   2.841858    -0.8590   2.842113    6.51090    -0.1610    13.8155 0.0000e+00  -62.29600  -58.07583 1152395659 189.912743    34.5430      63841          1  0.000e+00
   1012.368    -0.8589   2.841868    -0.8589   2.842125    6.51089    -0.0964    13.8155 0.0000e+00  -62.29600  -58.07583 1152395660 189.912744    34.5432      63842          1  0.000e+00
   1012.310    -0.8584   2.841874    -0.8591   2.842096    6.51611    -0.0857    13.8155 0.0000e+00  -62.29600  -58.07583 1152395660 189.912744    34.5428      63843          1  0.000e+00
   1011.868    -0.8552   2.842130    -0.8570   2.842295    6.50977    -0.0964    13.8155 0.0000e+00  -62.29600  -58.07583 1152395665 189.912804    34.5428      63968          2  0.000e+00
   1011.810    -0.8556   2.842127    -0.8570   2.842312    6.51512    -0.0749    13.8155 0.0000e+00  -62.29600  -58.07583 1152395665 189.912805    34.5433      63969          2  0.000e+00
   1011.723    -0.8556   2.842144    -0.8568   2.842300    6.50970    -0.1072    13.8155 0.0000e+00  -62.29600  -58.07583 1152395665 189.912805    34.5436      63970          2  0.000e+00
   1011.723    -0.8556   2.842150    -0.8568   2.842312    6.50969    -0.0964    13.8155 0.0000e+00  -62.29600  -58.07583 1152395665 189.912806    34.5437      63971          2  0.000e+00
   1011.810    -0.8561   2.842130    -0.8565   2.842324    6.50985    -0.1072    13.8155 0.0000e+00  -62.29600  -58.07583 1152395665 189.912806    34.5439      63972          2  0.000e+00
   1011.655    -0.8560   2.842127    -0.8560   2.842324    6.51504    -0.1610    13.8155 0.0000e+00  -62.29600  -58.07583 1152395665 189.912807    34.5438      63973          2  0.000e+00
   1011.723    -0.8558   2.842127    -0.8563   2.842300    6.50973    -0.1395    13.8155 0.0000e+00  -62.29600  -58.07583 1152395665 189.912807    34.5435      63974          2  0.000e+00
   1011.810    -0.8560   2.842157    -0.8559   2.842295    6.50981    -0.1180    13.8155 0.0000e+00  -62.29600  -58.07583 1152395665 189.912808    34.5440      63975          2  0.000e+00
   1011.655    -0.8558   2.842154    -0.8565   2.842312    6.50965    -0.1395    13.8155 0.0000e+00  -62.29600  -58.07583 1152395665 189.912808    34.5439      63976          2  0.000e+00
   1011.723    -0.8556   2.842150    -0.8565   2.842283    6.50435    -0.1395    13.8155 0.0000e+00  -62.29600  -58.07583 1152395665 189.912809    34.5437      63977          2  0.000e+00
   1011.665    -0.8556   2.842097    -0.8566   2.842271    6.50967    -0.1502    13.8155 0.0000e+00  -62.29600  -58.07583 1152395665 189.912809    34.5430      63978          2  0.000e+00
   1011.655    -0.8555   2.842130    -0.8565   2.842265    6.51496    -0.1395    13.8155 0.0000e+00  -62.29600  -58.07583 1152395665 189.912810    34.5433      63979          2  0.000e+00
   1011.578    -0.8556   2.842130    -0.8570   2.842265    6.50423    -0.1180    13.8155 0.0000e+00  -62.29600  -58.07583 1152395665 189.912810    34.5435      63980          2  0.000e+00
   1011.732    -0.8563   2.842127    -0.8570   2.842271    6.50981    -0.1287    13.8155 0.0000e+00  -62.29600  -58.07583 1152395665 189.912811    34.5441      63981          2  0.000e+00
   1011.578    -0.8555   2.842127    -0.8574   2.842248    6.51490    -0.1395    13.8155 0.0000e+00  -62.29600  -58.07583 1152395665 189.912811    34.5433      63982          2  0.000e+00
   1011.597    -0.8558   2.842144    -0.8570   2.842242    6.50427    -0.1395    13.8155 0.0000e+00  -62.29600  -58.07583 1152395665 189.912812    34.5438      63983          2  0.000e+00
   1011.655    -0.8560   2.842150    -0.8566   2.842242    6.50434    -0.1287    13.8155 0.0000e+00  -62.29600  -58.07583 1152395665 189.912812    34.5440      63984          2  0.000e+00
   1011.578    -0.8556   2.842130    -0.8565   2.842259    6.51491    -0.1180    13.8155 0.0000e+00  -62.29600  -58.07583 1152395665 189.912813    34.5435      63985          2  0.000e+00
   1011.520    -0.8553   2.842144    -0.8561   2.842265    6.50947    -0.1180    13.8155 0.0000e+00  -62.29600  -58.07583 1152395666 189.912813    34.5434      63986          2  0.000e+00
   1011.578    -0.8558   2.842130    -0.8559   2.842306    6.50426    -0.1395    13.8155 0.0000e+00  -62.29600  -58.07583 1152395666 189.912813    34.5437      63987          2  0.000e+00
   1011.510    -0.8561   2.842157    -0.8559   2.842300    6.50422    -0.1072    13.8155 0.0000e+00  -62.29600  -58.07583 1152395666 189.912814    34.5444      63988          2  0.000e+00
   1011.597    -0.8554   2.842190    -0.8560   2.842271    6.50419    -0.1287    13.8155 0.0000e+00  -62.29600  -58.07583 1152395666 189.912814    34.5440      63989          2  0.000e+00
   1011.433    -0.8561   2.842160    -0.8567   2.842265    6.50415    -0.1180    13.8155 0.0000e+00  -62.29600  -58.07583 1152395666 189.912815    34.5445      63990          2  0.000e+00
   1011.510    -0.8556   2.842130    -0.8565   2.842289    6.51485    -0.0749    13.8155 0.0000e+00  -62.29600  -58.07583 1152395666 189.912815    34.5435      63991          2  0.000e+00
   1011.520    -0.8558   2.842144    -0.8567   2.842294    6.50954    -0.1072    13.8155 0.0000e+00  -62.29600  -58.07583 1152395666 189.912816    34.5439      63992          2  0.000e+00
   1011.433    -0.8555   2.842114    -0.8568   2.842277    6.50409    -0.1502    13.8155 0.0000e+00  -62.29600  -58.07583 1152395666 189.912816    34.5432      63993          2  0.000e+00
   1011.452    -0.8558   2.842137    -0.8570   2.842289    6.50414    -0.1395    13.8155 0.0000e+00  -62.29600  -58.07583 1152395666 189.912817    34.5438      63994          2  0.000e+00
   1011.433    -0.8555   2.842150    -0.8563   2.842294    6.50407    -0.0857    13.8155 0.0000e+00  -62.29600  -58.07583 1152395666 189.912817    34.5437      63995          2  0.000e+00
   1011.433    -0.8556   2.842130    -0.8563   2.842271    6.50410    -0.0642    13.8155 0.0000e+00  -62.29600  -58.07583 1152395666 189.912818    34.5435      63996          2  0.000e+00
   1011.375    -0.8554   2.842127    -0.8561   2.842283    6.51470    -0.0964    13.8155 0.0000e+00  -62.29600  -58.07583 1152395666 189.912818    34.5433      63997          2  0.000e+00
   1011.365    -0.8550   2.842144    -0.8557   2.842294    6.50929    -0.1502    13.8155 0.0000e+00  -62.29600  -58.07583 1152395666 189.912819    34.5431      63998          2  0.000e+00
   1011.365    -0.8553   2.842130    -0.8559   2.842294    6.50400    -0.1395    13.8155 0.0000e+00  -62.29600  -58.07583 1152395666 189.912819    34.5433      63999          2  0.000e+00
   1011.375    -0.8553   2.842107    -0.8553   2.842312    6.51470    -0.1180    13.8155 0.0000e+00  -62.29600  -58.07583 1152395666 189.912820    34.5429      64000          2  0.000e+00
   1011.288    -0.8561   2.842120    -0.8554   2.842341    6.50405    -0.0964    13.8155 0.0000e+00  -62.29600  -58.07583 1152395666 189.912820    34.5441      64001          2  0.000e+00
   1011.288    -0.8553   2.842144    -0.8551   2.842329    6.50393    -0.1180    13.8155 0.0000e+00  -62.29600  -58.07583 1152395666 189.912821    34.5435      64002          2  0.000e+00
   1011.307    -0.8556   2.842164    -0.8547   2.842341    6.50397    -0.1287    13.8155 0.0000e+00  -62.29600  -58.07583 1152395666 189.912821    34.5441      64003          2  0.000e+00
