product_data/regression_test/downloaded_data/MGDS/320620060703/ctd/p6608801.ros
* Sea-Bird SBE 9 Data File:
* FileName = D:\Data\Raw\P6608801.dat
* Software Version Seasave Win32 V 5.32
* Temperature SN = 1649
* Conductivity SN = 1431
* Number of Bytes Per Scan = 37
* Number of Voltage Words = 5
* Number of Scans Averaged by the Deck Unit = 1
* NMEA Latitude = 61 29.99 S
* NMEA Longitude = 057 48.72 W
* NMEA UTC (Time) = 08:37:07
** Ship:   Nathaniel B. Palmer 
** Cruise:    NBP0603 p0606
** Cast #: 01
** Station:   88
** Operator: rdd
# nquan = 17
# nvalues = 1176                    
# units = specified
# name 0 = prDM: Pressure, Digiquartz [db]
# name 1 = t090C: Temperature [ITS-90, deg C]
# name 2 = c0S/m: Conductivity [S/m]
# name 3 = t190C: Temperature, 2 [ITS-90, deg C]
# name 4 = c1S/m: Conductivity, 2 [S/m]
# name 5 = sbeox0ML/L: Oxygen, SBE 43 [ml/l]
# name 6 = flECO-AFL: Fluorescence, Wetlab ECO-AFL/FL [mg/m^3]
# name 7 = bat: Beam Attenuation, Chelsea/Seatech/Wetlab CStar [1/m]
# name 8 = spar: SPAR/Surface Irradiance
# name 9 = latitude: Latitude [deg]
# name 10 = longitude: Longitude [deg]
# name 11 = timeY: Time, System [seconds]
# name 12 = timeJ: Julian Days
# name 13 = sal00: Salinity [PSU]
# name 14 = scan: scan number
# name 15 = nbf: number of bottles fired
# name 16 = flag:  0.000e+00
# interval = seconds: 0.0416667                   
# start_time = Jul 10 2006 08:37:16
*END*
[from data line 681]
     73.659    -0.7257   2.784439    -0.7287   2.784371    7.49093     0.1188    13.8155 0.0000e+00  -61.49983  -57.81200 1152522332 191.378871    34.1814      40764         14  0.000e+00
     73.564    -0.7255   2.784403    -0.7288   2.784348    7.49083     0.0542    13.8155 0.0000e+00  -61.49983  -57.81200 1152522332 191.378872    34.1807      40765         14  0.000e+00
     73.583    -0.7257   2.784373    -0.7290   2.784359    7.49090     0.0865    13.8155 0.0000e+00  -61.49983  -57.81200 1152522332 191.378872    34.1805      40766         14  0.000e+00
     73.516    -0.7252   2.784420    -0.7295   2.784330    7.49072     0.0865    13.8155 0.0000e+00  -61.49983  -57.81200 1152522332 191.378872    34.1807      40767         14  0.000e+00
     73.497    -0.7254   2.784453    -0.7293   2.784336    7.49070     0.0972    13.8155 0.0000e+00  -61.49983  -57.81200 1152522332 191.378873    34.1813      40768         14  0.000e+00
     53.131    -0.8010   2.775270    -0.8005   2.775590    7.76434     0.1295    13.8155 0.0000e+00  -61.49983  -57.81200 1152522418 191.379866    34.1552      42827         15  0.000e+00
     53.064    -0.8007   2.775270    -0.8008   2.775561    7.76892     0.1295    13.8155 0.0000e+00  -61.49983  -57.81200 1152522418 191.379866    34.1549      42828         15  0.000e+00
     53.064    -0.8015   2.775254    -0.8008   2.775567    7.76904     0.1295    13.8155 0.0000e+00  -61.49983  -57.81200 1152522418 191.379867    34.1555      42829         15  0.000e+00
     53.274    -0.8010   2.775264    -0.8002   2.775556    7.76919     0.1833    13.8155 0.0000e+00  -61.49983  -57.81200 1152522418 191.379867    34.1550      42830         15  0.000e+00
     52.997    -0.8009   2.775254    -0.8007   2.775527    7.76888     0.1618    13.8155 0.0000e+00  -61.49983  -57.81200 1152522418 191.379868    34.1549      42831         15  0.000e+00
     53.064    -0.8009   2.775280    -0.8004   2.775538    7.76423     0.0972    13.8155 0.0000e+00  -61.49983  -57.81200 1152522418 191.379868    34.1552      42832         15  0.000e+00
     52.997    -0.8006   2.775283    -0.8005   2.775532    7.76411     0.0757    13.8155 0.0000e+00  -61.49983  -57.81200 1152522418 191.379869    34.1549      42833         15  0.000e+00
     52.997    -0.8012   2.775257    -0.8004   2.775561    7.76423     0.1188    13.8155 0.0000e+00  -61.49983  -57.81200 1152522418 191.379869    34.1553      42834         15  0.000e+00
     53.064    -0.8009   2.775251    -0.8004   2.775532    7.76895     0.1510    13.8155 0.0000e+00  -61.49983  -57.81200 1152522418 191.379870    34.1548      42835         15  0.000e+00
     52.997    -0.8010   2.775280    -0.8005   2.775579    7.76888     0.1295    13.8155 0.0000e+00  -61.49983  -57.81200 1152522418 191.379870    34.1554      42836         15  0.000e+00
     52.921    -0.8006   2.775260    -0.8005   2.775561    7.76874     0.0865    13.8155 0.0000e+00  -61.49983  -57.81200 1152522419 191.379871    34.1547      42837         15  0.000e+00
     52.921    -0.8009   2.775280    -0.8001   2.775550    7.76408     0.0650    13.8155 0.0000e+00  -61.49983  -57.81200 1152522419 191.379871    34.1553      42838         15  0.000e+00
     52.921    -0.8009   2.775274    -0.8004   2.775550    7.76878     0.1403    13.8155 0.0000e+00  -61.49983  -57.81200 1152522419 191.379872    34.1552      42839         15  0.000e+00
     52.854    -0.8007   2.775270    -0.8001   2.775550    7.76869     0.1188    13.8155 0.0000e+00  -61.49983  -57.81200 1152522419 191.379872    34.1550      42840         15  0.000e+00
     52.854    -0.8006   2.775254    -0.8001   2.775550    7.76867     0.0972    13.8155 0.0000e+00  -61.49983  -57.81200 1152522419 191.379873    34.1546      42841         15  0.000e+00
     52.711    -0.8013   2.775280    -0.8004   2.775550    7.76862     0.0865    13.8155 0.0000e+00  -61.49983  -57.81200 1152522419 191.379873    34.1560      42842         15  0.000e+00
     52.787    -0.8013   2.775274    -0.8004   2.775550    7.76871     0.1188    13.8155 0.0000e+00  -61.49983  -57.81200 1152522419 191.379874    34.1558      42843         15  0.000e+00
     52.644    -0.8010   2.775254    -0.8007   2.775550    7.76382     0.1188    13.8155 0.0000e+00  -61.49983  -57.81200 1152522419 191.379874    34.1553      42844         15  0.000e+00
     52.644    -0.8009   2.775264    -0.8007   2.775550    7.76849     0.0650    13.8155 0.0000e+00  -61.49983  -57.81200 1152522419 191.379875    34.1553      42845         15  0.000e+00
     52.578    -0.8009   2.775254    -0.8002   2.775567    7.76373     0.0757    13.8155 0.0000e+00  -61.49983  -57.81200 1152522419 191.379875    34.1552      42846         15  0.000e+00
     52.578    -0.8007   2.775250    -0.8002   2.775556    7.76371     0.0972    13.8155 0.0000e+00  -61.49983  -57.81200 1152522419 191.379876    34.1550      42847         15  0.000e+00
     52.435    -0.8010   2.775264    -0.8004   2.775550    7.76829     0.0542    13.8155 0.0000e+00  -61.49983  -57.81200 1152522419 191.379876    34.1555      42848         15  0.000e+00
     52.435    -0.8006   2.775270    -0.8004   2.775527    7.76821     0.0650    13.8155 0.0000e+00  -61.49983  -57.81200 1152522419 191.379877    34.1551      42849         15  0.000e+00
     52.368    -0.8007   2.775277    -0.8005   2.775538    7.76346     0.0865    13.8155 0.0000e+00  -61.49983  -57.81200 1152522419 191.379877    34.1554      42850         15  0.000e+00
     52.368    -0.8009   2.775257    -0.8002   2.775550    7.76350     0.1080    13.8155 0.0000e+00  -61.49983  -57.81200 1152522419 191.379878    34.1553      42851         15  0.000e+00
     52.292    -0.8004   2.775231    -0.8002   2.775526    7.76806     0.1833    13.8155 0.0000e+00  -61.49983  -57.81200 1152522419 191.379878    34.1545      42852         15  0.000e+00
     52.225    -0.8006   2.775244    -0.7997   2.775521    7.76330     0.1618    13.8155 0.0000e+00  -61.49983  -57.81200 1152522419 191.379878    34.1549      42853         15  0.000e+00
     52.158    -0.8007   2.775263    -0.7999   2.775526    7.76794     0.1295    13.8155 0.0000e+00  -61.49983  -57.81200 1152522419 191.379879    34.1554      42854         15  0.000e+00
     52.082    -0.8004   2.775254    -0.8001   2.775544    7.76782     0.1295    13.8155 0.0000e+00  -61.49983  -57.81200 1152522419 191.379879    34.1549      42855         15  0.000e+00
     52.082    -0.8004   2.775231    -0.8004   2.775550    7.76783     0.0757    13.8155 0.0000e+00  -61.49983  -57.81200 1152522419 191.379880    34.1546      42856         15  0.000e+00
     52.015    -0.8004   2.775227    -0.8002   2.775567    7.76307     0.0542    13.8155 0.0000e+00  -61.49983  -57.81200 1152522419 191.379880    34.1546      42857         15  0.000e+00
     51.939    -0.8009   2.775257    -0.8002   2.775532    7.76304     0.1080    13.8155 0.0000e+00  -61.49983  -57.81200 1152522419 191.379881    34.1556      42858         15  0.000e+00
     51.872    -0.8010   2.775221    -0.8001   2.775521    7.76771     0.1188    13.8155 0.0000e+00  -61.49983  -57.81200 1152522419 191.379881    34.1553      42859         15  0.000e+00
     51.872    -0.8012   2.775221    -0.8005   2.775544    7.76304     0.1510    13.8155 0.0000e+00  -61.49983  -57.81200 1152522419 191.379882    34.1555      42860         15  0.000e+00
     51.729    -0.8007   2.775227    -0.7999   2.775550    7.76281     0.1295    13.8155 0.0000e+00  -61.49983  -57.81200 1152522420 191.379882    34.1552      42861         15  0.000e+00
     51.729    -0.8010   2.775207    -0.8004   2.775509    7.76287     0.1080    13.8155 0.0000e+00  -61.49983  -57.81200 1152522420 191.379883    34.1552      42862         15  0.000e+00
     51.662    -0.8009   2.775221    -0.7999   2.775515    7.76746     0.0542    13.8155 0.0000e+00  -61.49983  -57.81200 1152522420 191.379883    34.1553      42863         15  0.000e+00
     51.662    -0.8010   2.775207    -0.8007   2.775503    7.76279     0.0327    13.8155 0.0000e+00  -61.49983  -57.81200 1152522420 191.379884    34.1553      42864         15  0.000e+00
     51.596    -0.8012   2.775204    -0.8002   2.775515    7.76275     0.0650    13.8155 0.0000e+00  -61.49983  -57.81200 1152522420 191.379884    34.1555      42865         15  0.000e+00
     51.453    -0.8007   2.775224    -0.8001   2.775538    7.76251     0.1188    13.8155 0.0000e+00  -61.49983  -57.81200 1152522420 191.379885    34.1553      42866         15  0.000e+00
     51.453    -0.8007   2.775211    -0.8001   2.775515    7.76252     0.1726    13.8155 0.0000e+00  -61.49983  -57.81200 1152522420 191.379885    34.1551      42867         15  0.000e+00
     51.386    -0.8007   2.775204    -0.8001   2.775515    7.76245     0.1295    13.8155 0.0000e+00  -61.49983  -57.81200 1152522420 191.379886    34.1551      42868         15  0.000e+00
     51.310    -0.8002   2.775204    -0.8008   2.775503    7.76230     0.1080    13.8155 0.0000e+00  -61.49983  -57.81200 1152522420 191.379886    34.1546      42869         15  0.000e+00
     51.243    -0.8007   2.775253    -0.8004   2.775515    7.76226     0.0757    13.8155 0.0000e+00  -61.49983  -57.81200 1152522420 191.379887    34.1558      42870         15  0.000e+00
     51.176    -0.8002   2.775220    -0.8002   2.775520    7.76214     0.1080    13.8155 0.0000e+00  -61.49983  -57.81200 1152522420 191.379887    34.1549      42871         15  0.000e+00
     51.176    -0.8010   2.775171    -0.8005   2.775480    7.76229     0.1295    13.8155 0.0000e+00  -61.49983  -57.81200 1152522420 191.379888    34.1551      42872         15  0.000e+00
     51.033    -0.8010   2.775174    -0.8004   2.775468    7.76214     0.0757    13.8155 0.0000e+00  -61.49983  -57.81200 1152522420 191.379888    34.1552      42873         15  0.000e+00
     51.033    -0.8004   2.775164    -0.8001   2.775468    7.76205     0.0865    13.8155 0.0000e+00  -61.49983  -57.81200 1152522420 191.379889    34.1544      42874         15  0.000e+00
     50.890    -0.8013   2.775191    -0.7999   2.775468    7.76202     0.0865    13.8155 0.0000e+00  -61.49983  -57.81200 1152522420 191.379889    34.1559      42875         15  0.000e+00
     51.245    -0.8009   2.775174    -0.8004   2.775439    7.76234     0.0865    13.8155 0.0000e+00  -61.49983  -57.81200 1152522426 191.379956    34.1549      43013         16  0.000e+00
     51.102    -0.8009   2.775164    -0.8005   2.775445    7.76689     0.0650    13.8155 0.0000e+00  -61.49983  -57.81200 1152522426 191.379956    34.1549      43014         16  0.000e+00
     51.312    -0.8009   2.775191    -0.8007   2.775422    7.76710     0.1080    13.8155 0.0000e+00  -61.49983  -57.81200 1152522426 191.379957    34.1551      43015         16  0.000e+00
     51.035    -0.8009   2.775171    -0.8004   2.775451    7.76212     0.1188    13.8155 0.0000e+00  -61.49983  -57.81200 1152522426 191.379957    34.1550      43016         16  0.000e+00
     51.245    -0.8007   2.775211    -0.8002   2.775486    7.76229     0.1188    13.8155 0.0000e+00  -61.49983  -57.81200 1152522426 191.379958    34.1552      43017         16  0.000e+00
     51.245    -0.8012   2.775197    -0.8002   2.775474    7.76707     0.0972    13.8155 0.0000e+00  -61.49983  -57.81200 1152522426 191.379958    34.1556      43018         16  0.000e+00
     51.245    -0.8009   2.775181    -0.8004   2.775451    7.76234     0.1295    13.8155 0.0000e+00  -61.49983  -57.81200 1152522426 191.379959    34.1550      43019         16  0.000e+00
     51.245    -0.8004   2.775181    -0.8004   2.775462    7.76227     0.1618    13.8155 0.0000e+00  -61.49983  -57.81200 1152522426 191.379959    34.1545      43020         16  0.000e+00
     51.245    -0.8007   2.775197    -0.8004   2.775451    7.76231     0.1618    13.8155 0.0000e+00  -61.49983  -57.81200 1152522426 191.379959    34.1551      43021         16  0.000e+00
     51.245    -0.8006   2.775184    -0.8010   2.775445    7.76698     0.1618    13.8155 0.0000e+00  -61.49983  -57.81200 1152522426 191.379960    34.1547      43022         16  0.000e+00
     51.245    -0.8009   2.775214    -0.8007   2.775445    7.76701     0.1726    13.8155 0.0000e+00  -61.49983  -57.81200 1152522426 191.379960    34.1554      43023         16  0.000e+00
     51.312    -0.8010   2.775227    -0.8007   2.775480    7.76240     0.0972    13.8155 0.0000e+00  -61.49983  -57.81200 1152522426 191.379961    34.1557      43024         16  0.000e+00
     51.312    -0.8010   2.775191    -0.8007   2.775457    7.76243     0.0972    13.8155 0.0000e+00  -61.49983  -57.81200 1152522426 191.379961    34.1553      43025         16  0.000e+00
     51.245    -0.8007   2.775197    -0.8004   2.775486    7.76231     0.1188    13.8155 0.0000e+00  -61.49983  -57.81200 1152522426 191.379962    34.1551      43026         16  0.000e+00
     51.312    -0.8007   2.775204    -0.8007   2.775474    7.76237     0.1403    13.8155 0.0000e+00  -61.49983  -57.81200 1152522426 191.379962    34.1551      43027         16  0.000e+00
     51.388    -0.8006   2.775237    -0.8004   2.775503    7.76241     0.1080    13.8155 0.0000e+00  -61.49983  -57.81200 1152522426 191.379963    34.1553      43028         16  0.000e+00
     51.312    -0.8012   2.775197    -0.8007   2.775462    7.76245     0.1403    13.8155 0.0000e+00  -61.49983  -57.81200 1152522427 191.379963    34.1555      43029         16  0.000e+00
     51.312    -0.8010   2.775197    -0.8008   2.775480    7.76242     0.1188    13.8155 0.0000e+00  -61.49983  -57.81200 1152522427 191.379964    34.1553      43030         16  0.000e+00
     51.388    -0.8007   2.775204    -0.8007   2.775474    7.76246     0.1188    13.8155 0.0000e+00  -61.49983  -57.81200 1152522427 191.379964    34.1551      43031         16  0.000e+00
     51.312    -0.8007   2.775204    -0.8007   2.775451    7.76237     0.1295    13.8155 0.0000e+00  -61.49983  -57.81200 1152522427 191.379965    34.1551      43032         16  0.000e+00
     51.388    -0.8010   2.775204    -0.8004   2.775462    7.76250     0.1295    13.8155 0.0000e+00  -61.49983  -57.81200 1152522427 191.379965    34.1554      43033         16  0.000e+00
     51.388    -0.8012   2.775184    -0.8004   2.775468    7.76254     0.1403    13.8155 0.0000e+00  -61.49983  -57.81200 1152522427 191.379966    34.1553      43034         16  0.000e+00
     51.379    -0.8006   2.775220    -0.8007   2.775486    7.76241     0.1403    13.8155 0.0000e+00  -61.49983  -57.81200 1152522427 191.379966    34.1551      43035         16  0.000e+00
     51.388    -0.8004   2.775227    -0.8002   2.775474    7.76239     0.1188    13.8155 0.0000e+00  -61.49983  -57.81200 1152522427 191.379967    34.1550      43036         16  0.000e+00
     51.455    -0.8007   2.775207    -0.8007   2.775468    7.76253     0.0972    13.8155 0.0000e+00  -61.49983  -57.81200 1152522427 191.379967    34.1551      43037         16  0.000e+00
     51.388    -0.8001   2.775220    -0.8002   2.775486    7.76235     0.1403    13.8155 0.0000e+00  -61.49983  -57.81200 1152522427 191.379968    34.1546      43038         16  0.000e+00
     51.455    -0.8002   2.775207    -0.8008   2.775497    7.76245     0.1510    13.8155 0.0000e+00  -61.49983  -57.81200 1152522427 191.379968    34.1545      43039         16  0.000e+00
     51.455    -0.8007   2.775184    -0.8004   2.775462    7.76254     0.1618    13.8155 0.0000e+00  -61.49983  -57.81200 1152522427 191.379969    34.1548      43040         16  0.000e+00
     51.455    -0.8009   2.775197    -0.8002   2.775462    7.76256     0.1510    13.8155 0.0000e+00  -61.49983  -57.81200 1152522427 191.379969    34.1551      43041         16  0.000e+00
     51.455    -0.8012   2.775184    -0.8004   2.775486    7.76261     0.0972    13.8155 0.0000e+00  -61.49983  -57.81200 1152522427 191.379970    34.1553      43042         16  0.000e+00
