product_data/regression_test/downloaded_data/MGDS/320620060703/ctd/p6608401.cnv
* Sea-Bird SBE 9 Data File:
* FileName = D:\Data\Raw\P6608401.dat
* Software Version Seasave Win32 V 5.32
* Temperature SN = 1649
* Conductivity SN = 1431
* Number of Bytes Per Scan = 37
* Number of Voltage Words = 5
* Number of Scans Averaged by the Deck Unit = 1
* NMEA Latitude = 61 43.33 S
* NMEA Longitude = 057 38.91 W
* NMEA UTC (Time) = 00:42:37
** Ship:   Nathaniel B. Palmer 
** Cruise:    NBP0603 p0606
** Cast #: 01
** Station:   84
** Operator: 
# nquan = 15
# nvalues = 317                         
# units = specified
# name 0 = prDM: Pressure, Digiquartz [db]
# name 1 = t090C: Temperature [ITS-90, deg C]
# name 2 = c0S/m: Conductivity [S/m]
# name 3 = t190C: Temperature, 2 [ITS-90, deg C]
# name 4 = c1S/m: Conductivity, 2 [S/m]
# name 5 = sbeox0ML/L: Oxygen, SBE 43 [ml/l]
# name 6 = flECO-AFL: Fluorescence, Wetlab ECO-AFL/FL [mg/m^3]
# name 7 = bat: Beam Attenuation, Chelsea/Seatech/Wetlab CStar [1/m]
# name 8 = spar: SPAR/Surface Irradiance
# name 9 = latitude: Latitude [deg]
# name 10 = longitude: Longitude [deg]
# name 11 = timeY: Time, System [seconds]
# name 12 = timeJ: Julian Days
# name 13 = sal00: Salinity [PSU]
# name 14 = flag: flag
# span 0 =      4.000,    320.000       
# span 1 =    -0.8765,    -0.2577       
# span 2 =   2.765848,   2.853455       
# span 3 =    -0.8762,    -0.2571       
# span 4 =   2.766393,   2.853689       
# span 5 =    6.43370,    7.85042       
# span 6 =    -0.0815,     0.2542       
# span 7 =    13.8155,    13.8155       
# span 8 = 0.0000e+00, 0.0000e+00       
# span 9 =  -61.72217,  -61.72217       
# span 10 =  -57.64850,  -57.64850      
# span 11 = 1152492189, 1152492797      
# span 12 = 191.029982, 191.037019      
# span 13 =    34.1397,    34.4290      
# span 14 = 0.0000e+00, 0.0000e+00      
# interval = decibars: 1                
# start_time = Jul 10 2006 00:42:45
# bad_flag = -9.990e-29
*END*
[from data line 193]
    197.000    -0.3792   2.825163    -0.3785   2.825359    7.15002     0.1708    13.8155 0.0000e+00  -61.72217  -57.64850 1152492575 191.034458    34.2604 0.0000e+00
    198.000    -0.3785   2.825280    -0.3770   2.825553    7.14327     0.1736    13.8155 0.0000e+00  -61.72217  -57.64850 1152492577 191.034479    34.2610 0.0000e+00
    199.000    -0.3755   2.825618    -0.3743   2.825881    7.13779     0.1403    13.8155 0.0000e+00  -61.72217  -57.64850 1152492579 191.034497    34.2618 0.0000e+00
    200.000    -0.3766   2.825573    -0.3758   2.825803    7.13459     0.1513    13.8155 0.0000e+00  -61.72217  -57.64850 1152492580 191.034515    34.2621 0.0000e+00
    201.000    -0.3803   2.825305    -0.3792   2.825554    7.13157     0.1426    13.8155 0.0000e+00  -61.72217  -57.64850 1152492582 191.034534    34.2623 0.0000e+00
    202.000    -0.3797   2.825408    -0.3790   2.825630    7.13004     0.1351    13.8155 0.0000e+00  -61.72217  -57.64850 1152492583 191.034551    34.2625 0.0000e+00
    203.000    -0.3791   2.825592    -0.3782   2.825821    7.12850     0.1262    13.8155 0.0000e+00  -61.72217  -57.64850 1152492585 191.034567    34.2640 0.0000e+00
    204.000    -0.3752   2.826035    -0.3741   2.826281    7.12554     0.1160    13.8155 0.0000e+00  -61.72217  -57.64850 1152492586 191.034581    34.2648 0.0000e+00
    205.000    -0.3723   2.826369    -0.3712   2.826620    7.12310     0.1096    13.8155 0.0000e+00  -61.72217  -57.64850 1152492587 191.034596    34.2654 0.0000e+00
    206.000    -0.3720   2.826443    -0.3713   2.826663    7.11968     0.1067    13.8155 0.0000e+00  -61.72217  -57.64850 1152492589 191.034617    34.2655 0.0000e+00
    207.000    -0.3695   2.826739    -0.3688   2.826943    7.12044     0.1124    13.8155 0.0000e+00  -61.72217  -57.64850 1152492591 191.034640    34.2661 0.0000e+00
    208.000    -0.3658   2.827145    -0.3639   2.827477    7.11965     0.1000    13.8155 0.0000e+00  -61.72217  -57.64850 1152492593 191.034661    34.2668 0.0000e+00
    209.000    -0.3633   2.827499    -0.3627   2.827741    7.11503     0.1396    13.8155 0.0000e+00  -61.72217  -57.64850 1152492595 191.034684    34.2682 0.0000e+00
    210.000    -0.3684   2.827273    -0.3678   2.827513    7.10750     0.1449    13.8155 0.0000e+00  -61.72217  -57.64850 1152492597 191.034704    34.2704 0.0000e+00
    211.000    -0.3714   2.827144    -0.3709   2.827378    7.09852     0.1238    13.8155 0.0000e+00  -61.72217  -57.64850 1152492598 191.034717    34.2715 0.0000e+00
    212.000    -0.3776   2.826699    -0.3769   2.826946    7.09144     0.1473    13.8155 0.0000e+00  -61.72217  -57.64850 1152492599 191.034727    34.2723 0.0000e+00
    213.000    -0.3778   2.826843    -0.3768   2.827082    7.08390     0.1380    13.8155 0.0000e+00  -61.72217  -57.64850 1152492600 191.034737    34.2739 0.0000e+00
    214.000    -0.3765   2.827095    -0.3755   2.827360    7.07430     0.1335    13.8155 0.0000e+00  -61.72217  -57.64850 1152492601 191.034755    34.2751 0.0000e+00
    215.000    -0.3756   2.827278    -0.3745   2.827563    7.05931     0.1275    13.8155 0.0000e+00  -61.72217  -57.64850 1152492604 191.034793    34.2758 0.0000e+00
    216.000    -0.3747   2.827501    -0.3740   2.827736    7.04659     0.1016    13.8155 0.0000e+00  -61.72217  -57.64850 1152492607 191.034819    34.2771 0.0000e+00
    217.000    -0.3725   2.827978    -0.3715   2.828202    7.03358     0.0762    13.8155 0.0000e+00  -61.72217  -57.64850 1152492608 191.034834    34.2804 0.0000e+00
    218.000    -0.3637   2.829137    -0.3621   2.829423    7.01921     0.0710    13.8155 0.0000e+00  -61.72217  -57.64850 1152492609 191.034844    34.2853 0.0000e+00
    219.000    -0.3564   2.830087    -0.3544   2.830386    7.00532     0.0816    13.8155 0.0000e+00  -61.72217  -57.64850 1152492610 191.034853    34.2890 0.0000e+00
    220.000    -0.3456   2.831371    -0.3449   2.831588    6.98683     0.0926    13.8155 0.0000e+00  -61.72217  -57.64850 1152492610 191.034863    34.2929 0.0000e+00
    221.000    -0.3458   2.831398    -0.3417   2.832019    6.96511     0.0868    13.8155 0.0000e+00  -61.72217  -57.64850 1152492612 191.034887    34.2932 0.0000e+00
    222.000    -0.3364   2.832551    -0.3347   2.832876    6.94057     0.0741    13.8155 0.0000e+00  -61.72217  -57.64850 1152492615 191.034919    34.2974 0.0000e+00
    223.000    -0.3329   2.832989    -0.3320   2.833209    6.93079     0.0488    13.8155 0.0000e+00  -61.72217  -57.64850 1152492616 191.034932    34.2985 0.0000e+00
    224.000    -0.3294   2.833420    -0.3280   2.833692    6.91801     0.0542    13.8155 0.0000e+00  -61.72217  -57.64850 1152492618 191.034953    34.2997 0.0000e+00
    225.000    -0.3262   2.833822    -0.3253   2.834047    6.90163     0.0459    13.8155 0.0000e+00  -61.72217  -57.64850 1152492621 191.034981    34.3010 0.0000e+00
    226.000    -0.3101   2.835665    -0.3069   2.835912    6.89149     0.0365    13.8155 0.0000e+00  -61.72217  -57.64850 1152492622 191.034993    34.3061 0.0000e+00
    227.000    -0.2977   2.836907    -0.2969   2.837114    6.87895     0.0311    13.8155 0.0000e+00  -61.72217  -57.64850 1152492622 191.035002    34.3082 0.0000e+00
    228.000    -0.2895   2.837957    -0.2885   2.838123    6.86741     0.0432    13.8155 0.0000e+00  -61.72217  -57.64850 1152492623 191.035010    34.3126 0.0000e+00
    229.000    -0.2824   2.838813    -0.2815   2.839018    6.85212     0.0253    13.8155 0.0000e+00  -61.72217  -57.64850 1152492625 191.035030    34.3151 0.0000e+00
    230.000    -0.2795   2.839233    -0.2775   2.839522    6.83643     0.0102    13.8155 0.0000e+00  -61.72217  -57.64850 1152492628 191.035069    34.3175 0.0000e+00
    231.000    -0.2737   2.839894    -0.2727   2.840119    6.83047    -0.0005    13.8155 0.0000e+00  -61.72217  -57.64850 1152492629 191.035079    34.3188 0.0000e+00
    232.000    -0.2728   2.840033    -0.2723   2.840231    6.82554     0.0167    13.8155 0.0000e+00  -61.72217  -57.64850 1152492630 191.035088    34.3192 0.0000e+00
    233.000    -0.2737   2.839987    -0.2725   2.840249    6.82059     0.0074    13.8155 0.0000e+00  -61.72217  -57.64850 1152492632 191.035108    34.3191 0.0000e+00
    234.000    -0.2720   2.840256    -0.2712   2.840482    6.82006     0.0063    13.8155 0.0000e+00  -61.72217  -57.64850 1152492635 191.035146    34.3206 0.0000e+00
    235.000    -0.2707   2.840496    -0.2697   2.840734    6.81194    -0.0063    13.8155 0.0000e+00  -61.72217  -57.64850 1152492636 191.035158    34.3218 0.0000e+00
    236.000    -0.2679   2.841031    -0.2670   2.841274    6.80473    -0.0069    13.8155 0.0000e+00  -61.72217  -57.64850 1152492637 191.035168    34.3251 0.0000e+00
    237.000    -0.2689   2.841198    -0.2682   2.841430    6.79563    -0.0115    13.8155 0.0000e+00  -61.72217  -57.64850 1152492638 191.035179    34.3278 0.0000e+00
    238.000    -0.2856   2.840281    -0.2849   2.840535    6.78631    -0.0094    13.8155 0.0000e+00  -61.72217  -57.64850 1152492639 191.035195    34.3343 0.0000e+00
    239.000    -0.2950   2.839699    -0.2945   2.839931    6.78125    -0.0217    13.8155 0.0000e+00  -61.72217  -57.64850 1152492641 191.035216    34.3369 0.0000e+00
    240.000    -0.2928   2.839902    -0.2914   2.840181    6.77832    -0.0313    13.8155 0.0000e+00  -61.72217  -57.64850 1152492643 191.035238    34.3363 0.0000e+00
    241.000    -0.2906   2.840119    -0.2895   2.840379    6.77204    -0.0330    13.8155 0.0000e+00  -61.72217  -57.64850 1152492645 191.035259    34.3360 0.0000e+00
    242.000    -0.3003   2.839473    -0.3000   2.839719    6.76536    -0.0309    13.8155 0.0000e+00  -61.72217  -57.64850 1152492646 191.035276    34.3378 0.0000e+00
    243.000    -0.3128   2.838664    -0.3120   2.838924    6.76200    -0.0395    13.8155 0.0000e+00  -61.72217  -57.64850 1152492648 191.035296    34.3409 0.0000e+00
    244.000    -0.2994   2.840450    -0.2976   2.840761    6.74923    -0.0294    13.8155 0.0000e+00  -61.72217  -57.64850 1152492650 191.035321    34.3486 0.0000e+00
    245.000    -0.2994   2.840509    -0.2990   2.840718    6.73790    -0.0411    13.8155 0.0000e+00  -61.72217  -57.64850 1152492652 191.035342    34.3485 0.0000e+00
    246.000    -0.3029   2.840280    -0.3021   2.840491    6.73672    -0.0308    13.8155 0.0000e+00  -61.72217  -57.64850 1152492653 191.035356    34.3490 0.0000e+00
    247.000    -0.2957   2.840978    -0.2949   2.841204    6.73240    -0.0373    13.8155 0.0000e+00  -61.72217  -57.64850 1152492654 191.035367    34.3493 0.0000e+00
    248.000    -0.2946   2.841059    -0.2942   2.841264    6.72793    -0.0632    13.8155 0.0000e+00  -61.72217  -57.64850 1152492655 191.035376    34.3486 0.0000e+00
    249.000    -0.2843   2.842349    -0.2822   2.842753    6.72459    -0.0415    13.8155 0.0000e+00  -61.72217  -57.64850 1152492656 191.035385    34.3537 0.0000e+00
    250.000    -0.2788   2.842905    -0.2778   2.843172    6.72125    -0.0332    13.8155 0.0000e+00  -61.72217  -57.64850 1152492656 191.035396    34.3537 0.0000e+00
    251.000    -0.2808   2.842743    -0.2802   2.842979    6.71496    -0.0383    13.8155 0.0000e+00  -61.72217  -57.64850 1152492661 191.035449    34.3535 0.0000e+00
    252.000    -0.2774   2.843238    -0.2763   2.843498    6.70989    -0.0345    13.8155 0.0000e+00  -61.72217  -57.64850 1152492663 191.035478    34.3556 0.0000e+00
    253.000    -0.2795   2.843170    -0.2795   2.843350    6.70947    -0.0400    13.8155 0.0000e+00  -61.72217  -57.64850 1152492664 191.035489    34.3565 0.0000e+00
    254.000    -0.2824   2.842905    -0.2820   2.843088    6.71056    -0.0475    13.8155 0.0000e+00  -61.72217  -57.64850 1152492665 191.035499    34.3558 0.0000e+00
    255.000    -0.2846   2.842735    -0.2836   2.843015    6.71079    -0.0436    13.8155 0.0000e+00  -61.72217  -57.64850 1152492666 191.035509    34.3554 0.0000e+00
    256.000    -0.2833   2.842935    -0.2829   2.843131    6.70790    -0.0408    13.8155 0.0000e+00  -61.72217  -57.64850 1152492667 191.035519    34.3561 0.0000e+00
    257.000    -0.2793   2.843403    -0.2825   2.843234    6.70595    -0.0372    13.8155 0.0000e+00  -61.72217  -57.64850 1152492668 191.035534    34.3571 0.0000e+00
    258.000    -0.2852   2.842845    -0.2863   2.842862    6.70515    -0.0470    13.8155 0.0000e+00  -61.72217  -57.64850 1152492670 191.035558    34.3557 0.0000e+00
    259.000    -0.2903   2.842317    -0.2900   2.842505    6.70528    -0.0426    13.8155 0.0000e+00  -61.72217  -57.64850 1152492673 191.035585    34.3541 0.0000e+00
    260.000    -0.2930   2.842060    -0.2928   2.842259    6.70677    -0.0393    13.8155 0.0000e+00  -61.72217  -57.64850 1152492675 191.035617    34.3532 0.0000e+00
    261.000    -0.2899   2.842551    -0.2887   2.842822    6.70834    -0.0442    13.8155 0.0000e+00  -61.72217  -57.64850 1152492677 191.035639    34.3555 0.0000e+00
    262.000    -0.2849   2.843217    -0.2843   2.843416    6.70882    -0.0445    13.8155 0.0000e+00  -61.72217  -57.64850 1152492678 191.035652    34.3580 0.0000e+00
    263.000    -0.2868   2.843004    -0.2874   2.843089    6.70901    -0.0505    13.8155 0.0000e+00  -61.72217  -57.64850 1152492679 191.035662    34.3567 0.0000e+00
    264.000    -0.2846   2.843346    -0.2841   2.843549    6.70512    -0.0449    13.8155 0.0000e+00  -61.72217  -57.64850 1152492680 191.035671    34.3579 0.0000e+00
    265.000    -0.2841   2.843421    -0.2834   2.843644    6.70365    -0.0492    13.8155 0.0000e+00  -61.72217  -57.64850 1152492681 191.035682    34.3579 0.0000e+00
    266.000    -0.2842   2.843447    -0.2833   2.843683    6.70302    -0.0370    13.8155 0.0000e+00  -61.72217  -57.64850 1152492683 191.035702    34.3579 0.0000e+00
    267.000    -0.2844   2.843482    -0.2836   2.843715    6.70105    -0.0420    13.8155 0.0000e+00  -61.72217  -57.64850 1152492685 191.035731    34.3580 0.0000e+00
    268.000    -0.2847   2.843529    -0.2838   2.843762    6.70036    -0.0308    13.8155 0.0000e+00  -61.72217  -57.64850 1152492687 191.035751    34.3584 0.0000e+00
    269.000    -0.2849   2.843578    -0.2843   2.843814    6.70096    -0.0541    13.8155 0.0000e+00  -61.72217  -57.64850 1152492690 191.035782    34.3587 0.0000e+00
    270.000    -0.2851   2.843609    -0.2843   2.843852    6.70152    -0.0434    13.8155 0.0000e+00  -61.72217  -57.64850 1152492691 191.035799    34.3586 0.0000e+00
    271.000    -0.2850   2.843663    -0.2843   2.843912    6.70172    -0.0651    13.8155 0.0000e+00  -61.72217  -57.64850 1152492692 191.035809    34.3587 0.0000e+00
    272.000    -0.2848   2.843749    -0.2842   2.843954    6.70188    -0.0484    13.8155 0.0000e+00  -61.72217  -57.64850 1152492693 191.035818    34.3591 0.0000e+00
    273.000    -0.2846   2.843829    -0.2840   2.844045    6.70220    -0.0426    13.8155 0.0000e+00  -61.72217  -57.64850 1152492694 191.035828    34.3593 0.0000e+00
    274.000    -0.2843   2.843969    -0.2833   2.844243    6.69982    -0.0466    13.8155 0.0000e+00  -61.72217  -57.64850 1152492696 191.035854    34.3602 0.0000e+00
    275.000    -0.2836   2.844144    -0.2829   2.844384    6.68972    -0.0462    13.8155 0.0000e+00  -61.72217  -57.64850 1152492699 191.035883    34.3611 0.0000e+00
    276.000    -0.2822   2.844561    -0.2805   2.844947    6.67481    -0.0571    13.8155 0.0000e+00  -61.72217  -57.64850 1152492700 191.035901    34.3642 0.0000e+00
    277.000    -0.2764   2.845861    -0.2757   2.846074    6.65587    -0.0584    13.8155 0.0000e+00  -61.72217  -57.64850 1152492702 191.035920    34.3745 0.0000e+00
    278.000    -0.2760   2.846083    -0.2752   2.846316    6.64155    -0.0498    13.8155 0.0000e+00  -61.72217  -57.64850 1152492703 191.035936    34.3764 0.0000e+00
    279.000    -0.2759   2.846357    -0.2752   2.846601    6.62842    -0.0467    13.8155 0.0000e+00  -61.72217  -57.64850 1152492704 191.035951    34.3794 0.0000e+00
    280.000    -0.2756   2.846912    -0.2749   2.847131    6.61635    -0.0560    13.8155 0.0000e+00  -61.72217  -57.64850 1152492706 191.035967    34.3859 0.0000e+00
    281.000    -0.2741   2.847315    -0.2735   2.847532    6.60458    -0.0650    13.8155 0.0000e+00  -61.72217  -57.64850 1152492707 191.035986    34.3889 0.0000e+00
    282.000    -0.2731   2.847689    -0.2723   2.847900    6.59354    -0.0496    13.8155 0.0000e+00  -61.72217  -57.64850 1152492709 191.036008    34.3922 0.0000e+00
    283.000    -0.2727   2.847841    -0.2719   2.848068    6.58603    -0.0579    13.8155 0.0000e+00  -61.72217  -57.64850 1152492711 191.036027    34.3932 0.0000e+00
    284.000    -0.2723   2.847969    -0.2716   2.848201    6.58131    -0.0652    13.8155 0.0000e+00  -61.72217  -57.64850 1152492712 191.036041    34.3939 0.0000e+00
    285.000    -0.2717   2.848105    -0.2709   2.848361    6.57651    -0.0586    13.8155 0.0000e+00  -61.72217  -57.64850 1152492713 191.036057    34.3944 0.0000e+00
    286.000    -0.2710   2.848297    -0.2702   2.848532    6.57237    -0.0577    13.8155 0.0000e+00  -61.72217  -57.64850 1152492716 191.036085    34.3955 0.0000e+00
    287.000    -0.2708   2.848375    -0.2700   2.848597    6.56680    -0.0538    13.8155 0.0000e+00  -61.72217  -57.64850 1152492718 191.036108    34.3958 0.0000e+00
    288.000    -0.2721   2.848381    -0.2715   2.848605    6.56481    -0.0618    13.8155 0.0000e+00  -61.72217  -57.64850 1152492719 191.036124    34.3967 0.0000e+00
    289.000    -0.2724   2.848412    -0.2717   2.848635    6.56368    -0.0636    13.8155 0.0000e+00  -61.72217  -57.64850 1152492721 191.036140    34.3969 0.0000e+00
    290.000    -0.2723   2.848456    -0.2715   2.848704    6.56157    -0.0501    13.8155 0.0000e+00  -61.72217  -57.64850 1152492722 191.036154    34.3968 0.0000e+00
    291.000    -0.2719   2.848558    -0.2712   2.848794    6.56200    -0.0736    13.8155 0.0000e+00  -61.72217  -57.64850 1152492723 191.036166    34.3972 0.0000e+00
    292.000    -0.2717   2.848632    -0.2709   2.848886    6.56132    -0.0641    13.8155 0.0000e+00  -61.72217  -57.64850 1152492724 191.036182    34.3972 0.0000e+00
