product_data/regression_test/downloaded_data/MGDS/320620060703/ctd/p6608701.cnv
* Sea-Bird SBE 9 Data File:
* FileName = D:\Data\Raw\P6608701.dat
* Software Version Seasave Win32 V 5.32
* Temperature SN = 1649
* Conductivity SN = 1431
* Number of Bytes Per Scan = 37
* Number of Voltage Words = 5
* Number of Scans Averaged by the Deck Unit = 1
* NMEA Latitude = 61 33.29 S
* NMEA Longitude = 057 46.12 W
* NMEA UTC (Time) = 07:05:52
** Ship:   Nathaniel B. Palmer 
** Cruise:    NBP0603 p0606
** Cast #: 01
** Station:   87
** Operator: rdd
# nquan = 15
# nvalues = 390                         
# units = specified
# name 0 = prDM: Pressure, Digiquartz [db]
# name 1 = t090C: Temperature [ITS-90, deg C]
# name 2 = c0S/m: Conductivity [S/m]
# name 3 = t190C: Temperature, 2 [ITS-90, deg C]
# name 4 = c1S/m: Conductivity, 2 [S/m]
# name 5 = sbeox0ML/L: Oxygen, SBE 43 [ml/l]
# name 6 = flECO-AFL: Fluorescence, Wetlab ECO-AFL/FL [mg/m^3]
# name 7 = bat: Beam Attenuation, Chelsea/Seatech/Wetlab CStar [1/m]
# name 8 = spar: SPAR/Surface Irradiance
# name 9 = latitude: Latitude [deg]
# name 10 = longitude: Longitude [deg]
# name 11 = timeY: Time, System [seconds]
# name 12 = timeJ: Julian Days
# name 13 = sal00: Salinity [PSU]
# name 14 = flag: flag
# span 0 =      6.000,    395.000       
# span 1 =    -0.7925,     0.6071       
# span 2 =   2.773553,   2.943927       
# span 3 =    -0.7931,     0.6083       
# span 4 =   2.774216,   2.944185       
# span 5 =    5.42636,    7.76506       
# span 6 =    -0.0884,     0.3540       
# span 7 =    13.8155,    13.8155       
# span 8 = 0.0000e+00, 0.0000e+00       
# span 9 =  -61.55483,  -61.55483       
# span 10 =  -57.76867,  -57.76867      
# span 11 = 1152515159, 1152515953      
# span 12 = 191.295810, 191.305028      
# span 13 =    34.1384,    34.6054      
# span 14 = 0.0000e+00, 0.0000e+00      
# interval = decibars: 1                
# start_time = Jul 10 2006 07:05:59
# bad_flag = -9.990e-29
*END*
[from data line 193]
    199.000    -0.1638   2.853936    -0.1622   2.854279    6.46273     0.1141    13.8155 0.0000e+00  -61.55483  -57.76867 1152515599 191.300931    34.4017 0.0000e+00
    200.000    -0.1644   2.853976    -0.1645   2.854065    6.46259     0.1350    13.8155 0.0000e+00  -61.55483  -57.76867 1152515600 191.300939    34.4029 0.0000e+00
    201.000    -0.1733   2.852951    -0.1733   2.853167    6.46300     0.1326    13.8155 0.0000e+00  -61.55483  -57.76867 1152515601 191.300948    34.3984 0.0000e+00
    202.000    -0.1716   2.853227    -0.1722   2.853330    6.46146     0.1028    13.8155 0.0000e+00  -61.55483  -57.76867 1152515603 191.300981    34.4000 0.0000e+00
    203.000    -0.1687   2.853603    -0.1676   2.853870    6.45678     0.0968    13.8155 0.0000e+00  -61.55483  -57.76867 1152515606 191.301015    34.4010 0.0000e+00
    204.000    -0.1634   2.854104    -0.1649   2.854016    6.44806     0.0874    13.8155 0.0000e+00  -61.55483  -57.76867 1152515607 191.301025    34.4053 0.0000e+00
    205.000    -0.1532   2.855343    -0.1520   2.855616    6.44559     0.0901    13.8155 0.0000e+00  -61.55483  -57.76867 1152515608 191.301034    34.4050 0.0000e+00
    206.000    -0.1525   2.855493    -0.1512   2.855748    6.44341     0.0816    13.8155 0.0000e+00  -61.55483  -57.76867 1152515609 191.301042    34.4058 0.0000e+00
    207.000    -0.1473   2.856053    -0.1475   2.856177    6.44100     0.0944    13.8155 0.0000e+00  -61.55483  -57.76867 1152515610 191.301051    34.4067 0.0000e+00
    208.000    -0.1503   2.855800    -0.1492   2.856040    6.43439     0.0476    13.8155 0.0000e+00  -61.55483  -57.76867 1152515615 191.301111    34.4064 0.0000e+00
    209.000    -0.1490   2.855968    -0.1496   2.856067    6.43303     0.0314    13.8155 0.0000e+00  -61.55483  -57.76867 1152515617 191.301135    34.4068 0.0000e+00
    210.000    -0.1479   2.856115    -0.1467   2.856405    6.42843     0.0599    13.8155 0.0000e+00  -61.55483  -57.76867 1152515617 191.301144    34.4067 0.0000e+00
    211.000    -0.1473   2.856251    -0.1461   2.856527    6.42517     0.0367    13.8155 0.0000e+00  -61.55483  -57.76867 1152515618 191.301152    34.4074 0.0000e+00
    212.000    -0.1420   2.856848    -0.1411   2.857094    6.42174     0.0314    13.8155 0.0000e+00  -61.55483  -57.76867 1152515619 191.301159    34.4086 0.0000e+00
    213.000    -0.1415   2.856925    -0.1402   2.857232    6.42126     0.0525    13.8155 0.0000e+00  -61.55483  -57.76867 1152515619 191.301167    34.4084 0.0000e+00
    214.000    -0.1421   2.856901    -0.1411   2.857177    6.41796     0.0467    13.8155 0.0000e+00  -61.55483  -57.76867 1152515620 191.301174    34.4082 0.0000e+00
    215.000    -0.1456   2.856599    -0.1448   2.856828    6.41825     0.0412    13.8155 0.0000e+00  -61.55483  -57.76867 1152515625 191.301227    34.4078 0.0000e+00
    216.000    -0.1473   2.856454    -0.1459   2.856755    6.41868     0.0232    13.8155 0.0000e+00  -61.55483  -57.76867 1152515628 191.301266    34.4073 0.0000e+00
    217.000    -0.1452   2.856732    -0.1435   2.857054    6.41744     0.0382    13.8155 0.0000e+00  -61.55483  -57.76867 1152515629 191.301275    34.4080 0.0000e+00
    218.000    -0.1480   2.856459    -0.1461   2.856814    6.41770     0.0397    13.8155 0.0000e+00  -61.55483  -57.76867 1152515630 191.301286    34.4069 0.0000e+00
    219.000    -0.1468   2.856648    -0.1439   2.857078    6.41676     0.0127    13.8155 0.0000e+00  -61.55483  -57.76867 1152515631 191.301300    34.4076 0.0000e+00
    220.000    -0.1427   2.857119    -0.1414   2.857411    6.41670     0.0147    13.8155 0.0000e+00  -61.55483  -57.76867 1152515632 191.301314    34.4083 0.0000e+00
    221.000    -0.1418   2.857265    -0.1405   2.857542    6.41619     0.0154    13.8155 0.0000e+00  -61.55483  -57.76867 1152515634 191.301329    34.4086 0.0000e+00
    222.000    -0.1436   2.857113    -0.1424   2.857400    6.41613     0.0111    13.8155 0.0000e+00  -61.55483  -57.76867 1152515635 191.301345    34.4082 0.0000e+00
    223.000    -0.1431   2.857224    -0.1421   2.857465    6.41473     0.0051    13.8155 0.0000e+00  -61.55483  -57.76867 1152515637 191.301367    34.4085 0.0000e+00
    224.000    -0.1453   2.857062    -0.1443   2.857293    6.42317    -0.0000    13.8155 0.0000e+00  -61.55483  -57.76867 1152515642 191.301423    34.4083 0.0000e+00
    225.000    -0.1448   2.857159    -0.1437   2.857411    6.42520    -0.0056    13.8155 0.0000e+00  -61.55483  -57.76867 1152515643 191.301440    34.4082 0.0000e+00
    226.000    -0.1460   2.857039    -0.1448   2.857333    6.42273    -0.0233    13.8155 0.0000e+00  -61.55483  -57.76867 1152515644 191.301449    34.4076 0.0000e+00
    227.000    -0.1458   2.857096    -0.1448   2.857414    6.41999    -0.0021    13.8155 0.0000e+00  -61.55483  -57.76867 1152515645 191.301457    34.4075 0.0000e+00
    228.000    -0.1461   2.857092    -0.1455   2.857371    6.41680    -0.0104    13.8155 0.0000e+00  -61.55483  -57.76867 1152515645 191.301464    34.4072 0.0000e+00
    229.000    -0.1439   2.857401    -0.1436   2.857622    6.41591    -0.0281    13.8155 0.0000e+00  -61.55483  -57.76867 1152515646 191.301471    34.4083 0.0000e+00
    230.000    -0.1429   2.857551    -0.1425   2.857725    6.42046    -0.0185    13.8155 0.0000e+00  -61.55483  -57.76867 1152515650 191.301521    34.4084 0.0000e+00
    231.000    -0.1440   2.857501    -0.1427   2.857795    6.42247    -0.0354    13.8155 0.0000e+00  -61.55483  -57.76867 1152515653 191.301550    34.4084 0.0000e+00
    232.000    -0.1419   2.857768    -0.1399   2.858139    6.41754    -0.0142    13.8155 0.0000e+00  -61.55483  -57.76867 1152515653 191.301559    34.4090 0.0000e+00
    233.000    -0.1457   2.857398    -0.1410   2.858064    6.41661    -0.0280    13.8155 0.0000e+00  -61.55483  -57.76867 1152515654 191.301566    34.4079 0.0000e+00
    234.000    -0.1419   2.857825    -0.1418   2.858054    6.41611    -0.0109    13.8155 0.0000e+00  -61.55483  -57.76867 1152515655 191.301574    34.4084 0.0000e+00
    235.000    -0.1444   2.857589    -0.1412   2.858145    6.41785    -0.0307    13.8155 0.0000e+00  -61.55483  -57.76867 1152515655 191.301580    34.4075 0.0000e+00
    236.000    -0.1481   2.857242    -0.1465   2.857586    6.41974    -0.0222    13.8155 0.0000e+00  -61.55483  -57.76867 1152515657 191.301605    34.4066 0.0000e+00
    237.000    -0.1474   2.857353    -0.1451   2.857808    6.42257    -0.0271    13.8155 0.0000e+00  -61.55483  -57.76867 1152515664 191.301681    34.4065 0.0000e+00
    238.000    -0.1489   2.857294    -0.1470   2.857662    6.42019    -0.0120    13.8155 0.0000e+00  -61.55483  -57.76867 1152515665 191.301688    34.4072 0.0000e+00
    239.000    -0.1486   2.857344    -0.1485   2.857576    6.41792    -0.0204    13.8155 0.0000e+00  -61.55483  -57.76867 1152515665 191.301696    34.4069 0.0000e+00
    240.000    -0.1475   2.857519    -0.1465   2.857848    6.41770    -0.0297    13.8155 0.0000e+00  -61.55483  -57.76867 1152515666 191.301703    34.4074 0.0000e+00
    241.000    -0.1463   2.857666    -0.1461   2.857921    6.41804    -0.0246    13.8155 0.0000e+00  -61.55483  -57.76867 1152515666 191.301710    34.4072 0.0000e+00
    242.000    -0.1470   2.857682    -0.1467   2.857901    6.41820    -0.0247    13.8155 0.0000e+00  -61.55483  -57.76867 1152515667 191.301716    34.4076 0.0000e+00
    243.000    -0.1471   2.857697    -0.1466   2.857934    6.41926    -0.0121    13.8155 0.0000e+00  -61.55483  -57.76867 1152515668 191.301731    34.4073 0.0000e+00
    244.000    -0.1471   2.857724    -0.1463   2.857991    6.42470    -0.0359    13.8155 0.0000e+00  -61.55483  -57.76867 1152515673 191.301791    34.4071 0.0000e+00
    245.000    -0.1476   2.857766    -0.1465   2.858029    6.42224    -0.0354    13.8155 0.0000e+00  -61.55483  -57.76867 1152515676 191.301819    34.4075 0.0000e+00
    246.000    -0.1475   2.857816    -0.1464   2.858087    6.41779    -0.0353    13.8155 0.0000e+00  -61.55483  -57.76867 1152515678 191.301843    34.4075 0.0000e+00
    247.000    -0.1472   2.857913    -0.1462   2.858157    6.40788    -0.0419    13.8155 0.0000e+00  -61.55483  -57.76867 1152515679 191.301855    34.4079 0.0000e+00
    248.000    -0.1321   2.859848    -0.1264   2.860479    6.39674    -0.0200    13.8155 0.0000e+00  -61.55483  -57.76867 1152515680 191.301865    34.4160 0.0000e+00
    249.000    -0.1168   2.861567    -0.1155   2.861809    6.38726    -0.0314    13.8155 0.0000e+00  -61.55483  -57.76867 1152515681 191.301875    34.4200 0.0000e+00
    250.000    -0.1136   2.861958    -0.1123   2.862204    6.37741    -0.0547    13.8155 0.0000e+00  -61.55483  -57.76867 1152515681 191.301884    34.4211 0.0000e+00
    251.000    -0.1000   2.863496    -0.0983   2.863699    6.36467    -0.0332    13.8155 0.0000e+00  -61.55483  -57.76867 1152515682 191.301894    34.4255 0.0000e+00
    252.000    -0.0893   2.864606    -0.0882   2.864832    6.34976    -0.0459    13.8155 0.0000e+00  -61.55483  -57.76867 1152515683 191.301907    34.4272 0.0000e+00
    253.000    -0.0806   2.865560    -0.0773   2.866038    6.31562    -0.0355    13.8155 0.0000e+00  -61.55483  -57.76867 1152515688 191.301957    34.4298 0.0000e+00
    254.000    -0.0643   2.867394    -0.0583   2.867952    6.27382    -0.0456    13.8155 0.0000e+00  -61.55483  -57.76867 1152515692 191.302009    34.4360 0.0000e+00
    255.000     0.0022   2.874511     0.0149   2.875599    6.24967    -0.0486    13.8155 0.0000e+00  -61.55483  -57.76867 1152515693 191.302018    34.4531 0.0000e+00
    256.000    -0.0010   2.873962    -0.0066   2.873491    6.22758    -0.0510    13.8155 0.0000e+00  -61.55483  -57.76867 1152515694 191.302026    34.4477 0.0000e+00
    257.000     0.0386   2.878451     0.0467   2.879121    6.21217    -0.0657    13.8155 0.0000e+00  -61.55483  -57.76867 1152515694 191.302035    34.4625 0.0000e+00
    258.000     0.0537   2.879959     0.0585   2.880477    6.19835    -0.0346    13.8155 0.0000e+00  -61.55483  -57.76867 1152515695 191.302042    34.4638 0.0000e+00
    259.000     0.0716   2.881869     0.0615   2.880873    6.18383    -0.0411    13.8155 0.0000e+00  -61.55483  -57.76867 1152515696 191.302050    34.4678 0.0000e+00
    260.000     0.0574   2.880392     0.0611   2.880823    6.17311    -0.0532    13.8155 0.0000e+00  -61.55483  -57.76867 1152515697 191.302061    34.4649 0.0000e+00
    261.000     0.0603   2.880721     0.0668   2.881540    6.15427    -0.0476    13.8155 0.0000e+00  -61.55483  -57.76867 1152515699 191.302081    34.4657 0.0000e+00
    262.000    -0.0093   2.873609     0.0056   2.874987    6.11901    -0.0538    13.8155 0.0000e+00  -61.55483  -57.76867 1152515705 191.302153    34.4545 0.0000e+00
    263.000     0.1613   2.891879     0.1684   2.892247    6.05284    -0.0459    13.8155 0.0000e+00  -61.55483  -57.76867 1152515707 191.302180    34.4977 0.0000e+00
    264.000     0.1757   2.893183     0.1771   2.893328    5.99608    -0.0431    13.8155 0.0000e+00  -61.55483  -57.76867 1152515708 191.302189    34.4967 0.0000e+00
    265.000     0.2754   2.904058     0.2849   2.903968    5.94146    -0.0524    13.8155 0.0000e+00  -61.55483  -57.76867 1152515709 191.302198    34.5296 0.0000e+00
    266.000     0.4281   2.918585     0.4301   2.918525    5.89236    -0.0624    13.8155 0.0000e+00  -61.55483  -57.76867 1152515709 191.302206    34.5393 0.0000e+00
    267.000     0.4256   2.918370     0.4267   2.918414    5.85308    -0.0566    13.8155 0.0000e+00  -61.55483  -57.76867 1152515710 191.302214    34.5395 0.0000e+00
    268.000     0.4442   2.920471     0.4424   2.920081    5.82076    -0.0476    13.8155 0.0000e+00  -61.55483  -57.76867 1152515711 191.302221    34.5467 0.0000e+00
    269.000     0.4714   2.923246     0.4718   2.923121    5.79563    -0.0539    13.8155 0.0000e+00  -61.55483  -57.76867 1152515711 191.302228    34.5518 0.0000e+00
    270.000     0.4760   2.923654     0.4769   2.923667    5.76708    -0.0507    13.8155 0.0000e+00  -61.55483  -57.76867 1152515712 191.302238    34.5520 0.0000e+00
    271.000     0.3889   2.914844     0.4160   2.917446    5.73860    -0.0460    13.8155 0.0000e+00  -61.55483  -57.76867 1152515720 191.302330    34.5407 0.0000e+00
    272.000     0.4422   2.920494     0.4491   2.920980    5.72240    -0.0594    13.8155 0.0000e+00  -61.55483  -57.76867 1152515721 191.302344    34.5545 0.0000e+00
    273.000     0.4768   2.923788     0.4775   2.923914    5.70666    -0.0555    13.8155 0.0000e+00  -61.55483  -57.76867 1152515722 191.302351    34.5551 0.0000e+00
    274.000     0.4765   2.923889     0.4775   2.924051    5.69066    -0.0702    13.8155 0.0000e+00  -61.55483  -57.76867 1152515722 191.302358    34.5566 0.0000e+00
    275.000     0.4791   2.924267     0.4802   2.924399    5.67545    -0.0511    13.8155 0.0000e+00  -61.55483  -57.76867 1152515723 191.302368    34.5586 0.0000e+00
    276.000     0.4823   2.924640     0.4843   2.924872    5.64421    -0.0483    13.8155 0.0000e+00  -61.55483  -57.76867 1152515726 191.302399    34.5603 0.0000e+00
    277.000     0.4925   2.925710     0.4935   2.925848    5.61148    -0.0470    13.8155 0.0000e+00  -61.55483  -57.76867 1152515730 191.302450    34.5635 0.0000e+00
    278.000     0.5081   2.927359     0.5098   2.927504    5.59960    -0.0541    13.8155 0.0000e+00  -61.55483  -57.76867 1152515731 191.302458    34.5671 0.0000e+00
    279.000     0.5162   2.928171     0.5170   2.928254    5.58985    -0.0641    13.8155 0.0000e+00  -61.55483  -57.76867 1152515732 191.302468    34.5679 0.0000e+00
    280.000     0.5314   2.929729     0.5327   2.929900    5.57309    -0.0623    13.8155 0.0000e+00  -61.55483  -57.76867 1152515734 191.302497    34.5708 0.0000e+00
    281.000     0.5353   2.930144     0.5367   2.930362    5.56007    -0.0599    13.8155 0.0000e+00  -61.55483  -57.76867 1152515737 191.302528    34.5718 0.0000e+00
    282.000     0.5351   2.930179     0.5361   2.930352    5.55925    -0.0566    13.8155 0.0000e+00  -61.55483  -57.76867 1152515738 191.302539    34.5720 0.0000e+00
    283.000     0.5361   2.930306     0.5373   2.930501    5.55674    -0.0682    13.8155 0.0000e+00  -61.55483  -57.76867 1152515739 191.302549    34.5722 0.0000e+00
    284.000     0.5366   2.930410     0.5380   2.930612    5.55380    -0.0612    13.8155 0.0000e+00  -61.55483  -57.76867 1152515740 191.302561    34.5724 0.0000e+00
    285.000     0.5370   2.930481     0.5375   2.930613    5.55070    -0.0549    13.8155 0.0000e+00  -61.55483  -57.76867 1152515742 191.302583    34.5727 0.0000e+00
    286.000     0.5369   2.930513     0.5382   2.930743    5.54915    -0.0538    13.8155 0.0000e+00  -61.55483  -57.76867 1152515745 191.302616    34.5728 0.0000e+00
    287.000     0.5363   2.930510     0.5374   2.930715    5.54784    -0.0670    13.8155 0.0000e+00  -61.55483  -57.76867 1152515747 191.302640    34.5730 0.0000e+00
    288.000     0.5363   2.930543     0.5369   2.930723    5.54519    -0.0603    13.8155 0.0000e+00  -61.55483  -57.76867 1152515749 191.302664    34.5730 0.0000e+00
    289.000     0.5353   2.930492     0.5361   2.930685    5.54539    -0.0621    13.8155 0.0000e+00  -61.55483  -57.76867 1152515750 191.302680    34.5729 0.0000e+00
    290.000     0.5382   2.930849     0.5391   2.931030    5.54345    -0.0652    13.8155 0.0000e+00  -61.55483  -57.76867 1152515751 191.302692    34.5738 0.0000e+00
    291.000     0.5407   2.931174     0.5406   2.931245    5.54055    -0.0585    13.8155 0.0000e+00  -61.55483  -57.76867 1152515752 191.302705    34.5745 0.0000e+00
    292.000     0.5479   2.931989     0.5487   2.932153    5.53584    -0.0533    13.8155 0.0000e+00  -61.55483  -57.76867 1152515754 191.302719    34.5764 0.0000e+00
    293.000     0.5497   2.932216     0.5502   2.932367    5.53237    -0.0396    13.8155 0.0000e+00  -61.55483  -57.76867 1152515755 191.302734    34.5767 0.0000e+00
    294.000     0.5510   2.932442     0.5521   2.932632    5.52811    -0.0652    13.8155 0.0000e+00  -61.55483  -57.76867 1152515758 191.302774    34.5778 0.0000e+00
