product_data/regression_test/downloaded_data/MGDS/320620060703/ctd/p6609901.ros
* Sea-Bird SBE 9 Data File:
* FileName = D:\Data\Raw\p6609901.dat
* Software Version Seasave Win32 V 5.32
* Temperature SN = 1649
* Conductivity SN = 1431
* Number of Bytes Per Scan = 37
* Number of Voltage Words = 5
* Number of Scans Averaged by the Deck Unit = 1
* NMEA Latitude = 60 16.70 S
* NMEA Longitude = 057 27.05 W
* NMEA UTC (Time) = 12:24:31
** Ship:   Nathaniel B. Palmer 
** Cruise:    NBP0606 
# nquan = 17
# nvalues = 1176                    
# units = specified
# name 0 = prDM: Pressure, Digiquartz [db]
# name 1 = t090C: Temperature [ITS-90, deg C]
# name 2 = c0S/m: Conductivity [S/m]
# name 3 = t190C: Temperature, 2 [ITS-90, deg C]
# name 4 = c1S/m: Conductivity, 2 [S/m]
# name 5 = sbeox0ML/L: Oxygen, SBE 43 [ml/l]
# name 6 = flECO-AFL: Fluorescence, Wetlab ECO-AFL/FL [mg/m^3]
# name 7 = bat: Beam Attenuation, Chelsea/Seatech/Wetlab CStar [1/m]
# name 8 = spar: SPAR/Surface Irradiance
# name 9 = latitude: Latitude [deg]
# name 10 = longitude: Longitude [deg]
# name 11 = timeY: Time, System [seconds]
# name 12 = timeJ: Julian Days
# name 13 = sal00: Salinity [PSU]
# name 14 = scan: scan number
# name 15 = nbf: number of bottles fired
# name 16 = flag:  0.000e+00
# interval = seconds: 0.0416667                   
# start_time = Jul 12 2006 12:24:39
*END*
[from data line 1107]
     10.021    -0.4899   2.775563    -0.4893   2.776063    8.01360     0.0972    13.8155 3.7015e+01  -60.27833  -57.45083 1152710375 193.555288    33.8358      79151         23  0.000e+00
      9.993    -0.4898   2.775586    -0.4898   2.776040    8.01817     0.1080    13.8155 3.5067e+01  -60.27833  -57.45083 1152710375 193.555289    33.8359      79152         23  0.000e+00
      9.993    -0.4904   2.775556    -0.4898   2.776034    8.01365     0.1188    13.8155 3.5067e+01  -60.27833  -57.45083 1152710376 193.555289    33.8362      79153         23  0.000e+00
     10.022    -0.4905   2.775579    -0.4899   2.776034    8.01369     0.0972    13.8155 3.5067e+01  -60.27833  -57.45083 1152710376 193.555290    33.8367      79154         23  0.000e+00
      9.993    -0.4902   2.775543    -0.4893   2.776040    8.01363     0.0650    13.8155 3.7015e+01  -60.27833  -57.45083 1152710376 193.555290    33.8358      79155         23  0.000e+00
     10.022    -0.4902   2.775556    -0.4896   2.776057    8.01365     0.1403    13.8155 3.7015e+01  -60.27833  -57.45083 1152710376 193.555291    33.8360      79156         23  0.000e+00
      9.993    -0.4901   2.775549    -0.4898   2.776063    8.01825     0.1833    13.8155 3.7015e+01  -60.27833  -57.45083 1152710376 193.555291    33.8358      79157         23  0.000e+00
      9.993    -0.4898   2.775563    -0.4895   2.776040    8.01819     0.1833    13.8155 3.7015e+01  -60.27833  -57.45083 1152710376 193.555292    33.8356      79158         23  0.000e+00
     10.022    -0.4904   2.775569    -0.4896   2.775994    8.01367     0.2479    13.8155 3.5067e+01  -60.27833  -57.45083 1152710376 193.555292    33.8363      79159         23  0.000e+00
      9.993    -0.4904   2.775586    -0.4896   2.776040    8.01827     0.1941    13.8155 3.7015e+01  -60.27833  -57.45083 1152710376 193.555293    33.8366      79160         23  0.000e+00
      9.993    -0.4899   2.775563    -0.4898   2.776040    8.01821     0.1295    13.8155 3.7015e+01  -60.27833  -57.45083 1152710376 193.555293    33.8358      79161         23  0.000e+00
      9.945    -0.4907   2.775582    -0.4898   2.776017    8.01362     0.1188    13.8155 3.7015e+01  -60.27833  -57.45083 1152710376 193.555294    33.8369      79162         23  0.000e+00
      9.993    -0.4901   2.775592    -0.4898   2.776034    8.01357     0.1403    13.8155 3.7015e+01  -60.27833  -57.45083 1152710376 193.555294    33.8363      79163         23  0.000e+00
     10.022    -0.4904   2.775572    -0.4892   2.776034    8.01367     0.1188    13.8155 3.7015e+01  -60.27833  -57.45083 1152710376 193.555295    33.8364      79164         23  0.000e+00
      9.993    -0.4902   2.775569    -0.4912   2.776052    8.01361     0.1188    13.8155 3.5067e+01  -60.27833  -57.45083 1152710376 193.555295    33.8362      79165         23  0.000e+00
      9.993    -0.4904   2.775549    -0.4884   2.776040    8.01829     0.1618    13.8155 3.5067e+01  -60.27833  -57.45083 1152710376 193.555296    33.8361      79166         23  0.000e+00
     10.022    -0.4904   2.775563    -0.4899   2.776034    8.01367     0.1833    13.8155 3.7015e+01  -60.27833  -57.45083 1152710376 193.555296    33.8362      79167         23  0.000e+00
      9.993    -0.4905   2.775569    -0.4893   2.776034    8.01831     0.1080    13.8155 3.5067e+01  -60.27833  -57.45083 1152710376 193.555297    33.8365      79168         23  0.000e+00
     10.022    -0.4909   2.775586    -0.4896   2.776034    8.01373     0.0757    13.8155 3.5067e+01  -60.27833  -57.45083 1152710376 193.555297    33.8371      79169         23  0.000e+00
      9.993    -0.4905   2.775543    -0.4899   2.776040    8.01368     0.1188    13.8155 3.7015e+01  -60.27833  -57.45083 1152710376 193.555298    33.8362      79170         23  0.000e+00
     10.556    -0.4902   2.775579    -0.4901   2.776029    8.01423     0.0757    13.8155 3.7015e+01  -60.27833  -57.45083 1152710382 193.555365    33.8360      79310         24  0.000e+00
     10.508    -0.4901   2.775556    -0.4899   2.776034    8.01417     0.0757    13.8155 3.7015e+01  -60.27833  -57.45083 1152710382 193.555366    33.8355      79311         24  0.000e+00
     10.489    -0.4902   2.775546    -0.4899   2.776034    8.01418     0.0865    13.8155 3.7015e+01  -60.27833  -57.45083 1152710382 193.555366    33.8356      79312         24  0.000e+00
     10.442    -0.4902   2.775530    -0.4901   2.776052    8.01414     0.1295    13.8155 3.7015e+01  -60.27833  -57.45083 1152710382 193.555367    33.8354      79313         24  0.000e+00
     10.489    -0.4904   2.775556    -0.4901   2.776023    8.01420     0.1403    13.8155 3.7015e+01  -60.27833  -57.45083 1152710382 193.555367    33.8359      79314         24  0.000e+00
     10.413    -0.4905   2.775569    -0.4898   2.775994    8.01413     0.1295    13.8155 3.7015e+01  -60.27833  -57.45083 1152710382 193.555367    33.8363      79315         24  0.000e+00
     10.442    -0.4899   2.775536    -0.4899   2.775982    8.01409     0.1188    13.8155 3.7015e+01  -60.27833  -57.45083 1152710382 193.555368    33.8351      79316         24  0.000e+00
     10.489    -0.4901   2.775546    -0.4896   2.776000    8.01416     0.1295    13.8155 3.7015e+01  -60.27833  -57.45083 1152710382 193.555368    33.8354      79317         24  0.000e+00
     10.375    -0.4905   2.775546    -0.4898   2.776028    8.01411     0.1295    13.8155 3.7015e+01  -60.27833  -57.45083 1152710382 193.555369    33.8360      79318         24  0.000e+00
     10.413    -0.4904   2.775530    -0.4899   2.776034    8.01413     0.0757    13.8155 3.7015e+01  -60.27833  -57.45083 1152710382 193.555369    33.8356      79319         24  0.000e+00
     10.413    -0.4910   2.775556    -0.4899   2.776034    8.01422     0.1403    13.8155 3.7015e+01  -60.27833  -57.45083 1152710383 193.555370    33.8367      79320         24  0.000e+00
     10.375    -0.4907   2.775536    -0.4901   2.776034    8.01414     0.1403    13.8155 3.7015e+01  -60.27833  -57.45083 1152710383 193.555370    33.8360      79321         24  0.000e+00
     10.346    -0.4905   2.775526    -0.4899   2.775999    8.01409     0.0865    13.8155 3.7015e+01  -60.27833  -57.45083 1152710383 193.555371    33.8358      79322         24  0.000e+00
     10.375    -0.4910   2.775540    -0.4899   2.776046    8.01418     0.1080    13.8155 3.5067e+01  -60.27833  -57.45083 1152710383 193.555371    33.8364      79323         24  0.000e+00
     10.346    -0.4909   2.775530    -0.4901   2.776023    8.01414     0.1403    13.8155 3.5067e+01  -60.27833  -57.45083 1152710383 193.555372    33.8362      79324         24  0.000e+00
     10.346    -0.4910   2.775526    -0.4901   2.776011    8.01416     0.1618    13.8155 3.7015e+01  -60.27833  -57.45083 1152710383 193.555372    33.8363      79325         24  0.000e+00
     10.375    -0.4913   2.775507    -0.4898   2.776011    8.01426     0.1295    13.8155 3.7015e+01  -60.27833  -57.45083 1152710383 193.555373    33.8363      79326         24  0.000e+00
     10.280    -0.4912   2.775503    -0.4902   2.776028    8.01413     0.1188    13.8155 3.7015e+01  -60.27833  -57.45083 1152710383 193.555373    33.8362      79327         24  0.000e+00
     10.375    -0.4909   2.775520    -0.4898   2.775994    8.01418     0.0972    13.8155 3.7015e+01  -60.27833  -57.45083 1152710383 193.555374    33.8360      79328         24  0.000e+00
     10.280    -0.4907   2.775526    -0.4904   2.775999    8.01404     0.1188    13.8155 3.7015e+01  -60.27833  -57.45083 1152710383 193.555374    33.8360      79329         24  0.000e+00
     10.346    -0.4910   2.775530    -0.4902   2.775994    8.01416     0.1295    13.8155 3.7015e+01  -60.27833  -57.45083 1152710383 193.555375    33.8363      79330         24  0.000e+00
     10.299    -0.4907   2.775510    -0.4901   2.776005    8.01407     0.1295    13.8155 3.7015e+01  -60.27833  -57.45083 1152710383 193.555375    33.8357      79331         24  0.000e+00
     10.346    -0.4910   2.775533    -0.4902   2.776028    8.01416     0.1403    13.8155 3.7015e+01  -60.27833  -57.45083 1152710383 193.555376    33.8364      79332         24  0.000e+00
     10.299    -0.4910   2.775513    -0.4899   2.776017    8.01412     0.1833    13.8155 3.7015e+01  -60.27833  -57.45083 1152710383 193.555376    33.8361      79333         24  0.000e+00
     10.346    -0.4913   2.775533    -0.4905   2.776046    8.01421     0.1403    13.8155 3.7015e+01  -60.27833  -57.45083 1152710383 193.555377    33.8367      79334         24  0.000e+00
     10.280    -0.4909   2.775497    -0.4901   2.776023    8.01409     0.1188    13.8155 3.7015e+01  -60.27833  -57.45083 1152710383 193.555377    33.8357      79335         24  0.000e+00
     10.299    -0.4909   2.775513    -0.4898   2.775988    8.01410     0.1403    13.8155 3.7015e+01  -60.27833  -57.45083 1152710383 193.555378    33.8360      79336         24  0.000e+00
     10.346    -0.4909   2.775540    -0.4905   2.775988    8.01413     0.1403    13.8155 3.7015e+01  -60.27833  -57.45083 1152710383 193.555378    33.8363      79337         24  0.000e+00
     10.299    -0.4904   2.775513    -0.4899   2.776023    8.01402     0.1188    13.8155 3.7015e+01  -60.27833  -57.45083 1152710383 193.555379    33.8354      79338         24  0.000e+00
     10.346    -0.4907   2.775533    -0.4901   2.776052    8.01411     0.1188    13.8155 3.7015e+01  -60.27833  -57.45083 1152710383 193.555379    33.8360      79339         24  0.000e+00
     10.280    -0.4910   2.775513    -0.4902   2.775999    8.01410     0.1295    13.8155 3.7015e+01  -60.27833  -57.45083 1152710383 193.555380    33.8361      79340         24  0.000e+00
     10.375    -0.4910   2.775503    -0.4899   2.775999    8.01421     0.0542    13.8155 3.7015e+01  -60.27833  -57.45083 1152710383 193.555380    33.8359      79341         24  0.000e+00
     10.280    -0.4909   2.775484    -0.4902   2.776011    8.01410     0.0972    13.8155 3.7015e+01  -60.27833  -57.45083 1152710383 193.555380    33.8356      79342         24  0.000e+00
     10.299    -0.4909   2.775480    -0.4904   2.776011    8.01876     0.1618    13.8155 3.7015e+01  -60.27833  -57.45083 1152710383 193.555381    33.8355      79343         24  0.000e+00
     10.346    -0.4913   2.775500    -0.4901   2.775988    8.01888     0.1295    13.8155 3.7015e+01  -60.27833  -57.45083 1152710384 193.555381    33.8363      79344         24  0.000e+00
     10.347    -0.4912   2.775520    -0.4899   2.776028    8.01419     0.1188    13.8155 3.7015e+01  -60.27833  -57.45083 1152710384 193.555382    33.8364      79345         24  0.000e+00
     10.299    -0.4913   2.775507    -0.4898   2.776017    8.01417     0.1295    13.8155 3.7015e+01  -60.27833  -57.45083 1152710384 193.555382    33.8364      79346         24  0.000e+00
     10.347    -0.4912   2.775484    -0.4898   2.776028    8.01886     0.0757    13.8155 3.7015e+01  -60.27833  -57.45083 1152710384 193.555383    33.8359      79347         24  0.000e+00
     10.375    -0.4913   2.775513    -0.4901   2.776052    8.01890     0.0757    13.8155 3.5067e+01  -60.27833  -57.45083 1152710384 193.555383    33.8364      79348         24  0.000e+00
     10.347    -0.4909   2.775507    -0.4899   2.776023    8.01415     0.0542    13.8155 3.7015e+01  -60.27833  -57.45083 1152710384 193.555384    33.8358      79349         24  0.000e+00
     10.347    -0.4909   2.775520    -0.4901   2.776028    8.01879     0.0972    13.8155 3.7015e+01  -60.27833  -57.45083 1152710384 193.555384    33.8360      79350         24  0.000e+00
     10.375    -0.4909   2.775526    -0.4899   2.776034    8.01881     0.1080    13.8155 3.7015e+01  -60.27833  -57.45083 1152710384 193.555385    33.8361      79351         24  0.000e+00
     10.347    -0.4909   2.775540    -0.4895   2.776063    8.01877     0.0972    13.8155 3.7015e+01  -60.27833  -57.45083 1152710384 193.555385    33.8363      79352         24  0.000e+00
     10.347    -0.4907   2.775530    -0.4898   2.776040    8.01875     0.1188    13.8155 3.7015e+01  -60.27833  -57.45083 1152710384 193.555386    33.8360      79353         24  0.000e+00
     10.375    -0.4910   2.775507    -0.4902   2.776034    8.01885     0.1403    13.8155 3.7015e+01  -60.27833  -57.45083 1152710384 193.555386    33.8360      79354         24  0.000e+00
     10.413    -0.4909   2.775533    -0.4899   2.776017    8.01885     0.1295    13.8155 3.7015e+01  -60.27833  -57.45083 1152710384 193.555387    33.8362      79355         24  0.000e+00
     10.375    -0.4909   2.775497    -0.4896   2.776011    8.01884     0.0972    13.8155 3.7015e+01  -60.27833  -57.45083 1152710384 193.555387    33.8357      79356         24  0.000e+00
     10.413    -0.4913   2.775533    -0.4898   2.776028    8.01893     0.1188    13.8155 3.7015e+01  -60.27833  -57.45083 1152710384 193.555388    33.8367      79357         24  0.000e+00
     10.413    -0.4909   2.775546    -0.4901   2.776034    8.01884     0.1618    13.8155 3.7015e+01  -60.27833  -57.45083 1152710384 193.555388    33.8363      79358         24  0.000e+00
