product_data/regression_test/downloaded_data/MGDS/320620060703/ctd/p6608801.ros
* Sea-Bird SBE 9 Data File:
* FileName = D:\Data\Raw\P6608801.dat
* Software Version Seasave Win32 V 5.32
* Temperature SN = 1649
* Conductivity SN = 1431
* Number of Bytes Per Scan = 37
* Number of Voltage Words = 5
* Number of Scans Averaged by the Deck Unit = 1
* NMEA Latitude = 61 29.99 S
* NMEA Longitude = 057 48.72 W
* NMEA UTC (Time) = 08:37:07
** Ship:   Nathaniel B. Palmer 
** Cruise:    NBP0603 p0606
** Cast #: 01
** Station:   88
** Operator: rdd
# nquan = 17
# nvalues = 1176                    
# units = specified
# name 0 = prDM: Pressure, Digiquartz [db]
# name 1 = t090C: Temperature [ITS-90, deg C]
# name 2 = c0S/m: Conductivity [S/m]
# name 3 = t190C: Temperature, 2 [ITS-90, deg C]
# name 4 = c1S/m: Conductivity, 2 [S/m]
# name 5 = sbeox0ML/L: Oxygen, SBE 43 [ml/l]
# name 6 = flECO-AFL: Fluorescence, Wetlab ECO-AFL/FL [mg/m^3]
# name 7 = bat: Beam Attenuation, Chelsea/Seatech/Wetlab CStar [1/m]
# name 8 = spar: SPAR/Surface Irradiance
# name 9 = latitude: Latitude [deg]
# name 10 = longitude: Longitude [deg]
# name 11 = timeY: Time, System [seconds]
# name 12 = timeJ: Julian Days
# name 13 = sal00: Salinity [PSU]
# name 14 = scan: scan number
# name 15 = nbf: number of bottles fired
# name 16 = flag:  0.000e+00
# interval = seconds: 0.0416667                   
# start_time = Jul 10 2006 08:37:16
*END*
[from data line 1107]
     11.622    -0.7984   2.772067    -0.7978   2.772369    7.80556     0.1726    13.8155 0.0000e+00  -61.49983  -57.81200 1152522756 191.383777    34.1346      50938         23  0.000e+00
     11.650    -0.7984   2.772087    -0.7979   2.772369    7.80558     0.2156    13.8155 0.0000e+00  -61.49983  -57.81200 1152522756 191.383778    34.1349      50939         23  0.000e+00
     11.688    -0.7986   2.772113    -0.7981   2.772380    7.80562     0.2156    13.8155 0.0000e+00  -61.49983  -57.81200 1152522756 191.383778    34.1354      50940         23  0.000e+00
     11.717    -0.7984   2.772100    -0.7986   2.772386    7.80564     0.1833    13.8155 0.0000e+00  -61.49983  -57.81200 1152522756 191.383779    34.1350      50941         23  0.000e+00
     11.765    -0.7987   2.772113    -0.7982   2.772374    7.80573     0.1941    13.8155 0.0000e+00  -61.49983  -57.81200 1152522756 191.383779    34.1355      50942         23  0.000e+00
     11.765    -0.7986   2.772120    -0.7984   2.772403    7.80570     0.2048    13.8155 0.0000e+00  -61.49983  -57.81200 1152522756 191.383780    34.1354      50943         23  0.000e+00
     11.784    -0.7989   2.772149    -0.7986   2.772374    7.80575     0.2263    13.8155 0.0000e+00  -61.49983  -57.81200 1152522756 191.383780    34.1362      50944         23  0.000e+00
     11.831    -0.7990   2.772093    -0.7982   2.772403    7.80586     0.2371    13.8155 0.0000e+00  -61.49983  -57.81200 1152522756 191.383781    34.1355      50945         23  0.000e+00
     11.860    -0.7992   2.772107    -0.7989   2.772398    7.80591     0.2156    13.8155 0.0000e+00  -61.49983  -57.81200 1152522756 191.383781    34.1359      50946         23  0.000e+00
     11.898    -0.7987   2.772136    -0.7982   2.772375    7.80586     0.2048    13.8155 0.0000e+00  -61.49983  -57.81200 1152522756 191.383782    34.1358      50947         23  0.000e+00
     11.898    -0.7989   2.772126    -0.7986   2.772380    7.80589     0.1941    13.8155 0.0000e+00  -61.49983  -57.81200 1152522757 191.383782    34.1358      50948         23  0.000e+00
     11.994    -0.7992   2.772103    -0.7987   2.772409    7.80606     0.2048    13.8155 0.0000e+00  -61.49983  -57.81200 1152522757 191.383783    34.1358      50949         23  0.000e+00
     11.898    -0.7993   2.772113    -0.7984   2.772357    7.80597     0.2156    13.8155 0.0000e+00  -61.49983  -57.81200 1152522757 191.383783    34.1361      50950         23  0.000e+00
     11.994    -0.7984   2.772136    -0.7988   2.772375    7.80124     0.2048    13.8155 0.0000e+00  -61.49983  -57.81200 1152522757 191.383784    34.1353      50951         23  0.000e+00
     12.041    -0.7992   2.772123    -0.7987   2.772369    7.80610     0.2479    13.8155 0.0000e+00  -61.49983  -57.81200 1152522757 191.383784    34.1360      50952         23  0.000e+00
     12.041    -0.7987   2.772120    -0.7981   2.772380    7.80603     0.2801    13.8155 0.0000e+00  -61.49983  -57.81200 1152522757 191.383785    34.1354      50953         23  0.000e+00
     12.070    -0.7990   2.772084    -0.7987   2.772392    7.80613     0.2263    13.8155 0.0000e+00  -61.49983  -57.81200 1152522757 191.383785    34.1353      50954         23  0.000e+00
     12.041    -0.7989   2.772123    -0.7990   2.772392    7.80605     0.1941    13.8155 0.0000e+00  -61.49983  -57.81200 1152522757 191.383786    34.1357      50955         23  0.000e+00
     12.137    -0.7989   2.772143    -0.7986   2.772392    7.80614     0.2263    13.8155 0.0000e+00  -61.49983  -57.81200 1152522757 191.383786    34.1359      50956         23  0.000e+00
     12.108    -0.7993   2.772123    -0.7987   2.772386    7.80619     0.1941    13.8155 0.0000e+00  -61.49983  -57.81200 1152522757 191.383787    34.1361      50957         23  0.000e+00
     10.500    -0.7973   2.771955    -0.7969   2.772223    7.80425     0.1833    13.8155 0.0000e+00  -61.49983  -57.81200 1152522764 191.383865    34.1326      51119         24  0.000e+00
     10.462    -0.7973   2.771951    -0.7969   2.772195    7.80421     0.2479    13.8155 0.0000e+00  -61.49983  -57.81200 1152522764 191.383865    34.1326      51120         24  0.000e+00
     10.366    -0.7973   2.771892    -0.7970   2.772200    7.80415     0.2263    13.8155 0.0000e+00  -61.49983  -57.81200 1152522764 191.383866    34.1318      51121         24  0.000e+00
     10.366    -0.7972   2.771856    -0.7967   2.772200    7.80416     0.2156    13.8155 0.0000e+00  -61.49983  -57.81200 1152522764 191.383866    34.1312      51122         24  0.000e+00
     10.385    -0.7970   2.771869    -0.7970   2.772206    7.80414     0.1618    13.8155 0.0000e+00  -61.49983  -57.81200 1152522764 191.383867    34.1311      51123         24  0.000e+00
     10.290    -0.7973   2.771876    -0.7963   2.772229    7.80408     0.1941    13.8155 0.0000e+00  -61.49983  -57.81200 1152522764 191.383867    34.1316      51124         24  0.000e+00
     10.366    -0.7967   2.771839    -0.7973   2.772177    7.80410     0.2156    13.8155 0.0000e+00  -61.49983  -57.81200 1152522764 191.383868    34.1304      51125         24  0.000e+00
     10.252    -0.7972   2.771862    -0.7972   2.772148    7.80403     0.2479    13.8155 0.0000e+00  -61.49983  -57.81200 1152522764 191.383868    34.1313      51126         24  0.000e+00
     10.290    -0.7975   2.771876    -0.7966   2.772154    7.80410     0.2371    13.8155 0.0000e+00  -61.49983  -57.81200 1152522764 191.383869    34.1318      51127         24  0.000e+00
     10.176    -0.7975   2.771856    -0.7966   2.772160    7.80399     0.1618    13.8155 0.0000e+00  -61.49983  -57.81200 1152522764 191.383869    34.1316      51128         24  0.000e+00
     10.223    -0.7969   2.771869    -0.7969   2.772160    7.80394     0.1618    13.8155 0.0000e+00  -61.49983  -57.81200 1152522764 191.383870    34.1311      51129         24  0.000e+00
     10.157    -0.7975   2.771876    -0.7970   2.772148    7.80396     0.2156    13.8155 0.0000e+00  -61.49983  -57.81200 1152522764 191.383870    34.1319      51130         24  0.000e+00
     10.176    -0.7973   2.771856    -0.7963   2.772113    7.80397     0.2371    13.8155 0.0000e+00  -61.49983  -57.81200 1152522764 191.383871    34.1314      51131         24  0.000e+00
     10.157    -0.7969   2.771869    -0.7966   2.772142    7.80387     0.2048    13.8155 0.0000e+00  -61.49983  -57.81200 1152522764 191.383871    34.1311      51132         24  0.000e+00
     10.080    -0.7973   2.771839    -0.7964   2.772113    7.80388     0.2048    13.8155 0.0000e+00  -61.49983  -57.81200 1152522764 191.383872    34.1313      51133         24  0.000e+00
     10.109    -0.7975   2.771813    -0.7963   2.772096    7.80395     0.2371    13.8155 0.0000e+00  -61.49983  -57.81200 1152522764 191.383872    34.1311      51134         24  0.000e+00
     10.080    -0.7967   2.771806    -0.7970   2.772096    7.80381     0.2048    13.8155 0.0000e+00  -61.49983  -57.81200 1152522764 191.383872    34.1301      51135         24  0.000e+00
     10.042    -0.7976   2.771806    -0.7970   2.772102    7.80391     0.2156    13.8155 0.0000e+00  -61.49983  -57.81200 1152522764 191.383873    34.1312      51136         24  0.000e+00
     10.014    -0.7975   2.771790    -0.7973   2.772061    7.80387     0.2048    13.8155 0.0000e+00  -61.49983  -57.81200 1152522764 191.383873    34.1308      51137         24  0.000e+00
     10.014    -0.7976   2.771717    -0.7970   2.771980    7.80395     0.2156    13.8155 0.0000e+00  -61.49983  -57.81200 1152522764 191.383874    34.1300      51138         24  0.000e+00
      9.966    -0.7973   2.771727    -0.7969   2.771945    7.80384     0.1941    13.8155 0.0000e+00  -61.49983  -57.81200 1152522765 191.383874    34.1298      51139         24  0.000e+00
      9.947    -0.7970   2.771721    -0.7973   2.771928    7.80378     0.2048    13.8155 0.0000e+00  -61.49983  -57.81200 1152522765 191.383875    34.1294      51140         24  0.000e+00
      9.947    -0.7973   2.771599    -0.7970   2.771899    7.80391     0.1941    13.8155 0.0000e+00  -61.49983  -57.81200 1152522765 191.383875    34.1281      51141         24  0.000e+00
      9.966    -0.7973   2.771513    -0.7972   2.771905    7.80399     0.1941    13.8155 0.0000e+00  -61.49983  -57.81200 1152522765 191.383876    34.1269      51142         24  0.000e+00
      9.871    -0.7973   2.771428    -0.7970   2.771893    7.80395     0.2156    13.8155 0.0000e+00  -61.49983  -57.81200 1152522765 191.383876    34.1258      51143         24  0.000e+00
      9.947    -0.7976   2.771408    -0.7974   2.771910    7.80410     0.2263    13.8155 0.0000e+00  -61.49983  -57.81200 1152522765 191.383877    34.1259      51144         24  0.000e+00
      9.900    -0.7979   2.771372    -0.7972   2.771922    7.80412     0.2586    13.8155 0.0000e+00  -61.49983  -57.81200 1152522765 191.383877    34.1257      51145         24  0.000e+00
      9.804    -0.7970   2.771427    -0.7967   2.771887    7.80383     0.2694    13.8155 0.0000e+00  -61.49983  -57.81200 1152522765 191.383878    34.1255      51146         24  0.000e+00
      9.900    -0.7979   2.771467    -0.7972   2.771910    7.80405     0.2479    13.8155 0.0000e+00  -61.49983  -57.81200 1152522765 191.383878    34.1270      51147         24  0.000e+00
      9.804    -0.7970   2.771503    -0.7972   2.771858    7.80378     0.2048    13.8155 0.0000e+00  -61.49983  -57.81200 1152522765 191.383879    34.1265      51148         24  0.000e+00
      9.804    -0.7979   2.771566    -0.7972   2.771841    7.80388     0.2156    13.8155 0.0000e+00  -61.49983  -57.81200 1152522765 191.383879    34.1284      51149         24  0.000e+00
      9.833    -0.7975   2.771569    -0.7972   2.771789    7.80383     0.2156    13.8155 0.0000e+00  -61.49983  -57.81200 1152522765 191.383880    34.1279      51150         24  0.000e+00
      9.804    -0.7976   2.771526    -0.7967   2.771742    7.80386     0.1618    13.8155 0.0000e+00  -61.49983  -57.81200 1152522765 191.383880    34.1276      51151         24  0.000e+00
      9.804    -0.7978   2.771516    -0.7973   2.771696    7.80389     0.1726    13.8155 0.0000e+00  -61.49983  -57.81200 1152522765 191.383881    34.1276      51152         24  0.000e+00
      9.833    -0.7979   2.771500    -0.7973   2.771684    7.80396     0.2371    13.8155 0.0000e+00  -61.49983  -57.81200 1152522765 191.383881    34.1275      51153         24  0.000e+00
      9.728    -0.7975   2.771460    -0.7975   2.771615    7.80380     0.2371    13.8155 0.0000e+00  -61.49983  -57.81200 1152522765 191.383882    34.1265      51154         24  0.000e+00
      9.804    -0.7978   2.771431    -0.7975   2.771557    7.80395     0.2586    13.8155 0.0000e+00  -61.49983  -57.81200 1152522765 191.383882    34.1264      51155         24  0.000e+00
      9.757    -0.7976   2.771378    -0.7973   2.771487    7.80391     0.2479    13.8155 0.0000e+00  -61.49983  -57.81200 1152522765 191.383883    34.1256      51156         24  0.000e+00
      9.728    -0.7979   2.771378    -0.7973   2.771487    7.80393     0.2371    13.8155 0.0000e+00  -61.49983  -57.81200 1152522765 191.383883    34.1259      51157         24  0.000e+00
      9.728    -0.7981   2.771335    -0.7979   2.771505    7.80399     0.1941    13.8155 0.0000e+00  -61.49983  -57.81200 1152522765 191.383884    34.1255      51158         24  0.000e+00
      9.757    -0.7979   2.771332    -0.7978   2.771499    7.80400     0.1941    13.8155 0.0000e+00  -61.49983  -57.81200 1152522765 191.383884    34.1253      51159         24  0.000e+00
      9.804    -0.7975   2.771236    -0.7973   2.771476    7.80404     0.1941    13.8155 0.0000e+00  -61.49983  -57.81200 1152522765 191.383885    34.1234      51160         24  0.000e+00
      9.690    -0.7976   2.771236    -0.7973   2.771429    7.80394     0.1941    13.8155 0.0000e+00  -61.49983  -57.81200 1152522765 191.383885    34.1237      51161         24  0.000e+00
      9.805    -0.7979   2.771250    -0.7981   2.771447    7.80411     0.2263    13.8155 0.0000e+00  -61.49983  -57.81200 1152522765 191.383886    34.1242      51162         24  0.000e+00
      9.728    -0.7973   2.771348    -0.7971   2.771464    7.80386     0.2263    13.8155 0.0000e+00  -61.49983  -57.81200 1152522765 191.383886    34.1248      51163         24  0.000e+00
      9.757    -0.7979   2.771414    -0.7973   2.771453    7.80394     0.2371    13.8155 0.0000e+00  -61.49983  -57.81200 1152522766 191.383886    34.1264      51164         24  0.000e+00
      9.728    -0.7975   2.771395    -0.7967   2.771482    7.80384     0.2479    13.8155 0.0000e+00  -61.49983  -57.81200 1152522766 191.383887    34.1256      51165         24  0.000e+00
      9.805    -0.7979   2.771368    -0.7972   2.771545    7.80402     0.2156    13.8155 0.0000e+00  -61.49983  -57.81200 1152522766 191.383887    34.1258      51166         24  0.000e+00
      9.757    -0.7978   2.771378    -0.7973   2.771609    7.80394     0.1833    13.8155 0.0000e+00  -61.49983  -57.81200 1152522766 191.383888    34.1257      51167         24  0.000e+00
