product_data/regression_test/downloaded_data/MGDS/320620060703/ctd/p6607301.ros
* Sea-Bird SBE 9 Data File:
* FileName = D:\Data\Raw\p6607301.dat
* Software Version Seasave Win32 V 5.32
* Temperature SN = 1649
* Conductivity SN = 1431
* Number of Bytes Per Scan = 37
* Number of Voltage Words = 5
* Number of Scans Averaged by the Deck Unit = 1
* NMEA Latitude = 62 13.82 S
* NMEA Longitude = 058 07.00 W
* NMEA UTC (Time) = 06:24:58
** Ship:   Nathaniel B. Palmer 
** Cruise:    NBP0606 
# nquan = 17
# nvalues = 1176                    
# units = specified
# name 0 = prDM: Pressure, Digiquartz [db]
# name 1 = t090C: Temperature [ITS-90, deg C]
# name 2 = c0S/m: Conductivity [S/m]
# name 3 = t190C: Temperature, 2 [ITS-90, deg C]
# name 4 = c1S/m: Conductivity, 2 [S/m]
# name 5 = sbeox0ML/L: Oxygen, SBE 43 [ml/l]
# name 6 = flECO-AFL: Fluorescence, Wetlab ECO-AFL/FL [mg/m^3]
# name 7 = bat: Beam Attenuation, Chelsea/Seatech/Wetlab CStar [1/m]
# name 8 = spar: SPAR/Surface Irradiance
# name 9 = latitude: Latitude [deg]
# name 10 = longitude: Longitude [deg]
# name 11 = timeY: Time, System [seconds]
# name 12 = timeJ: Julian Days
# name 13 = sal00: Salinity [PSU]
# name 14 = scan: scan number
# name 15 = nbf: number of bottles fired
# name 16 = flag:  0.000e+00
# interval = seconds: 0.0416667                   
# start_time = Jul 08 2006 06:25:06
*END*
[from data line 937]
    100.801    -0.5982   2.801523    -0.5978   2.801534    7.35199    -0.0319    13.8155 0.0000e+00  -62.23033  -58.11667 1152342706 189.299860    34.2511      67246         20  0.000e+00
    100.763    -0.5984   2.801550    -0.5975   2.801523    7.35196    -0.0319    13.8155 0.0000e+00  -62.23033  -58.11667 1152342706 189.299860    34.2517      67247         20  0.000e+00
    100.830    -0.5984   2.801543    -0.5979   2.801534    7.35203    -0.0534    13.8155 0.0000e+00  -62.23033  -58.11667 1152342706 189.299861    34.2516      67248         20  0.000e+00
    100.763    -0.5987   2.801550    -0.5978   2.801523    7.35200    -0.0749    13.8155 0.0000e+00  -62.23033  -58.11667 1152342706 189.299861    34.2520      67249         20  0.000e+00
    100.830    -0.5987   2.801527    -0.5977   2.801511    7.35209    -0.0749    13.8155 0.0000e+00  -62.23033  -58.11667 1152342706 189.299862    34.2517      67250         20  0.000e+00
    100.763    -0.5981   2.801533    -0.5977   2.801511    7.35193    -0.0749    13.8155 0.0000e+00  -62.23033  -58.11667 1152342706 189.299862    34.2511      67251         20  0.000e+00
    100.830    -0.5988   2.801533    -0.5978   2.801517    7.35210    -0.0426    13.8155 0.0000e+00  -62.23033  -58.11667 1152342706 189.299863    34.2519      67252         20  0.000e+00
    100.763    -0.5984   2.801503    -0.5977   2.801511    7.35199    -0.0426    13.8155 0.0000e+00  -62.23033  -58.11667 1152342706 189.299863    34.2510      67253         20  0.000e+00
    100.830    -0.5984   2.801527    -0.5983   2.801511    7.35205    -0.0534    13.8155 0.0000e+00  -62.23033  -58.11667 1152342706 189.299864    34.2514      67254         20  0.000e+00
    100.763    -0.5986   2.801550    -0.5980   2.801534    7.35198    -0.0319    13.8155 0.0000e+00  -62.23033  -58.11667 1152342706 189.299864    34.2519      67255         20  0.000e+00
    100.802    -0.5982   2.801527    -0.5981   2.801523    7.35199    -0.0857    13.8155 0.0000e+00  -62.23033  -58.11667 1152342706 189.299864    34.2512      67256         20  0.000e+00
    100.763    -0.5983   2.801520    -0.5974   2.801494    7.35196    -0.0534    13.8155 0.0000e+00  -62.23033  -58.11667 1152342706 189.299865    34.2511      67257         20  0.000e+00
    100.830    -0.5982   2.801510    -0.5980   2.801488    7.35203    -0.0319    13.8155 0.0000e+00  -62.23033  -58.11667 1152342706 189.299865    34.2509      67258         20  0.000e+00
    100.764    -0.5984   2.801550    -0.5980   2.801505    7.35196    -0.0211    13.8155 0.0000e+00  -62.23033  -58.11667 1152342706 189.299866    34.2517      67259         20  0.000e+00
    100.764    -0.5984   2.801556    -0.5977   2.801511    7.35196    -0.0426    13.8155 0.0000e+00  -62.23033  -58.11667 1152342706 189.299866    34.2518      67260         20  0.000e+00
    100.764    -0.5990   2.801510    -0.5978   2.801511    7.35208    -0.0534    13.8155 0.0000e+00  -62.23033  -58.11667 1152342706 189.299867    34.2518      67261         20  0.000e+00
    100.764    -0.5984   2.801527    -0.5978   2.801494    7.35197    -0.0534    13.8155 0.0000e+00  -62.23033  -58.11667 1152342706 189.299867    34.2514      67262         20  0.000e+00
    100.830    -0.5986   2.801550    -0.5978   2.801505    7.34735    -0.0642    13.8155 0.0000e+00  -62.23033  -58.11667 1152342707 189.299868    34.2518      67263         20  0.000e+00
    100.764    -0.5984   2.801494    -0.5978   2.801517    7.34730    -0.0534    13.8155 0.0000e+00  -62.23033  -58.11667 1152342707 189.299868    34.2509      67264         20  0.000e+00
    100.735    -0.5984   2.801523    -0.5983   2.801494    7.35195    -0.0426    13.8155 0.0000e+00  -62.23033  -58.11667 1152342707 189.299869    34.2513      67265         20  0.000e+00
    100.764    -0.5986   2.801550    -0.5981   2.801523    7.35198    -0.0749    13.8155 0.0000e+00  -62.23033  -58.11667 1152342707 189.299869    34.2519      67266         20  0.000e+00
    100.830    -0.5984   2.801527    -0.5977   2.801540    7.35204    -0.0964    13.8155 0.0000e+00  -62.23033  -58.11667 1152342707 189.299870    34.2513      67267         20  0.000e+00
    100.764    -0.5986   2.801520    -0.5978   2.801523    7.35200    -0.1072    13.8155 0.0000e+00  -62.23033  -58.11667 1152342707 189.299870    34.2515      67268         20  0.000e+00
    100.764    -0.5987   2.801546    -0.5978   2.801534    7.35201    -0.0534    13.8155 0.0000e+00  -62.23033  -58.11667 1152342707 189.299871    34.2520      67269         20  0.000e+00
    100.764    -0.5984   2.801527    -0.5977   2.801517    7.35197    -0.0534    13.8155 0.0000e+00  -62.23033  -58.11667 1152342707 189.299871    34.2514      67270         20  0.000e+00
    100.764    -0.5984   2.801533    -0.5983   2.801511    7.35197    -0.0534    13.8155 0.0000e+00  -62.23033  -58.11667 1152342707 189.299872    34.2514      67271         20  0.000e+00
    100.764    -0.5986   2.801517    -0.5980   2.801494    7.35201    -0.0319    13.8155 0.0000e+00  -62.23033  -58.11667 1152342707 189.299872    34.2514      67272         20  0.000e+00
    100.764    -0.5986   2.801530    -0.5977   2.801505    7.35200    -0.0211    13.8155 0.0000e+00  -62.23033  -58.11667 1152342707 189.299873    34.2516      67273         20  0.000e+00
    100.764    -0.5988   2.801556    -0.5981   2.801494    7.35202    -0.0642    13.8155 0.0000e+00  -62.23033  -58.11667 1152342707 189.299873    34.2523      67274         20  0.000e+00
    100.802    -0.5984   2.801540    -0.5980   2.801505    7.35201    -0.1072    13.8155 0.0000e+00  -62.23033  -58.11667 1152342707 189.299874    34.2515      67275         20  0.000e+00
    100.764    -0.5979   2.801537    -0.5975   2.801494    7.35190    -0.1072    13.8155 0.0000e+00  -62.23033  -58.11667 1152342707 189.299874    34.2510      67276         20  0.000e+00
    100.764    -0.5987   2.801533    -0.5983   2.801505    7.35202    -0.0534    13.8155 0.0000e+00  -62.23033  -58.11667 1152342707 189.299875    34.2518      67277         20  0.000e+00
    100.764    -0.5984   2.801523    -0.5978   2.801494    7.35198    -0.0211    13.8155 0.0000e+00  -62.23033  -58.11667 1152342707 189.299875    34.2513      67278         20  0.000e+00
    100.764    -0.5986   2.801550    -0.5974   2.801505    7.34728     0.0112    13.8155 0.0000e+00  -62.23033  -58.11667 1152342707 189.299876    34.2519      67279         20  0.000e+00
    100.764    -0.5986   2.801540    -0.5978   2.801494    7.35199    -0.0104    13.8155 0.0000e+00  -62.23033  -58.11667 1152342707 189.299876    34.2517      67280         20  0.000e+00
    100.764    -0.5987   2.801537    -0.5980   2.801488    7.35202    -0.0642    13.8155 0.0000e+00  -62.23033  -58.11667 1152342707 189.299877    34.2519      67281         20  0.000e+00
    100.764    -0.5984   2.801540    -0.5978   2.801505    7.35197    -0.0749    13.8155 0.0000e+00  -62.23033  -58.11667 1152342707 189.299877    34.2515      67282         20  0.000e+00
    100.764    -0.5986   2.801533    -0.5975   2.801517    7.35199    -0.0749    13.8155 0.0000e+00  -62.23033  -58.11667 1152342707 189.299878    34.2516      67283         20  0.000e+00
    100.735    -0.5983   2.801523    -0.5986   2.801511    7.35193    -0.0642    13.8155 0.0000e+00  -62.23033  -58.11667 1152342707 189.299878    34.2512      67284         20  0.000e+00
    100.764    -0.5987   2.801520    -0.5976   2.801511    7.35202    -0.0857    13.8155 0.0000e+00  -62.23033  -58.11667 1152342707 189.299878    34.2516      67285         20  0.000e+00
    100.764    -0.5987   2.801546    -0.5981   2.801511    7.35201    -0.0964    13.8155 0.0000e+00  -62.23033  -58.11667 1152342707 189.299879    34.2520      67286         20  0.000e+00
    100.764    -0.5987   2.801543    -0.5980   2.801476    7.35201    -0.0642    13.8155 0.0000e+00  -62.23033  -58.11667 1152342708 189.299879    34.2520      67287         20  0.000e+00
    100.764    -0.5984   2.801523    -0.5975   2.801482    7.35198    -0.0642    13.8155 0.0000e+00  -62.23033  -58.11667 1152342708 189.299880    34.2513      67288         20  0.000e+00
     50.102    -0.6272   2.795332    -0.6261   2.795341    7.43485    -0.0426    13.8155 0.0000e+00  -62.23033  -58.11667 1152342811 189.301074    34.2318      69764         21  0.000e+00
     50.102    -0.6275   2.795329    -0.6267   2.795323    7.43022    -0.0749    13.8155 0.0000e+00  -62.23033  -58.11667 1152342811 189.301074    34.2321      69765         21  0.000e+00
     50.026    -0.6271   2.795342    -0.6267   2.795335    7.43475    -0.0642    13.8155 0.0000e+00  -62.23033  -58.11667 1152342811 189.301075    34.2319      69766         21  0.000e+00
     50.102    -0.6271   2.795365    -0.6267   2.795341    7.43013    -0.0426    13.8155 0.0000e+00  -62.23033  -58.11667 1152342811 189.301075    34.2321      69767         21  0.000e+00
     49.959    -0.6271   2.795338    -0.6267   2.795340    7.43000    -0.0534    13.8155 0.0000e+00  -62.23033  -58.11667 1152342811 189.301076    34.2318      69768         21  0.000e+00
     50.103    -0.6269   2.795329    -0.6267   2.795341    7.43013    -0.0319    13.8155 0.0000e+00  -62.23033  -58.11667 1152342811 189.301076    34.2314      69769         21  0.000e+00
     50.026    -0.6272   2.795342    -0.6266   2.795323    7.43009    -0.0534    13.8155 0.0000e+00  -62.23033  -58.11667 1152342811 189.301077    34.2320      69770         21  0.000e+00
     50.026    -0.6272   2.795338    -0.6270   2.795335    7.43009    -0.0857    13.8155 0.0000e+00  -62.23033  -58.11667 1152342811 189.301077    34.2319      69771         21  0.000e+00
     50.026    -0.6270   2.795362    -0.6264   2.795323    7.43004    -0.0534    13.8155 0.0000e+00  -62.23033  -58.11667 1152342811 189.301078    34.2320      69772         21  0.000e+00
     50.026    -0.6274   2.795352    -0.6269   2.795352    7.43010    -0.0426    13.8155 0.0000e+00  -62.23033  -58.11667 1152342811 189.301078    34.2322      69773         21  0.000e+00
     50.026    -0.6271   2.795348    -0.6267   2.795323    7.43006    -0.0749    13.8155 0.0000e+00  -62.23033  -58.11667 1152342811 189.301079    34.2319      69774         21  0.000e+00
     49.959    -0.6272   2.795348    -0.6266   2.795352    7.43002    -0.0642    13.8155 0.0000e+00  -62.23033  -58.11667 1152342811 189.301079    34.2321      69775         21  0.000e+00
     50.026    -0.6274   2.795348    -0.6269   2.795323    7.43011    -0.0857    13.8155 0.0000e+00  -62.23033  -58.11667 1152342811 189.301080    34.2322      69776         21  0.000e+00
     50.026    -0.6268   2.795332    -0.6269   2.795335    7.43003    -0.0964    13.8155 0.0000e+00  -62.23033  -58.11667 1152342811 189.301080    34.2313      69777         21  0.000e+00
     50.026    -0.6278   2.795358    -0.6267   2.795341    7.43015    -0.0749    13.8155 0.0000e+00  -62.23033  -58.11667 1152342811 189.301081    34.2328      69778         21  0.000e+00
     49.960    -0.6277   2.795338    -0.6270   2.795300    7.43009    -0.0857    13.8155 0.0000e+00  -62.23033  -58.11667 1152342811 189.301081    34.2325      69779         21  0.000e+00
     50.026    -0.6275   2.795329    -0.6265   2.795329    7.43015    -0.0749    13.8155 0.0000e+00  -62.23033  -58.11667 1152342811 189.301082    34.2321      69780         21  0.000e+00
     49.960    -0.6272   2.795358    -0.6266   2.795340    7.43001    -0.0964    13.8155 0.0000e+00  -62.23033  -58.11667 1152342811 189.301082    34.2322      69781         21  0.000e+00
     50.026    -0.6275   2.795338    -0.6266   2.795341    7.43014    -0.0964    13.8155 0.0000e+00  -62.23033  -58.11667 1152342811 189.301083    34.2323      69782         21  0.000e+00
     50.026    -0.6275   2.795342    -0.6266   2.795317    7.43481    -0.0964    13.8155 0.0000e+00  -62.23033  -58.11667 1152342812 189.301083    34.2323      69783         21  0.000e+00
     49.960    -0.6275   2.795365    -0.6264   2.795346    7.43471    -0.0964    13.8155 0.0000e+00  -62.23033  -58.11667 1152342812 189.301084    34.2326      69784         21  0.000e+00
     50.026    -0.6277   2.795352    -0.6267   2.795364    7.43015    -0.0857    13.8155 0.0000e+00  -62.23033  -58.11667 1152342812 189.301084    34.2326      69785         21  0.000e+00
     50.026    -0.6274   2.795348    -0.6266   2.795346    7.43011    -0.0534    13.8155 0.0000e+00  -62.23033  -58.11667 1152342812 189.301085    34.2322      69786         21  0.000e+00
     49.960    -0.6275   2.795348    -0.6263   2.795323    7.43006    -0.0211    13.8155 0.0000e+00  -62.23033  -58.11667 1152342812 189.301085    34.2324      69787         21  0.000e+00
     50.026    -0.6271   2.795332    -0.6264   2.795352    7.43008    -0.0534    13.8155 0.0000e+00  -62.23033  -58.11667 1152342812 189.301086    34.2317      69788         21  0.000e+00
     49.960    -0.6272   2.795358    -0.6266   2.795346    7.43468    -0.0642    13.8155 0.0000e+00  -62.23033  -58.11667 1152342812 189.301086    34.2322      69789         21  0.000e+00
     50.026    -0.6273   2.795352    -0.6267   2.795341    7.43476    -0.0319    13.8155 0.0000e+00  -62.23033  -58.11667 1152342812 189.301087    34.2322      69790         21  0.000e+00
     49.960    -0.6272   2.795388    -0.6267   2.795358    7.43466    -0.0319    13.8155 0.0000e+00  -62.23033  -58.11667 1152342812 189.301087    34.2326      69791         21  0.000e+00
     50.026    -0.6275   2.795362    -0.6263   2.795364    7.43012    -0.0749    13.8155 0.0000e+00  -62.23033  -58.11667 1152342812 189.301087    34.2326      69792         21  0.000e+00
     50.026    -0.6272   2.795365    -0.6266   2.795346    7.43007    -0.0964    13.8155 0.0000e+00  -62.23033  -58.11667 1152342812 189.301088    34.2323      69793         21  0.000e+00
     49.960    -0.6271   2.795352    -0.6266   2.795340    7.43466    -0.0964    13.8155 0.0000e+00  -62.23033  -58.11667 1152342812 189.301088    34.2320      69794         21  0.000e+00
     50.026    -0.6271   2.795348    -0.6263   2.795317    7.43474    -0.0964    13.8155 0.0000e+00  -62.23033  -58.11667 1152342812 189.301089    34.2319      69795         21  0.000e+00
     50.026    -0.6273   2.795365    -0.6266   2.795329    7.43475    -0.0534    13.8155 0.0000e+00  -62.23033  -58.11667 1152342812 189.301089    34.2323      69796         21  0.000e+00
     50.027    -0.6274   2.795352    -0.6266   2.795358    7.43478    -0.0319    13.8155 0.0000e+00  -62.23033  -58.11667 1152342812 189.301090    34.2322      69797         21  0.000e+00
     50.027    -0.6275   2.795348    -0.6267   2.795346    7.43480    -0.0319    13.8155 0.0000e+00  -62.23033  -58.11667 1152342812 189.301090    34.2324      69798         21  0.000e+00
     50.027    -0.6277   2.795365    -0.6270   2.795323    7.43481    -0.0319    13.8155 0.0000e+00  -62.23033  -58.11667 1152342812 189.301091    34.2328      69799         21  0.000e+00
     50.027    -0.6271   2.795372    -0.6269   2.795335    7.43472    -0.0426    13.8155 0.0000e+00  -62.23033  -58.11667 1152342812 189.301091    34.2322      69800         21  0.000e+00
     50.027    -0.6271   2.795372    -0.6270   2.795340    7.43472    -0.0319    13.8155 0.0000e+00  -62.23033  -58.11667 1152342812 189.301092    34.2322      69801         21  0.000e+00
     50.027    -0.6270   2.795338    -0.6267   2.795358    7.43473    -0.0319    13.8155 0.0000e+00  -62.23033  -58.11667 1152342812 189.301092    34.2316      69802         21  0.000e+00
     50.027    -0.6274   2.795329    -0.6269   2.795346    7.43479    -0.0319    13.8155 0.0000e+00  -62.23033  -58.11667 1152342812 189.301093    34.2319      69803         21  0.000e+00
     50.103    -0.6274   2.795358    -0.6264   2.795306    7.43485    -0.0426    13.8155 0.0000e+00  -62.23033  -58.11667 1152342812 189.301093    34.2323      69804         21  0.000e+00
