product_data/regression_test/downloaded_data/MGDS/320620060703/ctd/p6609303.ros
* Sea-Bird SBE 9 Data File:
* FileName = D:\Data\Raw\P6609303.dat
* Software Version Seasave Win32 V 5.32
* Temperature SN = 1649
* Conductivity SN = 1431
* Number of Bytes Per Scan = 37
* Number of Voltage Words = 5
* Number of Scans Averaged by the Deck Unit = 1
* NMEA Latitude = 61 07.51 S
* NMEA Longitude = 058 05.60 W
* NMEA UTC (Time) = 00:05:51
** Ship:   Nathaniel B. Palmer nbp
** Cruise:    NBP0603 nbp0606
** Cast #: 01
** Station:   93
** Operator: yz
# nquan = 17
# nvalues = 1176                    
# units = specified
# name 0 = prDM: Pressure, Digiquartz [db]
# name 1 = t090C: Temperature [ITS-90, deg C]
# name 2 = c0S/m: Conductivity [S/m]
# name 3 = t190C: Temperature, 2 [ITS-90, deg C]
# name 4 = c1S/m: Conductivity, 2 [S/m]
# name 5 = sbeox0ML/L: Oxygen, SBE 43 [ml/l]
# name 6 = flECO-AFL: Fluorescence, Wetlab ECO-AFL/FL [mg/m^3]
# name 7 = bat: Beam Attenuation, Chelsea/Seatech/Wetlab CStar [1/m]
# name 8 = spar: SPAR/Surface Irradiance
# name 9 = latitude: Latitude [deg]
# name 10 = longitude: Longitude [deg]
# name 11 = timeY: Time, System [seconds]
# name 12 = timeJ: Julian Days
# name 13 = sal00: Salinity [PSU]
# name 14 = scan: scan number
# name 15 = nbf: number of bottles fired
# name 16 = flag:  0.000e+00
# interval = seconds: 0.0416667                   
# start_time = Jul 11 2006 00:05:59
*END*
[from data line 937]
     48.894    -0.6940   2.769557    -0.6936   2.769921    7.92546     0.1833    13.8155 0.0000e+00  -61.12517  -58.09333 1152579902 192.045189    33.9596      85088         20  0.000e+00
     48.684    -0.6936   2.769560    -0.6933   2.769904    7.92516     0.1403    13.8155 0.0000e+00  -61.12517  -58.09333 1152579902 192.045189    33.9593      85089         20  0.000e+00
     48.751    -0.6935   2.769586    -0.6935   2.769921    7.92521     0.0972    13.8155 0.0000e+00  -61.12517  -58.09333 1152579902 192.045190    33.9596      85090         20  0.000e+00
     48.751    -0.6938   2.769593    -0.6935   2.769904    7.92526     0.0757    13.8155 0.0000e+00  -61.12517  -58.09333 1152579902 192.045190    33.9600      85091         20  0.000e+00
     48.684    -0.6937   2.769573    -0.6933   2.769915    7.92517     0.1188    13.8155 0.0000e+00  -61.12517  -58.09333 1152579902 192.045190    33.9596      85092         20  0.000e+00
     48.684    -0.6941   2.769550    -0.6938   2.769927    7.92526     0.1618    13.8155 0.0000e+00  -61.12517  -58.09333 1152579902 192.045191    33.9598      85093         20  0.000e+00
     48.684    -0.6936   2.769560    -0.6933   2.769921    7.92516     0.1403    13.8155 0.0000e+00  -61.12517  -58.09333 1152579902 192.045191    33.9593      85094         20  0.000e+00
     48.684    -0.6941   2.769586    -0.6938   2.769921    7.92523     0.1188    13.8155 0.0000e+00  -61.12517  -58.09333 1152579902 192.045192    33.9603      85095         20  0.000e+00
     48.684    -0.6941   2.769557    -0.6935   2.769927    7.92525     0.1295    13.8155 0.0000e+00  -61.12517  -58.09333 1152579903 192.045192    33.9599      85096         20  0.000e+00
     48.617    -0.6941   2.769563    -0.6936   2.769921    7.92518     0.1403    13.8155 0.0000e+00  -61.12517  -58.09333 1152579903 192.045193    33.9600      85097         20  0.000e+00
     48.684    -0.6943   2.769550    -0.6940   2.769904    7.92529     0.1403    13.8155 0.0000e+00  -61.12517  -58.09333 1152579903 192.045193    33.9600      85098         20  0.000e+00
     48.617    -0.6941   2.769563    -0.6938   2.769915    7.92518     0.1403    13.8155 0.0000e+00  -61.12517  -58.09333 1152579903 192.045194    33.9600      85099         20  0.000e+00
     48.617    -0.6943   2.769570    -0.6938   2.769927    7.92520     0.1403    13.8155 0.0000e+00  -61.12517  -58.09333 1152579903 192.045194    33.9603      85100         20  0.000e+00
     48.618    -0.6943   2.769534    -0.6938   2.769904    7.92523     0.0972    13.8155 0.0000e+00  -61.12517  -58.09333 1152579903 192.045195    33.9598      85101         20  0.000e+00
     48.684    -0.6941   2.769557    -0.6938   2.769898    7.92525     0.1188    13.8155 0.0000e+00  -61.12517  -58.09333 1152579903 192.045195    33.9599      85102         20  0.000e+00
     48.618    -0.6943   2.769583    -0.6939   2.769881    7.92519     0.1188    13.8155 0.0000e+00  -61.12517  -58.09333 1152579903 192.045196    33.9605      85103         20  0.000e+00
     48.618    -0.6944   2.769573    -0.6940   2.769869    7.92522     0.1188    13.8155 0.0000e+00  -61.12517  -58.09333 1152579903 192.045196    33.9605      85104         20  0.000e+00
     48.618    -0.6944   2.769586    -0.6938   2.769886    7.92521     0.0972    13.8155 0.0000e+00  -61.12517  -58.09333 1152579903 192.045197    33.9607      85105         20  0.000e+00
     48.618    -0.6940   2.769557    -0.6943   2.769863    7.92516     0.0542    13.8155 0.0000e+00  -61.12517  -58.09333 1152579903 192.045197    33.9598      85106         20  0.000e+00
     48.618    -0.6941   2.769543    -0.6938   2.769886    7.92519     0.1403    13.8155 0.0000e+00  -61.12517  -58.09333 1152579903 192.045198    33.9598      85107         20  0.000e+00
     48.618    -0.6945   2.769527    -0.6943   2.769898    7.92526     0.1510    13.8155 0.0000e+00  -61.12517  -58.09333 1152579903 192.045198    33.9600      85108         20  0.000e+00
     48.684    -0.6943   2.769540    -0.6941   2.769881    7.92529     0.1188    13.8155 0.0000e+00  -61.12517  -58.09333 1152579903 192.045199    33.9599      85109         20  0.000e+00
     48.618    -0.6943   2.769527    -0.6940   2.769892    7.92523     0.0757    13.8155 0.0000e+00  -61.12517  -58.09333 1152579903 192.045199    33.9597      85110         20  0.000e+00
     48.618    -0.6946   2.769524    -0.6942   2.769915    7.92528     0.0757    13.8155 0.0000e+00  -61.12517  -58.09333 1152579903 192.045200    33.9600      85111         20  0.000e+00
     48.684    -0.6946   2.769553    -0.6941   2.769881    7.92533     0.0650    13.8155 0.0000e+00  -61.12517  -58.09333 1152579903 192.045200    33.9604      85112         20  0.000e+00
     48.684    -0.6946   2.769534    -0.6944   2.769892    7.92535     0.1080    13.8155 0.0000e+00  -61.12517  -58.09333 1152579903 192.045201    33.9602      85113         20  0.000e+00
     48.684    -0.6949   2.769507    -0.6938   2.769898    7.92541     0.1510    13.8155 0.0000e+00  -61.12517  -58.09333 1152579903 192.045201    33.9601      85114         20  0.000e+00
     48.618    -0.6944   2.769534    -0.6939   2.769898    7.92525     0.1510    13.8155 0.0000e+00  -61.12517  -58.09333 1152579903 192.045202    33.9600      85115         20  0.000e+00
     48.684    -0.6948   2.769544    -0.6936   2.769921    7.92536     0.1080    13.8155 0.0000e+00  -61.12517  -58.09333 1152579903 192.045202    33.9604      85116         20  0.000e+00
     48.751    -0.6948   2.769527    -0.6942   2.769904    7.92546     0.0972    13.8155 0.0000e+00  -61.12517  -58.09333 1152579903 192.045203    33.9602      85117         20  0.000e+00
     48.684    -0.6944   2.769557    -0.6941   2.769898    7.92530     0.1188    13.8155 0.0000e+00  -61.12517  -58.09333 1152579903 192.045203    33.9602      85118         20  0.000e+00
     48.751    -0.6940   2.769570    -0.6936   2.769898    7.92530     0.1188    13.8155 0.0000e+00  -61.12517  -58.09333 1152579903 192.045204    33.9599      85119         20  0.000e+00
     48.685    -0.6943   2.769550    -0.6938   2.769898    7.92529     0.1188    13.8155 0.0000e+00  -61.12517  -58.09333 1152579903 192.045204    33.9600      85120         20  0.000e+00
     48.751    -0.6951   2.769544    -0.6936   2.769915    7.92549     0.1080    13.8155 0.0000e+00  -61.12517  -58.09333 1152579904 192.045204    33.9607      85121         20  0.000e+00
     48.751    -0.6946   2.769544    -0.6933   2.769921    7.92542     0.1188    13.8155 0.0000e+00  -61.12517  -58.09333 1152579904 192.045205    33.9603      85122         20  0.000e+00
     48.828    -0.6941   2.769547    -0.6936   2.769927    7.92542     0.0972    13.8155 0.0000e+00  -61.12517  -58.09333 1152579904 192.045205    33.9597      85123         20  0.000e+00
     48.751    -0.6944   2.769547    -0.6941   2.769921    7.92539     0.0865    13.8155 0.0000e+00  -61.12517  -58.09333 1152579904 192.045206    33.9601      85124         20  0.000e+00
     48.828    -0.6943   2.769560    -0.6938   2.769921    7.92544     0.0972    13.8155 0.0000e+00  -61.12517  -58.09333 1152579904 192.045206    33.9600      85125         20  0.000e+00
     48.828    -0.6949   2.769517    -0.6943   2.769927    7.92556     0.1726    13.8155 0.0000e+00  -61.12517  -58.09333 1152579904 192.045207    33.9601      85126         20  0.000e+00
     48.894    -0.6950   2.769517    -0.6939   2.769944    7.92565     0.1403    13.8155 0.0000e+00  -61.12517  -58.09333 1152579904 192.045207    33.9602      85127         20  0.000e+00
     48.894    -0.6949   2.769507    -0.6941   2.769927    7.92565     0.1510    13.8155 0.0000e+00  -61.12517  -58.09333 1152579904 192.045208    33.9600      85128         20  0.000e+00
     48.828    -0.6954   2.769517    -0.6938   2.769927    7.92564     0.1833    13.8155 0.0000e+00  -61.12517  -58.09333 1152579904 192.045208    33.9607      85129         20  0.000e+00
     48.961    -0.6948   2.769537    -0.6936   2.769944    7.92567     0.1618    13.8155 0.0000e+00  -61.12517  -58.09333 1152579904 192.045209    33.9602      85130         20  0.000e+00
     30.344    -0.7102   2.767406    -0.7101   2.767710    7.93722     0.1833    13.8155 0.0000e+00  -61.12517  -58.09333 1152579978 192.046067    33.9603      86909         21  0.000e+00
     30.211    -0.7099   2.767389    -0.7103   2.767704    7.93704     0.1833    13.8155 0.0000e+00  -61.12517  -58.09333 1152579978 192.046067    33.9598      86910         21  0.000e+00
     30.497    -0.7099   2.767412    -0.7099   2.767704    7.93733     0.1726    13.8155 0.0000e+00  -61.12517  -58.09333 1152579978 192.046068    33.9598      86911         21  0.000e+00
     30.421    -0.7095   2.767393    -0.7099   2.767721    7.93720     0.1726    13.8155 0.0000e+00  -61.12517  -58.09333 1152579978 192.046068    33.9592      86912         21  0.000e+00
     30.201    -0.7096   2.767402    -0.7101   2.767733    7.93697     0.1833    13.8155 0.0000e+00  -61.12517  -58.09333 1152579978 192.046069    33.9596      86913         21  0.000e+00
     30.421    -0.7099   2.767419    -0.7102   2.767727    7.93724     0.1833    13.8155 0.0000e+00  -61.12517  -58.09333 1152579978 192.046069    33.9600      86914         21  0.000e+00
     30.278    -0.7096   2.767429    -0.7101   2.767692    7.93703     0.1403    13.8155 0.0000e+00  -61.12517  -58.09333 1152579978 192.046070    33.9599      86915         21  0.000e+00
     30.268    -0.7095   2.767432    -0.7098   2.767716    7.93700     0.1833    13.8155 0.0000e+00  -61.12517  -58.09333 1152579978 192.046070    33.9598      86916         21  0.000e+00
     30.278    -0.7099   2.767442    -0.7099   2.767710    7.93707     0.1833    13.8155 0.0000e+00  -61.12517  -58.09333 1152579978 192.046071    33.9604      86917         21  0.000e+00
     30.278    -0.7097   2.767416    -0.7098   2.767721    7.93707     0.1618    13.8155 0.0000e+00  -61.12517  -58.09333 1152579978 192.046071    33.9599      86918         21  0.000e+00
     30.201    -0.7097   2.767409    -0.7093   2.767727    7.93699     0.1403    13.8155 0.0000e+00  -61.12517  -58.09333 1152579978 192.046072    33.9599      86919         21  0.000e+00
     30.278    -0.7102   2.767399    -0.7095   2.767692    7.93716     0.0865    13.8155 0.0000e+00  -61.12517  -58.09333 1152579978 192.046072    33.9602      86920         21  0.000e+00
     30.211    -0.7097   2.767406    -0.7099   2.767716    7.93700     0.0865    13.8155 0.0000e+00  -61.12517  -58.09333 1152579978 192.046073    33.9598      86921         21  0.000e+00
     30.211    -0.7096   2.767409    -0.7099   2.767750    7.93698     0.1188    13.8155 0.0000e+00  -61.12517  -58.09333 1152579978 192.046073    33.9597      86922         21  0.000e+00
     30.135    -0.7101   2.767383    -0.7101   2.767716    7.93698     0.1188    13.8155 0.0000e+00  -61.12517  -58.09333 1152579978 192.046073    33.9599      86923         21  0.000e+00
     30.211    -0.7097   2.767399    -0.7097   2.767721    7.93700     0.1188    13.8155 0.0000e+00  -61.12517  -58.09333 1152579979 192.046074    33.9597      86924         21  0.000e+00
     30.144    -0.7104   2.767409    -0.7093   2.767768    7.93702     0.0865    13.8155 0.0000e+00  -61.12517  -58.09333 1152579979 192.046074    33.9606      86925         21  0.000e+00
     30.135    -0.7099   2.767399    -0.7094   2.767762    7.93695     0.0865    13.8155 0.0000e+00  -61.12517  -58.09333 1152579979 192.046075    33.9600      86926         21  0.000e+00
     30.144    -0.7099   2.767389    -0.7092   2.767756    7.93696     0.0865    13.8155 0.0000e+00  -61.12517  -58.09333 1152579979 192.046075    33.9598      86927         21  0.000e+00
     30.144    -0.7097   2.767402    -0.7093   2.767756    7.93693     0.1295    13.8155 0.0000e+00  -61.12517  -58.09333 1152579979 192.046076    33.9598      86928         21  0.000e+00
     30.068    -0.7107   2.767399    -0.7091   2.767773    7.93700     0.1618    13.8155 0.0000e+00  -61.12517  -58.09333 1152579979 192.046076    33.9609      86929         21  0.000e+00
     30.059    -0.7105   2.767373    -0.7093   2.767721    7.93698     0.1618    13.8155 0.0000e+00  -61.12517  -58.09333 1152579979 192.046077    33.9603      86930         21  0.000e+00
     30.068    -0.7103   2.767330    -0.7094   2.767739    7.93699     0.1403    13.8155 0.0000e+00  -61.12517  -58.09333 1152579979 192.046077    33.9595      86931         21  0.000e+00
     30.068    -0.7104   2.767346    -0.7096   2.767739    7.93699     0.1403    13.8155 0.0000e+00  -61.12517  -58.09333 1152579979 192.046078    33.9598      86932         21  0.000e+00
     29.992    -0.7105   2.767346    -0.7093   2.767727    7.93692     0.1295    13.8155 0.0000e+00  -61.12517  -58.09333 1152579979 192.046078    33.9600      86933         21  0.000e+00
     30.068    -0.7108   2.767360    -0.7097   2.767744    7.93704     0.0972    13.8155 0.0000e+00  -61.12517  -58.09333 1152579979 192.046079    33.9604      86934         21  0.000e+00
     30.001    -0.7105   2.767373    -0.7096   2.767715    7.93692     0.0972    13.8155 0.0000e+00  -61.12517  -58.09333 1152579979 192.046079    33.9604      86935         21  0.000e+00
     29.935    -0.7105   2.767350    -0.7100   2.767721    7.93686     0.1188    13.8155 0.0000e+00  -61.12517  -58.09333 1152579979 192.046080    33.9601      86936         21  0.000e+00
     29.992    -0.7099   2.767373    -0.7096   2.767727    7.93680     0.1188    13.8155 0.0000e+00  -61.12517  -58.09333 1152579979 192.046080    33.9596      86937         21  0.000e+00
     29.935    -0.7101   2.767376    -0.7096   2.767733    7.93677     0.1188    13.8155 0.0000e+00  -61.12517  -58.09333 1152579979 192.046081    33.9599      86938         21  0.000e+00
     29.935    -0.7099   2.767383    -0.7093   2.767710    7.93674     0.1403    13.8155 0.0000e+00  -61.12517  -58.09333 1152579979 192.046081    33.9599      86939         21  0.000e+00
     29.916    -0.7099   2.767402    -0.7095   2.767739    7.93670     0.1618    13.8155 0.0000e+00  -61.12517  -58.09333 1152579979 192.046082    33.9601      86940         21  0.000e+00
     29.935    -0.7099   2.767383    -0.7097   2.767733    7.93673     0.1618    13.8155 0.0000e+00  -61.12517  -58.09333 1152579979 192.046082    33.9598      86941         21  0.000e+00
     29.859    -0.7096   2.767383    -0.7093   2.767727    7.93661     0.1726    13.8155 0.0000e+00  -61.12517  -58.09333 1152579979 192.046083    33.9595      86942         21  0.000e+00
     29.916    -0.7099   2.767435    -0.7093   2.767733    7.93668     0.1403    13.8155 0.0000e+00  -61.12517  -58.09333 1152579979 192.046083    33.9606      86943         21  0.000e+00
     29.859    -0.7097   2.767412    -0.7095   2.767727    7.93660     0.1188    13.8155 0.0000e+00  -61.12517  -58.09333 1152579979 192.046084    33.9601      86944         21  0.000e+00
     29.792    -0.7093   2.767455    -0.7093   2.767710    7.93643     0.1295    13.8155 0.0000e+00  -61.12517  -58.09333 1152579979 192.046084    33.9602      86945         21  0.000e+00
     29.859    -0.7101   2.767458    -0.7094   2.767739    7.93662     0.0972    13.8155 0.0000e+00  -61.12517  -58.09333 1152579979 192.046085    33.9611      86946         21  0.000e+00
     29.782    -0.7099   2.767412    -0.7092   2.767715    7.93654     0.1295    13.8155 0.0000e+00  -61.12517  -58.09333 1152579979 192.046085    33.9603      86947         21  0.000e+00
     29.859    -0.7101   2.767389    -0.7096   2.767686    7.94135     0.1726    13.8155 0.0000e+00  -61.12517  -58.09333 1152579980 192.046086    33.9602      86948         21  0.000e+00
     29.792    -0.7102   2.767386    -0.7096   2.767715    7.93663     0.1726    13.8155 0.0000e+00  -61.12517  -58.09333 1152579980 192.046086    33.9603      86949         21  0.000e+00
