product_data/regression_test/downloaded_data/MGDS/320620060703/ctd/p6608401.ros
* Sea-Bird SBE 9 Data File:
* FileName = D:\Data\Raw\P6608401.dat
* Software Version Seasave Win32 V 5.32
* Temperature SN = 1649
* Conductivity SN = 1431
* Number of Bytes Per Scan = 37
* Number of Voltage Words = 5
* Number of Scans Averaged by the Deck Unit = 1
* NMEA Latitude = 61 43.33 S
* NMEA Longitude = 057 38.91 W
* NMEA UTC (Time) = 00:42:37
** Ship:   Nathaniel B. Palmer 
** Cruise:    NBP0603 p0606
** Cast #: 01
** Station:   84
** Operator: 
# nquan = 17
# nvalues = 1145                    
# units = specified
# name 0 = prDM: Pressure, Digiquartz [db]
# name 1 = t090C: Temperature [ITS-90, deg C]
# name 2 = c0S/m: Conductivity [S/m]
# name 3 = t190C: Temperature, 2 [ITS-90, deg C]
# name 4 = c1S/m: Conductivity, 2 [S/m]
# name 5 = sbeox0ML/L: Oxygen, SBE 43 [ml/l]
# name 6 = flECO-AFL: Fluorescence, Wetlab ECO-AFL/FL [mg/m^3]
# name 7 = bat: Beam Attenuation, Chelsea/Seatech/Wetlab CStar [1/m]
# name 8 = spar: SPAR/Surface Irradiance
# name 9 = latitude: Latitude [deg]
# name 10 = longitude: Longitude [deg]
# name 11 = timeY: Time, System [seconds]
# name 12 = timeJ: Julian Days
# name 13 = sal00: Salinity [PSU]
# name 14 = scan: scan number
# name 15 = nbf: number of bottles fired
# name 16 = flag:  0.000e+00
# interval = seconds: 0.0416667                   
# start_time = Jul 10 2006 00:42:45
*END*
[from data line 171]
    250.972    -0.3099   2.839841    -0.3132   2.839726    6.72415    -0.0534    13.8155 0.0000e+00  -61.72217  -57.64850 1152492984 191.039183    34.3478      19691          4  0.000e+00
    251.049    -0.3099   2.839841    -0.3135   2.839750    6.72422    -0.0857    13.8155 0.0000e+00  -61.72217  -57.64850 1152492984 191.039184    34.3478      19692          4  0.000e+00
    250.972    -0.3105   2.839744    -0.3134   2.839709    6.72429    -0.0857    13.8155 0.0000e+00  -61.72217  -57.64850 1152492984 191.039184    34.3472      19693          4  0.000e+00
    250.972    -0.3116   2.839675    -0.3141   2.839715    6.72448    -0.0534    13.8155 0.0000e+00  -61.72217  -57.64850 1152492984 191.039185    34.3476      19694          4  0.000e+00
    250.972    -0.3121   2.839625    -0.3136   2.839709    6.72457    -0.0426    13.8155 0.0000e+00  -61.72217  -57.64850 1152492984 191.039185    34.3474      19695          4  0.000e+00
    250.972    -0.3128   2.839565    -0.3140   2.839715    6.72472    -0.0749    13.8155 0.0000e+00  -61.72217  -57.64850 1152492984 191.039185    34.3475      19696          4  0.000e+00
    250.972    -0.3139   2.839495    -0.3141   2.839685    6.72491    -0.0964    13.8155 0.0000e+00  -61.72217  -57.64850 1152492984 191.039186    34.3478      19697          4  0.000e+00
    250.972    -0.3147   2.839485    -0.3143   2.839645    6.72502    -0.1287    13.8155 0.0000e+00  -61.72217  -57.64850 1152492984 191.039186    34.3485      19698          4  0.000e+00
    250.972    -0.3150   2.839428    -0.3150   2.839598    6.72509    -0.0857    13.8155 0.0000e+00  -61.72217  -57.64850 1152492984 191.039187    34.3481      19699          4  0.000e+00
    250.905    -0.3147   2.839458    -0.3149   2.839574    6.72497    -0.0749    13.8155 0.0000e+00  -61.72217  -57.64850 1152492984 191.039187    34.3482      19700          4  0.000e+00
    250.972    -0.3153   2.839392    -0.3150   2.839580    6.72516    -0.1072    13.8155 0.0000e+00  -61.72217  -57.64850 1152492984 191.039188    34.3480      19701          4  0.000e+00
    250.905    -0.3159   2.839345    -0.3154   2.839586    6.72997    -0.0964    13.8155 0.0000e+00  -61.72217  -57.64850 1152492984 191.039188    34.3481      19702          4  0.000e+00
    250.896    -0.3159   2.839332    -0.3158   2.839533    6.72521    -0.0749    13.8155 0.0000e+00  -61.72217  -57.64850 1152492984 191.039189    34.3479      19703          4  0.000e+00
    250.905    -0.3159   2.839318    -0.3155   2.839528    6.72523    -0.0426    13.8155 0.0000e+00  -61.72217  -57.64850 1152492984 191.039189    34.3477      19704          4  0.000e+00
    250.896    -0.3158   2.839335    -0.3150   2.839551    6.72994    -0.0964    13.8155 0.0000e+00  -61.72217  -57.64850 1152492984 191.039190    34.3478      19705          4  0.000e+00
    250.905    -0.3156   2.839322    -0.3154   2.839569    6.72993    -0.1072    13.8155 0.0000e+00  -61.72217  -57.64850 1152492984 191.039190    34.3474      19706          4  0.000e+00
    250.829    -0.3156   2.839342    -0.3154   2.839539    6.72510    -0.1072    13.8155 0.0000e+00  -61.72217  -57.64850 1152492984 191.039191    34.3477      19707          4  0.000e+00
    250.838    -0.3155   2.839378    -0.3153   2.839592    6.72507    -0.1180    13.8155 0.0000e+00  -61.72217  -57.64850 1152492984 191.039191    34.3481      19708          4  0.000e+00
    250.896    -0.3152   2.839368    -0.3149   2.839580    6.72508    -0.1072    13.8155 0.0000e+00  -61.72217  -57.64850 1152492984 191.039192    34.3475      19709          4  0.000e+00
    250.762    -0.3149   2.839345    -0.3149   2.839604    6.72969    -0.0642    13.8155 0.0000e+00  -61.72217  -57.64850 1152492984 191.039192    34.3469      19710          4  0.000e+00
    250.829    -0.3155   2.839322    -0.3147   2.839598    6.72985    -0.0426    13.8155 0.0000e+00  -61.72217  -57.64850 1152492984 191.039193    34.3473      19711          4  0.000e+00
    250.838    -0.3159   2.839275    -0.3144   2.839609    6.72995    -0.0857    13.8155 0.0000e+00  -61.72217  -57.64850 1152492985 191.039193    34.3472      19712          4  0.000e+00
    250.762    -0.3156   2.839302    -0.3143   2.839650    6.72506    -0.0749    13.8155 0.0000e+00  -61.72217  -57.64850 1152492985 191.039194    34.3472      19713          4  0.000e+00
    250.838    -0.3155   2.839335    -0.3144   2.839656    6.72509    -0.0857    13.8155 0.0000e+00  -61.72217  -57.64850 1152492985 191.039194    34.3475      19714          4  0.000e+00
    250.762    -0.3163   2.839322    -0.3146   2.839621    6.72513    -0.0319    13.8155 0.0000e+00  -61.72217  -57.64850 1152492985 191.039195    34.3482      19715          4  0.000e+00
    174.647    -0.5290   2.809930    -0.5335   2.809533    7.24131    -0.0104    13.8155 0.0000e+00  -61.72217  -57.64850 1152493115 191.040698    34.2406      22833          5  0.000e+00
    174.695    -0.5282   2.809883    -0.5332   2.809585    7.23654    -0.0211    13.8155 0.0000e+00  -61.72217  -57.64850 1152493115 191.040699    34.2391      22834          5  0.000e+00
    174.580    -0.5287   2.809834    -0.5326   2.809620    7.23653    -0.0319    13.8155 0.0000e+00  -61.72217  -57.64850 1152493115 191.040699    34.2390      22835          5  0.000e+00
    174.723    -0.5288   2.809814    -0.5334   2.809591    7.24144    -0.0534    13.8155 0.0000e+00  -61.72217  -57.64850 1152493115 191.040700    34.2388      22836          5  0.000e+00
    174.647    -0.5291   2.809800    -0.5338   2.809533    7.23668    -0.0426    13.8155 0.0000e+00  -61.72217  -57.64850 1152493115 191.040700    34.2390      22837          5  0.000e+00
    174.723    -0.5291   2.809800    -0.5342   2.809521    7.24149    -0.0211    13.8155 0.0000e+00  -61.72217  -57.64850 1152493115 191.040701    34.2390      22838          5  0.000e+00
    174.695    -0.5296   2.809781    -0.5342   2.809538    7.23681    -0.0534    13.8155 0.0000e+00  -61.72217  -57.64850 1152493115 191.040701    34.2393      22839          5  0.000e+00
    174.790    -0.5293   2.809751    -0.5341   2.809527    7.23688    -0.0534    13.8155 0.0000e+00  -61.72217  -57.64850 1152493115 191.040702    34.2385      22840          5  0.000e+00
    174.723    -0.5297   2.809718    -0.5337   2.809521    7.23690    -0.0104    13.8155 0.0000e+00  -61.72217  -57.64850 1152493115 191.040702    34.2386      22841          5  0.000e+00
    174.723    -0.5304   2.809691    -0.5338   2.809521    7.24175    -0.0104    13.8155 0.0000e+00  -61.72217  -57.64850 1152493115 191.040703    34.2389      22842          5  0.000e+00
    174.790    -0.5302   2.809718    -0.5335   2.809521    7.24177    -0.0211    13.8155 0.0000e+00  -61.72217  -57.64850 1152493115 191.040703    34.2391      22843          5  0.000e+00
    174.771    -0.5296   2.809747    -0.5338   2.809556    7.24165    -0.0104    13.8155 0.0000e+00  -61.72217  -57.64850 1152493115 191.040704    34.2388      22844          5  0.000e+00
    174.857    -0.5294   2.809711    -0.5337   2.809573    7.24173    -0.0534    13.8155 0.0000e+00  -61.72217  -57.64850 1152493115 191.040704    34.2381      22845          5  0.000e+00
    174.790    -0.5296   2.809774    -0.5340   2.809538    7.24165    -0.0749    13.8155 0.0000e+00  -61.72217  -57.64850 1152493115 191.040705    34.2391      22846          5  0.000e+00
    174.790    -0.5290   2.809817    -0.5335   2.809544    7.24153    -0.0857    13.8155 0.0000e+00  -61.72217  -57.64850 1152493115 191.040705    34.2390      22847          5  0.000e+00
    174.857    -0.5291   2.809738    -0.5340   2.809568    7.24167    -0.0534    13.8155 0.0000e+00  -61.72217  -57.64850 1152493115 191.040706    34.2381      22848          5  0.000e+00
    174.857    -0.5301   2.809651    -0.5335   2.809591    7.24187    -0.0426    13.8155 0.0000e+00  -61.72217  -57.64850 1152493115 191.040706    34.2380      22849          5  0.000e+00
    174.905    -0.5310   2.809572    -0.5332   2.809562    7.24210    -0.0319    13.8155 0.0000e+00  -61.72217  -57.64850 1152493115 191.040707    34.2379      22850          5  0.000e+00
    174.857    -0.5319   2.809466    -0.5328   2.809591    7.24226    -0.0319    13.8155 0.0000e+00  -61.72217  -57.64850 1152493115 191.040707    34.2376      22851          5  0.000e+00
    174.934    -0.5322   2.809439    -0.5326   2.809620    7.24240    -0.0319    13.8155 0.0000e+00  -61.72217  -57.64850 1152493115 191.040707    34.2375      22852          5  0.000e+00
    174.934    -0.5327   2.809380    -0.5331   2.809608    7.24251    -0.0642    13.8155 0.0000e+00  -61.72217  -57.64850 1152493115 191.040708    34.2373      22853          5  0.000e+00
    174.934    -0.5333   2.809350    -0.5328   2.809603    7.24261    -0.0749    13.8155 0.0000e+00  -61.72217  -57.64850 1152493115 191.040708    34.2375      22854          5  0.000e+00
    174.982    -0.5331   2.809350    -0.5314   2.809719    7.24264    -0.0426    13.8155 0.0000e+00  -61.72217  -57.64850 1152493115 191.040709    34.2373      22855          5  0.000e+00
    175.001    -0.5333   2.809433    -0.5305   2.809865    7.24263    -0.0211    13.8155 0.0000e+00  -61.72217  -57.64850 1152493116 191.040709    34.2386      22856          5  0.000e+00
    175.001    -0.5328   2.809535    -0.5302   2.809894    7.24249    -0.0534    13.8155 0.0000e+00  -61.72217  -57.64850 1152493116 191.040710    34.2395      22857          5  0.000e+00
    175.001    -0.5319   2.809588    -0.5305   2.809894    7.24232    -0.0534    13.8155 0.0000e+00  -61.72217  -57.64850 1152493116 191.040710    34.2391      22858          5  0.000e+00
    175.001    -0.5315   2.809612    -0.5302   2.809894    7.24698    -0.0749    13.8155 0.0000e+00  -61.72217  -57.64850 1152493116 191.040711    34.2389      22859          5  0.000e+00
    175.115    -0.5310   2.809651    -0.5305   2.809911    7.24700    -0.0426    13.8155 0.0000e+00  -61.72217  -57.64850 1152493116 191.040711    34.2389      22860          5  0.000e+00
    175.077    -0.5307   2.809688    -0.5300   2.809923    7.24689    -0.0642    13.8155 0.0000e+00  -61.72217  -57.64850 1152493116 191.040712    34.2390      22861          5  0.000e+00
    175.077    -0.5308   2.809622    -0.5303   2.809888    7.24222    -0.0642    13.8155 0.0000e+00  -61.72217  -57.64850 1152493116 191.040712    34.2383      22862          5  0.000e+00
    175.077    -0.5309   2.809579    -0.5309   2.809824    7.24225    -0.0319    13.8155 0.0000e+00  -61.72217  -57.64850 1152493116 191.040713    34.2378      22863          5  0.000e+00
    175.144    -0.5310   2.809625    -0.5311   2.809812    7.24230    -0.0319    13.8155 0.0000e+00  -61.72217  -57.64850 1152493116 191.040713    34.2385      22864          5  0.000e+00
    175.115    -0.5308   2.809648    -0.5305   2.809847    7.24224    -0.0319    13.8155 0.0000e+00  -61.72217  -57.64850 1152493116 191.040714    34.2386      22865          5  0.000e+00
    175.211    -0.5307   2.809642    -0.5300   2.809923    7.24706    -0.0749    13.8155 0.0000e+00  -61.72217  -57.64850 1152493116 191.040714    34.2383      22866          5  0.000e+00
    175.144    -0.5309   2.809642    -0.5292   2.809952    7.24702    -0.0319    13.8155 0.0000e+00  -61.72217  -57.64850 1152493116 191.040715    34.2386      22867          5  0.000e+00
    175.211    -0.5313   2.809642    -0.5294   2.809946    7.24715    -0.0211    13.8155 0.0000e+00  -61.72217  -57.64850 1152493116 191.040715    34.2390      22868          5  0.000e+00
    175.211    -0.5305   2.809718    -0.5291   2.810028    7.24698    -0.0211    13.8155 0.0000e+00  -61.72217  -57.64850 1152493116 191.040716    34.2392      22869          5  0.000e+00
    175.259    -0.5304   2.809767    -0.5289   2.810010    7.24698    -0.0319    13.8155 0.0000e+00  -61.72217  -57.64850 1152493116 191.040716    34.2396      22870          5  0.000e+00
    175.211    -0.5296   2.809794    -0.5291   2.809999    7.24680    -0.0319    13.8155 0.0000e+00  -61.72217  -57.64850 1152493116 191.040717    34.2392      22871          5  0.000e+00
    175.287    -0.5294   2.809801    -0.5292   2.809981    7.24685    -0.0319    13.8155 0.0000e+00  -61.72217  -57.64850 1152493116 191.040717    34.2390      22872          5  0.000e+00
    175.287    -0.5291   2.809791    -0.5292   2.809999    7.24681    -0.0319    13.8155 0.0000e+00  -61.72217  -57.64850 1152493116 191.040718    34.2385      22873          5  0.000e+00
    175.287    -0.5290   2.809814    -0.5292   2.809981    7.24677    -0.0104    13.8155 0.0000e+00  -61.72217  -57.64850 1152493116 191.040718    34.2387      22874          5  0.000e+00
    175.335    -0.5293   2.809824    -0.5300   2.809952    7.24686    -0.0211    13.8155 0.0000e+00  -61.72217  -57.64850 1152493117 191.040719    34.2391      22875          5  0.000e+00
    175.354    -0.5290   2.809824    -0.5300   2.809905    7.24683    -0.0426    13.8155 0.0000e+00  -61.72217  -57.64850 1152493117 191.040719    34.2388      22876          5  0.000e+00
    175.287    -0.5293   2.809794    -0.5300   2.809929    7.24683    -0.0319    13.8155 0.0000e+00  -61.72217  -57.64850 1152493117 191.040720    34.2388      22877          5  0.000e+00
    175.354    -0.5291   2.809761    -0.5303   2.809894    7.24690     0.0112    13.8155 0.0000e+00  -61.72217  -57.64850 1152493117 191.040720    34.2381      22878          5  0.000e+00
    175.354    -0.5297   2.809734    -0.5306   2.809888    7.25175     0.0004    13.8155 0.0000e+00  -61.72217  -57.64850 1152493117 191.040720    34.2384      22879          5  0.000e+00
    175.402    -0.5297   2.809731    -0.5312   2.809812    7.24706    -0.0211    13.8155 0.0000e+00  -61.72217  -57.64850 1152493117 191.040721    34.2384      22880          5  0.000e+00
    175.421    -0.5299   2.809705    -0.5325   2.809667    7.24712    -0.0749    13.8155 0.0000e+00  -61.72217  -57.64850 1152493117 191.040721    34.2382      22881          5  0.000e+00
    175.545    -0.5315   2.809599    -0.5354   2.809381    7.24754    -0.0534    13.8155 0.0000e+00  -61.72217  -57.64850 1152493117 191.040728    34.2384      22895          6  0.000e+00
    175.565    -0.5311   2.809628    -0.5357   2.809347    7.24749    -0.0534    13.8155 0.0000e+00  -61.72217  -57.64850 1152493117 191.040729    34.2385      22896          6  0.000e+00
    175.565    -0.5308   2.809599    -0.5355   2.809370    7.25221    -0.0104    13.8155 0.0000e+00  -61.72217  -57.64850 1152493117 191.040729    34.2377      22897          6  0.000e+00
    175.565    -0.5311   2.809595    -0.5352   2.809405    7.25225     0.0219    13.8155 0.0000e+00  -61.72217  -57.64850 1152493117 191.040730    34.2380      22898          6  0.000e+00
    175.469    -0.5311   2.809562    -0.5347   2.809434    7.24744    -0.0534    13.8155 0.0000e+00  -61.72217  -57.64850 1152493117 191.040730    34.2376      22899          6  0.000e+00
    175.632    -0.5315   2.809552    -0.5351   2.809440    7.25240    -0.0319    13.8155 0.0000e+00  -61.72217  -57.64850 1152493117 191.040731    34.2377      22900          6  0.000e+00
    175.498    -0.5316   2.809575    -0.5349   2.809440    7.25227    -0.0319    13.8155 0.0000e+00  -61.72217  -57.64850 1152493117 191.040731    34.2383      22901          6  0.000e+00
    175.565    -0.5317   2.809559    -0.5347   2.809457    7.25237    -0.0211    13.8155 0.0000e+00  -61.72217  -57.64850 1152493117 191.040732    34.2382      22902          6  0.000e+00
    175.565    -0.5316   2.809483    -0.5340   2.809445    7.25240    -0.0534    13.8155 0.0000e+00  -61.72217  -57.64850 1152493117 191.040732    34.2370      22903          6  0.000e+00
    175.546    -0.5330   2.809377    -0.5346   2.809504    7.25265    -0.0426    13.8155 0.0000e+00  -61.72217  -57.64850 1152493118 191.040733    34.2372      22904          6  0.000e+00
