product_data/regression_test/downloaded_data/MGDS/320620060703/ctd/p6607301.ros
* Sea-Bird SBE 9 Data File:
* FileName = D:\Data\Raw\p6607301.dat
* Software Version Seasave Win32 V 5.32
* Temperature SN = 1649
* Conductivity SN = 1431
* Number of Bytes Per Scan = 37
* Number of Voltage Words = 5
* Number of Scans Averaged by the Deck Unit = 1
* NMEA Latitude = 62 13.82 S
* NMEA Longitude = 058 07.00 W
* NMEA UTC (Time) = 06:24:58
** Ship:   Nathaniel B. Palmer 
** Cruise:    NBP0606 
# nquan = 17
# nvalues = 1176                    
# units = specified
# name 0 = prDM: Pressure, Digiquartz [db]
# name 1 = t090C: Temperature [ITS-90, deg C]
# name 2 = c0S/m: Conductivity [S/m]
# name 3 = t190C: Temperature, 2 [ITS-90, deg C]
# name 4 = c1S/m: Conductivity, 2 [S/m]
# name 5 = sbeox0ML/L: Oxygen, SBE 43 [ml/l]
# name 6 = flECO-AFL: Fluorescence, Wetlab ECO-AFL/FL [mg/m^3]
# name 7 = bat: Beam Attenuation, Chelsea/Seatech/Wetlab CStar [1/m]
# name 8 = spar: SPAR/Surface Irradiance
# name 9 = latitude: Latitude [deg]
# name 10 = longitude: Longitude [deg]
# name 11 = timeY: Time, System [seconds]
# name 12 = timeJ: Julian Days
# name 13 = sal00: Salinity [PSU]
# name 14 = scan: scan number
# name 15 = nbf: number of bottles fired
# name 16 = flag:  0.000e+00
# interval = seconds: 0.0416667                   
# start_time = Jul 08 2006 06:25:06
*END*
[from data line 86]
    801.736    -0.5482   2.858094    -0.5483   2.857999    6.33467    -0.0964    13.8155 0.0000e+00  -62.23033  -58.11667 1152341290 189.283472    34.5323      33265          2  0.000e+00
    801.640    -0.5486   2.858091    -0.5483   2.857987    6.33464    -0.0426    13.8155 0.0000e+00  -62.23033  -58.11667 1152341290 189.283473    34.5327      33266          2  0.000e+00
    801.669    -0.5485   2.858071    -0.5484   2.857981    6.33465    -0.0534    13.8155 0.0000e+00  -62.23033  -58.11667 1152341290 189.283473    34.5323      33267          2  0.000e+00
    801.736    -0.5481   2.858068    -0.5485   2.857999    6.33467    -0.0426    13.8155 0.0000e+00  -62.23033  -58.11667 1152341290 189.283474    34.5318      33268          2  0.000e+00
    801.669    -0.5482   2.858084    -0.5488   2.857987    6.33460    -0.0857    13.8155 0.0000e+00  -62.23033  -58.11667 1152341290 189.283474    34.5321      33269          2  0.000e+00
    801.669    -0.5486   2.858108    -0.5484   2.857981    6.33464    -0.1072    13.8155 0.0000e+00  -62.23033  -58.11667 1152341290 189.283475    34.5329      33270          2  0.000e+00
    801.640    -0.5482   2.858114    -0.5488   2.858005    6.33456    -0.1180    13.8155 0.0000e+00  -62.23033  -58.11667 1152341290 189.283475    34.5325      33271          2  0.000e+00
    801.669    -0.5486   2.858128    -0.5485   2.858005    6.33464    -0.1072    13.8155 0.0000e+00  -62.23033  -58.11667 1152341290 189.283476    34.5332      33272          2  0.000e+00
    801.669    -0.5487   2.858084    -0.5489   2.857987    6.33468    -0.1287    13.8155 0.0000e+00  -62.23033  -58.11667 1152341290 189.283476    34.5327      33273          2  0.000e+00
    801.669    -0.5485   2.858118    -0.5480   2.858017    6.33978    -0.1287    13.8155 0.0000e+00  -62.23033  -58.11667 1152341290 189.283477    34.5329      33274          2  0.000e+00
    801.640    -0.5485   2.858101    -0.5487   2.858011    6.33461    -0.1180    13.8155 0.0000e+00  -62.23033  -58.11667 1152341290 189.283477    34.5327      33275          2  0.000e+00
    801.669    -0.5492   2.858071    -0.5488   2.857987    6.33475    -0.0857    13.8155 0.0000e+00  -62.23033  -58.11667 1152341290 189.283478    34.5331      33276          2  0.000e+00
    650.454    -0.2749   2.874388    -0.2735   2.874327    6.15875    -0.1072    13.8155 0.0000e+00  -62.23033  -58.11667 1152341522 189.286162    34.5300      38842          3  0.000e+00
    650.473    -0.2749   2.874358    -0.2735   2.874315    6.15879    -0.0857    13.8155 0.0000e+00  -62.23033  -58.11667 1152341522 189.286162    34.5296      38843          3  0.000e+00
    650.473    -0.2748   2.874378    -0.2737   2.874327    6.15876    -0.1502    13.8155 0.0000e+00  -62.23033  -58.11667 1152341522 189.286163    34.5297      38844          3  0.000e+00
    650.473    -0.2748   2.874351    -0.2740   2.874339    6.15877    -0.1502    13.8155 0.0000e+00  -62.23033  -58.11667 1152341522 189.286163    34.5294      38845          3  0.000e+00
    650.454    -0.2745   2.874375    -0.2738   2.874356    6.15871    -0.0857    13.8155 0.0000e+00  -62.23033  -58.11667 1152341522 189.286164    34.5294      38846          3  0.000e+00
    650.541    -0.2742   2.874368    -0.2738   2.874345    6.16375    -0.0857    13.8155 0.0000e+00  -62.23033  -58.11667 1152341522 189.286164    34.5288      38847          3  0.000e+00
    650.396    -0.2748   2.874381    -0.2738   2.874315    6.15869    -0.0964    13.8155 0.0000e+00  -62.23033  -58.11667 1152341523 189.286165    34.5298      38848          3  0.000e+00
    650.541    -0.2748   2.874405    -0.2740   2.874327    6.15880    -0.1072    13.8155 0.0000e+00  -62.23033  -58.11667 1152341523 189.286165    34.5300      38849          3  0.000e+00
    650.531    -0.2745   2.874428    -0.2744   2.874339    6.15874    -0.1180    13.8155 0.0000e+00  -62.23033  -58.11667 1152341523 189.286166    34.5300      38850          3  0.000e+00
    650.473    -0.2743   2.874435    -0.2740   2.874315    6.15866    -0.0964    13.8155 0.0000e+00  -62.23033  -58.11667 1152341523 189.286166    34.5299      38851          3  0.000e+00
    650.473    -0.2741   2.874398    -0.2738   2.874315    6.15865    -0.0964    13.8155 0.0000e+00  -62.23033  -58.11667 1152341523 189.286167    34.5292      38852          3  0.000e+00
    650.541    -0.2746   2.874405    -0.2730   2.874351    6.15878    -0.1502    13.8155 0.0000e+00  -62.23033  -58.11667 1152341523 189.286167    34.5298      38853          3  0.000e+00
    650.531    -0.2745   2.874431    -0.2730   2.874398    6.15874    -0.1287    13.8155 0.0000e+00  -62.23033  -58.11667 1152341523 189.286168    34.5300      38854          3  0.000e+00
    650.541    -0.2743   2.874435    -0.2727   2.874421    6.15872    -0.1825    13.8155 0.0000e+00  -62.23033  -58.11667 1152341523 189.286168    34.5299      38855          3  0.000e+00
    650.541    -0.2745   2.874452    -0.2729   2.874462    6.15873    -0.1610    13.8155 0.0000e+00  -62.23033  -58.11667 1152341523 189.286168    34.5303      38856          3  0.000e+00
    650.541    -0.2747   2.874421    -0.2734   2.874497    6.15878    -0.0749    13.8155 0.0000e+00  -62.23033  -58.11667 1152341523 189.286169    34.5301      38857          3  0.000e+00
    650.608    -0.2743   2.874428    -0.2735   2.874480    6.15878    -0.0534    13.8155 0.0000e+00  -62.23033  -58.11667 1152341523 189.286169    34.5298      38858          3  0.000e+00
    650.531    -0.2740   2.874415    -0.2738   2.874427    6.15869    -0.0964    13.8155 0.0000e+00  -62.23033  -58.11667 1152341523 189.286170    34.5293      38859          3  0.000e+00
    650.608    -0.2743   2.874445    -0.2743   2.874403    6.15877    -0.1180    13.8155 0.0000e+00  -62.23033  -58.11667 1152341523 189.286170    34.5300      38860          3  0.000e+00
    650.541    -0.2749   2.874421    -0.2744   2.874351    6.15881    -0.1610    13.8155 0.0000e+00  -62.23033  -58.11667 1152341523 189.286171    34.5304      38861          3  0.000e+00
    650.608    -0.2745   2.874462    -0.2740   2.874374    6.15879    -0.1395    13.8155 0.0000e+00  -62.23033  -58.11667 1152341523 189.286171    34.5304      38862          3  0.000e+00
    650.599    -0.2744   2.874478    -0.2737   2.874398    6.15875    -0.0857    13.8155 0.0000e+00  -62.23033  -58.11667 1152341523 189.286172    34.5305      38863          3  0.000e+00
    650.608    -0.2732   2.874529    -0.2726   2.874474    6.15859    -0.0534    13.8155 0.0000e+00  -62.23033  -58.11667 1152341523 189.286172    34.5299      38864          3  0.000e+00
    650.608    -0.2726   2.874565    -0.2714   2.874544    6.15849    -0.0749    13.8155 0.0000e+00  -62.23033  -58.11667 1152341523 189.286173    34.5297      38865          3  0.000e+00
    650.608    -0.2722   2.874562    -0.2708   2.874615    6.15843    -0.0749    13.8155 0.0000e+00  -62.23033  -58.11667 1152341523 189.286173    34.5291      38866          3  0.000e+00
    650.676    -0.2731   2.874532    -0.2698   2.874674    6.15863    -0.1395    13.8155 0.0000e+00  -62.23033  -58.11667 1152341523 189.286174    34.5297      38867          3  0.000e+00
    650.608    -0.2740   2.874475    -0.2692   2.874697    6.15872    -0.2040    13.8155 0.0000e+00  -62.23033  -58.11667 1152341523 189.286174    34.5300      38868          3  0.000e+00
    650.685    -0.2745   2.874405    -0.2690   2.874750    6.15889    -0.1610    13.8155 0.0000e+00  -62.23033  -58.11667 1152341523 189.286175    34.5297      38869          3  0.000e+00
    650.685    -0.2746   2.874438    -0.2684   2.874838    6.15888    -0.1287    13.8155 0.0000e+00  -62.23033  -58.11667 1152341523 189.286175    34.5302      38870          3  0.000e+00
    650.676    -0.2740   2.874488    -0.2683   2.874873    6.15877    -0.1502    13.8155 0.0000e+00  -62.23033  -58.11667 1152341523 189.286176    34.5302      38871          3  0.000e+00
    650.685    -0.2737   2.874552    -0.2676   2.874856    6.15870    -0.1180    13.8155 0.0000e+00  -62.23033  -58.11667 1152341523 189.286176    34.5307      38872          3  0.000e+00
    650.685    -0.2740   2.874622    -0.2676   2.874856    6.15870    -0.1180    13.8155 0.0000e+00  -62.23033  -58.11667 1152341524 189.286177    34.5319      38873          3  0.000e+00
    650.753    -0.2731   2.874709    -0.2689   2.874809    6.15860    -0.1395    13.8155 0.0000e+00  -62.23033  -58.11667 1152341524 189.286177    34.5321      38874          3  0.000e+00
    650.676    -0.2715   2.874833    -0.2676   2.874815    6.15826    -0.1718    13.8155 0.0000e+00  -62.23033  -58.11667 1152341524 189.286178    34.5320      38875          3  0.000e+00
    650.753    -0.2697   2.874940    -0.2672   2.874832    6.15803    -0.1502    13.8155 0.0000e+00  -62.23033  -58.11667 1152341524 189.286178    34.5312      38876          3  0.000e+00
    650.753    -0.2684   2.874994    -0.2672   2.874844    6.15784    -0.1502    13.8155 0.0000e+00  -62.23033  -58.11667 1152341524 189.286179    34.5305      38877          3  0.000e+00
    650.753    -0.2676   2.875057    -0.2678   2.874815    6.15771    -0.1395    13.8155 0.0000e+00  -62.23033  -58.11667 1152341524 189.286179    34.5305      38878          3  0.000e+00
    650.743    -0.2670   2.875111    -0.2670   2.874879    6.15758    -0.1610    13.8155 0.0000e+00  -62.23033  -58.11667 1152341524 189.286180    34.5305      38879          3  0.000e+00
    650.753    -0.2666   2.875094    -0.2667   2.874944    6.15755    -0.1395    13.8155 0.0000e+00  -62.23033  -58.11667 1152341524 189.286180    34.5298      38880          3  0.000e+00
    650.830    -0.2667   2.875114    -0.2660   2.874991    6.15762    -0.0964    13.8155 0.0000e+00  -62.23033  -58.11667 1152341524 189.286181    34.5302      38881          3  0.000e+00
    650.753    -0.2667   2.875087    -0.2661   2.874985    6.15757    -0.0642    13.8155 0.0000e+00  -62.23033  -58.11667 1152341524 189.286181    34.5299      38882          3  0.000e+00
    650.811    -0.2670   2.875077    -0.2660   2.874973    6.15265    -0.0857    13.8155 0.0000e+00  -62.23033  -58.11667 1152341524 189.286182    34.5300      38883          3  0.000e+00
    650.753    -0.2672   2.875007    -0.2660   2.875002    6.15267    -0.1072    13.8155 0.0000e+00  -62.23033  -58.11667 1152341524 189.286182    34.5293      38884          3  0.000e+00
    650.830    -0.2675   2.874950    -0.2655   2.875032    6.15281    -0.1287    13.8155 0.0000e+00  -62.23033  -58.11667 1152341524 189.286182    34.5289      38885          3  0.000e+00
    650.830    -0.2673   2.874974    -0.2657   2.875026    6.15277    -0.1180    13.8155 0.0000e+00  -62.23033  -58.11667 1152341524 189.286183    34.5290      38886          3  0.000e+00
    650.830    -0.2673   2.875000    -0.2657   2.875055    6.15276    -0.1502    13.8155 0.0000e+00  -62.23033  -58.11667 1152341524 189.286183    34.5294      38887          3  0.000e+00
    650.888    -0.2668   2.875041    -0.2657   2.875049    6.15773    -0.1395    13.8155 0.0000e+00  -62.23033  -58.11667 1152341524 189.286184    34.5293      38888          3  0.000e+00
    650.830    -0.2666   2.875087    -0.2660   2.875049    6.15762    -0.0964    13.8155 0.0000e+00  -62.23033  -58.11667 1152341524 189.286184    34.5297      38889          3  0.000e+00
    650.830    -0.2662   2.875064    -0.2657   2.875020    6.15759    -0.1180    13.8155 0.0000e+00  -62.23033  -58.11667 1152341524 189.286185    34.5290      38890          3  0.000e+00
    650.746    -0.2673   2.875034    -0.2669   2.874967    6.15767    -0.0964    13.8155 0.0000e+00  -62.23033  -58.11667 1152341536 189.286322    34.5298      39174          4  0.000e+00
    650.689    -0.2672   2.874997    -0.2667   2.874961    6.16264    -0.1180    13.8155 0.0000e+00  -62.23033  -58.11667 1152341536 189.286322    34.5292      39175          4  0.000e+00
    650.612    -0.2678   2.874987    -0.2669   2.874991    6.15765    -0.1072    13.8155 0.0000e+00  -62.23033  -58.11667 1152341536 189.286323    34.5298      39176          4  0.000e+00
    650.689    -0.2680   2.874987    -0.2667   2.874950    6.15773    -0.0964    13.8155 0.0000e+00  -62.23033  -58.11667 1152341536 189.286323    34.5300      39177          4  0.000e+00
    650.746    -0.2683   2.875037    -0.2670   2.874985    6.15278    -0.0857    13.8155 0.0000e+00  -62.23033  -58.11667 1152341536 189.286324    34.5310      39178          4  0.000e+00
    650.689    -0.2677   2.875054    -0.2669   2.874985    6.15266    -0.0964    13.8155 0.0000e+00  -62.23033  -58.11667 1152341536 189.286324    34.5306      39179          4  0.000e+00
    650.612    -0.2675   2.875054    -0.2667   2.874967    6.15256    -0.1180    13.8155 0.0000e+00  -62.23033  -58.11667 1152341536 189.286325    34.5304      39180          4  0.000e+00
    650.756    -0.2673   2.875071    -0.2667   2.874967    6.15265    -0.1180    13.8155 0.0000e+00  -62.23033  -58.11667 1152341536 189.286325    34.5303      39181          4  0.000e+00
    650.747    -0.2670   2.875024    -0.2665   2.874961    6.15263    -0.0964    13.8155 0.0000e+00  -62.23033  -58.11667 1152341536 189.286326    34.5294      39182          4  0.000e+00
    650.689    -0.2671   2.875041    -0.2667   2.874997    6.15258    -0.1072    13.8155 0.0000e+00  -62.23033  -58.11667 1152341536 189.286326    34.5297      39183          4  0.000e+00
    650.756    -0.2675   2.875071    -0.2664   2.875020    6.15267    -0.0749    13.8155 0.0000e+00  -62.23033  -58.11667 1152341537 189.286327    34.5305      39184          4  0.000e+00
    650.689    -0.2670   2.875077    -0.2666   2.874991    6.15255    -0.1072    13.8155 0.0000e+00  -62.23033  -58.11667 1152341537 189.286327    34.5301      39185          4  0.000e+00
    650.747    -0.2670   2.875057    -0.2666   2.874997    6.15261    -0.0964    13.8155 0.0000e+00  -62.23033  -58.11667 1152341537 189.286328    34.5298      39186          4  0.000e+00
    650.756    -0.2672   2.875061    -0.2667   2.874985    6.15264    -0.1072    13.8155 0.0000e+00  -62.23033  -58.11667 1152341537 189.286328    34.5301      39187          4  0.000e+00
    650.756    -0.2673   2.875091    -0.2669   2.874985    6.15263    -0.1072    13.8155 0.0000e+00  -62.23033  -58.11667 1152341537 189.286329    34.5305      39188          4  0.000e+00
    650.756    -0.2670   2.875081    -0.2661   2.874973    6.15261    -0.1072    13.8155 0.0000e+00  -62.23033  -58.11667 1152341537 189.286329    34.5301      39189          4  0.000e+00
    650.747    -0.2669   2.875057    -0.2667   2.875002    6.15259    -0.0964    13.8155 0.0000e+00  -62.23033  -58.11667 1152341537 189.286330    34.5297      39190          4  0.000e+00
    650.756    -0.2670   2.875054    -0.2670   2.875014    6.15262    -0.0964    13.8155 0.0000e+00  -62.23033  -58.11667 1152341537 189.286330    34.5298      39191          4  0.000e+00
    650.833    -0.2672   2.875054    -0.2666   2.875002    6.15271    -0.1287    13.8155 0.0000e+00  -62.23033  -58.11667 1152341537 189.286331    34.5299      39192          4  0.000e+00
    650.756    -0.2668   2.875034    -0.2664   2.875008    6.15261    -0.1287    13.8155 0.0000e+00  -62.23033  -58.11667 1152341537 189.286331    34.5292      39193          4  0.000e+00
    650.814    -0.2675   2.875064    -0.2667   2.874979    6.15273    -0.1287    13.8155 0.0000e+00  -62.23033  -58.11667 1152341537 189.286332    34.5304      39194          4  0.000e+00
    650.756    -0.2673   2.875041    -0.2664   2.875002    6.15267    -0.1287    13.8155 0.0000e+00  -62.23033  -58.11667 1152341537 189.286332    34.5299      39195          4  0.000e+00
    650.833    -0.2670   2.875047    -0.2666   2.875014    6.15269    -0.0857    13.8155 0.0000e+00  -62.23033  -58.11667 1152341537 189.286332    34.5296      39196          4  0.000e+00
