product_data/regression_test/downloaded_data/MGDS/320620060703/ctd/p6607701.cnv
* Sea-Bird SBE 9 Data File:
* FileName = D:\Data\Raw\p6607701.dat
* Software Version Seasave Win32 V 5.32
* Temperature SN = 1649
* Conductivity SN = 1431
* Number of Bytes Per Scan = 37
* Number of Voltage Words = 5
* Number of Scans Averaged by the Deck Unit = 1
* NMEA Latitude = 62 17.76 S
* NMEA Longitude = 058 04.55 W
* NMEA UTC (Time) = 21:09:54
** Ship:   Nathaniel B. Palmer 
** Cruise:    NBP0606 
# nquan = 15
# nvalues = 1417                        
# units = specified
# name 0 = prDM: Pressure, Digiquartz [db]
# name 1 = t090C: Temperature [ITS-90, deg C]
# name 2 = c0S/m: Conductivity [S/m]
# name 3 = t190C: Temperature, 2 [ITS-90, deg C]
# name 4 = c1S/m: Conductivity, 2 [S/m]
# name 5 = sbeox0ML/L: Oxygen, SBE 43 [ml/l]
# name 6 = flECO-AFL: Fluorescence, Wetlab ECO-AFL/FL [mg/m^3]
# name 7 = bat: Beam Attenuation, Chelsea/Seatech/Wetlab CStar [1/m]
# name 8 = spar: SPAR/Surface Irradiance
# name 9 = latitude: Latitude [deg]
# name 10 = longitude: Longitude [deg]
# name 11 = timeY: Time, System [seconds]
# name 12 = timeJ: Julian Days
# name 13 = sal00: Salinity [PSU]
# name 14 = flag: flag
# span 0 =      4.000,   1420.000       
# span 1 =    -1.6835,    -0.4371       
# span 2 =   2.705229,   2.854039       
# span 3 =    -1.6845,    -0.4367       
# span 4 =   2.705793,   2.854254       
# span 5 =    6.23326,    7.86026       
# span 6 =    -0.1550,     0.2258       
# span 7 =    13.8155,    13.8155       
# span 8 = -4.966e-02, 1.7118e+00       
# span 9 =  -62.29600,  -62.29600       
# span 10 =  -58.07583,  -58.07583      
# span 11 = 1152392995, 1152395020      
# span 12 = 189.881891, 189.905342      
# span 13 =    34.2318,    34.5466      
# span 14 = 0.0000e+00, 0.0000e+00      
# interval = decibars: 1                
# start_time = Jul 08 2006 21:10:01
# bad_flag = -9.990e-29
*END*
[from data line 1061]
   1065.000    -0.9498   2.836314    -0.9498   2.836559    6.62295    -0.1265    13.8155 0.0000e+00  -62.29600  -58.07583 1152394462 189.898879    34.5410 0.0000e+00
   1066.000    -0.9502   2.836323    -0.9501   2.836580    6.62373    -0.1240    13.8155 0.0000e+00  -62.29600  -58.07583 1152394463 189.898896    34.5409 0.0000e+00
   1067.000    -0.9499   2.836401    -0.9499   2.836639    6.62286    -0.1225    13.8155 0.0000e+00  -62.29600  -58.07583 1152394465 189.898913    34.5410 0.0000e+00
   1068.000    -0.9503   2.836410    -0.9501   2.836680    6.62367    -0.1184    13.8155 0.0000e+00  -62.29600  -58.07583 1152394466 189.898928    34.5410 0.0000e+00
   1069.000    -0.9503   2.836463    -0.9502   2.836700    6.62476    -0.1177    13.8155 0.0000e+00  -62.29600  -58.07583 1152394467 189.898943    34.5411 0.0000e+00
   1070.000    -0.9500   2.836505    -0.9500   2.836759    6.62564    -0.1258    13.8155 0.0000e+00  -62.29600  -58.07583 1152394469 189.898959    34.5408 0.0000e+00
   1071.000    -0.9511   2.836451    -0.9515   2.836675    6.62698    -0.1117    13.8155 0.0000e+00  -62.29600  -58.07583 1152394470 189.898978    34.5408 0.0000e+00
   1072.000    -0.9518   2.836453    -0.9519   2.836695    6.62763    -0.1269    13.8155 0.0000e+00  -62.29600  -58.07583 1152394472 189.898993    34.5410 0.0000e+00
   1073.000    -0.9512   2.836553    -0.9516   2.836769    6.62826    -0.1178    13.8155 0.0000e+00  -62.29600  -58.07583 1152394473 189.899004    34.5411 0.0000e+00
   1074.000    -0.9514   2.836569    -0.9515   2.836809    6.62898    -0.1315    13.8155 0.0000e+00  -62.29600  -58.07583 1152394474 189.899015    34.5409 0.0000e+00
   1075.000    -0.9518   2.836574    -0.9518   2.836827    6.62931    -0.1250    13.8155 0.0000e+00  -62.29600  -58.07583 1152394475 189.899030    34.5409 0.0000e+00
   1076.000    -0.9517   2.836626    -0.9518   2.836868    6.62821    -0.1132    13.8155 0.0000e+00  -62.29600  -58.07583 1152394477 189.899050    34.5409 0.0000e+00
   1077.000    -0.9518   2.836674    -0.9517   2.836919    6.62709    -0.1257    13.8155 0.0000e+00  -62.29600  -58.07583 1152394478 189.899064    34.5410 0.0000e+00
   1078.000    -0.9525   2.836648    -0.9528   2.836876    6.62782    -0.1292    13.8155 0.0000e+00  -62.29600  -58.07583 1152394479 189.899077    34.5409 0.0000e+00
   1079.000    -0.9546   2.836503    -0.9547   2.836752    6.62914    -0.1319    13.8155 0.0000e+00  -62.29600  -58.07583 1152394480 189.899092    34.5408 0.0000e+00
   1080.000    -0.9558   2.836451    -0.9560   2.836685    6.63066    -0.1270    13.8155 1.5512e-01  -62.29600  -58.07583 1152394482 189.899111    34.5409 0.0000e+00
   1081.000    -0.9572   2.836368    -0.9574   2.836612    6.63362    -0.1262    13.8155 -2.776e-03  -62.29600  -58.07583 1152394483 189.899129    34.5409 0.0000e+00
   1082.000    -0.9580   2.836356    -0.9580   2.836598    6.63563    -0.1309    13.8155 9.6081e-54  -62.29600  -58.07583 1152394485 189.899143    34.5409 0.0000e+00
   1083.000    -0.9589   2.836310    -0.9594   2.836525    6.63765    -0.1335    13.8155 6.0396e-33  -62.29600  -58.07583 1152394486 189.899156    34.5408 0.0000e+00
   1084.000    -0.9607   2.836204    -0.9611   2.836422    6.64047    -0.1355    13.8155 4.0561e-12  -62.29600  -58.07583 1152394487 189.899170    34.5409 0.0000e+00
   1085.000    -0.9615   2.836185    -0.9618   2.836412    6.64140    -0.1202    13.8155 9.8549e-02  -62.29600  -58.07583 1152394488 189.899184    34.5409 0.0000e+00
   1086.000    -0.9623   2.836169    -0.9625   2.836400    6.64183    -0.1372    13.8155 -2.571e-03  -62.29600  -58.07583 1152394489 189.899198    34.5410 0.0000e+00
   1087.000    -0.9626   2.836170    -0.9628   2.836415    6.64235    -0.1161    13.8155 2.3658e-50  -62.29600  -58.07583 1152394490 189.899211    34.5408 0.0000e+00
   1088.000    -0.9629   2.836184    -0.9630   2.836438    6.64119    -0.1205    13.8155 3.4677e-25  -62.29600  -58.07583 1152394492 189.899224    34.5407 0.0000e+00
   1089.000    -0.9630   2.836226    -0.9630   2.836475    6.64040    -0.1197    13.8155 1.7638e-01  -62.29600  -58.07583 1152394493 189.899245    34.5408 0.0000e+00
   1090.000    -0.9627   2.836301    -0.9628   2.836537    6.64218    -0.1250    13.8155 -4.386e-03  -62.29600  -58.07583 1152394495 189.899266    34.5408 0.0000e+00
   1091.000    -0.9629   2.836322    -0.9630   2.836576    6.64173    -0.1230    13.8155 1.2035e-47  -62.29600  -58.07583 1152394497 189.899281    34.5408 0.0000e+00
   1092.000    -0.9630   2.836367    -0.9631   2.836605    6.64074    -0.1176    13.8155 4.6967e-29  -62.29600  -58.07583 1152394498 189.899294    34.5409 0.0000e+00
   1093.000    -0.9630   2.836413    -0.9631   2.836651    6.63948    -0.1261    13.8155 3.4440e-11  -62.29600  -58.07583 1152394499 189.899305    34.5409 0.0000e+00
   1094.000    -0.9631   2.836442    -0.9632   2.836677    6.63871    -0.1293    13.8155 7.6360e-01  -62.29600  -58.07583 1152394500 189.899317    34.5409 0.0000e+00
   1095.000    -0.9633   2.836469    -0.9634   2.836700    6.63958    -0.1285    13.8155 5.3689e-01  -62.29600  -58.07583 1152394501 189.899333    34.5409 0.0000e+00
   1096.000    -0.9636   2.836490    -0.9637   2.836722    6.64078    -0.1349    13.8155 -5.934e-03  -62.29600  -58.07583 1152394503 189.899353    34.5409 0.0000e+00
   1097.000    -0.9637   2.836521    -0.9638   2.836761    6.64133    -0.1410    13.8155 -8.719e-27  -62.29600  -58.07583 1152394504 189.899366    34.5409 0.0000e+00
   1098.000    -0.9636   2.836569    -0.9636   2.836809    6.64170    -0.1245    13.8155 5.0430e-19  -62.29600  -58.07583 1152394505 189.899377    34.5409 0.0000e+00
   1099.000    -0.9636   2.836622    -0.9637   2.836865    6.64214    -0.1377    13.8155 1.0597e-01  -62.29600  -58.07583 1152394506 189.899389    34.5409 0.0000e+00
   1100.000    -0.9638   2.836641    -0.9639   2.836877    6.64337    -0.1244    13.8155 1.0534e-02  -62.29600  -58.07583 1152394507 189.899406    34.5409 0.0000e+00
   1101.000    -0.9638   2.836693    -0.9638   2.836927    6.64518    -0.1188    13.8155 -2.834e-04  -62.29600  -58.07583 1152394509 189.899430    34.5409 0.0000e+00
   1102.000    -0.9630   2.836801    -0.9632   2.837031    6.64627    -0.1194    13.8155 2.3886e-17  -62.29600  -58.07583 1152394511 189.899448    34.5409 0.0000e+00
   1103.000    -0.9629   2.836851    -0.9630   2.837086    6.64751    -0.1393    13.8155 2.4894e-01  -62.29600  -58.07583 1152394512 189.899461    34.5409 0.0000e+00
   1104.000    -0.9630   2.836882    -0.9632   2.837106    6.64786    -0.1298    13.8155 9.8750e-01  -62.29600  -58.07583 1152394513 189.899472    34.5409 0.0000e+00
   1105.000    -0.9633   2.836896    -0.9634   2.837135    6.64745    -0.1316    13.8155 2.7702e-01  -62.29600  -58.07583 1152394514 189.899485    34.5408 0.0000e+00
   1106.000    -0.9634   2.836933    -0.9635   2.837170    6.64429    -0.1376    13.8155 1.3535e-01  -62.29600  -58.07583 1152394515 189.899498    34.5409 0.0000e+00
   1107.000    -0.9635   2.836968    -0.9636   2.837202    6.64478    -0.1265    13.8155 1.7118e+00  -62.29600  -58.07583 1152394516 189.899512    34.5408 0.0000e+00
   1108.000    -0.9636   2.836997    -0.9638   2.837227    6.64518    -0.1241    13.8155 9.0919e-02  -62.29600  -58.07583 1152394518 189.899527    34.5407 0.0000e+00
   1109.000    -0.9643   2.836985    -0.9642   2.837234    6.64634    -0.1241    13.8155 3.5642e-01  -62.29600  -58.07583 1152394519 189.899544    34.5408 0.0000e+00
   1110.000    -0.9635   2.837091    -0.9636   2.837332    6.64729    -0.1340    13.8155 5.3637e-03  -62.29600  -58.07583 1152394521 189.899563    34.5408 0.0000e+00
   1111.000    -0.9638   2.837108    -0.9639   2.837344    6.64592    -0.1295    13.8155 -4.736e-07  -62.29600  -58.07583 1152394522 189.899582    34.5408 0.0000e+00
   1112.000    -0.9644   2.837098    -0.9641   2.837370    6.64379    -0.1245    13.8155 8.8007e-34  -62.29600  -58.07583 1152394524 189.899597    34.5407 0.0000e+00
   1113.000    -0.9640   2.837170    -0.9640   2.837414    6.64467    -0.1219    13.8155 3.4783e-13  -62.29600  -58.07583 1152394525 189.899610    34.5407 0.0000e+00
   1114.000    -0.9645   2.837177    -0.9645   2.837415    6.64649    -0.1267    13.8155 9.3745e-02  -62.29600  -58.07583 1152394526 189.899625    34.5408 0.0000e+00
   1115.000    -0.9643   2.837243    -0.9645   2.837463    6.64708    -0.1242    13.8155 -9.239e-04  -62.29600  -58.07583 1152394527 189.899639    34.5409 0.0000e+00
   1116.000    -0.9653   2.837133    -0.9656   2.837393    6.64703    -0.1258    13.8155 7.7322e-17  -62.29600  -58.07583 1152394528 189.899650    34.5404 0.0000e+00
   1117.000    -0.9685   2.836941    -0.9688   2.837168    6.64572    -0.1107    13.8155 2.0072e-32  -62.29600  -58.07583 1152394529 189.899662    34.5405 0.0000e+00
   1118.000    -0.9684   2.836997    -0.9685   2.837227    6.64609    -0.1255    13.8155 1.3164e-01  -62.29600  -58.07583 1152394531 189.899680    34.5405 0.0000e+00
   1119.000    -0.9686   2.837026    -0.9687   2.837256    6.65073    -0.1266    13.8155 1.2119e-02  -62.29600  -58.07583 1152394533 189.899702    34.5405 0.0000e+00
   1120.000    -0.9680   2.837122    -0.9681   2.837359    6.65148    -0.1265    13.8155 3.2202e-04  -62.29600  -58.07583 1152394534 189.899718    34.5405 0.0000e+00
   1121.000    -0.9676   2.837205    -0.9677   2.837444    6.65017    -0.1289    13.8155 4.5183e-29  -62.29600  -58.07583 1152394535 189.899732    34.5406 0.0000e+00
   1122.000    -0.9677   2.837231    -0.9679   2.837471    6.64850    -0.1354    13.8155 5.7488e-17  -62.29600  -58.07583 1152394536 189.899743    34.5406 0.0000e+00
   1123.000    -0.9674   2.837319    -0.9674   2.837560    6.64634    -0.1256    13.8155 2.4747e-01  -62.29600  -58.07583 1152394538 189.899757    34.5408 0.0000e+00
   1124.000    -0.9670   2.837401    -0.9671   2.837635    6.64586    -0.1188    13.8155 6.7035e-01  -62.29600  -58.07583 1152394539 189.899775    34.5408 0.0000e+00
   1125.000    -0.9676   2.837392    -0.9678   2.837618    6.64795    -0.1217    13.8155 3.8914e-01  -62.29600  -58.07583 1152394541 189.899791    34.5408 0.0000e+00
   1126.000    -0.9683   2.837377    -0.9686   2.837604    6.64900    -0.1230    13.8155 1.0943e-03  -62.29600  -58.07583 1152394542 189.899805    34.5408 0.0000e+00
   1127.000    -0.9702   2.837250    -0.9707   2.837487    6.64886    -0.1239    13.8155 -2.294e-23  -62.29600  -58.07583 1152394543 189.899818    34.5407 0.0000e+00
   1128.000    -0.9750   2.836885    -0.9761   2.837063    6.65300    -0.1238    13.8155 7.8988e-19  -62.29600  -58.07583 1152394544 189.899833    34.5409 0.0000e+00
   1129.000    -0.9792   2.836571    -0.9794   2.836802    6.65929    -0.1232    13.8155 7.2662e-01  -62.29600  -58.07583 1152394546 189.899854    34.5408 0.0000e+00
   1130.000    -0.9794   2.836590    -0.9796   2.836839    6.66510    -0.1323    13.8155 4.6151e-01  -62.29600  -58.07583 1152394548 189.899873    34.5407 0.0000e+00
   1131.000    -0.9929   2.835409    -0.9933   2.835693    6.66887    -0.1178    13.8155 -1.666e-02  -62.29600  -58.07583 1152394549 189.899887    34.5400 0.0000e+00
   1132.000    -0.9990   2.834937    -0.9994   2.835159    6.67322    -0.1298    13.8155 -2.228e-08  -62.29600  -58.07583 1152394550 189.899899    34.5400 0.0000e+00
   1133.000    -0.9973   2.835147    -0.9971   2.835407    6.67434    -0.1328    13.8155 -4.494e-28  -62.29600  -58.07583 1152394551 189.899910    34.5403 0.0000e+00
   1134.000    -0.9945   2.835442    -0.9945   2.835696    6.67488    -0.1301    13.8155 5.4057e-21  -62.29600  -58.07583 1152394552 189.899922    34.5403 0.0000e+00
   1135.000    -0.9958   2.835390    -0.9961   2.835609    6.67577    -0.1291    13.8155 5.1167e-02  -62.29600  -58.07583 1152394553 189.899936    34.5403 0.0000e+00
   1136.000    -0.9957   2.835445    -0.9960   2.835668    6.67718    -0.1338    13.8155 1.2343e-01  -62.29600  -58.07583 1152394555 189.899953    34.5404 0.0000e+00
   1137.000    -0.9959   2.835469    -0.9964   2.835679    6.67962    -0.1279    13.8155 8.1489e-01  -62.29600  -58.07583 1152394556 189.899974    34.5403 0.0000e+00
   1138.000    -0.9979   2.835344    -0.9983   2.835571    6.68107    -0.1209    13.8155 3.6912e-01  -62.29600  -58.07583 1152394558 189.899994    34.5403 0.0000e+00
   1139.000    -0.9986   2.835335    -0.9989   2.835571    6.68223    -0.1111    13.8155 9.8309e-01  -62.29600  -58.07583 1152394559 189.900010    34.5404 0.0000e+00
   1140.000    -0.9997   2.835248    -0.9998   2.835537    6.68393    -0.1255    13.8155 1.6615e-01  -62.29600  -58.07583 1152394560 189.900022    34.5399 0.0000e+00
   1141.000    -1.0047   2.834897    -1.0049   2.835134    6.68842    -0.1340    13.8155 5.6341e-01  -62.29600  -58.07583 1152394561 189.900033    34.5404 0.0000e+00
   1142.000    -1.0055   2.834860    -1.0061   2.835082    6.69002    -0.1361    13.8155 3.0763e-01  -62.29600  -58.07583 1152394563 189.900045    34.5401 0.0000e+00
   1143.000    -1.0080   2.834695    -1.0081   2.834941    6.69098    -0.1112    13.8155 3.0437e-01  -62.29600  -58.07583 1152394564 189.900059    34.5402 0.0000e+00
   1144.000    -1.0076   2.834772    -1.0075   2.835030    6.69161    -0.1377    13.8155 2.4749e-01  -62.29600  -58.07583 1152394565 189.900075    34.5402 0.0000e+00
   1145.000    -1.0070   2.834880    -1.0071   2.835113    6.69223    -0.1321    13.8155 1.1340e+00  -62.29600  -58.07583 1152394566 189.900090    34.5402 0.0000e+00
   1146.000    -1.0068   2.834927    -1.0070   2.835167    6.69330    -0.1195    13.8155 5.9554e-02  -62.29600  -58.07583 1152394568 189.900104    34.5401 0.0000e+00
   1147.000    -1.0076   2.834907    -1.0075   2.835162    6.69358    -0.1177    13.8155 3.9137e-01  -62.29600  -58.07583 1152394570 189.900126    34.5401 0.0000e+00
   1148.000    -1.0080   2.834907    -1.0082   2.835148    6.69564    -0.1164    13.8155 4.1905e-01  -62.29600  -58.07583 1152394571 189.900149    34.5400 0.0000e+00
   1149.000    -1.0103   2.834743    -1.0101   2.835035    6.69758    -0.1326    13.8155 1.2167e+00  -62.29600  -58.07583 1152394573 189.900161    34.5398 0.0000e+00
   1150.000    -1.0123   2.834629    -1.0125   2.834880    6.69879    -0.1293    13.8155 9.8847e-01  -62.29600  -58.07583 1152394573 189.900171    34.5399 0.0000e+00
   1151.000    -1.0147   2.834465    -1.0149   2.834724    6.70142    -0.1233    13.8155 2.0935e-02  -62.29600  -58.07583 1152394574 189.900181    34.5400 0.0000e+00
   1152.000    -1.0228   2.833800    -1.0237   2.834023    6.70485    -0.1293    13.8155 2.0163e-10  -62.29600  -58.07583 1152394575 189.900193    34.5396 0.0000e+00
   1153.000    -1.0319   2.833050    -1.0323   2.833278    6.70910    -0.1182    13.8155 3.2518e-27  -62.29600  -58.07583 1152394576 189.900207    34.5397 0.0000e+00
   1154.000    -1.0384   2.832505    -1.0393   2.832697    6.71574    -0.1177    13.8155 9.6122e-02  -62.29600  -58.07583 1152394578 189.900225    34.5391 0.0000e+00
   1155.000    -1.0379   2.832608    -1.0388   2.832791    6.71917    -0.1342    13.8155 4.9395e-01  -62.29600  -58.07583 1152394580 189.900248    34.5392 0.0000e+00
   1156.000    -1.0367   2.832768    -1.0370   2.832979    6.72146    -0.1174    13.8155 6.0245e-02  -62.29600  -58.07583 1152394581 189.900264    34.5393 0.0000e+00
   1157.000    -1.0377   2.832714    -1.0386   2.832890    6.72426    -0.1243    13.8155 1.1118e+00  -62.29600  -58.07583 1152394583 189.900278    34.5391 0.0000e+00
   1158.000    -1.0375   2.832778    -1.0378   2.833007    6.72693    -0.1389    13.8155 5.7576e-01  -62.29600  -58.07583 1152394584 189.900291    34.5390 0.0000e+00
   1159.000    -1.0378   2.832807    -1.0377   2.833053    6.72760    -0.1274    13.8155 3.2424e-01  -62.29600  -58.07583 1152394585 189.900305    34.5392 0.0000e+00
