product_data/regression_test/downloaded_data/MGDS/320620060703/ctd/p6608901.ros
* Sea-Bird SBE 9 Data File:
* FileName = D:\Data\Raw\P6608901.dat
* Software Version Seasave Win32 V 5.32
* Temperature SN = 1649
* Conductivity SN = 1431
* Number of Bytes Per Scan = 37
* Number of Voltage Words = 5
* Number of Scans Averaged by the Deck Unit = 1
* NMEA Latitude = 61 26.26 S
* NMEA Longitude = 057 51.58 W
* NMEA UTC (Time) = 10:14:29
** Ship:   Nathaniel B. Palmer 
** Cruise:    NBP0603 p0606
** Cast #: 01
** Station:   89
** Operator: rdd
# nquan = 17
# nvalues = 1176                    
# units = specified
# name 0 = prDM: Pressure, Digiquartz [db]
# name 1 = t090C: Temperature [ITS-90, deg C]
# name 2 = c0S/m: Conductivity [S/m]
# name 3 = t190C: Temperature, 2 [ITS-90, deg C]
# name 4 = c1S/m: Conductivity, 2 [S/m]
# name 5 = sbeox0ML/L: Oxygen, SBE 43 [ml/l]
# name 6 = flECO-AFL: Fluorescence, Wetlab ECO-AFL/FL [mg/m^3]
# name 7 = bat: Beam Attenuation, Chelsea/Seatech/Wetlab CStar [1/m]
# name 8 = spar: SPAR/Surface Irradiance
# name 9 = latitude: Latitude [deg]
# name 10 = longitude: Longitude [deg]
# name 11 = timeY: Time, System [seconds]
# name 12 = timeJ: Julian Days
# name 13 = sal00: Salinity [PSU]
# name 14 = scan: scan number
# name 15 = nbf: number of bottles fired
# name 16 = flag:  0.000e+00
# interval = seconds: 0.0416667                   
# start_time = Jul 10 2006 10:14:37
*END*
[from data line 596]
    150.959    -0.5344   2.810874    -0.5344   2.811134    7.10897    -0.1072    13.8155 0.0000e+00  -61.43767  -57.85967 1152528983 191.455848    34.2740      60200         13  0.000e+00
    150.959    -0.5345   2.810874    -0.5346   2.811139    7.10900    -0.0749    13.8155 0.0000e+00  -61.43767  -57.85967 1152528983 191.455849    34.2742      60201         13  0.000e+00
    151.026    -0.5346   2.810854    -0.5338   2.811128    7.10436    -0.0749    13.8155 0.0000e+00  -61.43767  -57.85967 1152528983 191.455849    34.2739      60202         13  0.000e+00
    150.959    -0.5347   2.810861    -0.5337   2.811134    7.10430    -0.0857    13.8155 0.0000e+00  -61.43767  -57.85967 1152528983 191.455850    34.2741      60203         13  0.000e+00
    150.959    -0.5342   2.810871    -0.5340   2.811139    7.10423    -0.0749    13.8155 0.0000e+00  -61.43767  -57.85967 1152528983 191.455850    34.2738      60204         13  0.000e+00
    150.959    -0.5346   2.810874    -0.5343   2.811139    7.10900    -0.0964    13.8155 0.0000e+00  -61.43767  -57.85967 1152528983 191.455851    34.2742      60205         13  0.000e+00
    150.959    -0.5342   2.810874    -0.5338   2.811122    7.10895    -0.0749    13.8155 0.0000e+00  -61.43767  -57.85967 1152528983 191.455851    34.2738      60206         13  0.000e+00
    150.883    -0.5344   2.810874    -0.5341   2.811133    7.10890    -0.0857    13.8155 0.0000e+00  -61.43767  -57.85967 1152528984 191.455852    34.2740      60207         13  0.000e+00
    150.959    -0.5346   2.810868    -0.5340   2.811139    7.10901    -0.1072    13.8155 0.0000e+00  -61.43767  -57.85967 1152528984 191.455852    34.2741      60208         13  0.000e+00
    150.960    -0.5342   2.810871    -0.5335   2.811128    7.10896    -0.0749    13.8155 0.0000e+00  -61.43767  -57.85967 1152528984 191.455853    34.2738      60209         13  0.000e+00
    150.960    -0.5339   2.810854    -0.5343   2.811134    7.10420    -0.0857    13.8155 0.0000e+00  -61.43767  -57.85967 1152528984 191.455853    34.2732      60210         13  0.000e+00
    150.883    -0.5339   2.810851    -0.5341   2.811139    7.10885    -0.0426    13.8155 0.0000e+00  -61.43767  -57.85967 1152528984 191.455854    34.2732      60211         13  0.000e+00
    150.960    -0.5344   2.810868    -0.5342   2.811139    7.10425    -0.0749    13.8155 0.0000e+00  -61.43767  -57.85967 1152528984 191.455854    34.2739      60212         13  0.000e+00
    150.960    -0.5345   2.810874    -0.5341   2.811122    7.10427    -0.0964    13.8155 0.0000e+00  -61.43767  -57.85967 1152528984 191.455855    34.2742      60213         13  0.000e+00
    150.893    -0.5339   2.810868    -0.5342   2.811151    7.10412    -0.0642    13.8155 0.0000e+00  -61.43767  -57.85967 1152528984 191.455855    34.2734      60214         13  0.000e+00
    150.960    -0.5343   2.810871    -0.5340   2.811145    7.10896    -0.0426    13.8155 0.0000e+00  -61.43767  -57.85967 1152528984 191.455856    34.2738      60215         13  0.000e+00
    150.883    -0.5342   2.810874    -0.5343   2.811128    7.10888    -0.0857    13.8155 0.0000e+00  -61.43767  -57.85967 1152528984 191.455856    34.2738      60216         13  0.000e+00
    150.960    -0.5344   2.810854    -0.5343   2.811134    7.10899    -0.0749    13.8155 0.0000e+00  -61.43767  -57.85967 1152528984 191.455856    34.2737      60217         13  0.000e+00
    150.893    -0.5347   2.810868    -0.5346   2.811099    7.10896    -0.0319    13.8155 0.0000e+00  -61.43767  -57.85967 1152528984 191.455857    34.2743      60218         13  0.000e+00
    150.883    -0.5345   2.810884    -0.5338   2.811122    7.10892    -0.0534    13.8155 0.0000e+00  -61.43767  -57.85967 1152528984 191.455857    34.2743      60219         13  0.000e+00
    150.960    -0.5341   2.810894    -0.5344   2.811122    7.10892    -0.0964    13.8155 0.0000e+00  -61.43767  -57.85967 1152528984 191.455858    34.2739      60220         13  0.000e+00
    150.883    -0.5346   2.810878    -0.5342   2.811133    7.10892    -0.0857    13.8155 0.0000e+00  -61.43767  -57.85967 1152528984 191.455858    34.2743      60221         13  0.000e+00
    150.893    -0.5339   2.810874    -0.5344   2.811151    7.10884    -0.0426    13.8155 0.0000e+00  -61.43767  -57.85967 1152528984 191.455859    34.2735      60222         13  0.000e+00
    150.883    -0.5342   2.810874    -0.5340   2.811139    7.10415    -0.0426    13.8155 0.0000e+00  -61.43767  -57.85967 1152528984 191.455859    34.2738      60223         13  0.000e+00
    150.883    -0.5344   2.810907    -0.5341   2.811122    7.10415    -0.0211    13.8155 0.0000e+00  -61.43767  -57.85967 1152528984 191.455860    34.2745      60224         13  0.000e+00
    150.883    -0.5341   2.810894    -0.5345   2.811133    7.10885    -0.0426    13.8155 0.0000e+00  -61.43767  -57.85967 1152528984 191.455860    34.2740      60225         13  0.000e+00
    150.883    -0.5342   2.810894    -0.5343   2.811122    7.10886    -0.0426    13.8155 0.0000e+00  -61.43767  -57.85967 1152528984 191.455861    34.2741      60226         13  0.000e+00
    150.893    -0.5342   2.810897    -0.5346   2.811093    7.10887    -0.0642    13.8155 0.0000e+00  -61.43767  -57.85967 1152528984 191.455861    34.2742      60227         13  0.000e+00
    150.883    -0.5338   2.810828    -0.5344   2.811087    7.10885    -0.0534    13.8155 0.0000e+00  -61.43767  -57.85967 1152528984 191.455862    34.2727      60228         13  0.000e+00
    150.883    -0.5341   2.810874    -0.5349   2.811116    7.10885    -0.0319    13.8155 0.0000e+00  -61.43767  -57.85967 1152528984 191.455862    34.2736      60229         13  0.000e+00
    150.817    -0.5344   2.810907    -0.5343   2.811133    7.10881    -0.0426    13.8155 0.0000e+00  -61.43767  -57.85967 1152528984 191.455863    34.2745      60230         13  0.000e+00
    150.893    -0.5341   2.810864    -0.5346   2.811099    7.10888    -0.0319    13.8155 0.0000e+00  -61.43767  -57.85967 1152528985 191.455863    34.2736      60231         13  0.000e+00
    150.817    -0.5342   2.810851    -0.5342   2.811104    7.10883    -0.0426    13.8155 0.0000e+00  -61.43767  -57.85967 1152528985 191.455864    34.2736      60232         13  0.000e+00
    150.883    -0.5341   2.810901    -0.5341   2.811116    7.10884    -0.0749    13.8155 0.0000e+00  -61.43767  -57.85967 1152528985 191.455864    34.2740      60233         13  0.000e+00
    150.883    -0.5344   2.810901    -0.5345   2.811116    7.10888    -0.0642    13.8155 0.0000e+00  -61.43767  -57.85967 1152528985 191.455865    34.2744      60234         13  0.000e+00
    150.817    -0.5344   2.810858    -0.5349   2.811133    7.10885    -0.0319    13.8155 0.0000e+00  -61.43767  -57.85967 1152528985 191.455865    34.2739      60235         13  0.000e+00
    150.817    -0.5344   2.810864    -0.5343   2.811128    7.10884    -0.0319    13.8155 0.0000e+00  -61.43767  -57.85967 1152528985 191.455866    34.2739      60236         13  0.000e+00
    150.884    -0.5345   2.810854    -0.5343   2.811133    7.10894    -0.0211    13.8155 0.0000e+00  -61.43767  -57.85967 1152528985 191.455866    34.2739      60237         13  0.000e+00
    150.817    -0.5347   2.810851    -0.5343   2.811099    7.10417    -0.0534    13.8155 0.0000e+00  -61.43767  -57.85967 1152528985 191.455867    34.2741      60238         13  0.000e+00
    150.817    -0.5352   2.810851    -0.5341   2.811104    7.10423    -0.0426    13.8155 0.0000e+00  -61.43767  -57.85967 1152528985 191.455867    34.2746      60239         13  0.000e+00
    150.817    -0.5342   2.810851    -0.5345   2.811093    7.10410    -0.0319    13.8155 0.0000e+00  -61.43767  -57.85967 1152528985 191.455868    34.2736      60240         13  0.000e+00
    150.532    -0.5376   2.810516    -0.5367   2.810831    7.09980     0.0004    13.8155 0.0000e+00  -61.43767  -57.85967 1152528991 191.455937    34.2731      60384         14  0.000e+00
    150.532    -0.5380   2.810516    -0.5366   2.810854    7.09985    -0.0319    13.8155 0.0000e+00  -61.43767  -57.85967 1152528991 191.455938    34.2735      60385         14  0.000e+00
    150.541    -0.5375   2.810546    -0.5365   2.810854    7.09977    -0.0642    13.8155 0.0000e+00  -61.43767  -57.85967 1152528991 191.455938    34.2733      60386         14  0.000e+00
    150.465    -0.5380   2.810523    -0.5363   2.810854    7.09978    -0.0749    13.8155 0.0000e+00  -61.43767  -57.85967 1152528991 191.455938    34.2736      60387         14  0.000e+00
    150.532    -0.5366   2.810523    -0.5363   2.810825    7.09965    -0.0426    13.8155 0.0000e+00  -61.43767  -57.85967 1152528991 191.455939    34.2720      60388         14  0.000e+00
    150.608    -0.5376   2.810549    -0.5360   2.810836    7.09986    -0.0319    13.8155 0.0000e+00  -61.43767  -57.85967 1152528991 191.455939    34.2735      60389         14  0.000e+00
    150.541    -0.5375   2.810576    -0.5365   2.810866    7.09975    -0.0749    13.8155 0.0000e+00  -61.43767  -57.85967 1152528991 191.455940    34.2737      60390         14  0.000e+00
    150.608    -0.5372   2.810583    -0.5364   2.810854    7.09977    -0.0964    13.8155 0.0000e+00  -61.43767  -57.85967 1152528991 191.455940    34.2735      60391         14  0.000e+00
    150.608    -0.5372   2.810546    -0.5363   2.810848    7.09979    -0.0319    13.8155 0.0000e+00  -61.43767  -57.85967 1152528991 191.455941    34.2729      60392         14  0.000e+00
    150.608    -0.5369   2.810579    -0.5364   2.810836    7.09973    -0.0319    13.8155 0.0000e+00  -61.43767  -57.85967 1152528991 191.455941    34.2730      60393         14  0.000e+00
    150.608    -0.5372   2.810549    -0.5365   2.810842    7.09980    -0.0857    13.8155 0.0000e+00  -61.43767  -57.85967 1152528991 191.455942    34.2730      60394         14  0.000e+00
    150.608    -0.5372   2.810500    -0.5365   2.810848    7.09982    -0.0534    13.8155 0.0000e+00  -61.43767  -57.85967 1152528991 191.455942    34.2723      60395         14  0.000e+00
    150.675    -0.5378   2.810457    -0.5364   2.810866    7.10000    -0.0749    13.8155 0.0000e+00  -61.43767  -57.85967 1152528991 191.455943    34.2724      60396         14  0.000e+00
    150.675    -0.5378   2.810477    -0.5365   2.810831    7.09999    -0.0319    13.8155 0.0000e+00  -61.43767  -57.85967 1152528991 191.455943    34.2726      60397         14  0.000e+00
    150.685    -0.5380   2.810467    -0.5367   2.810819    7.10004    -0.0749    13.8155 0.0000e+00  -61.43767  -57.85967 1152528991 191.455944    34.2727      60398         14  0.000e+00
    150.675    -0.5380   2.810450    -0.5365   2.810848    7.10003    -0.0642    13.8155 0.0000e+00  -61.43767  -57.85967 1152528992 191.455944    34.2725      60399         14  0.000e+00
    150.752    -0.5380   2.810477    -0.5364   2.810848    7.10009    -0.1180    13.8155 0.0000e+00  -61.43767  -57.85967 1152528992 191.455945    34.2728      60400         14  0.000e+00
    150.752    -0.5375   2.810506    -0.5369   2.810866    7.10001    -0.0642    13.8155 0.0000e+00  -61.43767  -57.85967 1152528992 191.455945    34.2727      60401         14  0.000e+00
    150.685    -0.5378   2.810546    -0.5363   2.810854    7.09995    -0.0534    13.8155 0.0000e+00  -61.43767  -57.85967 1152528992 191.455946    34.2736      60402         14  0.000e+00
    150.752    -0.5372   2.810516    -0.5368   2.810825    7.09995    -0.0857    13.8155 0.0000e+00  -61.43767  -57.85967 1152528992 191.455946    34.2724      60403         14  0.000e+00
    150.819    -0.5372   2.810526    -0.5372   2.810819    7.10002    -0.0964    13.8155 0.0000e+00  -61.43767  -57.85967 1152528992 191.455947    34.2726      60404         14  0.000e+00
    150.752    -0.5373   2.810536    -0.5374   2.810778    7.09996    -0.0964    13.8155 0.0000e+00  -61.43767  -57.85967 1152528992 191.455947    34.2729      60405         14  0.000e+00
    150.819    -0.5370   2.810569    -0.5375   2.810755    7.09996    -0.0426    13.8155 0.0000e+00  -61.43767  -57.85967 1152528992 191.455948    34.2729      60406         14  0.000e+00
    150.819    -0.5369   2.810530    -0.5374   2.810743    7.09997    -0.0319    13.8155 0.0000e+00  -61.43767  -57.85967 1152528992 191.455948    34.2723      60407         14  0.000e+00
    150.819    -0.5369   2.810540    -0.5374   2.810761    7.09996    -0.0426    13.8155 0.0000e+00  -61.43767  -57.85967 1152528992 191.455949    34.2724      60408         14  0.000e+00
    150.886    -0.5373   2.810540    -0.5369   2.810784    7.10009    -0.0749    13.8155 0.0000e+00  -61.43767  -57.85967 1152528992 191.455949    34.2728      60409         14  0.000e+00
    150.819    -0.5374   2.810536    -0.5374   2.810772    7.10003    -0.0749    13.8155 0.0000e+00  -61.43767  -57.85967 1152528992 191.455950    34.2729      60410         14  0.000e+00
    150.886    -0.5375   2.810500    -0.5367   2.810784    7.10014    -0.0749    13.8155 0.0000e+00  -61.43767  -57.85967 1152528992 191.455950    34.2725      60411         14  0.000e+00
    150.886    -0.5382   2.810430    -0.5362   2.810825    7.10029    -0.0534    13.8155 0.0000e+00  -61.43767  -57.85967 1152528992 191.455951    34.2724      60412         14  0.000e+00
    150.962    -0.5378   2.810420    -0.5368   2.810819    7.10032    -0.0319    13.8155 0.0000e+00  -61.43767  -57.85967 1152528992 191.455951    34.2718      60413         14  0.000e+00
    150.895    -0.5381   2.810404    -0.5374   2.810761    7.10030    -0.0534    13.8155 0.0000e+00  -61.43767  -57.85967 1152528992 191.455951    34.2719      60414         14  0.000e+00
    150.962    -0.5381   2.810434    -0.5374   2.810720    7.10035    -0.0426    13.8155 0.0000e+00  -61.43767  -57.85967 1152528992 191.455952    34.2722      60415         14  0.000e+00
    150.962    -0.5388   2.810394    -0.5367   2.810790    7.10047    -0.0534    13.8155 0.0000e+00  -61.43767  -57.85967 1152528992 191.455952    34.2724      60416         14  0.000e+00
    150.962    -0.5386   2.810371    -0.5363   2.810854    7.10045    -0.0642    13.8155 0.0000e+00  -61.43767  -57.85967 1152528992 191.455953    34.2719      60417         14  0.000e+00
    150.962    -0.5386   2.810341    -0.5366   2.810842    7.10047    -0.0749    13.8155 0.0000e+00  -61.43767  -57.85967 1152528992 191.455953    34.2715      60418         14  0.000e+00
    151.039    -0.5388   2.810351    -0.5365   2.810842    7.10530    -0.0534    13.8155 0.0000e+00  -61.43767  -57.85967 1152528992 191.455954    34.2718      60419         14  0.000e+00
    151.029    -0.5387   2.810371    -0.5354   2.810906    7.10527    -0.0426    13.8155 0.0000e+00  -61.43767  -57.85967 1152528992 191.455954    34.2721      60420         14  0.000e+00
    151.029    -0.5389   2.810344    -0.5354   2.810930    7.10058    -0.1072    13.8155 0.0000e+00  -61.43767  -57.85967 1152528992 191.455955    34.2719      60421         14  0.000e+00
    151.029    -0.5386   2.810344    -0.5365   2.810866    7.10055    -0.1072    13.8155 0.0000e+00  -61.43767  -57.85967 1152528993 191.455955    34.2716      60422         14  0.000e+00
    151.105    -0.5387   2.810338    -0.5367   2.810784    7.10064    -0.0964    13.8155 0.0000e+00  -61.43767  -57.85967 1152528993 191.455956    34.2716      60423         14  0.000e+00
    151.096    -0.5389   2.810334    -0.5375   2.810726    7.10065    -0.0642    13.8155 0.0000e+00  -61.43767  -57.85967 1152528993 191.455956    34.2717      60424         14  0.000e+00
    151.096    -0.5386   2.810334    -0.5378   2.810720    7.10534    -0.0534    13.8155 0.0000e+00  -61.43767  -57.85967 1152528993 191.455957    34.2714      60425         14  0.000e+00
    151.096    -0.5387   2.810351    -0.5379   2.810714    7.10062    -0.0857    13.8155 0.0000e+00  -61.43767  -57.85967 1152528993 191.455957    34.2718      60426         14  0.000e+00
