product_data/regression_test/downloaded_data/MGDS/320620060703/ctd/p6609201.ros
* Sea-Bird SBE 9 Data File:
* FileName = D:\Data\Raw\P6609102.dat
* Software Version Seasave Win32 V 5.32
* Temperature SN = 1649
* Conductivity SN = 1431
* Number of Bytes Per Scan = 37
* Number of Voltage Words = 5
* Number of Scans Averaged by the Deck Unit = 1
* NMEA Latitude = 61 15.00 S
* NMEA Longitude = 057 59.99 W
* NMEA UTC (Time) = 19:49:40
** Ship:   Nathaniel B. Palmer nbp
** Cruise:    NBP0603 nbp0606
** Cast #: 01
** Station:   92
** Operator: mf
# nquan = 17
# nvalues = 1174                    
# units = specified
# name 0 = prDM: Pressure, Digiquartz [db]
# name 1 = t090C: Temperature [ITS-90, deg C]
# name 2 = c0S/m: Conductivity [S/m]
# name 3 = t190C: Temperature, 2 [ITS-90, deg C]
# name 4 = c1S/m: Conductivity, 2 [S/m]
# name 5 = sbeox0ML/L: Oxygen, SBE 43 [ml/l]
# name 6 = flECO-AFL: Fluorescence, Wetlab ECO-AFL/FL [mg/m^3]
# name 7 = bat: Beam Attenuation, Chelsea/Seatech/Wetlab CStar [1/m]
# name 8 = spar: SPAR/Surface Irradiance
# name 9 = latitude: Latitude [deg]
# name 10 = longitude: Longitude [deg]
# name 11 = timeY: Time, System [seconds]
# name 12 = timeJ: Julian Days
# name 13 = sal00: Salinity [PSU]
# name 14 = scan: scan number
# name 15 = nbf: number of bottles fired
# name 16 = flag:  0.000e+00
# interval = seconds: 0.0416667                   
# start_time = Jul 10 2006 19:49:48
*END*
[from data line 86]
   1000.112     1.3945   3.048056     1.3958   3.048373    4.82042    -0.1180    13.8155 0.0000e+00  -61.25000  -57.99983 1152562570 191.844586    34.7271      38023          2  0.000e+00
   1000.189     1.3944   3.048083     1.3957   3.048403    4.82047    -0.1180    13.8155 0.0000e+00  -61.25000  -57.99983 1152562570 191.844587    34.7276      38024          2  0.000e+00
   1000.209     1.3947   3.048059     1.3956   3.048379    4.82550    -0.0964    13.8155 0.0000e+00  -61.25000  -57.99983 1152562570 191.844587    34.7269      38025          2  0.000e+00
   1000.189     1.3942   3.048101     1.3956   3.048385    4.82552    -0.0964    13.8155 0.0000e+00  -61.25000  -57.99983 1152562570 191.844588    34.7280      38026          2  0.000e+00
   1000.257     1.3945   3.048121     1.3958   3.048373    4.82553    -0.0749    13.8155 0.0000e+00  -61.25000  -57.99983 1152562570 191.844588    34.7279      38027          2  0.000e+00
   1000.189     1.3951   3.048104     1.3951   3.048343    4.82543    -0.0964    13.8155 0.0000e+00  -61.25000  -57.99983 1152562570 191.844589    34.7271      38028          2  0.000e+00
   1000.257     1.3945   3.048114     1.3956   3.048355    4.82049    -0.1180    13.8155 0.0000e+00  -61.25000  -57.99983 1152562570 191.844589    34.7278      38029          2  0.000e+00
   1000.325     1.3942   3.048101     1.3953   3.048385    4.82057    -0.1180    13.8155 0.0000e+00  -61.25000  -57.99983 1152562570 191.844590    34.7279      38030          2  0.000e+00
   1000.276     1.3945   3.048063     1.3951   3.048391    4.82052    -0.0964    13.8155 0.0000e+00  -61.25000  -57.99983 1152562570 191.844590    34.7271      38031          2  0.000e+00
   1000.325     1.3947   3.048049     1.3954   3.048349    4.82055    -0.0964    13.8155 0.0000e+00  -61.25000  -57.99983 1152562571 191.844591    34.7267      38032          2  0.000e+00
   1000.325     1.3944   3.048011     1.3945   3.048337    4.82562    -0.0749    13.8155 0.0000e+00  -61.25000  -57.99983 1152562571 191.844591    34.7265      38033          2  0.000e+00
   1000.402     1.3937   3.048035     1.3947   3.048295    4.82574    -0.1072    13.8155 0.0000e+00  -61.25000  -57.99983 1152562571 191.844592    34.7276      38034          2  0.000e+00
    750.079     1.6629   3.060469     1.6641   3.060702    4.66409    -0.1180    13.8155 0.0000e+00  -61.25000  -57.99983 1152562974 191.849255    34.7274      47705          3  0.000e+00
    750.069     1.6627   3.060465     1.6637   3.060695    4.66894    -0.0964    13.8155 0.0000e+00  -61.25000  -57.99983 1152562974 191.849256    34.7275      47706          3  0.000e+00
    750.137     1.6635   3.060483     1.6642   3.060714    4.66406    -0.0749    13.8155 0.0000e+00  -61.25000  -57.99983 1152562974 191.849256    34.7268      47707          3  0.000e+00
    750.069     1.6635   3.060490     1.6643   3.060768    4.66402    -0.0749    13.8155 0.0000e+00  -61.25000  -57.99983 1152562974 191.849257    34.7269      47708          3  0.000e+00
    750.069     1.6637   3.060479     1.6639   3.060738    4.66401    -0.0749    13.8155 0.0000e+00  -61.25000  -57.99983 1152562974 191.849257    34.7266      47709          3  0.000e+00
    750.069     1.6641   3.060486     1.6645   3.060701    4.66880    -0.1180    13.8155 0.0000e+00  -61.25000  -57.99983 1152562974 191.849258    34.7262      47710          3  0.000e+00
    750.069     1.6641   3.060524     1.6636   3.060695    4.66878    -0.0964    13.8155 0.0000e+00  -61.25000  -57.99983 1152562974 191.849258    34.7267      47711          3  0.000e+00
    750.069     1.6646   3.060538     1.6641   3.060677    4.66873    -0.0534    13.8155 0.0000e+00  -61.25000  -57.99983 1152562974 191.849259    34.7263      47712          3  0.000e+00
    750.137     1.6641   3.060517     1.6635   3.060689    4.66883    -0.0534    13.8155 0.0000e+00  -61.25000  -57.99983 1152562974 191.849259    34.7266      47713          3  0.000e+00
    750.070     1.6641   3.060531     1.6637   3.060677    4.66394    -0.0964    13.8155 0.0000e+00  -61.25000  -57.99983 1152562974 191.849260    34.7268      47714          3  0.000e+00
    750.070     1.6640   3.060476     1.6633   3.060671    4.66398    -0.1180    13.8155 0.0000e+00  -61.25000  -57.99983 1152562974 191.849260    34.7263      47715          3  0.000e+00
    750.070     1.6632   3.060407     1.6631   3.060647    4.66408    -0.0749    13.8155 0.0000e+00  -61.25000  -57.99983 1152562974 191.849261    34.7262      47716          3  0.000e+00
    750.070     1.6629   3.060393     1.6627   3.060593    4.66412    -0.0749    13.8155 0.0000e+00  -61.25000  -57.99983 1152562974 191.849261    34.7264      47717          3  0.000e+00
    750.070     1.6623   3.060393     1.6620   3.060599    4.66902    -0.0857    13.8155 0.0000e+00  -61.25000  -57.99983 1152562974 191.849262    34.7271      47718          3  0.000e+00
    750.137     1.6622   3.060393     1.6622   3.060593    4.66906    -0.0642    13.8155 0.0000e+00  -61.25000  -57.99983 1152562974 191.849262    34.7271      47719          3  0.000e+00
    750.070     1.6623   3.060393     1.6620   3.060563    4.66902    -0.0534    13.8155 0.0000e+00  -61.25000  -57.99983 1152562974 191.849263    34.7271      47720          3  0.000e+00
    750.079     1.6624   3.060383     1.6624   3.060593    4.66417    -0.0642    13.8155 0.0000e+00  -61.25000  -57.99983 1152562974 191.849263    34.7268      47721          3  0.000e+00
    750.137     1.6621   3.060407     1.6631   3.060629    4.66423    -0.1395    13.8155 0.0000e+00  -61.25000  -57.99983 1152562974 191.849264    34.7274      47722          3  0.000e+00
    750.070     1.6618   3.060397     1.6634   3.060641    4.66422    -0.1180    13.8155 0.0000e+00  -61.25000  -57.99983 1152562974 191.849264    34.7277      47723          3  0.000e+00
    750.137     1.6621   3.060393     1.6628   3.060641    4.66424    -0.1072    13.8155 0.0000e+00  -61.25000  -57.99983 1152562974 191.849265    34.7272      47724          3  0.000e+00
    750.070     1.6623   3.060355     1.6631   3.060641    4.66903    -0.0426    13.8155 0.0000e+00  -61.25000  -57.99983 1152562974 191.849265    34.7266      47725          3  0.000e+00
    750.137     1.6626   3.060379     1.6632   3.060617    4.66904    -0.0319    13.8155 0.0000e+00  -61.25000  -57.99983 1152562974 191.849266    34.7266      47726          3  0.000e+00
    750.070     1.6626   3.060362     1.6637   3.060653    4.66900    -0.0857    13.8155 0.0000e+00  -61.25000  -57.99983 1152562974 191.849266    34.7264      47727          3  0.000e+00
    750.137     1.6626   3.060400     1.6637   3.060708    4.66903    -0.1287    13.8155 0.0000e+00  -61.25000  -57.99983 1152562975 191.849266    34.7268      47728          3  0.000e+00
    750.070     1.6626   3.060397     1.6647   3.060744    4.66899    -0.1180    13.8155 0.0000e+00  -61.25000  -57.99983 1152562975 191.849267    34.7268      47729          3  0.000e+00
    750.137     1.6629   3.060373     1.6643   3.060774    4.66901    -0.0964    13.8155 0.0000e+00  -61.25000  -57.99983 1152562975 191.849267    34.7261      47730          3  0.000e+00
    750.070     1.6624   3.060386     1.6637   3.060738    4.66417    -0.0534    13.8155 0.0000e+00  -61.25000  -57.99983 1152562975 191.849268    34.7269      47731          3  0.000e+00
    750.137     1.6629   3.060428     1.6641   3.060702    4.66415    -0.0426    13.8155 0.0000e+00  -61.25000  -57.99983 1152562975 191.849268    34.7268      47732          3  0.000e+00
    750.137     1.6626   3.060452     1.6634   3.060714    4.66417    -0.0534    13.8155 0.0000e+00  -61.25000  -57.99983 1152562975 191.849269    34.7275      47733          3  0.000e+00
    750.137     1.6632   3.060479     1.6639   3.060726    4.66894    -0.0749    13.8155 0.0000e+00  -61.25000  -57.99983 1152562975 191.849269    34.7271      47734          3  0.000e+00
    749.993     1.6634   3.060452     1.6632   3.060701    4.66400    -0.0964    13.8155 0.0000e+00  -61.25000  -57.99983 1152562975 191.849270    34.7267      47735          3  0.000e+00
    750.205     1.6629   3.060459     1.6637   3.060678    4.66902    -0.1395    13.8155 0.0000e+00  -61.25000  -57.99983 1152562975 191.849270    34.7272      47736          3  0.000e+00
    750.147     1.6629   3.060466     1.6636   3.060690    4.66414    -0.1180    13.8155 0.0000e+00  -61.25000  -57.99983 1152562975 191.849271    34.7273      47737          3  0.000e+00
    750.137     1.6634   3.060483     1.6636   3.060696    4.66892    -0.1287    13.8155 0.0000e+00  -61.25000  -57.99983 1152562975 191.849271    34.7270      47738          3  0.000e+00
    750.137     1.6632   3.060462     1.6640   3.060714    4.66894    -0.1072    13.8155 0.0000e+00  -61.25000  -57.99983 1152562975 191.849272    34.7269      47739          3  0.000e+00
    750.137     1.6632   3.060462     1.6641   3.060702    4.66894    -0.1072    13.8155 0.0000e+00  -61.25000  -57.99983 1152562975 191.849272    34.7269      47740          3  0.000e+00
    750.137     1.6635   3.060428     1.6636   3.060696    4.66409    -0.1395    13.8155 0.0000e+00  -61.25000  -57.99983 1152562975 191.849273    34.7261      47741          3  0.000e+00
    750.137     1.6627   3.060397     1.6634   3.060696    4.66901    -0.0964    13.8155 0.0000e+00  -61.25000  -57.99983 1152562975 191.849273    34.7266      47742          3  0.000e+00
    750.137     1.6627   3.060393     1.6637   3.060677    4.66417    -0.0964    13.8155 0.0000e+00  -61.25000  -57.99983 1152562975 191.849274    34.7265      47743          3  0.000e+00
    750.137     1.6624   3.060410     1.6635   3.060690    4.66904    -0.0964    13.8155 0.0000e+00  -61.25000  -57.99983 1152562975 191.849274    34.7271      47744          3  0.000e+00
    750.137     1.6629   3.060428     1.6628   3.060653    4.66898    -0.1180    13.8155 0.0000e+00  -61.25000  -57.99983 1152562975 191.849275    34.7268      47745          3  0.000e+00
    750.137     1.6629   3.060455     1.6622   3.060599    4.66898    -0.1502    13.8155 0.0000e+00  -61.25000  -57.99983 1152562975 191.849275    34.7272      47746          3  0.000e+00
    750.205     1.6632   3.060445     1.6625   3.060539    4.66899    -0.1287    13.8155 0.0000e+00  -61.25000  -57.99983 1152562975 191.849276    34.7266      47747          3  0.000e+00
    750.137     1.6632   3.060459     1.6616   3.060545    4.66894    -0.1180    13.8155 0.0000e+00  -61.25000  -57.99983 1152562975 191.849276    34.7269      47748          3  0.000e+00
    750.137     1.6629   3.060428     1.6620   3.060533    4.66899    -0.1180    13.8155 0.0000e+00  -61.25000  -57.99983 1152562975 191.849277    34.7268      47749          3  0.000e+00
    750.205     1.6623   3.060397     1.6620   3.060569    4.66910    -0.0964    13.8155 0.0000e+00  -61.25000  -57.99983 1152562975 191.849277    34.7271      47750          3  0.000e+00
    750.137     1.6627   3.060345     1.6625   3.060563    4.66903    -0.0964    13.8155 0.0000e+00  -61.25000  -57.99983 1152562975 191.849278    34.7259      47751          3  0.000e+00
    750.137     1.6621   3.060321     1.6635   3.060617    4.66910    -0.1395    13.8155 0.0000e+00  -61.25000  -57.99983 1152562976 191.849278    34.7263      47752          3  0.000e+00
    750.147     1.6613   3.060300     1.6633   3.060659    4.66920    -0.1395    13.8155 0.0000e+00  -61.25000  -57.99983 1152562976 191.849279    34.7269      47753          3  0.000e+00
    749.069     1.6618   3.060283     1.6622   3.060527    4.66846    -0.1180    13.8155 0.0000e+00  -61.25000  -57.99983 1152562979 191.849316    34.7268      47831          4  0.000e+00
    749.136     1.6618   3.060290     1.6619   3.060503    4.66850    -0.0964    13.8155 0.0000e+00  -61.25000  -57.99983 1152562979 191.849317    34.7269      47832          4  0.000e+00
    749.136     1.6620   3.060248     1.6623   3.060497    4.66850    -0.0749    13.8155 0.0000e+00  -61.25000  -57.99983 1152562979 191.849317    34.7261      47833          4  0.000e+00
    749.136     1.6616   3.060224     1.6619   3.060497    4.66854    -0.0964    13.8155 0.0000e+00  -61.25000  -57.99983 1152562979 191.849318    34.7262      47834          4  0.000e+00
    749.069     1.6613   3.060224     1.6620   3.060497    4.66853    -0.1072    13.8155 0.0000e+00  -61.25000  -57.99983 1152562979 191.849318    34.7266      47835          4  0.000e+00
    749.069     1.6607   3.060224     1.6623   3.060515    4.66859    -0.0642    13.8155 0.0000e+00  -61.25000  -57.99983 1152562979 191.849319    34.7273      47836          4  0.000e+00
    748.992     1.6612   3.060242     1.6625   3.060503    4.66848    -0.0319    13.8155 0.0000e+00  -61.25000  -57.99983 1152562979 191.849319    34.7270      47837          4  0.000e+00
    748.992     1.6615   3.060200     1.6618   3.060479    4.66847    -0.0642    13.8155 0.0000e+00  -61.25000  -57.99983 1152562979 191.849320    34.7261      47838          4  0.000e+00
    748.992     1.6613   3.060176     1.6619   3.060491    4.66850    -0.0964    13.8155 0.0000e+00  -61.25000  -57.99983 1152562979 191.849320    34.7260      47839          4  0.000e+00
    748.924     1.6612   3.060211     1.6622   3.060515    4.66845    -0.1395    13.8155 0.0000e+00  -61.25000  -57.99983 1152562979 191.849321    34.7266      47840          4  0.000e+00
    748.867     1.6610   3.060204     1.6620   3.060503    4.66843    -0.1395    13.8155 0.0000e+00  -61.25000  -57.99983 1152562979 191.849321    34.7268      47841          4  0.000e+00
    748.924     1.6608   3.060200     1.6619   3.060497    4.66849    -0.0964    13.8155 0.0000e+00  -61.25000  -57.99983 1152562979 191.849321    34.7269      47842          4  0.000e+00
    748.924     1.6608   3.060180     1.6619   3.060497    4.66849    -0.0534    13.8155 0.0000e+00  -61.25000  -57.99983 1152562979 191.849322    34.7266      47843          4  0.000e+00
    748.780     1.6612   3.060183     1.6619   3.060497    4.66837    -0.0964    13.8155 0.0000e+00  -61.25000  -57.99983 1152562979 191.849322    34.7264      47844          4  0.000e+00
    748.857     1.6612   3.060231     1.6622   3.060455    4.66840    -0.0534    13.8155 0.0000e+00  -61.25000  -57.99983 1152562979 191.849323    34.7269      47845          4  0.000e+00
    748.780     1.6612   3.060193     1.6620   3.060461    4.66837    -0.0534    13.8155 0.0000e+00  -61.25000  -57.99983 1152562979 191.849323    34.7265      47846          4  0.000e+00
    748.780     1.6613   3.060211     1.6619   3.060491    4.66835    -0.0749    13.8155 0.0000e+00  -61.25000  -57.99983 1152562979 191.849324    34.7266      47847          4  0.000e+00
    748.780     1.6612   3.060204     1.6620   3.060515    4.66836    -0.1180    13.8155 0.0000e+00  -61.25000  -57.99983 1152562980 191.849324    34.7266      47848          4  0.000e+00
    748.713     1.6618   3.060252     1.6622   3.060503    4.66824    -0.0964    13.8155 0.0000e+00  -61.25000  -57.99983 1152562980 191.849325    34.7266      47849          4  0.000e+00
    748.713     1.6616   3.060262     1.6622   3.060515    4.66825    -0.0426    13.8155 0.0000e+00  -61.25000  -57.99983 1152562980 191.849325    34.7269      47850          4  0.000e+00
    748.636     1.6616   3.060214     1.6622   3.060503    4.66822    -0.0964    13.8155 0.0000e+00  -61.25000  -57.99983 1152562980 191.849326    34.7263      47851          4  0.000e+00
    748.713     1.6615   3.060252     1.6625   3.060515    4.66827    -0.1180    13.8155 0.0000e+00  -61.25000  -57.99983 1152562980 191.849326    34.7269      47852          4  0.000e+00
    748.655     1.6623   3.060307     1.6620   3.060527    4.66813    -0.1180    13.8155 0.0000e+00  -61.25000  -57.99983 1152562980 191.849327    34.7268      47853          4  0.000e+00
