product_data/regression_test/downloaded_data/MGDS/320620060703/ctd/p6607901.ros
* Sea-Bird SBE 9 Data File:
* FileName = D:\Data\Raw\P6607901.dat
* Software Version Seasave Win32 V 5.32
* Temperature SN = 1649
* Conductivity SN = 1431
* Number of Bytes Per Scan = 37
* Number of Voltage Words = 5
* Number of Scans Averaged by the Deck Unit = 1
* NMEA Latitude = 62 20.12 S
* NMEA Longitude = 058 03.15 W
* NMEA UTC (Time) = 04:28:55
** Ship:   Nathaniel B. Palmer 
** Cruise:    NBP0603 p0606
** Cast #: 01
** Station:   79
** Operator: 
# nquan = 17
# nvalues = 1176                    
# units = specified
# name 0 = prDM: Pressure, Digiquartz [db]
# name 1 = t090C: Temperature [ITS-90, deg C]
# name 2 = c0S/m: Conductivity [S/m]
# name 3 = t190C: Temperature, 2 [ITS-90, deg C]
# name 4 = c1S/m: Conductivity, 2 [S/m]
# name 5 = sbeox0ML/L: Oxygen, SBE 43 [ml/l]
# name 6 = flECO-AFL: Fluorescence, Wetlab ECO-AFL/FL [mg/m^3]
# name 7 = bat: Beam Attenuation, Chelsea/Seatech/Wetlab CStar [1/m]
# name 8 = spar: SPAR/Surface Irradiance
# name 9 = latitude: Latitude [deg]
# name 10 = longitude: Longitude [deg]
# name 11 = timeY: Time, System [seconds]
# name 12 = timeJ: Julian Days
# name 13 = sal00: Salinity [PSU]
# name 14 = scan: scan number
# name 15 = nbf: number of bottles fired
# name 16 = flag:  0.000e+00
# interval = seconds: 0.0416667                   
# start_time = Jul 09 2006 04:29:03
*END*
[from data line 256]
    500.204    -0.5630   2.842501    -0.5628   2.842697    6.41161    -0.1287    13.8155 0.0000e+00  -62.33533  -58.05250 1152422571 190.224226    34.5191      77524          6  0.000e+00
    500.175    -0.5622   2.842508    -0.5626   2.842708    6.41148    -0.1180    13.8155 0.0000e+00  -62.33533  -58.05250 1152422571 190.224226    34.5184      77525          6  0.000e+00
    500.127    -0.5627   2.842508    -0.5619   2.842696    6.41149    -0.1072    13.8155 0.0000e+00  -62.33533  -58.05250 1152422571 190.224227    34.5189      77526          6  0.000e+00
    500.204    -0.5632   2.842525    -0.5619   2.842691    6.41161    -0.1287    13.8155 0.0000e+00  -62.33533  -58.05250 1152422571 190.224227    34.5196      77527          6  0.000e+00
    500.175    -0.5624   2.842531    -0.5622   2.842708    6.41148    -0.1287    13.8155 0.0000e+00  -62.33533  -58.05250 1152422571 190.224228    34.5189      77528          6  0.000e+00
    500.204    -0.5625   2.842511    -0.5617   2.842720    6.41154    -0.1287    13.8155 0.0000e+00  -62.33533  -58.05250 1152422572 190.224228    34.5187      77529          6  0.000e+00
    500.204    -0.5624   2.842541    -0.5619   2.842737    6.40656    -0.1610    13.8155 0.0000e+00  -62.33533  -58.05250 1152422572 190.224229    34.5190      77530          6  0.000e+00
    500.204    -0.5622   2.842571    -0.5623   2.842726    6.41146    -0.1395    13.8155 0.0000e+00  -62.33533  -58.05250 1152422572 190.224229    34.5192      77531          6  0.000e+00
    500.175    -0.5619   2.842591    -0.5625   2.842697    6.41139    -0.0964    13.8155 0.0000e+00  -62.33533  -58.05250 1152422572 190.224230    34.5191      77532          6  0.000e+00
    500.204    -0.5614   2.842548    -0.5622   2.842732    6.41137    -0.1287    13.8155 0.0000e+00  -62.33533  -58.05250 1152422572 190.224230    34.5180      77533          6  0.000e+00
    500.204    -0.5622   2.842548    -0.5622   2.842726    6.41148    -0.1395    13.8155 0.0000e+00  -62.33533  -58.05250 1152422572 190.224231    34.5189      77534          6  0.000e+00
    500.252    -0.5622   2.842585    -0.5617   2.842778    6.41150    -0.1502    13.8155 0.0000e+00  -62.33533  -58.05250 1152422572 190.224231    34.5193      77535          6  0.000e+00
    500.204    -0.5619   2.842548    -0.5616   2.842802    6.41144    -0.1825    13.8155 0.0000e+00  -62.33533  -58.05250 1152422572 190.224232    34.5186      77536          6  0.000e+00
    500.271    -0.5616   2.842561    -0.5611   2.842802    6.41145    -0.1610    13.8155 0.0000e+00  -62.33533  -58.05250 1152422572 190.224232    34.5183      77537          6  0.000e+00
    500.252    -0.5621   2.842575    -0.5616   2.842819    6.41148    -0.1180    13.8155 0.0000e+00  -62.33533  -58.05250 1152422572 190.224233    34.5190      77538          6  0.000e+00
    500.204    -0.5619   2.842578    -0.5614   2.842808    6.41142    -0.1287    13.8155 0.0000e+00  -62.33533  -58.05250 1152422572 190.224233    34.5189      77539          6  0.000e+00
    500.271    -0.5622   2.842525    -0.5611   2.842802    6.41155    -0.1180    13.8155 0.0000e+00  -62.33533  -58.05250 1152422572 190.224234    34.5186      77540          6  0.000e+00
    500.271    -0.5621   2.842471    -0.5613   2.842778    6.41156    -0.1395    13.8155 0.0000e+00  -62.33533  -58.05250 1152422572 190.224234    34.5176      77541          6  0.000e+00
    500.252    -0.5630   2.842495    -0.5616   2.842773    6.41166    -0.0749    13.8155 0.0000e+00  -62.33533  -58.05250 1152422572 190.224235    34.5190      77542          6  0.000e+00
    500.271    -0.5624   2.842525    -0.5622   2.842773    6.41157    -0.0749    13.8155 0.0000e+00  -62.33533  -58.05250 1152422572 190.224235    34.5187      77543          6  0.000e+00
    500.271    -0.5629   2.842531    -0.5620   2.842773    6.41163    -0.0749    13.8155 0.0000e+00  -62.33533  -58.05250 1152422572 190.224236    34.5193      77544          6  0.000e+00
    500.319    -0.5629   2.842511    -0.5622   2.842755    6.41168    -0.0534    13.8155 0.0000e+00  -62.33533  -58.05250 1152422572 190.224236    34.5190      77545          6  0.000e+00
    500.271    -0.5629   2.842488    -0.5622   2.842749    6.41165    -0.1180    13.8155 0.0000e+00  -62.33533  -58.05250 1152422572 190.224237    34.5187      77546          6  0.000e+00
    500.348    -0.5630   2.842451    -0.5623   2.842767    6.41177    -0.1718    13.8155 0.0000e+00  -62.33533  -58.05250 1152422572 190.224237    34.5184      77547          6  0.000e+00
    500.272    -0.5629   2.842508    -0.5622   2.842755    6.41164    -0.1502    13.8155 0.0000e+00  -62.33533  -58.05250 1152422572 190.224238    34.5190      77548          6  0.000e+00
    500.387    -0.5625   2.842511    -0.5622   2.842784    6.41170    -0.1072    13.8155 0.0000e+00  -62.33533  -58.05250 1152422572 190.224238    34.5186      77549          6  0.000e+00
    500.272    -0.5625   2.842508    -0.5617   2.842802    6.41160    -0.0964    13.8155 0.0000e+00  -62.33533  -58.05250 1152422572 190.224239    34.5187      77550          6  0.000e+00
    500.348    -0.5621   2.842558    -0.5617   2.842778    6.41653    -0.1395    13.8155 0.0000e+00  -62.33533  -58.05250 1152422572 190.224239    34.5188      77551          6  0.000e+00
    500.387    -0.5621   2.842558    -0.5611   2.842808    6.41656    -0.1180    13.8155 0.0000e+00  -62.33533  -58.05250 1152422572 190.224239    34.5187      77552          6  0.000e+00
    500.348    -0.5627   2.842555    -0.5608   2.842808    6.41661    -0.0964    13.8155 0.0000e+00  -62.33533  -58.05250 1152422572 190.224240    34.5194      77553          6  0.000e+00
    500.348    -0.5629   2.842535    -0.5605   2.842819    6.41170    -0.0534    13.8155 0.0000e+00  -62.33533  -58.05250 1152422573 190.224240    34.5193      77554          6  0.000e+00
    500.416    -0.5627   2.842531    -0.5607   2.842866    6.41174    -0.0749    13.8155 0.0000e+00  -62.33533  -58.05250 1152422573 190.224241    34.5191      77555          6  0.000e+00
    500.387    -0.5625   2.842531    -0.5605   2.842884    6.41169    -0.0642    13.8155 0.0000e+00  -62.33533  -58.05250 1152422573 190.224241    34.5189      77556          6  0.000e+00
    500.349    -0.5630   2.842531    -0.5603   2.842919    6.41172    -0.1180    13.8155 0.0000e+00  -62.33533  -58.05250 1152422573 190.224242    34.5194      77557          6  0.000e+00
    500.416    -0.5632   2.842548    -0.5605   2.842913    6.41179    -0.1287    13.8155 0.0000e+00  -62.33533  -58.05250 1152422573 190.224242    34.5198      77558          6  0.000e+00
    500.387    -0.5619   2.842585    -0.5605   2.842890    6.41158    -0.1072    13.8155 0.0000e+00  -62.33533  -58.05250 1152422573 190.224243    34.5189      77559          6  0.000e+00
    500.483    -0.5613   2.842631    -0.5605   2.842901    6.41156    -0.1287    13.8155 0.0000e+00  -62.33533  -58.05250 1152422573 190.224243    34.5188      77560          6  0.000e+00
    500.416    -0.5611   2.842661    -0.5608   2.842907    6.41146    -0.1072    13.8155 0.0000e+00  -62.33533  -58.05250 1152422573 190.224244    34.5190      77561          6  0.000e+00
    449.670    -0.4954   2.845525    -0.4938   2.845782    6.39534    -0.1287    13.8155 0.0000e+00  -62.33533  -58.05250 1152422677 190.225444    34.5134      80049          7  0.000e+00
    449.603    -0.4950   2.845508    -0.4943   2.845776    6.39525    -0.1072    13.8155 0.0000e+00  -62.33533  -58.05250 1152422677 190.225444    34.5129      80050          7  0.000e+00
    449.612    -0.4950   2.845528    -0.4936   2.845800    6.39525    -0.0857    13.8155 0.0000e+00  -62.33533  -58.05250 1152422677 190.225445    34.5131      80051          7  0.000e+00
    449.603    -0.4954   2.845545    -0.4938   2.845776    6.39527    -0.1072    13.8155 0.0000e+00  -62.33533  -58.05250 1152422677 190.225445    34.5137      80052          7  0.000e+00
    449.670    -0.4952   2.845508    -0.4939   2.845788    6.39533    -0.1180    13.8155 0.0000e+00  -62.33533  -58.05250 1152422677 190.225446    34.5130      80053          7  0.000e+00
    449.603    -0.4947   2.845535    -0.4940   2.845776    6.39519    -0.0964    13.8155 0.0000e+00  -62.33533  -58.05250 1152422677 190.225446    34.5129      80054          7  0.000e+00
    449.603    -0.4950   2.845558    -0.4938   2.845788    6.39522    -0.1610    13.8155 0.0000e+00  -62.33533  -58.05250 1152422677 190.225447    34.5135      80055          7  0.000e+00
    449.603    -0.4950   2.845551    -0.4938   2.845800    6.39522    -0.2148    13.8155 0.0000e+00  -62.33533  -58.05250 1152422677 190.225447    34.5135      80056          7  0.000e+00
    449.603    -0.4949   2.845538    -0.4936   2.845806    6.39521    -0.1502    13.8155 0.0000e+00  -62.33533  -58.05250 1152422677 190.225448    34.5131      80057          7  0.000e+00
    449.612    -0.4946   2.845545    -0.4932   2.845776    6.39518    -0.1072    13.8155 0.0000e+00  -62.33533  -58.05250 1152422677 190.225448    34.5128      80058          7  0.000e+00
    449.603    -0.4943   2.845558    -0.4929   2.845852    6.39512    -0.1072    13.8155 0.0000e+00  -62.33533  -58.05250 1152422677 190.225448    34.5127      80059          7  0.000e+00
    449.603    -0.4946   2.845568    -0.4924   2.845882    6.39516    -0.0857    13.8155 0.0000e+00  -62.33533  -58.05250 1152422677 190.225449    34.5132      80060          7  0.000e+00
    449.603    -0.4940   2.845561    -0.4921   2.845882    6.39508    -0.1180    13.8155 0.0000e+00  -62.33533  -58.05250 1152422677 190.225449    34.5124      80061          7  0.000e+00
    449.603    -0.4938   2.845585    -0.4921   2.845888    6.39505    -0.1180    13.8155 0.0000e+00  -62.33533  -58.05250 1152422677 190.225450    34.5125      80062          7  0.000e+00
    449.603    -0.4943   2.845605    -0.4916   2.845923    6.39509    -0.1180    13.8155 0.0000e+00  -62.33533  -58.05250 1152422677 190.225450    34.5133      80063          7  0.000e+00
    449.612    -0.4941   2.845615    -0.4919   2.845934    6.39507    -0.1180    13.8155 0.0000e+00  -62.33533  -58.05250 1152422677 190.225451    34.5132      80064          7  0.000e+00
    449.603    -0.4941   2.845608    -0.4921   2.845911    6.39507    -0.1072    13.8155 0.0000e+00  -62.33533  -58.05250 1152422677 190.225451    34.5131      80065          7  0.000e+00
    449.603    -0.4933   2.845598    -0.4915   2.845905    6.39497    -0.1502    13.8155 0.0000e+00  -62.33533  -58.05250 1152422677 190.225452    34.5121      80066          7  0.000e+00
    449.603    -0.4940   2.845638    -0.4918   2.845923    6.39503    -0.1610    13.8155 0.0000e+00  -62.33533  -58.05250 1152422677 190.225452    34.5134      80067          7  0.000e+00
    449.603    -0.4933   2.845625    -0.4922   2.845940    6.39496    -0.1287    13.8155 0.0000e+00  -62.33533  -58.05250 1152422677 190.225453    34.5125      80068          7  0.000e+00
    449.603    -0.4933   2.845628    -0.4918   2.845934    6.39496    -0.1180    13.8155 0.0000e+00  -62.33533  -58.05250 1152422677 190.225453    34.5125      80069          7  0.000e+00
    449.603    -0.4930   2.845631    -0.4916   2.845934    6.39492    -0.1287    13.8155 0.0000e+00  -62.33533  -58.05250 1152422677 190.225454    34.5123      80070          7  0.000e+00
    449.613    -0.4935   2.845601    -0.4919   2.845952    6.39500    -0.1395    13.8155 0.0000e+00  -62.33533  -58.05250 1152422677 190.225454    34.5124      80071          7  0.000e+00
    449.670    -0.4940   2.845605    -0.4916   2.845958    6.39511    -0.1287    13.8155 0.0000e+00  -62.33533  -58.05250 1152422677 190.225455    34.5129      80072          7  0.000e+00
    449.603    -0.4935   2.845615    -0.4912   2.845969    6.39499    -0.1395    13.8155 0.0000e+00  -62.33533  -58.05250 1152422678 190.225455    34.5125      80073          7  0.000e+00
    449.603    -0.4941   2.845628    -0.4918   2.845958    6.39506    -0.1502    13.8155 0.0000e+00  -62.33533  -58.05250 1152422678 190.225456    34.5134      80074          7  0.000e+00
    449.670    -0.4940   2.845638    -0.4912   2.845940    6.39509    -0.1502    13.8155 0.0000e+00  -62.33533  -58.05250 1152422678 190.225456    34.5133      80075          7  0.000e+00
    449.670    -0.4937   2.845615    -0.4913   2.845952    6.39507    -0.1072    13.8155 0.0000e+00  -62.33533  -58.05250 1152422678 190.225457    34.5127      80076          7  0.000e+00
    449.603    -0.4936   2.845615    -0.4912   2.845940    6.39500    -0.1072    13.8155 0.0000e+00  -62.33533  -58.05250 1152422678 190.225457    34.5127      80077          7  0.000e+00
    449.680    -0.4936   2.845608    -0.4916   2.845952    6.39508    -0.1287    13.8155 0.0000e+00  -62.33533  -58.05250 1152422678 190.225458    34.5126      80078          7  0.000e+00
    449.670    -0.4936   2.845648    -0.4924   2.845905    6.39504    -0.1395    13.8155 0.0000e+00  -62.33533  -58.05250 1152422678 190.225458    34.5131      80079          7  0.000e+00
    449.670    -0.4932   2.845655    -0.4924   2.845882    6.39498    -0.1610    13.8155 0.0000e+00  -62.33533  -58.05250 1152422678 190.225459    34.5127      80080          7  0.000e+00
    449.670    -0.4935   2.845608    -0.4930   2.845882    6.39995    -0.1395    13.8155 0.0000e+00  -62.33533  -58.05250 1152422678 190.225459    34.5124      80081          7  0.000e+00
    449.670    -0.4940   2.845621    -0.4932   2.845858    6.39510    -0.1072    13.8155 0.0000e+00  -62.33533  -58.05250 1152422678 190.225460    34.5131      80082          7  0.000e+00
    449.747    -0.4944   2.845601    -0.4930   2.845853    6.39524    -0.1395    13.8155 0.0000e+00  -62.33533  -58.05250 1152422678 190.225460    34.5133      80083          7  0.000e+00
    449.680    -0.4941   2.845568    -0.4932   2.845841    6.39516    -0.1395    13.8155 0.0000e+00  -62.33533  -58.05250 1152422678 190.225461    34.5126      80084          7  0.000e+00
    449.747    -0.4947   2.845568    -0.4935   2.845847    6.39530    -0.1287    13.8155 0.0000e+00  -62.33533  -58.05250 1152422678 190.225461    34.5132      80085          7  0.000e+00
    449.671    -0.4947   2.845531    -0.4930   2.845829    6.39526    -0.1502    13.8155 0.0000e+00  -62.33533  -58.05250 1152422678 190.225462    34.5128      80086          7  0.000e+00
    449.747    -0.4952   2.845538    -0.4935   2.845823    6.39538    -0.1718    13.8155 0.0000e+00  -62.33533  -58.05250 1152422678 190.225462    34.5133      80087          7  0.000e+00
    449.747    -0.4950   2.845525    -0.4932   2.845823    6.39537    -0.1180    13.8155 0.0000e+00  -62.33533  -58.05250 1152422678 190.225462    34.5130      80088          7  0.000e+00
    449.814    -0.4948   2.845558    -0.4941   2.845812    6.39537    -0.0749    13.8155 0.0000e+00  -62.33533  -58.05250 1152422678 190.225463    34.5131      80089          7  0.000e+00
    449.747    -0.4950   2.845561    -0.4939   2.845800    6.39535    -0.1072    13.8155 0.0000e+00  -62.33533  -58.05250 1152422678 190.225463    34.5135      80090          7  0.000e+00
    449.757    -0.4955   2.845552    -0.4944   2.845776    6.39542    -0.0749    13.8155 0.0000e+00  -62.33533  -58.05250 1152422678 190.225464    34.5139      80091          7  0.000e+00
    449.815    -0.4946   2.845575    -0.4939   2.845806    6.39534    -0.0857    13.8155 0.0000e+00  -62.33533  -58.05250 1152422678 190.225464    34.5131      80092          7  0.000e+00
    449.815    -0.4952   2.845555    -0.4939   2.845782    6.39543    -0.1180    13.8155 0.0000e+00  -62.33533  -58.05250 1152422678 190.225465    34.5135      80093          7  0.000e+00
    449.815    -0.4952   2.845525    -0.4941   2.845806    6.40035    -0.1180    13.8155 0.0000e+00  -62.33533  -58.05250 1152422678 190.225465    34.5131      80094          7  0.000e+00
