product_data/regression_test/downloaded_data/MGDS/320620060703/ctd/p6608401.cnv
* Sea-Bird SBE 9 Data File:
* FileName = D:\Data\Raw\P6608401.dat
* Software Version Seasave Win32 V 5.32
* Temperature SN = 1649
* Conductivity SN = 1431
* Number of Bytes Per Scan = 37
* Number of Voltage Words = 5
* Number of Scans Averaged by the Deck Unit = 1
* NMEA Latitude = 61 43.33 S
* NMEA Longitude = 057 38.91 W
* NMEA UTC (Time) = 00:42:37
** Ship:   Nathaniel B. Palmer 
** Cruise:    NBP0603 p0606
** Cast #: 01
** Station:   84
** Operator: 
# nquan = 15
# nvalues = 317                         
# units = specified
# name 0 = prDM: Pressure, Digiquartz [db]
# name 1 = t090C: Temperature [ITS-90, deg C]
# name 2 = c0S/m: Conductivity [S/m]
# name 3 = t190C: Temperature, 2 [ITS-90, deg C]
# name 4 = c1S/m: Conductivity, 2 [S/m]
# name 5 = sbeox0ML/L: Oxygen, SBE 43 [ml/l]
# name 6 = flECO-AFL: Fluorescence, Wetlab ECO-AFL/FL [mg/m^3]
# name 7 = bat: Beam Attenuation, Chelsea/Seatech/Wetlab CStar [1/m]
# name 8 = spar: SPAR/Surface Irradiance
# name 9 = latitude: Latitude [deg]
# name 10 = longitude: Longitude [deg]
# name 11 = timeY: Time, System [seconds]
# name 12 = timeJ: Julian Days
# name 13 = sal00: Salinity [PSU]
# name 14 = flag: flag
# span 0 =      4.000,    320.000       
# span 1 =    -0.8765,    -0.2577       
# span 2 =   2.765848,   2.853455       
# span 3 =    -0.8762,    -0.2571       
# span 4 =   2.766393,   2.853689       
# span 5 =    6.43370,    7.85042       
# span 6 =    -0.0815,     0.2542       
# span 7 =    13.8155,    13.8155       
# span 8 = 0.0000e+00, 0.0000e+00       
# span 9 =  -61.72217,  -61.72217       
# span 10 =  -57.64850,  -57.64850      
# span 11 = 1152492189, 1152492797      
# span 12 = 191.029982, 191.037019      
# span 13 =    34.1397,    34.4290      
# span 14 = 0.0000e+00, 0.0000e+00      
# interval = decibars: 1                
# start_time = Jul 10 2006 00:42:45
# bad_flag = -9.990e-29
*END*
      4.000    -0.8607   2.766920    -0.8611   2.767498    7.79546     0.2236    13.8155 0.0000e+00  -61.72217  -57.64850 1152492189 191.029982    34.1402 0.0000e+00
      5.000    -0.8606   2.766949    -0.8606   2.767548    7.80737     0.2285    13.8155 0.0000e+00  -61.72217  -57.64850 1152492197 191.030082    34.1399 0.0000e+00
      6.000    -0.8614   2.766933    -0.8658   2.767160    7.81325     0.2182    13.8155 0.0000e+00  -61.72217  -57.64850 1152492203 191.030147    34.1399 0.0000e+00
      7.000    -0.8716   2.766109    -0.8716   2.766713    7.82085     0.2242    13.8155 0.0000e+00  -61.72217  -57.64850 1152492209 191.030212    34.1399 0.0000e+00
      8.000    -0.8752   2.765848    -0.8754   2.766393    7.83105     0.2228    13.8155 0.0000e+00  -61.72217  -57.64850 1152492215 191.030282    34.1398 0.0000e+00
      9.000    -0.8749   2.765923    -0.8748   2.766490    7.83579     0.2129    13.8155 0.0000e+00  -61.72217  -57.64850 1152492222 191.030362    34.1397 0.0000e+00
     10.000    -0.8755   2.765922    -0.8757   2.766453    7.83496     0.2063    13.8155 0.0000e+00  -61.72217  -57.64850 1152492224 191.030387    34.1397 0.0000e+00
     11.000    -0.8758   2.765967    -0.8759   2.766488    7.83669     0.2220    13.8155 0.0000e+00  -61.72217  -57.64850 1152492226 191.030419    34.1400 0.0000e+00
     12.000    -0.8759   2.766005    -0.8761   2.766516    7.83782     0.2175    13.8155 0.0000e+00  -61.72217  -57.64850 1152492230 191.030462    34.1400 0.0000e+00
     13.000    -0.8755   2.766086    -0.8756   2.766600    7.84157     0.2278    13.8155 0.0000e+00  -61.72217  -57.64850 1152492234 191.030502    34.1400 0.0000e+00
     14.000    -0.8752   2.766154    -0.8755   2.766659    7.83812     0.2261    13.8155 0.0000e+00  -61.72217  -57.64850 1152492237 191.030537    34.1399 0.0000e+00
     15.000    -0.8754   2.766200    -0.8755   2.766696    7.83815     0.2280    13.8155 0.0000e+00  -61.72217  -57.64850 1152492240 191.030573    34.1402 0.0000e+00
     16.000    -0.8759   2.766233    -0.8759   2.766722    7.84403     0.2187    13.8155 0.0000e+00  -61.72217  -57.64850 1152492243 191.030607    34.1405 0.0000e+00
     17.000    -0.8756   2.766292    -0.8756   2.766780    7.84707     0.2168    13.8155 0.0000e+00  -61.72217  -57.64850 1152492245 191.030636    34.1404 0.0000e+00
     18.000    -0.8756   2.766349    -0.8756   2.766830    7.84923     0.2172    13.8155 0.0000e+00  -61.72217  -57.64850 1152492249 191.030679    34.1405 0.0000e+00
     19.000    -0.8756   2.766397    -0.8756   2.766876    7.85011     0.2132    13.8155 0.0000e+00  -61.72217  -57.64850 1152492253 191.030725    34.1405 0.0000e+00
     20.000    -0.8757   2.766444    -0.8756   2.766934    7.84568     0.2224    13.8155 0.0000e+00  -61.72217  -57.64850 1152492254 191.030735    34.1407 0.0000e+00
     21.000    -0.8757   2.766508    -0.8756   2.766988    7.84316     0.2260    13.8155 0.0000e+00  -61.72217  -57.64850 1152492256 191.030763    34.1409 0.0000e+00
     22.000    -0.8748   2.766600    -0.8750   2.767089    7.84591     0.2131    13.8155 0.0000e+00  -61.72217  -57.64850 1152492264 191.030851    34.1409 0.0000e+00
     23.000    -0.8753   2.766646    -0.8753   2.767122    7.84524     0.2044    13.8155 0.0000e+00  -61.72217  -57.64850 1152492264 191.030858    34.1411 0.0000e+00
     24.000    -0.8745   2.766787    -0.8743   2.767259    7.84268     0.1959    13.8155 0.0000e+00  -61.72217  -57.64850 1152492265 191.030868    34.1414 0.0000e+00
     25.000    -0.8740   2.766895    -0.8733   2.767401    7.84114     0.2050    13.8155 0.0000e+00  -61.72217  -57.64850 1152492267 191.030883    34.1417 0.0000e+00
     26.000    -0.8751   2.766814    -0.8751   2.767254    7.84291     0.2127    13.8155 0.0000e+00  -61.72217  -57.64850 1152492274 191.030960    34.1413 0.0000e+00
     27.000    -0.8750   2.766871    -0.8750   2.767320    7.84366     0.2085    13.8155 0.0000e+00  -61.72217  -57.64850 1152492275 191.030984    34.1413 0.0000e+00
     28.000    -0.8749   2.766944    -0.8747   2.767394    7.84604     0.2131    13.8155 0.0000e+00  -61.72217  -57.64850 1152492280 191.031037    34.1416 0.0000e+00
     29.000    -0.8756   2.766915    -0.8753   2.767360    7.84655     0.2055    13.8155 0.0000e+00  -61.72217  -57.64850 1152492281 191.031055    34.1413 0.0000e+00
     30.000    -0.8755   2.766973    -0.8752   2.767419    7.84821     0.2119    13.8155 0.0000e+00  -61.72217  -57.64850 1152492284 191.031090    34.1414 0.0000e+00
     31.000    -0.8759   2.767002    -0.8754   2.767446    7.85042     0.2216    13.8155 0.0000e+00  -61.72217  -57.64850 1152492289 191.031147    34.1416 0.0000e+00
     32.000    -0.8765   2.766993    -0.8762   2.767437    7.85036     0.2068    13.8155 0.0000e+00  -61.72217  -57.64850 1152492292 191.031172    34.1415 0.0000e+00
     33.000    -0.8763   2.767048    -0.8759   2.767497    7.84819     0.1962    13.8155 0.0000e+00  -61.72217  -57.64850 1152492292 191.031184    34.1414 0.0000e+00
     34.000    -0.8763   2.767113    -0.8756   2.767556    7.84765     0.2071    13.8155 0.0000e+00  -61.72217  -57.64850 1152492295 191.031217    34.1416 0.0000e+00
     35.000    -0.8764   2.767139    -0.8760   2.767565    7.84957     0.2219    13.8155 0.0000e+00  -61.72217  -57.64850 1152492300 191.031275    34.1416 0.0000e+00
     36.000    -0.8759   2.767237    -0.8756   2.767646    7.84876     0.1875    13.8155 0.0000e+00  -61.72217  -57.64850 1152492304 191.031315    34.1416 0.0000e+00
     37.000    -0.8740   2.767492    -0.8750   2.767772    7.84563     0.2055    13.8155 0.0000e+00  -61.72217  -57.64850 1152492305 191.031328    34.1424 0.0000e+00
     38.000    -0.8647   2.768506    -0.8641   2.768902    7.83826     0.1930    13.8155 0.0000e+00  -61.72217  -57.64850 1152492307 191.031351    34.1447 0.0000e+00
     39.000    -0.8536   2.769672    -0.8535   2.770047    7.81623     0.1950    13.8155 0.0000e+00  -61.72217  -57.64850 1152492313 191.031422    34.1471 0.0000e+00
     40.000    -0.8492   2.770181    -0.8483   2.770605    7.80575     0.1962    13.8155 0.0000e+00  -61.72217  -57.64850 1152492315 191.031443    34.1484 0.0000e+00
     41.000    -0.8474   2.770398    -0.8468   2.770797    7.79968     0.1980    13.8155 0.0000e+00  -61.72217  -57.64850 1152492317 191.031466    34.1487 0.0000e+00
     42.000    -0.8473   2.770469    -0.8468   2.770843    7.79266     0.2003    13.8155 0.0000e+00  -61.72217  -57.64850 1152492320 191.031503    34.1491 0.0000e+00
     43.000    -0.8465   2.770581    -0.8458   2.770987    7.78533     0.1881    13.8155 0.0000e+00  -61.72217  -57.64850 1152492325 191.031563    34.1492 0.0000e+00
     44.000    -0.8461   2.770654    -0.8457   2.771044    7.78852     0.1894    13.8155 0.0000e+00  -61.72217  -57.64850 1152492327 191.031581    34.1492 0.0000e+00
     45.000    -0.8461   2.770704    -0.8454   2.771108    7.78969     0.1966    13.8155 0.0000e+00  -61.72217  -57.64850 1152492328 191.031597    34.1492 0.0000e+00
     46.000    -0.8463   2.770741    -0.8456   2.771137    7.79156     0.2072    13.8155 0.0000e+00  -61.72217  -57.64850 1152492333 191.031651    34.1495 0.0000e+00
     47.000    -0.8466   2.770754    -0.8460   2.771139    7.79198     0.1879    13.8155 0.0000e+00  -61.72217  -57.64850 1152492335 191.031681    34.1494 0.0000e+00
     48.000    -0.8473   2.770744    -0.8466   2.771131    7.78903     0.1986    13.8155 0.0000e+00  -61.72217  -57.64850 1152492338 191.031714    34.1494 0.0000e+00
     49.000    -0.8470   2.770821    -0.8460   2.771227    7.78913     0.1968    13.8155 0.0000e+00  -61.72217  -57.64850 1152492341 191.031745    34.1495 0.0000e+00
     50.000    -0.8466   2.770909    -0.8457   2.771313    7.79674     0.1927    13.8155 0.0000e+00  -61.72217  -57.64850 1152492346 191.031798    34.1496 0.0000e+00
     51.000    -0.8448   2.771133    -0.8443   2.771510    7.79490     0.1924    13.8155 0.0000e+00  -61.72217  -57.64850 1152492347 191.031813    34.1500 0.0000e+00
     52.000    -0.8450   2.771182    -0.8446   2.771533    7.79613     0.1787    13.8155 0.0000e+00  -61.72217  -57.64850 1152492348 191.031823    34.1502 0.0000e+00
     53.000    -0.8462   2.771093    -0.8458   2.771451    7.79630     0.1744    13.8155 0.0000e+00  -61.72217  -57.64850 1152492349 191.031832    34.1498 0.0000e+00
     54.000    -0.8461   2.771154    -0.8449   2.771581    7.79483     0.1880    13.8155 0.0000e+00  -61.72217  -57.64850 1152492349 191.031843    34.1499 0.0000e+00
     55.000    -0.8448   2.771316    -0.8443   2.771674    7.79429     0.2052    13.8155 0.0000e+00  -61.72217  -57.64850 1152492353 191.031882    34.1500 0.0000e+00
     56.000    -0.8449   2.771368    -0.8443   2.771736    7.79304     0.1885    13.8155 0.0000e+00  -61.72217  -57.64850 1152492356 191.031919    34.1502 0.0000e+00
     57.000    -0.8433   2.771560    -0.8428   2.771927    7.79052     0.1837    13.8155 0.0000e+00  -61.72217  -57.64850 1152492357 191.031928    34.1503 0.0000e+00
     58.000    -0.8432   2.771618    -0.8425   2.771997    7.78720     0.1898    13.8155 0.0000e+00  -61.72217  -57.64850 1152492358 191.031936    34.1504 0.0000e+00
     59.000    -0.8408   2.771910    -0.8404   2.772244    7.78468     0.1970    13.8155 0.0000e+00  -61.72217  -57.64850 1152492358 191.031946    34.1510 0.0000e+00
     60.000    -0.8389   2.772145    -0.8380   2.772525    7.78253     0.2023    13.8155 0.0000e+00  -61.72217  -57.64850 1152492360 191.031960    34.1513 0.0000e+00
     61.000    -0.8377   2.772307    -0.8368   2.772689    7.78262     0.2040    13.8155 0.0000e+00  -61.72217  -57.64850 1152492361 191.031978    34.1514 0.0000e+00
     62.000    -0.8380   2.772316    -0.8372   2.772691    7.78136     0.2072    13.8155 0.0000e+00  -61.72217  -57.64850 1152492363 191.031997    34.1514 0.0000e+00
     63.000    -0.8376   2.772424    -0.8367   2.772800    7.77900     0.2157    13.8155 0.0000e+00  -61.72217  -57.64850 1152492367 191.032042    34.1518 0.0000e+00
     64.000    -0.8362   2.772613    -0.8354   2.772993    7.77730     0.1803    13.8155 0.0000e+00  -61.72217  -57.64850 1152492369 191.032064    34.1521 0.0000e+00
     65.000    -0.8344   2.772839    -0.8339   2.773189    7.77528     0.1854    13.8155 0.0000e+00  -61.72217  -57.64850 1152492370 191.032075    34.1525 0.0000e+00
     66.000    -0.8356   2.772752    -0.8351   2.773135    7.77330     0.1803    13.8155 0.0000e+00  -61.72217  -57.64850 1152492370 191.032083    34.1522 0.0000e+00
     67.000    -0.8363   2.772755    -0.8355   2.773119    7.77073     0.1912    13.8155 0.0000e+00  -61.72217  -57.64850 1152492371 191.032092    34.1523 0.0000e+00
     68.000    -0.8334   2.773105    -0.8324   2.773470    7.76937     0.1903    13.8155 0.0000e+00  -61.72217  -57.64850 1152492372 191.032101    34.1531 0.0000e+00
     69.000    -0.8328   2.773186    -0.8317   2.773573    7.76730     0.1964    13.8155 0.0000e+00  -61.72217  -57.64850 1152492373 191.032113    34.1530 0.0000e+00
     70.000    -0.8332   2.773202    -0.8323   2.773562    7.76636     0.1956    13.8155 0.0000e+00  -61.72217  -57.64850 1152492375 191.032135    34.1529 0.0000e+00
     71.000    -0.8316   2.773416    -0.8309   2.773767    7.76818     0.1903    13.8155 0.0000e+00  -61.72217  -57.64850 1152492380 191.032199    34.1534 0.0000e+00
     72.000    -0.8309   2.773534    -0.8301   2.773900    7.76548     0.1899    13.8155 0.0000e+00  -61.72217  -57.64850 1152492381 191.032208    34.1537 0.0000e+00
     73.000    -0.8273   2.773946    -0.8266   2.774294    7.76189     0.1902    13.8155 0.0000e+00  -61.72217  -57.64850 1152492382 191.032216    34.1545 0.0000e+00
     74.000    -0.8267   2.774021    -0.8263   2.774383    7.75930     0.1795    13.8155 0.0000e+00  -61.72217  -57.64850 1152492382 191.032224    34.1542 0.0000e+00
     75.000    -0.8259   2.774160    -0.8257   2.774501    7.75652     0.1985    13.8155 0.0000e+00  -61.72217  -57.64850 1152492383 191.032231    34.1546 0.0000e+00
     76.000    -0.8249   2.774302    -0.8245   2.774642    7.75312     0.1930    13.8155 0.0000e+00  -61.72217  -57.64850 1152492384 191.032241    34.1547 0.0000e+00
     77.000    -0.8250   2.774368    -0.8240   2.774730    7.74826     0.2178    13.8155 0.0000e+00  -61.72217  -57.64850 1152492386 191.032271    34.1551 0.0000e+00
     78.000    -0.8245   2.774437    -0.8238   2.774791    7.74636     0.1998    13.8155 0.0000e+00  -61.72217  -57.64850 1152492390 191.032309    34.1550 0.0000e+00
     79.000    -0.8241   2.774540    -0.8230   2.774918    7.74418     0.2084    13.8155 0.0000e+00  -61.72217  -57.64850 1152492391 191.032324    34.1552 0.0000e+00
     80.000    -0.8240   2.774584    -0.8234   2.774936    7.74379     0.1949    13.8155 0.0000e+00  -61.72217  -57.64850 1152492392 191.032334    34.1551 0.0000e+00
     81.000    -0.8239   2.774647    -0.8232   2.775000    7.74390     0.2028    13.8155 0.0000e+00  -61.72217  -57.64850 1152492393 191.032343    34.1553 0.0000e+00
     82.000    -0.8238   2.774690    -0.8233   2.775024    7.74427     0.2092    13.8155 0.0000e+00  -61.72217  -57.64850 1152492394 191.032352    34.1551 0.0000e+00
     83.000    -0.8245   2.774686    -0.8236   2.775044    7.74703     0.2225    13.8155 0.0000e+00  -61.72217  -57.64850 1152492397 191.032389    34.1552 0.0000e+00
     84.000    -0.8232   2.774863    -0.8226   2.775193    7.74885     0.2014    13.8155 0.0000e+00  -61.72217  -57.64850 1152492399 191.032419    34.1555 0.0000e+00
     85.000    -0.8236   2.774872    -0.8231   2.775188    7.74755     0.1972    13.8155 0.0000e+00  -61.72217  -57.64850 1152492400 191.032430    34.1555 0.0000e+00
     86.000    -0.8231   2.774982    -0.8224   2.775327    7.74496     0.2046    13.8155 0.0000e+00  -61.72217  -57.64850 1152492401 191.032439    34.1558 0.0000e+00
     87.000    -0.8207   2.775258    -0.8200   2.775598    7.74297     0.2019    13.8155 0.0000e+00  -61.72217  -57.64850 1152492402 191.032448    34.1563 0.0000e+00
     88.000    -0.8199   2.775381    -0.8193   2.775702    7.74124     0.2147    13.8155 0.0000e+00  -61.72217  -57.64850 1152492403 191.032458    34.1562 0.0000e+00
     89.000    -0.8203   2.775396    -0.8193   2.775744    7.74277     0.2095    13.8155 0.0000e+00  -61.72217  -57.64850 1152492405 191.032487    34.1564 0.0000e+00
     90.000    -0.8188   2.775602    -0.8179   2.775945    7.74487     0.1866    13.8155 0.0000e+00  -61.72217  -57.64850 1152492409 191.032534    34.1568 0.0000e+00
     91.000    -0.8185   2.775663    -0.8178   2.776016    7.74406     0.2032    13.8155 0.0000e+00  -61.72217  -57.64850 1152492410 191.032542    34.1568 0.0000e+00
     92.000    -0.8178   2.775780    -0.8172   2.776113    7.74336     0.1850    13.8155 0.0000e+00  -61.72217  -57.64850 1152492411 191.032550    34.1568 0.0000e+00
     93.000    -0.8179   2.775791    -0.8177   2.776107    7.74135     0.2080    13.8155 0.0000e+00  -61.72217  -57.64850 1152492411 191.032559    34.1565 0.0000e+00
     94.000    -0.8181   2.775854    -0.8172   2.776194    7.74215     0.2152    13.8155 0.0000e+00  -61.72217  -57.64850 1152492413 191.032583    34.1570 0.0000e+00
     95.000    -0.8180   2.775899    -0.8170   2.776260    7.74195     0.2117    13.8155 0.0000e+00  -61.72217  -57.64850 1152492416 191.032616    34.1569 0.0000e+00
     96.000    -0.8159   2.776169    -0.8149   2.776540    7.73869     0.1982    13.8155 0.0000e+00  -61.72217  -57.64850 1152492417 191.032628    34.1577 0.0000e+00
     97.000    -0.8123   2.776615    -0.8115   2.776943    7.73771     0.2041    13.8155 0.0000e+00  -61.72217  -57.64850 1152492418 191.032638    34.1587 0.0000e+00
     98.000    -0.8116   2.776709    -0.8109   2.777043    7.73685     0.1926    13.8155 0.0000e+00  -61.72217  -57.64850 1152492419 191.032648    34.1587 0.0000e+00
     99.000    -0.8112   2.776810    -0.8100   2.777175    7.73673     0.2203    13.8155 0.0000e+00  -61.72217  -57.64850 1152492421 191.032671    34.1589 0.0000e+00
