product_data/regression_test/downloaded_data/MGDS/320620060703/ctd/p6608701.ros
* Sea-Bird SBE 9 Data File:
* FileName = D:\Data\Raw\P6608701.dat
* Software Version Seasave Win32 V 5.32
* Temperature SN = 1649
* Conductivity SN = 1431
* Number of Bytes Per Scan = 37
* Number of Voltage Words = 5
* Number of Scans Averaged by the Deck Unit = 1
* NMEA Latitude = 61 33.29 S
* NMEA Longitude = 057 46.12 W
* NMEA UTC (Time) = 07:05:52
** Ship:   Nathaniel B. Palmer 
** Cruise:    NBP0603 p0606
** Cast #: 01
** Station:   87
** Operator: rdd
# nquan = 17
# nvalues = 1176                    
# units = specified
# name 0 = prDM: Pressure, Digiquartz [db]
# name 1 = t090C: Temperature [ITS-90, deg C]
# name 2 = c0S/m: Conductivity [S/m]
# name 3 = t190C: Temperature, 2 [ITS-90, deg C]
# name 4 = c1S/m: Conductivity, 2 [S/m]
# name 5 = sbeox0ML/L: Oxygen, SBE 43 [ml/l]
# name 6 = flECO-AFL: Fluorescence, Wetlab ECO-AFL/FL [mg/m^3]
# name 7 = bat: Beam Attenuation, Chelsea/Seatech/Wetlab CStar [1/m]
# name 8 = spar: SPAR/Surface Irradiance
# name 9 = latitude: Latitude [deg]
# name 10 = longitude: Longitude [deg]
# name 11 = timeY: Time, System [seconds]
# name 12 = timeJ: Julian Days
# name 13 = sal00: Salinity [PSU]
# name 14 = scan: scan number
# name 15 = nbf: number of bottles fired
# name 16 = flag:  0.000e+00
# interval = seconds: 0.0416667                   
# start_time = Jul 10 2006 07:05:59
*END*
[from data line 426]
    151.587    -0.3072   2.833409    -0.3063   2.833610    6.76213    -0.0642    13.8155 0.0000e+00  -61.55483  -57.76867 1152516649 191.313083    34.3194      35793          9  0.000e+00
    151.511    -0.3072   2.833406    -0.3066   2.833605    6.76206    -0.0857    13.8155 0.0000e+00  -61.55483  -57.76867 1152516649 191.313083    34.3194      35794          9  0.000e+00
    151.587    -0.3077   2.833389    -0.3068   2.833610    6.76221    -0.0964    13.8155 0.0000e+00  -61.55483  -57.76867 1152516649 191.313084    34.3197      35795          9  0.000e+00
    151.511    -0.3076   2.833386    -0.3069   2.833628    6.76212    -0.1072    13.8155 0.0000e+00  -61.55483  -57.76867 1152516649 191.313084    34.3195      35796          9  0.000e+00
    151.453    -0.3074   2.833386    -0.3073   2.833616    6.75735    -0.0749    13.8155 0.0000e+00  -61.55483  -57.76867 1152516649 191.313084    34.3193      35797          9  0.000e+00
    151.511    -0.3076   2.833386    -0.3069   2.833628    6.76212    -0.0426    13.8155 0.0000e+00  -61.55483  -57.76867 1152516649 191.313085    34.3195      35798          9  0.000e+00
    151.377    -0.3072   2.833386    -0.3069   2.833616    6.76195    -0.0319    13.8155 0.0000e+00  -61.55483  -57.76867 1152516649 191.313085    34.3192      35799          9  0.000e+00
    151.444    -0.3069   2.833366    -0.3069   2.833628    6.76198    -0.0104    13.8155 0.0000e+00  -61.55483  -57.76867 1152516649 191.313086    34.3185      35800          9  0.000e+00
    151.377    -0.3072   2.833379    -0.3069   2.833640    6.76196    -0.0534    13.8155 0.0000e+00  -61.55483  -57.76867 1152516649 191.313086    34.3191      35801          9  0.000e+00
    151.310    -0.3076   2.833326    -0.3067   2.833634    6.76197    -0.0319    13.8155 0.0000e+00  -61.55483  -57.76867 1152516649 191.313087    34.3188      35802          9  0.000e+00
    151.301    -0.3071   2.833329    -0.3071   2.833640    6.75720    -0.0319    13.8155 0.0000e+00  -61.55483  -57.76867 1152516649 191.313087    34.3183      35803          9  0.000e+00
    151.301    -0.3072   2.833356    -0.3069   2.833634    6.76190    -0.0211    13.8155 0.0000e+00  -61.55483  -57.76867 1152516649 191.313088    34.3188      35804          9  0.000e+00
    151.167    -0.3071   2.833326    -0.3071   2.833616    6.76177    -0.0534    13.8155 0.0000e+00  -61.55483  -57.76867 1152516650 191.313088    34.3184      35805          9  0.000e+00
    151.234    -0.3077   2.833333    -0.3071   2.833587    6.76192    -0.0534    13.8155 0.0000e+00  -61.55483  -57.76867 1152516650 191.313089    34.3191      35806          9  0.000e+00
    151.100    -0.3077   2.833339    -0.3069   2.833604    6.76179    -0.0534    13.8155 0.0000e+00  -61.55483  -57.76867 1152516650 191.313089    34.3193      35807          9  0.000e+00
    149.974    -0.3076   2.833173    -0.3065   2.833423    6.75611    -0.0319    13.8155 0.0000e+00  -61.55483  -57.76867 1152516654 191.313142    34.3176      35916         10  0.000e+00
    150.051    -0.3079   2.833179    -0.3071   2.833446    6.75622    -0.0642    13.8155 0.0000e+00  -61.55483  -57.76867 1152516654 191.313142    34.3179      35917         10  0.000e+00
    150.041    -0.3077   2.833143    -0.3075   2.833446    6.75621    -0.0642    13.8155 0.0000e+00  -61.55483  -57.76867 1152516654 191.313143    34.3173      35918         10  0.000e+00
    150.108    -0.3076   2.833166    -0.3074   2.833411    6.75624    -0.0319    13.8155 0.0000e+00  -61.55483  -57.76867 1152516654 191.313143    34.3174      35919         10  0.000e+00
    150.108    -0.3077   2.833179    -0.3077   2.833411    6.75626    -0.0319    13.8155 0.0000e+00  -61.55483  -57.76867 1152516654 191.313144    34.3178      35920         10  0.000e+00
    150.108    -0.3079   2.833159    -0.3076   2.833423    6.75629    -0.0534    13.8155 0.0000e+00  -61.55483  -57.76867 1152516654 191.313144    34.3176      35921         10  0.000e+00
    150.117    -0.3079   2.833156    -0.3075   2.833417    6.75630    -0.0749    13.8155 0.0000e+00  -61.55483  -57.76867 1152516654 191.313145    34.3176      35922         10  0.000e+00
    150.184    -0.3080   2.833136    -0.3077   2.833400    6.75639    -0.0964    13.8155 0.0000e+00  -61.55483  -57.76867 1152516654 191.313145    34.3175      35923         10  0.000e+00
    150.108    -0.3079   2.833149    -0.3077   2.833435    6.75629    -0.0749    13.8155 0.0000e+00  -61.55483  -57.76867 1152516655 191.313146    34.3175      35924         10  0.000e+00
    150.184    -0.3084   2.833136    -0.3069   2.833429    6.75645    -0.0534    13.8155 0.0000e+00  -61.55483  -57.76867 1152516655 191.313146    34.3179      35925         10  0.000e+00
    150.261    -0.3082   2.833133    -0.3072   2.833406    6.75649     0.0112    13.8155 0.0000e+00  -61.55483  -57.76867 1152516655 191.313147    34.3176      35926         10  0.000e+00
    150.184    -0.3083   2.833133    -0.3076   2.833435    6.75644     0.0112    13.8155 0.0000e+00  -61.55483  -57.76867 1152516655 191.313147    34.3178      35927         10  0.000e+00
    150.251    -0.3077   2.833133    -0.3077   2.833429    6.75642    -0.0319    13.8155 0.0000e+00  -61.55483  -57.76867 1152516655 191.313148    34.3170      35928         10  0.000e+00
    150.318    -0.3079   2.833133    -0.3074   2.833417    6.75650    -0.0749    13.8155 0.0000e+00  -61.55483  -57.76867 1152516655 191.313148    34.3172      35929         10  0.000e+00
    150.251    -0.3076   2.833150    -0.3077   2.833400    6.75639    -0.0749    13.8155 0.0000e+00  -61.55483  -57.76867 1152516655 191.313149    34.3171      35930         10  0.000e+00
    150.328    -0.3082   2.833136    -0.3077   2.833394    6.75655    -0.0319    13.8155 0.0000e+00  -61.55483  -57.76867 1152516655 191.313149    34.3176      35931         10  0.000e+00
    150.318    -0.3077   2.833133    -0.3076   2.833394    6.75648    -0.0426    13.8155 0.0000e+00  -61.55483  -57.76867 1152516655 191.313150    34.3170      35932         10  0.000e+00
    150.318    -0.3079   2.833133    -0.3074   2.833411    6.75650    -0.0426    13.8155 0.0000e+00  -61.55483  -57.76867 1152516655 191.313150    34.3172      35933         10  0.000e+00
    150.318    -0.3082   2.833130    -0.3074   2.833464    6.75655    -0.0319    13.8155 0.0000e+00  -61.55483  -57.76867 1152516655 191.313151    34.3175      35934         10  0.000e+00
    150.394    -0.3080   2.833130    -0.3072   2.833452    6.75659    -0.0104    13.8155 0.0000e+00  -61.55483  -57.76867 1152516655 191.313151    34.3172      35935         10  0.000e+00
    150.318    -0.3074   2.833133    -0.3074   2.833429    6.75644    -0.0104    13.8155 0.0000e+00  -61.55483  -57.76867 1152516655 191.313152    34.3166      35936         10  0.000e+00
    150.394    -0.3082   2.833116    -0.3071   2.833482    6.75663    -0.0534    13.8155 0.0000e+00  -61.55483  -57.76867 1152516655 191.313152    34.3172      35937         10  0.000e+00
    150.461    -0.3079   2.833126    -0.3071   2.833482    6.75664    -0.0964    13.8155 0.0000e+00  -61.55483  -57.76867 1152516655 191.313152    34.3170      35938         10  0.000e+00
    150.394    -0.3082   2.833133    -0.3069   2.833470    6.75662    -0.0642    13.8155 0.0000e+00  -61.55483  -57.76867 1152516655 191.313153    34.3175      35939         10  0.000e+00
    150.394    -0.3077   2.833150    -0.3075   2.833499    6.75654    -0.0426    13.8155 0.0000e+00  -61.55483  -57.76867 1152516655 191.313153    34.3172      35940         10  0.000e+00
    150.461    -0.3080   2.833156    -0.3068   2.833476    6.75664    -0.0426    13.8155 0.0000e+00  -61.55483  -57.76867 1152516655 191.313154    34.3175      35941         10  0.000e+00
    150.394    -0.3083   2.833136    -0.3074   2.833476    6.75663    -0.0534    13.8155 0.0000e+00  -61.55483  -57.76867 1152516655 191.313154    34.3177      35942         10  0.000e+00
    150.461    -0.3079   2.833150    -0.3072   2.833493    6.75663    -0.0534    13.8155 0.0000e+00  -61.55483  -57.76867 1152516655 191.313155    34.3173      35943         10  0.000e+00
    150.471    -0.3082   2.833150    -0.3077   2.833482    6.75668    -0.0642    13.8155 0.0000e+00  -61.55483  -57.76867 1152516655 191.313155    34.3176      35944         10  0.000e+00
    150.461    -0.3082   2.833153    -0.3071   2.833482    6.75667    -0.0534    13.8155 0.0000e+00  -61.55483  -57.76867 1152516655 191.313156    34.3177      35945         10  0.000e+00
    150.461    -0.3077   2.833136    -0.3074   2.833452    6.75661    -0.0534    13.8155 0.0000e+00  -61.55483  -57.76867 1152516655 191.313156    34.3170      35946         10  0.000e+00
    150.461    -0.3079   2.833150    -0.3075   2.833470    6.75663    -0.0642    13.8155 0.0000e+00  -61.55483  -57.76867 1152516655 191.313157    34.3173      35947         10  0.000e+00
    150.528    -0.3082   2.833156    -0.3071   2.833452    6.75673    -0.0211    13.8155 0.0000e+00  -61.55483  -57.76867 1152516656 191.313157    34.3177      35948         10  0.000e+00
    150.471    -0.3077   2.833189    -0.3075   2.833452    6.75659    -0.0319    13.8155 0.0000e+00  -61.55483  -57.76867 1152516656 191.313158    34.3177      35949         10  0.000e+00
    150.461    -0.3076   2.833166    -0.3072   2.833487    6.75657    -0.0319    13.8155 0.0000e+00  -61.55483  -57.76867 1152516656 191.313158    34.3172      35950         10  0.000e+00
    150.528    -0.3082   2.833190    -0.3072   2.833482    6.75671    -0.0104    13.8155 0.0000e+00  -61.55483  -57.76867 1152516656 191.313159    34.3181      35951         10  0.000e+00
    150.461    -0.3079   2.833183    -0.3068   2.833470    6.75660    -0.0642    13.8155 0.0000e+00  -61.55483  -57.76867 1152516656 191.313159    34.3177      35952         10  0.000e+00
    150.528    -0.3074   2.833180    -0.3071   2.833458    6.75661    -0.0534    13.8155 0.0000e+00  -61.55483  -57.76867 1152516656 191.313160    34.3171      35953         10  0.000e+00
    150.471    -0.3077   2.833180    -0.3069   2.833464    6.75190    -0.0749    13.8155 0.0000e+00  -61.55483  -57.76867 1152516656 191.313160    34.3175      35954         10  0.000e+00
    150.528    -0.3079   2.833190    -0.3072   2.833458    6.75666    -0.0534    13.8155 0.0000e+00  -61.55483  -57.76867 1152516656 191.313161    34.3178      35955         10  0.000e+00
    150.461    -0.3076   2.833166    -0.3072   2.833447    6.75657    -0.0642    13.8155 0.0000e+00  -61.55483  -57.76867 1152516656 191.313161    34.3172      35956         10  0.000e+00
    150.528    -0.3076   2.833173    -0.3069   2.833452    6.75663    -0.0857    13.8155 0.0000e+00  -61.55483  -57.76867 1152516656 191.313162    34.3172      35957         10  0.000e+00
    150.471    -0.3077   2.833160    -0.3068   2.833464    6.75661    -0.0642    13.8155 0.0000e+00  -61.55483  -57.76867 1152516656 191.313162    34.3173      35958         10  0.000e+00
    150.461    -0.3076   2.833189    -0.3072   2.833476    6.75656    -0.0642    13.8155 0.0000e+00  -61.55483  -57.76867 1152516656 191.313163    34.3175      35959         10  0.000e+00
    150.528    -0.3072   2.833166    -0.3071   2.833452    6.75659    -0.0534    13.8155 0.0000e+00  -61.55483  -57.76867 1152516656 191.313163    34.3168      35960         10  0.000e+00
    150.461    -0.3077   2.833156    -0.3071   2.833470    6.75660    -0.0319    13.8155 0.0000e+00  -61.55483  -57.76867 1152516656 191.313164    34.3172      35961         10  0.000e+00
    150.528    -0.3074   2.833190    -0.3072   2.833452    6.75660    -0.0211    13.8155 0.0000e+00  -61.55483  -57.76867 1152516656 191.313164    34.3173      35962         10  0.000e+00
    150.471    -0.3076   2.833183    -0.3069   2.833470    6.75657    -0.0749    13.8155 0.0000e+00  -61.55483  -57.76867 1152516656 191.313165    34.3174      35963         10  0.000e+00
    150.462    -0.3071   2.833213    -0.3071   2.833499    6.75648    -0.0534    13.8155 0.0000e+00  -61.55483  -57.76867 1152516656 191.313165    34.3173      35964         10  0.000e+00
    102.167    -0.3747   2.822465    -0.3742   2.822747    6.98405     0.0650    13.8155 0.0000e+00  -61.55483  -57.76867 1152516790 191.314717    34.2793      39183         11  0.000e+00
    102.310    -0.3747   2.822478    -0.3735   2.822776    6.98418     0.0542    13.8155 0.0000e+00  -61.55483  -57.76867 1152516790 191.314718    34.2793      39184         11  0.000e+00
    102.310    -0.3746   2.822488    -0.3741   2.822788    6.98415     0.0327    13.8155 0.0000e+00  -61.55483  -57.76867 1152516790 191.314718    34.2793      39185         11  0.000e+00
    102.310    -0.3744   2.822492    -0.3741   2.822782    6.98413     0.0542    13.8155 0.0000e+00  -61.55483  -57.76867 1152516790 191.314719    34.2791      39186         11  0.000e+00
    102.348    -0.3747   2.822522    -0.3737   2.822782    6.98419     0.0219    13.8155 0.0000e+00  -61.55483  -57.76867 1152516790 191.314719    34.2799      39187         11  0.000e+00
    102.377    -0.3742   2.822535    -0.3738   2.822817    6.98415     0.0219    13.8155 0.0000e+00  -61.55483  -57.76867 1152516791 191.314720    34.2795      39188         11  0.000e+00
    102.377    -0.3742   2.822518    -0.3736   2.822817    6.98883     0.0865    13.8155 0.0000e+00  -61.55483  -57.76867 1152516791 191.314720    34.2793      39189         11  0.000e+00
    102.377    -0.3741   2.822542    -0.3737   2.822788    6.98880     0.1295    13.8155 0.0000e+00  -61.55483  -57.76867 1152516791 191.314721    34.2794      39190         11  0.000e+00
    102.444    -0.3741   2.822542    -0.3733   2.822811    6.98886     0.1188    13.8155 0.0000e+00  -61.55483  -57.76867 1152516791 191.314721    34.2794      39191         11  0.000e+00
    102.444    -0.3739   2.822548    -0.3736   2.822828    6.98883     0.0757    13.8155 0.0000e+00  -61.55483  -57.76867 1152516791 191.314722    34.2793      39192         11  0.000e+00
    102.444    -0.3741   2.822542    -0.3735   2.822817    6.98886     0.0972    13.8155 0.0000e+00  -61.55483  -57.76867 1152516791 191.314722    34.2794      39193         11  0.000e+00
    102.520    -0.3738   2.822552    -0.3738   2.822828    6.98888     0.1080    13.8155 0.0000e+00  -61.55483  -57.76867 1152516791 191.314723    34.2791      39194         11  0.000e+00
    102.520    -0.3741   2.822538    -0.3734   2.822852    6.98894     0.0865    13.8155 0.0000e+00  -61.55483  -57.76867 1152516791 191.314723    34.2793      39195         11  0.000e+00
    102.520    -0.3738   2.822535    -0.3735   2.822840    6.98889     0.0112    13.8155 0.0000e+00  -61.55483  -57.76867 1152516791 191.314724    34.2789      39196         11  0.000e+00
    102.587    -0.3736   2.822548    -0.3731   2.822840    6.98893     0.0327    13.8155 0.0000e+00  -61.55483  -57.76867 1152516791 191.314724    34.2789      39197         11  0.000e+00
    102.520    -0.3740   2.822522    -0.3730   2.822858    6.98893     0.0112    13.8155 0.0000e+00  -61.55483  -57.76867 1152516791 191.314725    34.2789      39198         11  0.000e+00
    102.587    -0.3741   2.822545    -0.3732   2.822863    6.98899     0.0327    13.8155 0.0000e+00  -61.55483  -57.76867 1152516791 191.314725    34.2793      39199         11  0.000e+00
    102.587    -0.3741   2.822568    -0.3731   2.822863    6.98898     0.0757    13.8155 0.0000e+00  -61.55483  -57.76867 1152516791 191.314726    34.2797      39200         11  0.000e+00
    102.587    -0.3735   2.822578    -0.3741   2.822799    6.98889     0.0650    13.8155 0.0000e+00  -61.55483  -57.76867 1152516791 191.314726    34.2791      39201         11  0.000e+00
    102.587    -0.3736   2.822542    -0.3739   2.822770    6.98893     0.0434    13.8155 0.0000e+00  -61.55483  -57.76867 1152516791 191.314727    34.2788      39202         11  0.000e+00
