product_data/regression_test/downloaded_data/MGDS/320620060703/ctd/p6607701.ros
* Sea-Bird SBE 9 Data File:
* FileName = D:\Data\Raw\p6607701.dat
* Software Version Seasave Win32 V 5.32
* Temperature SN = 1649
* Conductivity SN = 1431
* Number of Bytes Per Scan = 37
* Number of Voltage Words = 5
* Number of Scans Averaged by the Deck Unit = 1
* NMEA Latitude = 62 17.76 S
* NMEA Longitude = 058 04.55 W
* NMEA UTC (Time) = 21:09:54
** Ship:   Nathaniel B. Palmer 
** Cruise:    NBP0606 
# nquan = 17
# nvalues = 1173                    
# units = specified
# name 0 = prDM: Pressure, Digiquartz [db]
# name 1 = t090C: Temperature [ITS-90, deg C]
# name 2 = c0S/m: Conductivity [S/m]
# name 3 = t190C: Temperature, 2 [ITS-90, deg C]
# name 4 = c1S/m: Conductivity, 2 [S/m]
# name 5 = sbeox0ML/L: Oxygen, SBE 43 [ml/l]
# name 6 = flECO-AFL: Fluorescence, Wetlab ECO-AFL/FL [mg/m^3]
# name 7 = bat: Beam Attenuation, Chelsea/Seatech/Wetlab CStar [1/m]
# name 8 = spar: SPAR/Surface Irradiance
# name 9 = latitude: Latitude [deg]
# name 10 = longitude: Longitude [deg]
# name 11 = timeY: Time, System [seconds]
# name 12 = timeJ: Julian Days
# name 13 = sal00: Salinity [PSU]
# name 14 = scan: scan number
# name 15 = nbf: number of bottles fired
# name 16 = flag:  0.000e+00
# interval = seconds: 0.0416667                   
# start_time = Jul 08 2006 21:10:01
*END*
[from data line 256]
    503.218    -0.4291   2.854254    -0.4289   2.854436    6.21225    -0.1180    13.8155 0.0000e+00  -62.29600  -58.07583 1152396296 189.920109    34.5231      79115          6  0.000e+00
    503.295    -0.4290   2.854224    -0.4292   2.854436    6.21232    -0.1180    13.8155 0.0000e+00  -62.29600  -58.07583 1152396296 189.920109    34.5225      79116          6  0.000e+00
    503.218    -0.4290   2.854214    -0.4291   2.854395    6.21226    -0.1180    13.8155 0.0000e+00  -62.29600  -58.07583 1152396296 189.920110    34.5225      79117          6  0.000e+00
    503.199    -0.4285   2.854214    -0.4288   2.854419    6.21218    -0.1610    13.8155 0.0000e+00  -62.29600  -58.07583 1152396296 189.920110    34.5219      79118          6  0.000e+00
    503.151    -0.4290   2.854230    -0.4289   2.854436    6.21219    -0.1395    13.8155 0.0000e+00  -62.29600  -58.07583 1152396296 189.920111    34.5227      79119          6  0.000e+00
    503.084    -0.4289   2.854237    -0.4286   2.854395    6.21211    -0.1072    13.8155 0.0000e+00  -62.29600  -58.07583 1152396296 189.920111    34.5227      79120          6  0.000e+00
    503.084    -0.4293   2.854200    -0.4288   2.854401    6.21219    -0.1287    13.8155 0.0000e+00  -62.29600  -58.07583 1152396296 189.920112    34.5227      79121          6  0.000e+00
    503.055    -0.4291   2.854207    -0.4286   2.854413    6.21214    -0.1395    13.8155 0.0000e+00  -62.29600  -58.07583 1152396296 189.920112    34.5226      79122          6  0.000e+00
    503.007    -0.4294   2.854194    -0.4285   2.854413    6.21214    -0.1502    13.8155 0.0000e+00  -62.29600  -58.07583 1152396296 189.920113    34.5228      79123          6  0.000e+00
    503.007    -0.4289   2.854200    -0.4284   2.854390    6.21207    -0.1180    13.8155 0.0000e+00  -62.29600  -58.07583 1152396296 189.920113    34.5223      79124          6  0.000e+00
    502.940    -0.4291   2.854210    -0.4288   2.854401    6.21203    -0.1180    13.8155 0.0000e+00  -62.29600  -58.07583 1152396296 189.920114    34.5227      79125          6  0.000e+00
    502.844    -0.4294   2.854214    -0.4289   2.854413    6.21199    -0.1180    13.8155 0.0000e+00  -62.29600  -58.07583 1152396296 189.920114    34.5231      79126          6  0.000e+00
    502.940    -0.4292   2.854194    -0.4292   2.854413    6.21205    -0.1287    13.8155 0.0000e+00  -62.29600  -58.07583 1152396297 189.920115    34.5226      79127          6  0.000e+00
    502.796    -0.4291   2.854207    -0.4288   2.854389    6.21191    -0.1287    13.8155 0.0000e+00  -62.29600  -58.07583 1152396297 189.920115    34.5227      79128          6  0.000e+00
    502.796    -0.4290   2.854230    -0.4288   2.854401    6.21188    -0.1502    13.8155 0.0000e+00  -62.29600  -58.07583 1152396297 189.920116    34.5229      79129          6  0.000e+00
    502.796    -0.4293   2.854217    -0.4289   2.854413    6.21194    -0.1072    13.8155 0.0000e+00  -62.29600  -58.07583 1152396297 189.920116    34.5231      79130          6  0.000e+00
    502.700    -0.4288   2.854214    -0.4286   2.854413    6.21179    -0.1072    13.8155 0.0000e+00  -62.29600  -58.07583 1152396297 189.920117    34.5225      79131          6  0.000e+00
    502.729    -0.4291   2.854214    -0.4289   2.854413    6.21185    -0.1072    13.8155 0.0000e+00  -62.29600  -58.07583 1152396297 189.920117    34.5229      79132          6  0.000e+00
    502.652    -0.4291   2.854214    -0.4288   2.854430    6.21178    -0.1287    13.8155 0.0000e+00  -62.29600  -58.07583 1152396297 189.920118    34.5229      79133          6  0.000e+00
    502.652    -0.4290   2.854194    -0.4285   2.854419    6.21178    -0.0964    13.8155 0.0000e+00  -62.29600  -58.07583 1152396297 189.920118    34.5225      79134          6  0.000e+00
    502.566    -0.4288   2.854190    -0.4288   2.854389    6.21168    -0.1287    13.8155 0.0000e+00  -62.29600  -58.07583 1152396297 189.920119    34.5223      79135          6  0.000e+00
    502.585    -0.4288   2.854190    -0.4290   2.854384    6.21170    -0.1610    13.8155 0.0000e+00  -62.29600  -58.07583 1152396297 189.920119    34.5223      79136          6  0.000e+00
    502.518    -0.4295   2.854190    -0.4286   2.854401    6.21173    -0.1395    13.8155 0.0000e+00  -62.29600  -58.07583 1152396297 189.920120    34.5231      79137          6  0.000e+00
    502.518    -0.4290   2.854167    -0.4292   2.854413    6.21168    -0.1287    13.8155 0.0000e+00  -62.29600  -58.07583 1152396297 189.920120    34.5222      79138          6  0.000e+00
    502.489    -0.4293   2.854150    -0.4291   2.854413    6.21170    -0.1395    13.8155 0.0000e+00  -62.29600  -58.07583 1152396297 189.920121    34.5223      79139          6  0.000e+00
    502.374    -0.4290   2.854197    -0.4291   2.854413    6.21153    -0.1287    13.8155 0.0000e+00  -62.29600  -58.07583 1152396297 189.920121    34.5227      79140          6  0.000e+00
    502.441    -0.4292   2.854194    -0.4289   2.854372    6.21162    -0.1610    13.8155 0.0000e+00  -62.29600  -58.07583 1152396297 189.920122    34.5229      79141          6  0.000e+00
    502.374    -0.4290   2.854170    -0.4291   2.854360    6.21155    -0.1610    13.8155 0.0000e+00  -62.29600  -58.07583 1152396297 189.920122    34.5223      79142          6  0.000e+00
    502.278    -0.4288   2.854167    -0.4285   2.854378    6.21145    -0.1395    13.8155 0.0000e+00  -62.29600  -58.07583 1152396297 189.920122    34.5221      79143          6  0.000e+00
    502.297    -0.4289   2.854217    -0.4288   2.854383    6.21145    -0.1287    13.8155 0.0000e+00  -62.29600  -58.07583 1152396297 189.920123    34.5229      79144          6  0.000e+00
    502.298    -0.4293   2.854184    -0.4288   2.854383    6.21152    -0.1395    13.8155 0.0000e+00  -62.29600  -58.07583 1152396297 189.920123    34.5229      79145          6  0.000e+00
    502.230    -0.4291   2.854200    -0.4291   2.854383    6.21143    -0.1180    13.8155 0.0000e+00  -62.29600  -58.07583 1152396297 189.920124    34.5230      79146          6  0.000e+00
    502.211    -0.4290   2.854193    -0.4291   2.854383    6.21140    -0.1287    13.8155 0.0000e+00  -62.29600  -58.07583 1152396297 189.920124    34.5228      79147          6  0.000e+00
    502.163    -0.4290   2.854190    -0.4285   2.854366    6.20642    -0.1395    13.8155 0.0000e+00  -62.29600  -58.07583 1152396297 189.920125    34.5227      79148          6  0.000e+00
    502.086    -0.4287   2.854190    -0.4292   2.854360    6.20632    -0.1180    13.8155 0.0000e+00  -62.29600  -58.07583 1152396297 189.920125    34.5224      79149          6  0.000e+00
    502.086    -0.4290   2.854207    -0.4285   2.854378    6.21128    -0.1180    13.8155 0.0000e+00  -62.29600  -58.07583 1152396297 189.920126    34.5230      79150          6  0.000e+00
    502.067    -0.4289   2.854193    -0.4294   2.854366    6.21126    -0.1610    13.8155 0.0000e+00  -62.29600  -58.07583 1152396298 189.920126    34.5227      79151          6  0.000e+00
    502.086    -0.4285   2.854170    -0.4286   2.854395    6.20631    -0.1825    13.8155 0.0000e+00  -62.29600  -58.07583 1152396298 189.920127    34.5219      79152          6  0.000e+00
    454.789    -0.5720   2.838930    -0.5799   2.838481    6.31055    -0.0642    13.8155 0.0000e+00  -62.29600  -58.07583 1152396354 189.920781    34.5087      80509          7  0.000e+00
    454.933    -0.5714   2.838977    -0.5774   2.838580    6.31057    -0.0642    13.8155 0.0000e+00  -62.29600  -58.07583 1152396354 189.920782    34.5086      80510          7  0.000e+00
    454.789    -0.5712   2.839023    -0.5763   2.838673    6.31040    -0.1072    13.8155 0.0000e+00  -62.29600  -58.07583 1152396354 189.920782    34.5091      80511          7  0.000e+00
    454.722    -0.5703   2.839060    -0.5752   2.838685    6.31020    -0.1395    13.8155 0.0000e+00  -62.29600  -58.07583 1152396354 189.920783    34.5086      80512          7  0.000e+00
    454.789    -0.5694   2.839060    -0.5751   2.838697    6.31505    -0.1610    13.8155 0.0000e+00  -62.29600  -58.07583 1152396354 189.920783    34.5075      80513          7  0.000e+00
    454.655    -0.5686   2.839057    -0.5754   2.838650    6.30992    -0.1610    13.8155 0.0000e+00  -62.29600  -58.07583 1152396354 189.920784    34.5066      80514          7  0.000e+00
    454.655    -0.5692   2.838937    -0.5768   2.838527    6.31007    -0.1395    13.8155 0.0000e+00  -62.29600  -58.07583 1152396354 189.920784    34.5057      80515          7  0.000e+00
    454.655    -0.5698   2.838880    -0.5793   2.838329    6.31019    -0.1502    13.8155 0.0000e+00  -62.29600  -58.07583 1152396354 189.920785    34.5057      80516          7  0.000e+00
    454.578    -0.5715   2.838834    -0.5820   2.838112    6.31036    -0.1395    13.8155 0.0000e+00  -62.29600  -58.07583 1152396354 189.920785    34.5070      80517          7  0.000e+00
    454.521    -0.5734   2.838790    -0.5825   2.837995    6.31550    -0.1395    13.8155 0.0000e+00  -62.29600  -58.07583 1152396354 189.920786    34.5086      80518          7  0.000e+00
    454.511    -0.5743   2.838784    -0.5831   2.837978    6.31070    -0.0749    13.8155 0.0000e+00  -62.29600  -58.07583 1152396355 189.920786    34.5096      80519          7  0.000e+00
    454.444    -0.5733   2.838750    -0.5828   2.837960    6.31052    -0.0749    13.8155 0.0000e+00  -62.29600  -58.07583 1152396355 189.920787    34.5080      80520          7  0.000e+00
    454.444    -0.5728   2.838687    -0.5835   2.837972    6.31049    -0.1395    13.8155 0.0000e+00  -62.29600  -58.07583 1152396355 189.920787    34.5066      80521          7  0.000e+00
    454.444    -0.5729   2.838650    -0.5842   2.837919    6.31054    -0.1610    13.8155 0.0000e+00  -62.29600  -58.07583 1152396355 189.920788    34.5063      80522          7  0.000e+00
    454.368    -0.5734   2.838587    -0.5845   2.837878    6.31548    -0.1287    13.8155 0.0000e+00  -62.29600  -58.07583 1152396355 189.920788    34.5059      80523          7  0.000e+00
    454.368    -0.5753   2.838437    -0.5843   2.837890    6.31089    -0.1072    13.8155 0.0000e+00  -62.29600  -58.07583 1152396355 189.920788    34.5061      80524          7  0.000e+00
    454.300    -0.5763   2.838414    -0.5845   2.837919    6.31099    -0.1287    13.8155 0.0000e+00  -62.29600  -58.07583 1152396355 189.920789    34.5070      80525          7  0.000e+00
    454.224    -0.5773   2.838384    -0.5845   2.837908    6.31598    -0.1825    13.8155 0.0000e+00  -62.29600  -58.07583 1152396355 189.920789    34.5078      80526          7  0.000e+00
    454.224    -0.5777   2.838358    -0.5841   2.837884    6.31605    -0.1610    13.8155 0.0000e+00  -62.29600  -58.07583 1152396355 189.920790    34.5079      80527          7  0.000e+00
    454.224    -0.5771   2.838318    -0.5842   2.837873    6.31600    -0.1180    13.8155 0.0000e+00  -62.29600  -58.07583 1152396355 189.920790    34.5067      80528          7  0.000e+00
    454.157    -0.5777   2.838308    -0.5839   2.837873    6.31602    -0.1072    13.8155 0.0000e+00  -62.29600  -58.07583 1152396355 189.920791    34.5072      80529          7  0.000e+00
    454.157    -0.5781   2.838264    -0.5843   2.837873    6.31609    -0.1072    13.8155 0.0000e+00  -62.29600  -58.07583 1152396355 189.920791    34.5071      80530          7  0.000e+00
    454.090    -0.5792   2.838208    -0.5843   2.837855    6.31621    -0.0534    13.8155 0.0000e+00  -62.29600  -58.07583 1152396355 189.920792    34.5076      80531          7  0.000e+00
    454.090    -0.5791   2.838091    -0.5837   2.837902    6.31627    -0.0857    13.8155 0.0000e+00  -62.29600  -58.07583 1152396355 189.920792    34.5059      80532          7  0.000e+00
    454.032    -0.5795   2.838075    -0.5836   2.837943    6.31136    -0.1072    13.8155 0.0000e+00  -62.29600  -58.07583 1152396355 189.920793    34.5062      80533          7  0.000e+00
    453.946    -0.5786   2.838095    -0.5833   2.838019    6.31608    -0.1287    13.8155 0.0000e+00  -62.29600  -58.07583 1152396355 189.920793    34.5056      80534          7  0.000e+00
    454.013    -0.5788   2.838171    -0.5833   2.838054    6.31612    -0.1287    13.8155 0.0000e+00  -62.29600  -58.07583 1152396355 189.920794    34.5068      80535          7  0.000e+00
    453.869    -0.5791   2.838221    -0.5828   2.838083    6.31600    -0.0857    13.8155 0.0000e+00  -62.29600  -58.07583 1152396355 189.920794    34.5078      80536          7  0.000e+00
    453.946    -0.5788   2.838221    -0.5814   2.838165    6.31603    -0.0857    13.8155 0.0000e+00  -62.29600  -58.07583 1152396355 189.920795    34.5075      80537          7  0.000e+00
    453.869    -0.5780   2.838218    -0.5805   2.838229    6.31586    -0.1072    13.8155 0.0000e+00  -62.29600  -58.07583 1152396355 189.920795    34.5065      80538          7  0.000e+00
    453.802    -0.5768   2.838301    -0.5803   2.838270    6.31560    -0.1287    13.8155 0.0000e+00  -62.29600  -58.07583 1152396355 189.920796    34.5064      80539          7  0.000e+00
    453.802    -0.5757   2.838381    -0.5806   2.838276    6.31541    -0.1502    13.8155 0.0000e+00  -62.29600  -58.07583 1152396356 189.920796    34.5062      80540          7  0.000e+00
    453.735    -0.5759   2.838447    -0.5799   2.838258    6.31533    -0.1502    13.8155 0.0000e+00  -62.29600  -58.07583 1152396356 189.920797    34.5073      80541          7  0.000e+00
    453.735    -0.5748   2.838517    -0.5802   2.838229    6.31515    -0.1502    13.8155 0.0000e+00  -62.29600  -58.07583 1152396356 189.920797    34.5070      80542          7  0.000e+00
    453.735    -0.5748   2.838507    -0.5793   2.838258    6.31515    -0.1610    13.8155 0.0000e+00  -62.29600  -58.07583 1152396356 189.920798    34.5068      80543          7  0.000e+00
    453.658    -0.5743   2.838524    -0.5786   2.838340    6.31502    -0.1287    13.8155 0.0000e+00  -62.29600  -58.07583 1152396356 189.920798    34.5066      80544          7  0.000e+00
    453.591    -0.5741   2.838514    -0.5791   2.838398    6.31494    -0.0749    13.8155 0.0000e+00  -62.29600  -58.07583 1152396356 189.920799    34.5063      80545          7  0.000e+00
    453.591    -0.5743   2.838544    -0.5793   2.838445    6.31003    -0.1395    13.8155 0.0000e+00  -62.29600  -58.07583 1152396356 189.920799    34.5069      80546          7  0.000e+00
    453.601    -0.5743   2.838520    -0.5780   2.838527    6.31497    -0.1395    13.8155 0.0000e+00  -62.29600  -58.07583 1152396356 189.920800    34.5066      80547          7  0.000e+00
    453.524    -0.5743   2.838494    -0.5769   2.838545    6.31492    -0.1287    13.8155 0.0000e+00  -62.29600  -58.07583 1152396356 189.920800    34.5063      80548          7  0.000e+00
    453.447    -0.5748   2.838497    -0.5764   2.838545    6.31491    -0.1180    13.8155 0.0000e+00  -62.29600  -58.07583 1152396356 189.920801    34.5069      80549          7  0.000e+00
    453.447    -0.5748   2.838474    -0.5757   2.838562    6.31492    -0.1180    13.8155 0.0000e+00  -62.29600  -58.07583 1152396356 189.920801    34.5066      80550          7  0.000e+00
    453.447    -0.5766   2.838414    -0.5756   2.838550    6.31520    -0.1072    13.8155 0.0000e+00  -62.29600  -58.07583 1152396356 189.920802    34.5079      80551          7  0.000e+00
    453.380    -0.5767   2.838397    -0.5759   2.838545    6.31515    -0.1072    13.8155 0.0000e+00  -62.29600  -58.07583 1152396356 189.920802    34.5077      80552          7  0.000e+00
    453.380    -0.5760   2.838377    -0.5766   2.838545    6.31508    -0.0642    13.8155 0.0000e+00  -62.29600  -58.07583 1152396356 189.920802    34.5067      80553          7  0.000e+00
    453.303    -0.5759   2.838341    -0.5766   2.838568    6.31501    -0.1180    13.8155 0.0000e+00  -62.29600  -58.07583 1152396356 189.920803    34.5061      80554          7  0.000e+00
