product_data/regression_test/downloaded_data/MGDS/320620060703/ctd/p6606204.ros
* Sea-Bird SBE 9 Data File:
* FileName = D:\Data\Raw\p6606204.dat
* Software Version Seasave Win32 V 5.32
* Temperature SN = 1649
* Conductivity SN = 1431
* Number of Bytes Per Scan = 37
* Number of Voltage Words = 5
* Number of Scans Averaged by the Deck Unit = 1
* NMEA Latitude = 61 05.82 S
* NMEA Longitude = 058 08.38 W
* NMEA UTC (Time) = 08:04:11
** Ship:   Nathaniel B. Palmer 
** Cruise:    NBP0606 
# nquan = 17
# nvalues = 1176                    
# units = specified
# name 0 = prDM: Pressure, Digiquartz [db]
# name 1 = t090C: Temperature [ITS-90, deg C]
# name 2 = c0S/m: Conductivity [S/m]
# name 3 = t190C: Temperature, 2 [ITS-90, deg C]
# name 4 = c1S/m: Conductivity, 2 [S/m]
# name 5 = sbeox0ML/L: Oxygen, SBE 43 [ml/l]
# name 6 = flECO-AFL: Fluorescence, Wetlab ECO-AFL/FL [mg/m^3]
# name 7 = bat: Beam Attenuation, Chelsea/Seatech/Wetlab CStar [1/m]
# name 8 = spar: SPAR/Surface Irradiance
# name 9 = latitude: Latitude [deg]
# name 10 = longitude: Longitude [deg]
# name 11 = timeY: Time, System [seconds]
# name 12 = timeJ: Julian Days
# name 13 = sal00: Salinity [PSU]
# name 14 = scan: scan number
# name 15 = nbf: number of bottles fired
# name 16 = flag:  0.000e+00
# interval = seconds: 0.0416667                   
# start_time = Jul 07 2006 08:04:18
*END*
[from data line 341]
    154.508     0.8696   2.938595     0.8697   2.938447    5.52472    -0.0642    13.8155 0.0000e+00  -61.09700  -58.13967 1152259742 188.339624    34.3861       6854          7  0.000e+00
    154.508     0.8702   2.938609     0.8690   2.938411    5.52466    -0.0749    13.8155 0.0000e+00  -61.09700  -58.13967 1152259742 188.339625    34.3857       6855          7  0.000e+00
    155.005     0.8673   2.938416     0.8667   2.938275    5.53001    -0.1180    13.8155 0.0000e+00  -61.09700  -58.13967 1152259746 188.339675    34.3861       6960          8  0.000e+00
    154.929     0.8678   2.938423     0.8674   2.938281    5.53446    -0.0857    13.8155 0.0000e+00  -61.09700  -58.13967 1152259746 188.339676    34.3857       6961          8  0.000e+00
    154.872     0.8673   2.938423     0.8680   2.938264    5.52991    -0.0319    13.8155 0.0000e+00  -61.09700  -58.13967 1152259746 188.339676    34.3863       6962          8  0.000e+00
    154.929     0.8676   2.938423     0.8670   2.938258    5.53448    -0.0319    13.8155 0.0000e+00  -61.09700  -58.13967 1152259746 188.339677    34.3859       6963          8  0.000e+00
    154.929     0.8673   2.938403     0.8680   2.938258    5.52996    -0.0642    13.8155 0.0000e+00  -61.09700  -58.13967 1152259746 188.339677    34.3860       6964          8  0.000e+00
    154.795     0.8672   2.938416     0.8677   2.938275    5.53443    -0.0642    13.8155 0.0000e+00  -61.09700  -58.13967 1152259747 188.339678    34.3864       6965          8  0.000e+00
    154.862     0.8667   2.938403     0.8672   2.938281    5.53454    -0.0534    13.8155 0.0000e+00  -61.09700  -58.13967 1152259747 188.339678    34.3867       6966          8  0.000e+00
    154.862     0.8675   2.938430     0.8677   2.938305    5.53444    -0.0857    13.8155 0.0000e+00  -61.09700  -58.13967 1152259747 188.339679    34.3862       6967          8  0.000e+00
    154.872     0.8672   2.938443     0.8681   2.938287    5.53447    -0.0642    13.8155 0.0000e+00  -61.09700  -58.13967 1152259747 188.339679    34.3867       6968          8  0.000e+00
    154.795     0.8683   2.938460     0.8681   2.938305    5.53428    -0.0642    13.8155 0.0000e+00  -61.09700  -58.13967 1152259747 188.339680    34.3857       6969          8  0.000e+00
    154.795     0.8681   2.938446     0.8686   2.938335    5.53431    -0.0642    13.8155 0.0000e+00  -61.09700  -58.13967 1152259747 188.339680    34.3858       6970          8  0.000e+00
    154.795     0.8681   2.938477     0.8690   2.938358    5.53429    -0.0426    13.8155 0.0000e+00  -61.09700  -58.13967 1152259747 188.339681    34.3861       6971          8  0.000e+00
    154.795     0.8684   2.938507     0.8686   2.938364    5.53425    -0.0319    13.8155 0.0000e+00  -61.09700  -58.13967 1152259747 188.339681    34.3862       6972          8  0.000e+00
    154.728     0.8686   2.938477     0.8689   2.938370    5.53419    -0.0104    13.8155 0.0000e+00  -61.09700  -58.13967 1152259747 188.339682    34.3856       6973          8  0.000e+00
    154.719     0.8684   2.938484     0.8689   2.938341    5.53420    -0.0211    13.8155 0.0000e+00  -61.09700  -58.13967 1152259747 188.339682    34.3860       6974          8  0.000e+00
    154.795     0.8684   2.938507     0.8683   2.938358    5.52968    -0.0642    13.8155 0.0000e+00  -61.09700  -58.13967 1152259747 188.339683    34.3862       6975          8  0.000e+00
    154.719     0.8686   2.938494     0.8686   2.938388    5.53417    -0.0749    13.8155 0.0000e+00  -61.09700  -58.13967 1152259747 188.339683    34.3859       6976          8  0.000e+00
    154.719     0.8684   2.938470     0.8684   2.938376    5.53420    -0.0749    13.8155 0.0000e+00  -61.09700  -58.13967 1152259747 188.339684    34.3857       6977          8  0.000e+00
    154.662     0.8684   2.938446     0.8689   2.938388    5.53417    -0.0534    13.8155 0.0000e+00  -61.09700  -58.13967 1152259747 188.339684    34.3855       6978          8  0.000e+00
    154.719     0.8681   2.938477     0.8690   2.938394    5.53880    -0.1072    13.8155 0.0000e+00  -61.09700  -58.13967 1152259747 188.339685    34.3862       6979          8  0.000e+00
    154.719     0.8675   2.938470     0.8689   2.938412    5.53431    -0.1072    13.8155 0.0000e+00  -61.09700  -58.13967 1152259747 188.339685    34.3868       6980          8  0.000e+00
    154.652     0.8683   2.938467     0.8692   2.938441    5.53873    -0.1180    13.8155 0.0000e+00  -61.09700  -58.13967 1152259747 188.339686    34.3859       6981          8  0.000e+00
    154.719     0.8679   2.938467     0.8695   2.938406    5.53882    -0.0534    13.8155 0.0000e+00  -61.09700  -58.13967 1152259747 188.339686    34.3863       6982          8  0.000e+00
    154.652     0.8681   2.938446     0.8694   2.938412    5.53420     0.0004    13.8155 0.0000e+00  -61.09700  -58.13967 1152259747 188.339687    34.3858       6983          8  0.000e+00
    154.662     0.8684   2.938477     0.8689   2.938417    5.53416    -0.0319    13.8155 0.0000e+00  -61.09700  -58.13967 1152259747 188.339687    34.3859       6984          8  0.000e+00
    154.652     0.8683   2.938490     0.8689   2.938382    5.53416    -0.0104    13.8155 0.0000e+00  -61.09700  -58.13967 1152259747 188.339688    34.3862       6985          8  0.000e+00
    154.719     0.8684   2.938453     0.8689   2.938346    5.53421     0.0542    13.8155 0.0000e+00  -61.09700  -58.13967 1152259747 188.339688    34.3855       6986          8  0.000e+00
    154.652     0.8678   2.938514     0.8688   2.938376    5.53877     0.0219    13.8155 0.0000e+00  -61.09700  -58.13967 1152259747 188.339688    34.3871       6987          8  0.000e+00
    154.652     0.8676   2.938467     0.8686   2.938394    5.53880     0.0004    13.8155 0.0000e+00  -61.09700  -58.13967 1152259747 188.339689    34.3866       6988          8  0.000e+00
    154.662     0.8678   2.938443     0.8681   2.938352    5.53880     0.0004    13.8155 0.0000e+00  -61.09700  -58.13967 1152259748 188.339689    34.3861       6989          8  0.000e+00
    154.652     0.8676   2.938460     0.8682   2.938335    5.53425    -0.0211    13.8155 0.0000e+00  -61.09700  -58.13967 1152259748 188.339690    34.3865       6990          8  0.000e+00
    154.719     0.8681   2.938467     0.8683   2.938335    5.53424    -0.0426    13.8155 0.0000e+00  -61.09700  -58.13967 1152259748 188.339690    34.3861       6991          8  0.000e+00
    154.652     0.8683   2.938467     0.8680   2.938317    5.53417    -0.0426    13.8155 0.0000e+00  -61.09700  -58.13967 1152259748 188.339691    34.3859       6992          8  0.000e+00
    154.652     0.8683   2.938484     0.8677   2.938311    5.53416    -0.0642    13.8155 0.0000e+00  -61.09700  -58.13967 1152259748 188.339691    34.3861       6993          8  0.000e+00
    154.662     0.8683   2.938453     0.8677   2.938317    5.53418    -0.0319    13.8155 0.0000e+00  -61.09700  -58.13967 1152259748 188.339692    34.3857       6994          8  0.000e+00
    154.719     0.8684   2.938477     0.8678   2.938329    5.53420    -0.0642    13.8155 0.0000e+00  -61.09700  -58.13967 1152259748 188.339692    34.3859       6995          8  0.000e+00
    154.652     0.8678   2.938470     0.8672   2.938275    5.53422    -0.0534    13.8155 0.0000e+00  -61.09700  -58.13967 1152259748 188.339693    34.3865       6996          8  0.000e+00
    154.719     0.8684   2.938517     0.8666   2.938240    5.53418    -0.0964    13.8155 0.0000e+00  -61.09700  -58.13967 1152259748 188.339693    34.3864       6997          8  0.000e+00
    154.652     0.8684   2.938484     0.8666   2.938204    5.53415    -0.1072    13.8155 0.0000e+00  -61.09700  -58.13967 1152259748 188.339694    34.3860       6998          8  0.000e+00
    154.719     0.8679   2.938500     0.8658   2.938198    5.53881    -0.0426    13.8155 0.0000e+00  -61.09700  -58.13967 1152259748 188.339694    34.3867       6999          8  0.000e+00
    154.729     0.8678   2.938477     0.8661   2.938198    5.53884    -0.0642    13.8155 0.0000e+00  -61.09700  -58.13967 1152259748 188.339695    34.3865       7000          8  0.000e+00
    154.652     0.8683   2.938484     0.8655   2.938181    5.53872    -0.0749    13.8155 0.0000e+00  -61.09700  -58.13967 1152259748 188.339695    34.3861       7001          8  0.000e+00
    154.719     0.8683   2.938524     0.8657   2.938193    5.53419    -0.0642    13.8155 0.0000e+00  -61.09700  -58.13967 1152259748 188.339696    34.3866       7002          8  0.000e+00
    154.719     0.8678   2.938500     0.8660   2.938198    5.53426    -0.0642    13.8155 0.0000e+00  -61.09700  -58.13967 1152259748 188.339696    34.3869       7003          8  0.000e+00
    154.719     0.8675   2.938453     0.8657   2.938181    5.53432    -0.0642    13.8155 0.0000e+00  -61.09700  -58.13967 1152259748 188.339697    34.3865       7004          8  0.000e+00
    154.729     0.8672   2.938372     0.8660   2.938175    5.53440    -0.0319    13.8155 0.0000e+00  -61.09700  -58.13967 1152259748 188.339697    34.3858       7005          8  0.000e+00
    154.795     0.8665   2.938332     0.8660   2.938175    5.53454    -0.0426    13.8155 0.0000e+00  -61.09700  -58.13967 1152259748 188.339698    34.3860       7006          8  0.000e+00
    154.719     0.8657   2.938328     0.8658   2.938175    5.53457    -0.0642    13.8155 0.0000e+00  -61.09700  -58.13967 1152259748 188.339698    34.3869       7007          8  0.000e+00
    154.795     0.8656   2.938328     0.8653   2.938151    5.53464    -0.0749    13.8155 0.0000e+00  -61.09700  -58.13967 1152259748 188.339699    34.3870       7008          8  0.000e+00
    156.621     0.8402   2.936254     0.8409   2.936216    5.53990    -0.0642    13.8155 0.0000e+00  -61.09700  -58.13967 1152259756 188.339783    34.3872       7184          9  0.000e+00
    156.554     0.8403   2.936197     0.8412   2.936216    5.53529    -0.0642    13.8155 0.0000e+00  -61.09700  -58.13967 1152259756 188.339784    34.3863       7185          9  0.000e+00
    156.621     0.8403   2.936207     0.8410   2.936216    5.53533    -0.0534    13.8155 0.0000e+00  -61.09700  -58.13967 1152259756 188.339784    34.3864       7186          9  0.000e+00
    156.554     0.8402   2.936248     0.8412   2.936216    5.53985    -0.0426    13.8155 0.0000e+00  -61.09700  -58.13967 1152259756 188.339785    34.3872       7187          9  0.000e+00
    156.621     0.8398   2.936227     0.8407   2.936199    5.53994    -0.0426    13.8155 0.0000e+00  -61.09700  -58.13967 1152259756 188.339785    34.3872       7188          9  0.000e+00
    156.621     0.8403   2.936221     0.8415   2.936228    5.53989    -0.0211    13.8155 0.0000e+00  -61.09700  -58.13967 1152259756 188.339786    34.3866       7189          9  0.000e+00
    156.621     0.8403   2.936254     0.8409   2.936246    5.53988    -0.1180    13.8155 0.0000e+00  -61.09700  -58.13967 1152259756 188.339786    34.3871       7190          9  0.000e+00
    156.621     0.8403   2.936248     0.8412   2.936246    5.53988    -0.0857    13.8155 0.0000e+00  -61.09700  -58.13967 1152259756 188.339787    34.3870       7191          9  0.000e+00
    156.621     0.8400   2.936261     0.8415   2.936287    5.53991    -0.0534    13.8155 0.0000e+00  -61.09700  -58.13967 1152259756 188.339787    34.3875       7192          9  0.000e+00
    156.554     0.8398   2.936268     0.8418   2.936299    5.53987    -0.0104    13.8155 0.0000e+00  -61.09700  -58.13967 1152259756 188.339788    34.3878       7193          9  0.000e+00
    156.621     0.8402   2.936268     0.8423   2.936299    5.53532    -0.0211    13.8155 0.0000e+00  -61.09700  -58.13967 1152259756 188.339788    34.3874       7194          9  0.000e+00
    156.621     0.8400   2.936268     0.8427   2.936382    5.53991    -0.0211    13.8155 0.0000e+00  -61.09700  -58.13967 1152259756 188.339789    34.3876       7195          9  0.000e+00
    156.621     0.8403   2.936285     0.8446   2.936412    5.53986    -0.0426    13.8155 0.0000e+00  -61.09700  -58.13967 1152259756 188.339789    34.3874       7196          9  0.000e+00
    156.621     0.8400   2.936254     0.8454   2.936429    5.53991    -0.0534    13.8155 0.0000e+00  -61.09700  -58.13967 1152259756 188.339790    34.3874       7197          9  0.000e+00
    156.554     0.8395   2.936244     0.8454   2.936459    5.53992    -0.0319    13.8155 0.0000e+00  -61.09700  -58.13967 1152259756 188.339790    34.3878       7198          9  0.000e+00
    156.621     0.8394   2.936254     0.8444   2.936500    5.53998    -0.0104    13.8155 0.0000e+00  -61.09700  -58.13967 1152259756 188.339791    34.3881       7199          9  0.000e+00
    156.554     0.8397   2.936227     0.8440   2.936483    5.53991    -0.0642    13.8155 0.0000e+00  -61.09700  -58.13967 1152259756 188.339791    34.3874       7200          9  0.000e+00
    156.621     0.8391   2.936238     0.8435   2.936441    5.54003    -0.0964    13.8155 0.0000e+00  -61.09700  -58.13967 1152259756 188.339792    34.3882       7201          9  0.000e+00
    156.554     0.8392   2.936244     0.8429   2.936417    5.53995    -0.0749    13.8155 0.0000e+00  -61.09700  -58.13967 1152259756 188.339792    34.3882       7202          9  0.000e+00
    156.621     0.8389   2.936224     0.8436   2.936394    5.53548    -0.0426    13.8155 0.0000e+00  -61.09700  -58.13967 1152259756 188.339793    34.3882       7203          9  0.000e+00
    156.554     0.8389   2.936221     0.8440   2.936423    5.54000    -0.0211    13.8155 0.0000e+00  -61.09700  -58.13967 1152259756 188.339793    34.3882       7204          9  0.000e+00
    156.621     0.8394   2.936238     0.8443   2.936453    5.53999    -0.0211    13.8155 0.0000e+00  -61.09700  -58.13967 1152259757 188.339794    34.3879       7205          9  0.000e+00
    156.554     0.8394   2.936278     0.8452   2.936530    5.53992    -0.0642    13.8155 0.0000e+00  -61.09700  -58.13967 1152259757 188.339794    34.3885       7206          9  0.000e+00
    156.554     0.8395   2.936309     0.8457   2.936548    5.53989    -0.0857    13.8155 0.0000e+00  -61.09700  -58.13967 1152259757 188.339795    34.3887       7207          9  0.000e+00
    156.554     0.8403   2.936332     0.8460   2.936548    5.53979    -0.0642    13.8155 0.0000e+00  -61.09700  -58.13967 1152259757 188.339795    34.3881       7208          9  0.000e+00
    156.554     0.8417   2.936369     0.8459   2.936530    5.53961    -0.0426    13.8155 0.0000e+00  -61.09700  -58.13967 1152259757 188.339796    34.3870       7209          9  0.000e+00
    156.554     0.8417   2.936342     0.8455   2.936542    5.53963    -0.0749    13.8155 0.0000e+00  -61.09700  -58.13967 1152259757 188.339796    34.3867       7210          9  0.000e+00
    156.554     0.8417   2.936386     0.8454   2.936483    5.53961    -0.0534    13.8155 0.0000e+00  -61.09700  -58.13967 1152259757 188.339796    34.3872       7211          9  0.000e+00
    156.554     0.8422   2.936356     0.8449   2.936465    5.53957    -0.1072    13.8155 0.0000e+00  -61.09700  -58.13967 1152259757 188.339797    34.3863       7212          9  0.000e+00
    156.554     0.8419   2.936339     0.8442   2.936441    5.53961    -0.0964    13.8155 0.0000e+00  -61.09700  -58.13967 1152259757 188.339797    34.3865       7213          9  0.000e+00
    156.478     0.8414   2.936302     0.8441   2.936394    5.53962    -0.0642    13.8155 0.0000e+00  -61.09700  -58.13967 1152259757 188.339798    34.3865       7214          9  0.000e+00
    156.554     0.8414   2.936309     0.8436   2.936358    5.53968    -0.0642    13.8155 0.0000e+00  -61.09700  -58.13967 1152259757 188.339798    34.3866       7215          9  0.000e+00
    156.478     0.8411   2.936332     0.8433   2.936352    5.53964    -0.0211    13.8155 0.0000e+00  -61.09700  -58.13967 1152259757 188.339799    34.3873       7216          9  0.000e+00
