product_data/regression_test/downloaded_data/MGDS/320620060703/ctd/p6608102.ros
* Sea-Bird SBE 9 Data File:
* FileName = D:\Data\Raw\P6608102.dat
* Software Version Seasave Win32 V 5.32
* Temperature SN = 1649
* Conductivity SN = 1431
* Number of Bytes Per Scan = 37
* Number of Voltage Words = 5
* Number of Scans Averaged by the Deck Unit = 1
* NMEA Latitude = 62 13.84 S
* NMEA Longitude = 058 06.97 W
* NMEA UTC (Time) = 13:53:31
** Ship:   Nathaniel B. Palmer 
** Cruise:    NBP0603 p0606
** Cast #: 02
** Station:   81
** Operator: 
# nquan = 17
# nvalues = 1176                    
# units = specified
# name 0 = prDM: Pressure, Digiquartz [db]
# name 1 = t090C: Temperature [ITS-90, deg C]
# name 2 = c0S/m: Conductivity [S/m]
# name 3 = t190C: Temperature, 2 [ITS-90, deg C]
# name 4 = c1S/m: Conductivity, 2 [S/m]
# name 5 = sbeox0ML/L: Oxygen, SBE 43 [ml/l]
# name 6 = flECO-AFL: Fluorescence, Wetlab ECO-AFL/FL [mg/m^3]
# name 7 = bat: Beam Attenuation, Chelsea/Seatech/Wetlab CStar [1/m]
# name 8 = spar: SPAR/Surface Irradiance
# name 9 = latitude: Latitude [deg]
# name 10 = longitude: Longitude [deg]
# name 11 = timeY: Time, System [seconds]
# name 12 = timeJ: Julian Days
# name 13 = sal00: Salinity [PSU]
# name 14 = scan: scan number
# name 15 = nbf: number of bottles fired
# name 16 = flag:  0.000e+00
# interval = seconds: 0.0416667                   
# start_time = Jul 09 2006 13:53:38
*END*
[from data line 511]
    300.011    -0.1292   2.859990    -0.1300   2.860220    6.50438    -0.1395    13.8155 9.9355e+01  -62.23067  -58.11617 1152456201 190.613457    34.3833      71633         11  0.000e+00
    300.078    -0.1297   2.859986    -0.1298   2.860196    6.50450    -0.1287    13.8155 9.9355e+01  -62.23067  -58.11617 1152456201 190.613457    34.3837      71634         11  0.000e+00
    300.030    -0.1292   2.860003    -0.1305   2.860149    6.50439    -0.0964    13.8155 9.9355e+01  -62.23067  -58.11617 1152456201 190.613458    34.3835      71635         11  0.000e+00
    300.011    -0.1296   2.859990    -0.1300   2.860138    6.50442    -0.0749    13.8155 9.9355e+01  -62.23067  -58.11617 1152456201 190.613458    34.3836      71636         11  0.000e+00
    300.078    -0.1297   2.859996    -0.1300   2.860138    6.50450    -0.0534    13.8155 9.7407e+01  -62.23067  -58.11617 1152456201 190.613459    34.3838      71637         11  0.000e+00
    299.963    -0.1296   2.859970    -0.1300   2.860155    6.50916    -0.0534    13.8155 9.9355e+01  -62.23067  -58.11617 1152456201 190.613459    34.3834      71638         11  0.000e+00
    300.078    -0.1299   2.859996    -0.1305   2.860126    6.50929    -0.0857    13.8155 9.9355e+01  -62.23067  -58.11617 1152456201 190.613460    34.3840      71639         11  0.000e+00
    300.011    -0.1297   2.859973    -0.1302   2.860132    6.50445    -0.1072    13.8155 9.7407e+01  -62.23067  -58.11617 1152456202 190.613460    34.3836      71640         11  0.000e+00
    300.011    -0.1299   2.859980    -0.1302   2.860138    6.50447    -0.0964    13.8155 9.7407e+01  -62.23067  -58.11617 1152456202 190.613461    34.3839      71641         11  0.000e+00
    300.030    -0.1297   2.859996    -0.1302   2.860155    6.50445    -0.0534    13.8155 9.7407e+01  -62.23067  -58.11617 1152456202 190.613461    34.3839      71642         11  0.000e+00
    300.011    -0.1302   2.859970    -0.1305   2.860167    6.50452    -0.0426    13.8155 9.7407e+01  -62.23067  -58.11617 1152456202 190.613462    34.3841      71643         11  0.000e+00
    300.011    -0.1300   2.859996    -0.1302   2.860144    6.50448    -0.0426    13.8155 9.9355e+01  -62.23067  -58.11617 1152456202 190.613462    34.3842      71644         11  0.000e+00
    300.030    -0.1299   2.859990    -0.1302   2.860155    6.50448    -0.1180    13.8155 9.9355e+01  -62.23067  -58.11617 1152456202 190.613463    34.3840      71645         11  0.000e+00
    300.011    -0.1302   2.859996    -0.1305   2.860144    6.50450    -0.1610    13.8155 9.9355e+01  -62.23067  -58.11617 1152456202 190.613463    34.3844      71646         11  0.000e+00
    299.934    -0.1300   2.859953    -0.1305   2.860120    6.50443    -0.1395    13.8155 9.7407e+01  -62.23067  -58.11617 1152456202 190.613464    34.3837      71647         11  0.000e+00
    300.030    -0.1297   2.859973    -0.1308   2.860114    6.49970    -0.1287    13.8155 9.9355e+01  -62.23067  -58.11617 1152456202 190.613464    34.3836      71648         11  0.000e+00
    299.934    -0.1299   2.859966    -0.1306   2.860091    6.50918    -0.1072    13.8155 9.7407e+01  -62.23067  -58.11617 1152456202 190.613465    34.3837      71649         11  0.000e+00
    300.011    -0.1302   2.859980    -0.1308   2.860103    6.50928    -0.1395    13.8155 9.9355e+01  -62.23067  -58.11617 1152456202 190.613465    34.3842      71650         11  0.000e+00
    299.963    -0.1296   2.859976    -0.1311   2.860091    6.50439    -0.1180    13.8155 9.9355e+01  -62.23067  -58.11617 1152456202 190.613465    34.3835      71651         11  0.000e+00
    300.011    -0.1303   2.859946    -0.1309   2.860085    6.50455    -0.0749    13.8155 9.9355e+01  -62.23067  -58.11617 1152456202 190.613466    34.3839      71652         11  0.000e+00
    299.934    -0.1302   2.859973    -0.1312   2.860085    6.50444    -0.0749    13.8155 9.7407e+01  -62.23067  -58.11617 1152456202 190.613466    34.3842      71653         11  0.000e+00
    299.963    -0.1306   2.859936    -0.1315   2.860085    6.50455    -0.1072    13.8155 9.7407e+01  -62.23067  -58.11617 1152456202 190.613467    34.3842      71654         11  0.000e+00
    299.935    -0.1302   2.859920    -0.1317   2.860085    6.50924    -0.0534    13.8155 9.7407e+01  -62.23067  -58.11617 1152456202 190.613467    34.3835      71655         11  0.000e+00
    300.011    -0.1300   2.859930    -0.1317   2.860085    6.50929    -0.0534    13.8155 9.7407e+01  -62.23067  -58.11617 1152456202 190.613468    34.3834      71656         11  0.000e+00
    299.896    -0.1300   2.859936    -0.1318   2.860085    6.50441    -0.0749    13.8155 9.9355e+01  -62.23067  -58.11617 1152456202 190.613468    34.3835      71657         11  0.000e+00
    299.935    -0.1303   2.859956    -0.1318   2.860044    6.50447    -0.1072    13.8155 9.7407e+01  -62.23067  -58.11617 1152456202 190.613469    34.3841      71658         11  0.000e+00
    299.935    -0.1300   2.859913    -0.1314   2.860067    6.50446    -0.1287    13.8155 9.9355e+01  -62.23067  -58.11617 1152456202 190.613469    34.3832      71659         11  0.000e+00
    299.963    -0.1303   2.859906    -0.1312   2.860061    6.50930    -0.1072    13.8155 9.9355e+01  -62.23067  -58.11617 1152456202 190.613470    34.3834      71660         11  0.000e+00
    300.015    -0.1487   2.858304    -0.1466   2.858708    6.51270    -0.0749    13.8155 9.9355e+01  -62.23067  -58.11617 1152456209 190.613548    34.3827      71823         12  0.000e+00
    299.900    -0.1482   2.858264    -0.1468   2.858684    6.51256    -0.0534    13.8155 9.9355e+01  -62.23067  -58.11617 1152456209 190.613549    34.3817      71824         12  0.000e+00
    299.938    -0.1485   2.858247    -0.1465   2.858714    6.50787    -0.0857    13.8155 9.9355e+01  -62.23067  -58.11617 1152456209 190.613549    34.3818      71825         12  0.000e+00
    299.938    -0.1490   2.858247    -0.1466   2.858690    6.50793    -0.1072    13.8155 9.9355e+01  -62.23067  -58.11617 1152456209 190.613550    34.3823      71826         12  0.000e+00
    299.967    -0.1485   2.858264    -0.1466   2.858655    6.50789    -0.1287    13.8155 9.9355e+01  -62.23067  -58.11617 1152456209 190.613550    34.3820      71827         12  0.000e+00
    299.938    -0.1483   2.858230    -0.1465   2.858684    6.51740    -0.1180    13.8155 9.9355e+01  -62.23067  -58.11617 1152456209 190.613551    34.3814      71828         12  0.000e+00
    299.871    -0.1487   2.858257    -0.1462   2.858684    6.51260    -0.0857    13.8155 9.9355e+01  -62.23067  -58.11617 1152456209 190.613551    34.3822      71829         12  0.000e+00
    299.967    -0.1485   2.858287    -0.1459   2.858720    6.50788    -0.1072    13.8155 9.9355e+01  -62.23067  -58.11617 1152456209 190.613552    34.3824      71830         12  0.000e+00
    299.871    -0.1477   2.858310    -0.1457   2.858731    6.51244    -0.1072    13.8155 9.7407e+01  -62.23067  -58.11617 1152456209 190.613552    34.3818      71831         12  0.000e+00
    299.938    -0.1464   2.858401    -0.1459   2.858749    6.51227    -0.0964    13.8155 9.7407e+01  -62.23067  -58.11617 1152456209 190.613553    34.3815      71832         12  0.000e+00
    299.871    -0.1463   2.858447    -0.1455   2.858737    6.50741    -0.0857    13.8155 9.7407e+01  -62.23067  -58.11617 1152456210 190.613553    34.3821      71833         12  0.000e+00
    299.900    -0.1460   2.858454    -0.1454   2.858755    6.51216    -0.1180    13.8155 9.7407e+01  -62.23067  -58.11617 1152456210 190.613554    34.3818      71834         12  0.000e+00
    299.871    -0.1459   2.858517    -0.1459   2.858761    6.51208    -0.0964    13.8155 9.7407e+01  -62.23067  -58.11617 1152456210 190.613554    34.3825      71835         12  0.000e+00
    299.938    -0.1454   2.858524    -0.1450   2.858761    6.50730    -0.1180    13.8155 9.7407e+01  -62.23067  -58.11617 1152456210 190.613555    34.3820      71836         12  0.000e+00
    299.823    -0.1454   2.858537    -0.1449   2.858760    6.51673    -0.1072    13.8155 9.7407e+01  -62.23067  -58.11617 1152456210 190.613555    34.3823      71837         12  0.000e+00
    299.871    -0.1459   2.858524    -0.1449   2.858761    6.50730    -0.1502    13.8155 9.7407e+01  -62.23067  -58.11617 1152456210 190.613556    34.3826      71838         12  0.000e+00
    299.871    -0.1460   2.858501    -0.1451   2.858761    6.51211    -0.1180    13.8155 9.7407e+01  -62.23067  -58.11617 1152456210 190.613556    34.3824      71839         12  0.000e+00
    299.900    -0.1457   2.858531    -0.1449   2.858778    6.51207    -0.0749    13.8155 9.7407e+01  -62.23067  -58.11617 1152456210 190.613557    34.3825      71840         12  0.000e+00
    299.871    -0.1454   2.858577    -0.1447   2.858784    6.50721    -0.0857    13.8155 9.7407e+01  -62.23067  -58.11617 1152456210 190.613557    34.3828      71841         12  0.000e+00
    299.871    -0.1452   2.858571    -0.1445   2.858766    6.51196    -0.1072    13.8155 9.7407e+01  -62.23067  -58.11617 1152456210 190.613558    34.3825      71842         12  0.000e+00
    299.823    -0.1447   2.858584    -0.1446   2.858796    6.51184    -0.1072    13.8155 9.7407e+01  -62.23067  -58.11617 1152456210 190.613558    34.3821      71843         12  0.000e+00
    299.871    -0.1452   2.858591    -0.1442   2.858813    6.51672    -0.1072    13.8155 9.7407e+01  -62.23067  -58.11617 1152456210 190.613559    34.3828      71844         12  0.000e+00
    299.871    -0.1449   2.858591    -0.1439   2.858831    6.51191    -0.1180    13.8155 9.7407e+01  -62.23067  -58.11617 1152456210 190.613559    34.3824      71845         12  0.000e+00
    299.824    -0.1446   2.858571    -0.1434   2.858860    6.51184    -0.1180    13.8155 9.7407e+01  -62.23067  -58.11617 1152456210 190.613560    34.3818      71846         12  0.000e+00
    299.871    -0.1445   2.858601    -0.1440   2.858866    6.51184    -0.1072    13.8155 9.7407e+01  -62.23067  -58.11617 1152456210 190.613560    34.3820      71847         12  0.000e+00
    299.804    -0.1445   2.858561    -0.1434   2.858866    6.50704    -0.1180    13.8155 9.7407e+01  -62.23067  -58.11617 1152456210 190.613560    34.3815      71848         12  0.000e+00
    299.900    -0.1438   2.858574    -0.1442   2.858866    6.51657    -0.1180    13.8155 9.7407e+01  -62.23067  -58.11617 1152456210 190.613561    34.3810      71849         12  0.000e+00
    299.728    -0.1448   2.858571    -0.1444   2.858866    6.51177    -0.1395    13.8155 9.7407e+01  -62.23067  -58.11617 1152456210 190.613561    34.3821      71850         12  0.000e+00
    299.939    -0.1448   2.858567    -0.1440   2.858848    6.51674    -0.1072    13.8155 9.7407e+01  -62.23067  -58.11617 1152456210 190.613562    34.3819      71851         12  0.000e+00
    299.872    -0.1448   2.858531    -0.1437   2.858843    6.50716    -0.0857    13.8155 9.7407e+01  -62.23067  -58.11617 1152456210 190.613562    34.3815      71852         12  0.000e+00
    299.824    -0.1446   2.858554    -0.1443   2.858878    6.51662    -0.0426    13.8155 9.7407e+01  -62.23067  -58.11617 1152456210 190.613563    34.3816      71853         12  0.000e+00
    299.872    -0.1442   2.858584    -0.1440   2.858854    6.51181    -0.0964    13.8155 9.9355e+01  -62.23067  -58.11617 1152456210 190.613563    34.3815      71854         12  0.000e+00
    299.872    -0.1449   2.858537    -0.1439   2.858860    6.51194    -0.1180    13.8155 9.9355e+01  -62.23067  -58.11617 1152456210 190.613564    34.3817      71855         12  0.000e+00
    299.824    -0.1453   2.858534    -0.1442   2.858884    6.51195    -0.0749    13.8155 9.9355e+01  -62.23067  -58.11617 1152456211 190.613564    34.3821      71856         12  0.000e+00
    299.872    -0.1448   2.858541    -0.1443   2.858837    6.51192    -0.1180    13.8155 9.9355e+01  -62.23067  -58.11617 1152456211 190.613565    34.3816      71857         12  0.000e+00
    299.872    -0.1445   2.858561    -0.1446   2.858854    6.51187    -0.1180    13.8155 9.9355e+01  -62.23067  -58.11617 1152456211 190.613565    34.3815      71858         12  0.000e+00
    299.824    -0.1451   2.858567    -0.1440   2.858866    6.51190    -0.1180    13.8155 9.9355e+01  -62.23067  -58.11617 1152456211 190.613566    34.3823      71859         12  0.000e+00
    299.872    -0.1448   2.858547    -0.1444   2.858866    6.51192    -0.1072    13.8155 9.9355e+01  -62.23067  -58.11617 1152456211 190.613566    34.3817      71860         12  0.000e+00
    299.872    -0.1448   2.858577    -0.1440   2.858866    6.51667    -0.1072    13.8155 9.7407e+01  -62.23067  -58.11617 1152456211 190.613567    34.3821      71861         12  0.000e+00
    299.900    -0.1446   2.858608    -0.1442   2.858866    6.51666    -0.0857    13.8155 9.7407e+01  -62.23067  -58.11617 1152456211 190.613567    34.3823      71862         12  0.000e+00
    299.872    -0.1445   2.858591    -0.1442   2.858866    6.51185    -0.1287    13.8155 9.9355e+01  -62.23067  -58.11617 1152456211 190.613568    34.3819      71863         12  0.000e+00
    299.872    -0.1442   2.858624    -0.1441   2.858848    6.51656    -0.1395    13.8155 9.9355e+01  -62.23067  -58.11617 1152456211 190.613568    34.3820      71864         12  0.000e+00
    299.824    -0.1437   2.858651    -0.1440   2.858895    6.51167    -0.0964    13.8155 9.9355e+01  -62.23067  -58.11617 1152456211 190.613569    34.3819      71865         12  0.000e+00
    299.939    -0.1438   2.858624    -0.1436   2.858901    6.51658    -0.0857    13.8155 9.9355e+01  -62.23067  -58.11617 1152456211 190.613569    34.3816      71866         12  0.000e+00
    299.872    -0.1437   2.858698    -0.1436   2.858913    6.51646    -0.1287    13.8155 9.9355e+01  -62.23067  -58.11617 1152456211 190.613570    34.3825      71867         12  0.000e+00
    299.872    -0.1431   2.858674    -0.1437   2.858901    6.51639    -0.1180    13.8155 9.9355e+01  -62.23067  -58.11617 1152456211 190.613570    34.3815      71868         12  0.000e+00
    299.968    -0.1431   2.858674    -0.1432   2.858913    6.51170    -0.0964    13.8155 9.9355e+01  -62.23067  -58.11617 1152456211 190.613571    34.3814      71869         12  0.000e+00
    299.872    -0.1432   2.858694    -0.1428   2.858977    6.51639    -0.0964    13.8155 9.9355e+01  -62.23067  -58.11617 1152456211 190.613571    34.3819      71870         12  0.000e+00
    299.939    -0.1432   2.858684    -0.1428   2.859018    6.51646    -0.0964    13.8155 9.9355e+01  -62.23067  -58.11617 1152456211 190.613572    34.3817      71871         12  0.000e+00
    249.924    -1.1268   2.765362    -1.1401   2.764819    7.34969    -0.1180    13.8155 9.7407e+01  -62.23067  -58.11617 1152456301 190.614611    34.2683      74026         13  0.000e+00
    250.067    -1.1284   2.765309    -1.1408   2.764674    7.35011    -0.0857    13.8155 9.7407e+01  -62.23067  -58.11617 1152456301 190.614611    34.2693      74027         13  0.000e+00
    250.067    -1.1287   2.765296    -1.1416   2.764639    7.35016    -0.0749    13.8155 9.7407e+01  -62.23067  -58.11617 1152456301 190.614612    34.2695      74028         13  0.000e+00
    249.934    -1.1294   2.765266    -1.1429   2.764634    7.35501    -0.0857    13.8155 9.9355e+01  -62.23067  -58.11617 1152456301 190.614612    34.2700      74029         13  0.000e+00
    249.991    -1.1291   2.765266    -1.1427   2.764593    7.35503    -0.0749    13.8155 9.9355e+01  -62.23067  -58.11617 1152456301 190.614613    34.2697      74030         13  0.000e+00
    250.001    -1.1285   2.765289    -1.1428   2.764564    7.35494    -0.0749    13.8155 9.9355e+01  -62.23067  -58.11617 1152456301 190.614613    34.2693      74031         13  0.000e+00
    249.991    -1.1284   2.765266    -1.1433   2.764535    7.35493    -0.0749    13.8155 9.7407e+01  -62.23067  -58.11617 1152456301 190.614614    34.2689      74032         13  0.000e+00
