product_data/regression_test/downloaded_data/MGDS/320620060703/ctd/p6608401.cnv
* Sea-Bird SBE 9 Data File:
* FileName = D:\Data\Raw\P6608401.dat
* Software Version Seasave Win32 V 5.32
* Temperature SN = 1649
* Conductivity SN = 1431
* Number of Bytes Per Scan = 37
* Number of Voltage Words = 5
* Number of Scans Averaged by the Deck Unit = 1
* NMEA Latitude = 61 43.33 S
* NMEA Longitude = 057 38.91 W
* NMEA UTC (Time) = 00:42:37
** Ship:   Nathaniel B. Palmer 
** Cruise:    NBP0603 p0606
** Cast #: 01
** Station:   84
** Operator: 
# nquan = 15
# nvalues = 317                         
# units = specified
# name 0 = prDM: Pressure, Digiquartz [db]
# name 1 = t090C: Temperature [ITS-90, deg C]
# name 2 = c0S/m: Conductivity [S/m]
# name 3 = t190C: Temperature, 2 [ITS-90, deg C]
# name 4 = c1S/m: Conductivity, 2 [S/m]
# name 5 = sbeox0ML/L: Oxygen, SBE 43 [ml/l]
# name 6 = flECO-AFL: Fluorescence, Wetlab ECO-AFL/FL [mg/m^3]
# name 7 = bat: Beam Attenuation, Chelsea/Seatech/Wetlab CStar [1/m]
# name 8 = spar: SPAR/Surface Irradiance
# name 9 = latitude: Latitude [deg]
# name 10 = longitude: Longitude [deg]
# name 11 = timeY: Time, System [seconds]
# name 12 = timeJ: Julian Days
# name 13 = sal00: Salinity [PSU]
# name 14 = flag: flag
# span 0 =      4.000,    320.000       
# span 1 =    -0.8765,    -0.2577       
# span 2 =   2.765848,   2.853455       
# span 3 =    -0.8762,    -0.2571       
# span 4 =   2.766393,   2.853689       
# span 5 =    6.43370,    7.85042       
# span 6 =    -0.0815,     0.2542       
# span 7 =    13.8155,    13.8155       
# span 8 = 0.0000e+00, 0.0000e+00       
# span 9 =  -61.72217,  -61.72217       
# span 10 =  -57.64850,  -57.64850      
# span 11 = 1152492189, 1152492797      
# span 12 = 191.029982, 191.037019      
# span 13 =    34.1397,    34.4290      
# span 14 = 0.0000e+00, 0.0000e+00      
# interval = decibars: 1                
# start_time = Jul 10 2006 00:42:45
# bad_flag = -9.990e-29
*END*
[from data line 290]
    294.000    -0.2711   2.848852    -0.2705   2.849094    6.55625    -0.0692    13.8155 0.0000e+00  -61.72217  -57.64850 1152492729 191.036233    34.3984 0.0000e+00
    295.000    -0.2709   2.848938    -0.2703   2.849183    6.55304    -0.0707    13.8155 0.0000e+00  -61.72217  -57.64850 1152492730 191.036249    34.3987 0.0000e+00
    296.000    -0.2705   2.849114    -0.2697   2.849355    6.54957    -0.0668    13.8155 0.0000e+00  -61.72217  -57.64850 1152492732 191.036266    34.3999 0.0000e+00
    297.000    -0.2699   2.849300    -0.2693   2.849543    6.54476    -0.0605    13.8155 0.0000e+00  -61.72217  -57.64850 1152492734 191.036291    34.4012 0.0000e+00
    298.000    -0.2690   2.849553    -0.2684   2.849778    6.53790    -0.0748    13.8155 0.0000e+00  -61.72217  -57.64850 1152492735 191.036309    34.4028 0.0000e+00
    299.000    -0.2665   2.849991    -0.2652   2.850274    6.53325    -0.0701    13.8155 0.0000e+00  -61.72217  -57.64850 1152492736 191.036320    34.4053 0.0000e+00
    300.000    -0.2622   2.850665    -0.2615   2.850869    6.52550    -0.0718    13.8155 0.0000e+00  -61.72217  -57.64850 1152492737 191.036331    34.4086 0.0000e+00
    301.000    -0.2620   2.850859    -0.2612   2.851083    6.51548    -0.0647    13.8155 0.0000e+00  -61.72217  -57.64850 1152492739 191.036349    34.4104 0.0000e+00
    302.000    -0.2638   2.850927    -0.2632   2.851197    6.50327    -0.0690    13.8155 0.0000e+00  -61.72217  -57.64850 1152492742 191.036392    34.4129 0.0000e+00
    303.000    -0.2637   2.851047    -0.2631   2.851263    6.50314    -0.0769    13.8155 0.0000e+00  -61.72217  -57.64850 1152492744 191.036405    34.4138 0.0000e+00
    304.000    -0.2639   2.851073    -0.2634   2.851289    6.50161    -0.0748    13.8155 0.0000e+00  -61.72217  -57.64850 1152492745 191.036417    34.4137 0.0000e+00
    305.000    -0.2635   2.851121    -0.2629   2.851345    6.50036    -0.0741    13.8155 0.0000e+00  -61.72217  -57.64850 1152492746 191.036431    34.4134 0.0000e+00
    306.000    -0.2631   2.851182    -0.2625   2.851401    6.49664    -0.0620    13.8155 0.0000e+00  -61.72217  -57.64850 1152492747 191.036449    34.4131 0.0000e+00
    307.000    -0.2632   2.851257    -0.2624   2.851463    6.49719    -0.0637    13.8155 0.0000e+00  -61.72217  -57.64850 1152492749 191.036469    34.4136 0.0000e+00
    308.000    -0.2630   2.851294    -0.2624   2.851536    6.49376    -0.0715    13.8155 0.0000e+00  -61.72217  -57.64850 1152492751 191.036489    34.4133 0.0000e+00
    309.000    -0.2632   2.851538    -0.2630   2.851859    6.48563    -0.0748    13.8155 0.0000e+00  -61.72217  -57.64850 1152492753 191.036512    34.4162 0.0000e+00
    310.000    -0.2634   2.851866    -0.2628   2.852084    6.47961    -0.0737    13.8155 0.0000e+00  -61.72217  -57.64850 1152492755 191.036531    34.4202 0.0000e+00
    311.000    -0.2629   2.851970    -0.2623   2.852199    6.47766    -0.0603    13.8155 0.0000e+00  -61.72217  -57.64850 1152492756 191.036547    34.4204 0.0000e+00
    312.000    -0.2624   2.852134    -0.2617   2.852373    6.47596    -0.0728    13.8155 0.0000e+00  -61.72217  -57.64850 1152492757 191.036562    34.4214 0.0000e+00
    313.000    -0.2622   2.852241    -0.2616   2.852469    6.47233    -0.0755    13.8155 0.0000e+00  -61.72217  -57.64850 1152492760 191.036590    34.4220 0.0000e+00
    314.000    -0.2622   2.852292    -0.2616   2.852521    6.46501    -0.0775    13.8155 0.0000e+00  -61.72217  -57.64850 1152492766 191.036668    34.4221 0.0000e+00
    315.000    -0.2621   2.852368    -0.2616   2.852585    6.46190    -0.0622    13.8155 0.0000e+00  -61.72217  -57.64850 1152492770 191.036714    34.4224 0.0000e+00
    316.000    -0.2618   2.852464    -0.2612   2.852688    6.45968    -0.0621    13.8155 0.0000e+00  -61.72217  -57.64850 1152492776 191.036778    34.4227 0.0000e+00
    317.000    -0.2598   2.852934    -0.2591   2.853169    6.45772    -0.0815    13.8155 0.0000e+00  -61.72217  -57.64850 1152492781 191.036842    34.4261 0.0000e+00
    318.000    -0.2594   2.853085    -0.2585   2.853337    6.44871    -0.0742    13.8155 0.0000e+00  -61.72217  -57.64850 1152492787 191.036904    34.4271 0.0000e+00
    319.000    -0.2577   2.853397    -0.2572   2.853619    6.43370    -0.0697    13.8155 0.0000e+00  -61.72217  -57.64850 1152492793 191.036981    34.4287 0.0000e+00
    320.000    -0.2578   2.853455    -0.2571   2.853689    6.43412    -0.0802    13.8155 0.0000e+00  -61.72217  -57.64850 1152492797 191.037019    34.4290 0.0000e+00
