product_data/regression_test/downloaded_data/MGDS/320620060703/ctd/p6607701.ros
* Sea-Bird SBE 9 Data File:
* FileName = D:\Data\Raw\p6607701.dat
* Software Version Seasave Win32 V 5.32
* Temperature SN = 1649
* Conductivity SN = 1431
* Number of Bytes Per Scan = 37
* Number of Voltage Words = 5
* Number of Scans Averaged by the Deck Unit = 1
* NMEA Latitude = 62 17.76 S
* NMEA Longitude = 058 04.55 W
* NMEA UTC (Time) = 21:09:54
** Ship:   Nathaniel B. Palmer 
** Cruise:    NBP0606 
# nquan = 17
# nvalues = 1173                    
# units = specified
# name 0 = prDM: Pressure, Digiquartz [db]
# name 1 = t090C: Temperature [ITS-90, deg C]
# name 2 = c0S/m: Conductivity [S/m]
# name 3 = t190C: Temperature, 2 [ITS-90, deg C]
# name 4 = c1S/m: Conductivity, 2 [S/m]
# name 5 = sbeox0ML/L: Oxygen, SBE 43 [ml/l]
# name 6 = flECO-AFL: Fluorescence, Wetlab ECO-AFL/FL [mg/m^3]
# name 7 = bat: Beam Attenuation, Chelsea/Seatech/Wetlab CStar [1/m]
# name 8 = spar: SPAR/Surface Irradiance
# name 9 = latitude: Latitude [deg]
# name 10 = longitude: Longitude [deg]
# name 11 = timeY: Time, System [seconds]
# name 12 = timeJ: Julian Days
# name 13 = sal00: Salinity [PSU]
# name 14 = scan: scan number
# name 15 = nbf: number of bottles fired
# name 16 = flag:  0.000e+00
# interval = seconds: 0.0416667                   
# start_time = Jul 08 2006 21:10:01
*END*
[from data line 852]
    149.305    -1.5072   2.730974    -1.5077   2.731377    7.46802    -0.1395    13.8155 0.0000e+00  -62.29600  -58.07583 1152397053 189.928874    34.2942      97291         18  0.000e+00
    149.239    -1.5075   2.730938    -1.5073   2.731285    7.46803    -0.1180    13.8155 0.0000e+00  -62.29600  -58.07583 1152397053 189.928875    34.2942      97292         18  0.000e+00
    149.229    -1.5072   2.730968    -1.5079   2.731227    7.46795    -0.0749    13.8155 0.0000e+00  -62.29600  -58.07583 1152397053 189.928875    34.2942      97293         18  0.000e+00
    149.305    -1.5074   2.730958    -1.5083   2.731164    7.46806    -0.0749    13.8155 0.0000e+00  -62.29600  -58.07583 1152397053 189.928876    34.2942      97294         18  0.000e+00
    149.162    -1.5067   2.730951    -1.5094   2.731112    7.46782    -0.0964    13.8155 0.0000e+00  -62.29600  -58.07583 1152397053 189.928876    34.2935      97295         18  0.000e+00
    149.239    -1.5070   2.730932    -1.5102   2.731054    7.47279    -0.1287    13.8155 0.0000e+00  -62.29600  -58.07583 1152397053 189.928877    34.2935      97296         18  0.000e+00
    149.162    -1.5069   2.730909    -1.5106   2.731031    7.47271    -0.1287    13.8155 0.0000e+00  -62.29600  -58.07583 1152397054 189.928877    34.2931      97297         18  0.000e+00
    149.162    -1.5075   2.730922    -1.5108   2.731008    7.46796    -0.0857    13.8155 0.0000e+00  -62.29600  -58.07583 1152397054 189.928878    34.2940      97298         18  0.000e+00
    149.162    -1.5080   2.730909    -1.5100   2.730985    7.46804    -0.1395    13.8155 0.0000e+00  -62.29600  -58.07583 1152397054 189.928878    34.2943      97299         18  0.000e+00
    149.162    -1.5081   2.730876    -1.5090   2.731037    7.46809    -0.1072    13.8155 0.0000e+00  -62.29600  -58.07583 1152397054 189.928879    34.2941      97300         18  0.000e+00
    149.086    -1.5076   2.730896    -1.5096   2.731019    7.46791    -0.0749    13.8155 0.0000e+00  -62.29600  -58.07583 1152397054 189.928879    34.2938      97301         18  0.000e+00
    149.086    -1.5081   2.730889    -1.5100   2.731002    7.46800    -0.0964    13.8155 0.0000e+00  -62.29600  -58.07583 1152397054 189.928880    34.2943      97302         18  0.000e+00
    149.086    -1.5077   2.730899    -1.5103   2.730985    7.46792    -0.0964    13.8155 0.0000e+00  -62.29600  -58.07583 1152397054 189.928880    34.2939      97303         18  0.000e+00
    149.096    -1.5075   2.730922    -1.5105   2.730962    7.47273    -0.1180    13.8155 0.0000e+00  -62.29600  -58.07583 1152397054 189.928881    34.2940      97304         18  0.000e+00
    149.019    -1.5077   2.730860    -1.5097   2.730933    7.46788    -0.1072    13.8155 0.0000e+00  -62.29600  -58.07583 1152397054 189.928881    34.2934      97305         18  0.000e+00
    149.019    -1.5081   2.730873    -1.5102   2.730927    7.46793    -0.1180    13.8155 0.0000e+00  -62.29600  -58.07583 1152397054 189.928882    34.2940      97306         18  0.000e+00
    149.019    -1.5086   2.730840    -1.5103   2.730945    7.47287    -0.0749    13.8155 0.0000e+00  -62.29600  -58.07583 1152397054 189.928882    34.2942      97307         18  0.000e+00
    149.029    -1.5085   2.730837    -1.5103   2.730933    7.46802    -0.0534    13.8155 0.0000e+00  -62.29600  -58.07583 1152397054 189.928883    34.2940      97308         18  0.000e+00
    148.952    -1.5078   2.730856    -1.5111   2.730910    7.46783    -0.0642    13.8155 0.0000e+00  -62.29600  -58.07583 1152397054 189.928883    34.2936      97309         18  0.000e+00
    148.952    -1.5080   2.730879    -1.5112   2.730881    7.46784    -0.0534    13.8155 0.0000e+00  -62.29600  -58.07583 1152397054 189.928884    34.2941      97310         18  0.000e+00
    148.952    -1.5082   2.730866    -1.5111   2.730875    7.46789    -0.0319    13.8155 0.0000e+00  -62.29600  -58.07583 1152397054 189.928884    34.2942      97311         18  0.000e+00
    148.876    -1.5080   2.730843    -1.5112   2.730875    7.46779    -0.0426    13.8155 0.0000e+00  -62.29600  -58.07583 1152397054 189.928885    34.2936      97312         18  0.000e+00
    148.952    -1.5081   2.730856    -1.5107   2.730852    7.47272    -0.0642    13.8155 0.0000e+00  -62.29600  -58.07583 1152397054 189.928885    34.2939      97313         18  0.000e+00
    148.876    -1.5081   2.730817    -1.5111   2.730852    7.47267    -0.1395    13.8155 0.0000e+00  -62.29600  -58.07583 1152397054 189.928886    34.2934      97314         18  0.000e+00
    148.809    -1.5088   2.730797    -1.5108   2.730847    7.47271    -0.1287    13.8155 0.0000e+00  -62.29600  -58.07583 1152397054 189.928886    34.2939      97315         18  0.000e+00
    148.876    -1.5089   2.730814    -1.5110   2.730852    7.46794    -0.0319    13.8155 0.0000e+00  -62.29600  -58.07583 1152397054 189.928886    34.2942      97316         18  0.000e+00
    148.809    -1.5089   2.730833    -1.5115   2.730870    7.46786    -0.0426    13.8155 0.0000e+00  -62.29600  -58.07583 1152397054 189.928887    34.2946      97317         18  0.000e+00
    100.550    -1.6546   2.715387    -1.6550   2.715666    7.61987    -0.0319    13.8155 0.0000e+00  -62.29600  -58.07583 1152397187 189.930426    34.2789     100508         19  0.000e+00
    100.483    -1.6549   2.715377    -1.6550   2.715643    7.62468    -0.0211    13.8155 0.0000e+00  -62.29600  -58.07583 1152397187 189.930426    34.2791     100509         19  0.000e+00
    100.550    -1.6552   2.715344    -1.6556   2.715638    7.61999    -0.0319    13.8155 0.0000e+00  -62.29600  -58.07583 1152397187 189.930427    34.2790     100510         19  0.000e+00
    100.483    -1.6559   2.715315    -1.6553   2.715643    7.62004    -0.0426    13.8155 0.0000e+00  -62.29600  -58.07583 1152397187 189.930427    34.2793     100511         19  0.000e+00
    100.407    -1.6566   2.715328    -1.6560   2.715655    7.62489    -0.0104    13.8155 0.0000e+00  -62.29600  -58.07583 1152397188 189.930428    34.2804     100512         19  0.000e+00
    100.445    -1.6562   2.715335    -1.6548   2.715660    7.62486    -0.0534    13.8155 0.0000e+00  -62.29600  -58.07583 1152397188 189.930428    34.2800     100513         19  0.000e+00
    100.483    -1.6554   2.715351    -1.6551   2.715620    7.62477    -0.0749    13.8155 0.0000e+00  -62.29600  -58.07583 1152397188 189.930429    34.2793     100514         19  0.000e+00
    100.340    -1.6562   2.715354    -1.6551   2.715626    7.61991    -0.0642    13.8155 0.0000e+00  -62.29600  -58.07583 1152397188 189.930429    34.2803     100515         19  0.000e+00
    100.407    -1.6552   2.715338    -1.6548   2.715655    7.61985    -0.0426    13.8155 0.0000e+00  -62.29600  -58.07583 1152397188 189.930430    34.2790     100516         19  0.000e+00
    100.340    -1.6552   2.715351    -1.6551   2.715626    7.61976    -0.0426    13.8155 0.0000e+00  -62.29600  -58.07583 1152397188 189.930430    34.2792     100517         19  0.000e+00
    100.340    -1.6554   2.715338    -1.6558   2.715632    7.61980    -0.0426    13.8155 0.0000e+00  -62.29600  -58.07583 1152397188 189.930431    34.2792     100518         19  0.000e+00
    100.273    -1.6560   2.715315    -1.6552   2.715614    7.62467    -0.0642    13.8155 0.0000e+00  -62.29600  -58.07583 1152397188 189.930431    34.2797     100519         19  0.000e+00
    100.273    -1.6560   2.715312    -1.6556   2.715591    7.61984    -0.0426    13.8155 0.0000e+00  -62.29600  -58.07583 1152397188 189.930432    34.2796     100520         19  0.000e+00
    100.273    -1.6560   2.715361    -1.6555   2.715586    7.62464    -0.0642    13.8155 0.0000e+00  -62.29600  -58.07583 1152397188 189.930432    34.2803     100521         19  0.000e+00
    100.273    -1.6557   2.715361    -1.6558   2.715603    7.61976    -0.0857    13.8155 0.0000e+00  -62.29600  -58.07583 1152397188 189.930433    34.2799     100522         19  0.000e+00
    100.235    -1.6557   2.715338    -1.6553   2.715574    7.61974    -0.1072    13.8155 0.0000e+00  -62.29600  -58.07583 1152397188 189.930433    34.2796     100523         19  0.000e+00
    100.197    -1.6557   2.715351    -1.6562   2.715597    7.61969    -0.0749    13.8155 0.0000e+00  -62.29600  -58.07583 1152397188 189.930434    34.2798     100524         19  0.000e+00
    100.197    -1.6555   2.715357    -1.6555   2.715568    7.61965    -0.0642    13.8155 0.0000e+00  -62.29600  -58.07583 1152397188 189.930434    34.2797     100525         19  0.000e+00
    100.130    -1.6554   2.715354    -1.6558   2.715557    7.61957    -0.0642    13.8155 0.0000e+00  -62.29600  -58.07583 1152397188 189.930435    34.2796     100526         19  0.000e+00
    100.197    -1.6557   2.715370    -1.6555   2.715574    7.61967    -0.0534    13.8155 0.0000e+00  -62.29600  -58.07583 1152397188 189.930435    34.2801     100527         19  0.000e+00
    100.130    -1.6554   2.715377    -1.6556   2.715563    7.61955     0.0004    13.8155 0.0000e+00  -62.29600  -58.07583 1152397188 189.930435    34.2799     100528         19  0.000e+00
    100.063    -1.6551   2.715410    -1.6559   2.715574    7.61941    -0.0211    13.8155 0.0000e+00  -62.29600  -58.07583 1152397188 189.930436    34.2800     100529         19  0.000e+00
    100.130    -1.6549   2.715374    -1.6558   2.715591    7.61948    -0.0642    13.8155 0.0000e+00  -62.29600  -58.07583 1152397188 189.930436    34.2793     100530         19  0.000e+00
    100.063    -1.6548   2.715357    -1.6558   2.715563    7.61940    -0.0534    13.8155 0.0000e+00  -62.29600  -58.07583 1152397188 189.930437    34.2790     100531         19  0.000e+00
    100.063    -1.6556   2.715357    -1.6558   2.715557    7.62434    -0.0426    13.8155 0.0000e+00  -62.29600  -58.07583 1152397188 189.930437    34.2798     100532         19  0.000e+00
    100.025    -1.6554   2.715406    -1.6559   2.715557    7.62424    -0.0857    13.8155 0.0000e+00  -62.29600  -58.07583 1152397188 189.930438    34.2803     100533         19  0.000e+00
    100.063    -1.6552   2.715374    -1.6559   2.715557    7.62428    -0.0642    13.8155 0.0000e+00  -62.29600  -58.07583 1152397188 189.930438    34.2797     100534         19  0.000e+00
     99.987    -1.6549   2.715370    -1.6561   2.715557    7.62415    -0.0319    13.8155 0.0000e+00  -62.29600  -58.07583 1152397188 189.930439    34.2793     100535         19  0.000e+00
     99.987    -1.6549   2.715393    -1.6559   2.715545    7.62414    -0.0104    13.8155 0.0000e+00  -62.29600  -58.07583 1152397189 189.930439    34.2797     100536         19  0.000e+00
     99.987    -1.6556   2.715364    -1.6558   2.715534    7.62426    -0.0426    13.8155 0.0000e+00  -62.29600  -58.07583 1152397189 189.930440    34.2800     100537         19  0.000e+00
     99.920    -1.6551   2.715403    -1.6560   2.715534    7.62408    -0.0749    13.8155 0.0000e+00  -62.29600  -58.07583 1152397189 189.930440    34.2800     100538         19  0.000e+00
     99.987    -1.6551   2.715387    -1.6558   2.715551    7.61934    -0.0749    13.8155 0.0000e+00  -62.29600  -58.07583 1152397189 189.930441    34.2798     100539         19  0.000e+00
     99.920    -1.6551   2.715377    -1.6558   2.715540    7.61928    -0.0749    13.8155 0.0000e+00  -62.29600  -58.07583 1152397189 189.930441    34.2797     100540         19  0.000e+00
     99.920    -1.6551   2.715377    -1.6556   2.715568    7.61927    -0.0642    13.8155 0.0000e+00  -62.29600  -58.07583 1152397189 189.930442    34.2796     100541         19  0.000e+00
     99.854    -1.6552   2.715377    -1.6559   2.715534    7.61923    -0.0104    13.8155 0.0000e+00  -62.29600  -58.07583 1152397189 189.930442    34.2799     100542         19  0.000e+00
     99.892    -1.6552   2.715377    -1.6555   2.715545    7.61927     0.0112    13.8155 0.0000e+00  -62.29600  -58.07583 1152397189 189.930443    34.2798     100543         19  0.000e+00
     99.854    -1.6552   2.715361    -1.6558   2.715540    7.62407    -0.0319    13.8155 0.0000e+00  -62.29600  -58.07583 1152397189 189.930443    34.2796     100544         19  0.000e+00
     99.854    -1.6551   2.715370    -1.6556   2.715534    7.62404    -0.0319    13.8155 0.0000e+00  -62.29600  -58.07583 1152397189 189.930444    34.2796     100545         19  0.000e+00
     99.854    -1.6549   2.715344    -1.6555   2.715534    7.62403    -0.0749    13.8155 0.0000e+00  -62.29600  -58.07583 1152397189 189.930444    34.2790     100546         19  0.000e+00
     99.854    -1.6548   2.715315    -1.6561   2.715551    7.62403    -0.0426    13.8155 0.0000e+00  -62.29600  -58.07583 1152397189 189.930445    34.2785     100547         19  0.000e+00
     99.777    -1.6552   2.715328    -1.6565   2.715563    7.62401     0.0219    13.8155 0.0000e+00  -62.29600  -58.07583 1152397189 189.930445    34.2792     100548         19  0.000e+00
     99.854    -1.6552   2.715315    -1.6564   2.715540    7.62410    -0.0534    13.8155 0.0000e+00  -62.29600  -58.07583 1152397189 189.930446    34.2790     100549         19  0.000e+00
     99.778    -1.6557   2.715312    -1.6559   2.715568    7.62410    -0.0534    13.8155 0.0000e+00  -62.29600  -58.07583 1152397189 189.930446    34.2796     100550         19  0.000e+00
     99.778    -1.6557   2.715328    -1.6560   2.715522    7.62408    -0.0426    13.8155 0.0000e+00  -62.29600  -58.07583 1152397189 189.930447    34.2797     100551         19  0.000e+00
     99.778    -1.6556   2.715315    -1.6561   2.715522    7.62407    -0.0319    13.8155 0.0000e+00  -62.29600  -58.07583 1152397189 189.930447    34.2794     100552         19  0.000e+00
     99.749    -1.6554   2.715328    -1.6561   2.715534    7.62401    -0.0426    13.8155 0.0000e+00  -62.29600  -58.07583 1152397189 189.930448    34.2795     100553         19  0.000e+00
     99.711    -1.6558   2.715315    -1.6562   2.715540    7.62404    -0.0104    13.8155 0.0000e+00  -62.29600  -58.07583 1152397189 189.930448    34.2798     100554         19  0.000e+00
     99.711    -1.6557   2.715312    -1.6562   2.715534    7.62402    -0.0319    13.8155 0.0000e+00  -62.29600  -58.07583 1152397189 189.930448    34.2796     100555         19  0.000e+00
     99.778    -1.6555   2.715328    -1.6562   2.715534    7.62406    -0.0211    13.8155 0.0000e+00  -62.29600  -58.07583 1152397189 189.930449    34.2796     100556         19  0.000e+00
     98.873    -1.6563   2.715197    -1.6558   2.715505    7.62813    -0.0211    13.8155 0.0000e+00  -62.29600  -58.07583 1152397193 189.930489    34.2792     100638         20  0.000e+00
     98.796    -1.6562   2.715217    -1.6559   2.715447    7.62802    -0.0534    13.8155 0.0000e+00  -62.29600  -58.07583 1152397193 189.930489    34.2794     100639         20  0.000e+00
     98.873    -1.6563   2.715191    -1.6561   2.715465    7.62814    -0.0319    13.8155 0.0000e+00  -62.29600  -58.07583 1152397193 189.930489    34.2792     100640         20  0.000e+00
     98.873    -1.6557   2.715210    -1.6562   2.715488    7.62803    -0.0749    13.8155 0.0000e+00  -62.29600  -58.07583 1152397193 189.930490    34.2787     100641         20  0.000e+00
     98.730    -1.6563   2.715207    -1.6570   2.715482    7.62798    -0.0426    13.8155 0.0000e+00  -62.29600  -58.07583 1152397193 189.930490    34.2795     100642         20  0.000e+00
     98.835    -1.6563   2.715204    -1.6564   2.715459    7.62809    -0.0426    13.8155 0.0000e+00  -62.29600  -58.07583 1152397193 189.930491    34.2793     100643         20  0.000e+00
     98.730    -1.6563   2.715184    -1.6565   2.715488    7.62800    -0.0426    13.8155 0.0000e+00  -62.29600  -58.07583 1152397193 189.930491    34.2792     100644         20  0.000e+00
     98.730    -1.6563   2.715148    -1.6562   2.715465    7.62802    -0.0642    13.8155 0.0000e+00  -62.29600  -58.07583 1152397193 189.930492    34.2787     100645         20  0.000e+00
