product_data/regression_test/downloaded_data/MGDS/320620060703/ctd/p6609308.ros
* Sea-Bird SBE 9 Data File:
* FileName = D:\Data\Raw\p6609308.dat
* Software Version Seasave Win32 V 5.32
* Temperature SN = 1649
* Conductivity SN = 1431
* Number of Bytes Per Scan = 37
* Number of Voltage Words = 5
* Number of Scans Averaged by the Deck Unit = 1
* NMEA Latitude = 61 07.50 S
* NMEA Longitude = 058 05.51 W
* NMEA UTC (Time) = 05:51:48
** Ship:   Nathaniel B. Palmer nbp
** Cruise:    NBP0606 nbp0606
# nquan = 17
# nvalues = 1176                    
# units = specified
# name 0 = prDM: Pressure, Digiquartz [db]
# name 1 = t090C: Temperature [ITS-90, deg C]
# name 2 = c0S/m: Conductivity [S/m]
# name 3 = t190C: Temperature, 2 [ITS-90, deg C]
# name 4 = c1S/m: Conductivity, 2 [S/m]
# name 5 = sbeox0ML/L: Oxygen, SBE 43 [ml/l]
# name 6 = flECO-AFL: Fluorescence, Wetlab ECO-AFL/FL [mg/m^3]
# name 7 = bat: Beam Attenuation, Chelsea/Seatech/Wetlab CStar [1/m]
# name 8 = spar: SPAR/Surface Irradiance
# name 9 = latitude: Latitude [deg]
# name 10 = longitude: Longitude [deg]
# name 11 = timeY: Time, System [seconds]
# name 12 = timeJ: Julian Days
# name 13 = sal00: Salinity [PSU]
# name 14 = scan: scan number
# name 15 = nbf: number of bottles fired
# name 16 = flag:  0.000e+00
# interval = seconds: 0.0416667                   
# start_time = Jul 11 2006 05:51:56
*END*
[from data line 1107]
    751.041     1.6505   3.059317     1.6516   3.059608    4.64699    -0.0857    13.8155 0.0000e+00  -61.12500  -58.09183 1152598482 192.260234    34.7259      32838         23  0.000e+00
    751.041     1.6505   3.059272     1.6513   3.059578    4.64702    -0.1072    13.8155 0.0000e+00  -61.12500  -58.09183 1152598482 192.260234    34.7254      32839         23  0.000e+00
    751.041     1.6506   3.059306     1.6516   3.059578    4.64699    -0.0749    13.8155 0.0000e+00  -61.12500  -58.09183 1152598482 192.260235    34.7257      32840         23  0.000e+00
    751.041     1.6505   3.059313     1.6516   3.059608    4.64700    -0.0426    13.8155 0.0000e+00  -61.12500  -58.09183 1152598482 192.260235    34.7258      32841         23  0.000e+00
    750.974     1.6509   3.059286     1.6516   3.059578    4.64208    -0.0426    13.8155 0.0000e+00  -61.12500  -58.09183 1152598482 192.260236    34.7251      32842         23  0.000e+00
    750.974     1.6505   3.059296     1.6511   3.059578    4.64212    -0.0642    13.8155 0.0000e+00  -61.12500  -58.09183 1152598482 192.260236    34.7257      32843         23  0.000e+00
    750.974     1.6510   3.059282     1.6511   3.059566    4.64208    -0.0534    13.8155 0.0000e+00  -61.12500  -58.09183 1152598483 192.260237    34.7250      32844         23  0.000e+00
    750.974     1.6508   3.059279     1.6510   3.059584    4.64210    -0.0211    13.8155 0.0000e+00  -61.12500  -58.09183 1152598483 192.260237    34.7252      32845         23  0.000e+00
    750.974     1.6503   3.059300     1.6507   3.059566    4.64698    -0.0426    13.8155 0.0000e+00  -61.12500  -58.09183 1152598483 192.260238    34.7259      32846         23  0.000e+00
    750.897     1.6506   3.059269     1.6513   3.059602    4.64691    -0.0211    13.8155 0.0000e+00  -61.12500  -58.09183 1152598483 192.260238    34.7252      32847         23  0.000e+00
    750.897     1.6508   3.059289     1.6515   3.059596    4.64689    -0.0857    13.8155 0.0000e+00  -61.12500  -58.09183 1152598483 192.260239    34.7253      32848         23  0.000e+00
    750.897     1.6508   3.059282     1.6514   3.059566    4.64689    -0.0749    13.8155 0.0000e+00  -61.12500  -58.09183 1152598483 192.260239    34.7253      32849         23  0.000e+00
    750.829     1.6505   3.059282     1.6514   3.059578    4.64687    -0.0749    13.8155 0.0000e+00  -61.12500  -58.09183 1152598483 192.260240    34.7256      32850         23  0.000e+00
    750.916     1.6509   3.059296     1.6510   3.059572    4.64688    -0.0857    13.8155 0.0000e+00  -61.12500  -58.09183 1152598483 192.260240    34.7252      32851         23  0.000e+00
    750.762     1.6509   3.059265     1.6516   3.059578    4.64680    -0.1180    13.8155 0.0000e+00  -61.12500  -58.09183 1152598483 192.260241    34.7249      32852         23  0.000e+00
    750.829     1.6508   3.059289     1.6514   3.059566    4.64684    -0.0964    13.8155 0.0000e+00  -61.12500  -58.09183 1152598483 192.260241    34.7253      32853         23  0.000e+00
    750.762     1.6506   3.059282     1.6514   3.059584    4.64682    -0.0749    13.8155 0.0000e+00  -61.12500  -58.09183 1152598483 192.260242    34.7255      32854         23  0.000e+00
    750.829     1.6508   3.059282     1.6512   3.059590    4.64685    -0.0749    13.8155 0.0000e+00  -61.12500  -58.09183 1152598483 192.260242    34.7253      32855         23  0.000e+00
    750.685     1.6502   3.059296     1.6514   3.059566    4.64680    -0.0426    13.8155 0.0000e+00  -61.12500  -58.09183 1152598483 192.260243    34.7262      32856         23  0.000e+00
    750.762     1.6512   3.059303     1.6511   3.059560    4.64675    -0.0426    13.8155 0.0000e+00  -61.12500  -58.09183 1152598483 192.260243    34.7251      32857         23  0.000e+00
    749.904     1.6516   3.059354     1.6525   3.059620    4.64615    -0.0534    13.8155 0.0000e+00  -61.12500  -58.09183 1152598490 192.260325    34.7258      33026         24  0.000e+00
    749.904     1.6519   3.059337     1.6527   3.059638    4.64612    -0.0857    13.8155 0.0000e+00  -61.12500  -58.09183 1152598490 192.260325    34.7252      33027         24  0.000e+00
    749.972     1.6516   3.059330     1.6524   3.059620    4.64620    -0.0534    13.8155 0.0000e+00  -61.12500  -58.09183 1152598490 192.260326    34.7255      33028         24  0.000e+00
    749.982     1.6514   3.059327     1.6522   3.059614    4.64622    -0.0642    13.8155 0.0000e+00  -61.12500  -58.09183 1152598490 192.260326    34.7256      33029         24  0.000e+00
    749.904     1.6519   3.059378     1.6527   3.059638    4.64610    -0.0534    13.8155 0.0000e+00  -61.12500  -58.09183 1152598490 192.260326    34.7257      33030         24  0.000e+00
    749.972     1.6516   3.059344     1.6525   3.059644    4.64619    -0.0749    13.8155 0.0000e+00  -61.12500  -58.09183 1152598490 192.260327    34.7257      33031         24  0.000e+00
    750.039     1.6516   3.059330     1.6518   3.059626    4.64624    -0.0211    13.8155 0.0000e+00  -61.12500  -58.09183 1152598490 192.260327    34.7255      33032         24  0.000e+00
    750.039     1.6510   3.059327     1.6522   3.059620    4.64630    -0.0211    13.8155 0.0000e+00  -61.12500  -58.09183 1152598490 192.260328    34.7260      33033         24  0.000e+00
    750.039     1.6516   3.059327     1.6521   3.059638    4.64624    -0.1180    13.8155 0.0000e+00  -61.12500  -58.09183 1152598490 192.260328    34.7254      33034         24  0.000e+00
    750.039     1.6514   3.059327     1.6522   3.059626    4.64626    -0.0749    13.8155 0.0000e+00  -61.12500  -58.09183 1152598491 192.260329    34.7256      33035         24  0.000e+00
    750.116     1.6511   3.059327     1.6521   3.059620    4.64634    -0.0534    13.8155 0.0000e+00  -61.12500  -58.09183 1152598491 192.260329    34.7259      33036         24  0.000e+00
    750.116     1.6508   3.059313     1.6518   3.059614    4.64638    -0.1072    13.8155 0.0000e+00  -61.12500  -58.09183 1152598491 192.260330    34.7261      33037         24  0.000e+00
    750.116     1.6512   3.059320     1.6521   3.059638    4.64633    -0.1180    13.8155 0.0000e+00  -61.12500  -58.09183 1152598491 192.260330    34.7256      33038         24  0.000e+00
    750.184     1.6514   3.059306     1.6518   3.059668    4.64636    -0.0749    13.8155 0.0000e+00  -61.12500  -58.09183 1152598491 192.260331    34.7252      33039         24  0.000e+00
    750.126     1.6509   3.059320     1.6525   3.059602    4.64636    -0.0749    13.8155 0.0000e+00  -61.12500  -58.09183 1152598491 192.260331    34.7260      33040         24  0.000e+00
    750.261     1.6508   3.059296     1.6516   3.059632    4.64648    -0.1072    13.8155 0.0000e+00  -61.12500  -58.09183 1152598491 192.260332    34.7258      33041         24  0.000e+00
    750.184     1.6511   3.059334     1.6522   3.059626    4.64638    -0.1072    13.8155 0.0000e+00  -61.12500  -58.09183 1152598491 192.260332    34.7259      33042         24  0.000e+00
    750.261     1.6506   3.059313     1.6519   3.059614    4.64164    -0.1072    13.8155 0.0000e+00  -61.12500  -58.09183 1152598491 192.260333    34.7262      33043         24  0.000e+00
    750.261     1.6514   3.059320     1.6519   3.059638    4.64641    -0.0749    13.8155 0.0000e+00  -61.12500  -58.09183 1152598491 192.260333    34.7254      33044         24  0.000e+00
    750.261     1.6510   3.059306     1.6519   3.059650    4.64645    -0.0749    13.8155 0.0000e+00  -61.12500  -58.09183 1152598491 192.260334    34.7257      33045         24  0.000e+00
    750.261     1.6503   3.059289     1.6521   3.059620    4.64652    -0.0964    13.8155 0.0000e+00  -61.12500  -58.09183 1152598491 192.260334    34.7262      33046         24  0.000e+00
    750.328     1.6509   3.059317     1.6519   3.059638    4.64650    -0.0749    13.8155 0.0000e+00  -61.12500  -58.09183 1152598491 192.260335    34.7258      33047         24  0.000e+00
    750.328     1.6502   3.059272     1.6518   3.059602    4.64658    -0.0749    13.8155 0.0000e+00  -61.12500  -58.09183 1152598491 192.260335    34.7261      33048         24  0.000e+00
    750.328     1.6511   3.059255     1.6514   3.059626    4.64651    -0.0964    13.8155 0.0000e+00  -61.12500  -58.09183 1152598491 192.260336    34.7249      33049         24  0.000e+00
    750.405     1.6503   3.059306     1.6514   3.059626    4.64661    -0.0642    13.8155 0.0000e+00  -61.12500  -58.09183 1152598491 192.260336    34.7263      33050         24  0.000e+00
    750.405     1.6505   3.059313     1.6515   3.059596    4.64659    -0.0534    13.8155 0.0000e+00  -61.12500  -58.09183 1152598491 192.260337    34.7262      33051         24  0.000e+00
    750.338     1.6505   3.059303     1.6511   3.059572    4.64655    -0.0964    13.8155 0.0000e+00  -61.12500  -58.09183 1152598491 192.260337    34.7262      33052         24  0.000e+00
    750.473     1.6508   3.059337     1.6514   3.059578    4.64660    -0.1180    13.8155 0.0000e+00  -61.12500  -58.09183 1152598491 192.260338    34.7262      33053         24  0.000e+00
    750.405     1.6510   3.059313     1.6515   3.059548    4.64654    -0.0857    13.8155 0.0000e+00  -61.12500  -58.09183 1152598491 192.260338    34.7257      33054         24  0.000e+00
    750.473     1.6514   3.059324     1.6510   3.059536    4.64654    -0.0426    13.8155 0.0000e+00  -61.12500  -58.09183 1152598491 192.260339    34.7253      33055         24  0.000e+00
    750.473     1.6514   3.059344     1.6511   3.059554    4.64653    -0.0642    13.8155 0.0000e+00  -61.12500  -58.09183 1152598491 192.260339    34.7256      33056         24  0.000e+00
    750.473     1.6508   3.059351     1.6512   3.059560    4.64659    -0.0964    13.8155 0.0000e+00  -61.12500  -58.09183 1152598491 192.260340    34.7263      33057         24  0.000e+00
    750.473     1.6512   3.059351     1.6513   3.059584    4.64655    -0.0964    13.8155 0.0000e+00  -61.12500  -58.09183 1152598491 192.260340    34.7258      33058         24  0.000e+00
    750.473     1.6512   3.059351     1.6513   3.059608    4.64655    -0.0749    13.8155 0.0000e+00  -61.12500  -58.09183 1152598491 192.260340    34.7258      33059         24  0.000e+00
    750.540     1.6513   3.059320     1.6518   3.059614    4.64660    -0.0749    13.8155 0.0000e+00  -61.12500  -58.09183 1152598492 192.260341    34.7253      33060         24  0.000e+00
    750.540     1.6508   3.059303     1.6513   3.059620    4.64665    -0.0749    13.8155 0.0000e+00  -61.12500  -58.09183 1152598492 192.260341    34.7257      33061         24  0.000e+00
    750.540     1.6511   3.059337     1.6519   3.059614    4.64661    -0.1180    13.8155 0.0000e+00  -61.12500  -58.09183 1152598492 192.260342    34.7258      33062         24  0.000e+00
    750.540     1.6508   3.059313     1.6511   3.059614    4.64664    -0.0964    13.8155 0.0000e+00  -61.12500  -58.09183 1152598492 192.260342    34.7258      33063         24  0.000e+00
    750.560     1.6511   3.059324     1.6515   3.059620    4.64663    -0.0749    13.8155 0.0000e+00  -61.12500  -58.09183 1152598492 192.260343    34.7256      33064         24  0.000e+00
    750.617     1.6508   3.059327     1.6514   3.059614    4.64669    -0.0857    13.8155 0.0000e+00  -61.12500  -58.09183 1152598492 192.260343    34.7260      33065         24  0.000e+00
    750.617     1.6511   3.059361     1.6518   3.059614    4.64665    -0.0426    13.8155 0.0000e+00  -61.12500  -58.09183 1152598492 192.260344    34.7260      33066         24  0.000e+00
    750.617     1.6511   3.059337     1.6515   3.059620    4.64666    -0.0104    13.8155 0.0000e+00  -61.12500  -58.09183 1152598492 192.260344    34.7258      33067         24  0.000e+00
    750.617     1.6517   3.059344     1.6513   3.059590    4.64660    -0.0426    13.8155 0.0000e+00  -61.12500  -58.09183 1152598492 192.260345    34.7252      33068         24  0.000e+00
    750.617     1.6510   3.059320     1.6511   3.059566    4.64667    -0.0426    13.8155 0.0000e+00  -61.12500  -58.09183 1152598492 192.260345    34.7256      33069         24  0.000e+00
    750.617     1.6509   3.059341     1.6507   3.059542    4.64667    -0.0749    13.8155 0.0000e+00  -61.12500  -58.09183 1152598492 192.260346    34.7260      33070         24  0.000e+00
    750.685     1.6511   3.059351     1.6504   3.059506    4.64670    -0.1072    13.8155 0.0000e+00  -61.12500  -58.09183 1152598492 192.260346    34.7259      33071         24  0.000e+00
    750.617     1.6511   3.059351     1.6510   3.059524    4.64665    -0.0749    13.8155 0.0000e+00  -61.12500  -58.09183 1152598492 192.260347    34.7259      33072         24  0.000e+00
    750.685     1.6508   3.059296     1.6507   3.059554    4.64675    -0.0534    13.8155 0.0000e+00  -61.12500  -58.09183 1152598492 192.260347    34.7255      33073         24  0.000e+00
    750.685     1.6513   3.059320     1.6507   3.059536    4.64669    -0.0426    13.8155 0.0000e+00  -61.12500  -58.09183 1152598492 192.260348    34.7253      33074         24  0.000e+00
