product_data/regression_test/downloaded_data/MGDS/320620060703/ctd/p6609201.ros
* Sea-Bird SBE 9 Data File:
* FileName = D:\Data\Raw\P6609102.dat
* Software Version Seasave Win32 V 5.32
* Temperature SN = 1649
* Conductivity SN = 1431
* Number of Bytes Per Scan = 37
* Number of Voltage Words = 5
* Number of Scans Averaged by the Deck Unit = 1
* NMEA Latitude = 61 15.00 S
* NMEA Longitude = 057 59.99 W
* NMEA UTC (Time) = 19:49:40
** Ship:   Nathaniel B. Palmer nbp
** Cruise:    NBP0603 nbp0606
** Cast #: 01
** Station:   92
** Operator: mf
# nquan = 17
# nvalues = 1174                    
# units = specified
# name 0 = prDM: Pressure, Digiquartz [db]
# name 1 = t090C: Temperature [ITS-90, deg C]
# name 2 = c0S/m: Conductivity [S/m]
# name 3 = t190C: Temperature, 2 [ITS-90, deg C]
# name 4 = c1S/m: Conductivity, 2 [S/m]
# name 5 = sbeox0ML/L: Oxygen, SBE 43 [ml/l]
# name 6 = flECO-AFL: Fluorescence, Wetlab ECO-AFL/FL [mg/m^3]
# name 7 = bat: Beam Attenuation, Chelsea/Seatech/Wetlab CStar [1/m]
# name 8 = spar: SPAR/Surface Irradiance
# name 9 = latitude: Latitude [deg]
# name 10 = longitude: Longitude [deg]
# name 11 = timeY: Time, System [seconds]
# name 12 = timeJ: Julian Days
# name 13 = sal00: Salinity [PSU]
# name 14 = scan: scan number
# name 15 = nbf: number of bottles fired
# name 16 = flag:  0.000e+00
# interval = seconds: 0.0416667                   
# start_time = Jul 10 2006 19:49:48
*END*
[from data line 171]
    748.568     1.6626   3.060314     1.6626   3.060545    4.66805    -0.0964    13.8155 0.0000e+00  -61.25000  -57.99983 1152562980 191.849328    34.7266      47855          4  0.000e+00
    748.568     1.6629   3.060317     1.6634   3.060557    4.66802    -0.1180    13.8155 0.0000e+00  -61.25000  -57.99983 1152562980 191.849328    34.7263      47856          4  0.000e+00
    748.568     1.6630   3.060321     1.6631   3.060533    4.66800    -0.0642    13.8155 0.0000e+00  -61.25000  -57.99983 1152562980 191.849329    34.7262      47857          4  0.000e+00
    748.491     1.6632   3.060338     1.6631   3.060545    4.66793    -0.0534    13.8155 0.0000e+00  -61.25000  -57.99983 1152562980 191.849329    34.7262      47858          4  0.000e+00
    748.491     1.6633   3.060362     1.6629   3.060533    4.66790    -0.0749    13.8155 0.0000e+00  -61.25000  -57.99983 1152562980 191.849330    34.7264      47859          4  0.000e+00
    748.491     1.6637   3.060386     1.6630   3.060545    4.66786    -0.0534    13.8155 0.0000e+00  -61.25000  -57.99983 1152562980 191.849330    34.7263      47860          4  0.000e+00
    748.424     1.6635   3.060362     1.6631   3.060575    4.66784    -0.0749    13.8155 0.0000e+00  -61.25000  -57.99983 1152562980 191.849331    34.7263      47861          4  0.000e+00
    748.491     1.6633   3.060400     1.6628   3.060563    4.66789    -0.1395    13.8155 0.0000e+00  -61.25000  -57.99983 1152562980 191.849331    34.7269      47862          4  0.000e+00
    748.356     1.6638   3.060417     1.6633   3.060533    4.66775    -0.1610    13.8155 0.0000e+00  -61.25000  -57.99983 1152562980 191.849332    34.7266      47863          4  0.000e+00
    748.433     1.6635   3.060379     1.6632   3.060563    4.66784    -0.1072    13.8155 0.0000e+00  -61.25000  -57.99983 1152562980 191.849332    34.7265      47864          4  0.000e+00
    748.356     1.6634   3.060348     1.6630   3.060581    4.66782    -0.0857    13.8155 0.0000e+00  -61.25000  -57.99983 1152562980 191.849333    34.7263      47865          4  0.000e+00
    748.356     1.6637   3.060345     1.6637   3.060587    4.66779    -0.0749    13.8155 0.0000e+00  -61.25000  -57.99983 1152562980 191.849333    34.7259      47866          4  0.000e+00
    748.356     1.6635   3.060386     1.6633   3.060581    4.66779    -0.0534    13.8155 0.0000e+00  -61.25000  -57.99983 1152562980 191.849334    34.7266      47867          4  0.000e+00
    748.279     1.6630   3.060376     1.6638   3.060581    4.66779    -0.0642    13.8155 0.0000e+00  -61.25000  -57.99983 1152562980 191.849334    34.7270      47868          4  0.000e+00
    748.356     1.6629   3.060348     1.6639   3.060647    4.66787    -0.0534    13.8155 0.0000e+00  -61.25000  -57.99983 1152562980 191.849334    34.7268      47869          4  0.000e+00
    748.279     1.6630   3.060362     1.6637   3.060623    4.66779    -0.0749    13.8155 0.0000e+00  -61.25000  -57.99983 1152562980 191.849335    34.7268      47870          4  0.000e+00
    748.279     1.6630   3.060369     1.6639   3.060629    4.66779    -0.1180    13.8155 0.0000e+00  -61.25000  -57.99983 1152562980 191.849335    34.7269      47871          4  0.000e+00
    748.212     1.6629   3.060348     1.6641   3.060617    4.66777    -0.1072    13.8155 0.0000e+00  -61.25000  -57.99983 1152562981 191.849336    34.7269      47872          4  0.000e+00
    748.279     1.6630   3.060334     1.6635   3.060629    4.66781    -0.1180    13.8155 0.0000e+00  -61.25000  -57.99983 1152562981 191.849336    34.7265      47873          4  0.000e+00
    748.212     1.6632   3.060393     1.6634   3.060617    4.66772    -0.1180    13.8155 0.0000e+00  -61.25000  -57.99983 1152562981 191.849337    34.7271      47874          4  0.000e+00
    748.154     1.6634   3.060379     1.6639   3.060611    4.66767    -0.1395    13.8155 0.0000e+00  -61.25000  -57.99983 1152562981 191.849337    34.7268      47875          4  0.000e+00
    748.212     1.6635   3.060348     1.6636   3.060611    4.66771    -0.1180    13.8155 0.0000e+00  -61.25000  -57.99983 1152562981 191.849338    34.7262      47876          4  0.000e+00
    748.135     1.6632   3.060362     1.6643   3.060629    4.66768    -0.0964    13.8155 0.0000e+00  -61.25000  -57.99983 1152562981 191.849338    34.7267      47877          4  0.000e+00
    748.212     1.6633   3.060386     1.6639   3.060617    4.66771    -0.0964    13.8155 0.0000e+00  -61.25000  -57.99983 1152562981 191.849339    34.7269      47878          4  0.000e+00
    748.135     1.6637   3.060362     1.6642   3.060629    4.66764    -0.0964    13.8155 0.0000e+00  -61.25000  -57.99983 1152562981 191.849339    34.7262      47879          4  0.000e+00
    497.616     1.8353   3.062644     1.8360   3.062916    4.48209    -0.0534    13.8155 0.0000e+00  -61.25000  -57.99983 1152563311 191.853157    34.7069      55796          5  0.000e+00
    497.568     1.8351   3.062609     1.8358   3.062898    4.48209    -0.0749    13.8155 0.0000e+00  -61.25000  -57.99983 1152563311 191.853158    34.7067      55797          5  0.000e+00
    497.568     1.8355   3.062654     1.8361   3.062910    4.48204    -0.0642    13.8155 0.0000e+00  -61.25000  -57.99983 1152563311 191.853158    34.7069      55798          5  0.000e+00
    497.549     1.8356   3.062633     1.8365   3.062928    4.48202    -0.0964    13.8155 0.0000e+00  -61.25000  -57.99983 1152563311 191.853159    34.7065      55799          5  0.000e+00
    497.501     1.8351   3.062661     1.8365   3.062947    4.48669    -0.0964    13.8155 0.0000e+00  -61.25000  -57.99983 1152563311 191.853159    34.7073      55800          5  0.000e+00
    497.501     1.8356   3.062709     1.8365   3.062904    4.48662    -0.0749    13.8155 0.0000e+00  -61.25000  -57.99983 1152563311 191.853160    34.7074      55801          5  0.000e+00
    497.549     1.8359   3.062699     1.8366   3.062934    4.48663    -0.1180    13.8155 0.0000e+00  -61.25000  -57.99983 1152563311 191.853160    34.7069      55802          5  0.000e+00
    497.434     1.8363   3.062733     1.8368   3.062971    4.48186    -0.0964    13.8155 0.0000e+00  -61.25000  -57.99983 1152563311 191.853161    34.7071      55803          5  0.000e+00
    497.472     1.8359   3.062709     1.8375   3.062965    4.48658    -0.1180    13.8155 0.0000e+00  -61.25000  -57.99983 1152563311 191.853161    34.7071      55804          5  0.000e+00
    497.501     1.8358   3.062699     1.8368   3.062953    4.48195    -0.0964    13.8155 0.0000e+00  -61.25000  -57.99983 1152563311 191.853162    34.7071      55805          5  0.000e+00
    497.434     1.8363   3.062661     1.8376   3.062989    4.48188    -0.0749    13.8155 0.0000e+00  -61.25000  -57.99983 1152563311 191.853162    34.7062      55806          5  0.000e+00
    497.472     1.8356   3.062630     1.8369   3.062989    4.48198    -0.0642    13.8155 0.0000e+00  -61.25000  -57.99983 1152563311 191.853163    34.7065      55807          5  0.000e+00
    497.434     1.8363   3.062678     1.8371   3.063007    4.48188    -0.0642    13.8155 0.0000e+00  -61.25000  -57.99983 1152563311 191.853163    34.7064      55808          5  0.000e+00
    497.434     1.8355   3.062678     1.8368   3.062965    4.48195    -0.1180    13.8155 0.0000e+00  -61.25000  -57.99983 1152563311 191.853164    34.7072      55809          5  0.000e+00
    497.473     1.8358   3.062633     1.8369   3.062971    4.48196    -0.1610    13.8155 0.0000e+00  -61.25000  -57.99983 1152563311 191.853164    34.7063      55810          5  0.000e+00
    497.434     1.8355   3.062678     1.8367   3.062959    4.48661    -0.0857    13.8155 0.0000e+00  -61.25000  -57.99983 1152563311 191.853165    34.7072      55811          5  0.000e+00
    497.434     1.8355   3.062661     1.8374   3.062977    4.48196    -0.0319    13.8155 0.0000e+00  -61.25000  -57.99983 1152563311 191.853165    34.7070      55812          5  0.000e+00
    497.473     1.8353   3.062685     1.8368   3.063001    4.48198    -0.0319    13.8155 0.0000e+00  -61.25000  -57.99983 1152563311 191.853166    34.7075      55813          5  0.000e+00
    497.434     1.8358   3.062678     1.8362   3.062916    4.48658    -0.0534    13.8155 0.0000e+00  -61.25000  -57.99983 1152563311 191.853166    34.7069      55814          5  0.000e+00
    497.434     1.8363   3.062675     1.8360   3.062892    4.48188    -0.1180    13.8155 0.0000e+00  -61.25000  -57.99983 1152563311 191.853166    34.7063      55815          5  0.000e+00
    497.473     1.8359   3.062675     1.8355   3.062892    4.48193    -0.1180    13.8155 0.0000e+00  -61.25000  -57.99983 1152563312 191.853167    34.7067      55816          5  0.000e+00
    497.434     1.8359   3.062675     1.8351   3.062874    4.48191    -0.1072    13.8155 0.0000e+00  -61.25000  -57.99983 1152563312 191.853167    34.7067      55817          5  0.000e+00
    497.501     1.8355   3.062654     1.8351   3.062868    4.48200    -0.0749    13.8155 0.0000e+00  -61.25000  -57.99983 1152563312 191.853168    34.7069      55818          5  0.000e+00
    497.473     1.8353   3.062644     1.8355   3.062886    4.48200    -0.0749    13.8155 0.0000e+00  -61.25000  -57.99983 1152563312 191.853168    34.7070      55819          5  0.000e+00
    497.434     1.8355   3.062647     1.8352   3.062874    4.48196    -0.0964    13.8155 0.0000e+00  -61.25000  -57.99983 1152563312 191.853169    34.7068      55820          5  0.000e+00
    497.501     1.8355   3.062651     1.8360   3.062916    4.48200    -0.0964    13.8155 0.0000e+00  -61.25000  -57.99983 1152563312 191.853169    34.7069      55821          5  0.000e+00
    497.473     1.8355   3.062685     1.8358   3.062880    4.48197    -0.0964    13.8155 0.0000e+00  -61.25000  -57.99983 1152563312 191.853170    34.7073      55822          5  0.000e+00
    497.501     1.8358   3.062678     1.8367   3.062928    4.48196    -0.0964    13.8155 0.0000e+00  -61.25000  -57.99983 1152563312 191.853170    34.7069      55823          5  0.000e+00
    497.501     1.8356   3.062692     1.8362   3.062928    4.48663    -0.0749    13.8155 0.0000e+00  -61.25000  -57.99983 1152563312 191.853171    34.7072      55824          5  0.000e+00
    497.549     1.8358   3.062678     1.8363   3.062971    4.48665    -0.0749    13.8155 0.0000e+00  -61.25000  -57.99983 1152563312 191.853171    34.7068      55825          5  0.000e+00
    497.502     1.8361   3.062675     1.8362   3.062934    4.48659    -0.0964    13.8155 0.0000e+00  -61.25000  -57.99983 1152563312 191.853172    34.7065      55826          5  0.000e+00
    497.569     1.8363   3.062692     1.8362   3.062922    4.48196    -0.0964    13.8155 0.0000e+00  -61.25000  -57.99983 1152563312 191.853172    34.7065      55827          5  0.000e+00
    497.550     1.8359   3.062733     1.8365   3.062941    4.48196    -0.0749    13.8155 0.0000e+00  -61.25000  -57.99983 1152563312 191.853173    34.7073      55828          5  0.000e+00
    497.569     1.8358   3.062726     1.8364   3.062928    4.48664    -0.1072    13.8155 0.0000e+00  -61.25000  -57.99983 1152563312 191.853173    34.7074      55829          5  0.000e+00
    497.502     1.8361   3.062723     1.8363   3.062953    4.48657    -0.0964    13.8155 0.0000e+00  -61.25000  -57.99983 1152563312 191.853174    34.7071      55830          5  0.000e+00
    497.617     1.8363   3.062757     1.8363   3.062977    4.48196    -0.0749    13.8155 0.0000e+00  -61.25000  -57.99983 1152563312 191.853174    34.7073      55831          5  0.000e+00
    497.569     1.8361   3.062750     1.8371   3.062983    4.48661    -0.0857    13.8155 0.0000e+00  -61.25000  -57.99983 1152563312 191.853175    34.7074      55832          5  0.000e+00
    497.646     1.8364   3.062747     1.8365   3.062959    4.48663    -0.0964    13.8155 0.0000e+00  -61.25000  -57.99983 1152563312 191.853175    34.7069      55833          5  0.000e+00
    497.617     1.8366   3.062764     1.8365   3.062977    4.48659    -0.1180    13.8155 0.0000e+00  -61.25000  -57.99983 1152563312 191.853176    34.7070      55834          5  0.000e+00
    497.713     1.8358   3.062750     1.8365   3.062983    4.48673    -0.1180    13.8155 0.0000e+00  -61.25000  -57.99983 1152563312 191.853176    34.7076      55835          5  0.000e+00
    497.646     1.8364   3.062675     1.8364   3.062959    4.48665    -0.1610    13.8155 0.0000e+00  -61.25000  -57.99983 1152563312 191.853177    34.7060      55836          5  0.000e+00
    497.617     1.8356   3.062668     1.8360   3.062953    4.48671    -0.1502    13.8155 0.0000e+00  -61.25000  -57.99983 1152563312 191.853177    34.7068      55837          5  0.000e+00
    497.790     1.8353   3.062651     1.8362   3.062953    4.48685    -0.0964    13.8155 0.0000e+00  -61.25000  -57.99983 1152563312 191.853178    34.7069      55838          5  0.000e+00
    497.713     1.8356   3.062664     1.8362   3.062977    4.48677    -0.0749    13.8155 0.0000e+00  -61.25000  -57.99983 1152563313 191.853178    34.7068      55839          5  0.000e+00
    497.761     1.8351   3.062675     1.8368   3.062983    4.48218    -0.0642    13.8155 0.0000e+00  -61.25000  -57.99983 1152563313 191.853179    34.7074      55840          5  0.000e+00
    497.790     1.8355   3.062709     1.8369   3.062959    4.48216    -0.1180    13.8155 0.0000e+00  -61.25000  -57.99983 1152563313 191.853179    34.7074      55841          5  0.000e+00
    497.790     1.8355   3.062702     1.8364   3.062971    4.48682    -0.1072    13.8155 0.0000e+00  -61.25000  -57.99983 1152563313 191.853179    34.7074      55842          5  0.000e+00
    497.828     1.8361   3.062716     1.8362   3.062965    4.48212    -0.1180    13.8155 0.0000e+00  -61.25000  -57.99983 1152563313 191.853180    34.7068      55843          5  0.000e+00
    497.857     1.8359   3.062723     1.8363   3.062929    4.48215    -0.0749    13.8155 0.0000e+00  -61.25000  -57.99983 1152563313 191.853180    34.7070      55844          5  0.000e+00
    499.412     1.8351   3.062723     1.8357   3.062959    4.48319    -0.0964    13.8155 0.0000e+00  -61.25000  -57.99983 1152563314 191.853200    34.7070      55885          6  0.000e+00
    499.412     1.8351   3.062723     1.8357   3.062953    4.48319    -0.0642    13.8155 0.0000e+00  -61.25000  -57.99983 1152563314 191.853201    34.7070      55886          6  0.000e+00
    499.460     1.8351   3.062723     1.8354   3.062935    4.48322    -0.1072    13.8155 0.0000e+00  -61.25000  -57.99983 1152563315 191.853201    34.7070      55887          6  0.000e+00
    499.489     1.8351   3.062703     1.8352   3.062947    4.48791    -0.0749    13.8155 0.0000e+00  -61.25000  -57.99983 1152563315 191.853202    34.7067      55888          6  0.000e+00
    499.556     1.8348   3.062717     1.8355   3.062905    4.48331    -0.0642    13.8155 0.0000e+00  -61.25000  -57.99983 1152563315 191.853202    34.7072      55889          6  0.000e+00
    499.537     1.8351   3.062686     1.8352   3.062911    4.48794    -0.0964    13.8155 0.0000e+00  -61.25000  -57.99983 1152563315 191.853203    34.7065      55890          6  0.000e+00
    499.633     1.8350   3.062693     1.8351   3.062941    4.48801    -0.0749    13.8155 0.0000e+00  -61.25000  -57.99983 1152563315 191.853203    34.7067      55891          6  0.000e+00
    499.633     1.8348   3.062675     1.8357   3.062959    4.48804    -0.0534    13.8155 0.0000e+00  -61.25000  -57.99983 1152563315 191.853204    34.7067      55892          6  0.000e+00
    499.672     1.8350   3.062727     1.8357   3.062995    4.48803    -0.0749    13.8155 0.0000e+00  -61.25000  -57.99983 1152563315 191.853204    34.7071      55893          6  0.000e+00
    499.633     1.8350   3.062693     1.8360   3.062989    4.48801    -0.0964    13.8155 0.0000e+00  -61.25000  -57.99983 1152563315 191.853205    34.7067      55894          6  0.000e+00
