product_data/regression_test/downloaded_data/MGDS/320620060703/ctd/p6609801.ros
* Sea-Bird SBE 9 Data File:
* FileName = D:\Data\Raw\p6609801.dat
* Software Version Seasave Win32 V 5.32
* Temperature SN = 1649
* Conductivity SN = 1431
* Number of Bytes Per Scan = 37
* Number of Voltage Words = 5
* Number of Scans Averaged by the Deck Unit = 1
* NMEA Latitude = 60 29.94 S
* NMEA Longitude = 058 33.67 W
* NMEA UTC (Time) = 05:26:23
** Ship:   Nathaniel B. Palmer 
** Cruise:    NBP0606 
# nquan = 17
# nvalues = 1176                    
# units = specified
# name 0 = prDM: Pressure, Digiquartz [db]
# name 1 = t090C: Temperature [ITS-90, deg C]
# name 2 = c0S/m: Conductivity [S/m]
# name 3 = t190C: Temperature, 2 [ITS-90, deg C]
# name 4 = c1S/m: Conductivity, 2 [S/m]
# name 5 = sbeox0ML/L: Oxygen, SBE 43 [ml/l]
# name 6 = flECO-AFL: Fluorescence, Wetlab ECO-AFL/FL [mg/m^3]
# name 7 = bat: Beam Attenuation, Chelsea/Seatech/Wetlab CStar [1/m]
# name 8 = spar: SPAR/Surface Irradiance
# name 9 = latitude: Latitude [deg]
# name 10 = longitude: Longitude [deg]
# name 11 = timeY: Time, System [seconds]
# name 12 = timeJ: Julian Days
# name 13 = sal00: Salinity [PSU]
# name 14 = scan: scan number
# name 15 = nbf: number of bottles fired
# name 16 = flag:  0.000e+00
# interval = seconds: 0.0416667                   
# start_time = Jul 12 2006 05:26:31
*END*
[from data line 937]
     74.927    -0.6850   2.764732    -0.6869   2.765046    7.99874     0.1188    13.8155 0.0000e+00  -60.49900  -58.56117 1152685429 193.266568    33.8683      82572         20  0.000e+00
     74.880    -0.6845   2.764719    -0.6864   2.765070    7.99862     0.0757    13.8155 0.0000e+00  -60.49900  -58.56117 1152685429 193.266568    33.8676      82573         20  0.000e+00
     74.927    -0.6858   2.764712    -0.6866   2.765087    7.99888     0.0434    13.8155 0.0000e+00  -60.49900  -58.56117 1152685429 193.266569    33.8689      82574         20  0.000e+00
     74.880    -0.6850   2.764712    -0.6869   2.765064    7.99870    -0.0104    13.8155 0.0000e+00  -60.49900  -58.56117 1152685430 193.266569    33.8681      82575         20  0.000e+00
     74.927    -0.6847   2.764732    -0.6861   2.765081    7.99869     0.0434    13.8155 0.0000e+00  -60.49900  -58.56117 1152685430 193.266570    33.8680      82576         20  0.000e+00
     74.947    -0.6844   2.764735    -0.6853   2.765145    7.99866     0.0972    13.8155 0.0000e+00  -60.49900  -58.56117 1152685430 193.266570    33.8677      82577         20  0.000e+00
     74.927    -0.6845   2.764735    -0.6853   2.765162    7.99866     0.0865    13.8155 0.0000e+00  -60.49900  -58.56117 1152685430 193.266571    33.8678      82578         20  0.000e+00
     74.880    -0.6845   2.764719    -0.6853   2.765168    7.99862     0.0757    13.8155 0.0000e+00  -60.49900  -58.56117 1152685430 193.266571    33.8676      82579         20  0.000e+00
     74.927    -0.6849   2.764729    -0.6852   2.765162    7.99872     0.0327    13.8155 0.0000e+00  -60.49900  -58.56117 1152685430 193.266572    33.8681      82580         20  0.000e+00
     74.947    -0.6849   2.764736    -0.6849   2.765191    7.99873    -0.0104    13.8155 0.0000e+00  -60.49900  -58.56117 1152685430 193.266572    33.8682      82581         20  0.000e+00
     74.927    -0.6844   2.764719    -0.6856   2.765168    7.99865    -0.0104    13.8155 0.0000e+00  -60.49900  -58.56117 1152685430 193.266573    33.8674      82582         20  0.000e+00
     74.880    -0.6847   2.764749    -0.6861   2.765127    7.99863     0.0327    13.8155 0.0000e+00  -60.49900  -58.56117 1152685430 193.266573    33.8682      82583         20  0.000e+00
     74.994    -0.6845   2.764772    -0.6867   2.765087    7.99871     0.0112    13.8155 0.0000e+00  -60.49900  -58.56117 1152685430 193.266574    33.8683      82584         20  0.000e+00
     74.947    -0.6836   2.764814    -0.6869   2.765064    7.99848     0.0004    13.8155 0.0000e+00  -60.49900  -58.56117 1152685430 193.266574    33.8678      82585         20  0.000e+00
     74.927    -0.6830   2.764874    -0.6863   2.765023    7.99831    -0.0211    13.8155 0.0000e+00  -60.49900  -58.56117 1152685430 193.266575    33.8680      82586         20  0.000e+00
     74.947    -0.6827   2.764877    -0.6863   2.765064    7.99828     0.0112    13.8155 0.0000e+00  -60.49900  -58.56117 1152685430 193.266575    33.8676      82587         20  0.000e+00
     74.927    -0.6828   2.764884    -0.6859   2.765046    7.99828     0.0219    13.8155 0.0000e+00  -60.49900  -58.56117 1152685430 193.266576    33.8679      82588         20  0.000e+00
     75.013    -0.6830   2.764857    -0.6861   2.765070    7.99842     0.0327    13.8155 0.0000e+00  -60.49900  -58.56117 1152685430 193.266576    33.8677      82589         20  0.000e+00
     74.927    -0.6836   2.764831    -0.6863   2.765087    7.99844    -0.0104    13.8155 0.0000e+00  -60.49900  -58.56117 1152685430 193.266576    33.8681      82590         20  0.000e+00
     75.013    -0.6836   2.764824    -0.6863   2.765064    7.99855    -0.0426    13.8155 0.0000e+00  -60.49900  -58.56117 1152685430 193.266577    33.8679      82591         20  0.000e+00
     74.994    -0.6830   2.764844    -0.6867   2.765023    7.99841    -0.0426    13.8155 0.0000e+00  -60.49900  -58.56117 1152685430 193.266577    33.8675      82592         20  0.000e+00
     74.947    -0.6838   2.764811    -0.6866   2.765064    7.99850    -0.0104    13.8155 0.0000e+00  -60.49900  -58.56117 1152685430 193.266578    33.8680      82593         20  0.000e+00
     75.071    -0.6836   2.764772    -0.6869   2.765064    7.99865     0.0004    13.8155 0.0000e+00  -60.49900  -58.56117 1152685430 193.266578    33.8672      82594         20  0.000e+00
     75.013    -0.6838   2.764791    -0.6869   2.765041    7.99859     0.0112    13.8155 0.0000e+00  -60.49900  -58.56117 1152685430 193.266579    33.8677      82595         20  0.000e+00
     74.994    -0.6836   2.764801    -0.6883   2.765012    7.99854     0.0112    13.8155 0.0000e+00  -60.49900  -58.56117 1152685430 193.266579    33.8676      82596         20  0.000e+00
     75.090    -0.6838   2.764801    -0.6876   2.764954    7.99867    -0.0104    13.8155 0.0000e+00  -60.49900  -58.56117 1152685430 193.266580    33.8677      82597         20  0.000e+00
     74.994    -0.6839   2.764772    -0.6880   2.764989    7.99861    -0.0211    13.8155 0.0000e+00  -60.49900  -58.56117 1152685430 193.266580    33.8676      82598         20  0.000e+00
     75.090    -0.6842   2.764742    -0.6875   2.764971    7.99879    -0.0104    13.8155 0.0000e+00  -60.49900  -58.56117 1152685431 193.266581    33.8675      82599         20  0.000e+00
     75.071    -0.6849   2.764719    -0.6872   2.764994    7.99888     0.0219    13.8155 0.0000e+00  -60.49900  -58.56117 1152685431 193.266581    33.8679      82600         20  0.000e+00
     75.156    -0.6844   2.764729    -0.6872   2.765012    7.99890    -0.0104    13.8155 0.0000e+00  -60.49900  -58.56117 1152685431 193.266582    33.8674      82601         20  0.000e+00
     75.071    -0.6850   2.764752    -0.6878   2.764983    7.99888    -0.0211    13.8155 0.0000e+00  -60.49900  -58.56117 1152685431 193.266582    33.8685      82602         20  0.000e+00
     75.156    -0.6844   2.764742    -0.6881   2.764977    7.99889    -0.0104    13.8155 0.0000e+00  -60.49900  -58.56117 1152685431 193.266583    33.8676      82603         20  0.000e+00
     75.137    -0.6849   2.764699    -0.6878   2.764925    7.99897     0.0112    13.8155 0.0000e+00  -60.49900  -58.56117 1152685431 193.266583    33.8676      82604         20  0.000e+00
     75.156    -0.6852   2.764624    -0.6880   2.764942    7.99910    -0.0426    13.8155 0.0000e+00  -60.49900  -58.56117 1152685431 193.266584    33.8669      82605         20  0.000e+00
     75.137    -0.6858   2.764568    -0.6883   2.764902    7.99451    -0.0104    13.8155 0.0000e+00  -60.49900  -58.56117 1152685431 193.266584    33.8668      82606         20  0.000e+00
     75.156    -0.6873   2.764476    -0.6878   2.764896    7.99485     0.0112    13.8155 0.0000e+00  -60.49900  -58.56117 1152685431 193.266585    33.8673      82607         20  0.000e+00
     75.204    -0.6873   2.764430    -0.6886   2.764884    7.99964    -0.0211    13.8155 0.0000e+00  -60.49900  -58.56117 1152685431 193.266585    33.8666      82608         20  0.000e+00
     75.233    -0.6880   2.764357    -0.6886   2.764850    7.99983    -0.0534    13.8155 0.0000e+00  -60.49900  -58.56117 1152685431 193.266586    33.8664      82609         20  0.000e+00
     75.280    -0.6887   2.764351    -0.6889   2.764832    8.00001    -0.0319    13.8155 0.0000e+00  -60.49900  -58.56117 1152685431 193.266586    33.8671      82610         20  0.000e+00
     75.233    -0.6892   2.764308    -0.6889   2.764821    8.00006    -0.0534    13.8155 0.0000e+00  -60.49900  -58.56117 1152685431 193.266587    33.8671      82611         20  0.000e+00
     75.280    -0.6890   2.764308    -0.6892   2.764821    8.00009    -0.0104    13.8155 0.0000e+00  -60.49900  -58.56117 1152685431 193.266587    33.8669      82612         20  0.000e+00
     75.300    -0.6895   2.764298    -0.6890   2.764786    8.00019    -0.0211    13.8155 0.0000e+00  -60.49900  -58.56117 1152685431 193.266588    33.8673      82613         20  0.000e+00
     75.280    -0.6896   2.764292    -0.6887   2.764809    8.00020    -0.0534    13.8155 0.0000e+00  -60.49900  -58.56117 1152685431 193.266588    33.8673      82614         20  0.000e+00
     49.917    -0.7079   2.761279    -0.7081   2.761753    8.02875     0.0327    13.8155 0.0000e+00  -60.49900  -58.56117 1152685496 193.267341    33.8627      84175         21  0.000e+00
     50.203    -0.7082   2.761269    -0.7079   2.761741    8.02913     0.0004    13.8155 0.0000e+00  -60.49900  -58.56117 1152685496 193.267341    33.8628      84176         21  0.000e+00
     49.994    -0.7080   2.761230    -0.7076   2.761753    8.02889    -0.0211    13.8155 0.0000e+00  -60.49900  -58.56117 1152685496 193.267342    33.8621      84177         21  0.000e+00
     50.127    -0.7077   2.761240    -0.7077   2.761741    8.02899     0.0542    13.8155 0.0000e+00  -60.49900  -58.56117 1152685496 193.267342    33.8619      84178         21  0.000e+00
     50.127    -0.7081   2.761243    -0.7079   2.761753    8.02904     0.0112    13.8155 0.0000e+00  -60.49900  -58.56117 1152685496 193.267343    33.8623      84179         21  0.000e+00
     50.127    -0.7079   2.761243    -0.7079   2.761759    8.02902     0.0327    13.8155 0.0000e+00  -60.49900  -58.56117 1152685496 193.267343    33.8621      84180         21  0.000e+00
     50.203    -0.7077   2.761263    -0.7078   2.761759    8.02905     0.0542    13.8155 0.0000e+00  -60.49900  -58.56117 1152685496 193.267344    33.8621      84181         21  0.000e+00
     50.203    -0.7082   2.761282    -0.7078   2.761759    8.02912     0.0865    13.8155 0.0000e+00  -60.49900  -58.56117 1152685496 193.267344    33.8629      84182         21  0.000e+00
     50.203    -0.7079   2.761266    -0.7080   2.761782    8.02908     0.0434    13.8155 0.0000e+00  -60.49900  -58.56117 1152685497 193.267345    33.8624      84183         21  0.000e+00
     50.270    -0.7075   2.761253    -0.7079   2.761805    8.02911     0.0112    13.8155 0.0000e+00  -60.49900  -58.56117 1152685497 193.267345    33.8617      84184         21  0.000e+00
     50.270    -0.7082   2.761259    -0.7076   2.761793    8.02921     0.0112    13.8155 0.0000e+00  -60.49900  -58.56117 1152685497 193.267346    33.8626      84185         21  0.000e+00
     50.270    -0.7082   2.761253    -0.7076   2.761788    8.02922     0.0112    13.8155 0.0000e+00  -60.49900  -58.56117 1152685497 193.267346    33.8625      84186         21  0.000e+00
     50.337    -0.7079   2.761259    -0.7075   2.761805    8.02924     0.0542    13.8155 0.0000e+00  -60.49900  -58.56117 1152685497 193.267347    33.8622      84187         21  0.000e+00
     50.337    -0.7080   2.761263    -0.7074   2.761793    8.02925     0.0327    13.8155 0.0000e+00  -60.49900  -58.56117 1152685497 193.267347    33.8623      84188         21  0.000e+00
     50.337    -0.7084   2.761253    -0.7078   2.761770    8.02932     0.0112    13.8155 0.0000e+00  -60.49900  -58.56117 1152685497 193.267348    33.8626      84189         21  0.000e+00
     50.413    -0.7081   2.761259    -0.7079   2.761799    8.02935     0.0112    13.8155 0.0000e+00  -60.49900  -58.56117 1152685497 193.267348    33.8623      84190         21  0.000e+00
     50.413    -0.7079   2.761263    -0.7075   2.761776    8.02462     0.0327    13.8155 0.0000e+00  -60.49900  -58.56117 1152685497 193.267349    33.8621      84191         21  0.000e+00
     50.413    -0.7084   2.761253    -0.7077   2.761759    8.02940     0.0865    13.8155 0.0000e+00  -60.49900  -58.56117 1152685497 193.267349    33.8626      84192         21  0.000e+00
     50.480    -0.7084   2.761259    -0.7079   2.761776    8.02947     0.0757    13.8155 0.0000e+00  -60.49900  -58.56117 1152685497 193.267350    33.8626      84193         21  0.000e+00
     50.480    -0.7081   2.761282    -0.7076   2.761764    8.02940     0.0434    13.8155 0.0000e+00  -60.49900  -58.56117 1152685497 193.267350    33.8626      84194         21  0.000e+00
     50.480    -0.7079   2.761286    -0.7076   2.761759    8.02937     0.0112    13.8155 0.0000e+00  -60.49900  -58.56117 1152685497 193.267351    33.8624      84195         21  0.000e+00
     50.480    -0.7081   2.761266    -0.7076   2.761759    8.02942     0.0327    13.8155 0.0000e+00  -60.49900  -58.56117 1152685497 193.267351    33.8624      84196         21  0.000e+00
     50.547    -0.7079   2.761282    -0.7076   2.761759    8.02946     0.0757    13.8155 0.0000e+00  -60.49900  -58.56117 1152685497 193.267351    33.8624      84197         21  0.000e+00
     50.547    -0.7082   2.761302    -0.7078   2.761759    8.02948     0.0327    13.8155 0.0000e+00  -60.49900  -58.56117 1152685497 193.267352    33.8629      84198         21  0.000e+00
     50.623    -0.7081   2.761273    -0.7076   2.761776    8.02957    -0.0104    13.8155 0.0000e+00  -60.49900  -58.56117 1152685497 193.267352    33.8624      84199         21  0.000e+00
     50.547    -0.7077   2.761319    -0.7075   2.761788    8.02940     0.0327    13.8155 0.0000e+00  -60.49900  -58.56117 1152685497 193.267353    33.8627      84200         21  0.000e+00
     50.623    -0.7079   2.761315    -0.7076   2.761788    8.02482     0.0542    13.8155 0.0000e+00  -60.49900  -58.56117 1152685497 193.267353    33.8628      84201         21  0.000e+00
     50.623    -0.7082   2.761289    -0.7077   2.761770    8.02958     0.0542    13.8155 0.0000e+00  -60.49900  -58.56117 1152685497 193.267354    33.8627      84202         21  0.000e+00
     50.690    -0.7081   2.761276    -0.7075   2.761759    8.02964     0.0542    13.8155 0.0000e+00  -60.49900  -58.56117 1152685497 193.267354    33.8624      84203         21  0.000e+00
     50.623    -0.7076   2.761282    -0.7074   2.761776    8.02949     0.0542    13.8155 0.0000e+00  -60.49900  -58.56117 1152685497 193.267355    33.8620      84204         21  0.000e+00
     50.690    -0.7077   2.761289    -0.7075   2.761788    8.02957     0.0434    13.8155 0.0000e+00  -60.49900  -58.56117 1152685497 193.267355    33.8621      84205         21  0.000e+00
     50.690    -0.7079   2.761286    -0.7074   2.761805    8.02961     0.0112    13.8155 0.0000e+00  -60.49900  -58.56117 1152685497 193.267356    33.8623      84206         21  0.000e+00
     50.690    -0.7074   2.761236    -0.7070   2.761811    8.02958     0.0112    13.8155 0.0000e+00  -60.49900  -58.56117 1152685498 193.267356    33.8612      84207         21  0.000e+00
     50.766    -0.7080   2.761273    -0.7073   2.761793    8.02972     0.0219    13.8155 0.0000e+00  -60.49900  -58.56117 1152685498 193.267357    33.8622      84208         21  0.000e+00
     50.690    -0.7082   2.761269    -0.7068   2.761788    8.02498     0.0327    13.8155 0.0000e+00  -60.49900  -58.56117 1152685498 193.267357    33.8625      84209         21  0.000e+00
     50.766    -0.7087   2.761279    -0.7075   2.761805    8.02983     0.0327    13.8155 0.0000e+00  -60.49900  -58.56117 1152685498 193.267358    33.8631      84210         21  0.000e+00
     50.766    -0.7077   2.761289    -0.7073   2.761770    8.02967     0.0327    13.8155 0.0000e+00  -60.49900  -58.56117 1152685498 193.267358    33.8621      84211         21  0.000e+00
     50.766    -0.7083   2.761286    -0.7075   2.761776    8.02976     0.0327    13.8155 0.0000e+00  -60.49900  -58.56117 1152685498 193.267359    33.8627      84212         21  0.000e+00
     50.766    -0.7073   2.761276    -0.7077   2.761788    8.02961     0.0434    13.8155 0.0000e+00  -60.49900  -58.56117 1152685498 193.267359    33.8615      84213         21  0.000e+00
     50.766    -0.7079   2.761299    -0.7079   2.761788    8.02969     0.0757    13.8155 0.0000e+00  -60.49900  -58.56117 1152685498 193.267360    33.8625      84214         21  0.000e+00
     50.766    -0.7083   2.761289    -0.7075   2.761788    8.02976     0.0542    13.8155 0.0000e+00  -60.49900  -58.56117 1152685498 193.267360    33.8628      84215         21  0.000e+00
