product_data/regression_test/downloaded_data/MGDS/320620060703/ctd/p6608603.ros
* Sea-Bird SBE 9 Data File:
* FileName = D:\Data\Raw\P6608603.dat
* Software Version Seasave Win32 V 5.32
* Temperature SN = 1649
* Conductivity SN = 1431
* Number of Bytes Per Scan = 37
* Number of Voltage Words = 5
* Number of Scans Averaged by the Deck Unit = 1
* NMEA Latitude = 61 36.69 S
* NMEA Longitude = 057 43.83 W
* NMEA UTC (Time) = 04:19:32
** Ship:   Nathaniel B. Palmer 
** Cruise:    NBP0603 p0606
** Cast #: 03
** Station:   86
** Operator: 
# nquan = 17
# nvalues = 1176                    
# units = specified
# name 0 = prDM: Pressure, Digiquartz [db]
# name 1 = t090C: Temperature [ITS-90, deg C]
# name 2 = c0S/m: Conductivity [S/m]
# name 3 = t190C: Temperature, 2 [ITS-90, deg C]
# name 4 = c1S/m: Conductivity, 2 [S/m]
# name 5 = sbeox0ML/L: Oxygen, SBE 43 [ml/l]
# name 6 = flECO-AFL: Fluorescence, Wetlab ECO-AFL/FL [mg/m^3]
# name 7 = bat: Beam Attenuation, Chelsea/Seatech/Wetlab CStar [1/m]
# name 8 = spar: SPAR/Surface Irradiance
# name 9 = latitude: Latitude [deg]
# name 10 = longitude: Longitude [deg]
# name 11 = timeY: Time, System [seconds]
# name 12 = timeJ: Julian Days
# name 13 = sal00: Salinity [PSU]
# name 14 = scan: scan number
# name 15 = nbf: number of bottles fired
# name 16 = flag:  0.000e+00
# interval = seconds: 0.0416667                   
# start_time = Jul 10 2006 04:19:39
*END*
[from data line 426]
    124.161    -0.6862   2.791829    -0.6881   2.791915    7.51376     0.0327    13.8155 0.0000e+00  -61.61150  -57.73050 1152506825 191.199382    34.2054      39543          9  0.000e+00
    124.219    -0.6861   2.791859    -0.6875   2.791944    7.51378     0.0542    13.8155 0.0000e+00  -61.61150  -57.73050 1152506825 191.199382    34.2056      39544          9  0.000e+00
    124.219    -0.6856   2.791942    -0.6872   2.791991    7.51365     0.0542    13.8155 0.0000e+00  -61.61150  -57.73050 1152506825 191.199383    34.2062      39545          9  0.000e+00
    124.238    -0.6847   2.792014    -0.6870   2.792026    7.51349     0.0542    13.8155 0.0000e+00  -61.61150  -57.73050 1152506825 191.199383    34.2061      39546          9  0.000e+00
    124.152    -0.6836   2.792031    -0.6869   2.791985    7.51322     0.0327    13.8155 0.0000e+00  -61.61150  -57.73050 1152506825 191.199384    34.2052      39547          9  0.000e+00
    124.295    -0.6839   2.791994    -0.6880   2.791915    7.51817     0.0434    13.8155 0.0000e+00  -61.61150  -57.73050 1152506825 191.199384    34.2050      39548          9  0.000e+00
    124.238    -0.6845   2.791952    -0.6898   2.791793    7.51350     0.0434    13.8155 0.0000e+00  -61.61150  -57.73050 1152506825 191.199385    34.2051      39549          9  0.000e+00
    124.219    -0.6847   2.791922    -0.6907   2.791642    7.51353     0.0542    13.8155 0.0000e+00  -61.61150  -57.73050 1152506825 191.199385    34.2049      39550          9  0.000e+00
    124.295    -0.6852   2.791935    -0.6915   2.791584    7.51367     0.0434    13.8155 0.0000e+00  -61.61150  -57.73050 1152506825 191.199386    34.2055      39551          9  0.000e+00
    124.238    -0.6853   2.791958    -0.6901   2.791700    7.51834     0.0327    13.8155 0.0000e+00  -61.61150  -57.73050 1152506825 191.199386    34.2061      39552          9  0.000e+00
    124.295    -0.6845   2.791994    -0.6889   2.791776    7.51826     0.0434    13.8155 0.0000e+00  -61.61150  -57.73050 1152506825 191.199387    34.2056      39553          9  0.000e+00
    124.295    -0.6842   2.792008    -0.6881   2.791886    7.51820     0.0219    13.8155 0.0000e+00  -61.61150  -57.73050 1152506825 191.199387    34.2055      39554          9  0.000e+00
    124.305    -0.6853   2.791889    -0.6886   2.791904    7.51846    -0.0104    13.8155 0.0000e+00  -61.61150  -57.73050 1152506826 191.199388    34.2051      39555          9  0.000e+00
    124.362    -0.6862   2.791598    -0.6898   2.791718    7.51886     0.0542    13.8155 0.0000e+00  -61.61150  -57.73050 1152506826 191.199388    34.2022      39556          9  0.000e+00
    124.362    -0.6893   2.791413    -0.6913   2.791572    7.51946     0.0757    13.8155 0.0000e+00  -61.61150  -57.73050 1152506826 191.199389    34.2032      39557          9  0.000e+00
    125.556    -0.6904   2.791380    -0.6933   2.791416    7.53981     0.0112    13.8155 0.0000e+00  -61.61150  -57.73050 1152506831 191.199455    34.2032      39694         10  0.000e+00
    125.623    -0.6912   2.791324    -0.6933   2.791399    7.54476     0.0112    13.8155 0.0000e+00  -61.61150  -57.73050 1152506831 191.199455    34.2033      39695         10  0.000e+00
    125.566    -0.6915   2.791261    -0.6936   2.791352    7.54479     0.0219    13.8155 0.0000e+00  -61.61150  -57.73050 1152506831 191.199456    34.2028      39696         10  0.000e+00
    125.490    -0.6922   2.791245    -0.6938   2.791323    7.54955     0.0219    13.8155 0.0000e+00  -61.61150  -57.73050 1152506831 191.199456    34.2034      39697         10  0.000e+00
    125.556    -0.6924   2.791179    -0.6936   2.791317    7.54971     0.0327    13.8155 0.0000e+00  -61.61150  -57.73050 1152506831 191.199457    34.2028      39698         10  0.000e+00
    125.356    -0.6929   2.791139    -0.6935   2.791369    7.54487     0.0327    13.8155 0.0000e+00  -61.61150  -57.73050 1152506831 191.199457    34.2029      39699         10  0.000e+00
    125.413    -0.6931   2.791136    -0.6932   2.791369    7.54969     0.0327    13.8155 0.0000e+00  -61.61150  -57.73050 1152506832 191.199457    34.2030      39700         10  0.000e+00
    125.346    -0.6937   2.791116    -0.6930   2.791404    7.54972     0.0434    13.8155 0.0000e+00  -61.61150  -57.73050 1152506832 191.199458    34.2034      39701         10  0.000e+00
    125.356    -0.6934   2.791113    -0.6932   2.791422    7.54969     0.0650    13.8155 0.0000e+00  -61.61150  -57.73050 1152506832 191.199458    34.2031      39702         10  0.000e+00
    125.280    -0.6933   2.791142    -0.6933   2.791375    7.54958     0.0650    13.8155 0.0000e+00  -61.61150  -57.73050 1152506832 191.199459    34.2035      39703         10  0.000e+00
    125.280    -0.6929   2.791156    -0.6927   2.791381    7.54950     0.0327    13.8155 0.0000e+00  -61.61150  -57.73050 1152506832 191.199459    34.2031      39704         10  0.000e+00
    125.213    -0.6932   2.791189    -0.6930   2.791428    7.54946     0.0650    13.8155 0.0000e+00  -61.61150  -57.73050 1152506832 191.199460    34.2040      39705         10  0.000e+00
    125.203    -0.6923   2.791251    -0.6929   2.791422    7.54927     0.0865    13.8155 0.0000e+00  -61.61150  -57.73050 1152506832 191.199460    34.2038      39706         10  0.000e+00
    125.146    -0.6926   2.791251    -0.6926   2.791433    7.54926     0.0327    13.8155 0.0000e+00  -61.61150  -57.73050 1152506832 191.199461    34.2042      39707         10  0.000e+00
    125.137    -0.6923   2.791228    -0.6921   2.791445    7.54921     0.0219    13.8155 0.0000e+00  -61.61150  -57.73050 1152506832 191.199461    34.2035      39708         10  0.000e+00
    125.060    -0.6920   2.791238    -0.6926   2.791445    7.54908     0.0434    13.8155 0.0000e+00  -61.61150  -57.73050 1152506832 191.199462    34.2034      39709         10  0.000e+00
    125.079    -0.6917   2.791294    -0.6926   2.791422    7.54901     0.0542    13.8155 0.0000e+00  -61.61150  -57.73050 1152506832 191.199462    34.2037      39710         10  0.000e+00
    125.060    -0.6913   2.791294    -0.6922   2.791416    7.54894     0.0757    13.8155 0.0000e+00  -61.61150  -57.73050 1152506832 191.199463    34.2034      39711         10  0.000e+00
    124.993    -0.6917   2.791324    -0.6929   2.791422    7.54890     0.0434    13.8155 0.0000e+00  -61.61150  -57.73050 1152506832 191.199463    34.2042      39712         10  0.000e+00
    125.003    -0.6917   2.791337    -0.6926   2.791456    7.54890     0.0004    13.8155 0.0000e+00  -61.61150  -57.73050 1152506832 191.199464    34.2044      39713         10  0.000e+00
    124.927    -0.6907   2.791367    -0.6921   2.791491    7.54866     0.0542    13.8155 0.0000e+00  -61.61150  -57.73050 1152506832 191.199464    34.2038      39714         10  0.000e+00
    124.927    -0.6903   2.791397    -0.6910   2.791555    7.54857     0.0004    13.8155 0.0000e+00  -61.61150  -57.73050 1152506832 191.199465    34.2037      39715         10  0.000e+00
    124.869    -0.6907   2.791403    -0.6910   2.791578    7.54857     0.0327    13.8155 0.0000e+00  -61.61150  -57.73050 1152506832 191.199465    34.2043      39716         10  0.000e+00
    124.850    -0.6906   2.791436    -0.6912   2.791538    7.54851     0.0757    13.8155 0.0000e+00  -61.61150  -57.73050 1152506832 191.199466    34.2046      39717         10  0.000e+00
    124.850    -0.6898   2.791450    -0.6915   2.791509    7.55311     0.0542    13.8155 0.0000e+00  -61.61150  -57.73050 1152506832 191.199466    34.2039      39718         10  0.000e+00
    124.793    -0.6900   2.791450    -0.6919   2.791503    7.54835     0.0327    13.8155 0.0000e+00  -61.61150  -57.73050 1152506832 191.199467    34.2041      39719         10  0.000e+00
    124.783    -0.6900   2.791463    -0.6926   2.791480    7.55305     0.0112    13.8155 0.0000e+00  -61.61150  -57.73050 1152506832 191.199467    34.2043      39720         10  0.000e+00
    124.783    -0.6893   2.791469    -0.6930   2.791433    7.54823     0.0219    13.8155 0.0000e+00  -61.61150  -57.73050 1152506832 191.199468    34.2037      39721         10  0.000e+00
    124.726    -0.6898   2.791453    -0.6924   2.791439    7.54825     0.0542    13.8155 0.0000e+00  -61.61150  -57.73050 1152506832 191.199468    34.2040      39722         10  0.000e+00
    124.717    -0.6898   2.791446    -0.6910   2.791480    7.55297     0.0219    13.8155 0.0000e+00  -61.61150  -57.73050 1152506832 191.199469    34.2039      39723         10  0.000e+00
    124.640    -0.6898   2.791446    -0.6916   2.791497    7.55289     0.0219    13.8155 0.0000e+00  -61.61150  -57.73050 1152506833 191.199469    34.2040      39724         10  0.000e+00
    124.659    -0.6896   2.791430    -0.6929   2.791456    7.55290     0.0219    13.8155 0.0000e+00  -61.61150  -57.73050 1152506833 191.199470    34.2036      39725         10  0.000e+00
    124.640    -0.6896   2.791476    -0.6930   2.791404    7.55285     0.0650    13.8155 0.0000e+00  -61.61150  -57.73050 1152506833 191.199470    34.2042      39726         10  0.000e+00
    124.574    -0.6895   2.791423    -0.6940   2.791392    7.55279     0.0327    13.8155 0.0000e+00  -61.61150  -57.73050 1152506833 191.199470    34.2034      39727         10  0.000e+00
    124.583    -0.6898   2.791453    -0.6941   2.791334    7.55283     0.0542    13.8155 0.0000e+00  -61.61150  -57.73050 1152506833 191.199471    34.2041      39728         10  0.000e+00
    124.574    -0.6896   2.791486    -0.6940   2.791352    7.55277     0.0865    13.8155 0.0000e+00  -61.61150  -57.73050 1152506833 191.199471    34.2044      39729         10  0.000e+00
    124.516    -0.6896   2.791456    -0.6935   2.791387    7.55273     0.0972    13.8155 0.0000e+00  -61.61150  -57.73050 1152506833 191.199472    34.2040      39730         10  0.000e+00
    124.574    -0.6892   2.791463    -0.6932   2.791392    7.55272     0.0757    13.8155 0.0000e+00  -61.61150  -57.73050 1152506833 191.199472    34.2035      39731         10  0.000e+00
    124.507    -0.6890   2.791486    -0.6932   2.791392    7.55260     0.0650    13.8155 0.0000e+00  -61.61150  -57.73050 1152506833 191.199473    34.2037      39732         10  0.000e+00
    124.449    -0.6893   2.791473    -0.6927   2.791451    7.55260     0.0650    13.8155 0.0000e+00  -61.61150  -57.73050 1152506833 191.199473    34.2039      39733         10  0.000e+00
    124.507    -0.6895   2.791453    -0.6921   2.791509    7.55270     0.0112    13.8155 0.0000e+00  -61.61150  -57.73050 1152506833 191.199474    34.2038      39734         10  0.000e+00
    124.430    -0.6893   2.791430    -0.6910   2.791584    7.55261     0.0004    13.8155 0.0000e+00  -61.61150  -57.73050 1152506833 191.199474    34.2033      39735         10  0.000e+00
    124.449    -0.6896   2.791390    -0.6906   2.791642    7.55271     0.0865    13.8155 0.0000e+00  -61.61150  -57.73050 1152506833 191.199475    34.2032      39736         10  0.000e+00
    124.364    -0.6900   2.791397    -0.6901   2.791654    7.55266     0.0972    13.8155 0.0000e+00  -61.61150  -57.73050 1152506833 191.199475    34.2037      39737         10  0.000e+00
    124.430    -0.6904   2.791367    -0.6901   2.791677    7.55282     0.0757    13.8155 0.0000e+00  -61.61150  -57.73050 1152506833 191.199476    34.2037      39738         10  0.000e+00
    124.373    -0.6904   2.791373    -0.6903   2.791689    7.55276     0.0542    13.8155 0.0000e+00  -61.61150  -57.73050 1152506833 191.199476    34.2039      39739         10  0.000e+00
    124.364    -0.6909   2.791347    -0.6903   2.791642    7.55283     0.0542    13.8155 0.0000e+00  -61.61150  -57.73050 1152506833 191.199477    34.2040      39740         10  0.000e+00
    124.364    -0.6906   2.791317    -0.6906   2.791613    7.55281     0.0112    13.8155 0.0000e+00  -61.61150  -57.73050 1152506833 191.199477    34.2033      39741         10  0.000e+00
    124.373    -0.6912   2.791314    -0.6907   2.791607    7.55291     0.0004    13.8155 0.0000e+00  -61.61150  -57.73050 1152506833 191.199478    34.2039      39742         10  0.000e+00
    100.723    -0.7769   2.781893    -0.7766   2.782197    7.75071     0.0757    13.8155 0.0000e+00  -61.61150  -57.73050 1152506921 191.200489    34.1881      41839         11  0.000e+00
    100.656    -0.7772   2.781890    -0.7769   2.782203    7.75541     0.0757    13.8155 0.0000e+00  -61.61150  -57.73050 1152506921 191.200489    34.1884      41840         11  0.000e+00
    100.790    -0.7770   2.781913    -0.7771   2.782203    7.75550     0.0972    13.8155 0.0000e+00  -61.61150  -57.73050 1152506921 191.200490    34.1884      41841         11  0.000e+00
    100.656    -0.7772   2.781900    -0.7765   2.782185    7.75540     0.0972    13.8155 0.0000e+00  -61.61150  -57.73050 1152506921 191.200490    34.1886      41842         11  0.000e+00
    100.723    -0.7773   2.781874    -0.7768   2.782179    7.75551     0.0972    13.8155 0.0000e+00  -61.61150  -57.73050 1152506921 191.200491    34.1883      41843         11  0.000e+00
    100.723    -0.7773   2.781910    -0.7771   2.782179    7.75548     0.0542    13.8155 0.0000e+00  -61.61150  -57.73050 1152506921 191.200491    34.1888      41844         11  0.000e+00
    100.723    -0.7773   2.781916    -0.7774   2.782179    7.75548     0.0434    13.8155 0.0000e+00  -61.61150  -57.73050 1152506921 191.200492    34.1889      41845         11  0.000e+00
    100.723    -0.7772   2.781916    -0.7769   2.782185    7.75546     0.0542    13.8155 0.0000e+00  -61.61150  -57.73050 1152506921 191.200492    34.1887      41846         11  0.000e+00
    100.761    -0.7771   2.781887    -0.7771   2.782179    7.75552     0.0542    13.8155 0.0000e+00  -61.61150  -57.73050 1152506921 191.200493    34.1883      41847         11  0.000e+00
    100.723    -0.7769   2.781890    -0.7766   2.782179    7.75543     0.0757    13.8155 0.0000e+00  -61.61150  -57.73050 1152506921 191.200493    34.1880      41848         11  0.000e+00
    100.723    -0.7772   2.781883    -0.7768   2.782197    7.75549     0.1188    13.8155 0.0000e+00  -61.61150  -57.73050 1152506921 191.200494    34.1883      41849         11  0.000e+00
    100.723    -0.7770   2.781920    -0.7765   2.782185    7.75542     0.0757    13.8155 0.0000e+00  -61.61150  -57.73050 1152506921 191.200494    34.1885      41850         11  0.000e+00
    100.723    -0.7770   2.781903    -0.7765   2.782214    7.75544     0.0434    13.8155 0.0000e+00  -61.61150  -57.73050 1152506921 191.200495    34.1884      41851         11  0.000e+00
    100.790    -0.7772   2.781900    -0.7766   2.782232    7.75555     0.0542    13.8155 0.0000e+00  -61.61150  -57.73050 1152506921 191.200495    34.1885      41852         11  0.000e+00
    100.723    -0.7774   2.781943    -0.7768   2.782232    7.75548     0.0650    13.8155 0.0000e+00  -61.61150  -57.73050 1152506921 191.200496    34.1894      41853         11  0.000e+00
    100.723    -0.7772   2.781930    -0.7768   2.782191    7.75545     0.0972    13.8155 0.0000e+00  -61.61150  -57.73050 1152506921 191.200496    34.1889      41854         11  0.000e+00
    100.790    -0.7769   2.781864    -0.7765   2.782197    7.75552     0.0972    13.8155 0.0000e+00  -61.61150  -57.73050 1152506921 191.200497    34.1876      41855         11  0.000e+00
    100.723    -0.7775   2.781880    -0.7771   2.782220    7.75553     0.0757    13.8155 0.0000e+00  -61.61150  -57.73050 1152506921 191.200497    34.1886      41856         11  0.000e+00
    100.723    -0.7771   2.781933    -0.7768   2.782208    7.75544     0.0650    13.8155 0.0000e+00  -61.61150  -57.73050 1152506921 191.200498    34.1889      41857         11  0.000e+00
    100.790    -0.7773   2.781936    -0.7768   2.782220    7.75554     0.0542    13.8155 0.0000e+00  -61.61150  -57.73050 1152506921 191.200498    34.1891      41858         11  0.000e+00
