product_data/regression_test/downloaded_data/MGDS/320620060703/ctd/p6608901.ros
* Sea-Bird SBE 9 Data File:
* FileName = D:\Data\Raw\P6608901.dat
* Software Version Seasave Win32 V 5.32
* Temperature SN = 1649
* Conductivity SN = 1431
* Number of Bytes Per Scan = 37
* Number of Voltage Words = 5
* Number of Scans Averaged by the Deck Unit = 1
* NMEA Latitude = 61 26.26 S
* NMEA Longitude = 057 51.58 W
* NMEA UTC (Time) = 10:14:29
** Ship:   Nathaniel B. Palmer 
** Cruise:    NBP0603 p0606
** Cast #: 01
** Station:   89
** Operator: rdd
# nquan = 17
# nvalues = 1176                    
# units = specified
# name 0 = prDM: Pressure, Digiquartz [db]
# name 1 = t090C: Temperature [ITS-90, deg C]
# name 2 = c0S/m: Conductivity [S/m]
# name 3 = t190C: Temperature, 2 [ITS-90, deg C]
# name 4 = c1S/m: Conductivity, 2 [S/m]
# name 5 = sbeox0ML/L: Oxygen, SBE 43 [ml/l]
# name 6 = flECO-AFL: Fluorescence, Wetlab ECO-AFL/FL [mg/m^3]
# name 7 = bat: Beam Attenuation, Chelsea/Seatech/Wetlab CStar [1/m]
# name 8 = spar: SPAR/Surface Irradiance
# name 9 = latitude: Latitude [deg]
# name 10 = longitude: Longitude [deg]
# name 11 = timeY: Time, System [seconds]
# name 12 = timeJ: Julian Days
# name 13 = sal00: Salinity [PSU]
# name 14 = scan: scan number
# name 15 = nbf: number of bottles fired
# name 16 = flag:  0.000e+00
# interval = seconds: 0.0416667                   
# start_time = Jul 10 2006 10:14:37
*END*
[from data line 937]
     75.714    -0.7338   2.786790    -0.7333   2.787106    7.48324    -0.0319    13.8155 0.0000e+00  -61.43767  -57.85967 1152529305 191.459567    34.2211      67912         20  0.000e+00
     75.599    -0.7343   2.786787    -0.7332   2.787059    7.48321    -0.0104    13.8155 0.0000e+00  -61.43767  -57.85967 1152529305 191.459568    34.2217      67913         20  0.000e+00
     75.647    -0.7342   2.786787    -0.7332   2.787100    7.48324    -0.0104    13.8155 0.0000e+00  -61.43767  -57.85967 1152529305 191.459568    34.2216      67914         20  0.000e+00
     75.523    -0.7340   2.786784    -0.7335   2.787088    7.48309    -0.0211    13.8155 0.0000e+00  -61.43767  -57.85967 1152529305 191.459569    34.2214      67915         20  0.000e+00
     75.580    -0.7341   2.786787    -0.7333   2.787053    7.48315    -0.0642    13.8155 0.0000e+00  -61.43767  -57.85967 1152529305 191.459569    34.2215      67916         20  0.000e+00
     75.390    -0.7337   2.786750    -0.7335   2.787047    7.47823     0.0004    13.8155 0.0000e+00  -61.43767  -57.85967 1152529305 191.459570    34.2207      67917         20  0.000e+00
     75.580    -0.7341   2.786787    -0.7336   2.787065    7.48315     0.0219    13.8155 0.0000e+00  -61.43767  -57.85967 1152529305 191.459570    34.2215      67918         20  0.000e+00
     75.456    -0.7342   2.786757    -0.7330   2.787053    7.47836     0.0327    13.8155 0.0000e+00  -61.43767  -57.85967 1152529305 191.459571    34.2213      67919         20  0.000e+00
     75.390    -0.7340   2.786754    -0.7335   2.787065    7.47827     0.0542    13.8155 0.0000e+00  -61.43767  -57.85967 1152529305 191.459571    34.2211      67920         20  0.000e+00
     75.437    -0.7338   2.786777    -0.7332   2.787053    7.48296     0.0219    13.8155 0.0000e+00  -61.43767  -57.85967 1152529305 191.459572    34.2211      67921         20  0.000e+00
     75.313    -0.7343   2.786734    -0.7335   2.787047    7.48295    -0.0211    13.8155 0.0000e+00  -61.43767  -57.85967 1152529305 191.459572    34.2212      67922         20  0.000e+00
     75.361    -0.7344   2.786767    -0.7335   2.787047    7.48299    -0.0319    13.8155 0.0000e+00  -61.43767  -57.85967 1152529305 191.459573    34.2217      67923         20  0.000e+00
     75.313    -0.7339   2.786721    -0.7328   2.787047    7.48289    -0.0319    13.8155 0.0000e+00  -61.43767  -57.85967 1152529305 191.459573    34.2205      67924         20  0.000e+00
     75.294    -0.7336   2.786744    -0.7330   2.787047    7.48282    -0.0104    13.8155 0.0000e+00  -61.43767  -57.85967 1152529305 191.459574    34.2205      67925         20  0.000e+00
     75.247    -0.7339   2.786741    -0.7338   2.787018    7.48281     0.0004    13.8155 0.0000e+00  -61.43767  -57.85967 1152529305 191.459574    34.2208      67926         20  0.000e+00
     75.227    -0.7336   2.786757    -0.7335   2.786995    7.48273    -0.0211    13.8155 0.0000e+00  -61.43767  -57.85967 1152529305 191.459575    34.2207      67927         20  0.000e+00
     75.180    -0.7336   2.786760    -0.7327   2.787030    7.48269     0.0004    13.8155 0.0000e+00  -61.43767  -57.85967 1152529305 191.459575    34.2208      67928         20  0.000e+00
     75.151    -0.7337   2.786740    -0.7330   2.787030    7.48269     0.0542    13.8155 0.0000e+00  -61.43767  -57.85967 1152529305 191.459576    34.2207      67929         20  0.000e+00
     75.180    -0.7339   2.786741    -0.7328   2.787024    7.48275     0.0112    13.8155 0.0000e+00  -61.43767  -57.85967 1152529305 191.459576    34.2209      67930         20  0.000e+00
     75.151    -0.7336   2.786774    -0.7328   2.787036    7.47794     0.0112    13.8155 0.0000e+00  -61.43767  -57.85967 1152529305 191.459577    34.2210      67931         20  0.000e+00
     75.104    -0.7333   2.786783    -0.7324   2.787042    7.47784     0.0004    13.8155 0.0000e+00  -61.43767  -57.85967 1152529305 191.459577    34.2208      67932         20  0.000e+00
     75.084    -0.7334   2.786734    -0.7328   2.787030    7.48257     0.0112    13.8155 0.0000e+00  -61.43767  -57.85967 1152529305 191.459578    34.2203      67933         20  0.000e+00
     75.104    -0.7336   2.786731    -0.7327   2.787042    7.47792     0.0219    13.8155 0.0000e+00  -61.43767  -57.85967 1152529306 191.459578    34.2204      67934         20  0.000e+00
     75.037    -0.7339   2.786724    -0.7330   2.787047    7.47791    -0.0104    13.8155 0.0000e+00  -61.43767  -57.85967 1152529306 191.459579    34.2208      67935         20  0.000e+00
     75.018    -0.7334   2.786750    -0.7325   2.787047    7.48249    -0.0319    13.8155 0.0000e+00  -61.43767  -57.85967 1152529306 191.459579    34.2206      67936         20  0.000e+00
     74.970    -0.7339   2.786760    -0.7328   2.787065    7.48251     0.0112    13.8155 0.0000e+00  -61.43767  -57.85967 1152529306 191.459579    34.2213      67937         20  0.000e+00
     75.018    -0.7336   2.786731    -0.7327   2.787036    7.48253     0.0112    13.8155 0.0000e+00  -61.43767  -57.85967 1152529306 191.459580    34.2205      67938         20  0.000e+00
     74.970    -0.7338   2.786767    -0.7327   2.787082    7.48248     0.0865    13.8155 0.0000e+00  -61.43767  -57.85967 1152529306 191.459580    34.2212      67939         20  0.000e+00
     75.018    -0.7336   2.786800    -0.7330   2.787105    7.48248     0.0650    13.8155 0.0000e+00  -61.43767  -57.85967 1152529306 191.459581    34.2214      67940         20  0.000e+00
     74.894    -0.7334   2.786757    -0.7328   2.787059    7.48236     0.0219    13.8155 0.0000e+00  -61.43767  -57.85967 1152529306 191.459581    34.2208      67941         20  0.000e+00
     74.941    -0.7334   2.786754    -0.7328   2.787047    7.48241     0.0112    13.8155 0.0000e+00  -61.43767  -57.85967 1152529306 191.459582    34.2207      67942         20  0.000e+00
     74.894    -0.7336   2.786731    -0.7332   2.787100    7.48240     0.0112    13.8155 0.0000e+00  -61.43767  -57.85967 1152529306 191.459582    34.2205      67943         20  0.000e+00
     74.941    -0.7333   2.786783    -0.7325   2.787065    7.48237    -0.0104    13.8155 0.0000e+00  -61.43767  -57.85967 1152529306 191.459583    34.2209      67944         20  0.000e+00
     74.894    -0.7339   2.786754    -0.7327   2.787088    7.47773     0.0004    13.8155 0.0000e+00  -61.43767  -57.85967 1152529306 191.459583    34.2212      67945         20  0.000e+00
     74.875    -0.7339   2.786740    -0.7327   2.787082    7.47773     0.0327    13.8155 0.0000e+00  -61.43767  -57.85967 1152529306 191.459584    34.2211      67946         20  0.000e+00
     74.894    -0.7343   2.786721    -0.7325   2.787094    7.47782     0.0112    13.8155 0.0000e+00  -61.43767  -57.85967 1152529306 191.459584    34.2213      67947         20  0.000e+00
     74.875    -0.7339   2.786714    -0.7330   2.787053    7.47775     0.0004    13.8155 0.0000e+00  -61.43767  -57.85967 1152529306 191.459585    34.2208      67948         20  0.000e+00
     74.827    -0.7334   2.786734    -0.7324   2.787042    7.47761     0.0004    13.8155 0.0000e+00  -61.43767  -57.85967 1152529306 191.459585    34.2205      67949         20  0.000e+00
     74.827    -0.7339   2.786737    -0.7328   2.787065    7.47767    -0.0211    13.8155 0.0000e+00  -61.43767  -57.85967 1152529306 191.459586    34.2210      67950         20  0.000e+00
     74.875    -0.7338   2.786707    -0.7327   2.787076    7.47773     0.0004    13.8155 0.0000e+00  -61.43767  -57.85967 1152529306 191.459586    34.2205      67951         20  0.000e+00
     74.827    -0.7337   2.786744    -0.7325   2.787053    7.47765     0.0542    13.8155 0.0000e+00  -61.43767  -57.85967 1152529306 191.459587    34.2210      67952         20  0.000e+00
     74.808    -0.7336   2.786724    -0.7324   2.787088    7.47762     0.0650    13.8155 0.0000e+00  -61.43767  -57.85967 1152529306 191.459587    34.2206      67953         20  0.000e+00
     74.827    -0.7339   2.786717    -0.7325   2.787094    7.48239     0.0650    13.8155 0.0000e+00  -61.43767  -57.85967 1152529306 191.459588    34.2208      67954         20  0.000e+00
     50.313    -0.7317   2.784922    -0.7379   2.784365    7.49998     0.0112    13.8155 0.0000e+00  -61.43767  -57.85967 1152529398 191.460652    34.2093      70161         21  0.000e+00
     50.380    -0.7311   2.784780    -0.7374   2.784405    7.50005     0.0434    13.8155 0.0000e+00  -61.43767  -57.85967 1152529398 191.460652    34.2066      70162         21  0.000e+00
     50.237    -0.7330   2.784724    -0.7369   2.784434    7.49554     0.0757    13.8155 0.0000e+00  -61.43767  -57.85967 1152529398 191.460653    34.2080      70163         21  0.000e+00
     50.447    -0.7342   2.784753    -0.7369   2.784458    7.49592     0.0327    13.8155 0.0000e+00  -61.43767  -57.85967 1152529398 191.460653    34.2097      70164         21  0.000e+00
     50.313    -0.7332   2.784796    -0.7365   2.784487    7.49559     0.0434    13.8155 0.0000e+00  -61.43767  -57.85967 1152529399 191.460654    34.2092      70165         21  0.000e+00
     50.380    -0.7330   2.784843    -0.7368   2.784498    7.50029     0.0219    13.8155 0.0000e+00  -61.43767  -57.85967 1152529399 191.460654    34.2095      70166         21  0.000e+00
     50.237    -0.7315   2.784988    -0.7367   2.784452    7.49983     0.0004    13.8155 0.0000e+00  -61.43767  -57.85967 1152529399 191.460655    34.2100      70167         21  0.000e+00
     50.313    -0.7299   2.785182    -0.7372   2.784458    7.49952     0.0219    13.8155 0.0000e+00  -61.43767  -57.85967 1152529399 191.460655    34.2107      70168         21  0.000e+00
     50.313    -0.7294   2.785265    -0.7372   2.784487    7.49470     0.0542    13.8155 0.0000e+00  -61.43767  -57.85967 1152529399 191.460656    34.2112      70169         21  0.000e+00
     50.313    -0.7291   2.785044    -0.7367   2.784475    7.49482    -0.0104    13.8155 0.0000e+00  -61.43767  -57.85967 1152529399 191.460656    34.2079      70170         21  0.000e+00
     50.237    -0.7299   2.784664    -0.7369   2.784504    7.49980    -0.0211    13.8155 0.0000e+00  -61.43767  -57.85967 1152529399 191.460657    34.2037      70171         21  0.000e+00
     50.237    -0.7325   2.784394    -0.7369   2.784556    7.50039     0.0112    13.8155 0.0000e+00  -61.43767  -57.85967 1152529399 191.460657    34.2030      70172         21  0.000e+00
     50.237    -0.7348   2.784321    -0.7369   2.784609    7.50078     0.0542    13.8155 0.0000e+00  -61.43767  -57.85967 1152529399 191.460658    34.2046      70173         21  0.000e+00
     50.237    -0.7354   2.784301    -0.7359   2.784667    7.50089     0.0542    13.8155 0.0000e+00  -61.43767  -57.85967 1152529399 191.460658    34.2051      70174         21  0.000e+00
     50.237    -0.7358   2.784209    -0.7355   2.784661    7.50100     0.0542    13.8155 0.0000e+00  -61.43767  -57.85967 1152529399 191.460659    34.2042      70175         21  0.000e+00
     50.170    -0.7373   2.784080    -0.7355   2.784632    7.50125     0.0434    13.8155 0.0000e+00  -61.43767  -57.85967 1152529399 191.460659    34.2042      70176         21  0.000e+00
     50.237    -0.7375   2.784067    -0.7354   2.784626    7.50605     0.0219    13.8155 0.0000e+00  -61.43767  -57.85967 1152529399 191.460660    34.2043      70177         21  0.000e+00
     50.170    -0.7374   2.784074    -0.7355   2.784585    7.50128     0.0219    13.8155 0.0000e+00  -61.43767  -57.85967 1152529399 191.460660    34.2043      70178         21  0.000e+00
     50.170    -0.7372   2.784087    -0.7355   2.784556    7.50123     0.0327    13.8155 0.0000e+00  -61.43767  -57.85967 1152529399 191.460661    34.2042      70179         21  0.000e+00
     50.170    -0.7373   2.784126    -0.7358   2.784568    7.50121     0.0112    13.8155 0.0000e+00  -61.43767  -57.85967 1152529399 191.460661    34.2048      70180         21  0.000e+00
     50.171    -0.7376   2.784120    -0.7356   2.784533    7.50128     0.0327    13.8155 0.0000e+00  -61.43767  -57.85967 1152529399 191.460662    34.2052      70181         21  0.000e+00
     50.171    -0.7371   2.784133    -0.7355   2.784539    7.50119     0.0327    13.8155 0.0000e+00  -61.43767  -57.85967 1152529399 191.460662    34.2048      70182         21  0.000e+00
     50.104    -0.7375   2.784189    -0.7353   2.784551    7.50114     0.0219    13.8155 0.0000e+00  -61.43767  -57.85967 1152529399 191.460663    34.2060      70183         21  0.000e+00
     50.104    -0.7368   2.784206    -0.7355   2.784551    7.50102     0.0004    13.8155 0.0000e+00  -61.43767  -57.85967 1152529399 191.460663    34.2054      70184         21  0.000e+00
     50.104    -0.7362   2.784239    -0.7353   2.784533    7.50091     0.0327    13.8155 0.0000e+00  -61.43767  -57.85967 1152529399 191.460664    34.2052      70185         21  0.000e+00
     50.104    -0.7353   2.784301    -0.7352   2.784504    7.50073     0.0542    13.8155 0.0000e+00  -61.43767  -57.85967 1152529399 191.460664    34.2050      70186         21  0.000e+00
     50.104    -0.7359   2.784318    -0.7345   2.784498    7.50080     0.0542    13.8155 0.0000e+00  -61.43767  -57.85967 1152529399 191.460665    34.2059      70187         21  0.000e+00
     50.104    -0.7358   2.784301    -0.7344   2.784551    7.50080     0.0865    13.8155 0.0000e+00  -61.43767  -57.85967 1152529399 191.460665    34.2056      70188         21  0.000e+00
     50.028    -0.7360   2.784278    -0.7345   2.784556    7.50077     0.0327    13.8155 0.0000e+00  -61.43767  -57.85967 1152529400 191.460666    34.2056      70189         21  0.000e+00
     50.104    -0.7359   2.784255    -0.7350   2.784487    7.50554     0.0112    13.8155 0.0000e+00  -61.43767  -57.85967 1152529400 191.460666    34.2051      70190         21  0.000e+00
     50.028    -0.7363   2.784268    -0.7349   2.784446    7.50083     0.0542    13.8155 0.0000e+00  -61.43767  -57.85967 1152529400 191.460666    34.2058      70191         21  0.000e+00
     50.028    -0.7363   2.784275    -0.7353   2.784440    7.50081     0.0219    13.8155 0.0000e+00  -61.43767  -57.85967 1152529400 191.460667    34.2058      70192         21  0.000e+00
     50.028    -0.7359   2.784305    -0.7364   2.784423    7.50542    -0.0104    13.8155 0.0000e+00  -61.43767  -57.85967 1152529400 191.460667    34.2058      70193         21  0.000e+00
     50.028    -0.7354   2.784334    -0.7361   2.784434    7.50533     0.0327    13.8155 0.0000e+00  -61.43767  -57.85967 1152529400 191.460668    34.2057      70194         21  0.000e+00
     49.961    -0.7353   2.784374    -0.7356   2.784498    7.50522     0.0112    13.8155 0.0000e+00  -61.43767  -57.85967 1152529400 191.460668    34.2061      70195         21  0.000e+00
     50.028    -0.7348   2.784351    -0.7351   2.784556    7.50054     0.0219    13.8155 0.0000e+00  -61.43767  -57.85967 1152529400 191.460669    34.2052      70196         21  0.000e+00
     49.961    -0.7352   2.784374    -0.7352   2.784556    7.50051     0.0112    13.8155 0.0000e+00  -61.43767  -57.85967 1152529400 191.460669    34.2059      70197         21  0.000e+00
     49.885    -0.7348   2.784387    -0.7350   2.784527    7.50036     0.0434    13.8155 0.0000e+00  -61.43767  -57.85967 1152529400 191.460670    34.2057      70198         21  0.000e+00
     50.104    -0.7349   2.784387    -0.7352   2.784481    7.49592     0.0327    13.8155 0.0000e+00  -61.43767  -57.85967 1152529400 191.460670    34.2057      70199         21  0.000e+00
     49.961    -0.7348   2.784338    -0.7356   2.784469    7.50048     0.0219    13.8155 0.0000e+00  -61.43767  -57.85967 1152529400 191.460671    34.2050      70200         21  0.000e+00
     49.961    -0.7355   2.784334    -0.7355   2.784469    7.50527     0.0434    13.8155 0.0000e+00  -61.43767  -57.85967 1152529400 191.460671    34.2058      70201         21  0.000e+00
