product_data/regression_test/downloaded_data/MGDS/320620060703/ctd/p6607803.ros
* Sea-Bird SBE 9 Data File:
* FileName = D:\Data\Raw\P6607803.dat
* Software Version Seasave Win32 V 5.32
* Temperature SN = 1649
* Conductivity SN = 1431
* Number of Bytes Per Scan = 37
* Number of Voltage Words = 5
* Number of Scans Averaged by the Deck Unit = 1
* NMEA Latitude = 62 18.67 S
* NMEA Longitude = 058 03.91 W
* NMEA UTC (Time) = 00:15:32
** Ship:   Nathaniel B. Palmer 
** Cruise:    NBP0603 
** Cast #: 
** Station:   
** Operator: 
# nquan = 17
# nvalues = 1176                    
# units = specified
# name 0 = prDM: Pressure, Digiquartz [db]
# name 1 = t090C: Temperature [ITS-90, deg C]
# name 2 = c0S/m: Conductivity [S/m]
# name 3 = t190C: Temperature, 2 [ITS-90, deg C]
# name 4 = c1S/m: Conductivity, 2 [S/m]
# name 5 = sbeox0ML/L: Oxygen, SBE 43 [ml/l]
# name 6 = flECO-AFL: Fluorescence, Wetlab ECO-AFL/FL [mg/m^3]
# name 7 = bat: Beam Attenuation, Chelsea/Seatech/Wetlab CStar [1/m]
# name 8 = spar: SPAR/Surface Irradiance
# name 9 = latitude: Latitude [deg]
# name 10 = longitude: Longitude [deg]
# name 11 = timeY: Time, System [seconds]
# name 12 = timeJ: Julian Days
# name 13 = sal00: Salinity [PSU]
# name 14 = scan: scan number
# name 15 = nbf: number of bottles fired
# name 16 = flag:  0.000e+00
# interval = seconds: 0.0416667                   
# start_time = Jul 09 2006 00:15:40
*END*
[from data line 1107]
     10.106    -1.7007   2.700572    -1.6992   2.700769    7.88135    -0.0104    13.8155 0.0000e+00  -62.31117  -58.06517 1152408464 190.060947    34.1837     103820         23  0.000e+00
     10.154    -1.7008   2.700572    -1.6991   2.700758    7.88142    -0.0319    13.8155 0.0000e+00  -62.31117  -58.06517 1152408464 190.060947    34.1837     103821         23  0.000e+00
     10.154    -1.7002   2.700540    -1.6992   2.700752    7.88135    -0.0426    13.8155 0.0000e+00  -62.31117  -58.06517 1152408464 190.060948    34.1826     103822         23  0.000e+00
     10.106    -1.7008   2.700543    -1.6993   2.700758    7.88139    -0.0319    13.8155 0.0000e+00  -62.31117  -58.06517 1152408464 190.060948    34.1834     103823         23  0.000e+00
     10.077    -1.7008   2.700533    -1.6988   2.700740    7.88137     0.0004    13.8155 0.0000e+00  -62.31117  -58.06517 1152408464 190.060949    34.1833     103824         23  0.000e+00
     10.154    -1.7008   2.700559    -1.6986   2.700746    7.88143     0.0112    13.8155 0.0000e+00  -62.31117  -58.06517 1152408464 190.060949    34.1836     103825         23  0.000e+00
     10.106    -1.7002   2.700553    -1.6990   2.700752    7.88129     0.0004    13.8155 0.0000e+00  -62.31117  -58.06517 1152408464 190.060950    34.1828     103826         23  0.000e+00
     10.078    -1.7002   2.700582    -1.6984   2.700740    7.88124     0.0004    13.8155 0.0000e+00  -62.31117  -58.06517 1152408464 190.060950    34.1833     103827         23  0.000e+00
     10.154    -1.7005   2.700595    -1.6985   2.700735    7.88136    -0.0211    13.8155 0.0000e+00  -62.31117  -58.06517 1152408464 190.060951    34.1838     103828         23  0.000e+00
     10.106    -1.7005   2.700595    -1.6984   2.700769    7.88608     0.0004    13.8155 0.0000e+00  -62.31117  -58.06517 1152408464 190.060951    34.1837     103829         23  0.000e+00
     10.078    -1.7007   2.700563    -1.6984   2.700763    7.88610    -0.0104    13.8155 0.0000e+00  -62.31117  -58.06517 1152408464 190.060951    34.1835     103830         23  0.000e+00
     10.154    -1.7005   2.700550    -1.6981   2.700740    7.88140     0.0327    13.8155 0.0000e+00  -62.31117  -58.06517 1152408464 190.060952    34.1831     103831         23  0.000e+00
     10.106    -1.7007   2.700550    -1.6980   2.700769    7.88137     0.0757    13.8155 0.0000e+00  -62.31117  -58.06517 1152408464 190.060952    34.1833     103832         23  0.000e+00
     10.078    -1.7007   2.700550    -1.6982   2.700781    7.88133     0.0112    13.8155 0.0000e+00  -62.31117  -58.06517 1152408464 190.060953    34.1834     103833         23  0.000e+00
     10.154    -1.7005   2.700582    -1.6981   2.700763    7.88137    -0.0104    13.8155 0.0000e+00  -62.31117  -58.06517 1152408464 190.060953    34.1836     103834         23  0.000e+00
     10.106    -1.7004   2.700608    -1.6976   2.700758    7.88127    -0.0104    13.8155 0.0000e+00  -62.31117  -58.06517 1152408464 190.060954    34.1838     103835         23  0.000e+00
     10.078    -1.7000   2.700598    -1.6980   2.700758    7.88119     0.0112    13.8155 0.0000e+00  -62.31117  -58.06517 1152408464 190.060954    34.1833     103836         23  0.000e+00
     10.078    -1.6996   2.700608    -1.6980   2.700775    7.88112     0.0327    13.8155 0.0000e+00  -62.31117  -58.06517 1152408464 190.060955    34.1829     103837         23  0.000e+00
     10.183    -1.6996   2.700615    -1.6981   2.700746    7.88123     0.0112    13.8155 0.0000e+00  -62.31117  -58.06517 1152408464 190.060955    34.1830     103838         23  0.000e+00
     10.078    -1.6993   2.700615    -1.6978   2.700769    7.88584     0.0004    13.8155 0.0000e+00  -62.31117  -58.06517 1152408464 190.060956    34.1827     103839         23  0.000e+00
      9.307    -1.6973   2.700660    -1.6956   2.700821    7.87986     0.0434    13.8155 0.0000e+00  -62.31117  -58.06517 1152408469 190.061009    34.1815     103950         24  0.000e+00
      9.241    -1.6978   2.700689    -1.6954   2.700809    7.87984     0.0542    13.8155 0.0000e+00  -62.31117  -58.06517 1152408469 190.061010    34.1825     103951         24  0.000e+00
      9.269    -1.6973   2.700702    -1.6956   2.700826    7.87979     0.0542    13.8155 0.0000e+00  -62.31117  -58.06517 1152408469 190.061010    34.1821     103952         24  0.000e+00
      9.241    -1.6968   2.700686    -1.6959   2.700855    7.88447     0.0542    13.8155 0.0000e+00  -62.31117  -58.06517 1152408469 190.061011    34.1814     103953         24  0.000e+00
      9.241    -1.6968   2.700699    -1.6955   2.700861    7.87968     0.0327    13.8155 0.0000e+00  -62.31117  -58.06517 1152408469 190.061011    34.1815     103954         24  0.000e+00
      9.269    -1.6965   2.700670    -1.6956   2.700844    7.87968     0.0112    13.8155 0.0000e+00  -62.31117  -58.06517 1152408469 190.061012    34.1807     103955         24  0.000e+00
      9.241    -1.6965   2.700676    -1.6957   2.700855    7.87966     0.0004    13.8155 0.0000e+00  -62.31117  -58.06517 1152408469 190.061012    34.1809     103956         24  0.000e+00
      9.241    -1.6973   2.700683    -1.6956   2.700844    7.88455     0.0219    13.8155 0.0000e+00  -62.31117  -58.06517 1152408469 190.061013    34.1819     103957         24  0.000e+00
      9.269    -1.6974   2.700663    -1.6956   2.700855    7.88462     0.0112    13.8155 0.0000e+00  -62.31117  -58.06517 1152408469 190.061013    34.1817     103958         24  0.000e+00
      9.241    -1.6973   2.700676    -1.6959   2.700878    7.87978     0.0327    13.8155 0.0000e+00  -62.31117  -58.06517 1152408469 190.061014    34.1818     103959         24  0.000e+00
      9.174    -1.6974   2.700683    -1.6951   2.700866    7.87972     0.0219    13.8155 0.0000e+00  -62.31117  -58.06517 1152408469 190.061014    34.1821     103960         24  0.000e+00
      9.269    -1.6974   2.700696    -1.6952   2.700861    7.87981    -0.0104    13.8155 0.0000e+00  -62.31117  -58.06517 1152408469 190.061015    34.1821     103961         24  0.000e+00
      9.241    -1.6961   2.700702    -1.6955   2.700861    7.87956     0.0112    13.8155 0.0000e+00  -62.31117  -58.06517 1152408469 190.061015    34.1807     103962         24  0.000e+00
      9.174    -1.6968   2.700719    -1.6954   2.700861    7.87960     0.0112    13.8155 0.0000e+00  -62.31117  -58.06517 1152408469 190.061016    34.1819     103963         24  0.000e+00
      9.270    -1.6970   2.700706    -1.6953   2.700821    7.87973     0.0112    13.8155 0.0000e+00  -62.31117  -58.06517 1152408469 190.061016    34.1818     103964         24  0.000e+00
      9.174    -1.6962   2.700702    -1.6951   2.700866    7.87951     0.0004    13.8155 0.0000e+00  -62.31117  -58.06517 1152408470 190.061017    34.1809     103965         24  0.000e+00
      9.241    -1.6962   2.700768    -1.6952   2.700866    7.87954     0.0219    13.8155 0.0000e+00  -62.31117  -58.06517 1152408470 190.061017    34.1818     103966         24  0.000e+00
      9.203    -1.6961   2.700741    -1.6953   2.700861    7.87949     0.0112    13.8155 0.0000e+00  -62.31117  -58.06517 1152408470 190.061018    34.1813     103967         24  0.000e+00
      9.241    -1.6954   2.700758    -1.6945   2.700861    7.87941     0.0327    13.8155 0.0000e+00  -62.31117  -58.06517 1152408470 190.061018    34.1807     103968         24  0.000e+00
      9.174    -1.6955   2.700751    -1.6945   2.700843    7.87935     0.0327    13.8155 0.0000e+00  -62.31117  -58.06517 1152408470 190.061019    34.1807     103969         24  0.000e+00
      9.203    -1.6955   2.700748    -1.6947   2.700872    7.87939     0.0434    13.8155 0.0000e+00  -62.31117  -58.06517 1152408470 190.061019    34.1807     103970         24  0.000e+00
      9.241    -1.6950   2.700777    -1.6946   2.700849    7.87933     0.1295    13.8155 0.0000e+00  -62.31117  -58.06517 1152408470 190.061019    34.1805     103971         24  0.000e+00
      9.174    -1.6948   2.700758    -1.6945   2.700855    7.87925     0.0542    13.8155 0.0000e+00  -62.31117  -58.06517 1152408470 190.061020    34.1801     103972         24  0.000e+00
      9.203    -1.6951   2.700748    -1.6944   2.700878    7.87934     0.0112    13.8155 0.0000e+00  -62.31117  -58.06517 1152408470 190.061020    34.1803     103973         24  0.000e+00
      9.241    -1.6946   2.700777    -1.6945   2.700907    7.88405     0.0219    13.8155 0.0000e+00  -62.31117  -58.06517 1152408470 190.061021    34.1801     103974         24  0.000e+00
      9.174    -1.6948   2.700771    -1.6938   2.700872    7.88402    -0.0104    13.8155 0.0000e+00  -62.31117  -58.06517 1152408470 190.061021    34.1803     103975         24  0.000e+00
      9.203    -1.6947   2.700767    -1.6940   2.700878    7.88402     0.0219    13.8155 0.0000e+00  -62.31117  -58.06517 1152408470 190.061022    34.1800     103976         24  0.000e+00
      9.174    -1.6948   2.700784    -1.6939   2.700889    7.88401     0.0542    13.8155 0.0000e+00  -62.31117  -58.06517 1152408470 190.061022    34.1805     103977         24  0.000e+00
      9.174    -1.6947   2.700807    -1.6935   2.700884    7.87918     0.0434    13.8155 0.0000e+00  -62.31117  -58.06517 1152408470 190.061023    34.1806     103978         24  0.000e+00
      9.203    -1.6948   2.700781    -1.6939   2.700866    7.88404     0.0112    13.8155 0.0000e+00  -62.31117  -58.06517 1152408470 190.061023    34.1804     103979         24  0.000e+00
      9.174    -1.6942   2.700767    -1.6939   2.700861    7.87914    -0.0104    13.8155 0.0000e+00  -62.31117  -58.06517 1152408470 190.061024    34.1795     103980         24  0.000e+00
      9.241    -1.6948   2.700784    -1.6942   2.700878    7.88408     0.0219    13.8155 0.0000e+00  -62.31117  -58.06517 1152408470 190.061024    34.1804     103981         24  0.000e+00
      9.127    -1.6947   2.700774    -1.6934   2.700884    7.88393     0.0327    13.8155 0.0000e+00  -62.31117  -58.06517 1152408470 190.061025    34.1802     103982         24  0.000e+00
      9.241    -1.6947   2.700768    -1.6930   2.700884    7.88406     0.0219    13.8155 0.0000e+00  -62.31117  -58.06517 1152408470 190.061025    34.1800     103983         24  0.000e+00
      9.175    -1.6947   2.700767    -1.6928   2.700907    7.88399    -0.0426    13.8155 0.0000e+00  -62.31117  -58.06517 1152408470 190.061026    34.1800     103984         24  0.000e+00
      9.127    -1.6947   2.700784    -1.6930   2.700895    7.87915    -0.0319    13.8155 0.0000e+00  -62.31117  -58.06517 1152408470 190.061026    34.1803     103985         24  0.000e+00
      9.175    -1.6948   2.700771    -1.6927   2.700884    7.87923     0.0112    13.8155 0.0000e+00  -62.31117  -58.06517 1152408470 190.061027    34.1802     103986         24  0.000e+00
      9.175    -1.6948   2.700784    -1.6933   2.700884    7.87923     0.0112    13.8155 0.0000e+00  -62.31117  -58.06517 1152408470 190.061027    34.1805     103987         24  0.000e+00
      9.203    -1.6942   2.700790    -1.6933   2.700889    7.87915     0.0112    13.8155 0.0000e+00  -62.31117  -58.06517 1152408470 190.061028    34.1798     103988         24  0.000e+00
      9.098    -1.6947   2.700807    -1.6931   2.700889    7.87910    -0.0319    13.8155 0.0000e+00  -62.31117  -58.06517 1152408471 190.061028    34.1806     103989         24  0.000e+00
      9.175    -1.6947   2.700777    -1.6931   2.700907    7.87921    -0.0211    13.8155 0.0000e+00  -62.31117  -58.06517 1152408471 190.061029    34.1802     103990         24  0.000e+00
      9.203    -1.6945   2.700784    -1.6928   2.700912    7.87921     0.0112    13.8155 0.0000e+00  -62.31117  -58.06517 1152408471 190.061029    34.1801     103991         24  0.000e+00
      9.098    -1.6944   2.700790    -1.6927   2.700912    7.87906     0.0219    13.8155 0.0000e+00  -62.31117  -58.06517 1152408471 190.061030    34.1800     103992         24  0.000e+00
      9.175    -1.6945   2.700774    -1.6931   2.700912    7.87919     0.0004    13.8155 0.0000e+00  -62.31117  -58.06517 1152408471 190.061030    34.1800     103993         24  0.000e+00
      9.127    -1.6942   2.700784    -1.6927   2.700912    7.87908     0.0327    13.8155 0.0000e+00  -62.31117  -58.06517 1152408471 190.061031    34.1798     103994         24  0.000e+00
      9.175    -1.6944   2.700771    -1.6928   2.700930    7.87917     0.0434    13.8155 0.0000e+00  -62.31117  -58.06517 1152408471 190.061031    34.1798     103995         24  0.000e+00
      9.098    -1.6945   2.700751    -1.6930   2.700941    7.88390     0.0112    13.8155 0.0000e+00  -62.31117  -58.06517 1152408471 190.061032    34.1797     103996         24  0.000e+00
      9.127    -1.6941   2.700797    -1.6925   2.700941    7.88382     0.0112    13.8155 0.0000e+00  -62.31117  -58.06517 1152408471 190.061032    34.1798     103997         24  0.000e+00
      9.175    -1.6942   2.700777    -1.6925   2.700895    7.87913     0.0004    13.8155 0.0000e+00  -62.31117  -58.06517 1152408471 190.061033    34.1796     103998         24  0.000e+00
