product_data/regression_test/downloaded_data/MGDS/320620060703/ctd/p6608701.cnv
* Sea-Bird SBE 9 Data File:
* FileName = D:\Data\Raw\P6608701.dat
* Software Version Seasave Win32 V 5.32
* Temperature SN = 1649
* Conductivity SN = 1431
* Number of Bytes Per Scan = 37
* Number of Voltage Words = 5
* Number of Scans Averaged by the Deck Unit = 1
* NMEA Latitude = 61 33.29 S
* NMEA Longitude = 057 46.12 W
* NMEA UTC (Time) = 07:05:52
** Ship:   Nathaniel B. Palmer 
** Cruise:    NBP0603 p0606
** Cast #: 01
** Station:   87
** Operator: rdd
# nquan = 15
# nvalues = 390                         
# units = specified
# name 0 = prDM: Pressure, Digiquartz [db]
# name 1 = t090C: Temperature [ITS-90, deg C]
# name 2 = c0S/m: Conductivity [S/m]
# name 3 = t190C: Temperature, 2 [ITS-90, deg C]
# name 4 = c1S/m: Conductivity, 2 [S/m]
# name 5 = sbeox0ML/L: Oxygen, SBE 43 [ml/l]
# name 6 = flECO-AFL: Fluorescence, Wetlab ECO-AFL/FL [mg/m^3]
# name 7 = bat: Beam Attenuation, Chelsea/Seatech/Wetlab CStar [1/m]
# name 8 = spar: SPAR/Surface Irradiance
# name 9 = latitude: Latitude [deg]
# name 10 = longitude: Longitude [deg]
# name 11 = timeY: Time, System [seconds]
# name 12 = timeJ: Julian Days
# name 13 = sal00: Salinity [PSU]
# name 14 = flag: flag
# span 0 =      6.000,    395.000       
# span 1 =    -0.7925,     0.6071       
# span 2 =   2.773553,   2.943927       
# span 3 =    -0.7931,     0.6083       
# span 4 =   2.774216,   2.944185       
# span 5 =    5.42636,    7.76506       
# span 6 =    -0.0884,     0.3540       
# span 7 =    13.8155,    13.8155       
# span 8 = 0.0000e+00, 0.0000e+00       
# span 9 =  -61.55483,  -61.55483       
# span 10 =  -57.76867,  -57.76867      
# span 11 = 1152515159, 1152515953      
# span 12 = 191.295810, 191.305028      
# span 13 =    34.1384,    34.6054      
# span 14 = 0.0000e+00, 0.0000e+00      
# interval = decibars: 1                
# start_time = Jul 10 2006 07:05:59
# bad_flag = -9.990e-29
*END*
[from data line 97]
    103.000    -0.4392   2.815367    -0.4375   2.815781    7.16093     0.2573    13.8155 0.0000e+00  -61.55483  -57.76867 1152515435 191.299029    34.2569 0.0000e+00
    104.000    -0.4370   2.815692    -0.4346   2.816128    7.14916     0.2549    13.8155 0.0000e+00  -61.55483  -57.76867 1152515436 191.299047    34.2579 0.0000e+00
    105.000    -0.4207   2.817282    -0.4186   2.817643    7.14245     0.2557    13.8155 0.0000e+00  -61.55483  -57.76867 1152515438 191.299068    34.2595 0.0000e+00
    106.000    -0.4128   2.818039    -0.4149   2.818028    7.12766     0.2577    13.8155 0.0000e+00  -61.55483  -57.76867 1152515440 191.299088    34.2600 0.0000e+00
    107.000    -0.3957   2.819648    -0.3942   2.820019    7.10668     0.2566    13.8155 0.0000e+00  -61.55483  -57.76867 1152515443 191.299125    34.2612 0.0000e+00
    108.000    -0.3865   2.820571    -0.3838   2.821014    7.09611     0.2471    13.8155 0.0000e+00  -61.55483  -57.76867 1152515446 191.299156    34.2627 0.0000e+00
    109.000    -0.3979   2.819590    -0.4025   2.819540    7.09903     0.2547    13.8155 0.0000e+00  -61.55483  -57.76867 1152515450 191.299201    34.2621 0.0000e+00
    110.000    -0.4310   2.816943    -0.4304   2.817320    7.09464     0.2300    13.8155 0.0000e+00  -61.55483  -57.76867 1152515452 191.299223    34.2648 0.0000e+00
    111.000    -0.4278   2.817838    -0.4252   2.818265    7.08609     0.2431    13.8155 0.0000e+00  -61.55483  -57.76867 1152515452 191.299231    34.2729 0.0000e+00
    112.000    -0.4159   2.819057    -0.4143   2.819404    7.07975     0.2221    13.8155 0.0000e+00  -61.55483  -57.76867 1152515455 191.299239    34.2745 0.0000e+00
    113.000    -0.4148   2.819224    -0.4136   2.819607    7.07322     0.2554    13.8155 0.0000e+00  -61.55483  -57.76867 1152515455 191.299247    34.2746 0.0000e+00
    114.000    -0.4147   2.819285    -0.4138   2.819657    7.07044     0.2596    13.8155 0.0000e+00  -61.55483  -57.76867 1152515455 191.299253    34.2748 0.0000e+00
    115.000    -0.4161   2.819192    -0.4152   2.819553    7.06641     0.2561    13.8155 0.0000e+00  -61.55483  -57.76867 1152515456 191.299276    34.2743 0.0000e+00
    116.000    -0.4166   2.819049    -0.4160   2.819373    7.06019     0.2532    13.8155 0.0000e+00  -61.55483  -57.76867 1152515462 191.299348    34.2723 0.0000e+00
    117.000    -0.4177   2.818866    -0.4163   2.819217    7.06261     0.2485    13.8155 0.0000e+00  -61.55483  -57.76867 1152515463 191.299358    34.2705 0.0000e+00
    118.000    -0.4174   2.819027    -0.4159   2.819360    7.06014     0.2469    13.8155 0.0000e+00  -61.55483  -57.76867 1152515465 191.299381    34.2717 0.0000e+00
    119.000    -0.4114   2.819994    -0.4096   2.820332    7.04688     0.2354    13.8155 0.0000e+00  -61.55483  -57.76867 1152515467 191.299404    34.2773 0.0000e+00
    120.000    -0.4060   2.820650    -0.4041   2.821031    7.03544     0.2403    13.8155 0.0000e+00  -61.55483  -57.76867 1152515469 191.299421    34.2791 0.0000e+00
    121.000    -0.3976   2.821546    -0.3959   2.821900    7.02349     0.2552    13.8155 0.0000e+00  -61.55483  -57.76867 1152515473 191.299467    34.2808 0.0000e+00
    122.000    -0.3951   2.821878    -0.3932   2.822238    7.01663     0.2517    13.8155 0.0000e+00  -61.55483  -57.76867 1152515476 191.299503    34.2819 0.0000e+00
    123.000    -0.3940   2.822009    -0.3927   2.822334    7.01372     0.2373    13.8155 0.0000e+00  -61.55483  -57.76867 1152515477 191.299513    34.2817 0.0000e+00
    124.000    -0.3930   2.822191    -0.3920   2.822486    7.00782     0.2546    13.8155 0.0000e+00  -61.55483  -57.76867 1152515477 191.299522    34.2825 0.0000e+00
    125.000    -0.3923   2.822330    -0.3905   2.822700    7.00427     0.2597    13.8155 0.0000e+00  -61.55483  -57.76867 1152515478 191.299531    34.2830 0.0000e+00
    126.000    -0.3889   2.822782    -0.3873   2.823116    6.99802     0.2599    13.8155 0.0000e+00  -61.55483  -57.76867 1152515479 191.299545    34.2844 0.0000e+00
    127.000    -0.3855   2.823202    -0.3832   2.823606    6.98344     0.2711    13.8155 0.0000e+00  -61.55483  -57.76867 1152515481 191.299566    34.2858 0.0000e+00
    128.000    -0.3776   2.824155    -0.3762   2.824462    6.97366     0.2692    13.8155 0.0000e+00  -61.55483  -57.76867 1152515483 191.299583    34.2887 0.0000e+00
    129.000    -0.3787   2.824067    -0.3771   2.824410    6.96822     0.2837    13.8155 0.0000e+00  -61.55483  -57.76867 1152515484 191.299602    34.2883 0.0000e+00
    130.000    -0.3785   2.824158    -0.3769   2.824487    6.95783     0.2700    13.8155 0.0000e+00  -61.55483  -57.76867 1152515489 191.299660    34.2889 0.0000e+00
    131.000    -0.3709   2.825048    -0.3729   2.825012    6.94789     0.2614    13.8155 0.0000e+00  -61.55483  -57.76867 1152515490 191.299672    34.2918 0.0000e+00
    132.000    -0.3589   2.826326    -0.3578   2.826627    6.94177     0.2671    13.8155 0.0000e+00  -61.55483  -57.76867 1152515491 191.299681    34.2942 0.0000e+00
    133.000    -0.3568   2.826590    -0.3562   2.826837    6.93521     0.2557    13.8155 0.0000e+00  -61.55483  -57.76867 1152515492 191.299689    34.2947 0.0000e+00
    134.000    -0.3549   2.826830    -0.3536   2.827136    6.93062     0.2741    13.8155 0.0000e+00  -61.55483  -57.76867 1152515492 191.299697    34.2951 0.0000e+00
    135.000    -0.3552   2.826901    -0.3535   2.827232    6.92396     0.2739    13.8155 0.0000e+00  -61.55483  -57.76867 1152515494 191.299711    34.2958 0.0000e+00
    136.000    -0.3552   2.826947    -0.3541   2.827232    6.91420     0.2866    13.8155 0.0000e+00  -61.55483  -57.76867 1152515496 191.299740    34.2961 0.0000e+00
    137.000    -0.3552   2.827048    -0.3534   2.827385    6.91016     0.2783    13.8155 0.0000e+00  -61.55483  -57.76867 1152515498 191.299761    34.2969 0.0000e+00
    138.000    -0.3548   2.827185    -0.3533   2.827496    6.90681     0.2785    13.8155 0.0000e+00  -61.55483  -57.76867 1152515499 191.299778    34.2977 0.0000e+00
    139.000    -0.3550   2.827227    -0.3535   2.827547    6.90938     0.2892    13.8155 0.0000e+00  -61.55483  -57.76867 1152515502 191.299808    34.2980 0.0000e+00
    140.000    -0.3546   2.827323    -0.3531   2.827648    6.91016     0.2646    13.8155 0.0000e+00  -61.55483  -57.76867 1152515504 191.299835    34.2983 0.0000e+00
    141.000    -0.3534   2.827504    -0.3524   2.827768    6.90872     0.2697    13.8155 0.0000e+00  -61.55483  -57.76867 1152515506 191.299848    34.2987 0.0000e+00
    142.000    -0.3525   2.827645    -0.3509   2.827979    6.90359     0.2813    13.8155 0.0000e+00  -61.55483  -57.76867 1152515507 191.299861    34.2990 0.0000e+00
    143.000    -0.3522   2.827766    -0.3505   2.828103    6.89797     0.2926    13.8155 0.0000e+00  -61.55483  -57.76867 1152515508 191.299877    34.2997 0.0000e+00
    144.000    -0.3520   2.827842    -0.3502   2.828182    6.89819     0.2571    13.8155 0.0000e+00  -61.55483  -57.76867 1152515509 191.299890    34.2999 0.0000e+00
    145.000    -0.3517   2.827897    -0.3504   2.828185    6.89396     0.2594    13.8155 0.0000e+00  -61.55483  -57.76867 1152515510 191.299902    34.2996 0.0000e+00
    146.000    -0.3454   2.828669    -0.3435   2.828975    6.88447     0.2475    13.8155 0.0000e+00  -61.55483  -57.76867 1152515511 191.299914    34.3023 0.0000e+00
    147.000    -0.3269   2.830667    -0.3217   2.831266    6.86867     0.2462    13.8155 0.0000e+00  -61.55483  -57.76867 1152515515 191.299954    34.3073 0.0000e+00
    148.000    -0.3128   2.832121    -0.3116   2.832392    6.85525     0.2322    13.8155 0.0000e+00  -61.55483  -57.76867 1152515518 191.299995    34.3097 0.0000e+00
    149.000    -0.3138   2.832112    -0.3122   2.832417    6.84680     0.2329    13.8155 0.0000e+00  -61.55483  -57.76867 1152515519 191.300006    34.3101 0.0000e+00
    150.000    -0.3122   2.832339    -0.3103   2.832659    6.84078     0.2460    13.8155 0.0000e+00  -61.55483  -57.76867 1152515520 191.300016    34.3109 0.0000e+00
    151.000    -0.3083   2.832736    -0.3059   2.833128    6.83489     0.2557    13.8155 0.0000e+00  -61.55483  -57.76867 1152515521 191.300025    34.3111 0.0000e+00
    152.000    -0.3090   2.832708    -0.3075   2.833031    6.82913     0.2690    13.8155 0.0000e+00  -61.55483  -57.76867 1152515522 191.300033    34.3111 0.0000e+00
    153.000    -0.3066   2.833009    -0.3051   2.833300    6.82529     0.2746    13.8155 0.0000e+00  -61.55483  -57.76867 1152515522 191.300042    34.3119 0.0000e+00
    154.000    -0.2995   2.833690    -0.2993   2.833851    6.81751     0.2725    13.8155 0.0000e+00  -61.55483  -57.76867 1152515524 191.300057    34.3122 0.0000e+00
    155.000    -0.3036   2.833350    -0.2988   2.833948    6.80873     0.2892    13.8155 0.0000e+00  -61.55483  -57.76867 1152515528 191.300105    34.3121 0.0000e+00
    156.000    -0.2934   2.834537    -0.2920   2.834839    6.79963     0.2952    13.8155 0.0000e+00  -61.55483  -57.76867 1152515531 191.300147    34.3156 0.0000e+00
    157.000    -0.2983   2.834230    -0.2969   2.834540    6.79716     0.2883    13.8155 0.0000e+00  -61.55483  -57.76867 1152515532 191.300159    34.3167 0.0000e+00
    158.000    -0.2984   2.834298    -0.2971   2.834609    6.79317     0.2808    13.8155 0.0000e+00  -61.55483  -57.76867 1152515533 191.300168    34.3172 0.0000e+00
    159.000    -0.3008   2.834174    -0.2997   2.834493    6.78950     0.2819    13.8155 0.0000e+00  -61.55483  -57.76867 1152515534 191.300176    34.3177 0.0000e+00
    160.000    -0.3039   2.834027    -0.3029   2.834350    6.78465     0.3037    13.8155 0.0000e+00  -61.55483  -57.76867 1152515535 191.300184    34.3188 0.0000e+00
    161.000    -0.3029   2.834342    -0.3022   2.834633    6.78181     0.3318    13.8155 0.0000e+00  -61.55483  -57.76867 1152515535 191.300190    34.3213 0.0000e+00
    162.000    -0.3029   2.834444    -0.3011   2.834781    6.77974     0.3525    13.8155 0.0000e+00  -61.55483  -57.76867 1152515536 191.300198    34.3220 0.0000e+00
    163.000    -0.2997   2.834902    -0.2972   2.835241    6.77732     0.3390    13.8155 0.0000e+00  -61.55483  -57.76867 1152515541 191.300259    34.3238 0.0000e+00
    164.000    -0.2970   2.835424    -0.2956   2.835719    6.77308     0.3249    13.8155 0.0000e+00  -61.55483  -57.76867 1152515543 191.300277    34.3270 0.0000e+00
    165.000    -0.2982   2.835359    -0.2973   2.835653    6.77032     0.3097    13.8155 0.0000e+00  -61.55483  -57.76867 1152515543 191.300284    34.3269 0.0000e+00
    166.000    -0.2991   2.835342    -0.2984   2.835648    6.76629     0.3079    13.8155 0.0000e+00  -61.55483  -57.76867 1152515544 191.300292    34.3272 0.0000e+00
    167.000    -0.2991   2.835382    -0.2979   2.835708    6.76193     0.3032    13.8155 0.0000e+00  -61.55483  -57.76867 1152515546 191.300316    34.3271 0.0000e+00
    168.000    -0.2985   2.835540    -0.2968   2.835942    6.76069     0.2598    13.8155 0.0000e+00  -61.55483  -57.76867 1152515550 191.300365    34.3280 0.0000e+00
    169.000    -0.2968   2.835984    -0.2952   2.836292    6.75588     0.2579    13.8155 0.0000e+00  -61.55483  -57.76867 1152515551 191.300380    34.3313 0.0000e+00
    170.000    -0.2899   2.836835    -0.2885   2.837140    6.74572     0.2667    13.8155 0.0000e+00  -61.55483  -57.76867 1152515552 191.300389    34.3342 0.0000e+00
    171.000    -0.2888   2.837032    -0.2875   2.837330    6.73757     0.2367    13.8155 0.0000e+00  -61.55483  -57.76867 1152515553 191.300397    34.3349 0.0000e+00
    172.000    -0.2869   2.837409    -0.2859   2.837710    6.73000     0.2571    13.8155 0.0000e+00  -61.55483  -57.76867 1152515554 191.300405    34.3372 0.0000e+00
    173.000    -0.2854   2.838006    -0.2846   2.838302    6.72391     0.2499    13.8155 0.0000e+00  -61.55483  -57.76867 1152515554 191.300412    34.3428 0.0000e+00
    174.000    -0.2865   2.838245    -0.2855   2.838560    6.71899     0.2672    13.8155 0.0000e+00  -61.55483  -57.76867 1152515555 191.300420    34.3466 0.0000e+00
    175.000    -0.2884   2.837822    -0.2863   2.838394    6.69483     0.1862    13.8155 0.0000e+00  -61.55483  -57.76867 1152515561 191.300493    34.3428 0.0000e+00
    176.000    -0.2820   2.839209    -0.2805   2.839449    6.68039     0.2094    13.8155 0.0000e+00  -61.55483  -57.76867 1152515563 191.300507    34.3540 0.0000e+00
    177.000    -0.2627   2.841867    -0.2612   2.842139    6.66714     0.2112    13.8155 0.0000e+00  -61.55483  -57.76867 1152515563 191.300516    34.3660 0.0000e+00
    178.000    -0.2563   2.842633    -0.2549   2.842910    6.65620     0.2304    13.8155 0.0000e+00  -61.55483  -57.76867 1152515564 191.300526    34.3681 0.0000e+00
    179.000    -0.2548   2.842858    -0.2534   2.843146    6.64529     0.2022    13.8155 0.0000e+00  -61.55483  -57.76867 1152515565 191.300536    34.3688 0.0000e+00
    180.000    -0.2535   2.843073    -0.2520   2.843361    6.63381     0.1964    13.8155 0.0000e+00  -61.55483  -57.76867 1152515566 191.300546    34.3697 0.0000e+00
    181.000    -0.2495   2.843569    -0.2483   2.843831    6.62116     0.2046    13.8155 0.0000e+00  -61.55483  -57.76867 1152515567 191.300560    34.3713 0.0000e+00
    182.000    -0.2472   2.843871    -0.2458   2.844145    6.59364     0.1958    13.8155 0.0000e+00  -61.55483  -57.76867 1152515572 191.300620    34.3725 0.0000e+00
    183.000    -0.2400   2.844787    -0.2385   2.845071    6.58593     0.2043    13.8155 0.0000e+00  -61.55483  -57.76867 1152515574 191.300638    34.3758 0.0000e+00
    184.000    -0.2336   2.845565    -0.2330   2.845746    6.57673     0.1772    13.8155 0.0000e+00  -61.55483  -57.76867 1152515575 191.300654    34.3783 0.0000e+00
    185.000    -0.2262   2.846473    -0.2256   2.846609    6.56776     0.1578    13.8155 0.0000e+00  -61.55483  -57.76867 1152515576 191.300669    34.3813 0.0000e+00
    186.000    -0.2215   2.847045    -0.2200   2.847322    6.56243     0.1512    13.8155 0.0000e+00  -61.55483  -57.76867 1152515577 191.300680    34.3829 0.0000e+00
    187.000    -0.2201   2.847228    -0.2189   2.847518    6.55824     0.1527    13.8155 0.0000e+00  -61.55483  -57.76867 1152515578 191.300691    34.3832 0.0000e+00
    188.000    -0.2207   2.847210    -0.2198   2.847426    6.54928     0.1632    13.8155 0.0000e+00  -61.55483  -57.76867 1152515579 191.300701    34.3833 0.0000e+00
    189.000    -0.2117   2.848292    -0.2096   2.848622    6.54222     0.1644    13.8155 0.0000e+00  -61.55483  -57.76867 1152515581 191.300718    34.3868 0.0000e+00
    190.000    -0.2100   2.848503    -0.2080   2.848851    6.52876     0.1572    13.8155 0.0000e+00  -61.55483  -57.76867 1152515586 191.300779    34.3874 0.0000e+00
    191.000    -0.2080   2.848791    -0.2056   2.849158    6.52451     0.1568    13.8155 0.0000e+00  -61.55483  -57.76867 1152515587 191.300790    34.3883 0.0000e+00
    192.000    -0.2099   2.848619    -0.2086   2.848896    6.51866     0.1391    13.8155 0.0000e+00  -61.55483  -57.76867 1152515588 191.300800    34.3876 0.0000e+00
    193.000    -0.2079   2.848890    -0.2065   2.849173    6.51575     0.1550    13.8155 0.0000e+00  -61.55483  -57.76867 1152515589 191.300809    34.3885 0.0000e+00
    194.000    -0.1941   2.850479    -0.1921   2.850826    6.50754     0.1532    13.8155 0.0000e+00  -61.55483  -57.76867 1152515590 191.300820    34.3933 0.0000e+00
    195.000    -0.1906   2.850899    -0.1886   2.851259    6.50060     0.1571    13.8155 0.0000e+00  -61.55483  -57.76867 1152515591 191.300838    34.3942 0.0000e+00
    196.000    -0.1894   2.851071    -0.1886   2.851293    6.49338     0.1558    13.8155 0.0000e+00  -61.55483  -57.76867 1152515593 191.300859    34.3945 0.0000e+00
    197.000    -0.1679   2.853505    -0.1637   2.854102    6.47314     0.1374    13.8155 0.0000e+00  -61.55483  -57.76867 1152515597 191.300903    34.4017 0.0000e+00
