product_data/regression_test/downloaded_data/MGDS/320620060703/ctd/p6609308.ros
* Sea-Bird SBE 9 Data File:
* FileName = D:\Data\Raw\p6609308.dat
* Software Version Seasave Win32 V 5.32
* Temperature SN = 1649
* Conductivity SN = 1431
* Number of Bytes Per Scan = 37
* Number of Voltage Words = 5
* Number of Scans Averaged by the Deck Unit = 1
* NMEA Latitude = 61 07.50 S
* NMEA Longitude = 058 05.51 W
* NMEA UTC (Time) = 05:51:48
** Ship:   Nathaniel B. Palmer nbp
** Cruise:    NBP0606 nbp0606
# nquan = 17
# nvalues = 1176                    
# units = specified
# name 0 = prDM: Pressure, Digiquartz [db]
# name 1 = t090C: Temperature [ITS-90, deg C]
# name 2 = c0S/m: Conductivity [S/m]
# name 3 = t190C: Temperature, 2 [ITS-90, deg C]
# name 4 = c1S/m: Conductivity, 2 [S/m]
# name 5 = sbeox0ML/L: Oxygen, SBE 43 [ml/l]
# name 6 = flECO-AFL: Fluorescence, Wetlab ECO-AFL/FL [mg/m^3]
# name 7 = bat: Beam Attenuation, Chelsea/Seatech/Wetlab CStar [1/m]
# name 8 = spar: SPAR/Surface Irradiance
# name 9 = latitude: Latitude [deg]
# name 10 = longitude: Longitude [deg]
# name 11 = timeY: Time, System [seconds]
# name 12 = timeJ: Julian Days
# name 13 = sal00: Salinity [PSU]
# name 14 = scan: scan number
# name 15 = nbf: number of bottles fired
# name 16 = flag:  0.000e+00
# interval = seconds: 0.0416667                   
# start_time = Jul 11 2006 05:51:56
*END*
[from data line 171]
    748.411     1.6511   3.059216     1.6494   3.059343    4.65497    -0.0749    13.8155 0.0000e+00  -61.12500  -58.09183 1152598315 192.258302    34.7255      28833          4  0.000e+00
    748.334     1.6511   3.059192     1.6496   3.059355    4.65492    -0.0749    13.8155 0.0000e+00  -61.12500  -58.09183 1152598315 192.258303    34.7251      28834          4  0.000e+00
    748.401     1.6509   3.059178     1.6502   3.059361    4.65499    -0.0749    13.8155 0.0000e+00  -61.12500  -58.09183 1152598315 192.258303    34.7251      28835          4  0.000e+00
    748.334     1.6503   3.059141     1.6497   3.059379    4.65502    -0.0426    13.8155 0.0000e+00  -61.12500  -58.09183 1152598316 192.258304    34.7254      28836          4  0.000e+00
    748.401     1.6503   3.059185     1.6502   3.059385    4.65504    -0.0534    13.8155 0.0000e+00  -61.12500  -58.09183 1152598316 192.258304    34.7259      28837          4  0.000e+00
    748.334     1.6511   3.059227     1.6502   3.059409    4.65491    -0.0642    13.8155 0.0000e+00  -61.12500  -58.09183 1152598316 192.258305    34.7256      28838          4  0.000e+00
    748.401     1.6511   3.059247     1.6510   3.059415    4.65495    -0.1072    13.8155 0.0000e+00  -61.12500  -58.09183 1152598316 192.258305    34.7259      28839          4  0.000e+00
    748.401     1.6511   3.059178     1.6505   3.059439    4.65497    -0.1287    13.8155 0.0000e+00  -61.12500  -58.09183 1152598316 192.258306    34.7249      28840          4  0.000e+00
    748.411     1.6508   3.059172     1.6504   3.059427    4.65501    -0.0964    13.8155 0.0000e+00  -61.12500  -58.09183 1152598316 192.258306    34.7252      28841          4  0.000e+00
    748.401     1.6508   3.059178     1.6504   3.059391    4.65500    -0.0964    13.8155 0.0000e+00  -61.12500  -58.09183 1152598316 192.258307    34.7253      28842          4  0.000e+00
    748.401     1.6506   3.059220     1.6501   3.059385    4.65500    -0.1287    13.8155 0.0000e+00  -61.12500  -58.09183 1152598316 192.258307    34.7260      28843          4  0.000e+00
    748.401     1.6501   3.059192     1.6500   3.059391    4.65506    -0.0642    13.8155 0.0000e+00  -61.12500  -58.09183 1152598316 192.258308    34.7262      28844          4  0.000e+00
    748.401     1.6506   3.059199     1.6500   3.059385    4.65501    -0.0749    13.8155 0.0000e+00  -61.12500  -58.09183 1152598316 192.258308    34.7258      28845          4  0.000e+00
    748.469     1.6505   3.059223     1.6501   3.059385    4.65505    -0.1072    13.8155 0.0000e+00  -61.12500  -58.09183 1152598316 192.258309    34.7261      28846          4  0.000e+00
    748.401     1.6506   3.059233     1.6499   3.059409    4.65500    -0.1072    13.8155 0.0000e+00  -61.12500  -58.09183 1152598316 192.258309    34.7262      28847          4  0.000e+00
    748.469     1.6506   3.059213     1.6504   3.059397    4.65505    -0.0426    13.8155 0.0000e+00  -61.12500  -58.09183 1152598316 192.258310    34.7259      28848          4  0.000e+00
    748.469     1.6506   3.059206     1.6497   3.059361    4.65505    -0.0749    13.8155 0.0000e+00  -61.12500  -58.09183 1152598316 192.258310    34.7258      28849          4  0.000e+00
    748.411     1.6508   3.059185     1.6496   3.059403    4.65501    -0.0534    13.8155 0.0000e+00  -61.12500  -58.09183 1152598316 192.258311    34.7254      28850          4  0.000e+00
    748.546     1.6500   3.059158     1.6504   3.059397    4.65518    -0.0426    13.8155 0.0000e+00  -61.12500  -58.09183 1152598316 192.258311    34.7258      28851          4  0.000e+00
    748.469     1.6500   3.059123     1.6499   3.059409    4.65514    -0.0426    13.8155 0.0000e+00  -61.12500  -58.09183 1152598316 192.258312    34.7254      28852          4  0.000e+00
    748.546     1.6496   3.059089     1.6502   3.059397    4.65524    -0.0426    13.8155 0.0000e+00  -61.12500  -58.09183 1152598316 192.258312    34.7253      28853          4  0.000e+00
    748.546     1.6490   3.059099     1.6504   3.059451    4.65530    -0.0642    13.8155 0.0000e+00  -61.12500  -58.09183 1152598316 192.258313    34.7262      28854          4  0.000e+00
    748.546     1.6502   3.059158     1.6500   3.059427    4.65516    -0.0964    13.8155 0.0000e+00  -61.12500  -58.09183 1152598316 192.258313    34.7256      28855          4  0.000e+00
    748.546     1.6498   3.059148     1.6505   3.059415    4.65520    -0.0857    13.8155 0.0000e+00  -61.12500  -58.09183 1152598316 192.258314    34.7259      28856          4  0.000e+00
    748.546     1.6498   3.059151     1.6500   3.059421    4.65520    -0.1072    13.8155 0.0000e+00  -61.12500  -58.09183 1152598316 192.258314    34.7259      28857          4  0.000e+00
    750.184     1.6464   3.058890     1.6477   3.059235    4.65184    -0.1072    13.8155 0.0000e+00  -61.12500  -58.09183 1152598322 192.258381    34.7255      28995          5  0.000e+00
    750.184     1.6459   3.058859     1.6472   3.059247    4.65191    -0.1072    13.8155 0.0000e+00  -61.12500  -58.09183 1152598322 192.258381    34.7256      28996          5  0.000e+00
    750.116     1.6465   3.058880     1.6476   3.059253    4.65180    -0.0749    13.8155 0.0000e+00  -61.12500  -58.09183 1152598322 192.258382    34.7253      28997          5  0.000e+00
    750.184     1.6466   3.058907     1.6471   3.059265    4.65182    -0.0426    13.8155 0.0000e+00  -61.12500  -58.09183 1152598322 192.258382    34.7255      28998          5  0.000e+00
    750.203     1.6465   3.058914     1.6472   3.059253    4.65184    -0.0534    13.8155 0.0000e+00  -61.12500  -58.09183 1152598322 192.258383    34.7257      28999          5  0.000e+00
    750.039     1.6462   3.058900     1.6477   3.059253    4.65177    -0.0857    13.8155 0.0000e+00  -61.12500  -58.09183 1152598322 192.258383    34.7259      29000          5  0.000e+00
    750.184     1.6466   3.058907     1.6472   3.059199    4.65182    -0.0857    13.8155 0.0000e+00  -61.12500  -58.09183 1152598322 192.258383    34.7255      29001          5  0.000e+00
    750.116     1.6464   3.058949     1.6476   3.059235    4.65178    -0.0749    13.8155 0.0000e+00  -61.12500  -58.09183 1152598322 192.258384    34.7263      29002          5  0.000e+00
    750.116     1.6468   3.058924     1.6474   3.059253    4.65175    -0.0857    13.8155 0.0000e+00  -61.12500  -58.09183 1152598322 192.258384    34.7255      29003          5  0.000e+00
    750.116     1.6465   3.058986     1.6477   3.059223    4.65176    -0.1072    13.8155 0.0000e+00  -61.12500  -58.09183 1152598322 192.258385    34.7266      29004          5  0.000e+00
    750.039     1.6467   3.058942     1.6471   3.059259    4.65170    -0.1072    13.8155 0.0000e+00  -61.12500  -58.09183 1152598323 192.258385    34.7258      29005          5  0.000e+00
    750.116     1.6470   3.058931     1.6476   3.059235    4.65173    -0.1180    13.8155 0.0000e+00  -61.12500  -58.09183 1152598323 192.258386    34.7254      29006          5  0.000e+00
    750.116     1.6473   3.058938     1.6474   3.059235    4.65170    -0.0964    13.8155 0.0000e+00  -61.12500  -58.09183 1152598323 192.258386    34.7251      29007          5  0.000e+00
    750.039     1.6466   3.058918     1.6474   3.059247    4.65172    -0.0642    13.8155 0.0000e+00  -61.12500  -58.09183 1152598323 192.258387    34.7257      29008          5  0.000e+00
    750.039     1.6464   3.058935     1.6472   3.059229    4.65174    -0.0857    13.8155 0.0000e+00  -61.12500  -58.09183 1152598323 192.258387    34.7262      29009          5  0.000e+00
    750.058     1.6467   3.058938     1.6471   3.059217    4.64688    -0.1718    13.8155 0.0000e+00  -61.12500  -58.09183 1152598323 192.258388    34.7259      29010          5  0.000e+00
    750.039     1.6470   3.058918     1.6471   3.059241    4.65168    -0.1395    13.8155 0.0000e+00  -61.12500  -58.09183 1152598323 192.258388    34.7252      29011          5  0.000e+00
    750.039     1.6468   3.058948     1.6479   3.059229    4.65169    -0.0642    13.8155 0.0000e+00  -61.12500  -58.09183 1152598323 192.258389    34.7258      29012          5  0.000e+00
    749.972     1.6473   3.058966     1.6479   3.059235    4.65159    -0.0319    13.8155 0.0000e+00  -61.12500  -58.09183 1152598323 192.258389    34.7256      29013          5  0.000e+00
    750.039     1.6472   3.058979     1.6480   3.059247    4.65164    -0.0534    13.8155 0.0000e+00  -61.12500  -58.09183 1152598323 192.258390    34.7258      29014          5  0.000e+00
    749.972     1.6475   3.058986     1.6480   3.059271    4.65157    -0.0319    13.8155 0.0000e+00  -61.12500  -58.09183 1152598323 192.258390    34.7256      29015          5  0.000e+00
    749.972     1.6475   3.058986     1.6483   3.059271    4.65157    -0.0642    13.8155 0.0000e+00  -61.12500  -58.09183 1152598323 192.258391    34.7256      29016          5  0.000e+00
    749.972     1.6475   3.059007     1.6485   3.059295    4.65156    -0.0642    13.8155 0.0000e+00  -61.12500  -58.09183 1152598323 192.258391    34.7258      29017          5  0.000e+00
    749.972     1.6476   3.058993     1.6485   3.059283    4.65155    -0.0749    13.8155 0.0000e+00  -61.12500  -58.09183 1152598323 192.258392    34.7256      29018          5  0.000e+00
    749.972     1.6478   3.058986     1.6483   3.059313    4.65154    -0.0642    13.8155 0.0000e+00  -61.12500  -58.09183 1152598323 192.258392    34.7253      29019          5  0.000e+00
    749.972     1.6476   3.058986     1.6486   3.059289    4.65156    -0.1072    13.8155 0.0000e+00  -61.12500  -58.09183 1152598323 192.258393    34.7255      29020          5  0.000e+00
    749.914     1.6475   3.059003     1.6486   3.059295    4.65152    -0.0642    13.8155 0.0000e+00  -61.12500  -58.09183 1152598323 192.258393    34.7258      29021          5  0.000e+00
    749.904     1.6476   3.058979     1.6483   3.059301    4.65151    -0.0426    13.8155 0.0000e+00  -61.12500  -58.09183 1152598323 192.258394    34.7254      29022          5  0.000e+00
    749.904     1.6476   3.058979     1.6482   3.059283    4.64667    -0.0857    13.8155 0.0000e+00  -61.12500  -58.09183 1152598323 192.258394    34.7254      29023          5  0.000e+00
    749.904     1.6477   3.058986     1.6485   3.059319    4.65150    -0.1072    13.8155 0.0000e+00  -61.12500  -58.09183 1152598323 192.258395    34.7254      29024          5  0.000e+00
    749.904     1.6473   3.058966     1.6485   3.059307    4.65155    -0.0964    13.8155 0.0000e+00  -61.12500  -58.09183 1152598323 192.258395    34.7256      29025          5  0.000e+00
    749.904     1.6478   3.058983     1.6479   3.059325    4.65150    -0.0749    13.8155 0.0000e+00  -61.12500  -58.09183 1152598323 192.258396    34.7253      29026          5  0.000e+00
    749.827     1.6472   3.059003     1.6479   3.059289    4.65149    -0.0534    13.8155 0.0000e+00  -61.12500  -58.09183 1152598323 192.258396    34.7262      29027          5  0.000e+00
    749.904     1.6476   3.059010     1.6482   3.059295    4.65150    -0.0534    13.8155 0.0000e+00  -61.12500  -58.09183 1152598324 192.258397    34.7258      29028          5  0.000e+00
    749.827     1.6479   3.058990     1.6485   3.059283    4.64659    -0.0426    13.8155 0.0000e+00  -61.12500  -58.09183 1152598324 192.258397    34.7252      29029          5  0.000e+00
    749.827     1.6480   3.058990     1.6482   3.059295    4.65142    -0.0211    13.8155 0.0000e+00  -61.12500  -58.09183 1152598324 192.258397    34.7252      29030          5  0.000e+00
    749.827     1.6485   3.059003     1.6485   3.059277    4.65137    -0.0104    13.8155 0.0000e+00  -61.12500  -58.09183 1152598324 192.258398    34.7248      29031          5  0.000e+00
    749.769     1.6479   3.059010     1.6485   3.059271    4.65138    -0.0642    13.8155 0.0000e+00  -61.12500  -58.09183 1152598324 192.258398    34.7255      29032          5  0.000e+00
    749.760     1.6475   3.059010     1.6486   3.059295    4.65142    -0.0749    13.8155 0.0000e+00  -61.12500  -58.09183 1152598324 192.258399    34.7260      29033          5  0.000e+00
    749.827     1.6475   3.058997     1.6480   3.059277    4.65147    -0.1072    13.8155 0.0000e+00  -61.12500  -58.09183 1152598324 192.258399    34.7258      29034          5  0.000e+00
    749.760     1.6478   3.059003     1.6480   3.059295    4.65140    -0.0749    13.8155 0.0000e+00  -61.12500  -58.09183 1152598324 192.258400    34.7256      29035          5  0.000e+00
    749.760     1.6480   3.059028     1.6484   3.059283    4.65137    -0.0964    13.8155 0.0000e+00  -61.12500  -58.09183 1152598324 192.258400    34.7257      29036          5  0.000e+00
    749.683     1.6481   3.059014     1.6486   3.059313    4.65131    -0.0964    13.8155 0.0000e+00  -61.12500  -58.09183 1152598324 192.258401    34.7255      29037          5  0.000e+00
    749.760     1.6482   3.059045     1.6488   3.059313    4.65133    -0.0964    13.8155 0.0000e+00  -61.12500  -58.09183 1152598324 192.258401    34.7256      29038          5  0.000e+00
    749.683     1.6483   3.059062     1.6484   3.059307    4.65127    -0.0964    13.8155 0.0000e+00  -61.12500  -58.09183 1152598324 192.258402    34.7258      29039          5  0.000e+00
    749.760     1.6482   3.059076     1.6491   3.059325    4.65132    -0.0426    13.8155 0.0000e+00  -61.12500  -58.09183 1152598324 192.258402    34.7260      29040          5  0.000e+00
    749.683     1.6484   3.059062     1.6486   3.059313    4.65126    -0.0749    13.8155 0.0000e+00  -61.12500  -58.09183 1152598324 192.258403    34.7257      29041          5  0.000e+00
    749.615     1.6487   3.059093     1.6485   3.059325    4.65118    -0.1072    13.8155 0.0000e+00  -61.12500  -58.09183 1152598324 192.258403    34.7258      29042          5  0.000e+00
    749.702     1.6489   3.059093     1.6485   3.059283    4.65121    -0.0857    13.8155 0.0000e+00  -61.12500  -58.09183 1152598324 192.258404    34.7255      29043          5  0.000e+00
    750.184     1.6467   3.058914     1.6476   3.059271    4.65180    -0.0319    13.8155 0.0000e+00  -61.12500  -58.09183 1152598332 192.258496    34.7254      29235          6  0.000e+00
    750.328     1.6470   3.058973     1.6479   3.059271    4.65185    -0.0319    13.8155 0.0000e+00  -61.12500  -58.09183 1152598332 192.258497    34.7258      29236          6  0.000e+00
    750.184     1.6471   3.058952     1.6476   3.059259    4.64691    -0.0426    13.8155 0.0000e+00  -61.12500  -58.09183 1152598332 192.258497    34.7255      29237          6  0.000e+00
    750.184     1.6472   3.058990     1.6480   3.059265    4.65173    -0.0319    13.8155 0.0000e+00  -61.12500  -58.09183 1152598332 192.258498    34.7258      29238          6  0.000e+00
    750.261     1.6471   3.058973     1.6476   3.059271    4.65179    -0.0104    13.8155 0.0000e+00  -61.12500  -58.09183 1152598332 192.258498    34.7257      29239          6  0.000e+00
    750.184     1.6475   3.059004     1.6483   3.059277    4.65170    -0.0642    13.8155 0.0000e+00  -61.12500  -58.09183 1152598332 192.258499    34.7257      29240          6  0.000e+00
    750.184     1.6476   3.058976     1.6482   3.059271    4.65170    -0.0749    13.8155 0.0000e+00  -61.12500  -58.09183 1152598332 192.258499    34.7252      29241          6  0.000e+00
    750.184     1.6474   3.058997     1.6479   3.059271    4.65171    -0.0534    13.8155 0.0000e+00  -61.12500  -58.09183 1152598332 192.258500    34.7258      29242          6  0.000e+00
    750.116     1.6476   3.059010     1.6474   3.059259    4.65164    -0.0319    13.8155 0.0000e+00  -61.12500  -58.09183 1152598332 192.258500    34.7257      29243          6  0.000e+00
    750.116     1.6475   3.058973     1.6477   3.059241    4.65167    -0.0426    13.8155 0.0000e+00  -61.12500  -58.09183 1152598332 192.258501    34.7254      29244          6  0.000e+00
