product_data/regression_test/downloaded_data/MGDS/320620060703/ctd/p6607701.cnv
* Sea-Bird SBE 9 Data File:
* FileName = D:\Data\Raw\p6607701.dat
* Software Version Seasave Win32 V 5.32
* Temperature SN = 1649
* Conductivity SN = 1431
* Number of Bytes Per Scan = 37
* Number of Voltage Words = 5
* Number of Scans Averaged by the Deck Unit = 1
* NMEA Latitude = 62 17.76 S
* NMEA Longitude = 058 04.55 W
* NMEA UTC (Time) = 21:09:54
** Ship:   Nathaniel B. Palmer 
** Cruise:    NBP0606 
# nquan = 15
# nvalues = 1417                        
# units = specified
# name 0 = prDM: Pressure, Digiquartz [db]
# name 1 = t090C: Temperature [ITS-90, deg C]
# name 2 = c0S/m: Conductivity [S/m]
# name 3 = t190C: Temperature, 2 [ITS-90, deg C]
# name 4 = c1S/m: Conductivity, 2 [S/m]
# name 5 = sbeox0ML/L: Oxygen, SBE 43 [ml/l]
# name 6 = flECO-AFL: Fluorescence, Wetlab ECO-AFL/FL [mg/m^3]
# name 7 = bat: Beam Attenuation, Chelsea/Seatech/Wetlab CStar [1/m]
# name 8 = spar: SPAR/Surface Irradiance
# name 9 = latitude: Latitude [deg]
# name 10 = longitude: Longitude [deg]
# name 11 = timeY: Time, System [seconds]
# name 12 = timeJ: Julian Days
# name 13 = sal00: Salinity [PSU]
# name 14 = flag: flag
# span 0 =      4.000,   1420.000       
# span 1 =    -1.6835,    -0.4371       
# span 2 =   2.705229,   2.854039       
# span 3 =    -1.6845,    -0.4367       
# span 4 =   2.705793,   2.854254       
# span 5 =    6.23326,    7.86026       
# span 6 =    -0.1550,     0.2258       
# span 7 =    13.8155,    13.8155       
# span 8 = -4.966e-02, 1.7118e+00       
# span 9 =  -62.29600,  -62.29600       
# span 10 =  -58.07583,  -58.07583      
# span 11 = 1152392995, 1152395020      
# span 12 = 189.881891, 189.905342      
# span 13 =    34.2318,    34.5466      
# span 14 = 0.0000e+00, 0.0000e+00      
# interval = decibars: 1                
# start_time = Jul 08 2006 21:10:01
# bad_flag = -9.990e-29
*END*
[from data line 675]
    679.000    -0.7234   2.837528    -0.7237   2.837740    6.45870    -0.1147    13.8155 0.0000e+00  -62.29600  -58.07583 1152393952 189.892980    34.5273 0.0000e+00
    680.000    -0.7229   2.837674    -0.7221   2.837973    6.45851    -0.1167    13.8155 0.0000e+00  -62.29600  -58.07583 1152393953 189.892991    34.5280 0.0000e+00
    681.000    -0.7231   2.837677    -0.7233   2.837902    6.45703    -0.0997    13.8155 0.0000e+00  -62.29600  -58.07583 1152393954 189.893002    34.5277 0.0000e+00
    682.000    -0.7257   2.837459    -0.7254   2.837725    6.45520    -0.1232    13.8155 0.0000e+00  -62.29600  -58.07583 1152393955 189.893016    34.5272 0.0000e+00
    683.000    -0.7245   2.837630    -0.7235   2.837952    6.45291    -0.1118    13.8155 0.0000e+00  -62.29600  -58.07583 1152393957 189.893036    34.5276 0.0000e+00
    684.000    -0.7233   2.837805    -0.7233   2.838024    6.45338    -0.1001    13.8155 0.0000e+00  -62.29600  -58.07583 1152393958 189.893054    34.5279 0.0000e+00
    685.000    -0.7247   2.837692    -0.7243   2.837987    6.45528    -0.1086    13.8155 0.0000e+00  -62.29600  -58.07583 1152393960 189.893068    34.5274 0.0000e+00
    686.000    -0.7240   2.837823    -0.7237   2.838084    6.45562    -0.1101    13.8155 0.0000e+00  -62.29600  -58.07583 1152393961 189.893079    34.5277 0.0000e+00
    687.000    -0.7250   2.837773    -0.7237   2.838132    6.45336    -0.1180    13.8155 0.0000e+00  -62.29600  -58.07583 1152393962 189.893092    34.5278 0.0000e+00
    688.000    -0.7221   2.838092    -0.7220   2.838339    6.45079    -0.1077    13.8155 0.0000e+00  -62.29600  -58.07583 1152393963 189.893106    34.5280 0.0000e+00
    689.000    -0.7209   2.838252    -0.7210   2.838468    6.45144    -0.0971    13.8155 0.0000e+00  -62.29600  -58.07583 1152393964 189.893121    34.5282 0.0000e+00
    690.000    -0.7214   2.838250    -0.7211   2.838504    6.45241    -0.1177    13.8155 0.0000e+00  -62.29600  -58.07583 1152393965 189.893136    34.5281 0.0000e+00
    691.000    -0.7230   2.838163    -0.7228   2.838418    6.45300    -0.1136    13.8155 0.0000e+00  -62.29600  -58.07583 1152393967 189.893152    34.5283 0.0000e+00
    692.000    -0.7217   2.838308    -0.7216   2.838563    6.45383    -0.1150    13.8155 0.0000e+00  -62.29600  -58.07583 1152393968 189.893167    34.5280 0.0000e+00
    693.000    -0.7223   2.838316    -0.7224   2.838558    6.45477    -0.1073    13.8155 0.0000e+00  -62.29600  -58.07583 1152393969 189.893182    34.5283 0.0000e+00
    694.000    -0.7219   2.838439    -0.7217   2.838681    6.45108    -0.1051    13.8155 0.0000e+00  -62.29600  -58.07583 1152393971 189.893197    34.5289 0.0000e+00
    695.000    -0.7204   2.838646    -0.7202   2.838894    6.45158    -0.1078    13.8155 0.0000e+00  -62.29600  -58.07583 1152393972 189.893210    34.5294 0.0000e+00
    696.000    -0.7206   2.838657    -0.7206   2.838884    6.45186    -0.1028    13.8155 0.0000e+00  -62.29600  -58.07583 1152393973 189.893223    34.5291 0.0000e+00
    697.000    -0.7223   2.838533    -0.7220   2.838791    6.45230    -0.1182    13.8155 0.0000e+00  -62.29600  -58.07583 1152393974 189.893237    34.5288 0.0000e+00
    698.000    -0.7218   2.838622    -0.7215   2.838882    6.45086    -0.1089    13.8155 0.0000e+00  -62.29600  -58.07583 1152393976 189.893254    34.5289 0.0000e+00
    699.000    -0.7205   2.838815    -0.7206   2.839031    6.44800    -0.1042    13.8155 0.0000e+00  -62.29600  -58.07583 1152393977 189.893271    34.5294 0.0000e+00
    700.000    -0.7200   2.838920    -0.7200   2.839159    6.44633    -0.1076    13.8155 0.0000e+00  -62.29600  -58.07583 1152393978 189.893285    34.5296 0.0000e+00
    701.000    -0.7202   2.838957    -0.7202   2.839181    6.44605    -0.1075    13.8155 0.0000e+00  -62.29600  -58.07583 1152393980 189.893299    34.5297 0.0000e+00
    702.000    -0.7200   2.839015    -0.7198   2.839256    6.44262    -0.1228    13.8155 0.0000e+00  -62.29600  -58.07583 1152393981 189.893312    34.5298 0.0000e+00
    703.000    -0.7206   2.839015    -0.7205   2.839267    6.44142    -0.1113    13.8155 0.0000e+00  -62.29600  -58.07583 1152393982 189.893325    34.5298 0.0000e+00
    704.000    -0.7221   2.838970    -0.7220   2.839214    6.43924    -0.1126    13.8155 0.0000e+00  -62.29600  -58.07583 1152393983 189.893340    34.5304 0.0000e+00
    705.000    -0.7243   2.838835    -0.7242   2.839078    6.44014    -0.1022    13.8155 0.0000e+00  -62.29600  -58.07583 1152393984 189.893356    34.5306 0.0000e+00
    706.000    -0.7252   2.838817    -0.7251   2.839062    6.43842    -0.1008    13.8155 0.0000e+00  -62.29600  -58.07583 1152393986 189.893371    34.5307 0.0000e+00
    707.000    -0.7266   2.838747    -0.7268   2.838978    6.43700    -0.1201    13.8155 0.0000e+00  -62.29600  -58.07583 1152393987 189.893386    34.5308 0.0000e+00
    708.000    -0.7281   2.838659    -0.7287   2.838869    6.43860    -0.1035    13.8155 0.0000e+00  -62.29600  -58.07583 1152393988 189.893399    34.5308 0.0000e+00
    709.000    -0.7302   2.838544    -0.7299   2.838803    6.44303    -0.1086    13.8155 0.0000e+00  -62.29600  -58.07583 1152393989 189.893412    34.5311 0.0000e+00
    710.000    -0.7315   2.838480    -0.7314   2.838719    6.44374    -0.1090    13.8155 0.0000e+00  -62.29600  -58.07583 1152393991 189.893428    34.5311 0.0000e+00
    711.000    -0.7315   2.838528    -0.7312   2.838788    6.44102    -0.1153    13.8155 0.0000e+00  -62.29600  -58.07583 1152393992 189.893444    34.5311 0.0000e+00
    712.000    -0.7299   2.838731    -0.7297   2.838986    6.44057    -0.1137    13.8155 0.0000e+00  -62.29600  -58.07583 1152393993 189.893458    34.5314 0.0000e+00
    713.000    -0.7287   2.838902    -0.7286   2.839139    6.44142    -0.0989    13.8155 0.0000e+00  -62.29600  -58.07583 1152393994 189.893470    34.5316 0.0000e+00
    714.000    -0.7281   2.838996    -0.7280   2.839234    6.44117    -0.1078    13.8155 0.0000e+00  -62.29600  -58.07583 1152393996 189.893485    34.5316 0.0000e+00
    715.000    -0.7275   2.839096    -0.7275   2.839335    6.44191    -0.1170    13.8155 0.0000e+00  -62.29600  -58.07583 1152393998 189.893509    34.5316 0.0000e+00
    716.000    -0.7285   2.839036    -0.7283   2.839311    6.44354    -0.1165    13.8155 0.0000e+00  -62.29600  -58.07583 1152393999 189.893523    34.5314 0.0000e+00
    717.000    -0.7295   2.839008    -0.7294   2.839259    6.44397    -0.1252    13.8155 0.0000e+00  -62.29600  -58.07583 1152394000 189.893534    34.5317 0.0000e+00
    718.000    -0.7297   2.839027    -0.7298   2.839264    6.44423    -0.1217    13.8155 0.0000e+00  -62.29600  -58.07583 1152394001 189.893544    34.5315 0.0000e+00
    719.000    -0.7297   2.839082    -0.7295   2.839327    6.44527    -0.1174    13.8155 0.0000e+00  -62.29600  -58.07583 1152394002 189.893554    34.5317 0.0000e+00
    720.000    -0.7300   2.839094    -0.7298   2.839347    6.44546    -0.1162    13.8155 0.0000e+00  -62.29600  -58.07583 1152394003 189.893569    34.5315 0.0000e+00
    721.000    -0.7297   2.839166    -0.7297   2.839405    6.44485    -0.1133    13.8155 0.0000e+00  -62.29600  -58.07583 1152394004 189.893587    34.5316 0.0000e+00
    722.000    -0.7306   2.839139    -0.7306   2.839360    6.44559    -0.1251    13.8155 0.0000e+00  -62.29600  -58.07583 1152394006 189.893603    34.5316 0.0000e+00
    723.000    -0.7311   2.839131    -0.7311   2.839364    6.44639    -0.1141    13.8155 0.0000e+00  -62.29600  -58.07583 1152394007 189.893619    34.5315 0.0000e+00
    724.000    -0.7310   2.839191    -0.7311   2.839428    6.44558    -0.1001    13.8155 0.0000e+00  -62.29600  -58.07583 1152394009 189.893636    34.5317 0.0000e+00
    725.000    -0.7305   2.839301    -0.7303   2.839545    6.44414    -0.1071    13.8155 0.0000e+00  -62.29600  -58.07583 1152394010 189.893651    34.5319 0.0000e+00
    726.000    -0.7286   2.839531    -0.7284   2.839774    6.44375    -0.1179    13.8155 0.0000e+00  -62.29600  -58.07583 1152394011 189.893663    34.5322 0.0000e+00
    727.000    -0.7283   2.839603    -0.7282   2.839850    6.44351    -0.1256    13.8155 0.0000e+00  -62.29600  -58.07583 1152394012 189.893675    34.5322 0.0000e+00
    728.000    -0.7281   2.839679    -0.7278   2.839930    6.44329    -0.1099    13.8155 0.0000e+00  -62.29600  -58.07583 1152394013 189.893687    34.5324 0.0000e+00
    729.000    -0.7266   2.839869    -0.7264   2.840113    6.44126    -0.1151    13.8155 0.0000e+00  -62.29600  -58.07583 1152394014 189.893702    34.5327 0.0000e+00
    730.000    -0.7263   2.839937    -0.7262   2.840182    6.44065    -0.1178    13.8155 0.0000e+00  -62.29600  -58.07583 1152394016 189.893717    34.5327 0.0000e+00
    731.000    -0.7262   2.839992    -0.7262   2.840221    6.43791    -0.1194    13.8155 0.0000e+00  -62.29600  -58.07583 1152394017 189.893735    34.5327 0.0000e+00
    732.000    -0.7269   2.839974    -0.7268   2.840209    6.43648    -0.1017    13.8155 0.0000e+00  -62.29600  -58.07583 1152394019 189.893751    34.5327 0.0000e+00
    733.000    -0.7275   2.839974    -0.7275   2.840201    6.43545    -0.1237    13.8155 0.0000e+00  -62.29600  -58.07583 1152394020 189.893764    34.5328 0.0000e+00
    734.000    -0.7271   2.840056    -0.7270   2.840294    6.43758    -0.1141    13.8155 0.0000e+00  -62.29600  -58.07583 1152394021 189.893778    34.5328 0.0000e+00
    735.000    -0.7264   2.840160    -0.7264   2.840394    6.43768    -0.1197    13.8155 0.0000e+00  -62.29600  -58.07583 1152394022 189.893793    34.5329 0.0000e+00
    736.000    -0.7267   2.840192    -0.7266   2.840425    6.43877    -0.1089    13.8155 0.0000e+00  -62.29600  -58.07583 1152394023 189.893806    34.5330 0.0000e+00
    737.000    -0.7270   2.840204    -0.7270   2.840439    6.43986    -0.0988    13.8155 0.0000e+00  -62.29600  -58.07583 1152394025 189.893819    34.5329 0.0000e+00
    738.000    -0.7276   2.840199    -0.7274   2.840442    6.43810    -0.1127    13.8155 0.0000e+00  -62.29600  -58.07583 1152394026 189.893832    34.5330 0.0000e+00
    739.000    -0.7270   2.840300    -0.7269   2.840540    6.43838    -0.1089    13.8155 0.0000e+00  -62.29600  -58.07583 1152394027 189.893846    34.5331 0.0000e+00
    740.000    -0.7266   2.840385    -0.7264   2.840635    6.43627    -0.1080    13.8155 0.0000e+00  -62.29600  -58.07583 1152394028 189.893863    34.5331 0.0000e+00
    741.000    -0.7261   2.840482    -0.7260   2.840717    6.43435    -0.1018    13.8155 0.0000e+00  -62.29600  -58.07583 1152394030 189.893883    34.5332 0.0000e+00
    742.000    -0.7259   2.840535    -0.7257   2.840777    6.43556    -0.1097    13.8155 0.0000e+00  -62.29600  -58.07583 1152394032 189.893901    34.5332 0.0000e+00
    743.000    -0.7269   2.840510    -0.7268   2.840754    6.43603    -0.1198    13.8155 0.0000e+00  -62.29600  -58.07583 1152394033 189.893914    34.5336 0.0000e+00
    744.000    -0.7274   2.840520    -0.7275   2.840756    6.43538    -0.1147    13.8155 0.0000e+00  -62.29600  -58.07583 1152394034 189.893924    34.5336 0.0000e+00
    745.000    -0.7269   2.840604    -0.7270   2.840846    6.43600    -0.1072    13.8155 0.0000e+00  -62.29600  -58.07583 1152394034 189.893934    34.5335 0.0000e+00
    746.000    -0.7277   2.840584    -0.7276   2.840832    6.43692    -0.1086    13.8155 0.0000e+00  -62.29600  -58.07583 1152394035 189.893945    34.5336 0.0000e+00
    747.000    -0.7278   2.840626    -0.7276   2.840875    6.43621    -0.1210    13.8155 0.0000e+00  -62.29600  -58.07583 1152394037 189.893958    34.5336 0.0000e+00
    748.000    -0.7270   2.840723    -0.7269   2.840960    6.43314    -0.1111    13.8155 0.0000e+00  -62.29600  -58.07583 1152394038 189.893977    34.5335 0.0000e+00
    749.000    -0.7269   2.840784    -0.7267   2.841034    6.43315    -0.1159    13.8155 0.0000e+00  -62.29600  -58.07583 1152394040 189.893997    34.5335 0.0000e+00
    750.000    -0.7269   2.840828    -0.7268   2.841065    6.43401    -0.0992    13.8155 0.0000e+00  -62.29600  -58.07583 1152394041 189.894012    34.5335 0.0000e+00
    751.000    -0.7265   2.840902    -0.7266   2.841125    6.43486    -0.1166    13.8155 0.0000e+00  -62.29600  -58.07583 1152394042 189.894026    34.5335 0.0000e+00
    752.000    -0.7269   2.840919    -0.7269   2.841160    6.43605    -0.1221    13.8155 0.0000e+00  -62.29600  -58.07583 1152394044 189.894040    34.5336 0.0000e+00
    753.000    -0.7273   2.840937    -0.7272   2.841183    6.43637    -0.1251    13.8155 0.0000e+00  -62.29600  -58.07583 1152394045 189.894055    34.5337 0.0000e+00
    754.000    -0.7285   2.840898    -0.7282   2.841147    6.43466    -0.1318    13.8155 0.0000e+00  -62.29600  -58.07583 1152394046 189.894068    34.5339 0.0000e+00
    755.000    -0.7295   2.840869    -0.7292   2.841122    6.43441    -0.1227    13.8155 0.0000e+00  -62.29600  -58.07583 1152394047 189.894081    34.5341 0.0000e+00
    756.000    -0.7296   2.840901    -0.7296   2.841139    6.43449    -0.1197    13.8155 0.0000e+00  -62.29600  -58.07583 1152394048 189.894093    34.5341 0.0000e+00
    757.000    -0.7304   2.840882    -0.7302   2.841136    6.43090    -0.0983    13.8155 0.0000e+00  -62.29600  -58.07583 1152394049 189.894106    34.5342 0.0000e+00
    758.000    -0.7311   2.840879    -0.7309   2.841117    6.43131    -0.1163    13.8155 0.0000e+00  -62.29600  -58.07583 1152394051 189.894123    34.5343 0.0000e+00
    759.000    -0.7310   2.840922    -0.7309   2.841167    6.43653    -0.1231    13.8155 0.0000e+00  -62.29600  -58.07583 1152394052 189.894142    34.5342 0.0000e+00
    760.000    -0.7311   2.840957    -0.7312   2.841195    6.44031    -0.1193    13.8155 0.0000e+00  -62.29600  -58.07583 1152394054 189.894158    34.5342 0.0000e+00
    761.000    -0.7313   2.840986    -0.7314   2.841222    6.43975    -0.0992    13.8155 0.0000e+00  -62.29600  -58.07583 1152394055 189.894170    34.5342 0.0000e+00
    762.000    -0.7320   2.840973    -0.7320   2.841217    6.43948    -0.1181    13.8155 0.0000e+00  -62.29600  -58.07583 1152394056 189.894182    34.5342 0.0000e+00
    763.000    -0.7321   2.841019    -0.7319   2.841264    6.43987    -0.1217    13.8155 0.0000e+00  -62.29600  -58.07583 1152394057 189.894196    34.5343 0.0000e+00
    764.000    -0.7319   2.841076    -0.7319   2.841310    6.43786    -0.1223    13.8155 0.0000e+00  -62.29600  -58.07583 1152394059 189.894221    34.5343 0.0000e+00
    765.000    -0.7333   2.841028    -0.7331   2.841271    6.43828    -0.1181    13.8155 0.0000e+00  -62.29600  -58.07583 1152394060 189.894235    34.5346 0.0000e+00
    766.000    -0.7333   2.841070    -0.7331   2.841315    6.43906    -0.1289    13.8155 0.0000e+00  -62.29600  -58.07583 1152394061 189.894246    34.5346 0.0000e+00
    767.000    -0.7324   2.841170    -0.7325   2.841409    6.43745    -0.1305    13.8155 0.0000e+00  -62.29600  -58.07583 1152394062 189.894257    34.5344 0.0000e+00
    768.000    -0.7333   2.841144    -0.7332   2.841395    6.43495    -0.1202    13.8155 0.0000e+00  -62.29600  -58.07583 1152394063 189.894268    34.5344 0.0000e+00
    769.000    -0.7363   2.840954    -0.7360   2.841214    6.43205    -0.1138    13.8155 0.0000e+00  -62.29600  -58.07583 1152394065 189.894283    34.5347 0.0000e+00
    770.000    -0.7374   2.840903    -0.7374   2.841145    6.43269    -0.1073    13.8155 0.0000e+00  -62.29600  -58.07583 1152394066 189.894303    34.5348 0.0000e+00
    771.000    -0.7386   2.840854    -0.7386   2.841104    6.43814    -0.1132    13.8155 0.0000e+00  -62.29600  -58.07583 1152394068 189.894322    34.5349 0.0000e+00
    772.000    -0.7400   2.840789    -0.7399   2.841033    6.44148    -0.1176    13.8155 0.0000e+00  -62.29600  -58.07583 1152394069 189.894337    34.5350 0.0000e+00
    773.000    -0.7403   2.840821    -0.7402   2.841059    6.44332    -0.1043    13.8155 0.0000e+00  -62.29600  -58.07583 1152394070 189.894350    34.5351 0.0000e+00
    774.000    -0.7404   2.840843    -0.7405   2.841079    6.44351    -0.1142    13.8155 0.0000e+00  -62.29600  -58.07583 1152394072 189.894364    34.5350 0.0000e+00
