product_data/regression_test/downloaded_data/MGDS/320620060703/ctd/p6606204.ros
* Sea-Bird SBE 9 Data File:
* FileName = D:\Data\Raw\p6606204.dat
* Software Version Seasave Win32 V 5.32
* Temperature SN = 1649
* Conductivity SN = 1431
* Number of Bytes Per Scan = 37
* Number of Voltage Words = 5
* Number of Scans Averaged by the Deck Unit = 1
* NMEA Latitude = 61 05.82 S
* NMEA Longitude = 058 08.38 W
* NMEA UTC (Time) = 08:04:11
** Ship:   Nathaniel B. Palmer 
** Cruise:    NBP0606 
# nquan = 17
# nvalues = 1176                    
# units = specified
# name 0 = prDM: Pressure, Digiquartz [db]
# name 1 = t090C: Temperature [ITS-90, deg C]
# name 2 = c0S/m: Conductivity [S/m]
# name 3 = t190C: Temperature, 2 [ITS-90, deg C]
# name 4 = c1S/m: Conductivity, 2 [S/m]
# name 5 = sbeox0ML/L: Oxygen, SBE 43 [ml/l]
# name 6 = flECO-AFL: Fluorescence, Wetlab ECO-AFL/FL [mg/m^3]
# name 7 = bat: Beam Attenuation, Chelsea/Seatech/Wetlab CStar [1/m]
# name 8 = spar: SPAR/Surface Irradiance
# name 9 = latitude: Latitude [deg]
# name 10 = longitude: Longitude [deg]
# name 11 = timeY: Time, System [seconds]
# name 12 = timeJ: Julian Days
# name 13 = sal00: Salinity [PSU]
# name 14 = scan: scan number
# name 15 = nbf: number of bottles fired
# name 16 = flag:  0.000e+00
# interval = seconds: 0.0416667                   
# start_time = Jul 07 2006 08:04:18
*END*
[from data line 511]
    156.831     0.8378   2.936119     0.8396   2.936163    5.55409    -0.0534    13.8155 0.0000e+00  -61.09700  -58.13967 1152259769 188.339942    34.3879       7513         11  0.000e+00
    156.898     0.8369   2.936103     0.8406   2.936163    5.55425    -0.0749    13.8155 0.0000e+00  -61.09700  -58.13967 1152259769 188.339943    34.3887       7514         11  0.000e+00
    156.898     0.8374   2.936119     0.8404   2.936181    5.55419    -0.0749    13.8155 0.0000e+00  -61.09700  -58.13967 1152259769 188.339943    34.3884       7515         11  0.000e+00
    156.898     0.8370   2.936160     0.8407   2.936228    5.55421    -0.0319    13.8155 0.0000e+00  -61.09700  -58.13967 1152259769 188.339944    34.3893       7516         11  0.000e+00
    156.984     0.8384   2.936190     0.8407   2.936246    5.55410    -0.0749    13.8155 0.0000e+00  -61.09700  -58.13967 1152259770 188.339944    34.3881       7517         11  0.000e+00
    156.975     0.8388   2.936241     0.8403   2.936205    5.55403    -0.0749    13.8155 0.0000e+00  -61.09700  -58.13967 1152259770 188.339945    34.3884       7518         11  0.000e+00
    156.975     0.8402   2.936299     0.8392   2.936122    5.55385    -0.0642    13.8155 0.0000e+00  -61.09700  -58.13967 1152259770 188.339945    34.3876       7519         11  0.000e+00
    157.042     0.8394   2.936244     0.8389   2.936063    5.55401    -0.0426    13.8155 0.0000e+00  -61.09700  -58.13967 1152259770 188.339946    34.3877       7520         11  0.000e+00
    156.975     0.8388   2.936167     0.8385   2.936051    5.54950    -0.0534    13.8155 0.0000e+00  -61.09700  -58.13967 1152259770 188.339946    34.3874       7521         11  0.000e+00
    157.109     0.8386   2.936150     0.8379   2.936009    5.55420    -0.0857    13.8155 0.0000e+00  -61.09700  -58.13967 1152259770 188.339946    34.3873       7522         11  0.000e+00
    156.984     0.8383   2.936167     0.8371   2.935974    5.55413    -0.0857    13.8155 0.0000e+00  -61.09700  -58.13967 1152259770 188.339947    34.3880       7523         11  0.000e+00
    157.185     0.8383   2.936153     0.8362   2.935926    5.55429    -0.0642    13.8155 0.0000e+00  -61.09700  -58.13967 1152259770 188.339947    34.3877       7524         11  0.000e+00
    157.042     0.8383   2.936130     0.8354   2.935879    5.55419    -0.0642    13.8155 0.0000e+00  -61.09700  -58.13967 1152259770 188.339948    34.3875       7525         11  0.000e+00
    157.185     0.8374   2.936089     0.8351   2.935879    5.55443    -0.0749    13.8155 0.0000e+00  -61.09700  -58.13967 1152259770 188.339948    34.3879       7526         11  0.000e+00
    157.109     0.8369   2.936079     0.8351   2.935861    5.55443    -0.1180    13.8155 0.0000e+00  -61.09700  -58.13967 1152259770 188.339949    34.3883       7527         11  0.000e+00
    157.185     0.8364   2.936028     0.8358   2.935861    5.55456    -0.0964    13.8155 0.0000e+00  -61.09700  -58.13967 1152259770 188.339949    34.3881       7528         11  0.000e+00
    157.185     0.8358   2.935951     0.8351   2.935903    5.55467    -0.0749    13.8155 0.0000e+00  -61.09700  -58.13967 1152259770 188.339950    34.3878       7529         11  0.000e+00
    157.195     0.8342   2.935883     0.8354   2.935867    5.55032    -0.0857    13.8155 0.0000e+00  -61.09700  -58.13967 1152259770 188.339950    34.3887       7530         11  0.000e+00
    157.185     0.8336   2.935816     0.8354   2.935879    5.55041    -0.0749    13.8155 0.0000e+00  -61.09700  -58.13967 1152259770 188.339951    34.3885       7531         11  0.000e+00
    157.185     0.8331   2.935832     0.8353   2.935861    5.55503    -0.0964    13.8155 0.0000e+00  -61.09700  -58.13967 1152259770 188.339951    34.3892       7532         11  0.000e+00
    157.252     0.8328   2.935880     0.8362   2.935915    5.55052    -0.0857    13.8155 0.0000e+00  -61.09700  -58.13967 1152259770 188.339952    34.3901       7533         11  0.000e+00
    157.252     0.8337   2.935927     0.8368   2.935962    5.55496    -0.0426    13.8155 0.0000e+00  -61.09700  -58.13967 1152259770 188.339952    34.3897       7534         11  0.000e+00
    157.252     0.8342   2.935957     0.8370   2.935992    5.55033    -0.0749    13.8155 0.0000e+00  -61.09700  -58.13967 1152259770 188.339953    34.3896       7535         11  0.000e+00
    157.252     0.8352   2.936015     0.8371   2.935998    5.55476    -0.0534    13.8155 0.0000e+00  -61.09700  -58.13967 1152259770 188.339953    34.3893       7536         11  0.000e+00
    157.328     0.8355   2.936032     0.8374   2.935980    5.55478    -0.0319    13.8155 0.0000e+00  -61.09700  -58.13967 1152259770 188.339954    34.3891       7537         11  0.000e+00
    157.252     0.8355   2.936049     0.8370   2.935968    5.55014    -0.0211    13.8155 0.0000e+00  -61.09700  -58.13967 1152259770 188.339954    34.3894       7538         11  0.000e+00
    157.328     0.8355   2.936015     0.8368   2.935944    5.55022    -0.0642    13.8155 0.0000e+00  -61.09700  -58.13967 1152259770 188.339955    34.3889       7539         11  0.000e+00
    157.328     0.8360   2.936022     0.8358   2.935938    5.55016    -0.1180    13.8155 0.0000e+00  -61.09700  -58.13967 1152259770 188.339955    34.3885       7540         11  0.000e+00
    156.344     0.8547   2.937356     0.8546   2.937258    5.56035    -0.0642    13.8155 0.0000e+00  -61.09700  -58.13967 1152259775 188.340007    34.3856       7647         12  0.000e+00
    156.344     0.8545   2.937369     0.8555   2.937281    5.55580    -0.0319    13.8155 0.0000e+00  -61.09700  -58.13967 1152259775 188.340007    34.3859       7648         12  0.000e+00
    156.268     0.8555   2.937399     0.8553   2.937311    5.55561    -0.0319    13.8155 0.0000e+00  -61.09700  -58.13967 1152259775 188.340008    34.3852       7649         12  0.000e+00
    156.278     0.8553   2.937393     0.8559   2.937323    5.56021    -0.0319    13.8155 0.0000e+00  -61.09700  -58.13967 1152259775 188.340008    34.3854       7650         12  0.000e+00
    156.268     0.8548   2.937372     0.8567   2.937358    5.56027    -0.0642    13.8155 0.0000e+00  -61.09700  -58.13967 1152259775 188.340009    34.3857       7651         12  0.000e+00
    156.201     0.8544   2.937349     0.8565   2.937376    5.56028    -0.0964    13.8155 0.0000e+00  -61.09700  -58.13967 1152259775 188.340009    34.3859       7652         12  0.000e+00
    156.268     0.8540   2.937396     0.8569   2.937412    5.56035    -0.0642    13.8155 0.0000e+00  -61.09700  -58.13967 1152259775 188.340010    34.3869       7653         12  0.000e+00
    156.201     0.8541   2.937413     0.8574   2.937447    5.56029    -0.0642    13.8155 0.0000e+00  -61.09700  -58.13967 1152259775 188.340010    34.3871       7654         12  0.000e+00
    156.201     0.8541   2.937501     0.8574   2.937435    5.56024    -0.0749    13.8155 0.0000e+00  -61.09700  -58.13967 1152259775 188.340011    34.3882       7655         12  0.000e+00
    156.134     0.8558   2.937531     0.8574   2.937489    5.55998    -0.0964    13.8155 0.0000e+00  -61.09700  -58.13967 1152259775 188.340011    34.3867       7656         12  0.000e+00
    156.201     0.8572   2.937636     0.8577   2.937512    5.55526    -0.0749    13.8155 0.0000e+00  -61.09700  -58.13967 1152259775 188.340012    34.3865       7657         12  0.000e+00
    156.125     0.8573   2.937707     0.8582   2.937530    5.55515    -0.0642    13.8155 0.0000e+00  -61.09700  -58.13967 1152259775 188.340012    34.3873       7658         12  0.000e+00
    156.125     0.8579   2.937720     0.8589   2.937577    5.55508    -0.0642    13.8155 0.0000e+00  -61.09700  -58.13967 1152259775 188.340013    34.3869       7659         12  0.000e+00
    156.125     0.8591   2.937734     0.8591   2.937613    5.55494    -0.0964    13.8155 0.0000e+00  -61.09700  -58.13967 1152259775 188.340013    34.3857       7660         12  0.000e+00
    156.125     0.8595   2.937812     0.8596   2.937625    5.55486    -0.0642    13.8155 0.0000e+00  -61.09700  -58.13967 1152259776 188.340014    34.3863       7661         12  0.000e+00
    156.067     0.8599   2.937852     0.8601   2.937642    5.55475    -0.0319    13.8155 0.0000e+00  -61.09700  -58.13967 1152259776 188.340014    34.3863       7662         12  0.000e+00
    156.058     0.8603   2.937859     0.8605   2.937654    5.55926    -0.0319    13.8155 0.0000e+00  -61.09700  -58.13967 1152259776 188.340014    34.3860       7663         12  0.000e+00
    156.058     0.8602   2.937839     0.8602   2.937672    5.55928    -0.0534    13.8155 0.0000e+00  -61.09700  -58.13967 1152259776 188.340015    34.3859       7664         12  0.000e+00
    156.058     0.8597   2.937781     0.8605   2.937696    5.55937    -0.0857    13.8155 0.0000e+00  -61.09700  -58.13967 1152259776 188.340015    34.3857       7665         12  0.000e+00
    156.058     0.8587   2.937744     0.8606   2.937684    5.55493    -0.0534    13.8155 0.0000e+00  -61.09700  -58.13967 1152259776 188.340016    34.3864       7666         12  0.000e+00
    155.991     0.8578   2.937724     0.8607   2.937696    5.55499    -0.0749    13.8155 0.0000e+00  -61.09700  -58.13967 1152259776 188.340016    34.3871       7667         12  0.000e+00
    156.067     0.8576   2.937751     0.8607   2.937708    5.55505    -0.0642    13.8155 0.0000e+00  -61.09700  -58.13967 1152259776 188.340017    34.3876       7668         12  0.000e+00
    155.991     0.8582   2.937731     0.8607   2.937708    5.55494    -0.0211    13.8155 0.0000e+00  -61.09700  -58.13967 1152259776 188.340017    34.3867       7669         12  0.000e+00
    155.991     0.8588   2.937771     0.8608   2.937666    5.55486    -0.0319    13.8155 0.0000e+00  -61.09700  -58.13967 1152259776 188.340018    34.3866       7670         12  0.000e+00
    155.991     0.8583   2.937751     0.8605   2.937672    5.55949    -0.0534    13.8155 0.0000e+00  -61.09700  -58.13967 1152259776 188.340018    34.3869       7671         12  0.000e+00
    155.991     0.8584   2.937758     0.8602   2.937654    5.55491    -0.0749    13.8155 0.0000e+00  -61.09700  -58.13967 1152259776 188.340019    34.3869       7672         12  0.000e+00
    155.915     0.8584   2.937764     0.8597   2.937690    5.55484     0.0112    13.8155 0.0000e+00  -61.09700  -58.13967 1152259776 188.340019    34.3870       7673         12  0.000e+00
    156.001     0.8591   2.937744     0.8591   2.937642    5.55941     0.0004    13.8155 0.0000e+00  -61.09700  -58.13967 1152259776 188.340020    34.3859       7674         12  0.000e+00
    155.915     0.8589   2.937741     0.8584   2.937625    5.55936    -0.0642    13.8155 0.0000e+00  -61.09700  -58.13967 1152259776 188.340020    34.3861       7675         12  0.000e+00
    155.991     0.8585   2.937774     0.8585   2.937625    5.55945    -0.0749    13.8155 0.0000e+00  -61.09700  -58.13967 1152259776 188.340021    34.3870       7676         12  0.000e+00
    155.915     0.8588   2.937788     0.8590   2.937625    5.55479    -0.0319    13.8155 0.0000e+00  -61.09700  -58.13967 1152259776 188.340021    34.3869       7677         12  0.000e+00
    155.915     0.8592   2.937788     0.8591   2.937601    5.55474     0.0004    13.8155 0.0000e+00  -61.09700  -58.13967 1152259776 188.340022    34.3864       7678         12  0.000e+00
    155.915     0.8595   2.937768     0.8591   2.937577    5.55929    -0.0319    13.8155 0.0000e+00  -61.09700  -58.13967 1152259776 188.340022    34.3859       7679         12  0.000e+00
    155.924     0.8595   2.937781     0.8577   2.937483    5.55928    -0.0534    13.8155 0.0000e+00  -61.09700  -58.13967 1152259776 188.340023    34.3860       7680         12  0.000e+00
    155.915     0.8591   2.937768     0.8571   2.937435    5.55477    -0.0534    13.8155 0.0000e+00  -61.09700  -58.13967 1152259776 188.340023    34.3863       7681         12  0.000e+00
    155.915     0.8586   2.937730     0.8567   2.937429    5.55484    -0.0642    13.8155 0.0000e+00  -61.09700  -58.13967 1152259776 188.340024    34.3864       7682         12  0.000e+00
    155.915     0.8576   2.937683     0.8559   2.937388    5.55497    -0.0642    13.8155 0.0000e+00  -61.09700  -58.13967 1152259776 188.340024    34.3869       7683         12  0.000e+00
    155.991     0.8564   2.937565     0.8554   2.937335    5.55522    -0.0642    13.8155 0.0000e+00  -61.09700  -58.13967 1152259777 188.340025    34.3866       7684         12  0.000e+00
    155.848     0.8547   2.937477     0.8557   2.937323    5.55534    -0.0857    13.8155 0.0000e+00  -61.09700  -58.13967 1152259777 188.340025    34.3874       7685         12  0.000e+00
    155.924     0.8543   2.937440     0.8553   2.937341    5.55547    -0.0749    13.8155 0.0000e+00  -61.09700  -58.13967 1152259777 188.340026    34.3874       7686         12  0.000e+00
    155.781     0.8550   2.937470     0.8548   2.937329    5.55526    -0.0642    13.8155 0.0000e+00  -61.09700  -58.13967 1152259777 188.340026    34.3870       7687         12  0.000e+00
    156.058     0.8550   2.937484     0.8551   2.937275    5.55547    -0.0857    13.8155 0.0000e+00  -61.09700  -58.13967 1152259777 188.340027    34.3870       7688         12  0.000e+00
    155.915     0.8544   2.937447     0.8548   2.937281    5.55544    -0.0534    13.8155 0.0000e+00  -61.09700  -58.13967 1152259777 188.340027    34.3873       7689         12  0.000e+00
    155.991     0.8547   2.937399     0.8539   2.937270    5.55549    -0.0319    13.8155 0.0000e+00  -61.09700  -58.13967 1152259777 188.340027    34.3863       7690         12  0.000e+00
    155.915     0.8548   2.937372     0.8541   2.937264    5.55543    -0.0319    13.8155 0.0000e+00  -61.09700  -58.13967 1152259777 188.340028    34.3859       7691         12  0.000e+00
    155.924     0.8540   2.937315     0.8543   2.937281    5.55556    -0.0964    13.8155 0.0000e+00  -61.09700  -58.13967 1152259777 188.340028    34.3861       7692         12  0.000e+00
    155.915     0.8530   2.937298     0.8543   2.937270    5.55568    -0.0749    13.8155 0.0000e+00  -61.09700  -58.13967 1152259777 188.340029    34.3870       7693         12  0.000e+00
    155.991     0.8528   2.937244     0.8546   2.937222    5.55578    -0.0211    13.8155 0.0000e+00  -61.09700  -58.13967 1152259777 188.340029    34.3864       7694         12  0.000e+00
    155.915     0.8516   2.937190     0.8546   2.937169    5.55588    -0.0211    13.8155 0.0000e+00  -61.09700  -58.13967 1152259777 188.340030    34.3871       7695         12  0.000e+00
    156.899     0.8524   2.937332     0.8526   2.937181    5.54735    -0.0749    13.8155 0.0000e+00  -61.09700  -58.13967 1152259781 188.340081    34.3875       7801         13  0.000e+00
    157.042     0.8520   2.937268     0.8520   2.937163    5.54753    -0.0426    13.8155 0.0000e+00  -61.09700  -58.13967 1152259781 188.340082    34.3870       7802         13  0.000e+00
    156.832     0.8519   2.937214     0.8523   2.937134    5.54742    -0.0534    13.8155 0.0000e+00  -61.09700  -58.13967 1152259781 188.340082    34.3866       7803         13  0.000e+00
    156.976     0.8514   2.937079     0.8528   2.937086    5.54764    -0.0426    13.8155 0.0000e+00  -61.09700  -58.13967 1152259782 188.340082    34.3852       7804         13  0.000e+00
    156.976     0.8512   2.937072     0.8518   2.937027    5.54767    -0.0104    13.8155 0.0000e+00  -61.09700  -58.13967 1152259782 188.340083    34.3853       7805         13  0.000e+00
    156.775     0.8502   2.937065     0.8509   2.936998    5.54764    -0.0426    13.8155 0.0000e+00  -61.09700  -58.13967 1152259782 188.340083    34.3866       7806         13  0.000e+00
    156.976     0.8499   2.937042     0.8500   2.936927    5.54783    -0.0857    13.8155 0.0000e+00  -61.09700  -58.13967 1152259782 188.340084    34.3865       7807         13  0.000e+00
