product_data/regression_test/downloaded_data/MGDS/320620060703/ctd/p6609607.ros
* Sea-Bird SBE 9 Data File:
* FileName = D:\Data\Raw\p6609607.dat
* Software Version Seasave Win32 V 5.32
* Temperature SN = 1649
* Conductivity SN = 1431
* Number of Bytes Per Scan = 37
* Number of Voltage Words = 5
* Number of Scans Averaged by the Deck Unit = 1
* NMEA Latitude = 60 45.06 S
* NMEA Longitude = 058 22.44 W
* NMEA UTC (Time) = 00:38:08
** Ship:   Nathaniel B. Palmer 
** Cruise:    NBP0606 
# nquan = 17
# nvalues = 1176                    
# units = specified
# name 0 = prDM: Pressure, Digiquartz [db]
# name 1 = t090C: Temperature [ITS-90, deg C]
# name 2 = c0S/m: Conductivity [S/m]
# name 3 = t190C: Temperature, 2 [ITS-90, deg C]
# name 4 = c1S/m: Conductivity, 2 [S/m]
# name 5 = sbeox0ML/L: Oxygen, SBE 43 [ml/l]
# name 6 = flECO-AFL: Fluorescence, Wetlab ECO-AFL/FL [mg/m^3]
# name 7 = bat: Beam Attenuation, Chelsea/Seatech/Wetlab CStar [1/m]
# name 8 = spar: SPAR/Surface Irradiance
# name 9 = latitude: Latitude [deg]
# name 10 = longitude: Longitude [deg]
# name 11 = timeY: Time, System [seconds]
# name 12 = timeJ: Julian Days
# name 13 = sal00: Salinity [PSU]
# name 14 = scan: scan number
# name 15 = nbf: number of bottles fired
# name 16 = flag:  0.000e+00
# interval = seconds: 0.0416667                   
# start_time = Jul 12 2006 00:38:16
*END*
[from data line 341]
     29.732    -0.8057   2.753763    -0.8111   2.754126    8.06028     0.2909    13.8155 0.0000e+00  -60.75100  -58.37400 1152664784 193.027622    33.8833       2173          7  0.000e+00
     29.674    -0.8057   2.753743    -0.8100   2.754132    8.06022     0.2694    13.8155 0.0000e+00  -60.75100  -58.37400 1152664784 193.027622    33.8830       2174          7  0.000e+00
     30.570    -0.8066   2.753707    -0.8068   2.754421    8.05672     0.2909    13.8155 0.0000e+00  -60.75100  -58.37400 1152664789 193.027671    33.8830       2276          8  0.000e+00
     30.656    -0.8069   2.753714    -0.8070   2.754432    8.05686     0.2909    13.8155 0.0000e+00  -60.75100  -58.37400 1152664789 193.027672    33.8834       2277          8  0.000e+00
     30.579    -0.8067   2.753733    -0.8068   2.754421    8.05673     0.2586    13.8155 0.0000e+00  -60.75100  -58.37400 1152664789 193.027672    33.8835       2278          8  0.000e+00
     30.656    -0.8069   2.753756    -0.8070   2.754438    8.05683     0.2263    13.8155 0.0000e+00  -60.75100  -58.37400 1152664789 193.027673    33.8840       2279          8  0.000e+00
     30.646    -0.8069   2.753730    -0.8062   2.754438    8.05683     0.2479    13.8155 0.0000e+00  -60.75100  -58.37400 1152664789 193.027673    33.8836       2280          8  0.000e+00
     30.722    -0.8065   2.753720    -0.8071   2.754421    8.05685     0.2586    13.8155 0.0000e+00  -60.75100  -58.37400 1152664789 193.027674    33.8829       2281          8  0.000e+00
     30.579    -0.8066   2.753720    -0.8062   2.754421    8.05672     0.2479    13.8155 0.0000e+00  -60.75100  -58.37400 1152664789 193.027674    33.8832       2282          8  0.000e+00
     30.722    -0.8066   2.753733    -0.8067   2.754438    8.05687     0.2694    13.8155 0.0000e+00  -60.75100  -58.37400 1152664789 193.027675    33.8833       2283          8  0.000e+00
     30.646    -0.8061   2.753740    -0.8070   2.754438    8.05670     0.3017    13.8155 0.0000e+00  -60.75100  -58.37400 1152664789 193.027675    33.8829       2284          8  0.000e+00
     30.656    -0.8065   2.753723    -0.8073   2.754421    8.05678     0.3124    13.8155 0.0000e+00  -60.75100  -58.37400 1152664789 193.027676    33.8830       2285          8  0.000e+00
     30.722    -0.8065   2.753750    -0.8068   2.754461    8.05683     0.3339    13.8155 0.0000e+00  -60.75100  -58.37400 1152664789 193.027676    33.8833       2286          8  0.000e+00
     30.713    -0.8067   2.753730    -0.8070   2.754415    8.05688     0.2801    13.8155 0.0000e+00  -60.75100  -58.37400 1152664789 193.027677    33.8834       2287          8  0.000e+00
     30.656    -0.8067   2.753733    -0.8071   2.754444    8.05682     0.2479    13.8155 0.0000e+00  -60.75100  -58.37400 1152664789 193.027677    33.8835       2288          8  0.000e+00
     30.722    -0.8071   2.753723    -0.8068   2.754450    8.05695     0.2909    13.8155 0.0000e+00  -60.75100  -58.37400 1152664789 193.027677    33.8837       2289          8  0.000e+00
     30.656    -0.8069   2.753750    -0.8067   2.754427    8.05683     0.3555    13.8155 0.0000e+00  -60.75100  -58.37400 1152664789 193.027678    33.8839       2290          8  0.000e+00
     30.713    -0.8069   2.753743    -0.8068   2.754461    8.05690     0.3339    13.8155 0.0000e+00  -60.75100  -58.37400 1152664789 193.027678    33.8838       2291          8  0.000e+00
     30.722    -0.8066   2.753740    -0.8070   2.754444    8.05686     0.2479    13.8155 0.0000e+00  -60.75100  -58.37400 1152664789 193.027679    33.8834       2292          8  0.000e+00
     30.722    -0.8067   2.753740    -0.8070   2.754404    8.05689     0.2909    13.8155 0.0000e+00  -60.75100  -58.37400 1152664789 193.027679    33.8835       2293          8  0.000e+00
     30.656    -0.8066   2.753723    -0.8071   2.754432    8.05679     0.3232    13.8155 0.0000e+00  -60.75100  -58.37400 1152664789 193.027680    33.8832       2294          8  0.000e+00
     30.713    -0.8063   2.753733    -0.8073   2.754450    8.05681     0.3124    13.8155 0.0000e+00  -60.75100  -58.37400 1152664790 193.027680    33.8829       2295          8  0.000e+00
     30.722    -0.8066   2.753723    -0.8073   2.754438    8.05687     0.3232    13.8155 0.0000e+00  -60.75100  -58.37400 1152664790 193.027681    33.8832       2296          8  0.000e+00
     30.656    -0.8061   2.753733    -0.8073   2.754421    8.06141     0.2801    13.8155 0.0000e+00  -60.75100  -58.37400 1152664790 193.027681    33.8828       2297          8  0.000e+00
     30.722    -0.8071   2.753723    -0.8076   2.754404    8.05695     0.3017    13.8155 0.0000e+00  -60.75100  -58.37400 1152664790 193.027682    33.8837       2298          8  0.000e+00
     30.646    -0.8066   2.753733    -0.8073   2.754398    8.06147     0.2909    13.8155 0.0000e+00  -60.75100  -58.37400 1152664790 193.027682    33.8833       2299          8  0.000e+00
     30.722    -0.8070   2.753723    -0.8073   2.754427    8.06164     0.3232    13.8155 0.0000e+00  -60.75100  -58.37400 1152664790 193.027683    33.8836       2300          8  0.000e+00
     30.656    -0.8066   2.753733    -0.8078   2.754404    8.06148     0.3232    13.8155 0.0000e+00  -60.75100  -58.37400 1152664790 193.027683    33.8833       2301          8  0.000e+00
     30.656    -0.8063   2.753723    -0.8073   2.754398    8.05675     0.3017    13.8155 0.0000e+00  -60.75100  -58.37400 1152664790 193.027684    33.8828       2302          8  0.000e+00
     30.646    -0.8069   2.753750    -0.8073   2.754375    8.05682     0.2909    13.8155 0.0000e+00  -60.75100  -58.37400 1152664790 193.027684    33.8839       2303          8  0.000e+00
     30.656    -0.8069   2.753714    -0.8076   2.754375    8.05686     0.2909    13.8155 0.0000e+00  -60.75100  -58.37400 1152664790 193.027685    33.8834       2304          8  0.000e+00
     30.579    -0.8069   2.753697    -0.8071   2.754409    8.05678     0.2586    13.8155 0.0000e+00  -60.75100  -58.37400 1152664790 193.027685    33.8832       2305          8  0.000e+00
     30.656    -0.8067   2.753697    -0.8076   2.754404    8.05684     0.3017    13.8155 0.0000e+00  -60.75100  -58.37400 1152664790 193.027686    33.8830       2306          8  0.000e+00
     30.503    -0.8067   2.753697    -0.8074   2.754380    8.06136     0.2801    13.8155 0.0000e+00  -60.75100  -58.37400 1152664790 193.027686    33.8831       2307          8  0.000e+00
     30.722    -0.8069   2.753697    -0.8076   2.754409    8.06164     0.2371    13.8155 0.0000e+00  -60.75100  -58.37400 1152664790 193.027687    33.8832       2308          8  0.000e+00
     30.579    -0.8072   2.753746    -0.8074   2.754404    8.06149     0.2586    13.8155 0.0000e+00  -60.75100  -58.37400 1152664790 193.027687    33.8843       2309          8  0.000e+00
     30.579    -0.8069   2.753743    -0.8076   2.754415    8.06144     0.3232    13.8155 0.0000e+00  -60.75100  -58.37400 1152664790 193.027688    33.8839       2310          8  0.000e+00
     30.570    -0.8071   2.753691    -0.8074   2.754409    8.06149     0.3339    13.8155 0.0000e+00  -60.75100  -58.37400 1152664790 193.027688    33.8833       2311          8  0.000e+00
     30.513    -0.8067   2.753691    -0.8071   2.754398    8.06138     0.3124    13.8155 0.0000e+00  -60.75100  -58.37400 1152664790 193.027689    33.8830       2312          8  0.000e+00
     30.579    -0.8066   2.753697    -0.8076   2.754398    8.06142     0.3124    13.8155 0.0000e+00  -60.75100  -58.37400 1152664790 193.027689    33.8829       2313          8  0.000e+00
     30.436    -0.8071   2.753697    -0.8071   2.754398    8.06134     0.2801    13.8155 0.0000e+00  -60.75100  -58.37400 1152664790 193.027690    33.8835       2314          8  0.000e+00
     30.579    -0.8067   2.753697    -0.8073   2.754404    8.06145     0.2909    13.8155 0.0000e+00  -60.75100  -58.37400 1152664790 193.027690    33.8830       2315          8  0.000e+00
     30.513    -0.8063   2.753714    -0.8071   2.754438    8.06129     0.3124    13.8155 0.0000e+00  -60.75100  -58.37400 1152664790 193.027690    33.8828       2316          8  0.000e+00
     30.446    -0.8066   2.753720    -0.8068   2.754427    8.06126     0.2909    13.8155 0.0000e+00  -60.75100  -58.37400 1152664790 193.027691    33.8833       2317          8  0.000e+00
     30.503    -0.8065   2.753720    -0.8068   2.754421    8.06130     0.3017    13.8155 0.0000e+00  -60.75100  -58.37400 1152664790 193.027691    33.8831       2318          8  0.000e+00
     30.446    -0.8067   2.753720    -0.8064   2.754450    8.06128     0.2909    13.8155 0.0000e+00  -60.75100  -58.37400 1152664791 193.027692    33.8834       2319          8  0.000e+00
     30.446    -0.8072   2.753733    -0.8062   2.754427    8.06135     0.2479    13.8155 0.0000e+00  -60.75100  -58.37400 1152664791 193.027692    33.8841       2320          8  0.000e+00
     30.369    -0.8066   2.753740    -0.8067   2.754438    8.06116     0.2694    13.8155 0.0000e+00  -60.75100  -58.37400 1152664791 193.027693    33.8836       2321          8  0.000e+00
     30.436    -0.8069   2.753723    -0.8068   2.754450    8.06130     0.3124    13.8155 0.0000e+00  -60.75100  -58.37400 1152664791 193.027693    33.8837       2322          8  0.000e+00
     30.369    -0.8072   2.753720    -0.8062   2.754438    8.06127     0.2909    13.8155 0.0000e+00  -60.75100  -58.37400 1152664791 193.027694    33.8840       2323          8  0.000e+00
     30.369    -0.8065   2.753700    -0.8064   2.754467    8.06116     0.2586    13.8155 0.0000e+00  -60.75100  -58.37400 1152664791 193.027694    33.8829       2324          8  0.000e+00
     30.302    -0.8069   2.753733    -0.8074   2.754427    8.06114     0.2586    13.8155 0.0000e+00  -60.75100  -58.37400 1152664796 193.027750    33.8839       2440          9  0.000e+00
     30.435    -0.8067   2.753723    -0.8074   2.754421    8.06127     0.3017    13.8155 0.0000e+00  -60.75100  -58.37400 1152664796 193.027751    33.8835       2441          9  0.000e+00
     30.302    -0.8071   2.753720    -0.8073   2.754386    8.06117     0.3662    13.8155 0.0000e+00  -60.75100  -58.37400 1152664796 193.027751    33.8839       2442          9  0.000e+00
     30.369    -0.8069   2.753750    -0.8073   2.754409    8.06589     0.3770    13.8155 0.0000e+00  -60.75100  -58.37400 1152664796 193.027752    33.8841       2443          9  0.000e+00
     30.302    -0.8072   2.753730    -0.8079   2.754380    8.06588     0.3339    13.8155 0.0000e+00  -60.75100  -58.37400 1152664796 193.027752    33.8842       2444          9  0.000e+00
     30.435    -0.8071   2.753720    -0.8081   2.754351    8.06601     0.3124    13.8155 0.0000e+00  -60.75100  -58.37400 1152664796 193.027753    33.8838       2445          9  0.000e+00
     30.369    -0.8072   2.753720    -0.8082   2.754392    8.06597     0.2909    13.8155 0.0000e+00  -60.75100  -58.37400 1152664796 193.027753    33.8840       2446          9  0.000e+00
     30.302    -0.8071   2.753720    -0.8078   2.754375    8.06586     0.3339    13.8155 0.0000e+00  -60.75100  -58.37400 1152664796 193.027754    33.8839       2447          9  0.000e+00
     30.359    -0.8070   2.753700    -0.8078   2.754369    8.06125     0.3017    13.8155 0.0000e+00  -60.75100  -58.37400 1152664796 193.027754    33.8835       2448          9  0.000e+00
     30.369    -0.8078   2.753727    -0.8079   2.754403    8.06606     0.3339    13.8155 0.0000e+00  -60.75100  -58.37400 1152664796 193.027755    33.8848       2449          9  0.000e+00
     30.369    -0.8075   2.753723    -0.8076   2.754432    8.06132     0.3447    13.8155 0.0000e+00  -60.75100  -58.37400 1152664796 193.027755    33.8844       2450          9  0.000e+00
     30.369    -0.8074   2.753733    -0.8079   2.754403    8.06598     0.3232    13.8155 0.0000e+00  -60.75100  -58.37400 1152664796 193.027756    33.8844       2451          9  0.000e+00
     30.435    -0.8072   2.753723    -0.8079   2.754398    8.06604     0.3124    13.8155 0.0000e+00  -60.75100  -58.37400 1152664796 193.027756    33.8840       2452          9  0.000e+00
     30.302    -0.8075   2.753733    -0.8079   2.754415    8.06593     0.3017    13.8155 0.0000e+00  -60.75100  -58.37400 1152664796 193.027757    33.8846       2453          9  0.000e+00
     30.445    -0.8070   2.753740    -0.8084   2.754369    8.06131     0.3232    13.8155 0.0000e+00  -60.75100  -58.37400 1152664796 193.027757    33.8840       2454          9  0.000e+00
     30.302    -0.8075   2.753707    -0.8076   2.754363    8.06125     0.3662    13.8155 0.0000e+00  -60.75100  -58.37400 1152664796 193.027758    33.8842       2455          9  0.000e+00
     30.359    -0.8072   2.753697    -0.8073   2.754386    8.06128     0.3124    13.8155 0.0000e+00  -60.75100  -58.37400 1152664796 193.027758    33.8837       2456          9  0.000e+00
     30.369    -0.8078   2.753727    -0.8073   2.754398    8.06137     0.3232    13.8155 0.0000e+00  -60.75100  -58.37400 1152664796 193.027758    33.8848       2457          9  0.000e+00
     30.369    -0.8072   2.753740    -0.8074   2.754403    8.06126     0.3232    13.8155 0.0000e+00  -60.75100  -58.37400 1152664796 193.027759    33.8843       2458          9  0.000e+00
     30.369    -0.8074   2.753707    -0.8074   2.754398    8.06131     0.3124    13.8155 0.0000e+00  -60.75100  -58.37400 1152664796 193.027759    33.8840       2459          9  0.000e+00
     30.292    -0.8075   2.753713    -0.8078   2.754432    8.06124     0.3124    13.8155 0.0000e+00  -60.75100  -58.37400 1152664796 193.027760    33.8843       2460          9  0.000e+00
     30.369    -0.8070   2.753684    -0.8070   2.754415    8.06127     0.3339    13.8155 0.0000e+00  -60.75100  -58.37400 1152664796 193.027760    33.8833       2461          9  0.000e+00
     30.302    -0.8071   2.753723    -0.8074   2.754438    8.06117     0.3232    13.8155 0.0000e+00  -60.75100  -58.37400 1152664796 193.027761    33.8839       2462          9  0.000e+00
     30.369    -0.8074   2.753723    -0.8073   2.754409    8.06129     0.3124    13.8155 0.0000e+00  -60.75100  -58.37400 1152664797 193.027761    33.8842       2463          9  0.000e+00
     30.292    -0.8072   2.753700    -0.8074   2.754398    8.06120     0.2909    13.8155 0.0000e+00  -60.75100  -58.37400 1152664797 193.027762    33.8838       2464          9  0.000e+00
     30.302    -0.8069   2.753723    -0.8070   2.754427    8.06115     0.2801    13.8155 0.0000e+00  -60.75100  -58.37400 1152664797 193.027762    33.8838       2465          9  0.000e+00
     30.302    -0.8072   2.753704    -0.8071   2.754421    8.06121     0.2371    13.8155 0.0000e+00  -60.75100  -58.37400 1152664797 193.027763    33.8839       2466          9  0.000e+00
     30.292    -0.8075   2.753727    -0.8073   2.754438    8.06123     0.2479    13.8155 0.0000e+00  -60.75100  -58.37400 1152664797 193.027763    33.8845       2467          9  0.000e+00
     30.302    -0.8074   2.753723    -0.8070   2.754450    8.06591     0.2156    13.8155 0.0000e+00  -60.75100  -58.37400 1152664797 193.027764    33.8843       2468          9  0.000e+00
     30.302    -0.8072   2.753733    -0.8070   2.754455    8.06588     0.2479    13.8155 0.0000e+00  -60.75100  -58.37400 1152664797 193.027764    33.8843       2469          9  0.000e+00
     30.235    -0.8071   2.753723    -0.8068   2.754450    8.06579     0.2694    13.8155 0.0000e+00  -60.75100  -58.37400 1152664797 193.027765    33.8840       2470          9  0.000e+00
     30.292    -0.8071   2.753720    -0.8065   2.754467    8.06116     0.3124    13.8155 0.0000e+00  -60.75100  -58.37400 1152664797 193.027765    33.8839       2471          9  0.000e+00
     30.235    -0.8072   2.753720    -0.8068   2.754432    8.06582     0.3447    13.8155 0.0000e+00  -60.75100  -58.37400 1152664797 193.027766    33.8841       2472          9  0.000e+00
