product_data/regression_test/downloaded_data/MGDS/320620060703/ctd/p6609608.ros
* Sea-Bird SBE 9 Data File:
* FileName = D:\Data\Raw\p6609608.dat
* Software Version Seasave Win32 V 5.32
* Temperature SN = 1649
* Conductivity SN = 1431
* Number of Bytes Per Scan = 37
* Number of Voltage Words = 5
* Number of Scans Averaged by the Deck Unit = 1
* NMEA Latitude = 60 45.06 S
* NMEA Longitude = 058 22.44 W
* NMEA UTC (Time) = 01:09:38
** Ship:   Nathaniel B. Palmer 
** Cruise:    NBP0606 
# nquan = 17
# nvalues = 1176                    
# units = specified
# name 0 = prDM: Pressure, Digiquartz [db]
# name 1 = t090C: Temperature [ITS-90, deg C]
# name 2 = c0S/m: Conductivity [S/m]
# name 3 = t190C: Temperature, 2 [ITS-90, deg C]
# name 4 = c1S/m: Conductivity, 2 [S/m]
# name 5 = sbeox0ML/L: Oxygen, SBE 43 [ml/l]
# name 6 = flECO-AFL: Fluorescence, Wetlab ECO-AFL/FL [mg/m^3]
# name 7 = bat: Beam Attenuation, Chelsea/Seatech/Wetlab CStar [1/m]
# name 8 = spar: SPAR/Surface Irradiance
# name 9 = latitude: Latitude [deg]
# name 10 = longitude: Longitude [deg]
# name 11 = timeY: Time, System [seconds]
# name 12 = timeJ: Julian Days
# name 13 = sal00: Salinity [PSU]
# name 14 = scan: scan number
# name 15 = nbf: number of bottles fired
# name 16 = flag:  0.000e+00
# interval = seconds: 0.0416667                   
# start_time = Jul 12 2006 01:09:45
*END*
[from data line 596]
     29.576    -0.8311   2.751625    -0.8317   2.752294    8.14090     0.2586    13.8155 0.0000e+00  -60.75100  -58.37400 1152666712 193.049932    33.8829       3099         13  0.000e+00
     29.519    -0.8309   2.751615    -0.8313   2.752288    8.14082     0.2586    13.8155 0.0000e+00  -60.75100  -58.37400 1152666712 193.049932    33.8826       3100         13  0.000e+00
     29.519    -0.8312   2.751582    -0.8321   2.752271    8.14089     0.2048    13.8155 0.0000e+00  -60.75100  -58.37400 1152666712 193.049932    33.8825       3101         13  0.000e+00
     29.519    -0.8314   2.751602    -0.8315   2.752265    8.14090     0.1941    13.8155 0.0000e+00  -60.75100  -58.37400 1152666712 193.049933    33.8830       3102         13  0.000e+00
     29.500    -0.8311   2.751632    -0.8321   2.752282    8.14081     0.1941    13.8155 0.0000e+00  -60.75100  -58.37400 1152666713 193.049933    33.8830       3103         13  0.000e+00
     29.519    -0.8317   2.751619    -0.8317   2.752271    8.14094     0.1726    13.8155 0.0000e+00  -60.75100  -58.37400 1152666713 193.049934    33.8836       3104         13  0.000e+00
     29.376    -0.8312   2.751605    -0.8318   2.752242    8.14071     0.1726    13.8155 0.0000e+00  -60.75100  -58.37400 1152666713 193.049934    33.8829       3105         13  0.000e+00
     29.576    -0.8317   2.751596    -0.8320   2.752277    8.14102     0.2156    13.8155 0.0000e+00  -60.75100  -58.37400 1152666713 193.049935    33.8832       3106         13  0.000e+00
     29.519    -0.8317   2.751596    -0.8324   2.752294    8.13626     0.2263    13.8155 0.0000e+00  -60.75100  -58.37400 1152666713 193.049935    33.8833       3107         13  0.000e+00
     29.443    -0.8315   2.751609    -0.8321   2.752271    8.14083     0.2263    13.8155 0.0000e+00  -60.75100  -58.37400 1152666713 193.049936    33.8833       3108         13  0.000e+00
     29.519    -0.8315   2.751615    -0.8323   2.752265    8.14091     0.2371    13.8155 0.0000e+00  -60.75100  -58.37400 1152666713 193.049936    33.8833       3109         13  0.000e+00
     29.433    -0.8312   2.751599    -0.8322   2.752282    8.14078     0.2479    13.8155 0.0000e+00  -60.75100  -58.37400 1152666713 193.049937    33.8828       3110         13  0.000e+00
     29.519    -0.8317   2.751609    -0.8320   2.752271    8.14095     0.2586    13.8155 0.0000e+00  -60.75100  -58.37400 1152666713 193.049937    33.8834       3111         13  0.000e+00
     29.443    -0.8318   2.751582    -0.8320   2.752282    8.14090     0.2479    13.8155 0.0000e+00  -60.75100  -58.37400 1152666713 193.049938    33.8833       3112         13  0.000e+00
     29.433    -0.8315   2.751573    -0.8319   2.752271    8.14085     0.2371    13.8155 0.0000e+00  -60.75100  -58.37400 1152666713 193.049938    33.8828       3113         13  0.000e+00
     29.519    -0.8318   2.751576    -0.8320   2.752282    8.14100     0.2156    13.8155 0.0000e+00  -60.75100  -58.37400 1152666713 193.049939    33.8831       3114         13  0.000e+00
     29.443    -0.8315   2.751556    -0.8321   2.752288    8.14087     0.2048    13.8155 0.0000e+00  -60.75100  -58.37400 1152666713 193.049939    33.8826       3115         13  0.000e+00
     29.443    -0.8312   2.751599    -0.8322   2.752288    8.14079     0.2479    13.8155 0.0000e+00  -60.75100  -58.37400 1152666713 193.049940    33.8828       3116         13  0.000e+00
     29.433    -0.8311   2.751615    -0.8323   2.752294    8.14074     0.2694    13.8155 0.0000e+00  -60.75100  -58.37400 1152666713 193.049940    33.8829       3117         13  0.000e+00
     29.443    -0.8311   2.751615    -0.8320   2.752311    8.14075     0.2694    13.8155 0.0000e+00  -60.75100  -58.37400 1152666713 193.049941    33.8829       3118         13  0.000e+00
     29.443    -0.8309   2.751648    -0.8317   2.752317    8.14071     0.2694    13.8155 0.0000e+00  -60.75100  -58.37400 1152666713 193.049941    33.8831       3119         13  0.000e+00
     29.433    -0.8311   2.751642    -0.8319   2.752294    8.14072     0.2586    13.8155 0.0000e+00  -60.75100  -58.37400 1152666713 193.049942    33.8832       3120         13  0.000e+00
     29.443    -0.8311   2.751671    -0.8320   2.752288    8.13602     0.2694    13.8155 0.0000e+00  -60.75100  -58.37400 1152666713 193.049942    33.8836       3121         13  0.000e+00
     29.443    -0.8306   2.751648    -0.8323   2.752271    8.14066     0.1941    13.8155 0.0000e+00  -60.75100  -58.37400 1152666713 193.049943    33.8828       3122         13  0.000e+00
     29.443    -0.8307   2.751678    -0.8318   2.752300    8.14066     0.2048    13.8155 0.0000e+00  -60.75100  -58.37400 1152666713 193.049943    33.8833       3123         13  0.000e+00
     29.433    -0.8309   2.751684    -0.8315   2.752276    8.14067     0.1941    13.8155 0.0000e+00  -60.75100  -58.37400 1152666713 193.049944    33.8836       3124         13  0.000e+00
     29.443    -0.8306   2.751697    -0.8314   2.752282    8.14062     0.2156    13.8155 0.0000e+00  -60.75100  -58.37400 1152666713 193.049944    33.8835       3125         13  0.000e+00
     29.376    -0.8305   2.751720    -0.8319   2.752288    8.14050     0.2479    13.8155 0.0000e+00  -60.75100  -58.37400 1152666713 193.049945    33.8836       3126         13  0.000e+00
     29.443    -0.8301   2.751707    -0.8315   2.752328    8.14053     0.1833    13.8155 0.0000e+00  -60.75100  -58.37400 1152666714 193.049945    33.8831       3127         13  0.000e+00
     29.433    -0.8298   2.751720    -0.8315   2.752323    8.14046     0.1833    13.8155 0.0000e+00  -60.75100  -58.37400 1152666714 193.049946    33.8829       3128         13  0.000e+00
     29.443    -0.8305   2.751743    -0.8316   2.752276    8.14056     0.2479    13.8155 0.0000e+00  -60.75100  -58.37400 1152666714 193.049946    33.8839       3129         13  0.000e+00
     29.443    -0.8294   2.751779    -0.8315   2.752300    8.14035     0.2586    13.8155 0.0000e+00  -60.75100  -58.37400 1152666714 193.049946    33.8832       3130         13  0.000e+00
     29.433    -0.8290   2.751825    -0.8312   2.752311    8.14026     0.2371    13.8155 0.0000e+00  -60.75100  -58.37400 1152666714 193.049947    33.8834       3131         13  0.000e+00
     29.376    -0.8294   2.751819    -0.8308   2.752334    8.14025     0.2371    13.8155 0.0000e+00  -60.75100  -58.37400 1152666714 193.049947    33.8837       3132         13  0.000e+00
     29.443    -0.8294   2.751819    -0.8305   2.752380    8.13563     0.1833    13.8155 0.0000e+00  -60.75100  -58.37400 1152666714 193.049948    33.8837       3133         13  0.000e+00
     29.443    -0.8290   2.751816    -0.8300   2.752375    8.14028     0.1726    13.8155 0.0000e+00  -60.75100  -58.37400 1152666714 193.049948    33.8833       3134         13  0.000e+00
     29.433    -0.8290   2.751796    -0.8304   2.752386    8.14028     0.2048    13.8155 0.0000e+00  -60.75100  -58.37400 1152666714 193.049949    33.8830       3135         13  0.000e+00
     29.443    -0.8289   2.751776    -0.8307   2.752375    8.14028     0.2371    13.8155 0.0000e+00  -60.75100  -58.37400 1152666714 193.049949    33.8826       3136         13  0.000e+00
     29.376    -0.8297   2.751720    -0.8306   2.752352    8.14037     0.2156    13.8155 0.0000e+00  -60.75100  -58.37400 1152666714 193.049950    33.8828       3137         13  0.000e+00
     29.433    -0.8297   2.751704    -0.8301   2.752398    8.14045     0.2263    13.8155 0.0000e+00  -60.75100  -58.37400 1152666714 193.049950    33.8825       3138         13  0.000e+00
     29.443    -0.8306   2.751704    -0.8304   2.752404    8.14061     0.1941    13.8155 0.0000e+00  -60.75100  -58.37400 1152666714 193.049951    33.8835       3139         13  0.000e+00
     30.568    -0.8114   2.753408    -0.8118   2.754091    8.13749     0.1941    13.8155 0.0000e+00  -60.75100  -58.37400 1152666722 193.050045    33.8844       3334         14  0.000e+00
     30.559    -0.8122   2.753425    -0.8116   2.754080    8.13759     0.2263    13.8155 0.0000e+00  -60.75100  -58.37400 1152666722 193.050045    33.8855       3335         14  0.000e+00
     30.635    -0.8120   2.753382    -0.8116   2.754080    8.13767     0.2263    13.8155 0.0000e+00  -60.75100  -58.37400 1152666722 193.050046    33.8846       3336         14  0.000e+00
     30.568    -0.8117   2.753379    -0.8113   2.754097    8.13756     0.1833    13.8155 0.0000e+00  -60.75100  -58.37400 1152666722 193.050046    33.8843       3337         14  0.000e+00
     30.702    -0.8117   2.753385    -0.8114   2.754138    8.13771     0.1618    13.8155 0.0000e+00  -60.75100  -58.37400 1152666722 193.050047    33.8843       3338         14  0.000e+00
     30.626    -0.8111   2.753402    -0.8110   2.754132    8.13750     0.2156    13.8155 0.0000e+00  -60.75100  -58.37400 1152666722 193.050047    33.8839       3339         14  0.000e+00
     30.702    -0.8111   2.753425    -0.8113   2.754115    8.13757     0.2479    13.8155 0.0000e+00  -60.75100  -58.37400 1152666722 193.050048    33.8842       3340         14  0.000e+00
     30.702    -0.8113   2.753395    -0.8119   2.754086    8.13762     0.2371    13.8155 0.0000e+00  -60.75100  -58.37400 1152666722 193.050048    33.8840       3341         14  0.000e+00
     30.635    -0.8114   2.753418    -0.8113   2.754068    8.13755     0.2371    13.8155 0.0000e+00  -60.75100  -58.37400 1152666722 193.050049    33.8845       3342         14  0.000e+00
     30.769    -0.8117   2.753395    -0.8116   2.754034    8.14247     0.1726    13.8155 0.0000e+00  -60.75100  -58.37400 1152666723 193.050049    33.8844       3343         14  0.000e+00
     30.635    -0.8114   2.753434    -0.8114   2.754063    8.14222     0.1833    13.8155 0.0000e+00  -60.75100  -58.37400 1152666723 193.050050    33.8846       3344         14  0.000e+00
     30.778    -0.8111   2.753418    -0.8122   2.754080    8.14236     0.2479    13.8155 0.0000e+00  -60.75100  -58.37400 1152666723 193.050050    33.8840       3345         14  0.000e+00
     30.778    -0.8113   2.753375    -0.8121   2.754068    8.14242     0.2479    13.8155 0.0000e+00  -60.75100  -58.37400 1152666723 193.050051    33.8836       3346         14  0.000e+00
     30.692    -0.8117   2.753379    -0.8113   2.754057    8.14239     0.2263    13.8155 0.0000e+00  -60.75100  -58.37400 1152666723 193.050051    33.8843       3347         14  0.000e+00
     30.778    -0.8111   2.753402    -0.8118   2.754057    8.14237     0.2263    13.8155 0.0000e+00  -60.75100  -58.37400 1152666723 193.050052    33.8838       3348         14  0.000e+00
     30.778    -0.8116   2.753375    -0.8118   2.754057    8.14246     0.1941    13.8155 0.0000e+00  -60.75100  -58.37400 1152666723 193.050052    33.8840       3349         14  0.000e+00
     30.769    -0.8116   2.753379    -0.8114   2.754063    8.14245     0.1726    13.8155 0.0000e+00  -60.75100  -58.37400 1152666723 193.050053    33.8840       3350         14  0.000e+00
     30.778    -0.8116   2.753385    -0.8116   2.754034    8.14246     0.1833    13.8155 0.0000e+00  -60.75100  -58.37400 1152666723 193.050053    33.8841       3351         14  0.000e+00
     30.845    -0.8117   2.753385    -0.8119   2.754063    8.14255     0.2479    13.8155 0.0000e+00  -60.75100  -58.37400 1152666723 193.050054    33.8842       3352         14  0.000e+00
     30.778    -0.8119   2.753385    -0.8119   2.754080    8.14251     0.2048    13.8155 0.0000e+00  -60.75100  -58.37400 1152666723 193.050054    33.8845       3353         14  0.000e+00
     30.835    -0.8120   2.753369    -0.8122   2.754091    8.14261     0.1941    13.8155 0.0000e+00  -60.75100  -58.37400 1152666723 193.050054    33.8844       3354         14  0.000e+00
     30.778    -0.8122   2.753366    -0.8118   2.754063    8.14257     0.2156    13.8155 0.0000e+00  -60.75100  -58.37400 1152666723 193.050055    33.8845       3355         14  0.000e+00
     30.845    -0.8120   2.753379    -0.8118   2.754074    8.14261     0.2263    13.8155 0.0000e+00  -60.75100  -58.37400 1152666723 193.050055    33.8845       3356         14  0.000e+00
     30.845    -0.8120   2.753369    -0.8118   2.754080    8.14262     0.1941    13.8155 0.0000e+00  -60.75100  -58.37400 1152666723 193.050056    33.8843       3357         14  0.000e+00
     30.769    -0.8117   2.753366    -0.8119   2.754068    8.14249     0.1726    13.8155 0.0000e+00  -60.75100  -58.37400 1152666723 193.050056    33.8840       3358         14  0.000e+00
     30.845    -0.8116   2.753329    -0.8118   2.754057    8.14257     0.2371    13.8155 0.0000e+00  -60.75100  -58.37400 1152666723 193.050057    33.8833       3359         14  0.000e+00
     30.845    -0.8121   2.753329    -0.8118   2.754074    8.14267     0.2801    13.8155 0.0000e+00  -60.75100  -58.37400 1152666723 193.050057    33.8839       3360         14  0.000e+00
     30.845    -0.8120   2.753356    -0.8119   2.754063    8.14263     0.3017    13.8155 0.0000e+00  -60.75100  -58.37400 1152666723 193.050058    33.8842       3361         14  0.000e+00
     30.769    -0.8120   2.753395    -0.8113   2.754103    8.14251     0.2586    13.8155 0.0000e+00  -60.75100  -58.37400 1152666723 193.050058    33.8848       3362         14  0.000e+00
     30.845    -0.8122   2.753359    -0.8114   2.754086    8.14265     0.2479    13.8155 0.0000e+00  -60.75100  -58.37400 1152666723 193.050059    33.8844       3363         14  0.000e+00
     30.845    -0.8122   2.753392    -0.8113   2.754097    8.14263     0.2694    13.8155 0.0000e+00  -60.75100  -58.37400 1152666723 193.050059    33.8849       3364         14  0.000e+00
     30.778    -0.8122   2.753408    -0.8116   2.754068    8.14254     0.2263    13.8155 0.0000e+00  -60.75100  -58.37400 1152666723 193.050060    33.8851       3365         14  0.000e+00
     30.835    -0.8117   2.753375    -0.8118   2.754086    8.14256     0.2156    13.8155 0.0000e+00  -60.75100  -58.37400 1152666723 193.050060    33.8841       3366         14  0.000e+00
     30.845    -0.8119   2.753366    -0.8113   2.754103    8.14260     0.2479    13.8155 0.0000e+00  -60.75100  -58.37400 1152666724 193.050061    33.8841       3367         14  0.000e+00
     30.778    -0.8118   2.753379    -0.8114   2.754126    8.14250     0.2801    13.8155 0.0000e+00  -60.75100  -58.37400 1152666724 193.050061    33.8843       3368         14  0.000e+00
     30.778    -0.8122   2.753385    -0.8114   2.754074    8.14256     0.2909    13.8155 0.0000e+00  -60.75100  -58.37400 1152666724 193.050062    33.8848       3369         14  0.000e+00
     30.769    -0.8122   2.753352    -0.8111   2.754103    8.14257     0.2694    13.8155 0.0000e+00  -60.75100  -58.37400 1152666724 193.050062    33.8844       3370         14  0.000e+00
     30.778    -0.8119   2.753343    -0.8114   2.754126    8.14254     0.2479    13.8155 0.0000e+00  -60.75100  -58.37400 1152666724 193.050063    33.8839       3371         14  0.000e+00
     30.778    -0.8120   2.753372    -0.8111   2.754132    8.14254     0.2479    13.8155 0.0000e+00  -60.75100  -58.37400 1152666724 193.050063    33.8844       3372         14  0.000e+00
     30.702    -0.8116   2.753352    -0.8114   2.754132    8.14240     0.2371    13.8155 0.0000e+00  -60.75100  -58.37400 1152666724 193.050064    33.8837       3373         14  0.000e+00
     30.769    -0.8119   2.753359    -0.8114   2.754103    8.14252     0.1941    13.8155 0.0000e+00  -60.75100  -58.37400 1152666724 193.050064    33.8841       3374         14  0.000e+00
     30.702    -0.8122   2.753379    -0.8110   2.754080    8.14248     0.1941    13.8155 0.0000e+00  -60.75100  -58.37400 1152666724 193.050065    33.8848       3375         14  0.000e+00
     30.778    -0.8120   2.753352    -0.8113   2.754097    8.14255     0.1833    13.8155 0.0000e+00  -60.75100  -58.37400 1152666724 193.050065    33.8841       3376         14  0.000e+00
