product_data/regression_test/downloaded_data/MGDS/320620060703/ctd/p6608701.ros
* Sea-Bird SBE 9 Data File:
* FileName = D:\Data\Raw\P6608701.dat
* Software Version Seasave Win32 V 5.32
* Temperature SN = 1649
* Conductivity SN = 1431
* Number of Bytes Per Scan = 37
* Number of Voltage Words = 5
* Number of Scans Averaged by the Deck Unit = 1
* NMEA Latitude = 61 33.29 S
* NMEA Longitude = 057 46.12 W
* NMEA UTC (Time) = 07:05:52
** Ship:   Nathaniel B. Palmer 
** Cruise:    NBP0603 p0606
** Cast #: 01
** Station:   87
** Operator: rdd
# nquan = 17
# nvalues = 1176                    
# units = specified
# name 0 = prDM: Pressure, Digiquartz [db]
# name 1 = t090C: Temperature [ITS-90, deg C]
# name 2 = c0S/m: Conductivity [S/m]
# name 3 = t190C: Temperature, 2 [ITS-90, deg C]
# name 4 = c1S/m: Conductivity, 2 [S/m]
# name 5 = sbeox0ML/L: Oxygen, SBE 43 [ml/l]
# name 6 = flECO-AFL: Fluorescence, Wetlab ECO-AFL/FL [mg/m^3]
# name 7 = bat: Beam Attenuation, Chelsea/Seatech/Wetlab CStar [1/m]
# name 8 = spar: SPAR/Surface Irradiance
# name 9 = latitude: Latitude [deg]
# name 10 = longitude: Longitude [deg]
# name 11 = timeY: Time, System [seconds]
# name 12 = timeJ: Julian Days
# name 13 = sal00: Salinity [PSU]
# name 14 = scan: scan number
# name 15 = nbf: number of bottles fired
# name 16 = flag:  0.000e+00
# interval = seconds: 0.0416667                   
# start_time = Jul 10 2006 07:05:59
*END*
[from data line 86]
    394.751     0.6077   2.943932     0.6079   2.944132    5.42732    -0.1180    13.8155 0.0000e+00  -61.55483  -57.76867 1152515960 191.305111    34.6051      19263          2  0.000e+00
    394.684     0.6072   2.943935     0.6083   2.944155    5.42732    -0.1072    13.8155 0.0000e+00  -61.55483  -57.76867 1152515960 191.305111    34.6057      19264          2  0.000e+00
    394.684     0.6076   2.943935     0.6083   2.944143    5.42728    -0.1180    13.8155 0.0000e+00  -61.55483  -57.76867 1152515960 191.305112    34.6052      19265          2  0.000e+00
    394.655     0.6075   2.943949     0.6084   2.944155    5.42726    -0.0857    13.8155 0.0000e+00  -61.55483  -57.76867 1152515960 191.305112    34.6055      19266          2  0.000e+00
    394.684     0.6077   2.943946     0.6083   2.944143    5.42727    -0.1072    13.8155 0.0000e+00  -61.55483  -57.76867 1152515960 191.305113    34.6053      19267          2  0.000e+00
    394.684     0.6075   2.943919     0.6080   2.944132    5.42730    -0.0749    13.8155 0.0000e+00  -61.55483  -57.76867 1152515960 191.305113    34.6051      19268          2  0.000e+00
    394.329     0.6073   2.943942     0.6078   2.944131    5.42704    -0.0749    13.8155 0.0000e+00  -61.55483  -57.76867 1152515961 191.305114    34.6058      19269          2  0.000e+00
    394.894     0.6071   2.943946     0.6084   2.944155    5.42749    -0.0857    13.8155 0.0000e+00  -61.55483  -57.76867 1152515961 191.305114    34.6058      19270          2  0.000e+00
    394.540     0.6075   2.943919     0.6080   2.944143    5.42719    -0.0749    13.8155 0.0000e+00  -61.55483  -57.76867 1152515961 191.305115    34.6052      19271          2  0.000e+00
    394.616     0.6072   2.943912     0.6081   2.944132    5.42728    -0.1072    13.8155 0.0000e+00  -61.55483  -57.76867 1152515961 191.305115    34.6054      19272          2  0.000e+00
    394.540     0.6079   2.943912     0.6081   2.944132    5.42241    -0.1180    13.8155 0.0000e+00  -61.55483  -57.76867 1152515961 191.305116    34.6046      19273          2  0.000e+00
    394.540     0.6077   2.943932     0.6082   2.944132    5.42716    -0.0749    13.8155 0.0000e+00  -61.55483  -57.76867 1152515961 191.305116    34.6052      19274          2  0.000e+00
    300.819     0.5484   2.932374     0.5488   2.932567    5.52347    -0.0534    13.8155 0.0000e+00  -61.55483  -57.76867 1152516163 191.307453    34.5761      24119          3  0.000e+00
    300.848     0.5482   2.932380     0.5486   2.932603    5.52351    -0.0534    13.8155 0.0000e+00  -61.55483  -57.76867 1152516163 191.307453    34.5764      24120          3  0.000e+00
    300.819     0.5485   2.932360     0.5485   2.932615    5.52346    -0.0964    13.8155 0.0000e+00  -61.55483  -57.76867 1152516163 191.307454    34.5758      24121          3  0.000e+00
    300.819     0.5484   2.932357     0.5488   2.932597    5.52348    -0.1502    13.8155 0.0000e+00  -61.55483  -57.76867 1152516163 191.307454    34.5759      24122          3  0.000e+00
    300.848     0.5487   2.932340     0.5488   2.932609    5.52347    -0.1395    13.8155 0.0000e+00  -61.55483  -57.76867 1152516163 191.307455    34.5753      24123          3  0.000e+00
    300.819     0.5480   2.932350     0.5488   2.932597    5.52352    -0.1180    13.8155 0.0000e+00  -61.55483  -57.76867 1152516163 191.307455    34.5761      24124          3  0.000e+00
    300.752     0.5479   2.932357     0.5485   2.932585    5.52348    -0.0964    13.8155 0.0000e+00  -61.55483  -57.76867 1152516163 191.307456    34.5765      24125          3  0.000e+00
    300.771     0.5479   2.932340     0.5486   2.932585    5.51882    -0.0749    13.8155 0.0000e+00  -61.55483  -57.76867 1152516163 191.307456    34.5762      24126          3  0.000e+00
    300.752     0.5480   2.932367     0.5489   2.932591    5.52346    -0.0749    13.8155 0.0000e+00  -61.55483  -57.76867 1152516163 191.307457    34.5764      24127          3  0.000e+00
    300.752     0.5480   2.932343     0.5488   2.932567    5.52347    -0.0857    13.8155 0.0000e+00  -61.55483  -57.76867 1152516163 191.307457    34.5761      24128          3  0.000e+00
    300.771     0.5484   2.932316     0.5488   2.932620    5.52346    -0.0749    13.8155 0.0000e+00  -61.55483  -57.76867 1152516163 191.307458    34.5754      24129          3  0.000e+00
    300.752     0.5482   2.932343     0.5485   2.932573    5.52345    -0.0642    13.8155 0.0000e+00  -61.55483  -57.76867 1152516163 191.307458    34.5759      24130          3  0.000e+00
    300.676     0.5479   2.932320     0.5483   2.932579    5.51876    -0.0749    13.8155 0.0000e+00  -61.55483  -57.76867 1152516163 191.307459    34.5760      24131          3  0.000e+00
    300.771     0.5479   2.932309     0.5482   2.932567    5.52352    -0.0534    13.8155 0.0000e+00  -61.55483  -57.76867 1152516163 191.307459    34.5758      24132          3  0.000e+00
    300.676     0.5482   2.932309     0.5482   2.932579    5.51873    -0.0749    13.8155 0.0000e+00  -61.55483  -57.76867 1152516163 191.307459    34.5755      24133          3  0.000e+00
    300.704     0.5480   2.932276     0.5483   2.932549    5.52346    -0.0749    13.8155 0.0000e+00  -61.55483  -57.76867 1152516163 191.307460    34.5752      24134          3  0.000e+00
    300.609     0.5477   2.932282     0.5488   2.932591    5.52342    -0.0642    13.8155 0.0000e+00  -61.55483  -57.76867 1152516163 191.307460    34.5757      24135          3  0.000e+00
    300.676     0.5471   2.932269     0.5483   2.932597    5.52355    -0.0749    13.8155 0.0000e+00  -61.55483  -57.76867 1152516163 191.307461    34.5762      24136          3  0.000e+00
    300.637     0.5473   2.932228     0.5486   2.932549    5.52352    -0.0749    13.8155 0.0000e+00  -61.55483  -57.76867 1152516163 191.307461    34.5755      24137          3  0.000e+00
    300.609     0.5465   2.932181     0.5489   2.932573    5.52361    -0.0426    13.8155 0.0000e+00  -61.55483  -57.76867 1152516163 191.307462    34.5758      24138          3  0.000e+00
    300.676     0.5468   2.932151     0.5486   2.932561    5.52365    -0.0426    13.8155 0.0000e+00  -61.55483  -57.76867 1152516163 191.307462    34.5750      24139          3  0.000e+00
    300.561     0.5463   2.932130     0.5486   2.932555    5.52362    -0.0534    13.8155 0.0000e+00  -61.55483  -57.76867 1152516163 191.307463    34.5754      24140          3  0.000e+00
    300.609     0.5465   2.932158     0.5485   2.932561    5.52363    -0.1072    13.8155 0.0000e+00  -61.55483  -57.76867 1152516164 191.307463    34.5755      24141          3  0.000e+00
    300.609     0.5468   2.932151     0.5479   2.932543    5.52359    -0.1072    13.8155 0.0000e+00  -61.55483  -57.76867 1152516164 191.307464    34.5751      24142          3  0.000e+00
    300.561     0.5463   2.932130     0.5476   2.932514    5.52362    -0.0857    13.8155 0.0000e+00  -61.55483  -57.76867 1152516164 191.307464    34.5753      24143          3  0.000e+00
    300.532     0.5465   2.932141     0.5482   2.932502    5.52358    -0.0319    13.8155 0.0000e+00  -61.55483  -57.76867 1152516164 191.307465    34.5753      24144          3  0.000e+00
    300.532     0.5465   2.932110     0.5480   2.932502    5.52827    -0.0534    13.8155 0.0000e+00  -61.55483  -57.76867 1152516164 191.307465    34.5749      24145          3  0.000e+00
    300.494     0.5465   2.932134     0.5479   2.932508    5.52823    -0.0642    13.8155 0.0000e+00  -61.55483  -57.76867 1152516164 191.307466    34.5753      24146          3  0.000e+00
    300.465     0.5462   2.932147     0.5474   2.932484    5.52356    -0.0426    13.8155 0.0000e+00  -61.55483  -57.76867 1152516164 191.307466    34.5758      24147          3  0.000e+00
    300.532     0.5462   2.932198     0.5482   2.932472    5.52358    -0.0319    13.8155 0.0000e+00  -61.55483  -57.76867 1152516164 191.307467    34.5764      24148          3  0.000e+00
    300.494     0.5465   2.932181     0.5479   2.932455    5.52353    -0.0426    13.8155 0.0000e+00  -61.55483  -57.76867 1152516164 191.307467    34.5759      24149          3  0.000e+00
    300.465     0.5465   2.932151     0.5479   2.932472    5.52352    -0.0534    13.8155 0.0000e+00  -61.55483  -57.76867 1152516164 191.307468    34.5755      24150          3  0.000e+00
    300.465     0.5465   2.932127     0.5477   2.932461    5.51885    -0.0642    13.8155 0.0000e+00  -61.55483  -57.76867 1152516164 191.307468    34.5752      24151          3  0.000e+00
    300.417     0.5463   2.932124     0.5479   2.932455    5.52351    -0.0426    13.8155 0.0000e+00  -61.55483  -57.76867 1152516164 191.307469    34.5753      24152          3  0.000e+00
    300.398     0.5458   2.932157     0.5477   2.932449    5.52822    -0.0857    13.8155 0.0000e+00  -61.55483  -57.76867 1152516164 191.307469    34.5763      24153          3  0.000e+00
    300.465     0.5458   2.932151     0.5472   2.932467    5.52827    -0.0964    13.8155 0.0000e+00  -61.55483  -57.76867 1152516164 191.307470    34.5762      24154          3  0.000e+00
    300.350     0.5465   2.932147     0.5474   2.932478    5.52343    -0.0857    13.8155 0.0000e+00  -61.55483  -57.76867 1152516164 191.307470    34.5755      24155          3  0.000e+00
    300.398     0.5460   2.932147     0.5476   2.932437    5.52352    -0.0319    13.8155 0.0000e+00  -61.55483  -57.76867 1152516164 191.307471    34.5760      24156          3  0.000e+00
    300.398     0.5463   2.932130     0.5471   2.932443    5.52818    -0.0857    13.8155 0.0000e+00  -61.55483  -57.76867 1152516164 191.307471    34.5754      24157          3  0.000e+00
    300.350     0.5463   2.932141     0.5471   2.932449    5.52814    -0.0749    13.8155 0.0000e+00  -61.55483  -57.76867 1152516164 191.307472    34.5756      24158          3  0.000e+00
    300.398     0.5461   2.932147     0.5476   2.932431    5.52351    -0.0319    13.8155 0.0000e+00  -61.55483  -57.76867 1152516164 191.307472    34.5759      24159          3  0.000e+00
    300.322     0.5458   2.932147     0.5476   2.932461    5.52348    -0.0642    13.8155 0.0000e+00  -61.55483  -57.76867 1152516164 191.307473    34.5762      24160          3  0.000e+00
    300.351     0.5465   2.932147     0.5474   2.932461    5.52812    -0.0964    13.8155 0.0000e+00  -61.55483  -57.76867 1152516164 191.307473    34.5755      24161          3  0.000e+00
    300.322     0.5462   2.932147     0.5472   2.932431    5.52813    -0.1180    13.8155 0.0000e+00  -61.55483  -57.76867 1152516164 191.307473    34.5759      24162          3  0.000e+00
    300.322     0.5460   2.932127     0.5477   2.932461    5.52347    -0.1395    13.8155 0.0000e+00  -61.55483  -57.76867 1152516164 191.307474    34.5758      24163          3  0.000e+00
    300.284     0.5458   2.932124     0.5472   2.932437    5.52346    -0.0857    13.8155 0.0000e+00  -61.55483  -57.76867 1152516164 191.307474    34.5760      24164          3  0.000e+00
    300.322     0.5462   2.932157     0.5471   2.932443    5.52812    -0.0857    13.8155 0.0000e+00  -61.55483  -57.76867 1152516164 191.307475    34.5760      24165          3  0.000e+00
    300.322     0.5462   2.932151     0.5472   2.932407    5.52813    -0.0749    13.8155 0.0000e+00  -61.55483  -57.76867 1152516165 191.307475    34.5759      24166          3  0.000e+00
    300.284     0.5465   2.932181     0.5479   2.932431    5.52805    -0.0642    13.8155 0.0000e+00  -61.55483  -57.76867 1152516165 191.307476    34.5760      24167          3  0.000e+00
    302.093     0.5501   2.932506     0.5509   2.932828    5.52419    -0.0749    13.8155 0.0000e+00  -61.55483  -57.76867 1152516169 191.307531    34.5752      24282          4  0.000e+00
    302.112     0.5496   2.932509     0.5500   2.932781    5.52426    -0.1072    13.8155 0.0000e+00  -61.55483  -57.76867 1152516169 191.307532    34.5757      24283          4  0.000e+00
    302.093     0.5494   2.932485     0.5499   2.932757    5.52427    -0.1072    13.8155 0.0000e+00  -61.55483  -57.76867 1152516169 191.307532    34.5756      24284          4  0.000e+00
    302.160     0.5493   2.932509     0.5502   2.932757    5.52433    -0.0749    13.8155 0.0000e+00  -61.55483  -57.76867 1152516169 191.307533    34.5760      24285          4  0.000e+00
    302.256     0.5493   2.932489     0.5502   2.932792    5.52441    -0.0857    13.8155 0.0000e+00  -61.55483  -57.76867 1152516170 191.307533    34.5757      24286          4  0.000e+00
    302.160     0.5494   2.932492     0.5502   2.932810    5.52900    -0.0857    13.8155 0.0000e+00  -61.55483  -57.76867 1152516170 191.307534    34.5756      24287          4  0.000e+00
    302.160     0.5488   2.932533     0.5509   2.932905    5.52906    -0.0642    13.8155 0.0000e+00  -61.55483  -57.76867 1152516170 191.307534    34.5769      24288          4  0.000e+00
    302.256     0.5494   2.932526     0.5508   2.932946    5.52438    -0.0749    13.8155 0.0000e+00  -61.55483  -57.76867 1152516170 191.307535    34.5760      24289          4  0.000e+00
    302.227     0.5497   2.932523     0.5505   2.932952    5.52432    -0.0857    13.8155 0.0000e+00  -61.55483  -57.76867 1152516170 191.307535    34.5757      24290          4  0.000e+00
    302.256     0.5499   2.932556     0.5517   2.933011    5.52431    -0.1180    13.8155 0.0000e+00  -61.55483  -57.76867 1152516170 191.307536    34.5759      24291          4  0.000e+00
    302.304     0.5499   2.932587     0.5530   2.933088    5.52433    -0.0857    13.8155 0.0000e+00  -61.55483  -57.76867 1152516170 191.307536    34.5763      24292          4  0.000e+00
    302.227     0.5499   2.932610     0.5531   2.933195    5.52426    -0.1072    13.8155 0.0000e+00  -61.55483  -57.76867 1152516170 191.307537    34.5766      24293          4  0.000e+00
    302.323     0.5504   2.932631     0.5537   2.933224    5.52896    -0.0857    13.8155 0.0000e+00  -61.55483  -57.76867 1152516170 191.307537    34.5763      24294          4  0.000e+00
    302.304     0.5499   2.932587     0.5540   2.933207    5.52902    -0.0964    13.8155 0.0000e+00  -61.55483  -57.76867 1152516170 191.307538    34.5763      24295          4  0.000e+00
    302.304     0.5502   2.932587     0.5537   2.933236    5.52430    -0.0857    13.8155 0.0000e+00  -61.55483  -57.76867 1152516170 191.307538    34.5759      24296          4  0.000e+00
    302.323     0.5499   2.932610     0.5540   2.933266    5.52433    -0.0964    13.8155 0.0000e+00  -61.55483  -57.76867 1152516170 191.307539    34.5766      24297          4  0.000e+00
    302.371     0.5505   2.932580     0.5536   2.933171    5.52432    -0.0964    13.8155 0.0000e+00  -61.55483  -57.76867 1152516170 191.307539    34.5755      24298          4  0.000e+00
    302.323     0.5499   2.932570     0.5523   2.933035    5.52435    -0.0534    13.8155 0.0000e+00  -61.55483  -57.76867 1152516170 191.307540    34.5760      24299          4  0.000e+00
    302.371     0.5504   2.932570     0.5522   2.932982    5.52434    -0.0426    13.8155 0.0000e+00  -61.55483  -57.76867 1152516170 191.307540    34.5755      24300          4  0.000e+00
    302.371     0.5501   2.932570     0.5522   2.932994    5.52437    -0.0749    13.8155 0.0000e+00  -61.55483  -57.76867 1152516170 191.307541    34.5758      24301          4  0.000e+00
    302.323     0.5499   2.932600     0.5519   2.932982    5.52434    -0.0749    13.8155 0.0000e+00  -61.55483  -57.76867 1152516170 191.307541    34.5764      24302          4  0.000e+00
    302.371     0.5502   2.932614     0.5517   2.932958    5.52434    -0.0857    13.8155 0.0000e+00  -61.55483  -57.76867 1152516170 191.307541    34.5762      24303          4  0.000e+00
    302.371     0.5502   2.932648     0.5509   2.932928    5.52432    -0.0749    13.8155 0.0000e+00  -61.55483  -57.76867 1152516170 191.307542    34.5767      24304          4  0.000e+00
