product_data/regression_test/downloaded_data/MGDS/320620060703/ctd/p6608401.ros
* Sea-Bird SBE 9 Data File:
* FileName = D:\Data\Raw\P6608401.dat
* Software Version Seasave Win32 V 5.32
* Temperature SN = 1649
* Conductivity SN = 1431
* Number of Bytes Per Scan = 37
* Number of Voltage Words = 5
* Number of Scans Averaged by the Deck Unit = 1
* NMEA Latitude = 61 43.33 S
* NMEA Longitude = 057 38.91 W
* NMEA UTC (Time) = 00:42:37
** Ship:   Nathaniel B. Palmer 
** Cruise:    NBP0603 p0606
** Cast #: 01
** Station:   84
** Operator: 
# nquan = 17
# nvalues = 1145                    
# units = specified
# name 0 = prDM: Pressure, Digiquartz [db]
# name 1 = t090C: Temperature [ITS-90, deg C]
# name 2 = c0S/m: Conductivity [S/m]
# name 3 = t190C: Temperature, 2 [ITS-90, deg C]
# name 4 = c1S/m: Conductivity, 2 [S/m]
# name 5 = sbeox0ML/L: Oxygen, SBE 43 [ml/l]
# name 6 = flECO-AFL: Fluorescence, Wetlab ECO-AFL/FL [mg/m^3]
# name 7 = bat: Beam Attenuation, Chelsea/Seatech/Wetlab CStar [1/m]
# name 8 = spar: SPAR/Surface Irradiance
# name 9 = latitude: Latitude [deg]
# name 10 = longitude: Longitude [deg]
# name 11 = timeY: Time, System [seconds]
# name 12 = timeJ: Julian Days
# name 13 = sal00: Salinity [PSU]
# name 14 = scan: scan number
# name 15 = nbf: number of bottles fired
# name 16 = flag:  0.000e+00
# interval = seconds: 0.0416667                   
# start_time = Jul 10 2006 00:42:45
*END*
[from data line 341]
    148.235    -0.5502   2.805657    -0.5500   2.805922    7.35297    -0.0211    13.8155 0.0000e+00  -61.72217  -57.64850 1152493205 191.041744    34.2233      25002          7  0.000e+00
    148.168    -0.5500   2.805670    -0.5498   2.805899    7.35286    -0.0104    13.8155 0.0000e+00  -61.72217  -57.64850 1152493205 191.041745    34.2232      25003          7  0.000e+00
    147.881    -0.5505   2.805633    -0.5502   2.805899    7.35267     0.0650    13.8155 0.0000e+00  -61.72217  -57.64850 1152493205 191.041748    34.2235      25009          8  0.000e+00
    147.891    -0.5503   2.805647    -0.5508   2.805852    7.35265     0.0542    13.8155 0.0000e+00  -61.72217  -57.64850 1152493205 191.041748    34.2235      25010          8  0.000e+00
    147.881    -0.5498   2.805633    -0.5500   2.805852    7.35257     0.0219    13.8155 0.0000e+00  -61.72217  -57.64850 1152493205 191.041749    34.2227      25011          8  0.000e+00
    147.748    -0.5505   2.805630    -0.5509   2.805835    7.35253     0.0434    13.8155 0.0000e+00  -61.72217  -57.64850 1152493205 191.041749    34.2235      25012          8  0.000e+00
    147.748    -0.5509   2.805594    -0.5502   2.805811    7.35262     0.0112    13.8155 0.0000e+00  -61.72217  -57.64850 1152493205 191.041750    34.2235      25013          8  0.000e+00
    147.681    -0.5505   2.805603    -0.5503   2.805829    7.35248     0.0112    13.8155 0.0000e+00  -61.72217  -57.64850 1152493205 191.041750    34.2232      25014          8  0.000e+00
    147.671    -0.5505   2.805623    -0.5509   2.805835    7.35246     0.0219    13.8155 0.0000e+00  -61.72217  -57.64850 1152493205 191.041751    34.2235      25015          8  0.000e+00
    147.605    -0.5504   2.805613    -0.5505   2.805846    7.35239     0.0004    13.8155 0.0000e+00  -61.72217  -57.64850 1152493206 191.041751    34.2233      25016          8  0.000e+00
    147.605    -0.5509   2.805607    -0.5501   2.805835    7.35247     0.0004    13.8155 0.0000e+00  -61.72217  -57.64850 1152493206 191.041752    34.2238      25017          8  0.000e+00
    147.538    -0.5501   2.805607    -0.5505   2.805852    7.35228    -0.0104    13.8155 0.0000e+00  -61.72217  -57.64850 1152493206 191.041752    34.2229      25018          8  0.000e+00
    147.461    -0.5503   2.805607    -0.5500   2.805875    7.35223     0.0434    13.8155 0.0000e+00  -61.72217  -57.64850 1152493206 191.041753    34.2233      25019          8  0.000e+00
    147.461    -0.5502   2.805640    -0.5502   2.805864    7.35219     0.0434    13.8155 0.0000e+00  -61.72217  -57.64850 1152493206 191.041753    34.2235      25020          8  0.000e+00
    147.471    -0.5506   2.805633    -0.5502   2.805864    7.35226     0.0112    13.8155 0.0000e+00  -61.72217  -57.64850 1152493206 191.041753    34.2239      25021          8  0.000e+00
    147.328    -0.5506   2.805630    -0.5503   2.805852    7.35685     0.0327    13.8155 0.0000e+00  -61.72217  -57.64850 1152493206 191.041754    34.2240      25022          8  0.000e+00
    147.395    -0.5501   2.805613    -0.5501   2.805835    7.35213    -0.0104    13.8155 0.0000e+00  -61.72217  -57.64850 1152493206 191.041754    34.2231      25023          8  0.000e+00
    147.328    -0.5505   2.805623    -0.5502   2.805817    7.35211    -0.0104    13.8155 0.0000e+00  -61.72217  -57.64850 1152493206 191.041755    34.2237      25024          8  0.000e+00
    147.261    -0.5508   2.805630    -0.5502   2.805870    7.35208     0.0434    13.8155 0.0000e+00  -61.72217  -57.64850 1152493206 191.041755    34.2242      25025          8  0.000e+00
    147.251    -0.5501   2.805630    -0.5506   2.805840    7.35197     0.0004    13.8155 0.0000e+00  -61.72217  -57.64850 1152493206 191.041756    34.2234      25026          8  0.000e+00
    147.108    -0.5499   2.805613    -0.5502   2.805829    7.35180     0.0004    13.8155 0.0000e+00  -61.72217  -57.64850 1152493206 191.041756    34.2230      25027          8  0.000e+00
    147.328    -0.5500   2.805623    -0.5506   2.805835    7.35203     0.0542    13.8155 0.0000e+00  -61.72217  -57.64850 1152493206 191.041757    34.2231      25028          8  0.000e+00
    147.108    -0.5499   2.805646    -0.5500   2.805829    7.35178     0.0542    13.8155 0.0000e+00  -61.72217  -57.64850 1152493206 191.041757    34.2235      25029          8  0.000e+00
    147.108    -0.5503   2.805620    -0.5505   2.805829    7.35659     0.0219    13.8155 0.0000e+00  -61.72217  -57.64850 1152493206 191.041758    34.2236      25030          8  0.000e+00
    147.108    -0.5501   2.805623    -0.5501   2.805835    7.35183     0.0327    13.8155 0.0000e+00  -61.72217  -57.64850 1152493206 191.041758    34.2234      25031          8  0.000e+00
    147.041    -0.5505   2.805630    -0.5503   2.805817    7.35181     0.0327    13.8155 0.0000e+00  -61.72217  -57.64850 1152493206 191.041759    34.2240      25032          8  0.000e+00
    147.041    -0.5503   2.805630    -0.5502   2.805840    7.35178     0.0542    13.8155 0.0000e+00  -61.72217  -57.64850 1152493206 191.041759    34.2238      25033          8  0.000e+00
    146.974    -0.5502   2.805646    -0.5499   2.805817    7.35168     0.0434    13.8155 0.0000e+00  -61.72217  -57.64850 1152493206 191.041760    34.2239      25034          8  0.000e+00
    146.974    -0.5503   2.805600    -0.5502   2.805829    7.35174     0.0112    13.8155 0.0000e+00  -61.72217  -57.64850 1152493206 191.041760    34.2235      25035          8  0.000e+00
    146.974    -0.5504   2.805617    -0.5502   2.805805    7.35174     0.0327    13.8155 0.0000e+00  -61.72217  -57.64850 1152493206 191.041761    34.2238      25036          8  0.000e+00
    146.898    -0.5503   2.805630    -0.5502   2.805823    7.35164     0.0327    13.8155 0.0000e+00  -61.72217  -57.64850 1152493206 191.041761    34.2239      25037          8  0.000e+00
    146.898    -0.5503   2.805613    -0.5499   2.805835    7.35165    -0.0104    13.8155 0.0000e+00  -61.72217  -57.64850 1152493206 191.041762    34.2237      25038          8  0.000e+00
    146.908    -0.5506   2.805660    -0.5502   2.805846    7.35167     0.0327    13.8155 0.0000e+00  -61.72217  -57.64850 1152493207 191.041762    34.2246      25039          8  0.000e+00
    146.831    -0.5502   2.805623    -0.5503   2.805835    7.35155     0.0327    13.8155 0.0000e+00  -61.72217  -57.64850 1152493207 191.041763    34.2237      25040          8  0.000e+00
    146.831    -0.5504   2.805607    -0.5497   2.805817    7.35633     0.0650    13.8155 0.0000e+00  -61.72217  -57.64850 1152493207 191.041763    34.2237      25041          8  0.000e+00
    146.831    -0.5506   2.805607    -0.5498   2.805846    7.35636     0.0757    13.8155 0.0000e+00  -61.72217  -57.64850 1152493207 191.041764    34.2240      25042          8  0.000e+00
    146.764    -0.5505   2.805590    -0.5502   2.805834    7.35155     0.0219    13.8155 0.0000e+00  -61.72217  -57.64850 1152493207 191.041764    34.2236      25043          8  0.000e+00
    146.764    -0.5504   2.805600    -0.5499   2.805829    7.35154     0.0650    13.8155 0.0000e+00  -61.72217  -57.64850 1152493207 191.041765    34.2237      25044          8  0.000e+00
    146.764    -0.5503   2.805607    -0.5499   2.805834    7.35152     0.0757    13.8155 0.0000e+00  -61.72217  -57.64850 1152493207 191.041765    34.2237      25045          8  0.000e+00
    146.698    -0.5506   2.805607    -0.5500   2.805846    7.35149     0.0650    13.8155 0.0000e+00  -61.72217  -57.64850 1152493207 191.041766    34.2240      25046          8  0.000e+00
    146.764    -0.5502   2.805607    -0.5503   2.805858    7.35150     0.0112    13.8155 0.0000e+00  -61.72217  -57.64850 1152493207 191.041766    34.2235      25047          8  0.000e+00
    146.688    -0.5505   2.805610    -0.5499   2.805840    7.35146    -0.0104    13.8155 0.0000e+00  -61.72217  -57.64850 1152493207 191.041766    34.2239      25048          8  0.000e+00
    146.688    -0.5503   2.805590    -0.5502   2.805846    7.35145     0.0004    13.8155 0.0000e+00  -61.72217  -57.64850 1152493207 191.041767    34.2234      25049          8  0.000e+00
    146.621    -0.5500   2.805603    -0.5507   2.805858    7.35133     0.0112    13.8155 0.0000e+00  -61.72217  -57.64850 1152493207 191.041767    34.2234      25050          8  0.000e+00
    146.688    -0.5504   2.805640    -0.5500   2.805840    7.35143     0.0327    13.8155 0.0000e+00  -61.72217  -57.64850 1152493207 191.041768    34.2243      25051          8  0.000e+00
    146.621    -0.5505   2.805620    -0.5499   2.805852    7.35139     0.0542    13.8155 0.0000e+00  -61.72217  -57.64850 1152493207 191.041768    34.2241      25052          8  0.000e+00
    146.621    -0.5503   2.805590    -0.5498   2.805852    7.35611     0.0865    13.8155 0.0000e+00  -61.72217  -57.64850 1152493207 191.041769    34.2235      25053          8  0.000e+00
    146.621    -0.5503   2.805616    -0.5500   2.805834    7.35608     0.0650    13.8155 0.0000e+00  -61.72217  -57.64850 1152493207 191.041769    34.2238      25054          8  0.000e+00
    146.554    -0.5500   2.805610    -0.5497   2.805852    7.35126     0.0112    13.8155 0.0000e+00  -61.72217  -57.64850 1152493207 191.041770    34.2235      25055          8  0.000e+00
    146.621    -0.5507   2.805590    -0.5496   2.805875    7.35144     0.0004    13.8155 0.0000e+00  -61.72217  -57.64850 1152493207 191.041770    34.2240      25056          8  0.000e+00
    146.554    -0.5502   2.805603    -0.5502   2.805864    7.35128    -0.0104    13.8155 0.0000e+00  -61.72217  -57.64850 1152493207 191.041771    34.2236      25057          8  0.000e+00
    121.202    -0.6384   2.795011    -0.6484   2.794383    7.44936     0.0757    13.8155 0.0000e+00  -61.72217  -57.64850 1152493286 191.042682    34.1961      26946          9  0.000e+00
    121.269    -0.6387   2.795011    -0.6484   2.794436    7.45420     0.0757    13.8155 0.0000e+00  -61.72217  -57.64850 1152493286 191.042682    34.1964      26947          9  0.000e+00
    121.222    -0.6387   2.795027    -0.6482   2.794412    7.44941     0.0327    13.8155 0.0000e+00  -61.72217  -57.64850 1152493286 191.042683    34.1967      26948          9  0.000e+00
    121.136    -0.6385   2.795047    -0.6479   2.794383    7.44929     0.0972    13.8155 0.0000e+00  -61.72217  -57.64850 1152493286 191.042683    34.1968      26949          9  0.000e+00
    121.202    -0.6389   2.795037    -0.6476   2.794372    7.44941     0.1080    13.8155 0.0000e+00  -61.72217  -57.64850 1152493286 191.042684    34.1970      26950          9  0.000e+00
    121.269    -0.6387   2.795014    -0.6476   2.794401    7.44947     0.0972    13.8155 0.0000e+00  -61.72217  -57.64850 1152493286 191.042684    34.1964      26951          9  0.000e+00
    121.145    -0.6392   2.794974    -0.6478   2.794418    7.44944     0.1080    13.8155 0.0000e+00  -61.72217  -57.64850 1152493286 191.042685    34.1965      26952          9  0.000e+00
    121.136    -0.6393   2.794981    -0.6482   2.794424    7.44945     0.0972    13.8155 0.0000e+00  -61.72217  -57.64850 1152493286 191.042685    34.1968      26953          9  0.000e+00
    121.136    -0.6399   2.794954    -0.6485   2.794389    7.44956     0.0650    13.8155 0.0000e+00  -61.72217  -57.64850 1152493286 191.042686    34.1971      26954          9  0.000e+00
    121.145    -0.6401   2.794892    -0.6482   2.794412    7.45436     0.0757    13.8155 0.0000e+00  -61.72217  -57.64850 1152493286 191.042686    34.1965      26955          9  0.000e+00
    121.136    -0.6406   2.794855    -0.6482   2.794407    7.44972     0.1295    13.8155 0.0000e+00  -61.72217  -57.64850 1152493286 191.042687    34.1965      26956          9  0.000e+00
    121.136    -0.6409   2.794901    -0.6479   2.794447    7.44974     0.1403    13.8155 0.0000e+00  -61.72217  -57.64850 1152493286 191.042687    34.1975      26957          9  0.000e+00
    121.059    -0.6406   2.794852    -0.6479   2.794476    7.44964     0.0650    13.8155 0.0000e+00  -61.72217  -57.64850 1152493286 191.042688    34.1965      26958          9  0.000e+00
    121.145    -0.6415   2.794832    -0.6473   2.794465    7.44988     0.0112    13.8155 0.0000e+00  -61.72217  -57.64850 1152493286 191.042688    34.1972      26959          9  0.000e+00
    121.059    -0.6423   2.794832    -0.6471   2.794430    7.44991     0.0542    13.8155 0.0000e+00  -61.72217  -57.64850 1152493287 191.042689    34.1981      26960          9  0.000e+00
    121.059    -0.6417   2.794845    -0.6465   2.794465    7.45453     0.0650    13.8155 0.0000e+00  -61.72217  -57.64850 1152493287 191.042689    34.1976      26961          9  0.000e+00
    121.078    -0.6410   2.794868    -0.6464   2.794546    7.45444     0.0757    13.8155 0.0000e+00  -61.72217  -57.64850 1152493287 191.042690    34.1972      26962          9  0.000e+00
    120.993    -0.6403   2.794891    -0.6456   2.794558    7.44950     0.0757    13.8155 0.0000e+00  -61.72217  -57.64850 1152493287 191.042690    34.1967      26963          9  0.000e+00
    121.059    -0.6407   2.794862    -0.6459   2.794604    7.45438     0.0972    13.8155 0.0000e+00  -61.72217  -57.64850 1152493287 191.042690    34.1968      26964          9  0.000e+00
    120.993    -0.6403   2.794868    -0.6447   2.794592    7.45424     0.0542    13.8155 0.0000e+00  -61.72217  -57.64850 1152493287 191.042691    34.1964      26965          9  0.000e+00
    121.012    -0.6406   2.794855    -0.6439   2.794604    7.45431     0.0650    13.8155 0.0000e+00  -61.72217  -57.64850 1152493287 191.042691    34.1966      26966          9  0.000e+00
    120.993    -0.6406   2.794868    -0.6444   2.794575    7.45428     0.0542    13.8155 0.0000e+00  -61.72217  -57.64850 1152493287 191.042692    34.1968      26967          9  0.000e+00
    120.993    -0.6409   2.794825    -0.6451   2.794581    7.45436     0.0542    13.8155 0.0000e+00  -61.72217  -57.64850 1152493287 191.042692    34.1965      26968          9  0.000e+00
    120.993    -0.6407   2.794782    -0.6461   2.794563    7.45437     0.0757    13.8155 0.0000e+00  -61.72217  -57.64850 1152493287 191.042693    34.1958      26969          9  0.000e+00
    120.935    -0.6410   2.794746    -0.6465   2.794540    7.44966     0.0650    13.8155 0.0000e+00  -61.72217  -57.64850 1152493287 191.042693    34.1957      26970          9  0.000e+00
    120.926    -0.6424   2.794706    -0.6468   2.794534    7.44988     0.0434    13.8155 0.0000e+00  -61.72217  -57.64850 1152493287 191.042694    34.1967      26971          9  0.000e+00
    120.926    -0.6429   2.794627    -0.6470   2.794499    7.45001     0.0542    13.8155 0.0000e+00  -61.72217  -57.64850 1152493287 191.042694    34.1962      26972          9  0.000e+00
    120.869    -0.6429   2.794587    -0.6474   2.794499    7.44998     0.0542    13.8155 0.0000e+00  -61.72217  -57.64850 1152493287 191.042695    34.1957      26973          9  0.000e+00
    120.926    -0.6435   2.794601    -0.6467   2.794488    7.45012     0.0542    13.8155 0.0000e+00  -61.72217  -57.64850 1152493287 191.042695    34.1965      26974          9  0.000e+00
    120.849    -0.6427   2.794624    -0.6468   2.794505    7.45463     0.0650    13.8155 0.0000e+00  -61.72217  -57.64850 1152493287 191.042696    34.1960      26975          9  0.000e+00
    120.926    -0.6426   2.794660    -0.6471   2.794505    7.45466     0.0757    13.8155 0.0000e+00  -61.72217  -57.64850 1152493287 191.042696    34.1963      26976          9  0.000e+00
    120.869    -0.6417   2.794690    -0.6478   2.794511    7.44972     0.0757    13.8155 0.0000e+00  -61.72217  -57.64850 1152493287 191.042697    34.1957      26977          9  0.000e+00
    120.783    -0.6421   2.794713    -0.6479   2.794528    7.44968     0.0219    13.8155 0.0000e+00  -61.72217  -57.64850 1152493287 191.042697    34.1965      26978          9  0.000e+00
