product_data/regression_test/downloaded_data/MGDS/320620060703/ctd/p6607201.ros
* Sea-Bird SBE 9 Data File:
* FileName = D:\Data\Raw\p6607201.dat
* Software Version Seasave Win32 V 5.32
* Temperature SN = 1649
* Conductivity SN = 1431
* Number of Bytes Per Scan = 37
* Number of Voltage Words = 5
* Number of Scans Averaged by the Deck Unit = 1
* NMEA Latitude = 62 12.88 S
* NMEA Longitude = 058 07.66 W
* NMEA UTC (Time) = 05:07:40
** Ship:   Nathaniel B. Palmer 
** Cruise:    NBP0606 
# nquan = 17
# nvalues = 1176                    
# units = specified
# name 0 = prDM: Pressure, Digiquartz [db]
# name 1 = t090C: Temperature [ITS-90, deg C]
# name 2 = c0S/m: Conductivity [S/m]
# name 3 = t190C: Temperature, 2 [ITS-90, deg C]
# name 4 = c1S/m: Conductivity, 2 [S/m]
# name 5 = sbeox0ML/L: Oxygen, SBE 43 [ml/l]
# name 6 = flECO-AFL: Fluorescence, Wetlab ECO-AFL/FL [mg/m^3]
# name 7 = bat: Beam Attenuation, Chelsea/Seatech/Wetlab CStar [1/m]
# name 8 = spar: SPAR/Surface Irradiance
# name 9 = latitude: Latitude [deg]
# name 10 = longitude: Longitude [deg]
# name 11 = timeY: Time, System [seconds]
# name 12 = timeJ: Julian Days
# name 13 = sal00: Salinity [PSU]
# name 14 = scan: scan number
# name 15 = nbf: number of bottles fired
# name 16 = flag:  0.000e+00
# interval = seconds: 0.0416667                   
# start_time = Jul 08 2006 05:07:47
*END*
[from data line 937]
    100.523    -0.6961   2.791552    -0.6956   2.791555    7.49546    -0.0857    13.8155 0.0000e+00  -62.21467  -58.12767 1152337250 189.236706    34.2275      47627         20  0.000e+00
    100.552    -0.6961   2.791615    -0.6955   2.791555    7.49545    -0.1180    13.8155 0.0000e+00  -62.21467  -58.12767 1152337250 189.236707    34.2283      47628         20  0.000e+00
    100.552    -0.6957   2.791592    -0.6953   2.791566    7.49540    -0.0426    13.8155 0.0000e+00  -62.21467  -58.12767 1152337250 189.236707    34.2275      47629         20  0.000e+00
    100.552    -0.6958   2.791592    -0.6952   2.791555    7.49542     0.0004    13.8155 0.0000e+00  -62.21467  -58.12767 1152337250 189.236708    34.2277      47630         20  0.000e+00
    100.485    -0.6957   2.791579    -0.6956   2.791601    7.49533    -0.0964    13.8155 0.0000e+00  -62.21467  -58.12767 1152337250 189.236708    34.2273      47631         20  0.000e+00
    100.552    -0.6961   2.791608    -0.6958   2.791584    7.49545    -0.0534    13.8155 0.0000e+00  -62.21467  -58.12767 1152337250 189.236709    34.2282      47632         20  0.000e+00
    100.485    -0.6958   2.791602    -0.6952   2.791589    7.49534    -0.0857    13.8155 0.0000e+00  -62.21467  -58.12767 1152337250 189.236709    34.2279      47633         20  0.000e+00
    100.552    -0.6957   2.791598    -0.6950   2.791578    7.49540    -0.1072    13.8155 0.0000e+00  -62.21467  -58.12767 1152337250 189.236710    34.2276      47634         20  0.000e+00
    100.552    -0.6957   2.791579    -0.6953   2.791555    7.49540    -0.0964    13.8155 0.0000e+00  -62.21467  -58.12767 1152337250 189.236710    34.2273      47635         20  0.000e+00
    100.485    -0.6960   2.791575    -0.6952   2.791566    7.50010    -0.1072    13.8155 0.0000e+00  -62.21467  -58.12767 1152337250 189.236711    34.2277      47636         20  0.000e+00
    100.552    -0.6960   2.791575    -0.6948   2.791589    7.50017    -0.0749    13.8155 0.0000e+00  -62.21467  -58.12767 1152337250 189.236711    34.2276      47637         20  0.000e+00
    100.485    -0.6959   2.791608    -0.6947   2.791601    7.49534    -0.0319    13.8155 0.0000e+00  -62.21467  -58.12767 1152337250 189.236712    34.2280      47638         20  0.000e+00
    100.524    -0.6957   2.791585    -0.6952   2.791636    7.49537    -0.0104    13.8155 0.0000e+00  -62.21467  -58.12767 1152337250 189.236712    34.2274      47639         20  0.000e+00
    100.485    -0.6960   2.791555    -0.6947   2.791647    7.49540    -0.0319    13.8155 0.0000e+00  -62.21467  -58.12767 1152337250 189.236712    34.2274      47640         20  0.000e+00
    100.552    -0.6958   2.791622    -0.6947   2.791671    7.49540    -0.0534    13.8155 0.0000e+00  -62.21467  -58.12767 1152337250 189.236713    34.2281      47641         20  0.000e+00
    100.485    -0.6961   2.791625    -0.6943   2.791659    7.50008    -0.1072    13.8155 0.0000e+00  -62.21467  -58.12767 1152337250 189.236713    34.2285      47642         20  0.000e+00
    100.552    -0.6957   2.791585    -0.6942   2.791671    7.49541    -0.0964    13.8155 0.0000e+00  -62.21467  -58.12767 1152337250 189.236714    34.2275      47643         20  0.000e+00
    100.485    -0.6958   2.791608    -0.6946   2.791677    7.49534    -0.0104    13.8155 0.0000e+00  -62.21467  -58.12767 1152337250 189.236714    34.2279      47644         20  0.000e+00
    100.485    -0.6958   2.791602    -0.6932   2.791682    7.49534    -0.0319    13.8155 0.0000e+00  -62.21467  -58.12767 1152337251 189.236715    34.2279      47645         20  0.000e+00
    100.552    -0.6957   2.791579    -0.6938   2.791700    7.50012    -0.0104    13.8155 0.0000e+00  -62.21467  -58.12767 1152337251 189.236715    34.2273      47646         20  0.000e+00
    100.485    -0.6957   2.791608    -0.6941   2.791706    7.50003    -0.0319    13.8155 0.0000e+00  -62.21467  -58.12767 1152337251 189.236716    34.2278      47647         20  0.000e+00
    100.485    -0.6960   2.791621    -0.6938   2.791688    7.49535    -0.0426    13.8155 0.0000e+00  -62.21467  -58.12767 1152337251 189.236716    34.2283      47648         20  0.000e+00
    100.486    -0.6957   2.791621    -0.6939   2.791677    7.49530    -0.0749    13.8155 0.0000e+00  -62.21467  -58.12767 1152337251 189.236717    34.2279      47649         20  0.000e+00
    100.524    -0.6955   2.791621    -0.6940   2.791694    7.49532    -0.0642    13.8155 0.0000e+00  -62.21467  -58.12767 1152337251 189.236717    34.2277      47650         20  0.000e+00
    100.486    -0.6958   2.791621    -0.6933   2.791706    7.50004    -0.0319    13.8155 0.0000e+00  -62.21467  -58.12767 1152337251 189.236718    34.2281      47651         20  0.000e+00
    100.486    -0.6956   2.791638    -0.6933   2.791706    7.49999    -0.0426    13.8155 0.0000e+00  -62.21467  -58.12767 1152337251 189.236718    34.2281      47652         20  0.000e+00
    100.552    -0.6957   2.791625    -0.6935   2.791688    7.49537    -0.0319    13.8155 0.0000e+00  -62.21467  -58.12767 1152337251 189.236719    34.2279      47653         20  0.000e+00
    100.486    -0.6954   2.791638    -0.6940   2.791700    7.49525    -0.0534    13.8155 0.0000e+00  -62.21467  -58.12767 1152337251 189.236719    34.2278      47654         20  0.000e+00
    100.486    -0.6952   2.791658    -0.6936   2.791706    7.49521    -0.0857    13.8155 0.0000e+00  -62.21467  -58.12767 1152337251 189.236720    34.2279      47655         20  0.000e+00
    100.552    -0.6952   2.791631    -0.6932   2.791723    7.49530    -0.0426    13.8155 0.0000e+00  -62.21467  -58.12767 1152337251 189.236720    34.2275      47656         20  0.000e+00
    100.486    -0.6950   2.791621    -0.6936   2.791711    7.49520    -0.0534    13.8155 0.0000e+00  -62.21467  -58.12767 1152337251 189.236721    34.2271      47657         20  0.000e+00
    100.486    -0.6949   2.791671    -0.6933   2.791723    7.49515    -0.0534    13.8155 0.0000e+00  -62.21467  -58.12767 1152337251 189.236721    34.2277      47658         20  0.000e+00
    100.486    -0.6957   2.791655    -0.6929   2.791769    7.49528    -0.0319    13.8155 0.0000e+00  -62.21467  -58.12767 1152337251 189.236722    34.2284      47659         20  0.000e+00
    100.553    -0.6949   2.791658    -0.6927   2.791746    7.49523    -0.0642    13.8155 0.0000e+00  -62.21467  -58.12767 1152337251 189.236722    34.2275      47660         20  0.000e+00
    100.486    -0.6953   2.791664    -0.6926   2.791752    7.49993    -0.0642    13.8155 0.0000e+00  -62.21467  -58.12767 1152337251 189.236723    34.2281      47661         20  0.000e+00
    100.524    -0.6946   2.791664    -0.6932   2.791775    7.49515    -0.0964    13.8155 0.0000e+00  -62.21467  -58.12767 1152337251 189.236723    34.2272      47662         20  0.000e+00
    100.486    -0.6951   2.791681    -0.6927   2.791781    7.49517    -0.0857    13.8155 0.0000e+00  -62.21467  -58.12767 1152337251 189.236724    34.2280      47663         20  0.000e+00
    100.553    -0.6946   2.791704    -0.6927   2.791804    7.49515    -0.0426    13.8155 0.0000e+00  -62.21467  -58.12767 1152337251 189.236724    34.2278      47664         20  0.000e+00
    100.486    -0.6943   2.791691    -0.6933   2.791810    7.49505    -0.0534    13.8155 0.0000e+00  -62.21467  -58.12767 1152337251 189.236725    34.2273      47665         20  0.000e+00
    100.553    -0.6943   2.791688    -0.6922   2.791769    7.49513    -0.0426    13.8155 0.0000e+00  -62.21467  -58.12767 1152337251 189.236725    34.2272      47666         20  0.000e+00
    100.486    -0.6943   2.791721    -0.6926   2.791793    7.49974    -0.0319    13.8155 0.0000e+00  -62.21467  -58.12767 1152337251 189.236726    34.2277      47667         20  0.000e+00
    100.553    -0.6949   2.791734    -0.6926   2.791793    7.49518    -0.0426    13.8155 0.0000e+00  -62.21467  -58.12767 1152337252 189.236726    34.2285      47668         20  0.000e+00
    100.486    -0.6940   2.791734    -0.6929   2.791804    7.49497    -0.1072    13.8155 0.0000e+00  -62.21467  -58.12767 1152337252 189.236726    34.2275      47669         20  0.000e+00
     50.114    -0.6754   2.791007    -0.6758   2.790925    7.47775    -0.0964    13.8155 0.0000e+00  -62.21467  -58.12767 1152337349 189.237856    34.2279      50011         21  0.000e+00
     49.971    -0.6757   2.791000    -0.6752   2.790937    7.47765    -0.0749    13.8155 0.0000e+00  -62.21467  -58.12767 1152337349 189.237856    34.2282      50012         21  0.000e+00
     49.971    -0.6753   2.791003    -0.6758   2.790925    7.47758    -0.0749    13.8155 0.0000e+00  -62.21467  -58.12767 1152337349 189.237857    34.2278      50013         21  0.000e+00
     50.037    -0.6754   2.791020    -0.6758   2.790960    7.47298    -0.0964    13.8155 0.0000e+00  -62.21467  -58.12767 1152337349 189.237857    34.2281      50014         21  0.000e+00
     50.047    -0.6754   2.791026    -0.6756   2.790931    7.47766    -0.0319    13.8155 0.0000e+00  -62.21467  -58.12767 1152337349 189.237858    34.2282      50015         21  0.000e+00
     49.971    -0.6757   2.791026    -0.6754   2.790937    7.47295     0.0112    13.8155 0.0000e+00  -62.21467  -58.12767 1152337349 189.237858    34.2286      50016         21  0.000e+00
     50.047    -0.6756   2.791023    -0.6754   2.790908    7.47301    -0.0211    13.8155 0.0000e+00  -62.21467  -58.12767 1152337349 189.237859    34.2283      50017         21  0.000e+00
     50.047    -0.6756   2.791023    -0.6761   2.790914    7.47301    -0.0534    13.8155 0.0000e+00  -62.21467  -58.12767 1152337349 189.237859    34.2283      50018         21  0.000e+00
     50.047    -0.6753   2.791026    -0.6757   2.790902    7.47764    -0.0749    13.8155 0.0000e+00  -62.21467  -58.12767 1152337349 189.237860    34.2280      50019         21  0.000e+00
     49.971    -0.6760   2.791040    -0.6761   2.790914    7.47299    -0.0749    13.8155 0.0000e+00  -62.21467  -58.12767 1152337349 189.237860    34.2291      50020         21  0.000e+00
     50.047    -0.6754   2.791013    -0.6759   2.790919    7.47299    -0.0642    13.8155 0.0000e+00  -62.21467  -58.12767 1152337350 189.237861    34.2280      50021         21  0.000e+00
     49.971    -0.6751   2.791020    -0.6763   2.790919    7.47286    -0.0964    13.8155 0.0000e+00  -62.21467  -58.12767 1152337350 189.237861    34.2278      50022         21  0.000e+00
     50.047    -0.6757   2.791007    -0.6762   2.790902    7.47305    -0.0642    13.8155 0.0000e+00  -62.21467  -58.12767 1152337350 189.237862    34.2283      50023         21  0.000e+00
     49.971    -0.6759   2.791000    -0.6761   2.790931    7.47299    -0.0749    13.8155 0.0000e+00  -62.21467  -58.12767 1152337350 189.237862    34.2284      50024         21  0.000e+00
     50.047    -0.6757   2.791020    -0.6755   2.790908    7.47304    -0.0964    13.8155 0.0000e+00  -62.21467  -58.12767 1152337350 189.237863    34.2285      50025         21  0.000e+00
     49.971    -0.6757   2.791026    -0.6758   2.790896    7.47295    -0.1180    13.8155 0.0000e+00  -62.21467  -58.12767 1152337350 189.237863    34.2286      50026         21  0.000e+00
     50.047    -0.6753   2.791007    -0.6763   2.790931    7.47298    -0.0964    13.8155 0.0000e+00  -62.21467  -58.12767 1152337350 189.237864    34.2278      50027         21  0.000e+00
     49.971    -0.6756   2.791053    -0.6756   2.790925    7.47291    -0.0319    13.8155 0.0000e+00  -62.21467  -58.12767 1152337350 189.237864    34.2288      50028         21  0.000e+00
     49.971    -0.6754   2.791016    -0.6758   2.790919    7.47291    -0.0426    13.8155 0.0000e+00  -62.21467  -58.12767 1152337350 189.237865    34.2281      50029         21  0.000e+00
     50.047    -0.6754   2.791033    -0.6758   2.790919    7.47298    -0.1072    13.8155 0.0000e+00  -62.21467  -58.12767 1152337350 189.237865    34.2283      50030         21  0.000e+00
     49.971    -0.6753   2.791046    -0.6759   2.790919    7.47287    -0.0964    13.8155 0.0000e+00  -62.21467  -58.12767 1152337350 189.237866    34.2283      50031         21  0.000e+00
     49.971    -0.6757   2.791013    -0.6760   2.790919    7.47296    -0.0426    13.8155 0.0000e+00  -62.21467  -58.12767 1152337350 189.237866    34.2284      50032         21  0.000e+00
     49.971    -0.6751   2.791020    -0.6760   2.790902    7.47754    -0.0534    13.8155 0.0000e+00  -62.21467  -58.12767 1152337350 189.237867    34.2278      50033         21  0.000e+00
     49.971    -0.6753   2.790990    -0.6758   2.790913    7.47759    -0.0857    13.8155 0.0000e+00  -62.21467  -58.12767 1152337350 189.237867    34.2276      50034         21  0.000e+00
     49.971    -0.6756   2.791013    -0.6757   2.790919    7.47761    -0.0534    13.8155 0.0000e+00  -62.21467  -58.12767 1152337350 189.237867    34.2282      50035         21  0.000e+00
     49.971    -0.6756   2.791023    -0.6761   2.790937    7.47293    -0.0534    13.8155 0.0000e+00  -62.21467  -58.12767 1152337350 189.237868    34.2284      50036         21  0.000e+00
     49.971    -0.6756   2.790990    -0.6757   2.790925    7.47763    -0.0426    13.8155 0.0000e+00  -62.21467  -58.12767 1152337350 189.237868    34.2279      50037         21  0.000e+00
     49.971    -0.6760   2.790980    -0.6755   2.790937    7.47771    -0.0211    13.8155 0.0000e+00  -62.21467  -58.12767 1152337350 189.237869    34.2283      50038         21  0.000e+00
     49.971    -0.6757   2.790997    -0.6753   2.790948    7.47297    -0.0319    13.8155 0.0000e+00  -62.21467  -58.12767 1152337350 189.237869    34.2282      50039         21  0.000e+00
     49.904    -0.6759   2.791020    -0.6757   2.790948    7.47291    -0.0749    13.8155 0.0000e+00  -62.21467  -58.12767 1152337350 189.237870    34.2287      50040         21  0.000e+00
     49.971    -0.6759   2.790990    -0.6756   2.790966    7.47768    -0.0642    13.8155 0.0000e+00  -62.21467  -58.12767 1152337350 189.237870    34.2283      50041         21  0.000e+00
     49.971    -0.6759   2.790993    -0.6754   2.790954    7.47768    -0.0749    13.8155 0.0000e+00  -62.21467  -58.12767 1152337350 189.237871    34.2283      50042         21  0.000e+00
     49.904    -0.6759   2.790967    -0.6754   2.790948    7.47762    -0.0749    13.8155 0.0000e+00  -62.21467  -58.12767 1152337350 189.237871    34.2280      50043         21  0.000e+00
     49.971    -0.6759   2.790990    -0.6750   2.790925    7.47768    -0.0426    13.8155 0.0000e+00  -62.21467  -58.12767 1152337350 189.237872    34.2283      50044         21  0.000e+00
     49.905    -0.6759   2.790983    -0.6752   2.790960    7.47294    -0.0534    13.8155 0.0000e+00  -62.21467  -58.12767 1152337351 189.237872    34.2282      50045         21  0.000e+00
     49.905    -0.6766   2.790960    -0.6749   2.790954    7.47307    -0.0319    13.8155 0.0000e+00  -62.21467  -58.12767 1152337351 189.237873    34.2288      50046         21  0.000e+00
     49.971    -0.6762   2.790974    -0.6752   2.790983    7.47306    -0.0211    13.8155 0.0000e+00  -62.21467  -58.12767 1152337351 189.237873    34.2284      50047         21  0.000e+00
     49.905    -0.6762   2.790960    -0.6751   2.790983    7.47299    -0.0534    13.8155 0.0000e+00  -62.21467  -58.12767 1152337351 189.237874    34.2282      50048         21  0.000e+00
     49.905    -0.6759   2.790990    -0.6750   2.790954    7.47761    -0.0426    13.8155 0.0000e+00  -62.21467  -58.12767 1152337351 189.237874    34.2283      50049         21  0.000e+00
     49.905    -0.6762   2.790983    -0.6743   2.790983    7.47766    -0.0749    13.8155 0.0000e+00  -62.21467  -58.12767 1152337351 189.237875    34.2286      50050         21  0.000e+00
     49.905    -0.6756   2.790960    -0.6748   2.791001    7.47758    -0.0319    13.8155 0.0000e+00  -62.21467  -58.12767 1152337351 189.237875    34.2275      50051         21  0.000e+00
