product_data/regression_test/downloaded_data/MGDS/320620060703/ctd/p6606204.ros
* Sea-Bird SBE 9 Data File:
* FileName = D:\Data\Raw\p6606204.dat
* Software Version Seasave Win32 V 5.32
* Temperature SN = 1649
* Conductivity SN = 1431
* Number of Bytes Per Scan = 37
* Number of Voltage Words = 5
* Number of Scans Averaged by the Deck Unit = 1
* NMEA Latitude = 61 05.82 S
* NMEA Longitude = 058 08.38 W
* NMEA UTC (Time) = 08:04:11
** Ship:   Nathaniel B. Palmer 
** Cruise:    NBP0606 
# nquan = 17
# nvalues = 1176                    
# units = specified
# name 0 = prDM: Pressure, Digiquartz [db]
# name 1 = t090C: Temperature [ITS-90, deg C]
# name 2 = c0S/m: Conductivity [S/m]
# name 3 = t190C: Temperature, 2 [ITS-90, deg C]
# name 4 = c1S/m: Conductivity, 2 [S/m]
# name 5 = sbeox0ML/L: Oxygen, SBE 43 [ml/l]
# name 6 = flECO-AFL: Fluorescence, Wetlab ECO-AFL/FL [mg/m^3]
# name 7 = bat: Beam Attenuation, Chelsea/Seatech/Wetlab CStar [1/m]
# name 8 = spar: SPAR/Surface Irradiance
# name 9 = latitude: Latitude [deg]
# name 10 = longitude: Longitude [deg]
# name 11 = timeY: Time, System [seconds]
# name 12 = timeJ: Julian Days
# name 13 = sal00: Salinity [PSU]
# name 14 = scan: scan number
# name 15 = nbf: number of bottles fired
# name 16 = flag:  0.000e+00
# interval = seconds: 0.0416667                   
# start_time = Jul 07 2006 08:04:18
*END*
[from data line 596]
    156.899     0.8500   2.937207     0.8462   2.936755    5.54768    -0.0534    13.8155 0.0000e+00  -61.09700  -58.13967 1152259782 188.340085    34.3885       7809         13  0.000e+00
    156.899     0.8507   2.937278     0.8463   2.936619    5.54757    -0.0749    13.8155 0.0000e+00  -61.09700  -58.13967 1152259782 188.340085    34.3887       7810         13  0.000e+00
    156.899     0.8522   2.937298     0.8452   2.936554    5.54739    -0.0642    13.8155 0.0000e+00  -61.09700  -58.13967 1152259782 188.340086    34.3873       7811         13  0.000e+00
    156.899     0.8522   2.937261     0.8443   2.936506    5.54741    -0.0642    13.8155 0.0000e+00  -61.09700  -58.13967 1152259782 188.340086    34.3868       7812         13  0.000e+00
    156.909     0.8522   2.937231     0.8445   2.936477    5.54743    -0.1072    13.8155 0.0000e+00  -61.09700  -58.13967 1152259782 188.340087    34.3863       7813         13  0.000e+00
    156.976     0.8522   2.937244     0.8461   2.936400    5.54748    -0.0964    13.8155 0.0000e+00  -61.09700  -58.13967 1152259782 188.340087    34.3865       7814         13  0.000e+00
    156.899     0.8511   2.937251     0.8450   2.936382    5.54754    -0.1072    13.8155 0.0000e+00  -61.09700  -58.13967 1152259782 188.340088    34.3879       7815         13  0.000e+00
    156.899     0.8510   2.937214     0.8426   2.936382    5.54757    -0.0857    13.8155 0.0000e+00  -61.09700  -58.13967 1152259782 188.340088    34.3875       7816         13  0.000e+00
    156.899     0.8503   2.937221     0.8407   2.936358    5.54764    -0.0964    13.8155 0.0000e+00  -61.09700  -58.13967 1152259782 188.340089    34.3884       7817         13  0.000e+00
    156.899     0.8507   2.937207     0.8412   2.936335    5.54761    -0.0749    13.8155 0.0000e+00  -61.09700  -58.13967 1152259782 188.340089    34.3878       7818         13  0.000e+00
    156.899     0.8502   2.937183     0.8395   2.936270    5.54768    -0.0534    13.8155 0.0000e+00  -61.09700  -58.13967 1152259782 188.340090    34.3880       7819         13  0.000e+00
    156.909     0.8508   2.937102     0.8390   2.936246    5.54765    -0.0426    13.8155 0.0000e+00  -61.09700  -58.13967 1152259782 188.340090    34.3863       7820         13  0.000e+00
    156.832     0.8504   2.937031     0.8390   2.936264    5.54768    -0.0104    13.8155 0.0000e+00  -61.09700  -58.13967 1152259782 188.340091    34.3859       7821         13  0.000e+00
    156.899     0.8498   2.936981     0.8393   2.936270    5.54324     0.0219    13.8155 0.0000e+00  -61.09700  -58.13967 1152259782 188.340091    34.3857       7822         13  0.000e+00
    156.899     0.8489   2.936879     0.8412   2.936358    5.54796     0.0004    13.8155 0.0000e+00  -61.09700  -58.13967 1152259782 188.340092    34.3855       7823         13  0.000e+00
    156.899     0.8479   2.936798     0.8416   2.936406    5.54812    -0.0642    13.8155 0.0000e+00  -61.09700  -58.13967 1152259782 188.340092    34.3856       7824         13  0.000e+00
    156.832     0.8474   2.936744     0.8420   2.936429    5.54358    -0.0642    13.8155 0.0000e+00  -61.09700  -58.13967 1152259782 188.340093    34.3855       7825         13  0.000e+00
    156.909     0.8466   2.936684     0.8423   2.936459    5.54833    -0.0534    13.8155 0.0000e+00  -61.09700  -58.13967 1152259782 188.340093    34.3855       7826         13  0.000e+00
    156.832     0.8460   2.936646     0.8418   2.936465    5.54835    -0.0964    13.8155 0.0000e+00  -61.09700  -58.13967 1152259782 188.340094    34.3858       7827         13  0.000e+00
    156.832     0.8462   2.936606     0.8423   2.936500    5.54378    -0.1072    13.8155 0.0000e+00  -61.09700  -58.13967 1152259782 188.340094    34.3849       7828         13  0.000e+00
    156.899     0.8456   2.936646     0.8429   2.936500    5.54844    -0.0964    13.8155 0.0000e+00  -61.09700  -58.13967 1152259782 188.340095    34.3861       7829         13  0.000e+00
    156.832     0.8456   2.936667     0.8436   2.936554    5.54838    -0.0642    13.8155 0.0000e+00  -61.09700  -58.13967 1152259783 188.340095    34.3864       7830         13  0.000e+00
    156.833     0.8448   2.936684     0.8443   2.936595    5.54846    -0.0642    13.8155 0.0000e+00  -61.09700  -58.13967 1152259783 188.340095    34.3875       7831         13  0.000e+00
    156.833     0.8442   2.936690     0.8455   2.936666    5.54852    -0.1180    13.8155 0.0000e+00  -61.09700  -58.13967 1152259783 188.340096    34.3882       7832         13  0.000e+00
    156.842     0.8436   2.936636     0.8466   2.936743    5.54406    -0.0964    13.8155 0.0000e+00  -61.09700  -58.13967 1152259783 188.340096    34.3882       7833         13  0.000e+00
    156.833     0.8433   2.936599     0.8463   2.936767    5.54411    -0.0534    13.8155 0.0000e+00  -61.09700  -58.13967 1152259783 188.340097    34.3881       7834         13  0.000e+00
    156.833     0.8428   2.936629     0.8467   2.936767    5.54414    -0.0642    13.8155 0.0000e+00  -61.09700  -58.13967 1152259783 188.340097    34.3890       7835         13  0.000e+00
    156.833     0.8428   2.936653     0.8477   2.936767    5.54414    -0.0211    13.8155 0.0000e+00  -61.09700  -58.13967 1152259783 188.340098    34.3893       7836         13  0.000e+00
    156.766     0.8439   2.936697     0.8468   2.936725    5.54394    -0.0104    13.8155 0.0000e+00  -61.09700  -58.13967 1152259783 188.340098    34.3887       7837         13  0.000e+00
    156.833     0.8455   2.936727     0.8463   2.936672    5.54380     0.0112    13.8155 0.0000e+00  -61.09700  -58.13967 1152259783 188.340099    34.3873       7838         13  0.000e+00
    156.775     0.8451   2.936734     0.8460   2.936595    5.54836    -0.0426    13.8155 0.0000e+00  -61.09700  -58.13967 1152259783 188.340099    34.3878       7839         13  0.000e+00
    156.833     0.8463   2.936785     0.8461   2.936554    5.54368    -0.0426    13.8155 0.0000e+00  -61.09700  -58.13967 1152259783 188.340100    34.3872       7840         13  0.000e+00
    156.766     0.8477   2.936839     0.8460   2.936589    5.54345    -0.0642    13.8155 0.0000e+00  -61.09700  -58.13967 1152259783 188.340100    34.3864       7841         13  0.000e+00
    156.766     0.8486   2.936869     0.8464   2.936625    5.54333    -0.0749    13.8155 0.0000e+00  -61.09700  -58.13967 1152259783 188.340101    34.3858       7842         13  0.000e+00
    156.833     0.8488   2.936839     0.8452   2.936607    5.54338    -0.1180    13.8155 0.0000e+00  -61.09700  -58.13967 1152259783 188.340101    34.3851       7843         13  0.000e+00
    156.766     0.8474   2.936775     0.8449   2.936625    5.54352    -0.0642    13.8155 0.0000e+00  -61.09700  -58.13967 1152259783 188.340102    34.3859       7844         13  0.000e+00
    156.766     0.8470   2.936687     0.8449   2.936607    5.54360    -0.0749    13.8155 0.0000e+00  -61.09700  -58.13967 1152259783 188.340102    34.3852       7845         13  0.000e+00
    156.775     0.8455   2.936596     0.8457   2.936619    5.54382    -0.0749    13.8155 0.0000e+00  -61.09700  -58.13967 1152259783 188.340103    34.3856       7846         13  0.000e+00
    156.689     0.8447   2.936606     0.8454   2.936613    5.54384    -0.0319    13.8155 0.0000e+00  -61.09700  -58.13967 1152259783 188.340103    34.3867       7847         13  0.000e+00
    156.766     0.8449   2.936653     0.8458   2.936601    5.54386    -0.0642    13.8155 0.0000e+00  -61.09700  -58.13967 1152259783 188.340104    34.3871       7848         13  0.000e+00
    156.766     0.8450   2.936697     0.8450   2.936619    5.54382    -0.0749    13.8155 0.0000e+00  -61.09700  -58.13967 1152259783 188.340104    34.3875       7849         13  0.000e+00
    157.254     0.8253   2.935231     0.8272   2.935228    5.55167    -0.0534    13.8155 0.0000e+00  -61.09700  -58.13967 1152259788 188.340154    34.3900       7953         14  0.000e+00
    157.254     0.8253   2.935255     0.8271   2.935222    5.55167    -0.0964    13.8155 0.0000e+00  -61.09700  -58.13967 1152259788 188.340155    34.3904       7954         14  0.000e+00
    157.397     0.8253   2.935208     0.8285   2.935240    5.55180    -0.0642    13.8155 0.0000e+00  -61.09700  -58.13967 1152259788 188.340155    34.3896       7955         14  0.000e+00
    157.254     0.8256   2.935241     0.8294   2.935287    5.55621    -0.0319    13.8155 0.0000e+00  -61.09700  -58.13967 1152259788 188.340156    34.3899       7956         14  0.000e+00
    157.330     0.8256   2.935269     0.8293   2.935311    5.55168    -0.0319    13.8155 0.0000e+00  -61.09700  -58.13967 1152259788 188.340156    34.3901       7957         14  0.000e+00
    157.330     0.8260   2.935299     0.8303   2.935370    5.55620    -0.0749    13.8155 0.0000e+00  -61.09700  -58.13967 1152259788 188.340157    34.3902       7958         14  0.000e+00
    157.397     0.8258   2.935255     0.8285   2.935323    5.55630    -0.0642    13.8155 0.0000e+00  -61.09700  -58.13967 1152259788 188.340157    34.3898       7959         14  0.000e+00
    157.397     0.8255   2.935184     0.8272   2.935228    5.55179    -0.0211    13.8155 0.0000e+00  -61.09700  -58.13967 1152259788 188.340158    34.3891       7960         14  0.000e+00
    157.330     0.8250   2.935147     0.8266   2.935151    5.55182    -0.0534    13.8155 0.0000e+00  -61.09700  -58.13967 1152259788 188.340158    34.3893       7961         14  0.000e+00
    157.464     0.8247   2.935160     0.8260   2.935098    5.55194    -0.0319    13.8155 0.0000e+00  -61.09700  -58.13967 1152259788 188.340159    34.3897       7962         14  0.000e+00
    157.397     0.8247   2.935147     0.8258   2.935104    5.55190    -0.0857    13.8155 0.0000e+00  -61.09700  -58.13967 1152259788 188.340159    34.3896       7963         14  0.000e+00
    157.406     0.8249   2.935177     0.8260   2.935074    5.55644    -0.1395    13.8155 0.0000e+00  -61.09700  -58.13967 1152259788 188.340160    34.3898       7964         14  0.000e+00
    157.397     0.8254   2.935231     0.8252   2.935080    5.55634    -0.1180    13.8155 0.0000e+00  -61.09700  -58.13967 1152259788 188.340160    34.3898       7965         14  0.000e+00
    157.464     0.8261   2.935258     0.8258   2.935039    5.55630    -0.0534    13.8155 0.0000e+00  -61.09700  -58.13967 1152259788 188.340161    34.3894       7966         14  0.000e+00
    157.464     0.8265   2.935312     0.8252   2.935057    5.55166    -0.0534    13.8155 0.0000e+00  -61.09700  -58.13967 1152259788 188.340161    34.3896       7967         14  0.000e+00
    157.464     0.8269   2.935333     0.8252   2.935033    5.55161    -0.0426    13.8155 0.0000e+00  -61.09700  -58.13967 1152259788 188.340162    34.3895       7968         14  0.000e+00
    157.464     0.8272   2.935279     0.8252   2.935045    5.55161    -0.0642    13.8155 0.0000e+00  -61.09700  -58.13967 1152259788 188.340162    34.3885       7969         14  0.000e+00
    157.464     0.8267   2.935296     0.8254   2.935057    5.55165    -0.0964    13.8155 0.0000e+00  -61.09700  -58.13967 1152259788 188.340163    34.3892       7970         14  0.000e+00
    157.473     0.8259   2.935309     0.8262   2.935104    5.55174    -0.0642    13.8155 0.0000e+00  -61.09700  -58.13967 1152259788 188.340163    34.3903       7971         14  0.000e+00
    157.540     0.8256   2.935262     0.8256   2.935092    5.55642    -0.0964    13.8155 0.0000e+00  -61.09700  -58.13967 1152259788 188.340163    34.3899       7972         14  0.000e+00
    157.464     0.8247   2.935292     0.8257   2.935086    5.55645    -0.0857    13.8155 0.0000e+00  -61.09700  -58.13967 1152259789 188.340164    34.3914       7973         14  0.000e+00
    157.540     0.8250   2.935238     0.8260   2.935092    5.55650    -0.0319    13.8155 0.0000e+00  -61.09700  -58.13967 1152259789 188.340164    34.3903       7974         14  0.000e+00
    157.540     0.8240   2.935265     0.8260   2.935086    5.55202    -0.0534    13.8155 0.0000e+00  -61.09700  -58.13967 1152259789 188.340165    34.3917       7975         14  0.000e+00
    157.540     0.8249   2.935265     0.8260   2.935104    5.55193    -0.0642    13.8155 0.0000e+00  -61.09700  -58.13967 1152259789 188.340165    34.3908       7976         14  0.000e+00
    157.540     0.8245   2.935262     0.8263   2.935092    5.55197    -0.0857    13.8155 0.0000e+00  -61.09700  -58.13967 1152259789 188.340166    34.3912       7977         14  0.000e+00
    157.550     0.8246   2.935262     0.8263   2.935110    5.55198    -0.0964    13.8155 0.0000e+00  -61.09700  -58.13967 1152259789 188.340166    34.3911       7978         14  0.000e+00
    157.540     0.8244   2.935262     0.8263   2.935110    5.55199    -0.0426    13.8155 0.0000e+00  -61.09700  -58.13967 1152259789 188.340167    34.3913       7979         14  0.000e+00
    157.540     0.8244   2.935269     0.8264   2.935110    5.55198    -0.0642    13.8155 0.0000e+00  -61.09700  -58.13967 1152259789 188.340167    34.3914       7980         14  0.000e+00
    157.540     0.8245   2.935262     0.8266   2.935098    5.55197    -0.0749    13.8155 0.0000e+00  -61.09700  -58.13967 1152259789 188.340168    34.3912       7981         14  0.000e+00
    157.540     0.8249   2.935242     0.8266   2.935086    5.55194    -0.0534    13.8155 0.0000e+00  -61.09700  -58.13967 1152259789 188.340168    34.3905       7982         14  0.000e+00
    157.607     0.8262   2.935309     0.8263   2.935104    5.55181    -0.0104    13.8155 0.0000e+00  -61.09700  -58.13967 1152259789 188.340169    34.3898       7983         14  0.000e+00
    157.540     0.8269   2.935333     0.8262   2.935110    5.55167     0.0004    13.8155 0.0000e+00  -61.09700  -58.13967 1152259789 188.340169    34.3894       7984         14  0.000e+00
    157.550     0.8276   2.935363     0.8264   2.935140    5.55158    -0.0426    13.8155 0.0000e+00  -61.09700  -58.13967 1152259789 188.340170    34.3890       7985         14  0.000e+00
    157.607     0.8280   2.935377     0.8270   2.935140    5.55158    -0.0749    13.8155 0.0000e+00  -61.09700  -58.13967 1152259789 188.340170    34.3888       7986         14  0.000e+00
    157.540     0.8281   2.935350     0.8272   2.935140    5.55153    -0.0642    13.8155 0.0000e+00  -61.09700  -58.13967 1152259789 188.340171    34.3883       7987         14  0.000e+00
    157.540     0.8286   2.935333     0.8275   2.935122    5.55605    -0.0426    13.8155 0.0000e+00  -61.09700  -58.13967 1152259789 188.340171    34.3875       7988         14  0.000e+00
    157.607     0.8281   2.935333     0.8272   2.935134    5.55616    -0.0104    13.8155 0.0000e+00  -61.09700  -58.13967 1152259789 188.340172    34.3881       7989         14  0.000e+00
    157.540     0.8283   2.935333     0.8268   2.935157    5.55151     0.0004    13.8155 0.0000e+00  -61.09700  -58.13967 1152259789 188.340172    34.3879       7990         14  0.000e+00
    157.540     0.8281   2.935350     0.8269   2.935169    5.55153    -0.0642    13.8155 0.0000e+00  -61.09700  -58.13967 1152259789 188.340173    34.3883       7991         14  0.000e+00
    157.550     0.8278   2.935336     0.8266   2.935151    5.55157    -0.0534    13.8155 0.0000e+00  -61.09700  -58.13967 1152259789 188.340173    34.3885       7992         14  0.000e+00
    157.607     0.8276   2.935296     0.8268   2.935140    5.55166    -0.0319    13.8155 0.0000e+00  -61.09700  -58.13967 1152259789 188.340174    34.3881       7993         14  0.000e+00
    157.540     0.8272   2.935319     0.8269   2.935157    5.55621    -0.0426    13.8155 0.0000e+00  -61.09700  -58.13967 1152259789 188.340174    34.3889       7994         14  0.000e+00
    157.540     0.8277   2.935323     0.8272   2.935151    5.55159    -0.0319    13.8155 0.0000e+00  -61.09700  -58.13967 1152259789 188.340175    34.3884       7995         14  0.000e+00
