product_data/regression_test/downloaded_data/MGDS/320620060703/ctd/p6608901.ros
* Sea-Bird SBE 9 Data File:
* FileName = D:\Data\Raw\P6608901.dat
* Software Version Seasave Win32 V 5.32
* Temperature SN = 1649
* Conductivity SN = 1431
* Number of Bytes Per Scan = 37
* Number of Voltage Words = 5
* Number of Scans Averaged by the Deck Unit = 1
* NMEA Latitude = 61 26.26 S
* NMEA Longitude = 057 51.58 W
* NMEA UTC (Time) = 10:14:29
** Ship:   Nathaniel B. Palmer 
** Cruise:    NBP0603 p0606
** Cast #: 01
** Station:   89
** Operator: rdd
# nquan = 17
# nvalues = 1176                    
# units = specified
# name 0 = prDM: Pressure, Digiquartz [db]
# name 1 = t090C: Temperature [ITS-90, deg C]
# name 2 = c0S/m: Conductivity [S/m]
# name 3 = t190C: Temperature, 2 [ITS-90, deg C]
# name 4 = c1S/m: Conductivity, 2 [S/m]
# name 5 = sbeox0ML/L: Oxygen, SBE 43 [ml/l]
# name 6 = flECO-AFL: Fluorescence, Wetlab ECO-AFL/FL [mg/m^3]
# name 7 = bat: Beam Attenuation, Chelsea/Seatech/Wetlab CStar [1/m]
# name 8 = spar: SPAR/Surface Irradiance
# name 9 = latitude: Latitude [deg]
# name 10 = longitude: Longitude [deg]
# name 11 = timeY: Time, System [seconds]
# name 12 = timeJ: Julian Days
# name 13 = sal00: Salinity [PSU]
# name 14 = scan: scan number
# name 15 = nbf: number of bottles fired
# name 16 = flag:  0.000e+00
# interval = seconds: 0.0416667                   
# start_time = Jul 10 2006 10:14:37
*END*
    699.805     0.8477   2.982628     0.8471   2.982850    5.18396    -0.0642    13.8155 0.0000e+00  -61.43767  -57.85967 1152527976 191.444185    34.6627      36014          1  0.000e+00
    699.949     0.8481   2.982628     0.8475   2.982814    5.18401    -0.1287    13.8155 0.0000e+00  -61.43767  -57.85967 1152527976 191.444185    34.6621      36015          1  0.000e+00
    699.872     0.8475   2.982628     0.8470   2.982772    5.18402    -0.1180    13.8155 0.0000e+00  -61.43767  -57.85967 1152527976 191.444185    34.6628      36016          1  0.000e+00
    699.872     0.8480   2.982608     0.8467   2.982784    5.18398    -0.1287    13.8155 0.0000e+00  -61.43767  -57.85967 1152527976 191.444186    34.6621      36017          1  0.000e+00
    699.872     0.8474   2.982628     0.8466   2.982761    5.18404    -0.1072    13.8155 0.0000e+00  -61.43767  -57.85967 1152527976 191.444186    34.6630      36018          1  0.000e+00
    699.872     0.8474   2.982611     0.8469   2.982743    5.18404    -0.0964    13.8155 0.0000e+00  -61.43767  -57.85967 1152527976 191.444187    34.6628      36019          1  0.000e+00
    699.805     0.8475   2.982639     0.8469   2.982725    5.18397    -0.0749    13.8155 0.0000e+00  -61.43767  -57.85967 1152527976 191.444187    34.6630      36020          1  0.000e+00
    699.805     0.8472   2.982652     0.8467   2.982778    5.18399    -0.0642    13.8155 0.0000e+00  -61.43767  -57.85967 1152527976 191.444188    34.6635      36021          1  0.000e+00
    699.805     0.8475   2.982615     0.8467   2.982772    5.18398    -0.0857    13.8155 0.0000e+00  -61.43767  -57.85967 1152527976 191.444188    34.6627      36022          1  0.000e+00
    699.805     0.8470   2.982567     0.8468   2.982796    5.18405    -0.1180    13.8155 0.0000e+00  -61.43767  -57.85967 1152527976 191.444189    34.6627      36023          1  0.000e+00
    699.805     0.8475   2.982557     0.8472   2.982796    5.17910    -0.1072    13.8155 0.0000e+00  -61.43767  -57.85967 1152527976 191.444189    34.6620      36024          1  0.000e+00
    699.757     0.8469   2.982557     0.8477   2.982802    5.18404    -0.1180    13.8155 0.0000e+00  -61.43767  -57.85967 1152527976 191.444190    34.6627      36025          1  0.000e+00
    699.805     0.8466   2.982526     0.8469   2.982796    5.18412    -0.0964    13.8155 0.0000e+00  -61.43767  -57.85967 1152527976 191.444190    34.6626      36026          1  0.000e+00
    699.728     0.8472   2.982530     0.8477   2.982802    5.18400    -0.0964    13.8155 0.0000e+00  -61.43767  -57.85967 1152527976 191.444191    34.6620      36027          1  0.000e+00
    699.728     0.8469   2.982533     0.8470   2.982820    5.18403    -0.0857    13.8155 0.0000e+00  -61.43767  -57.85967 1152527976 191.444191    34.6624      36028          1  0.000e+00
    699.728     0.8467   2.982533     0.8477   2.982802    5.18405    -0.1180    13.8155 0.0000e+00  -61.43767  -57.85967 1152527976 191.444192    34.6626      36029          1  0.000e+00
    699.516     0.8472   2.982533     0.8477   2.982802    5.18384    -0.1502    13.8155 0.0000e+00  -61.43767  -57.85967 1152527976 191.444192    34.6622      36030          1  0.000e+00
    699.872     0.8469   2.982513     0.8474   2.982820    5.18414    -0.1072    13.8155 0.0000e+00  -61.43767  -57.85967 1152527976 191.444193    34.6621      36031          1  0.000e+00
    699.660     0.8466   2.982472     0.8478   2.982790    5.18404    -0.0857    13.8155 0.0000e+00  -61.43767  -57.85967 1152527976 191.444193    34.6620      36032          1  0.000e+00
    699.660     0.8466   2.982486     0.8475   2.982814    5.18404    -0.1502    13.8155 0.0000e+00  -61.43767  -57.85967 1152527976 191.444194    34.6622      36033          1  0.000e+00
    699.660     0.8462   2.982452     0.8474   2.982802    5.18409    -0.1395    13.8155 0.0000e+00  -61.43767  -57.85967 1152527976 191.444194    34.6621      36034          1  0.000e+00
    699.593     0.8467   2.982455     0.8474   2.982778    5.18398    -0.1395    13.8155 0.0000e+00  -61.43767  -57.85967 1152527976 191.444195    34.6616      36035          1  0.000e+00
    699.593     0.8461   2.982424     0.8469   2.982790    5.18407    -0.1180    13.8155 0.0000e+00  -61.43767  -57.85967 1152527976 191.444195    34.6620      36036          1  0.000e+00
    699.593     0.8462   2.982431     0.8469   2.982778    5.18405    -0.1180    13.8155 0.0000e+00  -61.43767  -57.85967 1152527976 191.444196    34.6619      36037          1  0.000e+00
    699.545     0.8456   2.982455     0.8469   2.982749    5.18407    -0.1180    13.8155 0.0000e+00  -61.43767  -57.85967 1152527976 191.444196    34.6629      36038          1  0.000e+00
    699.593     0.8453   2.982441     0.8475   2.982778    5.18414    -0.0964    13.8155 0.0000e+00  -61.43767  -57.85967 1152527977 191.444197    34.6630      36039          1  0.000e+00
    699.516     0.8458   2.982455     0.8473   2.982760    5.18403    -0.0642    13.8155 0.0000e+00  -61.43767  -57.85967 1152527977 191.444197    34.6627      36040          1  0.000e+00
    699.516     0.8460   2.982431     0.8470   2.982743    5.18402    -0.0749    13.8155 0.0000e+00  -61.43767  -57.85967 1152527977 191.444198    34.6622      36041          1  0.000e+00
    699.449     0.8456   2.982434     0.8470   2.982766    5.18401    -0.1287    13.8155 0.0000e+00  -61.43767  -57.85967 1152527977 191.444198    34.6627      36042          1  0.000e+00
    699.516     0.8456   2.982417     0.8469   2.982766    5.18406    -0.0749    13.8155 0.0000e+00  -61.43767  -57.85967 1152527977 191.444198    34.6624      36043          1  0.000e+00
    699.449     0.8459   2.982448     0.8466   2.982725    5.18397    -0.1180    13.8155 0.0000e+00  -61.43767  -57.85967 1152527977 191.444199    34.6625      36044          1  0.000e+00
    699.449     0.8459   2.982390     0.8462   2.982743    5.17909    -0.0964    13.8155 0.0000e+00  -61.43767  -57.85967 1152527977 191.444199    34.6618      36045          1  0.000e+00
    699.372     0.8456   2.982400     0.8464   2.982719    5.18397    -0.0857    13.8155 0.0000e+00  -61.43767  -57.85967 1152527977 191.444200    34.6623      36046          1  0.000e+00
    699.449     0.8458   2.982431     0.8464   2.982695    5.18399    -0.1180    13.8155 0.0000e+00  -61.43767  -57.85967 1152527977 191.444200    34.6625      36047          1  0.000e+00
    699.372     0.8455   2.982400     0.8463   2.982683    5.18398    -0.1287    13.8155 0.0000e+00  -61.43767  -57.85967 1152527977 191.444201    34.6625      36048          1  0.000e+00
    699.304     0.8456   2.982370     0.8462   2.982671    5.18393    -0.1287    13.8155 0.0000e+00  -61.43767  -57.85967 1152527977 191.444201    34.6619      36049          1  0.000e+00
    699.372     0.8453   2.982356     0.8467   2.982677    5.18402    -0.1610    13.8155 0.0000e+00  -61.43767  -57.85967 1152527977 191.444202    34.6621      36050          1  0.000e+00
    699.324     0.8449   2.982363     0.8463   2.982701    5.18403    -0.1180    13.8155 0.0000e+00  -61.43767  -57.85967 1152527977 191.444202    34.6627      36051          1  0.000e+00
    699.304     0.8448   2.982366     0.8466   2.982695    5.18402    -0.0534    13.8155 0.0000e+00  -61.43767  -57.85967 1152527977 191.444203    34.6628      36052          1  0.000e+00
    699.237     0.8448   2.982329     0.8462   2.982707    5.18399    -0.0534    13.8155 0.0000e+00  -61.43767  -57.85967 1152527977 191.444203    34.6623      36053          1  0.000e+00
    699.237     0.8453   2.982298     0.8466   2.982677    5.18395    -0.0964    13.8155 0.0000e+00  -61.43767  -57.85967 1152527977 191.444204    34.6614      36054          1  0.000e+00
    699.237     0.8455   2.982329     0.8463   2.982659    5.18392    -0.1072    13.8155 0.0000e+00  -61.43767  -57.85967 1152527977 191.444204    34.6616      36055          1  0.000e+00
    699.237     0.8451   2.982305     0.8461   2.982695    5.18397    -0.0964    13.8155 0.0000e+00  -61.43767  -57.85967 1152527977 191.444205    34.6617      36056          1  0.000e+00
    699.160     0.8444   2.982295     0.8464   2.982659    5.18399    -0.0857    13.8155 0.0000e+00  -61.43767  -57.85967 1152527977 191.444205    34.6624      36057          1  0.000e+00
    699.160     0.8447   2.982302     0.8465   2.982653    5.18396    -0.0857    13.8155 0.0000e+00  -61.43767  -57.85967 1152527977 191.444206    34.6622      36058          1  0.000e+00
    699.160     0.8446   2.982278     0.8458   2.982641    5.18398    -0.0749    13.8155 0.0000e+00  -61.43767  -57.85967 1152527977 191.444206    34.6620      36059          1  0.000e+00
    699.093     0.8445   2.982288     0.8460   2.982629    5.18393    -0.0964    13.8155 0.0000e+00  -61.43767  -57.85967 1152527977 191.444207    34.6622      36060          1  0.000e+00
    699.093     0.8450   2.982295     0.8458   2.982612    5.18388    -0.1072    13.8155 0.0000e+00  -61.43767  -57.85967 1152527977 191.444207    34.6618      36061          1  0.000e+00
    699.093     0.8452   2.982295     0.8460   2.982623    5.18386    -0.0964    13.8155 0.0000e+00  -61.43767  -57.85967 1152527977 191.444208    34.6616      36062          1  0.000e+00
    699.874     0.8434   2.982265     0.8438   2.982475    5.18462    -0.1180    13.8155 0.0000e+00  -61.43767  -57.85967 1152527985 191.444296    34.6627      36245          2  0.000e+00
    699.874     0.8438   2.982234     0.8441   2.982487    5.18460    -0.0964    13.8155 0.0000e+00  -61.43767  -57.85967 1152527985 191.444296    34.6619      36246          2  0.000e+00
    699.874     0.8437   2.982241     0.8443   2.982469    5.18460    -0.1287    13.8155 0.0000e+00  -61.43767  -57.85967 1152527985 191.444297    34.6620      36247          2  0.000e+00
    699.807     0.8436   2.982254     0.8435   2.982481    5.18456    -0.1072    13.8155 0.0000e+00  -61.43767  -57.85967 1152527985 191.444297    34.6624      36248          2  0.000e+00
    699.951     0.8441   2.982231     0.8444   2.982475    5.18463    -0.1395    13.8155 0.0000e+00  -61.43767  -57.85967 1152527985 191.444298    34.6615      36249          2  0.000e+00
    699.807     0.8437   2.982241     0.8446   2.982487    5.18455    -0.1395    13.8155 0.0000e+00  -61.43767  -57.85967 1152527985 191.444298    34.6621      36250          2  0.000e+00
    699.826     0.8437   2.982210     0.8441   2.982493    5.18458    -0.1180    13.8155 0.0000e+00  -61.43767  -57.85967 1152527985 191.444299    34.6617      36251          2  0.000e+00
    699.874     0.8439   2.982234     0.8446   2.982493    5.18458    -0.0642    13.8155 0.0000e+00  -61.43767  -57.85967 1152527985 191.444299    34.6617      36252          2  0.000e+00
    699.807     0.8445   2.982247     0.8440   2.982475    5.18447    -0.0426    13.8155 0.0000e+00  -61.43767  -57.85967 1152527985 191.444300    34.6613      36253          2  0.000e+00
    699.874     0.8441   2.982227     0.8443   2.982487    5.18457    -0.1072    13.8155 0.0000e+00  -61.43767  -57.85967 1152527985 191.444300    34.6615      36254          2  0.000e+00
    699.874     0.8437   2.982258     0.8446   2.982511    5.17969    -0.0964    13.8155 0.0000e+00  -61.43767  -57.85967 1152527986 191.444301    34.6623      36255          2  0.000e+00
    699.807     0.8436   2.982241     0.8443   2.982481    5.18457    -0.0964    13.8155 0.0000e+00  -61.43767  -57.85967 1152527986 191.444301    34.6622      36256          2  0.000e+00
    699.874     0.8436   2.982261     0.8444   2.982505    5.17970    -0.1502    13.8155 0.0000e+00  -61.43767  -57.85967 1152527986 191.444302    34.6624      36257          2  0.000e+00
    699.807     0.8441   2.982271     0.8446   2.982499    5.17960    -0.1718    13.8155 0.0000e+00  -61.43767  -57.85967 1152527986 191.444302    34.6621      36258          2  0.000e+00
    699.807     0.8438   2.982234     0.8443   2.982511    5.17965    -0.0857    13.8155 0.0000e+00  -61.43767  -57.85967 1152527986 191.444303    34.6620      36259          2  0.000e+00
    699.874     0.8441   2.982241     0.8443   2.982499    5.17967    -0.0534    13.8155 0.0000e+00  -61.43767  -57.85967 1152527986 191.444303    34.6617      36260          2  0.000e+00
    699.807     0.8437   2.982264     0.8443   2.982493    5.18454    -0.0749    13.8155 0.0000e+00  -61.43767  -57.85967 1152527986 191.444304    34.6624      36261          2  0.000e+00
    699.807     0.8436   2.982234     0.8441   2.982511    5.18457    -0.1072    13.8155 0.0000e+00  -61.43767  -57.85967 1152527986 191.444304    34.6621      36262          2  0.000e+00
    699.826     0.8434   2.982224     0.8440   2.982481    5.18461    -0.1395    13.8155 0.0000e+00  -61.43767  -57.85967 1152527986 191.444305    34.6622      36263          2  0.000e+00
    699.874     0.8439   2.982224     0.8443   2.982487    5.17969    -0.1395    13.8155 0.0000e+00  -61.43767  -57.85967 1152527986 191.444305    34.6616      36264          2  0.000e+00
    699.807     0.8439   2.982264     0.8444   2.982516    5.17962    -0.1180    13.8155 0.0000e+00  -61.43767  -57.85967 1152527986 191.444306    34.6622      36265          2  0.000e+00
    699.807     0.8439   2.982271     0.8443   2.982475    5.17962    -0.0749    13.8155 0.0000e+00  -61.43767  -57.85967 1152527986 191.444306    34.6623      36266          2  0.000e+00
    699.807     0.8442   2.982217     0.8443   2.982499    5.18451    -0.0642    13.8155 0.0000e+00  -61.43767  -57.85967 1152527986 191.444307    34.6612      36267          2  0.000e+00
    699.807     0.8439   2.982251     0.8446   2.982522    5.17963    -0.0857    13.8155 0.0000e+00  -61.43767  -57.85967 1152527986 191.444307    34.6620      36268          2  0.000e+00
    699.874     0.8437   2.982251     0.8452   2.982540    5.17969    -0.0964    13.8155 0.0000e+00  -61.43767  -57.85967 1152527986 191.444307    34.6622      36269          2  0.000e+00
    699.807     0.8446   2.982264     0.8447   2.982493    5.17955    -0.0857    13.8155 0.0000e+00  -61.43767  -57.85967 1152527986 191.444308    34.6615      36270          2  0.000e+00
    699.807     0.8441   2.982271     0.8447   2.982528    5.17960    -0.0749    13.8155 0.0000e+00  -61.43767  -57.85967 1152527986 191.444308    34.6621      36271          2  0.000e+00
    699.807     0.8439   2.982251     0.8446   2.982505    5.17962    -0.0426    13.8155 0.0000e+00  -61.43767  -57.85967 1152527986 191.444309    34.6620      36272          2  0.000e+00
    699.807     0.8442   2.982264     0.8443   2.982493    5.17959    -0.0749    13.8155 0.0000e+00  -61.43767  -57.85967 1152527986 191.444309    34.6619      36273          2  0.000e+00
    699.807     0.8434   2.982241     0.8447   2.982511    5.18459    -0.0857    13.8155 0.0000e+00  -61.43767  -57.85967 1152527986 191.444310    34.6624      36274          2  0.000e+00
    699.807     0.8442   2.982261     0.8443   2.982499    5.18449    -0.0642    13.8155 0.0000e+00  -61.43767  -57.85967 1152527986 191.444310    34.6618      36275          2  0.000e+00
    699.826     0.8441   2.982271     0.8443   2.982511    5.17962    -0.0534    13.8155 0.0000e+00  -61.43767  -57.85967 1152527986 191.444311    34.6621      36276          2  0.000e+00
    699.874     0.8442   2.982271     0.8446   2.982522    5.17963    -0.0642    13.8155 0.0000e+00  -61.43767  -57.85967 1152527986 191.444311    34.6619      36277          2  0.000e+00
    699.807     0.8439   2.982251     0.8444   2.982475    5.18453    -0.1180    13.8155 0.0000e+00  -61.43767  -57.85967 1152527986 191.444312    34.6620      36278          2  0.000e+00
    699.807     0.8436   2.982247     0.8443   2.982546    5.18457    -0.1072    13.8155 0.0000e+00  -61.43767  -57.85967 1152527987 191.444312    34.6623      36279          2  0.000e+00
    699.874     0.8441   2.982265     0.8445   2.982517    5.17965    -0.0642    13.8155 0.0000e+00  -61.43767  -57.85967 1152527987 191.444313    34.6620      36280          2  0.000e+00
