product_data/regression_test/downloaded_data/MGDS/320620060703/ctd/p6609801.ros
* Sea-Bird SBE 9 Data File:
* FileName = D:\Data\Raw\p6609801.dat
* Software Version Seasave Win32 V 5.32
* Temperature SN = 1649
* Conductivity SN = 1431
* Number of Bytes Per Scan = 37
* Number of Voltage Words = 5
* Number of Scans Averaged by the Deck Unit = 1
* NMEA Latitude = 60 29.94 S
* NMEA Longitude = 058 33.67 W
* NMEA UTC (Time) = 05:26:23
** Ship:   Nathaniel B. Palmer 
** Cruise:    NBP0606 
# nquan = 17
# nvalues = 1176                    
# units = specified
# name 0 = prDM: Pressure, Digiquartz [db]
# name 1 = t090C: Temperature [ITS-90, deg C]
# name 2 = c0S/m: Conductivity [S/m]
# name 3 = t190C: Temperature, 2 [ITS-90, deg C]
# name 4 = c1S/m: Conductivity, 2 [S/m]
# name 5 = sbeox0ML/L: Oxygen, SBE 43 [ml/l]
# name 6 = flECO-AFL: Fluorescence, Wetlab ECO-AFL/FL [mg/m^3]
# name 7 = bat: Beam Attenuation, Chelsea/Seatech/Wetlab CStar [1/m]
# name 8 = spar: SPAR/Surface Irradiance
# name 9 = latitude: Latitude [deg]
# name 10 = longitude: Longitude [deg]
# name 11 = timeY: Time, System [seconds]
# name 12 = timeJ: Julian Days
# name 13 = sal00: Salinity [PSU]
# name 14 = scan: scan number
# name 15 = nbf: number of bottles fired
# name 16 = flag:  0.000e+00
# interval = seconds: 0.0416667                   
# start_time = Jul 12 2006 05:26:31
*END*
[from data line 511]
    250.408     2.0235   3.049483     2.0227   3.049829    4.52121    -0.0964    13.8155 0.0000e+00  -60.49900  -58.56117 1152684973 193.261281    34.4763      71610         11  0.000e+00
    250.331     2.0231   3.049473     2.0229   3.049841    4.52120    -0.0964    13.8155 0.0000e+00  -60.49900  -58.56117 1152684973 193.261282    34.4766      71611         11  0.000e+00
    250.408     2.0236   3.049504     2.0225   3.049847    4.52119    -0.0749    13.8155 0.0000e+00  -60.49900  -58.56117 1152684973 193.261282    34.4764      71612         11  0.000e+00
    250.408     2.0228   3.049500     2.0227   3.049859    4.52127    -0.0964    13.8155 0.0000e+00  -60.49900  -58.56117 1152684973 193.261283    34.4773      71613         11  0.000e+00
    250.341     2.0235   3.049514     2.0230   3.049829    4.52115    -0.0749    13.8155 0.0000e+00  -60.49900  -58.56117 1152684973 193.261283    34.4767      71614         11  0.000e+00
    250.331     2.0236   3.049521     2.0233   3.049889    4.52113    -0.0964    13.8155 0.0000e+00  -60.49900  -58.56117 1152684973 193.261284    34.4767      71615         11  0.000e+00
    250.341     2.0240   3.049500     2.0235   3.049901    4.52111    -0.1610    13.8155 0.0000e+00  -60.49900  -58.56117 1152684973 193.261284    34.4759      71616         11  0.000e+00
    250.331     2.0240   3.049493     2.0238   3.049895    4.52111    -0.1395    13.8155 0.0000e+00  -60.49900  -58.56117 1152684973 193.261285    34.4759      71617         11  0.000e+00
    250.341     2.0234   3.049459     2.0239   3.049895    4.52118    -0.1072    13.8155 0.0000e+00  -60.49900  -58.56117 1152684973 193.261285    34.4761      71618         11  0.000e+00
    250.331     2.0236   3.049445     2.0236   3.049901    4.52116    -0.0534    13.8155 0.0000e+00  -60.49900  -58.56117 1152684973 193.261286    34.4757      71619         11  0.000e+00
    250.341     2.0220   3.049394     2.0241   3.049913    4.52134    -0.0426    13.8155 0.0000e+00  -60.49900  -58.56117 1152684973 193.261286    34.4768      71620         11  0.000e+00
    250.331     2.0199   3.049280     2.0235   3.049883    4.52157    -0.1072    13.8155 0.0000e+00  -60.49900  -58.56117 1152684973 193.261287    34.4777      71621         11  0.000e+00
    250.274     2.0190   3.049195     2.0243   3.049907    4.52165    -0.0857    13.8155 0.0000e+00  -60.49900  -58.56117 1152684973 193.261287    34.4776      71622         11  0.000e+00
    250.331     2.0194   3.049198     2.0236   3.049901    4.52164    -0.0964    13.8155 0.0000e+00  -60.49900  -58.56117 1152684973 193.261288    34.4772      71623         11  0.000e+00
    250.274     2.0196   3.049150     2.0235   3.049919    4.52161    -0.1180    13.8155 0.0000e+00  -60.49900  -58.56117 1152684973 193.261288    34.4764      71624         11  0.000e+00
    250.331     2.0196   3.049147     2.0235   3.049919    4.52165    -0.1072    13.8155 0.0000e+00  -60.49900  -58.56117 1152684973 193.261289    34.4764      71625         11  0.000e+00
    250.274     2.0199   3.049174     2.0235   3.049901    4.52157    -0.0642    13.8155 0.0000e+00  -60.49900  -58.56117 1152684973 193.261289    34.4763      71626         11  0.000e+00
    250.274     2.0191   3.049143     2.0233   3.049913    4.52166    -0.0642    13.8155 0.0000e+00  -60.49900  -58.56117 1152684973 193.261290    34.4769      71627         11  0.000e+00
    250.264     2.0183   3.049129     2.0236   3.049925    4.52172    -0.0857    13.8155 0.0000e+00  -60.49900  -58.56117 1152684973 193.261290    34.4775      71628         11  0.000e+00
    250.274     2.0186   3.049150     2.0239   3.049901    4.52170    -0.1072    13.8155 0.0000e+00  -60.49900  -58.56117 1152684973 193.261291    34.4775      71629         11  0.000e+00
    250.264     2.0190   3.049157     2.0235   3.049919    4.52166    -0.0749    13.8155 0.0000e+00  -60.49900  -58.56117 1152684974 193.261291    34.4772      71630         11  0.000e+00
    250.274     2.0194   3.049119     2.0238   3.049949    4.52164    -0.1287    13.8155 0.0000e+00  -60.49900  -58.56117 1152684974 193.261291    34.4763      71631         11  0.000e+00
    250.264     2.0198   3.049105     2.0238   3.049907    4.52160    -0.0964    13.8155 0.0000e+00  -60.49900  -58.56117 1152684974 193.261292    34.4757      71632         11  0.000e+00
    250.274     2.0200   3.049143     2.0241   3.049919    4.52157    -0.0857    13.8155 0.0000e+00  -60.49900  -58.56117 1152684974 193.261292    34.4759      71633         11  0.000e+00
    250.264     2.0198   3.049136     2.0239   3.049919    4.52159    -0.1180    13.8155 0.0000e+00  -60.49900  -58.56117 1152684974 193.261293    34.4761      71634         11  0.000e+00
    250.197     2.0189   3.049129     2.0236   3.049925    4.52163    -0.0642    13.8155 0.0000e+00  -60.49900  -58.56117 1152684974 193.261293    34.4769      71635         11  0.000e+00
    250.264     2.0194   3.049095     2.0236   3.049919    4.52164    -0.0534    13.8155 0.0000e+00  -60.49900  -58.56117 1152684974 193.261294    34.4759      71636         11  0.000e+00
    250.274     2.0189   3.049064     2.0236   3.049883    4.52170    -0.0319    13.8155 0.0000e+00  -60.49900  -58.56117 1152684974 193.261294    34.4761      71637         11  0.000e+00
    250.971     2.0185   3.048868     2.0152   3.048790    4.52226    -0.0534    13.8155 0.0000e+00  -60.49900  -58.56117 1152684979 193.261360    34.4737      71773         12  0.000e+00
    250.895     2.0185   3.048851     2.0152   3.048814    4.52221    -0.0426    13.8155 0.0000e+00  -60.49900  -58.56117 1152684980 193.261360    34.4735      71774         12  0.000e+00
    250.971     2.0188   3.048841     2.0150   3.048820    4.52224    -0.0642    13.8155 0.0000e+00  -60.49900  -58.56117 1152684980 193.261361    34.4731      71775         12  0.000e+00
    250.895     2.0182   3.048841     2.0149   3.048838    4.52225    -0.0534    13.8155 0.0000e+00  -60.49900  -58.56117 1152684980 193.261361    34.4737      71776         12  0.000e+00
    250.904     2.0180   3.048769     2.0153   3.048808    4.52230    -0.1180    13.8155 0.0000e+00  -60.49900  -58.56117 1152684980 193.261362    34.4730      71777         12  0.000e+00
    250.895     2.0174   3.048762     2.0150   3.048814    4.51785    -0.1287    13.8155 0.0000e+00  -60.49900  -58.56117 1152684980 193.261362    34.4736      71778         12  0.000e+00
    250.904     2.0174   3.048769     2.0152   3.048802    4.51786    -0.0964    13.8155 0.0000e+00  -60.49900  -58.56117 1152684980 193.261363    34.4737      71779         12  0.000e+00
    250.895     2.0172   3.048748     2.0152   3.048832    4.51787    -0.1072    13.8155 0.0000e+00  -60.49900  -58.56117 1152684980 193.261363    34.4736      71780         12  0.000e+00
    250.838     2.0172   3.048745     2.0147   3.048808    4.52234    -0.1180    13.8155 0.0000e+00  -60.49900  -58.56117 1152684980 193.261364    34.4736      71781         12  0.000e+00
    250.828     2.0176   3.048745     2.0150   3.048814    4.52230    -0.0964    13.8155 0.0000e+00  -60.49900  -58.56117 1152684980 193.261364    34.4732      71782         12  0.000e+00
    250.838     2.0172   3.048707     2.0146   3.048772    4.52235    -0.0749    13.8155 0.0000e+00  -60.49900  -58.56117 1152684980 193.261365    34.4732      71783         12  0.000e+00
    250.828     2.0168   3.048731     2.0150   3.048784    4.52237    -0.0749    13.8155 0.0000e+00  -60.49900  -58.56117 1152684980 193.261365    34.4739      71784         12  0.000e+00
    250.838     2.0177   3.048745     2.0149   3.048766    4.52229    -0.0534    13.8155 0.0000e+00  -60.49900  -58.56117 1152684980 193.261366    34.4731      71785         12  0.000e+00
    250.751     2.0176   3.048762     2.0150   3.048802    4.52224    -0.1072    13.8155 0.0000e+00  -60.49900  -58.56117 1152684980 193.261366    34.4735      71786         12  0.000e+00
    250.761     2.0170   3.048769     2.0149   3.048802    4.52229    -0.1395    13.8155 0.0000e+00  -60.49900  -58.56117 1152684980 193.261367    34.4742      71787         12  0.000e+00
    250.828     2.0174   3.048769     2.0149   3.048790    4.52230    -0.0964    13.8155 0.0000e+00  -60.49900  -58.56117 1152684980 193.261367    34.4737      71788         12  0.000e+00
    250.761     2.0181   3.048769     2.0147   3.048808    4.52219    -0.0964    13.8155 0.0000e+00  -60.49900  -58.56117 1152684980 193.261368    34.4730      71789         12  0.000e+00
    250.751     2.0176   3.048786     2.0146   3.048796    4.52223    -0.0964    13.8155 0.0000e+00  -60.49900  -58.56117 1152684980 193.261368    34.4738      71790         12  0.000e+00
    250.761     2.0175   3.048772     2.0152   3.048790    4.52225    -0.1287    13.8155 0.0000e+00  -60.49900  -58.56117 1152684980 193.261369    34.4737      71791         12  0.000e+00
    250.685     2.0177   3.048803     2.0149   3.048796    4.52217    -0.0749    13.8155 0.0000e+00  -60.49900  -58.56117 1152684980 193.261369    34.4739      71792         12  0.000e+00
    250.761     2.0180   3.048796     2.0154   3.048832    4.52220    -0.0749    13.8155 0.0000e+00  -60.49900  -58.56117 1152684980 193.261370    34.4735      71793         12  0.000e+00
    250.751     2.0183   3.048793     2.0146   3.048808    4.52216    -0.0857    13.8155 0.0000e+00  -60.49900  -58.56117 1152684980 193.261370    34.4730      71794         12  0.000e+00
    250.694     2.0174   3.048772     2.0147   3.048790    4.52222    -0.0642    13.8155 0.0000e+00  -60.49900  -58.56117 1152684980 193.261371    34.4739      71795         12  0.000e+00
    250.685     2.0176   3.048786     2.0148   3.048790    4.52219    -0.0857    13.8155 0.0000e+00  -60.49900  -58.56117 1152684980 193.261371    34.4738      71796         12  0.000e+00
    250.694     2.0180   3.048810     2.0154   3.048814    4.52215    -0.0964    13.8155 0.0000e+00  -60.49900  -58.56117 1152684980 193.261372    34.4737      71797         12  0.000e+00
    250.684     2.0180   3.048851     2.0155   3.048838    4.52212    -0.1072    13.8155 0.0000e+00  -60.49900  -58.56117 1152684981 193.261372    34.4741      71798         12  0.000e+00
    250.761     2.0180   3.048882     2.0157   3.048826    4.52216    -0.1072    13.8155 0.0000e+00  -60.49900  -58.56117 1152684981 193.261372    34.4745      71799         12  0.000e+00
    250.684     2.0183   3.048889     2.0160   3.048880    4.52208    -0.0857    13.8155 0.0000e+00  -60.49900  -58.56117 1152684981 193.261373    34.4743      71800         12  0.000e+00
    250.627     2.0189   3.048910     2.0158   3.048904    4.52198    -0.0319    13.8155 0.0000e+00  -60.49900  -58.56117 1152684981 193.261373    34.4739      71801         12  0.000e+00
    250.684     2.0185   3.048875     2.0158   3.048910    4.52207    -0.0749    13.8155 0.0000e+00  -60.49900  -58.56117 1152684981 193.261374    34.4739      71802         12  0.000e+00
    250.694     2.0183   3.048903     2.0160   3.048922    4.52209    -0.1180    13.8155 0.0000e+00  -60.49900  -58.56117 1152684981 193.261374    34.4745      71803         12  0.000e+00
    250.684     2.0183   3.048896     2.0163   3.048928    4.52208    -0.0964    13.8155 0.0000e+00  -60.49900  -58.56117 1152684981 193.261375    34.4744      71804         12  0.000e+00
    250.627     2.0180   3.048889     2.0161   3.048952    4.52208    -0.0857    13.8155 0.0000e+00  -60.49900  -58.56117 1152684981 193.261375    34.4747      71805         12  0.000e+00
    250.684     2.0178   3.048910     2.0161   3.048958    4.52212    -0.0857    13.8155 0.0000e+00  -60.49900  -58.56117 1152684981 193.261376    34.4751      71806         12  0.000e+00
    250.627     2.0182   3.048913     2.0163   3.048940    4.52205    -0.0642    13.8155 0.0000e+00  -60.49900  -58.56117 1152684981 193.261376    34.4748      71807         12  0.000e+00
    250.684     2.0191   3.048913     2.0163   3.048910    4.52200    -0.0857    13.8155 0.0000e+00  -60.49900  -58.56117 1152684981 193.261377    34.4738      71808         12  0.000e+00
    250.627     2.0193   3.048916     2.0163   3.048922    4.52194    -0.0964    13.8155 0.0000e+00  -60.49900  -58.56117 1152684981 193.261377    34.4736      71809         12  0.000e+00
    250.618     2.0189   3.048913     2.0158   3.048892    4.52198    -0.0857    13.8155 0.0000e+00  -60.49900  -58.56117 1152684981 193.261378    34.4740      71810         12  0.000e+00
    250.627     2.0190   3.048951     2.0160   3.048898    4.52196    -0.1072    13.8155 0.0000e+00  -60.49900  -58.56117 1152684981 193.261378    34.4744      71811         12  0.000e+00
    250.684     2.0189   3.048965     2.0160   3.048886    4.52200    -0.1395    13.8155 0.0000e+00  -60.49900  -58.56117 1152684981 193.261379    34.4746      71812         12  0.000e+00
    250.627     2.0185   3.048944     2.0158   3.048898    4.52201    -0.1287    13.8155 0.0000e+00  -60.49900  -58.56117 1152684981 193.261379    34.4748      71813         12  0.000e+00
    250.618     2.0189   3.048937     2.0158   3.048886    4.52197    -0.1180    13.8155 0.0000e+00  -60.49900  -58.56117 1152684981 193.261380    34.4743      71814         12  0.000e+00
    250.627     2.0190   3.048920     2.0160   3.048856    4.52197    -0.0964    13.8155 0.0000e+00  -60.49900  -58.56117 1152684981 193.261380    34.4740      71815         12  0.000e+00
    250.618     2.0194   3.048934     2.0160   3.048886    4.52192    -0.0642    13.8155 0.0000e+00  -60.49900  -58.56117 1152684981 193.261381    34.4737      71816         12  0.000e+00
    250.627     2.0191   3.048971     2.0156   3.048862    4.52194    -0.0857    13.8155 0.0000e+00  -60.49900  -58.56117 1152684981 193.261381    34.4745      71817         12  0.000e+00
    250.618     2.0196   3.048951     2.0155   3.048802    4.52190    -0.1287    13.8155 0.0000e+00  -60.49900  -58.56117 1152684981 193.261382    34.4738      71818         12  0.000e+00
    250.627     2.0193   3.048941     2.0149   3.048808    4.52643    -0.1180    13.8155 0.0000e+00  -60.49900  -58.56117 1152684981 193.261382    34.4739      71819         12  0.000e+00
    250.617     2.0192   3.048937     2.0150   3.048754    4.52194    -0.1180    13.8155 0.0000e+00  -60.49900  -58.56117 1152684981 193.261383    34.4740      71820         12  0.000e+00
    250.551     2.0196   3.048920     2.0149   3.048736    4.52187    -0.0749    13.8155 0.0000e+00  -60.49900  -58.56117 1152684982 193.261383    34.4734      71821         12  0.000e+00
    199.777     1.8370   3.025912     1.8399   3.026563    4.76672    -0.1072    13.8155 0.0000e+00  -60.49900  -58.56117 1152685100 193.262753    34.4120      74662         13  0.000e+00
    199.749     1.8377   3.025987     1.8397   3.026569    4.76660    -0.0857    13.8155 0.0000e+00  -60.49900  -58.56117 1152685100 193.262754    34.4123      74663         13  0.000e+00
    199.777     1.8378   3.026059     1.8399   3.026569    4.76658    -0.1072    13.8155 0.0000e+00  -60.49900  -58.56117 1152685100 193.262754    34.4130      74664         13  0.000e+00
    199.567     1.8380   3.026059     1.8396   3.026533    4.76643    -0.1287    13.8155 0.0000e+00  -60.49900  -58.56117 1152685100 193.262755    34.4130      74665         13  0.000e+00
    199.682     1.8382   3.026035     1.8399   3.026581    4.76650    -0.1072    13.8155 0.0000e+00  -60.49900  -58.56117 1152685100 193.262755    34.4124      74666         13  0.000e+00
    199.710     1.8385   3.026049     1.8411   3.026623    4.76648    -0.0749    13.8155 0.0000e+00  -60.49900  -58.56117 1152685100 193.262756    34.4122      74667         13  0.000e+00
    199.567     1.8389   3.026018     1.8413   3.026670    4.76635    -0.0426    13.8155 0.0000e+00  -60.49900  -58.56117 1152685100 193.262756    34.4114      74668         13  0.000e+00
