product_data/regression_test/downloaded_data/MGDS/320620060703/ctd/p6607901.ros
* Sea-Bird SBE 9 Data File:
* FileName = D:\Data\Raw\P6607901.dat
* Software Version Seasave Win32 V 5.32
* Temperature SN = 1649
* Conductivity SN = 1431
* Number of Bytes Per Scan = 37
* Number of Voltage Words = 5
* Number of Scans Averaged by the Deck Unit = 1
* NMEA Latitude = 62 20.12 S
* NMEA Longitude = 058 03.15 W
* NMEA UTC (Time) = 04:28:55
** Ship:   Nathaniel B. Palmer 
** Cruise:    NBP0603 p0606
** Cast #: 01
** Station:   79
** Operator: 
# nquan = 17
# nvalues = 1176                    
# units = specified
# name 0 = prDM: Pressure, Digiquartz [db]
# name 1 = t090C: Temperature [ITS-90, deg C]
# name 2 = c0S/m: Conductivity [S/m]
# name 3 = t190C: Temperature, 2 [ITS-90, deg C]
# name 4 = c1S/m: Conductivity, 2 [S/m]
# name 5 = sbeox0ML/L: Oxygen, SBE 43 [ml/l]
# name 6 = flECO-AFL: Fluorescence, Wetlab ECO-AFL/FL [mg/m^3]
# name 7 = bat: Beam Attenuation, Chelsea/Seatech/Wetlab CStar [1/m]
# name 8 = spar: SPAR/Surface Irradiance
# name 9 = latitude: Latitude [deg]
# name 10 = longitude: Longitude [deg]
# name 11 = timeY: Time, System [seconds]
# name 12 = timeJ: Julian Days
# name 13 = sal00: Salinity [PSU]
# name 14 = scan: scan number
# name 15 = nbf: number of bottles fired
# name 16 = flag:  0.000e+00
# interval = seconds: 0.0416667                   
# start_time = Jul 09 2006 04:29:03
*END*
[from data line 596]
    250.356    -0.9026   2.792496    -0.9051   2.792677    6.79606    -0.0534    13.8155 0.0000e+00  -62.33533  -58.05250 1152423107 190.230424    34.3822      90376         13  0.000e+00
    250.356    -0.9032   2.792496    -0.9051   2.792671    6.79614    -0.0857    13.8155 0.0000e+00  -62.33533  -58.05250 1152423107 190.230424    34.3829      90377         13  0.000e+00
    250.289    -0.9031   2.792493    -0.9057   2.792654    6.79607    -0.1287    13.8155 0.0000e+00  -62.33533  -58.05250 1152423107 190.230425    34.3828      90378         13  0.000e+00
    250.356    -0.9034   2.792493    -0.9052   2.792631    6.79617    -0.1072    13.8155 0.0000e+00  -62.33533  -58.05250 1152423107 190.230425    34.3831      90379         13  0.000e+00
    250.279    -0.9032   2.792493    -0.9054   2.792660    6.79607    -0.0857    13.8155 0.0000e+00  -62.33533  -58.05250 1152423107 190.230426    34.3829      90380         13  0.000e+00
    250.289    -0.9038   2.792506    -0.9058   2.792694    6.79616    -0.1395    13.8155 0.0000e+00  -62.33533  -58.05250 1152423107 190.230426    34.3838      90381         13  0.000e+00
    250.356    -0.9041   2.792496    -0.9049   2.792683    6.79627    -0.1395    13.8155 0.0000e+00  -62.33533  -58.05250 1152423107 190.230427    34.3839      90382         13  0.000e+00
    250.289    -0.9042   2.792493    -0.9044   2.792729    6.79622    -0.0857    13.8155 0.0000e+00  -62.33533  -58.05250 1152423107 190.230427    34.3840      90383         13  0.000e+00
    250.279    -0.9043   2.792493    -0.9044   2.792718    6.79623    -0.0534    13.8155 0.0000e+00  -62.33533  -58.05250 1152423107 190.230428    34.3842      90384         13  0.000e+00
    250.289    -0.9046   2.792506    -0.9039   2.792724    6.79626    -0.0426    13.8155 0.0000e+00  -62.33533  -58.05250 1152423107 190.230428    34.3846      90385         13  0.000e+00
    250.279    -0.9042   2.792480    -0.9043   2.792747    6.79622    -0.0534    13.8155 0.0000e+00  -62.33533  -58.05250 1152423107 190.230429    34.3838      90386         13  0.000e+00
    250.289    -0.9049   2.792499    -0.9032   2.792753    6.79631    -0.0426    13.8155 0.0000e+00  -62.33533  -58.05250 1152423107 190.230429    34.3849      90387         13  0.000e+00
    250.280    -0.9040   2.792529    -0.9029   2.792776    6.79616    -0.0319    13.8155 0.0000e+00  -62.33533  -58.05250 1152423107 190.230430    34.3843      90388         13  0.000e+00
    250.222    -0.9043   2.792486    -0.9028   2.792776    6.79618    -0.0319    13.8155 0.0000e+00  -62.33533  -58.05250 1152423107 190.230430    34.3841      90389         13  0.000e+00
    250.289    -0.9040   2.792499    -0.9028   2.792782    6.79618    -0.0749    13.8155 0.0000e+00  -62.33533  -58.05250 1152423107 190.230431    34.3839      90390         13  0.000e+00
    250.213    -0.9040   2.792479    -0.9023   2.792822    6.79613    -0.0857    13.8155 0.0000e+00  -62.33533  -58.05250 1152423107 190.230431    34.3837      90391         13  0.000e+00
    250.289    -0.9044   2.792499    -0.9021   2.792851    6.79625    -0.1287    13.8155 0.0000e+00  -62.33533  -58.05250 1152423108 190.230432    34.3844      90392         13  0.000e+00
    250.213    -0.9043   2.792513    -0.9021   2.792857    6.79615    -0.1610    13.8155 0.0000e+00  -62.33533  -58.05250 1152423108 190.230432    34.3845      90393         13  0.000e+00
    250.222    -0.9040   2.792513    -0.9021   2.792845    6.79612    -0.1502    13.8155 0.0000e+00  -62.33533  -58.05250 1152423108 190.230433    34.3842      90394         13  0.000e+00
    250.213    -0.9046   2.792479    -0.9026   2.792828    6.79621    -0.1072    13.8155 0.0000e+00  -62.33533  -58.05250 1152423108 190.230433    34.3843      90395         13  0.000e+00
    250.222    -0.9045   2.792470    -0.9026   2.792851    6.79621    -0.1180    13.8155 0.0000e+00  -62.33533  -58.05250 1152423108 190.230434    34.3841      90396         13  0.000e+00
    250.280    -0.9043   2.792519    -0.9017   2.792904    6.79621    -0.0534    13.8155 0.0000e+00  -62.33533  -58.05250 1152423108 190.230434    34.3845      90397         13  0.000e+00
    250.146    -0.9040   2.792536    -0.9017   2.792892    6.79603    -0.0534    13.8155 0.0000e+00  -62.33533  -58.05250 1152423108 190.230435    34.3845      90398         13  0.000e+00
    250.213    -0.9038   2.792536    -0.9016   2.792909    6.79607    -0.0964    13.8155 0.0000e+00  -62.33533  -58.05250 1152423108 190.230435    34.3843      90399         13  0.000e+00
    250.222    -0.9036   2.792536    -0.9014   2.792898    6.79605    -0.0964    13.8155 0.0000e+00  -62.33533  -58.05250 1152423108 190.230435    34.3840      90400         13  0.000e+00
    250.222    -0.9036   2.792536    -0.9014   2.792904    6.79604    -0.0642    13.8155 0.0000e+00  -62.33533  -58.05250 1152423108 190.230436    34.3839      90401         13  0.000e+00
    250.213    -0.9035   2.792552    -0.9017   2.792933    6.79601    -0.0857    13.8155 0.0000e+00  -62.33533  -58.05250 1152423108 190.230436    34.3841      90402         13  0.000e+00
    250.146    -0.9026   2.792592    -0.9015   2.792927    6.79580    -0.0857    13.8155 0.0000e+00  -62.33533  -58.05250 1152423108 190.230437    34.3837      90403         13  0.000e+00
    250.213    -0.9021   2.792605    -0.9014   2.792892    6.79579    -0.0642    13.8155 0.0000e+00  -62.33533  -58.05250 1152423108 190.230437    34.3833      90404         13  0.000e+00
    250.146    -0.9023   2.792618    -0.9009   2.792927    6.79574    -0.0319    13.8155 0.0000e+00  -62.33533  -58.05250 1152423108 190.230438    34.3836      90405         13  0.000e+00
    250.213    -0.9025   2.792608    -0.9015   2.792904    6.79584    -0.0319    13.8155 0.0000e+00  -62.33533  -58.05250 1152423108 190.230438    34.3837      90406         13  0.000e+00
    250.146    -0.9019   2.792635    -0.9015   2.792927    6.79568    -0.1072    13.8155 0.0000e+00  -62.33533  -58.05250 1152423108 190.230439    34.3835      90407         13  0.000e+00
    250.146    -0.9021   2.792628    -0.9017   2.792921    6.79572    -0.1180    13.8155 0.0000e+00  -62.33533  -58.05250 1152423108 190.230439    34.3836      90408         13  0.000e+00
    250.223    -0.9025   2.792625    -0.9015   2.792921    6.79583    -0.1072    13.8155 0.0000e+00  -62.33533  -58.05250 1152423108 190.230440    34.3839      90409         13  0.000e+00
    250.146    -0.9023   2.792608    -0.9013   2.792909    6.79574    -0.0857    13.8155 0.0000e+00  -62.33533  -58.05250 1152423108 190.230440    34.3835      90410         13  0.000e+00
    250.146    -0.9025   2.792635    -0.9015   2.792875    6.79576    -0.1180    13.8155 0.0000e+00  -62.33533  -58.05250 1152423108 190.230441    34.3841      90411         13  0.000e+00
    250.146    -0.9020   2.792615    -0.9014   2.792921    6.79570    -0.0964    13.8155 0.0000e+00  -62.33533  -58.05250 1152423108 190.230441    34.3833      90412         13  0.000e+00
    250.146    -0.9019   2.792655    -0.9015   2.792915    6.79567    -0.0964    13.8155 0.0000e+00  -62.33533  -58.05250 1152423108 190.230442    34.3838      90413         13  0.000e+00
    250.146    -0.9015   2.792671    -0.9015   2.792933    6.79560    -0.0642    13.8155 0.0000e+00  -62.33533  -58.05250 1152423108 190.230442    34.3835      90414         13  0.000e+00
    250.146    -0.9025   2.792635    -0.9015   2.792904    6.79577    -0.0857    13.8155 0.0000e+00  -62.33533  -58.05250 1152423109 190.230443    34.3842      90415         13  0.000e+00
    250.146    -0.9021   2.792641    -0.9009   2.792904    6.79571    -0.0964    13.8155 0.0000e+00  -62.33533  -58.05250 1152423109 190.230443    34.3838      90416         13  0.000e+00
    250.579    -0.9012   2.792741    -0.9000   2.792979    6.79592    -0.1072    13.8155 0.0000e+00  -62.33533  -58.05250 1152423113 190.230499    34.3838      90532         14  0.000e+00
    250.569    -0.9011   2.792704    -0.9004   2.792962    6.79592    -0.0964    13.8155 0.0000e+00  -62.33533  -58.05250 1152423113 190.230500    34.3832      90533         14  0.000e+00
    250.713    -0.9010   2.792724    -0.9004   2.792968    6.79603    -0.1180    13.8155 0.0000e+00  -62.33533  -58.05250 1152423113 190.230500    34.3833      90534         14  0.000e+00
    250.569    -0.9012   2.792717    -0.9007   2.792973    6.79593    -0.1287    13.8155 0.0000e+00  -62.33533  -58.05250 1152423114 190.230501    34.3835      90535         14  0.000e+00
    250.579    -0.9019   2.792731    -0.9007   2.792962    6.79602    -0.1287    13.8155 0.0000e+00  -62.33533  -58.05250 1152423114 190.230501    34.3844      90536         14  0.000e+00
    250.636    -0.9013   2.792737    -0.9012   2.792968    6.79599    -0.0964    13.8155 0.0000e+00  -62.33533  -58.05250 1152423114 190.230502    34.3839      90537         14  0.000e+00
    250.579    -0.9012   2.792754    -0.9010   2.792950    6.79592    -0.0857    13.8155 0.0000e+00  -62.33533  -58.05250 1152423114 190.230502    34.3840      90538         14  0.000e+00
    250.637    -0.9013   2.792780    -0.9010   2.792956    6.79597    -0.1072    13.8155 0.0000e+00  -62.33533  -58.05250 1152423114 190.230503    34.3845      90539         14  0.000e+00
    250.579    -0.9004   2.792817    -0.9012   2.792968    6.79577    -0.0964    13.8155 0.0000e+00  -62.33533  -58.05250 1152423114 190.230503    34.3840      90540         14  0.000e+00
    250.579    -0.9003   2.792827    -0.9010   2.792991    6.79574    -0.0857    13.8155 0.0000e+00  -62.33533  -58.05250 1152423114 190.230503    34.3840      90541         14  0.000e+00
    250.570    -0.8996   2.792843    -0.9012   2.792991    6.79563    -0.1072    13.8155 0.0000e+00  -62.33533  -58.05250 1152423114 190.230504    34.3834      90542         14  0.000e+00
    250.646    -0.8998   2.792850    -0.9007   2.792991    6.79573    -0.1180    13.8155 0.0000e+00  -62.33533  -58.05250 1152423114 190.230504    34.3837      90543         14  0.000e+00
    250.570    -0.9000   2.792830    -0.9010   2.792997    6.79569    -0.0964    13.8155 0.0000e+00  -62.33533  -58.05250 1152423114 190.230505    34.3837      90544         14  0.000e+00
    250.579    -0.8999   2.792810    -0.9007   2.793008    6.79570    -0.0749    13.8155 0.0000e+00  -62.33533  -58.05250 1152423114 190.230505    34.3833      90545         14  0.000e+00
    250.570    -0.9004   2.792787    -0.9007   2.792997    6.79578    -0.1287    13.8155 0.0000e+00  -62.33533  -58.05250 1152423114 190.230506    34.3836      90546         14  0.000e+00
    250.579    -0.8999   2.792764    -0.9007   2.792979    6.79573    -0.1287    13.8155 0.0000e+00  -62.33533  -58.05250 1152423114 190.230506    34.3827      90547         14  0.000e+00
    250.570    -0.9002   2.792741    -0.9007   2.793002    6.79577    -0.1610    13.8155 0.0000e+00  -62.33533  -58.05250 1152423114 190.230507    34.3826      90548         14  0.000e+00
    250.579    -0.9004   2.792754    -0.9009   2.792979    6.79581    -0.1395    13.8155 0.0000e+00  -62.33533  -58.05250 1152423114 190.230507    34.3831      90549         14  0.000e+00
    250.570    -0.9008   2.792760    -0.9006   2.793002    6.79585    -0.1395    13.8155 0.0000e+00  -62.33533  -58.05250 1152423114 190.230508    34.3837      90550         14  0.000e+00
    250.503    -0.9011   2.792741    -0.9004   2.792997    6.79583    -0.1072    13.8155 0.0000e+00  -62.33533  -58.05250 1152423114 190.230508    34.3837      90551         14  0.000e+00
    250.570    -0.9014   2.792721    -0.9009   2.792979    6.79595    -0.0857    13.8155 0.0000e+00  -62.33533  -58.05250 1152423114 190.230509    34.3838      90552         14  0.000e+00
    250.579    -0.9005   2.792747    -0.9007   2.792962    6.79583    -0.0857    13.8155 0.0000e+00  -62.33533  -58.05250 1152423114 190.230509    34.3832      90553         14  0.000e+00
    250.503    -0.9012   2.792724    -0.9003   2.792968    6.79586    -0.0964    13.8155 0.0000e+00  -62.33533  -58.05250 1152423114 190.230510    34.3837      90554         14  0.000e+00
    250.570    -0.9015   2.792714    -0.9010   2.792973    6.79597    -0.0857    13.8155 0.0000e+00  -62.33533  -58.05250 1152423114 190.230510    34.3838      90555         14  0.000e+00
    250.503    -0.9015   2.792681    -0.9009   2.792962    6.79594    -0.1610    13.8155 0.0000e+00  -62.33533  -58.05250 1152423114 190.230511    34.3834      90556         14  0.000e+00
    250.493    -0.9019   2.792635    -0.9009   2.792927    6.79600    -0.1502    13.8155 0.0000e+00  -62.33533  -58.05250 1152423114 190.230511    34.3832      90557         14  0.000e+00
    250.503    -0.9023   2.792691    -0.9014   2.792921    6.79603    -0.1287    13.8155 0.0000e+00  -62.33533  -58.05250 1152423114 190.230512    34.3844      90558         14  0.000e+00
    250.570    -0.9021   2.792665    -0.9013   2.792950    6.79609    -0.1180    13.8155 0.0000e+00  -62.33533  -58.05250 1152423114 190.230512    34.3839      90559         14  0.000e+00
    250.503    -0.9015   2.792628    -0.9015   2.792985    6.79597    -0.1180    13.8155 0.0000e+00  -62.33533  -58.05250 1152423114 190.230513    34.3827      90560         14  0.000e+00
    250.494    -0.9019   2.792674    -0.9015   2.792939    6.79599    -0.1072    13.8155 0.0000e+00  -62.33533  -58.05250 1152423115 190.230513    34.3838      90561         14  0.000e+00
    250.503    -0.9023   2.792658    -0.9016   2.792909    6.79606    -0.0857    13.8155 0.0000e+00  -62.33533  -58.05250 1152423115 190.230514    34.3840      90562         14  0.000e+00
    250.494    -0.9023   2.792665    -0.9014   2.792915    6.79604    -0.1072    13.8155 0.0000e+00  -62.33533  -58.05250 1152423115 190.230514    34.3841      90563         14  0.000e+00
    250.436    -0.9020   2.792671    -0.9017   2.792938    6.79594    -0.1502    13.8155 0.0000e+00  -62.33533  -58.05250 1152423115 190.230515    34.3839      90564         14  0.000e+00
    250.494    -0.9017   2.792638    -0.9010   2.792939    6.79597    -0.1610    13.8155 0.0000e+00  -62.33533  -58.05250 1152423115 190.230515    34.3830      90565         14  0.000e+00
    250.503    -0.9019   2.792625    -0.9016   2.792921    6.79603    -0.1502    13.8155 0.0000e+00  -62.33533  -58.05250 1152423115 190.230516    34.3831      90566         14  0.000e+00
    250.436    -0.9028   2.792641    -0.9017   2.792939    6.79607    -0.1610    13.8155 0.0000e+00  -62.33533  -58.05250 1152423115 190.230516    34.3844      90567         14  0.000e+00
    250.494    -0.9024   2.792648    -0.9021   2.792939    6.79607    -0.1287    13.8155 0.0000e+00  -62.33533  -58.05250 1152423115 190.230516    34.3840      90568         14  0.000e+00
    250.436    -0.9021   2.792665    -0.9012   2.792904    6.79597    -0.0749    13.8155 0.0000e+00  -62.33533  -58.05250 1152423115 190.230517    34.3840      90569         14  0.000e+00
    250.494    -0.9021   2.792635    -0.9013   2.792909    6.79604    -0.0749    13.8155 0.0000e+00  -62.33533  -58.05250 1152423115 190.230517    34.3835      90570         14  0.000e+00
    250.436    -0.9029   2.792658    -0.9020   2.792933    6.79607    -0.1072    13.8155 0.0000e+00  -62.33533  -58.05250 1152423115 190.230518    34.3847      90571         14  0.000e+00
    250.427    -0.9020   2.792651    -0.9015   2.792904    6.79595    -0.1287    13.8155 0.0000e+00  -62.33533  -58.05250 1152423115 190.230518    34.3836      90572         14  0.000e+00
    250.503    -0.9021   2.792665    -0.9016   2.792927    6.79602    -0.0857    13.8155 0.0000e+00  -62.33533  -58.05250 1152423115 190.230519    34.3838      90573         14  0.000e+00
    250.427    -0.9020   2.792671    -0.9015   2.792938    6.79593    -0.0857    13.8155 0.0000e+00  -62.33533  -58.05250 1152423115 190.230519    34.3839      90574         14  0.000e+00
