product_data/regression_test/downloaded_data/MGDS/320620060703/ctd/p6608801.ros
* Sea-Bird SBE 9 Data File:
* FileName = D:\Data\Raw\P6608801.dat
* Software Version Seasave Win32 V 5.32
* Temperature SN = 1649
* Conductivity SN = 1431
* Number of Bytes Per Scan = 37
* Number of Voltage Words = 5
* Number of Scans Averaged by the Deck Unit = 1
* NMEA Latitude = 61 29.99 S
* NMEA Longitude = 057 48.72 W
* NMEA UTC (Time) = 08:37:07
** Ship:   Nathaniel B. Palmer 
** Cruise:    NBP0603 p0606
** Cast #: 01
** Station:   88
** Operator: rdd
# nquan = 17
# nvalues = 1176                    
# units = specified
# name 0 = prDM: Pressure, Digiquartz [db]
# name 1 = t090C: Temperature [ITS-90, deg C]
# name 2 = c0S/m: Conductivity [S/m]
# name 3 = t190C: Temperature, 2 [ITS-90, deg C]
# name 4 = c1S/m: Conductivity, 2 [S/m]
# name 5 = sbeox0ML/L: Oxygen, SBE 43 [ml/l]
# name 6 = flECO-AFL: Fluorescence, Wetlab ECO-AFL/FL [mg/m^3]
# name 7 = bat: Beam Attenuation, Chelsea/Seatech/Wetlab CStar [1/m]
# name 8 = spar: SPAR/Surface Irradiance
# name 9 = latitude: Latitude [deg]
# name 10 = longitude: Longitude [deg]
# name 11 = timeY: Time, System [seconds]
# name 12 = timeJ: Julian Days
# name 13 = sal00: Salinity [PSU]
# name 14 = scan: scan number
# name 15 = nbf: number of bottles fired
# name 16 = flag:  0.000e+00
# interval = seconds: 0.0416667                   
# start_time = Jul 10 2006 08:37:16
*END*
[from data line 426]
    153.828     0.1471   2.877615     0.1474   2.877804    6.15624    -0.0749    13.8155 0.0000e+00  -61.49983  -57.81200 1152522124 191.376464    34.3945      35772          9  0.000e+00
    153.895     0.1475   2.877605     0.1473   2.877781    6.15624    -0.0642    13.8155 0.0000e+00  -61.49983  -57.81200 1152522124 191.376464    34.3938      35773          9  0.000e+00
    153.895     0.1474   2.877621     0.1473   2.877775    6.15625    -0.0857    13.8155 0.0000e+00  -61.49983  -57.81200 1152522124 191.376465    34.3942      35774          9  0.000e+00
    153.828     0.1475   2.877608     0.1472   2.877752    6.15618    -0.0749    13.8155 0.0000e+00  -61.49983  -57.81200 1152522124 191.376465    34.3939      35775          9  0.000e+00
    153.905     0.1475   2.877675     0.1473   2.877781    6.15621    -0.0319    13.8155 0.0000e+00  -61.49983  -57.81200 1152522124 191.376466    34.3948      35776          9  0.000e+00
    153.829     0.1479   2.877682     0.1473   2.877816    6.15610    -0.0426    13.8155 0.0000e+00  -61.49983  -57.81200 1152522125 191.376466    34.3945      35777          9  0.000e+00
    153.895     0.1474   2.877638     0.1476   2.877828    6.15624    -0.0857    13.8155 0.0000e+00  -61.49983  -57.81200 1152522125 191.376467    34.3945      35778          9  0.000e+00
    153.829     0.1477   2.877628     0.1473   2.877828    6.15615    -0.0857    13.8155 0.0000e+00  -61.49983  -57.81200 1152522125 191.376467    34.3940      35779          9  0.000e+00
    153.829     0.1475   2.877608     0.1476   2.877828    6.15618    -0.0426    13.8155 0.0000e+00  -61.49983  -57.81200 1152522125 191.376467    34.3939      35780          9  0.000e+00
    153.838     0.1481   2.877672     0.1475   2.877804    6.15608    -0.0749    13.8155 0.0000e+00  -61.49983  -57.81200 1152522125 191.376468    34.3941      35781          9  0.000e+00
    153.829     0.1472   2.877662     0.1476   2.877840    6.15619    -0.0642    13.8155 0.0000e+00  -61.49983  -57.81200 1152522125 191.376468    34.3950      35782          9  0.000e+00
    153.829     0.1475   2.877652     0.1476   2.877834    6.15151    -0.0642    13.8155 0.0000e+00  -61.49983  -57.81200 1152522125 191.376469    34.3945      35783          9  0.000e+00
    153.762     0.1477   2.877652     0.1473   2.877828    6.15144    -0.0857    13.8155 0.0000e+00  -61.49983  -57.81200 1152522125 191.376469    34.3944      35784          9  0.000e+00
    153.829     0.1479   2.877652     0.1473   2.877828    6.15612    -0.0426    13.8155 0.0000e+00  -61.49983  -57.81200 1152522125 191.376470    34.3941      35785          9  0.000e+00
    153.762     0.1480   2.877631     0.1481   2.877828    6.15605    -0.0426    13.8155 0.0000e+00  -61.49983  -57.81200 1152522125 191.376470    34.3938      35786          9  0.000e+00
    150.525     0.1485   2.877373     0.1489   2.877598    6.15337    -0.0857    13.8155 0.0000e+00  -61.49983  -57.81200 1152522129 191.376522    34.3918      35892         10  0.000e+00
    150.382     0.1483   2.877389     0.1488   2.877586    6.15790    -0.0642    13.8155 0.0000e+00  -61.49983  -57.81200 1152522129 191.376522    34.3922      35893         10  0.000e+00
    150.459     0.1485   2.877376     0.1487   2.877563    6.15795    -0.0749    13.8155 0.0000e+00  -61.49983  -57.81200 1152522129 191.376522    34.3918      35894         10  0.000e+00
    150.315     0.1489   2.877373     0.1490   2.877574    6.15313    -0.0964    13.8155 0.0000e+00  -61.49983  -57.81200 1152522129 191.376523    34.3914      35895         10  0.000e+00
    150.382     0.1486   2.877389     0.1489   2.877598    6.15322    -0.0749    13.8155 0.0000e+00  -61.49983  -57.81200 1152522129 191.376523    34.3919      35896         10  0.000e+00
    150.315     0.1483   2.877376     0.1490   2.877569    6.15321    -0.0642    13.8155 0.0000e+00  -61.49983  -57.81200 1152522130 191.376524    34.3921      35897         10  0.000e+00
    150.325     0.1478   2.877373     0.1489   2.877574    6.15328    -0.0534    13.8155 0.0000e+00  -61.49983  -57.81200 1152522130 191.376524    34.3926      35898         10  0.000e+00
    150.248     0.1485   2.877353     0.1488   2.877563    6.15314    -0.0534    13.8155 0.0000e+00  -61.49983  -57.81200 1152522130 191.376525    34.3917      35899         10  0.000e+00
    150.248     0.1485   2.877349     0.1492   2.877574    6.15314    -0.0749    13.8155 0.0000e+00  -61.49983  -57.81200 1152522130 191.376525    34.3916      35900         10  0.000e+00
    150.248     0.1485   2.877366     0.1491   2.877563    6.15313    -0.0642    13.8155 0.0000e+00  -61.49983  -57.81200 1152522130 191.376526    34.3918      35901         10  0.000e+00
    150.172     0.1486   2.877353     0.1488   2.877592    6.15306    -0.0749    13.8155 0.0000e+00  -61.49983  -57.81200 1152522130 191.376526    34.3915      35902         10  0.000e+00
    150.182     0.1486   2.877366     0.1492   2.877568    6.15306    -0.0642    13.8155 0.0000e+00  -61.49983  -57.81200 1152522130 191.376527    34.3917      35903         10  0.000e+00
    150.172     0.1482   2.877353     0.1488   2.877533    6.15311    -0.0426    13.8155 0.0000e+00  -61.49983  -57.81200 1152522130 191.376527    34.3920      35904         10  0.000e+00
    150.172     0.1486   2.877366     0.1489   2.877563    6.15305    -0.0534    13.8155 0.0000e+00  -61.49983  -57.81200 1152522130 191.376528    34.3917      35905         10  0.000e+00
    150.105     0.1485   2.877336     0.1487   2.877598    6.15303    -0.0749    13.8155 0.0000e+00  -61.49983  -57.81200 1152522130 191.376528    34.3915      35906         10  0.000e+00
    150.038     0.1483   2.877312     0.1490   2.877586    6.15300    -0.0534    13.8155 0.0000e+00  -61.49983  -57.81200 1152522130 191.376529    34.3914      35907         10  0.000e+00
    150.105     0.1481   2.877339     0.1493   2.877539    6.15307    -0.0534    13.8155 0.0000e+00  -61.49983  -57.81200 1152522130 191.376529    34.3919      35908         10  0.000e+00
    150.038     0.1479   2.877349     0.1495   2.877563    6.15304    -0.0964    13.8155 0.0000e+00  -61.49983  -57.81200 1152522130 191.376530    34.3924      35909         10  0.000e+00
    150.038     0.1480   2.877329     0.1491   2.877580    6.15303    -0.0964    13.8155 0.0000e+00  -61.49983  -57.81200 1152522130 191.376530    34.3920      35910         10  0.000e+00
    150.038     0.1481   2.877326     0.1492   2.877563    6.15766    -0.0857    13.8155 0.0000e+00  -61.49983  -57.81200 1152522130 191.376531    34.3918      35911         10  0.000e+00
    149.962     0.1482   2.877326     0.1493   2.877557    6.15295    -0.0319    13.8155 0.0000e+00  -61.49983  -57.81200 1152522130 191.376531    34.3918      35912         10  0.000e+00
    150.039     0.1483   2.877292     0.1491   2.877533    6.15302    -0.0534    13.8155 0.0000e+00  -61.49983  -57.81200 1152522130 191.376532    34.3912      35913         10  0.000e+00
    149.962     0.1485   2.877299     0.1487   2.877527    6.15293    -0.0319    13.8155 0.0000e+00  -61.49983  -57.81200 1152522130 191.376532    34.3911      35914         10  0.000e+00
    149.972     0.1483   2.877269     0.1493   2.877545    6.15297     0.0112    13.8155 0.0000e+00  -61.49983  -57.81200 1152522130 191.376533    34.3909      35915         10  0.000e+00
    149.895     0.1485   2.877326     0.1490   2.877533    6.15285    -0.0104    13.8155 0.0000e+00  -61.49983  -57.81200 1152522130 191.376533    34.3915      35916         10  0.000e+00
    149.962     0.1482   2.877299     0.1491   2.877510    6.15296    -0.0749    13.8155 0.0000e+00  -61.49983  -57.81200 1152522130 191.376534    34.3915      35917         10  0.000e+00
    149.895     0.1483   2.877282     0.1495   2.877480    6.15290    -0.0857    13.8155 0.0000e+00  -61.49983  -57.81200 1152522130 191.376534    34.3911      35918         10  0.000e+00
    149.895     0.1480   2.877299     0.1490   2.877492    6.15293    -0.0749    13.8155 0.0000e+00  -61.49983  -57.81200 1152522130 191.376535    34.3917      35919         10  0.000e+00
    149.962     0.1482   2.877306     0.1492   2.877516    6.15296    -0.0534    13.8155 0.0000e+00  -61.49983  -57.81200 1152522130 191.376535    34.3916      35920         10  0.000e+00
    149.819     0.1486   2.877286     0.1491   2.877510    6.15279    -0.0211    13.8155 0.0000e+00  -61.49983  -57.81200 1152522130 191.376535    34.3909      35921         10  0.000e+00
    149.895     0.1489   2.877282     0.1495   2.877498    6.15282    -0.0642    13.8155 0.0000e+00  -61.49983  -57.81200 1152522131 191.376536    34.3904      35922         10  0.000e+00
    149.895     0.1478   2.877299     0.1490   2.877498    6.15295    -0.0964    13.8155 0.0000e+00  -61.49983  -57.81200 1152522131 191.376536    34.3919      35923         10  0.000e+00
    149.819     0.1483   2.877289     0.1493   2.877504    6.15283    -0.0857    13.8155 0.0000e+00  -61.49983  -57.81200 1152522131 191.376537    34.3913      35924         10  0.000e+00
    149.895     0.1483   2.877299     0.1494   2.877504    6.15289    -0.0857    13.8155 0.0000e+00  -61.49983  -57.81200 1152522131 191.376537    34.3913      35925         10  0.000e+00
    149.819     0.1483   2.877306     0.1488   2.877498    6.15282    -0.0857    13.8155 0.0000e+00  -61.49983  -57.81200 1152522131 191.376538    34.3915      35926         10  0.000e+00
    149.829     0.1480   2.877306     0.1490   2.877498    6.15287    -0.1072    13.8155 0.0000e+00  -61.49983  -57.81200 1152522131 191.376538    34.3918      35927         10  0.000e+00
    149.895     0.1483   2.877319     0.1488   2.877439    6.15752    -0.0749    13.8155 0.0000e+00  -61.49983  -57.81200 1152522131 191.376539    34.3916      35928         10  0.000e+00
    149.819     0.1483   2.877326     0.1490   2.877457    6.15281    -0.1072    13.8155 0.0000e+00  -61.49983  -57.81200 1152522131 191.376539    34.3917      35929         10  0.000e+00
    149.819     0.1485   2.877292     0.1494   2.877433    6.15281    -0.1287    13.8155 0.0000e+00  -61.49983  -57.81200 1152522131 191.376540    34.3911      35930         10  0.000e+00
    149.829     0.1485   2.877282     0.1494   2.877439    6.15282    -0.0426    13.8155 0.0000e+00  -61.49983  -57.81200 1152522131 191.376540    34.3910      35931         10  0.000e+00
    149.819     0.1482   2.877282     0.1491   2.877463    6.15285     0.0004    13.8155 0.0000e+00  -61.49983  -57.81200 1152522131 191.376541    34.3913      35932         10  0.000e+00
    149.819     0.1485   2.877312     0.1494   2.877474    6.15280    -0.0319    13.8155 0.0000e+00  -61.49983  -57.81200 1152522131 191.376541    34.3914      35933         10  0.000e+00
    149.819     0.1483   2.877292     0.1494   2.877510    6.15283    -0.0534    13.8155 0.0000e+00  -61.49983  -57.81200 1152522131 191.376542    34.3913      35934         10  0.000e+00
    149.829     0.1482   2.877282     0.1491   2.877527    6.15286    -0.0534    13.8155 0.0000e+00  -61.49983  -57.81200 1152522131 191.376542    34.3913      35935         10  0.000e+00
    149.819     0.1483   2.877299     0.1492   2.877527    6.15282    -0.0749    13.8155 0.0000e+00  -61.49983  -57.81200 1152522131 191.376543    34.3914      35936         10  0.000e+00
    149.819     0.1486   2.877286     0.1490   2.877545    6.15279    -0.0964    13.8155 0.0000e+00  -61.49983  -57.81200 1152522131 191.376543    34.3909      35937         10  0.000e+00
    149.819     0.1486   2.877299     0.1494   2.877515    6.15279    -0.0964    13.8155 0.0000e+00  -61.49983  -57.81200 1152522131 191.376544    34.3910      35938         10  0.000e+00
    149.829     0.1482   2.877286     0.1494   2.877498    6.15286    -0.0534    13.8155 0.0000e+00  -61.49983  -57.81200 1152522131 191.376544    34.3914      35939         10  0.000e+00
    149.819     0.1483   2.877302     0.1489   2.877480    6.15282    -0.0534    13.8155 0.0000e+00  -61.49983  -57.81200 1152522131 191.376545    34.3914      35940         10  0.000e+00
    100.891    -0.4577   2.813164    -0.4640   2.812820    6.96294     0.0004    13.8155 0.0000e+00  -61.49983  -57.81200 1152522236 191.377751    34.2489      38441         11  0.000e+00
    100.891    -0.4569   2.813581    -0.4698   2.812389    6.96257    -0.0104    13.8155 0.0000e+00  -61.49983  -57.81200 1152522236 191.377751    34.2536      38442         11  0.000e+00
    101.034    -0.4546   2.813701    -0.4755   2.811772    6.96230    -0.0104    13.8155 0.0000e+00  -61.49983  -57.81200 1152522236 191.377752    34.2525      38443         11  0.000e+00
    101.101    -0.4552   2.813359    -0.4755   2.811568    6.96736     0.0112    13.8155 0.0000e+00  -61.49983  -57.81200 1152522236 191.377752    34.2485      38444         11  0.000e+00
    101.034    -0.4545   2.813774    -0.4683   2.812191    6.96693     0.0650    13.8155 0.0000e+00  -61.49983  -57.81200 1152522236 191.377753    34.2534      38445         11  0.000e+00
    101.101    -0.4476   2.814490    -0.4573   2.813408    6.97025     0.0327    13.8155 0.0000e+00  -61.49983  -57.81200 1152522236 191.377753    34.2551      38446         11  0.000e+00
    101.034    -0.4440   2.814516    -0.4475   2.814480    6.96967     0.0112    13.8155 0.0000e+00  -61.49983  -57.81200 1152522236 191.377754    34.2515      38447         11  0.000e+00
    101.101    -0.4435   2.814314    -0.4384   2.815250    6.97448     0.0219    13.8155 0.0000e+00  -61.49983  -57.81200 1152522236 191.377754    34.2482      38448         11  0.000e+00
    101.139    -0.4435   2.814264    -0.4320   2.815844    6.97455     0.0004    13.8155 0.0000e+00  -61.49983  -57.81200 1152522236 191.377755    34.2475      38449         11  0.000e+00
    101.177    -0.4440   2.814314    -0.4294   2.816165    6.97931     0.0112    13.8155 0.0000e+00  -61.49983  -57.81200 1152522236 191.377755    34.2487      38450         11  0.000e+00
    101.244    -0.4421   2.814602    -0.4317   2.816042    6.97892     0.0112    13.8155 0.0000e+00  -61.49983  -57.81200 1152522236 191.377756    34.2504      38451         11  0.000e+00
    101.101    -0.4381   2.815285    -0.4348   2.815698    6.97778     0.0112    13.8155 0.0000e+00  -61.49983  -57.81200 1152522236 191.377756    34.2551      38452         11  0.000e+00
    101.244    -0.4319   2.815906    -0.4423   2.815063    6.98133    -0.0104    13.8155 0.0000e+00  -61.49983  -57.81200 1152522236 191.377757    34.2564      38453         11  0.000e+00
    101.244    -0.4275   2.816231    -0.4498   2.814387    6.98519     0.0112    13.8155 0.0000e+00  -61.49983  -57.81200 1152522236 191.377757    34.2557      38454         11  0.000e+00
    101.311    -0.4271   2.815939    -0.4543   2.813939    6.98538     0.0219    13.8155 0.0000e+00  -61.49983  -57.81200 1152522236 191.377758    34.2513      38455         11  0.000e+00
    101.244    -0.4317   2.815226    -0.4563   2.813711    6.99111    -0.0104    13.8155 0.0000e+00  -61.49983  -57.81200 1152522236 191.377758    34.2471      38456         11  0.000e+00
    101.311    -0.4384   2.814417    -0.4544   2.813741    6.99263     0.0219    13.8155 0.0000e+00  -61.49983  -57.81200 1152522236 191.377758    34.2437      38457         11  0.000e+00
    101.311    -0.4449   2.813810    -0.4517   2.813927    6.99394     0.0219    13.8155 0.0000e+00  -61.49983  -57.81200 1152522236 191.377759    34.2429      38458         11  0.000e+00
    101.387    -0.4496   2.813525    -0.4506   2.814038    6.99953     0.0112    13.8155 0.0000e+00  -61.49983  -57.81200 1152522236 191.377759    34.2443      38459         11  0.000e+00
    101.387    -0.4510   2.813644    -0.4492   2.814183    6.99965     0.0112    13.8155 0.0000e+00  -61.49983  -57.81200 1152522236 191.377760    34.2475      38460         11  0.000e+00
