product_data/regression_test/downloaded_data/MGDS/320620060703/ctd/p6609607.ros
* Sea-Bird SBE 9 Data File:
* FileName = D:\Data\Raw\p6609607.dat
* Software Version Seasave Win32 V 5.32
* Temperature SN = 1649
* Conductivity SN = 1431
* Number of Bytes Per Scan = 37
* Number of Voltage Words = 5
* Number of Scans Averaged by the Deck Unit = 1
* NMEA Latitude = 60 45.06 S
* NMEA Longitude = 058 22.44 W
* NMEA UTC (Time) = 00:38:08
** Ship:   Nathaniel B. Palmer 
** Cruise:    NBP0606 
# nquan = 17
# nvalues = 1176                    
# units = specified
# name 0 = prDM: Pressure, Digiquartz [db]
# name 1 = t090C: Temperature [ITS-90, deg C]
# name 2 = c0S/m: Conductivity [S/m]
# name 3 = t190C: Temperature, 2 [ITS-90, deg C]
# name 4 = c1S/m: Conductivity, 2 [S/m]
# name 5 = sbeox0ML/L: Oxygen, SBE 43 [ml/l]
# name 6 = flECO-AFL: Fluorescence, Wetlab ECO-AFL/FL [mg/m^3]
# name 7 = bat: Beam Attenuation, Chelsea/Seatech/Wetlab CStar [1/m]
# name 8 = spar: SPAR/Surface Irradiance
# name 9 = latitude: Latitude [deg]
# name 10 = longitude: Longitude [deg]
# name 11 = timeY: Time, System [seconds]
# name 12 = timeJ: Julian Days
# name 13 = sal00: Salinity [PSU]
# name 14 = scan: scan number
# name 15 = nbf: number of bottles fired
# name 16 = flag:  0.000e+00
# interval = seconds: 0.0416667                   
# start_time = Jul 12 2006 00:38:16
*END*
[from data line 766]
     30.427    -0.8113   2.753490    -0.8107   2.754126    8.05747     0.2909    13.8155 0.0000e+00  -60.75100  -58.37400 1152664854 193.028432    33.8854       3854         16  0.000e+00
     30.437    -0.8109   2.753513    -0.8111   2.754114    8.05741     0.2479    13.8155 0.0000e+00  -60.75100  -58.37400 1152664855 193.028433    33.8854       3855         16  0.000e+00
     30.437    -0.8116   2.753484    -0.8110   2.754109    8.05753     0.2694    13.8155 0.0000e+00  -60.75100  -58.37400 1152664855 193.028433    33.8856       3856         16  0.000e+00
     30.351    -0.8116   2.753490    -0.8113   2.754114    8.05743     0.2909    13.8155 0.0000e+00  -60.75100  -58.37400 1152664855 193.028434    33.8858       3857         16  0.000e+00
     30.361    -0.8111   2.753497    -0.8108   2.754109    8.05735     0.3124    13.8155 0.0000e+00  -60.75100  -58.37400 1152664855 193.028434    33.8853       3858         16  0.000e+00
     30.437    -0.8117   2.753497    -0.8107   2.754109    8.05755     0.2909    13.8155 0.0000e+00  -60.75100  -58.37400 1152664855 193.028435    33.8860       3859         16  0.000e+00
     30.361    -0.8113   2.753477    -0.8110   2.754126    8.06209     0.2586    13.8155 0.0000e+00  -60.75100  -58.37400 1152664855 193.028435    33.8853       3860         16  0.000e+00
     30.351    -0.8120   2.753474    -0.8110   2.754080    8.06221     0.2694    13.8155 0.0000e+00  -60.75100  -58.37400 1152664855 193.028436    33.8861       3861         16  0.000e+00
     30.294    -0.8116   2.753474    -0.8100   2.754114    8.06207     0.2586    13.8155 0.0000e+00  -60.75100  -58.37400 1152664855 193.028436    33.8856       3862         16  0.000e+00
     30.361    -0.8114   2.753523    -0.8108   2.754114    8.06208     0.3017    13.8155 0.0000e+00  -60.75100  -58.37400 1152664855 193.028437    33.8861       3863         16  0.000e+00
     30.294    -0.8111   2.753523    -0.8107   2.754126    8.06196     0.3124    13.8155 0.0000e+00  -60.75100  -58.37400 1152664855 193.028437    33.8857       3864         16  0.000e+00
     30.351    -0.8113   2.753500    -0.8104   2.754120    8.06207     0.3124    13.8155 0.0000e+00  -60.75100  -58.37400 1152664855 193.028438    33.8856       3865         16  0.000e+00
     30.294    -0.8120   2.753513    -0.8108   2.754126    8.06211     0.2909    13.8155 0.0000e+00  -60.75100  -58.37400 1152664855 193.028438    33.8866       3866         16  0.000e+00
     30.294    -0.8109   2.753520    -0.8099   2.754132    8.06194     0.2909    13.8155 0.0000e+00  -60.75100  -58.37400 1152664855 193.028438    33.8855       3867         16  0.000e+00
     30.294    -0.8116   2.753484    -0.8102   2.754114    8.06206     0.2801    13.8155 0.0000e+00  -60.75100  -58.37400 1152664855 193.028439    33.8857       3868         16  0.000e+00
     30.218    -0.8111   2.753507    -0.8107   2.754138    8.06188     0.2909    13.8155 0.0000e+00  -60.75100  -58.37400 1152664855 193.028439    33.8856       3869         16  0.000e+00
     30.294    -0.8111   2.753520    -0.8104   2.754132    8.06196     0.2694    13.8155 0.0000e+00  -60.75100  -58.37400 1152664855 193.028440    33.8857       3870         16  0.000e+00
     30.227    -0.8116   2.753500    -0.8099   2.754166    8.06197     0.2371    13.8155 0.0000e+00  -60.75100  -58.37400 1152664855 193.028440    33.8860       3871         16  0.000e+00
     30.436    -0.8122   2.753457    -0.8107   2.754115    8.06234     0.3447    13.8155 0.0000e+00  -60.75100  -58.37400 1152664865 193.028549    33.8860       4096         17  0.000e+00
     30.569    -0.8122   2.753441    -0.8102   2.754143    8.05781     0.3124    13.8155 0.0000e+00  -60.75100  -58.37400 1152664865 193.028549    33.8857       4097         17  0.000e+00
     30.293    -0.8119   2.753447    -0.8104   2.754120    8.05744     0.3017    13.8155 0.0000e+00  -60.75100  -58.37400 1152664865 193.028550    33.8856       4098         17  0.000e+00
     30.493    -0.8117   2.753454    -0.8102   2.754115    8.05764     0.2694    13.8155 0.0000e+00  -60.75100  -58.37400 1152664865 193.028550    33.8854       4099         17  0.000e+00
     30.436    -0.8117   2.753454    -0.8100   2.754126    8.05758     0.2479    13.8155 0.0000e+00  -60.75100  -58.37400 1152664865 193.028551    33.8854       4100         17  0.000e+00
     30.502    -0.8117   2.753454    -0.8100   2.754132    8.05765     0.2586    13.8155 0.0000e+00  -60.75100  -58.37400 1152664865 193.028551    33.8854       4101         17  0.000e+00
     30.436    -0.8115   2.753484    -0.8097   2.754149    8.05752     0.2909    13.8155 0.0000e+00  -60.75100  -58.37400 1152664865 193.028552    33.8856       4102         17  0.000e+00
     30.493    -0.8117   2.753477    -0.8096   2.754167    8.05762     0.2909    13.8155 0.0000e+00  -60.75100  -58.37400 1152664865 193.028552    33.8857       4103         17  0.000e+00
     30.436    -0.8114   2.753507    -0.8099   2.754138    8.06218     0.2909    13.8155 0.0000e+00  -60.75100  -58.37400 1152664865 193.028553    33.8858       4104         17  0.000e+00
     30.436    -0.8111   2.753500    -0.8097   2.754167    8.06213     0.3017    13.8155 0.0000e+00  -60.75100  -58.37400 1152664865 193.028553    33.8853       4105         17  0.000e+00
     30.436    -0.8113   2.753513    -0.8100   2.754167    8.05746     0.3232    13.8155 0.0000e+00  -60.75100  -58.37400 1152664865 193.028554    33.8857       4106         17  0.000e+00
     30.426    -0.8108   2.753500    -0.8104   2.754126    8.06207     0.3017    13.8155 0.0000e+00  -60.75100  -58.37400 1152664865 193.028554    33.8850       4107         17  0.000e+00
     30.502    -0.8113   2.753513    -0.8108   2.754109    8.05753     0.2801    13.8155 0.0000e+00  -60.75100  -58.37400 1152664865 193.028555    33.8857       4108         17  0.000e+00
     30.359    -0.8113   2.753484    -0.8105   2.754109    8.05740     0.3017    13.8155 0.0000e+00  -60.75100  -58.37400 1152664865 193.028555    33.8854       4109         17  0.000e+00
     30.426    -0.8112   2.753507    -0.8108   2.754109    8.06214     0.3124    13.8155 0.0000e+00  -60.75100  -58.37400 1152664865 193.028556    33.8856       4110         17  0.000e+00
     30.436    -0.8116   2.753484    -0.8100   2.754115    8.06222     0.3662    13.8155 0.0000e+00  -60.75100  -58.37400 1152664865 193.028556    33.8856       4111         17  0.000e+00
     30.436    -0.8109   2.753474    -0.8108   2.754109    8.06213     0.3877    13.8155 0.0000e+00  -60.75100  -58.37400 1152664865 193.028557    33.8848       4112         17  0.000e+00
     30.359    -0.8113   2.753474    -0.8110   2.754086    8.06210     0.3232    13.8155 0.0000e+00  -60.75100  -58.37400 1152664865 193.028557    33.8852       4113         17  0.000e+00
     30.426    -0.8116   2.753457    -0.8104   2.754039    8.06223     0.2909    13.8155 0.0000e+00  -60.75100  -58.37400 1152664865 193.028558    33.8853       4114         17  0.000e+00
     30.436    -0.8116   2.753454    -0.8111   2.754080    8.06224     0.2909    13.8155 0.0000e+00  -60.75100  -58.37400 1152664865 193.028558    33.8852       4115         17  0.000e+00
     30.359    -0.8114   2.753484    -0.8113   2.754080    8.06211     0.3124    13.8155 0.0000e+00  -60.75100  -58.37400 1152664865 193.028559    33.8855       4116         17  0.000e+00
     30.359    -0.8114   2.753464    -0.8107   2.754080    8.06213     0.2801    13.8155 0.0000e+00  -60.75100  -58.37400 1152664865 193.028559    33.8853       4117         17  0.000e+00
     30.426    -0.8114   2.753467    -0.8108   2.754114    8.06219     0.2586    13.8155 0.0000e+00  -60.75100  -58.37400 1152664865 193.028560    33.8852       4118         17  0.000e+00
     30.359    -0.8116   2.753474    -0.8108   2.754080    8.06214     0.2479    13.8155 0.0000e+00  -60.75100  -58.37400 1152664865 193.028560    33.8856       4119         17  0.000e+00
     30.359    -0.8116   2.753457    -0.8110   2.754097    8.06215     0.2694    13.8155 0.0000e+00  -60.75100  -58.37400 1152664866 193.028560    33.8853       4120         17  0.000e+00
     30.359    -0.8119   2.753454    -0.8108   2.754086    8.05751     0.2694    13.8155 0.0000e+00  -60.75100  -58.37400 1152664866 193.028561    33.8856       4121         17  0.000e+00
     30.350    -0.8114   2.753467    -0.8102   2.754080    8.06211     0.2909    13.8155 0.0000e+00  -60.75100  -58.37400 1152664866 193.028561    33.8853       4122         17  0.000e+00
     30.293    -0.8116   2.753474    -0.8105   2.754091    8.06207     0.2909    13.8155 0.0000e+00  -60.75100  -58.37400 1152664866 193.028562    33.8856       4123         17  0.000e+00
     30.359    -0.8116   2.753490    -0.8104   2.754120    8.06213     0.2801    13.8155 0.0000e+00  -60.75100  -58.37400 1152664866 193.028562    33.8858       4124         17  0.000e+00
     30.293    -0.8113   2.753497    -0.8102   2.754114    8.06200     0.2909    13.8155 0.0000e+00  -60.75100  -58.37400 1152664866 193.028563    33.8856       4125         17  0.000e+00
     30.283    -0.8109   2.753477    -0.8105   2.754126    8.06195     0.2694    13.8155 0.0000e+00  -60.75100  -58.37400 1152664866 193.028563    33.8849       4126         17  0.000e+00
     30.359    -0.8113   2.753490    -0.8102   2.754143    8.06208     0.2694    13.8155 0.0000e+00  -60.75100  -58.37400 1152664866 193.028564    33.8855       4127         17  0.000e+00
     30.226    -0.8116   2.753477    -0.8100   2.754097    8.06199     0.2694    13.8155 0.0000e+00  -60.75100  -58.37400 1152664866 193.028564    33.8857       4128         17  0.000e+00
     30.283    -0.8113   2.753490    -0.8108   2.754097    8.06200     0.3017    13.8155 0.0000e+00  -60.75100  -58.37400 1152664866 193.028565    33.8855       4129         17  0.000e+00
     30.293    -0.8113   2.753513    -0.8105   2.754109    8.06199     0.3124    13.8155 0.0000e+00  -60.75100  -58.37400 1152664866 193.028565    33.8858       4130         17  0.000e+00
     30.293    -0.8111   2.753500    -0.8108   2.754097    8.06197     0.3017    13.8155 0.0000e+00  -60.75100  -58.37400 1152664866 193.028566    33.8854       4131         17  0.000e+00
     30.226    -0.8111   2.753497    -0.8104   2.754080    8.06190     0.3232    13.8155 0.0000e+00  -60.75100  -58.37400 1152664866 193.028566    33.8854       4132         17  0.000e+00
     30.283    -0.8113   2.753497    -0.8107   2.754080    8.06199     0.3124    13.8155 0.0000e+00  -60.75100  -58.37400 1152664866 193.028567    33.8856       4133         17  0.000e+00
     30.292    -0.8112   2.753513    -0.8105   2.754114    8.06198     0.3017    13.8155 0.0000e+00  -60.75100  -58.37400 1152664866 193.028567    33.8857       4134         17  0.000e+00
     30.226    -0.8114   2.753536    -0.8104   2.754103    8.06192     0.2801    13.8155 0.0000e+00  -60.75100  -58.37400 1152664866 193.028568    33.8863       4135         17  0.000e+00
     30.149    -0.8109   2.753507    -0.8099   2.754120    8.06178     0.3124    13.8155 0.0000e+00  -60.75100  -58.37400 1152664866 193.028568    33.8855       4136         17  0.000e+00
     30.216    -0.8111   2.753530    -0.8100   2.754132    8.06186     0.2694    13.8155 0.0000e+00  -60.75100  -58.37400 1152664866 193.028569    33.8859       4137         17  0.000e+00
     30.226    -0.8108   2.753507    -0.8100   2.754132    8.06184     0.2909    13.8155 0.0000e+00  -60.75100  -58.37400 1152664866 193.028569    33.8852       4138         17  0.000e+00
     30.226    -0.8113   2.753513    -0.8104   2.754120    8.06192     0.3017    13.8155 0.0000e+00  -60.75100  -58.37400 1152664866 193.028570    33.8858       4139         17  0.000e+00
     30.149    -0.8113   2.753520    -0.8096   2.754109    8.06182     0.2801    13.8155 0.0000e+00  -60.75100  -58.37400 1152664866 193.028570    33.8860       4140         17  0.000e+00
     30.140    -0.8116   2.753520    -0.8102   2.754143    8.06186     0.3124    13.8155 0.0000e+00  -60.75100  -58.37400 1152664866 193.028571    33.8863       4141         17  0.000e+00
     30.149    -0.8106   2.753500    -0.8099   2.754161    8.06173     0.3017    13.8155 0.0000e+00  -60.75100  -58.37400 1152664866 193.028571    33.8850       4142         17  0.000e+00
     30.149    -0.8113   2.753513    -0.8102   2.754126    8.06183     0.3017    13.8155 0.0000e+00  -60.75100  -58.37400 1152664867 193.028572    33.8859       4143         17  0.000e+00
     30.140    -0.8113   2.753520    -0.8097   2.754149    8.06181     0.3017    13.8155 0.0000e+00  -60.75100  -58.37400 1152664867 193.028572    33.8860       4144         17  0.000e+00
     29.939    -0.8099   2.753589    -0.8093   2.754161    8.06131     0.3124    13.8155 0.0000e+00  -60.75100  -58.37400 1152664869 193.028606    33.8855       4214         18  0.000e+00
     30.006    -0.8102   2.753585    -0.8100   2.754190    8.06144     0.2801    13.8155 0.0000e+00  -60.75100  -58.37400 1152664869 193.028606    33.8857       4215         18  0.000e+00
     29.939    -0.8103   2.753585    -0.8094   2.754184    8.06608     0.2801    13.8155 0.0000e+00  -60.75100  -58.37400 1152664870 193.028607    33.8859       4216         18  0.000e+00
     29.806    -0.8100   2.753585    -0.8097   2.754184    8.06588     0.3124    13.8155 0.0000e+00  -60.75100  -58.37400 1152664870 193.028607    33.8857       4217         18  0.000e+00
     29.930    -0.8105   2.753566    -0.8090   2.754166    8.06611     0.3662    13.8155 0.0000e+00  -60.75100  -58.37400 1152664870 193.028608    33.8859       4218         18  0.000e+00
     29.939    -0.8106   2.753562    -0.8094   2.754166    8.06145     0.3339    13.8155 0.0000e+00  -60.75100  -58.37400 1152664870 193.028608    33.8859       4219         18  0.000e+00
     29.939    -0.8106   2.753579    -0.8093   2.754178    8.06144     0.2909    13.8155 0.0000e+00  -60.75100  -58.37400 1152664870 193.028609    33.8862       4220         18  0.000e+00
     29.939    -0.8103   2.753585    -0.8096   2.754184    8.06139     0.3124    13.8155 0.0000e+00  -60.75100  -58.37400 1152664870 193.028609    33.8859       4221         18  0.000e+00
     29.930    -0.8108   2.753585    -0.8099   2.754201    8.06614     0.3232    13.8155 0.0000e+00  -60.75100  -58.37400 1152664870 193.028610    33.8865       4222         18  0.000e+00
     30.016    -0.8100   2.753566    -0.8097   2.754178    8.06144     0.3339    13.8155 0.0000e+00  -60.75100  -58.37400 1152664870 193.028610    33.8853       4223         18  0.000e+00
     29.939    -0.8103   2.753579    -0.8096   2.754178    8.06139     0.3232    13.8155 0.0000e+00  -60.75100  -58.37400 1152664870 193.028611    33.8858       4224         18  0.000e+00
     30.016    -0.8106   2.753618    -0.8094   2.754184    8.06150     0.3017    13.8155 0.0000e+00  -60.75100  -58.37400 1152664870 193.028611    33.8867       4225         18  0.000e+00
     29.930    -0.8100   2.753562    -0.8093   2.754166    8.06604     0.3339    13.8155 0.0000e+00  -60.75100  -58.37400 1152664870 193.028612    33.8853       4226         18  0.000e+00
     30.016    -0.8104   2.753592    -0.8102   2.754190    8.06618     0.3232    13.8155 0.0000e+00  -60.75100  -58.37400 1152664870 193.028612    33.8861       4227         18  0.000e+00
     30.016    -0.8102   2.753608    -0.8100   2.754149    8.06143     0.3124    13.8155 0.0000e+00  -60.75100  -58.37400 1152664870 193.028613    33.8860       4228         18  0.000e+00
     30.006    -0.8102   2.753559    -0.8091   2.754166    8.06146     0.3124    13.8155 0.0000e+00  -60.75100  -58.37400 1152664870 193.028613    33.8854       4229         18  0.000e+00
     30.016    -0.8108   2.753572    -0.8096   2.754172    8.06156     0.3555    13.8155 0.0000e+00  -60.75100  -58.37400 1152664870 193.028614    33.8862       4230         18  0.000e+00
     30.016    -0.8102   2.753585    -0.8094   2.754178    8.06614     0.3124    13.8155 0.0000e+00  -60.75100  -58.37400 1152664870 193.028614    33.8857       4231         18  0.000e+00
