product_data/regression_test/downloaded_data/MGDS/320620060703/ctd/p6608401.ros
* Sea-Bird SBE 9 Data File:
* FileName = D:\Data\Raw\P6608401.dat
* Software Version Seasave Win32 V 5.32
* Temperature SN = 1649
* Conductivity SN = 1431
* Number of Bytes Per Scan = 37
* Number of Voltage Words = 5
* Number of Scans Averaged by the Deck Unit = 1
* NMEA Latitude = 61 43.33 S
* NMEA Longitude = 057 38.91 W
* NMEA UTC (Time) = 00:42:37
** Ship:   Nathaniel B. Palmer 
** Cruise:    NBP0603 p0606
** Cast #: 01
** Station:   84
** Operator: 
# nquan = 17
# nvalues = 1145                    
# units = specified
# name 0 = prDM: Pressure, Digiquartz [db]
# name 1 = t090C: Temperature [ITS-90, deg C]
# name 2 = c0S/m: Conductivity [S/m]
# name 3 = t190C: Temperature, 2 [ITS-90, deg C]
# name 4 = c1S/m: Conductivity, 2 [S/m]
# name 5 = sbeox0ML/L: Oxygen, SBE 43 [ml/l]
# name 6 = flECO-AFL: Fluorescence, Wetlab ECO-AFL/FL [mg/m^3]
# name 7 = bat: Beam Attenuation, Chelsea/Seatech/Wetlab CStar [1/m]
# name 8 = spar: SPAR/Surface Irradiance
# name 9 = latitude: Latitude [deg]
# name 10 = longitude: Longitude [deg]
# name 11 = timeY: Time, System [seconds]
# name 12 = timeJ: Julian Days
# name 13 = sal00: Salinity [PSU]
# name 14 = scan: scan number
# name 15 = nbf: number of bottles fired
# name 16 = flag:  0.000e+00
# interval = seconds: 0.0416667                   
# start_time = Jul 10 2006 00:42:45
*END*
[from data line 596]
     74.732    -0.8193   2.775069    -0.8186   2.775318    7.71531     0.1618    13.8155 0.0000e+00  -61.72217  -57.64850 1152493423 191.044273    34.1597      30246         13  0.000e+00
     74.713    -0.8188   2.775075    -0.8188   2.775301    7.71049     0.1188    13.8155 0.0000e+00  -61.72217  -57.64850 1152493424 191.044274    34.1592      30247         13  0.000e+00
     74.732    -0.8187   2.775075    -0.8188   2.775289    7.71521     0.1188    13.8155 0.0000e+00  -61.72217  -57.64850 1152493424 191.044274    34.1591      30248         13  0.000e+00
     74.713    -0.8188   2.775059    -0.8185   2.775289    7.71051     0.0757    13.8155 0.0000e+00  -61.72217  -57.64850 1152493424 191.044275    34.1591      30249         13  0.000e+00
     74.666    -0.8190   2.775036    -0.8188   2.775307    7.71051     0.0865    13.8155 0.0000e+00  -61.72217  -57.64850 1152493424 191.044275    34.1590      30250         13  0.000e+00
     74.713    -0.8188   2.775062    -0.8182   2.775295    7.71523     0.0757    13.8155 0.0000e+00  -61.72217  -57.64850 1152493424 191.044276    34.1591      30251         13  0.000e+00
     74.666    -0.8188   2.775065    -0.8186   2.775307    7.71517     0.1080    13.8155 0.0000e+00  -61.72217  -57.64850 1152493424 191.044276    34.1592      30252         13  0.000e+00
     74.713    -0.8187   2.775039    -0.8182   2.775295    7.71522     0.0972    13.8155 0.0000e+00  -61.72217  -57.64850 1152493424 191.044277    34.1587      30253         13  0.000e+00
     74.666    -0.8190   2.775062    -0.8190   2.775289    7.71520     0.1188    13.8155 0.0000e+00  -61.72217  -57.64850 1152493424 191.044277    34.1594      30254         13  0.000e+00
     74.637    -0.8188   2.775059    -0.8185   2.775312    7.71043     0.1403    13.8155 0.0000e+00  -61.72217  -57.64850 1152493424 191.044278    34.1591      30255         13  0.000e+00
     74.666    -0.8190   2.775036    -0.8180   2.775335    7.71051     0.1188    13.8155 0.0000e+00  -61.72217  -57.64850 1152493424 191.044278    34.1590      30256         13  0.000e+00
     74.637    -0.8191   2.775049    -0.8182   2.775324    7.71520     0.0972    13.8155 0.0000e+00  -61.72217  -57.64850 1152493424 191.044279    34.1594      30257         13  0.000e+00
     74.589    -0.8188   2.775036    -0.8183   2.775318    7.71040     0.0542    13.8155 0.0000e+00  -61.72217  -57.64850 1152493424 191.044279    34.1589      30258         13  0.000e+00
     74.637    -0.8189   2.775062    -0.8188   2.775318    7.71044     0.0972    13.8155 0.0000e+00  -61.72217  -57.64850 1152493424 191.044280    34.1593      30259         13  0.000e+00
     74.589    -0.8193   2.775026    -0.8179   2.775301    7.71048     0.1188    13.8155 0.0000e+00  -61.72217  -57.64850 1152493424 191.044280    34.1592      30260         13  0.000e+00
     74.570    -0.8190   2.775009    -0.8184   2.775312    7.71042     0.1295    13.8155 0.0000e+00  -61.72217  -57.64850 1152493424 191.044280    34.1587      30261         13  0.000e+00
     74.589    -0.8191   2.775009    -0.8186   2.775335    7.71047     0.1403    13.8155 0.0000e+00  -61.72217  -57.64850 1152493424 191.044281    34.1589      30262         13  0.000e+00
     74.523    -0.8190   2.775026    -0.8183   2.775324    7.71507     0.1188    13.8155 0.0000e+00  -61.72217  -57.64850 1152493424 191.044281    34.1590      30263         13  0.000e+00
     74.570    -0.8190   2.775013    -0.8182   2.775295    7.71513     0.0972    13.8155 0.0000e+00  -61.72217  -57.64850 1152493424 191.044282    34.1587      30264         13  0.000e+00
     74.523    -0.8190   2.775026    -0.8186   2.775289    7.71036     0.0865    13.8155 0.0000e+00  -61.72217  -57.64850 1152493424 191.044282    34.1590      30265         13  0.000e+00
     74.570    -0.8195   2.775032    -0.8184   2.775306    7.71048     0.0757    13.8155 0.0000e+00  -61.72217  -57.64850 1152493424 191.044283    34.1595      30266         13  0.000e+00
     74.446    -0.8188   2.775013    -0.8183   2.775318    7.71026     0.0757    13.8155 0.0000e+00  -61.72217  -57.64850 1152493424 191.044283    34.1586      30267         13  0.000e+00
     74.504    -0.8188   2.775059    -0.8186   2.775295    7.71500     0.1188    13.8155 0.0000e+00  -61.72217  -57.64850 1152493424 191.044284    34.1592      30268         13  0.000e+00
     74.523    -0.8187   2.775059    -0.8183   2.775306    7.71029     0.1188    13.8155 0.0000e+00  -61.72217  -57.64850 1152493424 191.044284    34.1590      30269         13  0.000e+00
     74.427    -0.8191   2.775055    -0.8182   2.775318    7.71497     0.1188    13.8155 0.0000e+00  -61.72217  -57.64850 1152493424 191.044285    34.1596      30270         13  0.000e+00
     74.523    -0.8188   2.775055    -0.8183   2.775335    7.71502     0.0972    13.8155 0.0000e+00  -61.72217  -57.64850 1152493425 191.044285    34.1591      30271         13  0.000e+00
     74.427    -0.8191   2.775042    -0.8185   2.775301    7.71027     0.1295    13.8155 0.0000e+00  -61.72217  -57.64850 1152493425 191.044286    34.1594      30272         13  0.000e+00
     74.380    -0.8191   2.775049    -0.8183   2.775312    7.71021     0.0972    13.8155 0.0000e+00  -61.72217  -57.64850 1152493425 191.044286    34.1595      30273         13  0.000e+00
     74.427    -0.8187   2.775069    -0.8182   2.775335    7.71018     0.1618    13.8155 0.0000e+00  -61.72217  -57.64850 1152493425 191.044287    34.1592      30274         13  0.000e+00
     74.380    -0.8191   2.775059    -0.8184   2.775324    7.71021     0.1726    13.8155 0.0000e+00  -61.72217  -57.64850 1152493425 191.044287    34.1597      30275         13  0.000e+00
     74.427    -0.8188   2.775036    -0.8188   2.775295    7.71022     0.1726    13.8155 0.0000e+00  -61.72217  -57.64850 1152493425 191.044288    34.1590      30276         13  0.000e+00
     74.380    -0.8187   2.775049    -0.8182   2.775324    7.71014     0.1510    13.8155 0.0000e+00  -61.72217  -57.64850 1152493425 191.044288    34.1590      30277         13  0.000e+00
     74.294    -0.8188   2.775069    -0.8185   2.775301    7.71006     0.1403    13.8155 0.0000e+00  -61.72217  -57.64850 1152493425 191.044289    34.1595      30278         13  0.000e+00
     74.218    -0.8182   2.775055    -0.8182   2.775318    7.71460     0.1188    13.8155 0.0000e+00  -61.72217  -57.64850 1152493425 191.044290    34.1587      30280         14  0.000e+00
     74.313    -0.8184   2.775055    -0.8185   2.775295    7.71473     0.0972    13.8155 0.0000e+00  -61.72217  -57.64850 1152493425 191.044290    34.1588      30281         14  0.000e+00
     74.427    -0.8185   2.775069    -0.8190   2.775272    7.71015     0.1295    13.8155 0.0000e+00  -61.72217  -57.64850 1152493425 191.044291    34.1590      30282         14  0.000e+00
     74.170    -0.8183   2.775075    -0.8190   2.775266    7.71455     0.0972    13.8155 0.0000e+00  -61.72217  -57.64850 1152493425 191.044291    34.1591      30283         14  0.000e+00
     74.218    -0.8187   2.775075    -0.8191   2.775225    7.71466     0.0865    13.8155 0.0000e+00  -61.72217  -57.64850 1152493425 191.044292    34.1595      30284         14  0.000e+00
     74.313    -0.8188   2.775059    -0.8191   2.775248    7.71480     0.1403    13.8155 0.0000e+00  -61.72217  -57.64850 1152493425 191.044292    34.1593      30285         14  0.000e+00
     74.151    -0.8190   2.775019    -0.8188   2.775266    7.70997     0.1833    13.8155 0.0000e+00  -61.72217  -57.64850 1152493425 191.044293    34.1591      30286         14  0.000e+00
     74.237    -0.8191   2.775009    -0.8186   2.775243    7.71009     0.1618    13.8155 0.0000e+00  -61.72217  -57.64850 1152493425 191.044293    34.1591      30287         14  0.000e+00
     74.170    -0.8193   2.775009    -0.8187   2.775254    7.71004     0.1403    13.8155 0.0000e+00  -61.72217  -57.64850 1152493425 191.044293    34.1593      30288         14  0.000e+00
     74.084    -0.8191   2.774989    -0.8186   2.775266    7.71465     0.1510    13.8155 0.0000e+00  -61.72217  -57.64850 1152493425 191.044294    34.1589      30289         14  0.000e+00
     74.170    -0.8196   2.775003    -0.8186   2.775283    7.71480     0.1080    13.8155 0.0000e+00  -61.72217  -57.64850 1152493425 191.044294    34.1595      30290         14  0.000e+00
     74.084    -0.8195   2.775009    -0.8185   2.775272    7.71468     0.0757    13.8155 0.0000e+00  -61.72217  -57.64850 1152493425 191.044295    34.1595      30291         14  0.000e+00
     74.103    -0.8193   2.774979    -0.8187   2.775283    7.71470     0.1188    13.8155 0.0000e+00  -61.72217  -57.64850 1152493425 191.044295    34.1589      30292         14  0.000e+00
     74.084    -0.8193   2.774983    -0.8186   2.775254    7.70996     0.1080    13.8155 0.0000e+00  -61.72217  -57.64850 1152493425 191.044296    34.1590      30293         14  0.000e+00
     74.027    -0.8191   2.774986    -0.8185   2.775260    7.70988     0.0757    13.8155 0.0000e+00  -61.72217  -57.64850 1152493425 191.044296    34.1589      30294         14  0.000e+00
     74.008    -0.8191   2.774970    -0.8191   2.775266    7.71457     0.0650    13.8155 0.0000e+00  -61.72217  -57.64850 1152493426 191.044297    34.1586      30295         14  0.000e+00
     74.027    -0.8196   2.774979    -0.8187   2.775266    7.71467     0.0757    13.8155 0.0000e+00  -61.72217  -57.64850 1152493426 191.044297    34.1593      30296         14  0.000e+00
     73.731    -0.8193   2.775002    -0.8185   2.775266    7.71428     0.0757    13.8155 0.0000e+00  -61.72217  -57.64850 1152493426 191.044298    34.1595      30297         14  0.000e+00
     74.237    -0.8191   2.775026    -0.8191   2.775243    7.71008     0.1188    13.8155 0.0000e+00  -61.72217  -57.64850 1152493426 191.044298    34.1593      30298         14  0.000e+00
     73.941    -0.8188   2.775032    -0.8188   2.775237    7.70970     0.1295    13.8155 0.0000e+00  -61.72217  -57.64850 1152493426 191.044299    34.1592      30299         14  0.000e+00
     73.893    -0.8190   2.774983    -0.8186   2.775237    7.70972     0.1295    13.8155 0.0000e+00  -61.72217  -57.64850 1152493426 191.044299    34.1588      30300         14  0.000e+00
     73.941    -0.8191   2.774966    -0.8188   2.775272    7.70980     0.0972    13.8155 0.0000e+00  -61.72217  -57.64850 1152493426 191.044300    34.1587      30301         14  0.000e+00
     73.893    -0.8191   2.774996    -0.8185   2.775272    7.70973     0.1295    13.8155 0.0000e+00  -61.72217  -57.64850 1152493426 191.044300    34.1591      30302         14  0.000e+00
     73.865    -0.8195   2.774989    -0.8190   2.775225    7.70975     0.0972    13.8155 0.0000e+00  -61.72217  -57.64850 1152493426 191.044301    34.1594      30303         14  0.000e+00
     73.817    -0.8193   2.774986    -0.8190   2.775231    7.70968     0.1618    13.8155 0.0000e+00  -61.72217  -57.64850 1152493426 191.044301    34.1592      30304         14  0.000e+00
     73.798    -0.8190   2.774970    -0.8187   2.775219    7.70962     0.1295    13.8155 0.0000e+00  -61.72217  -57.64850 1152493426 191.044302    34.1586      30305         14  0.000e+00
     73.817    -0.8191   2.774979    -0.8188   2.775231    7.70966     0.1188    13.8155 0.0000e+00  -61.72217  -57.64850 1152493426 191.044302    34.1589      30306         14  0.000e+00
     73.750    -0.8195   2.774937    -0.8185   2.775237    7.70968     0.0972    13.8155 0.0000e+00  -61.72217  -57.64850 1152493426 191.044303    34.1588      30307         14  0.000e+00
     73.798    -0.8193   2.774937    -0.8186   2.775237    7.71440     0.1403    13.8155 0.0000e+00  -61.72217  -57.64850 1152493426 191.044303    34.1585      30308         14  0.000e+00
     73.750    -0.8196   2.774943    -0.8190   2.775237    7.71440     0.1510    13.8155 0.0000e+00  -61.72217  -57.64850 1152493426 191.044304    34.1590      30309         14  0.000e+00
     73.655    -0.8198   2.774973    -0.8191   2.775254    7.70958     0.1188    13.8155 0.0000e+00  -61.72217  -57.64850 1152493426 191.044304    34.1596      30310         14  0.000e+00
     73.750    -0.8201   2.774970    -0.8194   2.775225    7.70974     0.1403    13.8155 0.0000e+00  -61.72217  -57.64850 1152493426 191.044305    34.1599      30311         14  0.000e+00
     73.655    -0.8199   2.774913    -0.8188   2.775214    7.70965     0.1726    13.8155 0.0000e+00  -61.72217  -57.64850 1152493426 191.044305    34.1590      30312         14  0.000e+00
     73.607    -0.8199   2.774953    -0.8191   2.775190    7.70957     0.1403    13.8155 0.0000e+00  -61.72217  -57.64850 1152493426 191.044306    34.1596      30313         14  0.000e+00
     73.655    -0.8199   2.774950    -0.8191   2.775202    7.70963     0.0972    13.8155 0.0000e+00  -61.72217  -57.64850 1152493426 191.044306    34.1595      30314         14  0.000e+00
     73.607    -0.8193   2.774923    -0.8190   2.775231    7.71421     0.1080    13.8155 0.0000e+00  -61.72217  -57.64850 1152493426 191.044307    34.1585      30315         14  0.000e+00
     73.588    -0.8195   2.774953    -0.8197   2.775196    7.71419     0.1403    13.8155 0.0000e+00  -61.72217  -57.64850 1152493426 191.044307    34.1591      30316         14  0.000e+00
     73.607    -0.8198   2.774946    -0.8196   2.775202    7.70955     0.1403    13.8155 0.0000e+00  -61.72217  -57.64850 1152493426 191.044307    34.1593      30317         14  0.000e+00
     73.522    -0.8196   2.774943    -0.8194   2.775213    7.71415     0.1295    13.8155 0.0000e+00  -61.72217  -57.64850 1152493426 191.044308    34.1591      30318         14  0.000e+00
     73.541    -0.8199   2.774943    -0.8196   2.775196    7.71422     0.1080    13.8155 0.0000e+00  -61.72217  -57.64850 1152493427 191.044308    34.1595      30319         14  0.000e+00
     73.522    -0.8195   2.774907    -0.8194   2.775161    7.71416     0.1188    13.8155 0.0000e+00  -61.72217  -57.64850 1152493427 191.044309    34.1585      30320         14  0.000e+00
     73.474    -0.8198   2.774930    -0.8193   2.775196    7.71413     0.1403    13.8155 0.0000e+00  -61.72217  -57.64850 1152493427 191.044309    34.1592      30321         14  0.000e+00
     73.541    -0.8195   2.774943    -0.8188   2.775190    7.71415     0.1403    13.8155 0.0000e+00  -61.72217  -57.64850 1152493427 191.044310    34.1590      30322         14  0.000e+00
     73.445    -0.8196   2.774960    -0.8193   2.775202    7.71406     0.1833    13.8155 0.0000e+00  -61.72217  -57.64850 1152493427 191.044310    34.1594      30323         14  0.000e+00
     73.398    -0.8195   2.774979    -0.8196   2.775190    7.71397     0.2048    13.8155 0.0000e+00  -61.72217  -57.64850 1152493427 191.044311    34.1595      30324         14  0.000e+00
     73.445    -0.8193   2.774953    -0.8193   2.775184    7.70930     0.1833    13.8155 0.0000e+00  -61.72217  -57.64850 1152493427 191.044311    34.1590      30325         14  0.000e+00
     73.398    -0.8193   2.774943    -0.8197   2.775208    7.70926     0.1403    13.8155 0.0000e+00  -61.72217  -57.64850 1152493427 191.044312    34.1589      30326         14  0.000e+00
     73.379    -0.8190   2.774973    -0.8190   2.775213    7.71388     0.1510    13.8155 0.0000e+00  -61.72217  -57.64850 1152493427 191.044312    34.1589      30327         14  0.000e+00
     73.398    -0.8191   2.774969    -0.8193   2.775190    7.71393     0.1403    13.8155 0.0000e+00  -61.72217  -57.64850 1152493427 191.044313    34.1591      30328         14  0.000e+00
     50.134    -0.8394   2.771906    -0.8390   2.772176    7.75068     0.1295    13.8155 0.0000e+00  -61.72217  -57.64850 1152493496 191.045113    34.1549      31987         15  0.000e+00
     50.000    -0.8391   2.771906    -0.8386   2.772153    7.75049     0.1403    13.8155 0.0000e+00  -61.72217  -57.64850 1152493496 191.045113    34.1547      31988         15  0.000e+00
