product_data/regression_test/downloaded_data/MGDS/320620060703/ctd/p6606204.ros
* Sea-Bird SBE 9 Data File:
* FileName = D:\Data\Raw\p6606204.dat
* Software Version Seasave Win32 V 5.32
* Temperature SN = 1649
* Conductivity SN = 1431
* Number of Bytes Per Scan = 37
* Number of Voltage Words = 5
* Number of Scans Averaged by the Deck Unit = 1
* NMEA Latitude = 61 05.82 S
* NMEA Longitude = 058 08.38 W
* NMEA UTC (Time) = 08:04:11
** Ship:   Nathaniel B. Palmer 
** Cruise:    NBP0606 
# nquan = 17
# nvalues = 1176                    
# units = specified
# name 0 = prDM: Pressure, Digiquartz [db]
# name 1 = t090C: Temperature [ITS-90, deg C]
# name 2 = c0S/m: Conductivity [S/m]
# name 3 = t190C: Temperature, 2 [ITS-90, deg C]
# name 4 = c1S/m: Conductivity, 2 [S/m]
# name 5 = sbeox0ML/L: Oxygen, SBE 43 [ml/l]
# name 6 = flECO-AFL: Fluorescence, Wetlab ECO-AFL/FL [mg/m^3]
# name 7 = bat: Beam Attenuation, Chelsea/Seatech/Wetlab CStar [1/m]
# name 8 = spar: SPAR/Surface Irradiance
# name 9 = latitude: Latitude [deg]
# name 10 = longitude: Longitude [deg]
# name 11 = timeY: Time, System [seconds]
# name 12 = timeJ: Julian Days
# name 13 = sal00: Salinity [PSU]
# name 14 = scan: scan number
# name 15 = nbf: number of bottles fired
# name 16 = flag:  0.000e+00
# interval = seconds: 0.0416667                   
# start_time = Jul 07 2006 08:04:18
*END*
[from data line 1107]
    157.546     0.8256   2.935144     0.8258   2.934986    5.58846    -0.0319    13.8155 0.0000e+00  -61.09700  -58.13967 1152259850 188.340871    34.3884       9440         23  0.000e+00
    157.546     0.8256   2.935133     0.8260   2.935009    5.58390    -0.0642    13.8155 0.0000e+00  -61.09700  -58.13967 1152259850 188.340872    34.3883       9441         23  0.000e+00
    157.470     0.8252   2.935140     0.8255   2.935021    5.58846    -0.0426    13.8155 0.0000e+00  -61.09700  -58.13967 1152259850 188.340872    34.3889       9442         23  0.000e+00
    157.546     0.8253   2.935123     0.8258   2.934986    5.58851    -0.0104    13.8155 0.0000e+00  -61.09700  -58.13967 1152259850 188.340873    34.3885       9443         23  0.000e+00
    157.403     0.8258   2.935137     0.8260   2.935003    5.58833    -0.0642    13.8155 0.0000e+00  -61.09700  -58.13967 1152259850 188.340873    34.3882       9444         23  0.000e+00
    157.623     0.8256   2.935144     0.8260   2.935021    5.58853    -0.0749    13.8155 0.0000e+00  -61.09700  -58.13967 1152259850 188.340874    34.3884       9445         23  0.000e+00
    157.470     0.8258   2.935194     0.8264   2.935069    5.58836    -0.0534    13.8155 0.0000e+00  -61.09700  -58.13967 1152259850 188.340874    34.3889       9446         23  0.000e+00
    157.470     0.8259   2.935160     0.8264   2.935063    5.58836    -0.0642    13.8155 0.0000e+00  -61.09700  -58.13967 1152259850 188.340875    34.3883       9447         23  0.000e+00
    157.470     0.8261   2.935167     0.8266   2.935063    5.58834    -0.0749    13.8155 0.0000e+00  -61.09700  -58.13967 1152259850 188.340875    34.3882       9448         23  0.000e+00
    157.470     0.8258   2.935204     0.8266   2.935098    5.58836    -0.0642    13.8155 0.0000e+00  -61.09700  -58.13967 1152259850 188.340876    34.3891       9449         23  0.000e+00
    157.403     0.8258   2.935177     0.8262   2.935092    5.58831    -0.0534    13.8155 0.0000e+00  -61.09700  -58.13967 1152259850 188.340876    34.3887       9450         23  0.000e+00
    157.470     0.8256   2.935147     0.8269   2.935069    5.58841    -0.0642    13.8155 0.0000e+00  -61.09700  -58.13967 1152259850 188.340877    34.3885       9451         23  0.000e+00
    157.412     0.8258   2.935160     0.8264   2.935098    5.58833    -0.0534    13.8155 0.0000e+00  -61.09700  -58.13967 1152259850 188.340877    34.3885       9452         23  0.000e+00
    157.403     0.8258   2.935130     0.8269   2.935092    5.58834    -0.0749    13.8155 0.0000e+00  -61.09700  -58.13967 1152259850 188.340878    34.3882       9453         23  0.000e+00
    157.470     0.8258   2.935154     0.8267   2.935086    5.58838    -0.0857    13.8155 0.0000e+00  -61.09700  -58.13967 1152259850 188.340878    34.3884       9454         23  0.000e+00
    157.336     0.8253   2.935157     0.8274   2.935092    5.58833    -0.0319    13.8155 0.0000e+00  -61.09700  -58.13967 1152259850 188.340879    34.3891       9455         23  0.000e+00
    157.403     0.8255   2.935144     0.8272   2.935104    5.58380    -0.0211    13.8155 0.0000e+00  -61.09700  -58.13967 1152259850 188.340879    34.3886       9456         23  0.000e+00
    157.403     0.8258   2.935160     0.8269   2.935128    5.58376    -0.0319    13.8155 0.0000e+00  -61.09700  -58.13967 1152259850 188.340880    34.3886       9457         23  0.000e+00
    157.336     0.8261   2.935147     0.8271   2.935104    5.58367    -0.0426    13.8155 0.0000e+00  -61.09700  -58.13967 1152259850 188.340880    34.3880       9458         23  0.000e+00
    157.336     0.8261   2.935160     0.8268   2.935104    5.58824    -0.0642    13.8155 0.0000e+00  -61.09700  -58.13967 1152259850 188.340881    34.3883       9459         23  0.000e+00
    155.999     0.8297   2.935427     0.8286   2.935145    5.58210    -0.0857    13.8155 0.0000e+00  -61.09700  -58.13967 1152259855 188.340938    34.3885       9577         24  0.000e+00
    156.276     0.8300   2.935447     0.8282   2.935139    5.58683    -0.1072    13.8155 0.0000e+00  -61.09700  -58.13967 1152259855 188.340938    34.3882       9578         24  0.000e+00
    155.999     0.8298   2.935427     0.8281   2.935115    5.58665    -0.0534    13.8155 0.0000e+00  -61.09700  -58.13967 1152259855 188.340938    34.3883       9579         24  0.000e+00
    156.066     0.8294   2.935413     0.8286   2.935139    5.58219    -0.0426    13.8155 0.0000e+00  -61.09700  -58.13967 1152259855 188.340939    34.3886       9580         24  0.000e+00
    156.143     0.8292   2.935403     0.8282   2.935139    5.58227    -0.1072    13.8155 0.0000e+00  -61.09700  -58.13967 1152259856 188.340939    34.3886       9581         24  0.000e+00
    156.066     0.8295   2.935400     0.8283   2.935157    5.58218    -0.1180    13.8155 0.0000e+00  -61.09700  -58.13967 1152259856 188.340940    34.3883       9582         24  0.000e+00
    155.999     0.8295   2.935417     0.8283   2.935186    5.58212    -0.0319    13.8155 0.0000e+00  -61.09700  -58.13967 1152259856 188.340940    34.3885       9583         24  0.000e+00
    156.066     0.8292   2.935386     0.8285   2.935175    5.58222     0.0112    13.8155 0.0000e+00  -61.09700  -58.13967 1152259856 188.340941    34.3885       9584         24  0.000e+00
    156.066     0.8295   2.935376     0.8283   2.935145    5.58219    -0.0534    13.8155 0.0000e+00  -61.09700  -58.13967 1152259856 188.340941    34.3880       9585         24  0.000e+00
    155.999     0.8290   2.935359     0.8280   2.935115    5.58220    -0.1072    13.8155 0.0000e+00  -61.09700  -58.13967 1152259856 188.340942    34.3883       9586         24  0.000e+00
    156.009     0.8298   2.935369     0.8283   2.935139    5.58212    -0.1072    13.8155 0.0000e+00  -61.09700  -58.13967 1152259856 188.340942    34.3876       9587         24  0.000e+00
    155.999     0.8295   2.935403     0.8280   2.935115    5.58670    -0.0749    13.8155 0.0000e+00  -61.09700  -58.13967 1152259856 188.340943    34.3884       9588         24  0.000e+00
    155.999     0.8291   2.935369     0.8280   2.935127    5.58219    -0.0426    13.8155 0.0000e+00  -61.09700  -58.13967 1152259856 188.340943    34.3884       9589         24  0.000e+00
    155.999     0.8295   2.935369     0.8278   2.935098    5.58215    -0.0534    13.8155 0.0000e+00  -61.09700  -58.13967 1152259856 188.340944    34.3879       9590         24  0.000e+00
    155.999     0.8291   2.935376     0.8280   2.935110    5.58219    -0.0964    13.8155 0.0000e+00  -61.09700  -58.13967 1152259856 188.340944    34.3885       9591         24  0.000e+00
    155.999     0.8287   2.935376     0.8280   2.935157    5.58680    -0.0857    13.8155 0.0000e+00  -61.09700  -58.13967 1152259856 188.340945    34.3889       9592         24  0.000e+00
    156.009     0.8297   2.935393     0.8282   2.935145    5.58669    -0.1072    13.8155 0.0000e+00  -61.09700  -58.13967 1152259856 188.340945    34.3880       9593         24  0.000e+00
    155.999     0.8292   2.935366     0.8278   2.935145    5.58218    -0.0749    13.8155 0.0000e+00  -61.09700  -58.13967 1152259856 188.340946    34.3882       9594         24  0.000e+00
    155.923     0.8292   2.935423     0.8285   2.935139    5.58666    -0.0749    13.8155 0.0000e+00  -61.09700  -58.13967 1152259856 188.340946    34.3890       9595         24  0.000e+00
    155.999     0.8291   2.935366     0.8285   2.935157    5.58219    -0.0857    13.8155 0.0000e+00  -61.09700  -58.13967 1152259856 188.340947    34.3884       9596         24  0.000e+00
    155.999     0.8294   2.935353     0.8281   2.935169    5.58217    -0.0534    13.8155 0.0000e+00  -61.09700  -58.13967 1152259856 188.340947    34.3879       9597         24  0.000e+00
    155.999     0.8291   2.935369     0.8282   2.935169    5.58219    -0.1072    13.8155 0.0000e+00  -61.09700  -58.13967 1152259856 188.340948    34.3884       9598         24  0.000e+00
    156.009     0.8284   2.935359     0.8280   2.935169    5.58228    -0.1180    13.8155 0.0000e+00  -61.09700  -58.13967 1152259856 188.340948    34.3890       9599         24  0.000e+00
    155.999     0.8286   2.935369     0.8280   2.935169    5.58225    -0.1395    13.8155 0.0000e+00  -61.09700  -58.13967 1152259856 188.340949    34.3889       9600         24  0.000e+00
    155.999     0.8289   2.935342     0.8278   2.935115    5.58223    -0.1287    13.8155 0.0000e+00  -61.09700  -58.13967 1152259856 188.340949    34.3883       9601         24  0.000e+00
    155.999     0.8289   2.935363     0.8277   2.935104    5.58222    -0.0642    13.8155 0.0000e+00  -61.09700  -58.13967 1152259856 188.340950    34.3885       9602         24  0.000e+00
    155.999     0.8286   2.935359     0.8272   2.935110    5.58225    -0.0642    13.8155 0.0000e+00  -61.09700  -58.13967 1152259856 188.340950    34.3888       9603         24  0.000e+00
    155.999     0.8286   2.935326     0.8271   2.935092    5.58227    -0.0534    13.8155 0.0000e+00  -61.09700  -58.13967 1152259856 188.340951    34.3884       9604         24  0.000e+00
    156.009     0.8284   2.935329     0.8277   2.935110    5.58230    -0.0642    13.8155 0.0000e+00  -61.09700  -58.13967 1152259857 188.340951    34.3886       9605         24  0.000e+00
    156.066     0.8283   2.935261     0.8274   2.935110    5.58239    -0.0857    13.8155 0.0000e+00  -61.09700  -58.13967 1152259857 188.340951    34.3878       9606         24  0.000e+00
    156.066     0.8272   2.935201     0.8272   2.935110    5.58711    -0.0642    13.8155 0.0000e+00  -61.09700  -58.13967 1152259857 188.340952    34.3883       9607         24  0.000e+00
    155.999     0.8270   2.935170     0.8275   2.935098    5.58252    -0.0642    13.8155 0.0000e+00  -61.09700  -58.13967 1152259857 188.340952    34.3881       9608         24  0.000e+00
    156.133     0.8259   2.935167     0.8269   2.935062    5.58275    -0.0319    13.8155 0.0000e+00  -61.09700  -58.13967 1152259857 188.340953    34.3892       9609         24  0.000e+00
    156.066     0.8261   2.935167     0.8264   2.935074    5.58725     0.0004    13.8155 0.0000e+00  -61.09700  -58.13967 1152259857 188.340953    34.3890       9610         24  0.000e+00
    156.076     0.8264   2.935157     0.8267   2.935062    5.58723    -0.0211    13.8155 0.0000e+00  -61.09700  -58.13967 1152259857 188.340954    34.3886       9611         24  0.000e+00
    156.133     0.8258   2.935126     0.8269   2.935062    5.58278    -0.0642    13.8155 0.0000e+00  -61.09700  -58.13967 1152259857 188.340954    34.3888       9612         24  0.000e+00
    156.133     0.8261   2.935136     0.8274   2.935098    5.58275    -0.0749    13.8155 0.0000e+00  -61.09700  -58.13967 1152259857 188.340955    34.3887       9613         24  0.000e+00
    156.133     0.8260   2.935160     0.8274   2.935110    5.58275    -0.0426    13.8155 0.0000e+00  -61.09700  -58.13967 1152259857 188.340955    34.3891       9614         24  0.000e+00
    156.133     0.8260   2.935147     0.8269   2.935098    5.58276    -0.0749    13.8155 0.0000e+00  -61.09700  -58.13967 1152259857 188.340956    34.3889       9615         24  0.000e+00
    156.209     0.8258   2.935160     0.8274   2.935086    5.58283    -0.0964    13.8155 0.0000e+00  -61.09700  -58.13967 1152259857 188.340956    34.3893       9616         24  0.000e+00
    156.219     0.8260   2.935147     0.8272   2.935086    5.58283    -0.0534    13.8155 0.0000e+00  -61.09700  -58.13967 1152259857 188.340957    34.3889       9617         24  0.000e+00
    156.209     0.8256   2.935150     0.8269   2.935086    5.58286    -0.0426    13.8155 0.0000e+00  -61.09700  -58.13967 1152259857 188.340957    34.3893       9618         24  0.000e+00
    156.276     0.8256   2.935143     0.8266   2.935092    5.58291    -0.0642    13.8155 0.0000e+00  -61.09700  -58.13967 1152259857 188.340958    34.3891       9619         24  0.000e+00
    156.276     0.8256   2.935160     0.8272   2.935104    5.58747    -0.0534    13.8155 0.0000e+00  -61.09700  -58.13967 1152259857 188.340958    34.3894       9620         24  0.000e+00
    156.276     0.8255   2.935167     0.8278   2.935110    5.58291    -0.0749    13.8155 0.0000e+00  -61.09700  -58.13967 1152259857 188.340959    34.3896       9621         24  0.000e+00
    156.353     0.8258   2.935184     0.8277   2.935116    5.58293    -0.0534    13.8155 0.0000e+00  -61.09700  -58.13967 1152259857 188.340959    34.3895       9622         24  0.000e+00
    156.353     0.8258   2.935137     0.8271   2.935110    5.58295    -0.0426    13.8155 0.0000e+00  -61.09700  -58.13967 1152259857 188.340960    34.3888       9623         24  0.000e+00
    156.353     0.8253   2.935137     0.8275   2.935092    5.58301    -0.0642    13.8155 0.0000e+00  -61.09700  -58.13967 1152259857 188.340960    34.3894       9624         24  0.000e+00
    156.420     0.8250   2.935116     0.8269   2.935086    5.58767    -0.0642    13.8155 0.0000e+00  -61.09700  -58.13967 1152259857 188.340961    34.3894       9625         24  0.000e+00
