product_data/regression_test/downloaded_data/MGDS/320620060703/ctd/p6609308.ros
* Sea-Bird SBE 9 Data File:
* FileName = D:\Data\Raw\p6609308.dat
* Software Version Seasave Win32 V 5.32
* Temperature SN = 1649
* Conductivity SN = 1431
* Number of Bytes Per Scan = 37
* Number of Voltage Words = 5
* Number of Scans Averaged by the Deck Unit = 1
* NMEA Latitude = 61 07.50 S
* NMEA Longitude = 058 05.51 W
* NMEA UTC (Time) = 05:51:48
** Ship:   Nathaniel B. Palmer nbp
** Cruise:    NBP0606 nbp0606
# nquan = 17
# nvalues = 1176                    
# units = specified
# name 0 = prDM: Pressure, Digiquartz [db]
# name 1 = t090C: Temperature [ITS-90, deg C]
# name 2 = c0S/m: Conductivity [S/m]
# name 3 = t190C: Temperature, 2 [ITS-90, deg C]
# name 4 = c1S/m: Conductivity, 2 [S/m]
# name 5 = sbeox0ML/L: Oxygen, SBE 43 [ml/l]
# name 6 = flECO-AFL: Fluorescence, Wetlab ECO-AFL/FL [mg/m^3]
# name 7 = bat: Beam Attenuation, Chelsea/Seatech/Wetlab CStar [1/m]
# name 8 = spar: SPAR/Surface Irradiance
# name 9 = latitude: Latitude [deg]
# name 10 = longitude: Longitude [deg]
# name 11 = timeY: Time, System [seconds]
# name 12 = timeJ: Julian Days
# name 13 = sal00: Salinity [PSU]
# name 14 = scan: scan number
# name 15 = nbf: number of bottles fired
# name 16 = flag:  0.000e+00
# interval = seconds: 0.0416667                   
# start_time = Jul 11 2006 05:51:56
*END*
[from data line 86]
    750.617     1.6481   3.059076     1.6496   3.059470    4.64705    -0.0642    13.8155 0.0000e+00  -61.12500  -58.09183 1152598298 192.258100    34.7257      28414          2  0.000e+00
    750.617     1.6468   3.059083     1.6499   3.059476    4.64717    -0.0749    13.8155 0.0000e+00  -61.12500  -58.09183 1152598298 192.258101    34.7272      28415          2  0.000e+00
    750.617     1.6463   3.059031     1.6500   3.059470    4.64724    -0.0857    13.8155 0.0000e+00  -61.12500  -58.09183 1152598298 192.258101    34.7271      28416          2  0.000e+00
    750.617     1.6462   3.059048     1.6500   3.059470    4.65208    -0.1180    13.8155 0.0000e+00  -61.12500  -58.09183 1152598298 192.258102    34.7275      28417          2  0.000e+00
    750.685     1.6470   3.059059     1.6499   3.059476    4.65205    -0.0642    13.8155 0.0000e+00  -61.12500  -58.09183 1152598298 192.258102    34.7267      28418          2  0.000e+00
    750.617     1.6476   3.059093     1.6502   3.059470    4.65193    -0.0642    13.8155 0.0000e+00  -61.12500  -58.09183 1152598298 192.258103    34.7265      28419          2  0.000e+00
    750.617     1.6477   3.059093     1.6497   3.059452    4.64708    -0.0857    13.8155 0.0000e+00  -61.12500  -58.09183 1152598298 192.258103    34.7264      28420          2  0.000e+00
    750.685     1.6482   3.059138     1.6498   3.059452    4.65189    -0.1072    13.8155 0.0000e+00  -61.12500  -58.09183 1152598298 192.258104    34.7263      28421          2  0.000e+00
    750.627     1.6487   3.059100     1.6504   3.059488    4.65183    -0.1180    13.8155 0.0000e+00  -61.12500  -58.09183 1152598298 192.258104    34.7253      28422          2  0.000e+00
    750.685     1.6485   3.059100     1.6502   3.059464    4.65189    -0.1180    13.8155 0.0000e+00  -61.12500  -58.09183 1152598298 192.258105    34.7256      28423          2  0.000e+00
    750.617     1.6484   3.059131     1.6499   3.059470    4.65184    -0.0964    13.8155 0.0000e+00  -61.12500  -58.09183 1152598298 192.258105    34.7261      28424          2  0.000e+00
    750.685     1.6487   3.059152     1.6499   3.059470    4.65184    -0.1180    13.8155 0.0000e+00  -61.12500  -58.09183 1152598298 192.258106    34.7260      28425          2  0.000e+00
    748.401     1.6511   3.059223     1.6519   3.059523    4.65012    -0.0857    13.8155 0.0000e+00  -61.12500  -58.09183 1152598305 192.258178    34.7256      28574          3  0.000e+00
    748.334     1.6516   3.059264     1.6524   3.059535    4.65001    -0.0857    13.8155 0.0000e+00  -61.12500  -58.09183 1152598305 192.258178    34.7256      28575          3  0.000e+00
    748.344     1.6514   3.059240     1.6524   3.059529    4.65004    -0.0534    13.8155 0.0000e+00  -61.12500  -58.09183 1152598305 192.258179    34.7254      28576          3  0.000e+00
    748.257     1.6512   3.059247     1.6524   3.059571    4.65000    -0.0642    13.8155 0.0000e+00  -61.12500  -58.09183 1152598305 192.258179    34.7258      28577          3  0.000e+00
    748.334     1.6517   3.059223     1.6524   3.059523    4.65001    -0.0749    13.8155 0.0000e+00  -61.12500  -58.09183 1152598305 192.258179    34.7249      28578          3  0.000e+00
    748.257     1.6519   3.059278     1.6519   3.059541    4.64992    -0.0642    13.8155 0.0000e+00  -61.12500  -58.09183 1152598305 192.258180    34.7254      28579          3  0.000e+00
    748.334     1.6514   3.059302     1.6511   3.059541    4.65001    -0.0964    13.8155 0.0000e+00  -61.12500  -58.09183 1152598305 192.258180    34.7262      28580          3  0.000e+00
    748.257     1.6512   3.059230     1.6513   3.059535    4.65001    -0.1287    13.8155 0.0000e+00  -61.12500  -58.09183 1152598305 192.258181    34.7255      28581          3  0.000e+00
    748.190     1.6505   3.059192     1.6514   3.059505    4.65005    -0.1395    13.8155 0.0000e+00  -61.12500  -58.09183 1152598305 192.258181    34.7259      28582          3  0.000e+00
    748.257     1.6503   3.059178     1.6516   3.059499    4.65012    -0.1502    13.8155 0.0000e+00  -61.12500  -58.09183 1152598305 192.258182    34.7259      28583          3  0.000e+00
    748.267     1.6500   3.059178     1.6519   3.059523    4.65499    -0.1180    13.8155 0.0000e+00  -61.12500  -58.09183 1152598305 192.258182    34.7262      28584          3  0.000e+00
    748.190     1.6500   3.059123     1.6519   3.059529    4.65496    -0.0964    13.8155 0.0000e+00  -61.12500  -58.09183 1152598305 192.258183    34.7255      28585          3  0.000e+00
    748.190     1.6506   3.059178     1.6519   3.059511    4.65488    -0.1072    13.8155 0.0000e+00  -61.12500  -58.09183 1152598305 192.258183    34.7256      28586          3  0.000e+00
    748.190     1.6516   3.059192     1.6521   3.059505    4.64994    -0.0642    13.8155 0.0000e+00  -61.12500  -58.09183 1152598305 192.258184    34.7247      28587          3  0.000e+00
    748.190     1.6516   3.059161     1.6518   3.059523    4.64995    -0.0749    13.8155 0.0000e+00  -61.12500  -58.09183 1152598305 192.258184    34.7243      28588          3  0.000e+00
    748.190     1.6514   3.059171     1.6519   3.059529    4.64997    -0.0749    13.8155 0.0000e+00  -61.12500  -58.09183 1152598305 192.258185    34.7247      28589          3  0.000e+00
    748.112     1.6506   3.059199     1.6525   3.059553    4.65483    -0.0857    13.8155 0.0000e+00  -61.12500  -58.09183 1152598305 192.258185    34.7259      28590          3  0.000e+00
    748.190     1.6516   3.059175     1.6529   3.059535    4.64995    -0.0964    13.8155 0.0000e+00  -61.12500  -58.09183 1152598305 192.258186    34.7245      28591          3  0.000e+00
    748.112     1.6520   3.059196     1.6532   3.059553    4.64985    -0.0964    13.8155 0.0000e+00  -61.12500  -58.09183 1152598305 192.258186    34.7243      28592          3  0.000e+00
    748.199     1.6516   3.059206     1.6535   3.059583    4.64995    -0.0857    13.8155 0.0000e+00  -61.12500  -58.09183 1152598305 192.258187    34.7249      28593          3  0.000e+00
    748.112     1.6514   3.059223     1.6535   3.059589    4.64989    -0.0857    13.8155 0.0000e+00  -61.12500  -58.09183 1152598305 192.258187    34.7253      28594          3  0.000e+00
    748.112     1.6512   3.059209     1.6530   3.059607    4.64992    -0.0534    13.8155 0.0000e+00  -61.12500  -58.09183 1152598305 192.258188    34.7254      28595          3  0.000e+00
    748.112     1.6512   3.059192     1.6535   3.059595    4.64993    -0.0426    13.8155 0.0000e+00  -61.12500  -58.09183 1152598306 192.258188    34.7251      28596          3  0.000e+00
    748.112     1.6518   3.059237     1.6533   3.059589    4.64986    -0.0426    13.8155 0.0000e+00  -61.12500  -58.09183 1152598306 192.258189    34.7251      28597          3  0.000e+00
    748.112     1.6512   3.059254     1.6530   3.059583    4.64990    -0.0642    13.8155 0.0000e+00  -61.12500  -58.09183 1152598306 192.258189    34.7259      28598          3  0.000e+00
    748.112     1.6516   3.059271     1.6533   3.059607    4.64986    -0.0857    13.8155 0.0000e+00  -61.12500  -58.09183 1152598306 192.258190    34.7258      28599          3  0.000e+00
    748.112     1.6516   3.059282     1.6532   3.059595    4.65470    -0.0749    13.8155 0.0000e+00  -61.12500  -58.09183 1152598306 192.258190    34.7259      28600          3  0.000e+00
    748.122     1.6514   3.059278     1.6533   3.059625    4.64988    -0.0857    13.8155 0.0000e+00  -61.12500  -58.09183 1152598306 192.258191    34.7260      28601          3  0.000e+00
    748.112     1.6516   3.059278     1.6533   3.059625    4.64986    -0.0964    13.8155 0.0000e+00  -61.12500  -58.09183 1152598306 192.258191    34.7259      28602          3  0.000e+00
    748.045     1.6521   3.059295     1.6533   3.059679    4.64976    -0.0319    13.8155 0.0000e+00  -61.12500  -58.09183 1152598306 192.258192    34.7256      28603          3  0.000e+00
    748.112     1.6528   3.059337     1.6533   3.059655    4.64972    -0.0426    13.8155 0.0000e+00  -61.12500  -58.09183 1152598306 192.258192    34.7252      28604          3  0.000e+00
    748.112     1.6528   3.059337     1.6538   3.059661    4.65456    -0.0749    13.8155 0.0000e+00  -61.12500  -58.09183 1152598306 192.258193    34.7252      28605          3  0.000e+00
    748.112     1.6529   3.059364     1.6538   3.059655    4.64970    -0.1180    13.8155 0.0000e+00  -61.12500  -58.09183 1152598306 192.258193    34.7255      28606          3  0.000e+00
    748.112     1.6526   3.059374     1.6541   3.059685    4.64972    -0.1072    13.8155 0.0000e+00  -61.12500  -58.09183 1152598306 192.258193    34.7259      28607          3  0.000e+00
    748.112     1.6527   3.059354     1.6541   3.059697    4.64972    -0.0857    13.8155 0.0000e+00  -61.12500  -58.09183 1152598306 192.258194    34.7256      28608          3  0.000e+00
    748.122     1.6528   3.059319     1.6544   3.059721    4.64973    -0.0857    13.8155 0.0000e+00  -61.12500  -58.09183 1152598306 192.258194    34.7250      28609          3  0.000e+00
    748.112     1.6531   3.059319     1.6547   3.059703    4.64970    -0.1072    13.8155 0.0000e+00  -61.12500  -58.09183 1152598306 192.258195    34.7247      28610          3  0.000e+00
    748.112     1.6522   3.059326     1.6541   3.059661    4.64978    -0.1072    13.8155 0.0000e+00  -61.12500  -58.09183 1152598306 192.258195    34.7257      28611          3  0.000e+00
    748.112     1.6530   3.059326     1.6537   3.059667    4.64971    -0.0964    13.8155 0.0000e+00  -61.12500  -58.09183 1152598306 192.258196    34.7249      28612          3  0.000e+00
    748.112     1.6526   3.059343     1.6530   3.059625    4.64973    -0.0749    13.8155 0.0000e+00  -61.12500  -58.09183 1152598306 192.258196    34.7255      28613          3  0.000e+00
    748.190     1.6530   3.059354     1.6530   3.059613    4.64974    -0.1072    13.8155 0.0000e+00  -61.12500  -58.09183 1152598306 192.258197    34.7252      28614          3  0.000e+00
    748.112     1.6525   3.059333     1.6532   3.059637    4.64975    -0.1072    13.8155 0.0000e+00  -61.12500  -58.09183 1152598306 192.258197    34.7255      28615          3  0.000e+00
    748.190     1.6528   3.059326     1.6527   3.059625    4.64977    -0.1072    13.8155 0.0000e+00  -61.12500  -58.09183 1152598306 192.258198    34.7251      28616          3  0.000e+00
    748.122     1.6527   3.059343     1.6527   3.059637    4.64973    -0.0857    13.8155 0.0000e+00  -61.12500  -58.09183 1152598306 192.258198    34.7254      28617          3  0.000e+00
    748.190     1.6523   3.059313     1.6533   3.059601    4.64982    -0.0211    13.8155 0.0000e+00  -61.12500  -58.09183 1152598306 192.258199    34.7254      28618          3  0.000e+00
    748.190     1.6519   3.059288     1.6533   3.059631    4.64988    -0.0534    13.8155 0.0000e+00  -61.12500  -58.09183 1152598306 192.258199    34.7256      28619          3  0.000e+00
    748.112     1.6518   3.059278     1.6536   3.059595    4.64984    -0.1072    13.8155 0.0000e+00  -61.12500  -58.09183 1152598307 192.258200    34.7257      28620          3  0.000e+00
    748.257     1.6512   3.059240     1.6528   3.059607    4.65000    -0.1072    13.8155 0.0000e+00  -61.12500  -58.09183 1152598307 192.258200    34.7257      28621          3  0.000e+00
    748.190     1.6509   3.059209     1.6526   3.059595    4.65000    -0.0426    13.8155 0.0000e+00  -61.12500  -58.09183 1152598307 192.258201    34.7257      28622          3  0.000e+00
    748.758     1.6496   3.059106     1.6491   3.059307    4.65537    -0.0964    13.8155 0.0000e+00  -61.12500  -58.09183 1152598314 192.258291    34.7254      28809          4  0.000e+00
    748.902     1.6496   3.059051     1.6496   3.059301    4.65549    -0.0964    13.8155 0.0000e+00  -61.12500  -58.09183 1152598314 192.258291    34.7247      28810          4  0.000e+00
    748.758     1.6489   3.059034     1.6493   3.059325    4.65547    -0.1180    13.8155 0.0000e+00  -61.12500  -58.09183 1152598314 192.258292    34.7254      28811          4  0.000e+00
    748.758     1.6489   3.059020     1.6494   3.059373    4.65548    -0.1287    13.8155 0.0000e+00  -61.12500  -58.09183 1152598315 192.258292    34.7252      28812          4  0.000e+00
    748.758     1.6488   3.059048     1.6497   3.059385    4.65548    -0.1180    13.8155 0.0000e+00  -61.12500  -58.09183 1152598315 192.258293    34.7257      28813          4  0.000e+00
    748.758     1.6493   3.059075     1.6496   3.059349    4.65541    -0.1072    13.8155 0.0000e+00  -61.12500  -58.09183 1152598315 192.258293    34.7254      28814          4  0.000e+00
    748.613     1.6495   3.059082     1.6493   3.059331    4.65530    -0.1072    13.8155 0.0000e+00  -61.12500  -58.09183 1152598315 192.258294    34.7254      28815          4  0.000e+00
    748.623     1.6494   3.059068     1.6491   3.059331    4.65532    -0.0964    13.8155 0.0000e+00  -61.12500  -58.09183 1152598315 192.258294    34.7253      28816          4  0.000e+00
    748.613     1.6495   3.059058     1.6491   3.059289    4.65531    -0.0964    13.8155 0.0000e+00  -61.12500  -58.09183 1152598315 192.258295    34.7251      28817          4  0.000e+00
    748.546     1.6495   3.059110     1.6485   3.059295    4.65524    -0.1180    13.8155 0.0000e+00  -61.12500  -58.09183 1152598315 192.258295    34.7257      28818          4  0.000e+00
    748.613     1.6492   3.059093     1.6482   3.059283    4.65532    -0.0964    13.8155 0.0000e+00  -61.12500  -58.09183 1152598315 192.258296    34.7258      28819          4  0.000e+00
    748.469     1.6503   3.059117     1.6485   3.059277    4.65512    -0.0642    13.8155 0.0000e+00  -61.12500  -58.09183 1152598315 192.258296    34.7250      28820          4  0.000e+00
    748.546     1.6498   3.059120     1.6485   3.059247    4.65521    -0.0749    13.8155 0.0000e+00  -61.12500  -58.09183 1152598315 192.258297    34.7255      28821          4  0.000e+00
    748.469     1.6499   3.059106     1.6483   3.059265    4.65516    -0.0749    13.8155 0.0000e+00  -61.12500  -58.09183 1152598315 192.258297    34.7253      28822          4  0.000e+00
    748.469     1.6495   3.059123     1.6491   3.059277    4.65519    -0.0642    13.8155 0.0000e+00  -61.12500  -58.09183 1152598315 192.258298    34.7260      28823          4  0.000e+00
    748.411     1.6496   3.059110     1.6486   3.059295    4.65514    -0.0319    13.8155 0.0000e+00  -61.12500  -58.09183 1152598315 192.258298    34.7257      28824          4  0.000e+00
    748.469     1.6494   3.059113     1.6493   3.059301    4.65520    -0.0534    13.8155 0.0000e+00  -61.12500  -58.09183 1152598315 192.258299    34.7259      28825          4  0.000e+00
    748.401     1.6498   3.059144     1.6493   3.059307    4.65511    -0.0642    13.8155 0.0000e+00  -61.12500  -58.09183 1152598315 192.258299    34.7259      28826          4  0.000e+00
    748.401     1.6498   3.059134     1.6488   3.059301    4.65511    -0.0857    13.8155 0.0000e+00  -61.12500  -58.09183 1152598315 192.258300    34.7258      28827          4  0.000e+00
    748.401     1.6506   3.059165     1.6491   3.059301    4.65502    -0.0964    13.8155 0.0000e+00  -61.12500  -58.09183 1152598315 192.258300    34.7253      28828          4  0.000e+00
    748.401     1.6505   3.059178     1.6491   3.059307    4.65503    -0.0964    13.8155 0.0000e+00  -61.12500  -58.09183 1152598315 192.258301    34.7257      28829          4  0.000e+00
    748.401     1.6505   3.059147     1.6494   3.059343    4.65505    -0.0642    13.8155 0.0000e+00  -61.12500  -58.09183 1152598315 192.258301    34.7253      28830          4  0.000e+00
    748.401     1.6503   3.059168     1.6494   3.059337    4.65505    -0.0426    13.8155 0.0000e+00  -61.12500  -58.09183 1152598315 192.258302    34.7256      28831          4  0.000e+00
