product_data/regression_test/downloaded_data/MGDS/320620060703/ctd/p6607803.ros
* Sea-Bird SBE 9 Data File:
* FileName = D:\Data\Raw\P6607803.dat
* Software Version Seasave Win32 V 5.32
* Temperature SN = 1649
* Conductivity SN = 1431
* Number of Bytes Per Scan = 37
* Number of Voltage Words = 5
* Number of Scans Averaged by the Deck Unit = 1
* NMEA Latitude = 62 18.67 S
* NMEA Longitude = 058 03.91 W
* NMEA UTC (Time) = 00:15:32
** Ship:   Nathaniel B. Palmer 
** Cruise:    NBP0603 
** Cast #: 
** Station:   
** Operator: 
# nquan = 17
# nvalues = 1176                    
# units = specified
# name 0 = prDM: Pressure, Digiquartz [db]
# name 1 = t090C: Temperature [ITS-90, deg C]
# name 2 = c0S/m: Conductivity [S/m]
# name 3 = t190C: Temperature, 2 [ITS-90, deg C]
# name 4 = c1S/m: Conductivity, 2 [S/m]
# name 5 = sbeox0ML/L: Oxygen, SBE 43 [ml/l]
# name 6 = flECO-AFL: Fluorescence, Wetlab ECO-AFL/FL [mg/m^3]
# name 7 = bat: Beam Attenuation, Chelsea/Seatech/Wetlab CStar [1/m]
# name 8 = spar: SPAR/Surface Irradiance
# name 9 = latitude: Latitude [deg]
# name 10 = longitude: Longitude [deg]
# name 11 = timeY: Time, System [seconds]
# name 12 = timeJ: Julian Days
# name 13 = sal00: Salinity [PSU]
# name 14 = scan: scan number
# name 15 = nbf: number of bottles fired
# name 16 = flag:  0.000e+00
# interval = seconds: 0.0416667                   
# start_time = Jul 09 2006 00:15:40
*END*
[from data line 426]
    348.093    -0.5678   2.832497    -0.5691   2.833865    6.30313    -0.0964    13.8155 0.0000e+00  -62.31117  -58.06517 1152407728 190.052430    34.4822      86160          9  0.000e+00
    348.093    -0.5684   2.832514    -0.5692   2.833865    6.30320    -0.0426    13.8155 0.0000e+00  -62.31117  -58.06517 1152407728 190.052431    34.4831      86161          9  0.000e+00
    348.093    -0.5673   2.832481    -0.5699   2.833830    6.30308    -0.0534    13.8155 0.0000e+00  -62.31117  -58.06517 1152407728 190.052431    34.4814      86162          9  0.000e+00
    348.016    -0.5675   2.832481    -0.5699   2.833789    6.30303    -0.0964    13.8155 0.0000e+00  -62.31117  -58.06517 1152407728 190.052432    34.4817      86163          9  0.000e+00
    348.026    -0.5667   2.832411    -0.5700   2.833789    6.30298    -0.1072    13.8155 0.0000e+00  -62.31117  -58.06517 1152407728 190.052432    34.4798      86164          9  0.000e+00
    348.026    -0.5677   2.832358    -0.5702   2.833760    6.30798    -0.1287    13.8155 0.0000e+00  -62.31117  -58.06517 1152407728 190.052432    34.4802      86165          9  0.000e+00
    347.959    -0.5687   2.832314    -0.5711   2.833742    6.30808    -0.1072    13.8155 0.0000e+00  -62.31117  -58.06517 1152407728 190.052433    34.4808      86166          9  0.000e+00
    347.959    -0.5675   2.832424    -0.5705   2.833707    6.30786    -0.1072    13.8155 0.0000e+00  -62.31117  -58.06517 1152407728 190.052433    34.4809      86167          9  0.000e+00
    347.882    -0.5658   2.832481    -0.5712   2.833689    6.30754    -0.1287    13.8155 0.0000e+00  -62.31117  -58.06517 1152407728 190.052434    34.4798      86168          9  0.000e+00
    347.882    -0.5656   2.832520    -0.5709   2.833654    6.30750    -0.0964    13.8155 0.0000e+00  -62.31117  -58.06517 1152407728 190.052434    34.4801      86169          9  0.000e+00
    347.959    -0.5652   2.832547    -0.5709   2.833637    6.30749    -0.1180    13.8155 0.0000e+00  -62.31117  -58.06517 1152407728 190.052435    34.4799      86170          9  0.000e+00
    347.815    -0.5659   2.832514    -0.5712   2.833584    6.30748    -0.1072    13.8155 0.0000e+00  -62.31117  -58.06517 1152407728 190.052435    34.4804      86171          9  0.000e+00
    347.815    -0.5675   2.832441    -0.5716   2.833555    6.30773    -0.1180    13.8155 0.0000e+00  -62.31117  -58.06517 1152407728 190.052436    34.4812      86172          9  0.000e+00
    347.806    -0.5678   2.832384    -0.5711   2.833520    6.30779    -0.0964    13.8155 0.0000e+00  -62.31117  -58.06517 1152407728 190.052436    34.4808      86173          9  0.000e+00
    347.815    -0.5673   2.832354    -0.5720   2.833543    6.31261    -0.0964    13.8155 0.0000e+00  -62.31117  -58.06517 1152407728 190.052437    34.4799      86174          9  0.000e+00
    347.318    -0.5687   2.832364    -0.5700   2.833280    6.32204    -0.0642    13.8155 0.0000e+00  -62.31117  -58.06517 1152407730 190.052453    34.4819      86208         10  0.000e+00
    347.174    -0.5688   2.832288    -0.5705   2.833304    6.32196    -0.0857    13.8155 0.0000e+00  -62.31117  -58.06517 1152407730 190.052454    34.4810      86209         10  0.000e+00
    347.318    -0.5689   2.832361    -0.5705   2.833280    6.32206    -0.1072    13.8155 0.0000e+00  -62.31117  -58.06517 1152407730 190.052454    34.4820      86210         10  0.000e+00
    347.174    -0.5686   2.832427    -0.5708   2.833263    6.32186    -0.1825    13.8155 0.0000e+00  -62.31117  -58.06517 1152407730 190.052455    34.4827      86211         10  0.000e+00
    347.251    -0.5678   2.832474    -0.5705   2.833286    6.32180    -0.1395    13.8155 0.0000e+00  -62.31117  -58.06517 1152407730 190.052455    34.4824      86212         10  0.000e+00
    347.241    -0.5675   2.832520    -0.5705   2.833245    6.32657    -0.1180    13.8155 0.0000e+00  -62.31117  -58.06517 1152407730 190.052456    34.4827      86213         10  0.000e+00
    347.174    -0.5669   2.832544    -0.5708   2.833239    6.32642    -0.1180    13.8155 0.0000e+00  -62.31117  -58.06517 1152407730 190.052456    34.4823      86214         10  0.000e+00
    347.251    -0.5666   2.832550    -0.5706   2.833257    6.32644    -0.1395    13.8155 0.0000e+00  -62.31117  -58.06517 1152407730 190.052457    34.4820      86215         10  0.000e+00
    347.174    -0.5663   2.832554    -0.5706   2.833245    6.32633    -0.1180    13.8155 0.0000e+00  -62.31117  -58.06517 1152407730 190.052457    34.4817      86216         10  0.000e+00
    347.174    -0.5661   2.832570    -0.5706   2.833210    6.32630    -0.1180    13.8155 0.0000e+00  -62.31117  -58.06517 1152407730 190.052458    34.4818      86217         10  0.000e+00
    347.174    -0.5664   2.832544    -0.5708   2.833187    6.32635    -0.1180    13.8155 0.0000e+00  -62.31117  -58.06517 1152407730 190.052458    34.4818      86218         10  0.000e+00
    347.174    -0.5664   2.832514    -0.5705   2.833181    6.32637    -0.1072    13.8155 0.0000e+00  -62.31117  -58.06517 1152407730 190.052459    34.4814      86219         10  0.000e+00
    347.107    -0.5669   2.832474    -0.5703   2.833163    6.32640    -0.1180    13.8155 0.0000e+00  -62.31117  -58.06517 1152407730 190.052459    34.4814      86220         10  0.000e+00
    347.174    -0.5680   2.832414    -0.5700   2.833181    6.32663    -0.1180    13.8155 0.0000e+00  -62.31117  -58.06517 1152407730 190.052459    34.4818      86221         10  0.000e+00
    347.174    -0.5686   2.832337    -0.5702   2.833158    6.32676    -0.1395    13.8155 0.0000e+00  -62.31117  -58.06517 1152407730 190.052460    34.4815      86222         10  0.000e+00
    347.107    -0.5692   2.832291    -0.5699   2.833158    6.32681    -0.1395    13.8155 0.0000e+00  -62.31117  -58.06517 1152407730 190.052460    34.4816      86223         10  0.000e+00
    347.174    -0.5692   2.832248    -0.5699   2.833152    6.32689    -0.1287    13.8155 0.0000e+00  -62.31117  -58.06517 1152407730 190.052461    34.4810      86224         10  0.000e+00
    347.107    -0.5697   2.832218    -0.5696   2.833117    6.32691    -0.1395    13.8155 0.0000e+00  -62.31117  -58.06517 1152407730 190.052461    34.4811      86225         10  0.000e+00
    347.107    -0.5703   2.832214    -0.5696   2.833140    6.32699    -0.1502    13.8155 0.0000e+00  -62.31117  -58.06517 1152407730 190.052462    34.4818      86226         10  0.000e+00
    347.107    -0.5700   2.832178    -0.5691   2.833117    6.32697    -0.1072    13.8155 0.0000e+00  -62.31117  -58.06517 1152407731 190.052462    34.4809      86227         10  0.000e+00
    347.107    -0.5701   2.832168    -0.5694   2.833099    6.33184    -0.1395    13.8155 0.0000e+00  -62.31117  -58.06517 1152407731 190.052463    34.4810      86228         10  0.000e+00
    347.108    -0.5706   2.832211    -0.5683   2.833105    6.33188    -0.1180    13.8155 0.0000e+00  -62.31117  -58.06517 1152407731 190.052463    34.4821      86229         10  0.000e+00
    347.108    -0.5695   2.832301    -0.5688   2.833123    6.33169    -0.1287    13.8155 0.0000e+00  -62.31117  -58.06517 1152407731 190.052464    34.4820      86230         10  0.000e+00
    347.041    -0.5684   2.832411    -0.5686   2.833128    6.33142    -0.1287    13.8155 0.0000e+00  -62.31117  -58.06517 1152407731 190.052464    34.4824      86231         10  0.000e+00
    347.108    -0.5678   2.832391    -0.5688   2.833128    6.33141    -0.1072    13.8155 0.0000e+00  -62.31117  -58.06517 1152407731 190.052465    34.4813      86232         10  0.000e+00
    347.041    -0.5678   2.832407    -0.5686   2.833128    6.33134    -0.0857    13.8155 0.0000e+00  -62.31117  -58.06517 1152407731 190.052465    34.4816      86233         10  0.000e+00
    347.108    -0.5681   2.832450    -0.5688   2.833117    6.33142    -0.0857    13.8155 0.0000e+00  -62.31117  -58.06517 1152407731 190.052466    34.4825      86234         10  0.000e+00
    347.031    -0.5673   2.832530    -0.5689   2.833123    6.33121    -0.1180    13.8155 0.0000e+00  -62.31117  -58.06517 1152407731 190.052466    34.4827      86235         10  0.000e+00
    347.108    -0.5661   2.832603    -0.5685   2.833111    6.33107    -0.1287    13.8155 0.0000e+00  -62.31117  -58.06517 1152407731 190.052467    34.4823      86236         10  0.000e+00
    347.041    -0.5656   2.832633    -0.5680   2.833140    6.33093    -0.1287    13.8155 0.0000e+00  -62.31117  -58.06517 1152407731 190.052467    34.4822      86237         10  0.000e+00
    347.041    -0.5646   2.832710    -0.5682   2.833117    6.33560    -0.1287    13.8155 0.0000e+00  -62.31117  -58.06517 1152407731 190.052468    34.4820      86238         10  0.000e+00
    347.041    -0.5653   2.832753    -0.5679   2.833123    6.33082    -0.1287    13.8155 0.0000e+00  -62.31117  -58.06517 1152407731 190.052468    34.4834      86239         10  0.000e+00
    347.041    -0.5653   2.832673    -0.5680   2.833128    6.33572    -0.0857    13.8155 0.0000e+00  -62.31117  -58.06517 1152407731 190.052469    34.4824      86240         10  0.000e+00
    347.041    -0.5656   2.832560    -0.5675   2.833128    6.33582    -0.1072    13.8155 0.0000e+00  -62.31117  -58.06517 1152407731 190.052469    34.4812      86241         10  0.000e+00
    347.041    -0.5655   2.832617    -0.5671   2.833128    6.33577    -0.0857    13.8155 0.0000e+00  -62.31117  -58.06517 1152407731 190.052470    34.4818      86242         10  0.000e+00
    346.964    -0.5644   2.832746    -0.5668   2.833128    6.33064    -0.1287    13.8155 0.0000e+00  -62.31117  -58.06517 1152407731 190.052470    34.4823      86243         10  0.000e+00
    347.041    -0.5638   2.832813    -0.5668   2.833128    6.33543    -0.1502    13.8155 0.0000e+00  -62.31117  -58.06517 1152407731 190.052471    34.4825      86244         10  0.000e+00
    347.041    -0.5644   2.832856    -0.5665   2.833146    6.33549    -0.0964    13.8155 0.0000e+00  -62.31117  -58.06517 1152407731 190.052471    34.4838      86245         10  0.000e+00
    346.964    -0.5627   2.832936    -0.5665   2.833134    6.33515    -0.0749    13.8155 0.0000e+00  -62.31117  -58.06517 1152407731 190.052472    34.4829      86246         10  0.000e+00
    346.964    -0.5612   2.832962    -0.5654   2.833146    6.33494    -0.1180    13.8155 0.0000e+00  -62.31117  -58.06517 1152407731 190.052472    34.4816      86247         10  0.000e+00
    347.041    -0.5616   2.832913    -0.5657   2.833175    6.33509    -0.1395    13.8155 0.0000e+00  -62.31117  -58.06517 1152407731 190.052473    34.4814      86248         10  0.000e+00
    346.964    -0.5621   2.832843    -0.5651   2.833128    6.33513    -0.0857    13.8155 0.0000e+00  -62.31117  -58.06517 1152407731 190.052473    34.4810      86249         10  0.000e+00
    346.964    -0.5630   2.832843    -0.5639   2.833140    6.33525    -0.0749    13.8155 0.0000e+00  -62.31117  -58.06517 1152407731 190.052473    34.4820      86250         10  0.000e+00
    346.964    -0.5619   2.832849    -0.5634   2.833175    6.33510    -0.1287    13.8155 0.0000e+00  -62.31117  -58.06517 1152407732 190.052474    34.4809      86251         10  0.000e+00
    346.964    -0.5630   2.832780    -0.5630   2.833181    6.33528    -0.1502    13.8155 0.0000e+00  -62.31117  -58.06517 1152407732 190.052474    34.4812      86252         10  0.000e+00
    346.964    -0.5644   2.832740    -0.5628   2.833228    6.34034    -0.1072    13.8155 0.0000e+00  -62.31117  -58.06517 1152407732 190.052475    34.4822      86253         10  0.000e+00
    346.897    -0.5639   2.832730    -0.5626   2.833210    6.34022    -0.0534    13.8155 0.0000e+00  -62.31117  -58.06517 1152407732 190.052475    34.4816      86254         10  0.000e+00
    346.964    -0.5636   2.832683    -0.5626   2.833234    6.33542    -0.0426    13.8155 0.0000e+00  -62.31117  -58.06517 1152407732 190.052476    34.4806      86255         10  0.000e+00
    346.964    -0.5646   2.832600    -0.5628   2.833257    6.34044    -0.0642    13.8155 0.0000e+00  -62.31117  -58.06517 1152407732 190.052476    34.4806      86256         10  0.000e+00
    300.199    -0.8035   2.806508    -0.8064   2.807234    6.58798    -0.1395    13.8155 0.0000e+00  -62.31117  -58.06517 1152407824 190.053546    34.4287      88475         11  0.000e+00
    300.170    -0.8035   2.806508    -0.8064   2.807234    6.58795    -0.1072    13.8155 0.0000e+00  -62.31117  -58.06517 1152407824 190.053547    34.4287      88476         11  0.000e+00
    300.314    -0.8047   2.806488    -0.8059   2.807240    6.58826    -0.1287    13.8155 0.0000e+00  -62.31117  -58.06517 1152407824 190.053547    34.4298      88477         11  0.000e+00
    300.132    -0.8043   2.806534    -0.8059   2.807199    6.58801    -0.1395    13.8155 0.0000e+00  -62.31117  -58.06517 1152407824 190.053548    34.4300      88478         11  0.000e+00
    300.247    -0.8041   2.806551    -0.8055   2.807182    6.59293    -0.1072    13.8155 0.0000e+00  -62.31117  -58.06517 1152407824 190.053548    34.4300      88479         11  0.000e+00
    300.103    -0.8037   2.806518    -0.8052   2.807164    6.59276    -0.0534    13.8155 0.0000e+00  -62.31117  -58.06517 1152407824 190.053549    34.4291      88480         11  0.000e+00
    300.132    -0.8040   2.806488    -0.8045   2.807234    6.59284    -0.0964    13.8155 0.0000e+00  -62.31117  -58.06517 1152407824 190.053549    34.4290      88481         11  0.000e+00
    300.103    -0.8040   2.806484    -0.8044   2.807159    6.59282    -0.1287    13.8155 0.0000e+00  -62.31117  -58.06517 1152407825 190.053550    34.4290      88482         11  0.000e+00
    300.103    -0.8043   2.806501    -0.8045   2.807182    6.59285    -0.1287    13.8155 0.0000e+00  -62.31117  -58.06517 1152407825 190.053550    34.4295      88483         11  0.000e+00
    300.104    -0.8044   2.806537    -0.8047   2.807170    6.59285    -0.1610    13.8155 0.0000e+00  -62.31117  -58.06517 1152407825 190.053551    34.4302      88484         11  0.000e+00
    300.056    -0.8038   2.806481    -0.8044   2.807158    6.59276    -0.1287    13.8155 0.0000e+00  -62.31117  -58.06517 1152407825 190.053551    34.4288      88485         11  0.000e+00
    299.960    -0.8043   2.806494    -0.8044   2.807176    6.59272    -0.1287    13.8155 0.0000e+00  -62.31117  -58.06517 1152407825 190.053552    34.4295      88486         11  0.000e+00
    300.171    -0.8049   2.806488    -0.8045   2.807159    6.59300    -0.1287    13.8155 0.0000e+00  -62.31117  -58.06517 1152407825 190.053552    34.4300      88487         11  0.000e+00
    299.989    -0.8046   2.806501    -0.8047   2.807176    6.59279    -0.1287    13.8155 0.0000e+00  -62.31117  -58.06517 1152407825 190.053553    34.4300      88488         11  0.000e+00
    299.960    -0.8049   2.806508    -0.8050   2.807188    6.59280    -0.1072    13.8155 0.0000e+00  -62.31117  -58.06517 1152407825 190.053553    34.4304      88489         11  0.000e+00
    300.027    -0.8040   2.806488    -0.8050   2.807199    6.59760    -0.0857    13.8155 0.0000e+00  -62.31117  -58.06517 1152407825 190.053554    34.4291      88490         11  0.000e+00
    299.960    -0.8038   2.806484    -0.8047   2.807188    6.59751    -0.1072    13.8155 0.0000e+00  -62.31117  -58.06517 1152407825 190.053554    34.4289      88491         11  0.000e+00
    299.989    -0.8043   2.806465    -0.8048   2.807188    6.59761    -0.0964    13.8155 0.0000e+00  -62.31117  -58.06517 1152407825 190.053555    34.4291      88492         11  0.000e+00
    299.893    -0.8046   2.806478    -0.8052   2.807205    6.59756    -0.0857    13.8155 0.0000e+00  -62.31117  -58.06517 1152407825 190.053555    34.4297      88493         11  0.000e+00
    299.960    -0.8044   2.806484    -0.8050   2.807205    6.59760    -0.0642    13.8155 0.0000e+00  -62.31117  -58.06517 1152407825 190.053556    34.4296      88494         11  0.000e+00
