product_data/regression_test/downloaded_data/MGDS/320620060703/ctd/p6607501.cnv
* Sea-Bird SBE 9 Data File:
* FileName = D:\Data\Raw\p6607501.dat
* Software Version Seasave Win32 V 5.32
* Temperature SN = 1649
* Conductivity SN = 1431
* Number of Bytes Per Scan = 37
* Number of Voltage Words = 5
* Number of Scans Averaged by the Deck Unit = 1
* NMEA Latitude = 62 15.77 S
* NMEA Longitude = 058 05.80 W
* NMEA UTC (Time) = 13:33:07
** Ship:   Nathaniel B. Palmer 
** Cruise:    NBP0606 
# nquan = 15
# nvalues = 1455                        
# units = specified
# name 0 = prDM: Pressure, Digiquartz [db]
# name 1 = t090C: Temperature [ITS-90, deg C]
# name 2 = c0S/m: Conductivity [S/m]
# name 3 = t190C: Temperature, 2 [ITS-90, deg C]
# name 4 = c1S/m: Conductivity, 2 [S/m]
# name 5 = sbeox0ML/L: Oxygen, SBE 43 [ml/l]
# name 6 = flECO-AFL: Fluorescence, Wetlab ECO-AFL/FL [mg/m^3]
# name 7 = bat: Beam Attenuation, Chelsea/Seatech/Wetlab CStar [1/m]
# name 8 = spar: SPAR/Surface Irradiance
# name 9 = latitude: Latitude [deg]
# name 10 = longitude: Longitude [deg]
# name 11 = timeY: Time, System [seconds]
# name 12 = timeJ: Julian Days
# name 13 = sal00: Salinity [PSU]
# name 14 = flag: flag
# span 0 =      1.000,   1455.000       
# span 1 =    -1.5231,     0.1947       
# span 2 =   2.722907,   2.887471       
# span 3 =    -1.5216,     0.1946       
# span 4 =   2.723137,   2.887197       
# span 5 =    6.17770,    7.71891       
# span 6 =    -0.1455,     0.1120       
# span 7 =    13.8155,    13.8155       
# span 8 = -3.093e-02, 2.5013e+01       
# span 9 =  -62.26283,  -62.26283       
# span 10 =  -58.09667,  -58.09667      
# span 11 = 1152365588, 1152368568      
# span 12 = 189.564692, 189.599193      
# span 13 =    34.2464,    34.5503      
# span 14 = 0.0000e+00, 0.0000e+00      
# interval = decibars: 1                
# start_time = Jul 08 2006 13:33:15
# bad_flag = -9.990e-29
*END*
[from data line 290]
    291.000    -1.4723   2.743605    -1.4727   2.743605    7.29189    -0.0746    13.8155 1.8181e+00  -62.26283  -58.09667 1152366219 189.572001    34.3407 0.0000e+00
    292.000    -1.4734   2.743565    -1.4733   2.743601    7.29278    -0.0865    13.8155 5.2792e-01  -62.26283  -58.09667 1152366221 189.572021    34.3407 0.0000e+00
    293.000    -1.4728   2.743684    -1.4726   2.743724    7.29521    -0.0712    13.8155 1.4101e+00  -62.26283  -58.09667 1152366223 189.572050    34.3406 0.0000e+00
    294.000    -1.4705   2.743981    -1.4700   2.744029    7.29658    -0.0885    13.8155 5.6477e-01  -62.26283  -58.09667 1152366225 189.572074    34.3412 0.0000e+00
    295.000    -1.4694   2.744153    -1.4692   2.744189    7.29641    -0.0844    13.8155 1.3730e+00  -62.26283  -58.09667 1152366227 189.572094    34.3415 0.0000e+00
    296.000    -1.4705   2.744204    -1.4706   2.744221    7.29550    -0.0763    13.8155 1.1070e+00  -62.26283  -58.09667 1152366229 189.572121    34.3428 0.0000e+00
    297.000    -1.4723   2.744221    -1.4722   2.744247    7.29223    -0.0729    13.8155 5.9972e-01  -62.26283  -58.09667 1152366232 189.572145    34.3445 0.0000e+00
    298.000    -1.4719   2.744411    -1.4716   2.744446    7.28625    -0.0772    13.8155 1.1146e+00  -62.26283  -58.09667 1152366233 189.572166    34.3460 0.0000e+00
    299.000    -1.4697   2.744717    -1.4692   2.744774    7.27929    -0.0679    13.8155 1.7288e+00  -62.26283  -58.09667 1152366235 189.572190    34.3470 0.0000e+00
    300.000    -1.4657   2.745220    -1.4654   2.745251    7.27085    -0.0731    13.8155 1.2510e+00  -62.26283  -58.09667 1152366238 189.572217    34.3485 0.0000e+00
    301.000    -1.4607   2.745794    -1.4601   2.745833    7.26678    -0.0683    13.8155 1.2694e+00  -62.26283  -58.09667 1152366240 189.572241    34.3500 0.0000e+00
    302.000    -1.4519   2.746768    -1.4517   2.746768    7.26267    -0.0768    13.8155 1.1716e+00  -62.26283  -58.09667 1152366241 189.572260    34.3524 0.0000e+00
    303.000    -1.4459   2.747445    -1.4466   2.747360    7.25339    -0.0720    13.8155 1.6578e+00  -62.26283  -58.09667 1152366244 189.572289    34.3543 0.0000e+00
    304.000    -1.4430   2.747811    -1.4428   2.747811    7.24531    -0.0781    13.8155 1.5627e+00  -62.26283  -58.09667 1152366246 189.572313    34.3553 0.0000e+00
    305.000    -1.4432   2.747840    -1.4430   2.747844    7.24104    -0.0781    13.8155 6.5413e-01  -62.26283  -58.09667 1152366248 189.572335    34.3554 0.0000e+00
    306.000    -1.4436   2.747845    -1.4433   2.747855    7.24120    -0.0790    13.8155 1.7855e+00  -62.26283  -58.09667 1152366250 189.572360    34.3554 0.0000e+00
    307.000    -1.4399   2.748277    -1.4392   2.748310    7.24286    -0.0825    13.8155 1.9419e+00  -62.26283  -58.09667 1152366252 189.572378    34.3565 0.0000e+00
    308.000    -1.4365   2.748667    -1.4358   2.748722    7.23985    -0.0836    13.8155 9.8898e-01  -62.26283  -58.09667 1152366254 189.572404    34.3573 0.0000e+00
    309.000    -1.4330   2.749063    -1.4322   2.749121    7.23698    -0.0867    13.8155 2.8480e+00  -62.26283  -58.09667 1152366257 189.572444    34.3581 0.0000e+00
    310.000    -1.4297   2.749434    -1.4292   2.749455    7.23413    -0.0849    13.8155 6.0949e-01  -62.26283  -58.09667 1152366259 189.572459    34.3587 0.0000e+00
    311.000    -1.4284   2.749600    -1.4273   2.749685    7.23234    -0.0875    13.8155 1.8673e+00  -62.26283  -58.09667 1152366260 189.572473    34.3588 0.0000e+00
    312.000    -1.4282   2.749655    -1.4276   2.749694    7.22699    -0.0769    13.8155 1.5781e+00  -62.26283  -58.09667 1152366262 189.572495    34.3588 0.0000e+00
    313.000    -1.4262   2.749871    -1.4250   2.749966    7.22429    -0.0799    13.8155 7.3384e-01  -62.26283  -58.09667 1152366265 189.572532    34.3590 0.0000e+00
    314.000    -1.4159   2.750911    -1.4152   2.750903    7.22070    -0.0823    13.8155 2.0130e+00  -62.26283  -58.09667 1152366267 189.572554    34.3607 0.0000e+00
    315.000    -1.4100   2.751501    -1.4098   2.751478    7.21507    -0.0711    13.8155 1.5674e+00  -62.26283  -58.09667 1152366269 189.572575    34.3611 0.0000e+00
    316.000    -1.4082   2.751709    -1.4069   2.751780    7.21058    -0.0771    13.8155 1.9951e+00  -62.26283  -58.09667 1152366270 189.572596    34.3615 0.0000e+00
    317.000    -1.4050   2.752067    -1.4027   2.752210    7.20960    -0.0919    13.8155 1.8582e+00  -62.26283  -58.09667 1152366272 189.572616    34.3622 0.0000e+00
    318.000    -1.3926   2.753258    -1.3936   2.753128    7.20435    -0.0749    13.8155 1.1637e+00  -62.26283  -58.09667 1152366275 189.572645    34.3634 0.0000e+00
    319.000    -1.3824   2.754265    -1.3822   2.754221    7.19199    -0.0879    13.8155 1.2910e+00  -62.26283  -58.09667 1152366278 189.572678    34.3651 0.0000e+00
    320.000    -1.3771   2.754800    -1.3782   2.754641    7.18878    -0.0893    13.8155 1.2465e+00  -62.26283  -58.09667 1152366279 189.572697    34.3656 0.0000e+00
    321.000    -1.3870   2.753881    -1.3874   2.753856    7.18792    -0.0950    13.8155 2.9399e-01  -62.26283  -58.09667 1152366281 189.572712    34.3639 0.0000e+00
    322.000    -1.3589   2.756575    -1.3557   2.756788    7.18124    -0.0871    13.8155 1.6694e+00  -62.26283  -58.09667 1152366282 189.572732    34.3676 0.0000e+00
    323.000    -1.3536   2.757108    -1.3523   2.757173    7.17197    -0.0891    13.8155 1.5851e+00  -62.26283  -58.09667 1152366285 189.572764    34.3684 0.0000e+00
    324.000    -1.3579   2.756741    -1.3583   2.756670    7.16781    -0.0910    13.8155 1.8066e+00  -62.26283  -58.09667 1152366288 189.572794    34.3680 0.0000e+00
    325.000    -1.3600   2.756596    -1.3571   2.756808    7.16699    -0.0791    13.8155 1.9560e+00  -62.26283  -58.09667 1152366290 189.572818    34.3681 0.0000e+00
    326.000    -1.3548   2.757142    -1.3518   2.757350    7.16693    -0.1025    13.8155 1.4243e+00  -62.26283  -58.09667 1152366291 189.572835    34.3689 0.0000e+00
    327.000    -1.3469   2.757901    -1.3462   2.757903    7.16379    -0.0896    13.8155 1.2881e+00  -62.26283  -58.09667 1152366293 189.572851    34.3694 0.0000e+00
    328.000    -1.3449   2.758135    -1.3446   2.758116    7.16253    -0.0846    13.8155 1.4670e+00  -62.26283  -58.09667 1152366295 189.572880    34.3697 0.0000e+00
    329.000    -1.3449   2.758170    -1.3455   2.758070    7.15995    -0.0917    13.8155 3.6870e-01  -62.26283  -58.09667 1152366298 189.572914    34.3698 0.0000e+00
    330.000    -1.3372   2.758941    -1.3366   2.758948    7.15757    -0.0826    13.8155 -9.990e-29  -62.26283  -58.09667 1152366300 189.572938    34.3709 0.0000e+00
    331.000    -1.3392   2.758822    -1.3398   2.758751    7.15761    -0.0898    13.8155 1.4017e+00  -62.26283  -58.09667 1152366302 189.572955    34.3709 0.0000e+00
    332.000    -1.3441   2.758472    -1.3451   2.758367    7.15472    -0.0853    13.8155 1.0284e+00  -62.26283  -58.09667 1152366303 189.572973    34.3714 0.0000e+00
    333.000    -1.3453   2.758438    -1.3457   2.758362    7.15411    -0.0829    13.8155 2.0353e+00  -62.26283  -58.09667 1152366305 189.572995    34.3717 0.0000e+00
    334.000    -1.3454   2.758480    -1.3459   2.758413    7.14892    -0.0856    13.8155 8.6975e-01  -62.26283  -58.09667 1152366307 189.573023    34.3718 0.0000e+00
    335.000    -1.3468   2.758442    -1.3466   2.758423    7.15182    -0.0869    13.8155 1.6705e+00  -62.26283  -58.09667 1152366311 189.573060    34.3723 0.0000e+00
    336.000    -1.3478   2.758418    -1.3470   2.758423    7.15364    -0.0874    13.8155 7.5485e-01  -62.26283  -58.09667 1152366313 189.573083    34.3726 0.0000e+00
    337.000    -1.3471   2.758529    -1.3472   2.758475    7.15264    -0.0915    13.8155 8.7193e-01  -62.26283  -58.09667 1152366314 189.573098    34.3726 0.0000e+00
    338.000    -1.3487   2.758424    -1.3496   2.758317    7.15431    -0.0895    13.8155 1.5152e+00  -62.26283  -58.09667 1152366315 189.573113    34.3725 0.0000e+00
    339.000    -1.3524   2.758165    -1.3514   2.758202    7.15438    -0.0959    13.8155 1.4901e+00  -62.26283  -58.09667 1152366317 189.573134    34.3726 0.0000e+00
    340.000    -1.3511   2.758374    -1.3508   2.758376    7.14607    -0.0864    13.8155 1.0902e+00  -62.26283  -58.09667 1152366320 189.573170    34.3732 0.0000e+00
    341.000    -1.3467   2.758856    -1.3451   2.758927    7.13963    -0.0858    13.8155 1.7902e+00  -62.26283  -58.09667 1152366323 189.573206    34.3742 0.0000e+00
    342.000    -1.3298   2.760499    -1.3289   2.760463    7.13055    -0.0881    13.8155 8.6637e-01  -62.26283  -58.09667 1152366325 189.573223    34.3764 0.0000e+00
    343.000    -1.2704   2.766051    -1.2654   2.766195    7.11314    -0.0938    13.8155 2.1895e+00  -62.26283  -58.09667 1152366326 189.573237    34.3826 0.0000e+00
    344.000    -1.2317   2.769489    -1.2261   2.769817    7.08653    -0.0852    13.8155 1.9782e+00  -62.26283  -58.09667 1152366327 189.573254    34.3835 0.0000e+00
    345.000    -1.1961   2.772706    -1.1931   2.772836    7.04382    -0.0765    13.8155 1.0684e+00  -62.26283  -58.09667 1152366331 189.573294    34.3863 0.0000e+00
    346.000    -1.1524   2.776728    -1.1514   2.776627    7.01642    -0.0991    13.8155 2.3419e+00  -62.26283  -58.09667 1152366333 189.573317    34.3901 0.0000e+00
    347.000    -1.1060   2.781092    -1.1031   2.781160    6.99368    -0.0821    13.8155 1.9952e+00  -62.26283  -58.09667 1152366334 189.573335    34.3953 0.0000e+00
    348.000    -1.0973   2.781922    -1.0967   2.781843    6.97303    -0.0951    13.8155 1.7897e+00  -62.26283  -58.09667 1152366336 189.573356    34.3966 0.0000e+00
    349.000    -1.0957   2.782095    -1.0954   2.782016    6.95616    -0.0929    13.8155 2.6474e+00  -62.26283  -58.09667 1152366338 189.573383    34.3974 0.0000e+00
    350.000    -1.0988   2.781851    -1.0980   2.781824    6.94783    -0.0945    13.8155 1.3972e+00  -62.26283  -58.09667 1152366341 189.573409    34.3979 0.0000e+00
    351.000    -1.0989   2.781959    -1.0987   2.781911    6.94745    -0.0950    13.8155 1.5709e+00  -62.26283  -58.09667 1152366343 189.573432    34.3993 0.0000e+00
    352.000    -1.1004   2.781943    -1.1004   2.781864    6.94823    -0.0940    13.8155 1.9064e+00  -62.26283  -58.09667 1152366345 189.573457    34.4005 0.0000e+00
    353.000    -1.1066   2.781504    -1.1065   2.781444    6.94581    -0.1005    13.8155 1.0613e+00  -62.26283  -58.09667 1152366347 189.573479    34.4015 0.0000e+00
    354.000    -1.1218   2.780252    -1.1243   2.779989    6.95023    -0.0934    13.8155 1.0740e+00  -62.26283  -58.09667 1152366349 189.573501    34.4017 0.0000e+00
    355.000    -1.1330   2.779310    -1.1320   2.779340    6.95876    -0.0850    13.8155 1.5599e+00  -62.26283  -58.09667 1152366351 189.573525    34.4014 0.0000e+00
    356.000    -1.1306   2.779561    -1.1311   2.779452    6.96136    -0.0893    13.8155 2.3360e+00  -62.26283  -58.09667 1152366353 189.573553    34.4013 0.0000e+00
    357.000    -1.1603   2.776983    -1.1606   2.776936    6.96407    -0.1030    13.8155 2.2847e+00  -62.26283  -58.09667 1152366355 189.573577    34.4001 0.0000e+00
    358.000    -1.1625   2.776860    -1.1640   2.776689    6.96873    -0.0823    13.8155 1.0359e+00  -62.26283  -58.09667 1152366357 189.573595    34.4003 0.0000e+00
    359.000    -1.1661   2.776612    -1.1662   2.776542    6.97442    -0.0926    13.8155 1.8200e+00  -62.26283  -58.09667 1152366359 189.573621    34.4003 0.0000e+00
    360.000    -1.1683   2.776483    -1.1681   2.776443    6.97959    -0.0912    13.8155 1.9064e+00  -62.26283  -58.09667 1152366362 189.573659    34.4002 0.0000e+00
    361.000    -1.1702   2.776372    -1.1694   2.776384    6.97834    -0.0860    13.8155 1.8551e+00  -62.26283  -58.09667 1152366364 189.573675    34.4003 0.0000e+00
    362.000    -1.1711   2.776326    -1.1709   2.776298    6.98164    -0.0919    13.8155 -9.990e-29  -62.26283  -58.09667 1152366365 189.573691    34.4000 0.0000e+00
    363.000    -1.1700   2.776452    -1.1701   2.776401    6.98415    -0.0903    13.8155 1.2528e+00  -62.26283  -58.09667 1152366367 189.573718    34.3999 0.0000e+00
    364.000    -1.1648   2.777007    -1.1634   2.777051    6.97737    -0.0967    13.8155 7.9975e-01  -62.26283  -58.09667 1152366370 189.573745    34.4004 0.0000e+00
    365.000    -1.1642   2.777102    -1.1635   2.777102    6.97501    -0.0999    13.8155 1.7376e+00  -62.26283  -58.09667 1152366372 189.573767    34.4004 0.0000e+00
    366.000    -1.1543   2.778070    -1.1501   2.778360    6.97503    -0.1028    13.8155 8.6029e-01  -62.26283  -58.09667 1152366375 189.573801    34.4015 0.0000e+00
    367.000    -1.1409   2.779407    -1.1399   2.779409    6.97073    -0.0946    13.8155 1.1050e+00  -62.26283  -58.09667 1152366377 189.573827    34.4030 0.0000e+00
    368.000    -1.1442   2.779168    -1.1438   2.779130    6.96544    -0.0994    13.8155 1.8135e+00  -62.26283  -58.09667 1152366378 189.573841    34.4035 0.0000e+00
    369.000    -1.1438   2.779240    -1.1436   2.779192    6.96109    -0.0959    13.8155 1.2266e+00  -62.26283  -58.09667 1152366379 189.573855    34.4034 0.0000e+00
    370.000    -1.1513   2.778655    -1.1529   2.778475    6.96418    -0.0942    13.8155 9.2568e-01  -62.26283  -58.09667 1152366382 189.573883    34.4037 0.0000e+00
    371.000    -1.1586   2.778075    -1.1657   2.777448    6.97429    -0.0884    13.8155 7.3377e-01  -62.26283  -58.09667 1152366386 189.573929    34.4036 0.0000e+00
    372.000    -1.1929   2.775175    -1.1973   2.774832    6.97913    -0.0955    13.8155 1.7536e+00  -62.26283  -58.09667 1152366387 189.573946    34.4039 0.0000e+00
    373.000    -1.2045   2.774261    -1.2051   2.774150    6.98309    -0.0962    13.8155 2.1677e+00  -62.26283  -58.09667 1152366388 189.573961    34.4042 0.0000e+00
    374.000    -1.2239   2.772591    -1.2235   2.772642    6.99147    -0.1029    13.8155 4.6842e-01  -62.26283  -58.09667 1152366390 189.573984    34.4036 0.0000e+00
    375.000    -1.2234   2.772717    -1.2235   2.772677    6.99965    -0.1008    13.8155 1.4970e+00  -62.26283  -58.09667 1152366393 189.574014    34.4032 0.0000e+00
    376.000    -1.2251   2.772620    -1.2252   2.772581    7.00520    -0.0994    13.8155 1.4632e+00  -62.26283  -58.09667 1152366395 189.574034    34.4030 0.0000e+00
    377.000    -1.2214   2.772993    -1.2205   2.773015    7.01064    -0.0915    13.8155 6.7078e-01  -62.26283  -58.09667 1152366397 189.574059    34.4029 0.0000e+00
    378.000    -1.2218   2.773004    -1.2247   2.772726    7.01154    -0.1022    13.8155 1.4369e+00  -62.26283  -58.09667 1152366399 189.574085    34.4026 0.0000e+00
    379.000    -1.2712   2.768775    -1.2742   2.768576    7.02198    -0.1087    13.8155 4.7449e-01  -62.26283  -58.09667 1152366401 189.574110    34.4017 0.0000e+00
    380.000    -1.2965   2.766702    -1.2960   2.766735    7.03323    -0.0892    13.8155 9.5610e-01  -62.26283  -58.09667 1152366403 189.574132    34.4024 0.0000e+00
    381.000    -1.2995   2.766492    -1.2991   2.766522    7.03924    -0.1032    13.8155 1.6205e+00  -62.26283  -58.09667 1152366405 189.574150    34.4020 0.0000e+00
    382.000    -1.3085   2.765822    -1.3094   2.765732    7.04871    -0.1101    13.8155 1.1234e+00  -62.26283  -58.09667 1152366407 189.574173    34.4022 0.0000e+00
    383.000    -1.3187   2.765030    -1.3202   2.764890    7.06223    -0.0962    13.8155 1.9301e+00  -62.26283  -58.09667 1152366410 189.574210    34.4021 0.0000e+00
    384.000    -1.3282   2.764259    -1.3291   2.764184    7.06500    -0.0926    13.8155 1.0448e+00  -62.26283  -58.09667 1152366412 189.574231    34.4018 0.0000e+00
    385.000    -1.3412   2.763206    -1.3420   2.763138    7.06791    -0.0945    13.8155 7.7527e-01  -62.26283  -58.09667 1152366413 189.574250    34.4016 0.0000e+00
