product_data/regression_test/downloaded_data/MGDS/320620060703/ctd/p6609201.ros
* Sea-Bird SBE 9 Data File:
* FileName = D:\Data\Raw\P6609102.dat
* Software Version Seasave Win32 V 5.32
* Temperature SN = 1649
* Conductivity SN = 1431
* Number of Bytes Per Scan = 37
* Number of Voltage Words = 5
* Number of Scans Averaged by the Deck Unit = 1
* NMEA Latitude = 61 15.00 S
* NMEA Longitude = 057 59.99 W
* NMEA UTC (Time) = 19:49:40
** Ship:   Nathaniel B. Palmer nbp
** Cruise:    NBP0603 nbp0606
** Cast #: 01
** Station:   92
** Operator: mf
# nquan = 17
# nvalues = 1174                    
# units = specified
# name 0 = prDM: Pressure, Digiquartz [db]
# name 1 = t090C: Temperature [ITS-90, deg C]
# name 2 = c0S/m: Conductivity [S/m]
# name 3 = t190C: Temperature, 2 [ITS-90, deg C]
# name 4 = c1S/m: Conductivity, 2 [S/m]
# name 5 = sbeox0ML/L: Oxygen, SBE 43 [ml/l]
# name 6 = flECO-AFL: Fluorescence, Wetlab ECO-AFL/FL [mg/m^3]
# name 7 = bat: Beam Attenuation, Chelsea/Seatech/Wetlab CStar [1/m]
# name 8 = spar: SPAR/Surface Irradiance
# name 9 = latitude: Latitude [deg]
# name 10 = longitude: Longitude [deg]
# name 11 = timeY: Time, System [seconds]
# name 12 = timeJ: Julian Days
# name 13 = sal00: Salinity [PSU]
# name 14 = scan: scan number
# name 15 = nbf: number of bottles fired
# name 16 = flag:  0.000e+00
# interval = seconds: 0.0416667                   
# start_time = Jul 10 2006 19:49:48
*END*
[from data line 1022]
     47.419    -0.6322   2.772790    -0.6313   2.773176    7.95854     0.1403    13.8155 0.0000e+00  -61.25000  -57.99983 1152564638 191.868523    33.9347      87658         21  0.000e+00
     47.419    -0.6318   2.772809    -0.6309   2.773194    7.95378     0.1510    13.8155 0.0000e+00  -61.25000  -57.99983 1152564638 191.868523    33.9345      87659         21  0.000e+00
     47.419    -0.6322   2.772816    -0.6310   2.773176    7.95384     0.0972    13.8155 0.0000e+00  -61.25000  -57.99983 1152564638 191.868524    33.9351      87660         21  0.000e+00
     47.419    -0.6321   2.772800    -0.6310   2.773205    7.95383     0.0650    13.8155 0.0000e+00  -61.25000  -57.99983 1152564638 191.868524    33.9347      87661         21  0.000e+00
     47.419    -0.6317   2.772826    -0.6307   2.773176    7.95376     0.1080    13.8155 0.0000e+00  -61.25000  -57.99983 1152564638 191.868525    33.9347      87662         21  0.000e+00
     47.420    -0.6323   2.772773    -0.6307   2.773205    7.95857     0.0865    13.8155 0.0000e+00  -61.25000  -57.99983 1152564640 191.868538    33.9347      87690         22  0.000e+00
     47.706    -0.6323   2.772773    -0.6309   2.773217    7.95889     0.0757    13.8155 0.0000e+00  -61.25000  -57.99983 1152564640 191.868539    33.9345      87691         22  0.000e+00
     47.496    -0.6322   2.772803    -0.6311   2.773217    7.95862     0.0972    13.8155 0.0000e+00  -61.25000  -57.99983 1152564640 191.868539    33.9349      87692         22  0.000e+00
     47.563    -0.6322   2.772800    -0.6306   2.773223    7.95869     0.1510    13.8155 0.0000e+00  -61.25000  -57.99983 1152564640 191.868540    33.9348      87693         22  0.000e+00
     47.563    -0.6321   2.772826    -0.6301   2.773200    7.95865     0.1188    13.8155 0.0000e+00  -61.25000  -57.99983 1152564640 191.868540    33.9350      87694         22  0.000e+00
     47.496    -0.6317   2.772819    -0.6307   2.773194    7.95853     0.0757    13.8155 0.0000e+00  -61.25000  -57.99983 1152564640 191.868541    33.9346      87695         22  0.000e+00
     47.496    -0.6314   2.772833    -0.6304   2.773194    7.95847     0.1080    13.8155 0.0000e+00  -61.25000  -57.99983 1152564640 191.868541    33.9344      87696         22  0.000e+00
     47.563    -0.6316   2.772839    -0.6304   2.773176    7.95856     0.0972    13.8155 0.0000e+00  -61.25000  -57.99983 1152564640 191.868542    33.9346      87697         22  0.000e+00
     47.496    -0.6317   2.772872    -0.6307   2.773171    7.95381     0.0972    13.8155 0.0000e+00  -61.25000  -57.99983 1152564640 191.868542    33.9353      87698         22  0.000e+00
     47.563    -0.6314   2.772816    -0.6306   2.773188    7.95856     0.1080    13.8155 0.0000e+00  -61.25000  -57.99983 1152564640 191.868543    33.9341      87699         22  0.000e+00
     47.496    -0.6313   2.772809    -0.6308   2.773171    7.95847     0.0650    13.8155 0.0000e+00  -61.25000  -57.99983 1152564640 191.868543    33.9340      87700         22  0.000e+00
     47.496    -0.6316   2.772856    -0.6307   2.773165    7.95380     0.0542    13.8155 0.0000e+00  -61.25000  -57.99983 1152564640 191.868544    33.9349      87701         22  0.000e+00
     47.496    -0.6317   2.772829    -0.6303   2.773188    7.95852     0.0865    13.8155 0.0000e+00  -61.25000  -57.99983 1152564640 191.868544    33.9347      87702         22  0.000e+00
     47.496    -0.6316   2.772800    -0.6306   2.773176    7.95852     0.1295    13.8155 0.0000e+00  -61.25000  -57.99983 1152564640 191.868545    33.9341      87703         22  0.000e+00
     47.496    -0.6313   2.772862    -0.6304   2.773205    7.95843     0.0542    13.8155 0.0000e+00  -61.25000  -57.99983 1152564640 191.868545    33.9346      87704         22  0.000e+00
     47.496    -0.6314   2.772865    -0.6307   2.773176    7.95845     0.0972    13.8155 0.0000e+00  -61.25000  -57.99983 1152564640 191.868546    33.9349      87705         22  0.000e+00
     47.420    -0.6314   2.772862    -0.6306   2.773182    7.95836     0.1080    13.8155 0.0000e+00  -61.25000  -57.99983 1152564640 191.868546    33.9349      87706         22  0.000e+00
     47.496    -0.6315   2.772862    -0.6303   2.773194    7.95846     0.0757    13.8155 0.0000e+00  -61.25000  -57.99983 1152564640 191.868546    33.9349      87707         22  0.000e+00
     47.420    -0.6311   2.772842    -0.6307   2.773211    7.95833     0.0650    13.8155 0.0000e+00  -61.25000  -57.99983 1152564640 191.868547    33.9342      87708         22  0.000e+00
     47.496    -0.6313   2.772806    -0.6299   2.773217    7.95847     0.0865    13.8155 0.0000e+00  -61.25000  -57.99983 1152564640 191.868547    33.9339      87709         22  0.000e+00
     47.420    -0.6311   2.772809    -0.6301   2.773199    7.95835     0.1188    13.8155 0.0000e+00  -61.25000  -57.99983 1152564640 191.868548    33.9338      87710         22  0.000e+00
     47.420    -0.6308   2.772849    -0.6301   2.773194    7.95827     0.0865    13.8155 0.0000e+00  -61.25000  -57.99983 1152564640 191.868548    33.9340      87711         22  0.000e+00
     47.353    -0.6314   2.772842    -0.6301   2.773194    7.95831     0.0542    13.8155 0.0000e+00  -61.25000  -57.99983 1152564641 191.868549    33.9346      87712         22  0.000e+00
     47.420    -0.6311   2.772839    -0.6304   2.773194    7.95833     0.0972    13.8155 0.0000e+00  -61.25000  -57.99983 1152564641 191.868549    33.9342      87713         22  0.000e+00
     47.420    -0.6318   2.772856    -0.6300   2.773211    7.95842     0.0757    13.8155 0.0000e+00  -61.25000  -57.99983 1152564641 191.868550    33.9351      87714         22  0.000e+00
     47.353    -0.6311   2.772862    -0.6306   2.773199    7.95824     0.0542    13.8155 0.0000e+00  -61.25000  -57.99983 1152564641 191.868550    33.9345      87715         22  0.000e+00
     47.353    -0.6308   2.772842    -0.6304   2.773211    7.95821     0.0972    13.8155 0.0000e+00  -61.25000  -57.99983 1152564641 191.868551    33.9339      87716         22  0.000e+00
     47.286    -0.6308   2.772856    -0.6304   2.773199    7.95812     0.0865    13.8155 0.0000e+00  -61.25000  -57.99983 1152564641 191.868551    33.9341      87717         22  0.000e+00
     47.353    -0.6314   2.772832    -0.6302   2.773211    7.95831     0.0972    13.8155 0.0000e+00  -61.25000  -57.99983 1152564641 191.868552    33.9345      87718         22  0.000e+00
     47.286    -0.6311   2.772836    -0.6304   2.773176    7.95819     0.0865    13.8155 0.0000e+00  -61.25000  -57.99983 1152564641 191.868552    33.9342      87719         22  0.000e+00
     47.287    -0.6311   2.772819    -0.6304   2.773205    7.95820     0.0972    13.8155 0.0000e+00  -61.25000  -57.99983 1152564641 191.868553    33.9340      87720         22  0.000e+00
     47.287    -0.6310   2.772849    -0.6306   2.773182    7.95816     0.0650    13.8155 0.0000e+00  -61.25000  -57.99983 1152564641 191.868553    33.9343      87721         22  0.000e+00
     47.287    -0.6314   2.772842    -0.6307   2.773188    7.95823     0.0865    13.8155 0.0000e+00  -61.25000  -57.99983 1152564641 191.868554    33.9347      87722         22  0.000e+00
     47.210    -0.6306   2.772856    -0.6306   2.773194    7.95801     0.0972    13.8155 0.0000e+00  -61.25000  -57.99983 1152564641 191.868554    33.9340      87723         22  0.000e+00
     47.210    -0.6310   2.772862    -0.6303   2.773194    7.95806     0.0865    13.8155 0.0000e+00  -61.25000  -57.99983 1152564641 191.868555    33.9345      87724         22  0.000e+00
     47.210    -0.6310   2.772862    -0.6303   2.773211    7.96274     0.0757    13.8155 0.0000e+00  -61.25000  -57.99983 1152564641 191.868555    33.9345      87725         22  0.000e+00
     47.144    -0.6310   2.772842    -0.6306   2.773199    7.95800     0.0650    13.8155 0.0000e+00  -61.25000  -57.99983 1152564641 191.868556    33.9342      87726         22  0.000e+00
     47.144    -0.6306   2.772839    -0.6300   2.773176    7.95795     0.0865    13.8155 0.0000e+00  -61.25000  -57.99983 1152564641 191.868556    33.9338      87727         22  0.000e+00
     47.144    -0.6310   2.772839    -0.6303   2.773205    7.95801     0.0972    13.8155 0.0000e+00  -61.25000  -57.99983 1152564641 191.868557    33.9343      87728         22  0.000e+00
     47.144    -0.6313   2.772839    -0.6306   2.773199    7.95805     0.1080    13.8155 0.0000e+00  -61.25000  -57.99983 1152564641 191.868557    33.9345      87729         22  0.000e+00
     47.077    -0.6313   2.772839    -0.6306   2.773176    7.95798     0.1295    13.8155 0.0000e+00  -61.25000  -57.99983 1152564641 191.868558    33.9346      87730         22  0.000e+00
     47.077    -0.6311   2.772855    -0.6301   2.773147    7.95794     0.0972    13.8155 0.0000e+00  -61.25000  -57.99983 1152564641 191.868558    33.9346      87731         22  0.000e+00
     47.077    -0.6311   2.772842    -0.6304   2.773199    7.95795     0.0757    13.8155 0.0000e+00  -61.25000  -57.99983 1152564641 191.868559    33.9344      87732         22  0.000e+00
     47.001    -0.6306   2.772839    -0.6303   2.773217    7.95779     0.0757    13.8155 0.0000e+00  -61.25000  -57.99983 1152564641 191.868559    33.9339      87733         22  0.000e+00
     47.001    -0.6307   2.772872    -0.6304   2.773199    7.95778     0.0327    13.8155 0.0000e+00  -61.25000  -57.99983 1152564641 191.868560    33.9344      87734         22  0.000e+00
     47.001    -0.6310   2.772816    -0.6303   2.773194    7.95786     0.0219    13.8155 0.0000e+00  -61.25000  -57.99983 1152564641 191.868560    33.9340      87735         22  0.000e+00
     46.934    -0.6311   2.772816    -0.6307   2.773176    7.95781     0.0542    13.8155 0.0000e+00  -61.25000  -57.99983 1152564642 191.868560    33.9342      87736         22  0.000e+00
     46.934    -0.6314   2.772852    -0.6301   2.773188    7.95783     0.0542    13.8155 0.0000e+00  -61.25000  -57.99983 1152564642 191.868561    33.9350      87737         22  0.000e+00
     46.934    -0.6313   2.772862    -0.6300   2.773194    7.95780     0.0972    13.8155 0.0000e+00  -61.25000  -57.99983 1152564642 191.868561    33.9350      87738         22  0.000e+00
     10.382    -0.6898   2.766160    -0.7095   2.764705    7.97819     0.1188    13.8155 0.0000e+00  -61.25000  -57.99983 1152564747 191.869778    33.9328      90260         23  0.000e+00
     10.449    -0.6869   2.766413    -0.7114   2.764335    7.97761     0.0542    13.8155 0.0000e+00  -61.25000  -57.99983 1152564747 191.869778    33.9329      90261         23  0.000e+00
     10.477    -0.6845   2.766571    -0.7132   2.764161    7.97716     0.0972    13.8155 0.0000e+00  -61.25000  -57.99983 1152564747 191.869779    33.9324      90262         23  0.000e+00
     10.515    -0.6827   2.766610    -0.7137   2.764086    7.97687     0.0865    13.8155 0.0000e+00  -61.25000  -57.99983 1152564747 191.869779    33.9308      90263         23  0.000e+00
     10.382    -0.6816   2.766604    -0.7107   2.764126    7.97190     0.0972    13.8155 0.0000e+00  -61.25000  -57.99983 1152564747 191.869780    33.9296      90264         23  0.000e+00
     10.544    -0.6824   2.766525    -0.7135   2.764144    7.97692     0.1295    13.8155 0.0000e+00  -61.25000  -57.99983 1152564747 191.869780    33.9293      90265         23  0.000e+00
     10.382    -0.6839   2.766443    -0.7143   2.764144    7.97705     0.1188    13.8155 0.0000e+00  -61.25000  -57.99983 1152564747 191.869781    33.9300      90266         23  0.000e+00
     10.477    -0.6850   2.766341    -0.7112   2.764283    7.97274     0.1188    13.8155 0.0000e+00  -61.25000  -57.99983 1152564747 191.869781    33.9298      90267         23  0.000e+00
     10.449    -0.6862   2.766222    -0.7148   2.764288    7.97299     0.1188    13.8155 0.0000e+00  -61.25000  -57.99983 1152564747 191.869782    33.9296      90268         23  0.000e+00
     10.449    -0.6904   2.765617    -0.7181   2.763993    7.97410     0.1188    13.8155 0.0000e+00  -61.25000  -57.99983 1152564747 191.869782    33.9261      90269         23  0.000e+00
     10.401    -0.7016   2.764511    -0.7110   2.764132    7.97663     0.0972    13.8155 0.0000e+00  -61.25000  -57.99983 1152564747 191.869783    33.9237      90270         23  0.000e+00
     10.516    -0.7097   2.763923    -0.7033   2.764613    7.98315     0.0865    13.8155 0.0000e+00  -61.25000  -57.99983 1152564747 191.869783    33.9248      90271         23  0.000e+00
     10.449    -0.7124   2.763949    -0.6975   2.765093    7.97882     0.1080    13.8155 0.0000e+00  -61.25000  -57.99983 1152564747 191.869783    33.9282      90272         23  0.000e+00
     10.401    -0.7084   2.764636    -0.6910   2.765632    7.98228     0.0972    13.8155 0.0000e+00  -61.25000  -57.99983 1152564747 191.869784    33.9331      90273         23  0.000e+00
     10.449    -0.7002   2.765449    -0.6856   2.766245    7.98043     0.1403    13.8155 0.0000e+00  -61.25000  -57.99983 1152564747 191.869784    33.9348      90274         23  0.000e+00
     10.477    -0.6964   2.765837    -0.6827   2.766697    7.97957     0.1295    13.8155 0.0000e+00  -61.25000  -57.99983 1152564747 191.869785    33.9358      90275         23  0.000e+00
     10.382    -0.6941   2.766061    -0.6806   2.766899    7.97895     0.1188    13.8155 0.0000e+00  -61.25000  -57.99983 1152564747 191.869785    33.9363      90276         23  0.000e+00
     10.449    -0.6961   2.766239    -0.6787   2.767067    7.97921     0.1080    13.8155 0.0000e+00  -61.25000  -57.99983 1152564747 191.869786    33.9409      90277         23  0.000e+00
     10.478    -0.6915   2.766439    -0.6783   2.767177    7.97836     0.0972    13.8155 0.0000e+00  -61.25000  -57.99983 1152564747 191.869786    33.9384      90278         23  0.000e+00
     10.449    -0.6878   2.766558    -0.6781   2.767195    7.97765     0.1295    13.8155 0.0000e+00  -61.25000  -57.99983 1152564748 191.869787    33.9359      90279         23  0.000e+00
     10.449    -0.6850   2.766689    -0.6771   2.767293    7.97711     0.1510    13.8155 0.0000e+00  -61.25000  -57.99983 1152564748 191.869787    33.9345      90280         23  0.000e+00
     10.478    -0.6833   2.766765    -0.6761   2.767386    7.97215     0.1295    13.8155 0.0000e+00  -61.25000  -57.99983 1152564748 191.869788    33.9336      90281         23  0.000e+00
     10.382    -0.6816   2.766864    -0.6752   2.767426    7.97637     0.1188    13.8155 0.0000e+00  -61.25000  -57.99983 1152564748 191.869788    33.9331      90282         23  0.000e+00
     10.449    -0.6793   2.767068    -0.6749   2.767473    7.97592     0.1080    13.8155 0.0000e+00  -61.25000  -57.99983 1152564748 191.869789    33.9332      90283         23  0.000e+00
     10.478    -0.6762   2.767265    -0.6747   2.767542    7.97066     0.0972    13.8155 0.0000e+00  -61.25000  -57.99983 1152564748 191.869789    33.9324      90284         23  0.000e+00
     10.449    -0.6753   2.767347    -0.6749   2.767542    7.97042     0.0972    13.8155 0.0000e+00  -61.25000  -57.99983 1152564748 191.869790    33.9325      90285         23  0.000e+00
     10.478    -0.6745   2.767301    -0.6763   2.767519    7.97502     0.0542    13.8155 0.0000e+00  -61.25000  -57.99983 1152564748 191.869790    33.9310      90286         23  0.000e+00
     10.449    -0.6749   2.767288    -0.6767   2.767473    7.97507     0.0650    13.8155 0.0000e+00  -61.25000  -57.99983 1152564748 191.869791    33.9313      90287         23  0.000e+00
     10.449    -0.6745   2.767259    -0.6774   2.767461    7.97502     0.1188    13.8155 0.0000e+00  -61.25000  -57.99983 1152564748 191.869791    33.9304      90288         23  0.000e+00
     10.478    -0.6751   2.767206    -0.6755   2.767461    7.97519     0.1403    13.8155 0.0000e+00  -61.25000  -57.99983 1152564748 191.869792    33.9303      90289         23  0.000e+00
