product_data/regression_test/downloaded_data/MGDS/320620060703/ctd/p6608102.ros
* Sea-Bird SBE 9 Data File:
* FileName = D:\Data\Raw\P6608102.dat
* Software Version Seasave Win32 V 5.32
* Temperature SN = 1649
* Conductivity SN = 1431
* Number of Bytes Per Scan = 37
* Number of Voltage Words = 5
* Number of Scans Averaged by the Deck Unit = 1
* NMEA Latitude = 62 13.84 S
* NMEA Longitude = 058 06.97 W
* NMEA UTC (Time) = 13:53:31
** Ship:   Nathaniel B. Palmer 
** Cruise:    NBP0603 p0606
** Cast #: 02
** Station:   81
** Operator: 
# nquan = 17
# nvalues = 1176                    
# units = specified
# name 0 = prDM: Pressure, Digiquartz [db]
# name 1 = t090C: Temperature [ITS-90, deg C]
# name 2 = c0S/m: Conductivity [S/m]
# name 3 = t190C: Temperature, 2 [ITS-90, deg C]
# name 4 = c1S/m: Conductivity, 2 [S/m]
# name 5 = sbeox0ML/L: Oxygen, SBE 43 [ml/l]
# name 6 = flECO-AFL: Fluorescence, Wetlab ECO-AFL/FL [mg/m^3]
# name 7 = bat: Beam Attenuation, Chelsea/Seatech/Wetlab CStar [1/m]
# name 8 = spar: SPAR/Surface Irradiance
# name 9 = latitude: Latitude [deg]
# name 10 = longitude: Longitude [deg]
# name 11 = timeY: Time, System [seconds]
# name 12 = timeJ: Julian Days
# name 13 = sal00: Salinity [PSU]
# name 14 = scan: scan number
# name 15 = nbf: number of bottles fired
# name 16 = flag:  0.000e+00
# interval = seconds: 0.0416667                   
# start_time = Jul 09 2006 13:53:38
*END*
[from data line 341]
    450.684     0.3925   2.921868     0.3781   2.920599    5.74455    -0.0749    13.8155 9.7407e+01  -62.23067  -58.11617 1152455932 190.610341    34.5247      65172          7  0.000e+00
    450.617     0.3915   2.921787     0.3806   2.920675    5.74466    -0.1180    13.8155 9.7407e+01  -62.23067  -58.11617 1152455932 190.610341    34.5249      65173          7  0.000e+00
    450.418     0.3442   2.917165     0.3348   2.916684    5.74280    -0.1610    13.8155 9.7407e+01  -62.23067  -58.11617 1152455938 190.610413    34.5173      65321          8  0.000e+00
    450.476     0.3427   2.917091     0.3352   2.916737    5.74306    -0.1395    13.8155 9.7407e+01  -62.23067  -58.11617 1152455938 190.610413    34.5180      65322          8  0.000e+00
    450.552     0.3427   2.917097     0.3356   2.916790    5.74312    -0.1072    13.8155 9.7407e+01  -62.23067  -58.11617 1152455938 190.610414    34.5180      65323          8  0.000e+00
    450.476     0.3420   2.917155     0.3348   2.916819    5.74310    -0.1180    13.8155 9.7407e+01  -62.23067  -58.11617 1152455938 190.610414    34.5195      65324          8  0.000e+00
    450.476     0.3427   2.917172     0.3338   2.916955    5.74302    -0.0857    13.8155 9.7407e+01  -62.23067  -58.11617 1152455938 190.610415    34.5190      65325          8  0.000e+00
    450.553     0.3413   2.916980     0.3392   2.917333    5.74334    -0.0749    13.8155 9.7407e+01  -62.23067  -58.11617 1152455938 190.610415    34.5180      65326          8  0.000e+00
    450.553     0.3410   2.917057     0.3404   2.917499    5.74334    -0.0964    13.8155 9.7407e+01  -62.23067  -58.11617 1152455938 190.610416    34.5194      65327          8  0.000e+00
    450.553     0.3448   2.917764     0.3426   2.917534    5.74253    -0.1180    13.8155 9.7407e+01  -62.23067  -58.11617 1152455938 190.610416    34.5243      65328          8  0.000e+00
    450.562     0.3524   2.918492     0.3537   2.918242    5.73648    -0.1180    13.8155 9.7407e+01  -62.23067  -58.11617 1152455938 190.610417    34.5255      65329          8  0.000e+00
    450.553     0.3555   2.918452     0.3631   2.919193    5.73613    -0.0857    13.8155 9.7407e+01  -62.23067  -58.11617 1152455939 190.610417    34.5215      65330          8  0.000e+00
    450.553     0.3524   2.918293     0.3677   2.919743    5.74138    -0.1072    13.8155 9.7407e+01  -62.23067  -58.11617 1152455939 190.610418    34.5229      65331          8  0.000e+00
    450.620     0.3558   2.918829     0.3701   2.919991    5.74075    -0.1395    13.8155 9.7407e+01  -62.23067  -58.11617 1152455939 190.610418    34.5260      65332          8  0.000e+00
    450.620     0.3617   2.919045     0.3728   2.920185    5.73995    -0.1395    13.8155 9.7407e+01  -62.23067  -58.11617 1152455939 190.610419    34.5222      65333          8  0.000e+00
    450.620     0.3631   2.919199     0.3741   2.920333    5.73971    -0.1072    13.8155 9.7407e+01  -62.23067  -58.11617 1152455939 190.610419    34.5227      65334          8  0.000e+00
    450.620     0.3662   2.919493     0.3752   2.920386    5.73919    -0.1287    13.8155 9.7407e+01  -62.23067  -58.11617 1152455939 190.610420    34.5230      65335          8  0.000e+00
    450.620     0.3665   2.919573     0.3752   2.920416    5.73431    -0.1180    13.8155 9.7407e+01  -62.23067  -58.11617 1152455939 190.610420    34.5238      65336          8  0.000e+00
    450.562     0.3673   2.919590     0.3755   2.920339    5.73897    -0.0857    13.8155 9.7407e+01  -62.23067  -58.11617 1152455939 190.610421    34.5231      65337          8  0.000e+00
    450.687     0.3675   2.919597     0.3756   2.920374    5.73904    -0.0964    13.8155 9.5459e+01  -62.23067  -58.11617 1152455939 190.610421    34.5229      65338          8  0.000e+00
    450.687     0.3671   2.919627     0.3770   2.920451    5.73427    -0.1072    13.8155 9.5459e+01  -62.23067  -58.11617 1152455939 190.610421    34.5237      65339          8  0.000e+00
    450.620     0.3681   2.919634     0.3766   2.920534    5.73890    -0.1072    13.8155 9.7407e+01  -62.23067  -58.11617 1152455939 190.610422    34.5228      65340          8  0.000e+00
    450.687     0.3692   2.919691     0.3772   2.920522    5.73880    -0.0857    13.8155 9.7407e+01  -62.23067  -58.11617 1152455939 190.610422    34.5223      65341          8  0.000e+00
    450.687     0.3696   2.919691     0.3778   2.920481    5.73875    -0.0642    13.8155 9.7407e+01  -62.23067  -58.11617 1152455939 190.610423    34.5218      65342          8  0.000e+00
    450.687     0.3695   2.919722     0.3786   2.920516    5.73875    -0.1072    13.8155 9.7407e+01  -62.23067  -58.11617 1152455939 190.610423    34.5223      65343          8  0.000e+00
    450.687     0.3702   2.919752     0.3795   2.920534    5.73864    -0.1502    13.8155 9.7407e+01  -62.23067  -58.11617 1152455939 190.610424    34.5219      65344          8  0.000e+00
    450.687     0.3710   2.919830     0.3786   2.920469    5.73851    -0.1395    13.8155 9.7407e+01  -62.23067  -58.11617 1152455939 190.610424    34.5220      65345          8  0.000e+00
    450.706     0.3714   2.919870     0.3759   2.920386    5.73846    -0.1180    13.8155 9.7407e+01  -62.23067  -58.11617 1152455939 190.610425    34.5221      65346          8  0.000e+00
    450.687     0.3713   2.919927     0.3738   2.920327    5.73842    -0.1180    13.8155 9.7407e+01  -62.23067  -58.11617 1152455939 190.610425    34.5230      65347          8  0.000e+00
    450.620     0.3723   2.919944     0.3724   2.920227    5.73825    -0.1287    13.8155 9.7407e+01  -62.23067  -58.11617 1152455939 190.610426    34.5222      65348          8  0.000e+00
    450.831     0.3721   2.919954     0.3722   2.920144    5.73843    -0.1395    13.8155 9.7407e+01  -62.23067  -58.11617 1152455939 190.610426    34.5223      65349          8  0.000e+00
    450.687     0.3721   2.919981     0.3711   2.920055    5.73830    -0.1502    13.8155 9.7407e+01  -62.23067  -58.11617 1152455939 190.610427    34.5228      65350          8  0.000e+00
    450.764     0.3728   2.919954     0.3707   2.919973    5.73831    -0.1287    13.8155 9.7407e+01  -62.23067  -58.11617 1152455939 190.610427    34.5217      65351          8  0.000e+00
    450.687     0.3721   2.919907     0.3702   2.919937    5.73834    -0.1180    13.8155 9.7407e+01  -62.23067  -58.11617 1152455939 190.610428    34.5218      65352          8  0.000e+00
    450.687     0.3713   2.919880     0.3697   2.919949    5.73845    -0.0749    13.8155 9.7407e+01  -62.23067  -58.11617 1152455940 190.610428    34.5223      65353          8  0.000e+00
    450.774     0.3710   2.919840     0.3696   2.919937    5.73857    -0.0749    13.8155 9.7407e+01  -62.23067  -58.11617 1152455940 190.610429    34.5221      65354          8  0.000e+00
    450.687     0.3699   2.919759     0.3685   2.919908    5.73868    -0.0534    13.8155 9.7407e+01  -62.23067  -58.11617 1152455940 190.610429    34.5224      65355          8  0.000e+00
    450.764     0.3693   2.919698     0.3674   2.919920    5.73884    -0.0642    13.8155 9.7407e+01  -62.23067  -58.11617 1152455940 190.610430    34.5222      65356          8  0.000e+00
    450.687     0.3682   2.919698     0.3673   2.919931    5.73890    -0.0964    13.8155 9.7407e+01  -62.23067  -58.11617 1152455940 190.610430    34.5234      65357          8  0.000e+00
    450.688     0.3689   2.919691     0.3680   2.919949    5.73883    -0.1287    13.8155 9.7407e+01  -62.23067  -58.11617 1152455940 190.610431    34.5226      65358          8  0.000e+00
    450.764     0.3684   2.919705     0.3694   2.919973    5.73895    -0.1610    13.8155 9.7407e+01  -62.23067  -58.11617 1152455940 190.610431    34.5233      65359          8  0.000e+00
    450.688     0.3687   2.919691     0.3694   2.920002    5.73885    -0.1502    13.8155 9.7407e+01  -62.23067  -58.11617 1152455940 190.610432    34.5228      65360          8  0.000e+00
    450.688     0.3690   2.919688     0.3701   2.920026    5.73882    -0.1180    13.8155 9.7407e+01  -62.23067  -58.11617 1152455940 190.610432    34.5224      65361          8  0.000e+00
    450.707     0.3689   2.919634     0.3704   2.920097    5.73888    -0.1072    13.8155 9.7407e+01  -62.23067  -58.11617 1152455940 190.610433    34.5219      65362          8  0.000e+00
    450.688     0.3685   2.919584     0.3716   2.920097    5.73894    -0.1072    13.8155 9.5459e+01  -62.23067  -58.11617 1152455940 190.610433    34.5217      65363          8  0.000e+00
    450.764     0.3681   2.919503     0.3719   2.920091    5.73909    -0.1180    13.8155 9.7407e+01  -62.23067  -58.11617 1152455940 190.610434    34.5210      65364          8  0.000e+00
    450.688     0.3671   2.919425     0.3718   2.920073    5.74398    -0.1287    13.8155 9.7407e+01  -62.23067  -58.11617 1152455940 190.610434    34.5211      65365          8  0.000e+00
    450.688     0.3665   2.919408     0.3713   2.920002    5.74406    -0.1287    13.8155 9.7407e+01  -62.23067  -58.11617 1152455940 190.610435    34.5216      65366          8  0.000e+00
    450.553     0.3654   2.919368     0.3705   2.919961    5.74410    -0.1287    13.8155 9.7407e+01  -62.23067  -58.11617 1152455940 190.610435    34.5223      65367          8  0.000e+00
    450.764     0.3653   2.919290     0.3699   2.919955    5.74432    -0.1610    13.8155 9.7407e+01  -62.23067  -58.11617 1152455940 190.610435    34.5214      65368          8  0.000e+00
    450.688     0.3652   2.919216     0.3696   2.919973    5.74431    -0.1395    13.8155 9.7407e+01  -62.23067  -58.11617 1152455940 190.610436    34.5206      65369          8  0.000e+00
    350.531     0.0791   2.883371     0.0832   2.883836    6.21301    -0.1610    13.8155 9.7407e+01  -62.23067  -58.11617 1152456091 190.612188    34.4288      69001          9  0.000e+00
    350.387     0.0797   2.883381     0.0826   2.883830    6.21281    -0.0964    13.8155 9.7407e+01  -62.23067  -58.11617 1152456092 190.612188    34.4283      69002          9  0.000e+00
    350.454     0.0804   2.883411     0.0837   2.883830    6.21277    -0.0534    13.8155 9.7407e+01  -62.23067  -58.11617 1152456092 190.612188    34.4280      69003          9  0.000e+00
    350.387     0.0814   2.883434     0.0835   2.883865    6.21256    -0.1287    13.8155 9.7407e+01  -62.23067  -58.11617 1152456092 190.612189    34.4271      69004          9  0.000e+00
    350.454     0.0810   2.883501     0.0831   2.883883    6.21264    -0.1395    13.8155 9.7407e+01  -62.23067  -58.11617 1152456092 190.612189    34.4285      69005          9  0.000e+00
    350.377     0.0814   2.883495     0.0827   2.883883    6.21252    -0.1072    13.8155 9.7407e+01  -62.23067  -58.11617 1152456092 190.612190    34.4279      69006          9  0.000e+00
    350.387     0.0812   2.883521     0.0826   2.883918    6.21254    -0.1072    13.8155 9.9355e+01  -62.23067  -58.11617 1152456092 190.612190    34.4285      69007          9  0.000e+00
    350.387     0.0814   2.883542     0.0823   2.883895    6.21250    -0.1072    13.8155 9.9355e+01  -62.23067  -58.11617 1152456092 190.612191    34.4285      69008          9  0.000e+00
    350.320     0.0813   2.883588     0.0834   2.883901    6.21244    -0.1395    13.8155 9.9355e+01  -62.23067  -58.11617 1152456092 190.612191    34.4293      69009          9  0.000e+00
    350.387     0.0817   2.883568     0.0826   2.883865    6.21245    -0.1718    13.8155 9.9355e+01  -62.23067  -58.11617 1152456092 190.612192    34.4285      69010          9  0.000e+00
    350.320     0.0806   2.883511     0.0826   2.883813    6.21256    -0.0964    13.8155 9.9355e+01  -62.23067  -58.11617 1152456092 190.612192    34.4291      69011          9  0.000e+00
    350.378     0.0780   2.883454     0.0812   2.883760    6.21297    -0.0319    13.8155 9.9355e+01  -62.23067  -58.11617 1152456092 190.612193    34.4312      69012          9  0.000e+00
    350.320     0.0780   2.883371     0.0807   2.883724    6.21297    -0.0534    13.8155 9.7407e+01  -62.23067  -58.11617 1152456092 190.612193    34.4301      69013          9  0.000e+00
    350.320     0.0779   2.883340     0.0791   2.883654    6.21301    -0.0857    13.8155 9.7407e+01  -62.23067  -58.11617 1152456092 190.612194    34.4299      69014          9  0.000e+00
    350.320     0.0772   2.883294     0.0788   2.883619    6.21311    -0.0642    13.8155 9.9355e+01  -62.23067  -58.11617 1152456092 190.612194    34.4300      69015          9  0.000e+00
    350.387     0.0771   2.883270     0.0780   2.883613    6.21320    -0.0857    13.8155 9.9355e+01  -62.23067  -58.11617 1152456092 190.612195    34.4298      69016          9  0.000e+00
    350.244     0.0766   2.883257     0.0770   2.883589    6.21314    -0.0857    13.8155 9.9355e+01  -62.23067  -58.11617 1152456092 190.612195    34.4303      69017          9  0.000e+00
    350.311     0.0769   2.883237     0.0766   2.883542    6.21317    -0.0857    13.8155 9.9355e+01  -62.23067  -58.11617 1152456092 190.612196    34.4296      69018          9  0.000e+00
    350.320     0.0762   2.883257     0.0767   2.883483    6.21327    -0.1395    13.8155 9.9355e+01  -62.23067  -58.11617 1152456092 190.612196    34.4307      69019          9  0.000e+00
    350.244     0.0766   2.883277     0.0761   2.883472    6.21313    -0.1825    13.8155 9.9355e+01  -62.23067  -58.11617 1152456092 190.612197    34.4305      69020          9  0.000e+00
    350.320     0.0766   2.883260     0.0767   2.883430    6.21321    -0.1610    13.8155 9.9355e+01  -62.23067  -58.11617 1152456092 190.612197    34.4303      69021          9  0.000e+00
    350.244     0.0769   2.883280     0.0766   2.883436    6.21310    -0.1395    13.8155 9.9355e+01  -62.23067  -58.11617 1152456092 190.612198    34.4303      69022          9  0.000e+00
    350.311     0.0768   2.883263     0.0777   2.883483    6.21318    -0.1395    13.8155 9.9355e+01  -62.23067  -58.11617 1152456092 190.612198    34.4301      69023          9  0.000e+00
    350.244     0.0772   2.883273     0.0775   2.883460    6.21306    -0.0964    13.8155 9.9355e+01  -62.23067  -58.11617 1152456092 190.612199    34.4298      69024          9  0.000e+00
    350.244     0.0774   2.883270     0.0774   2.883483    6.21304    -0.1072    13.8155 9.9355e+01  -62.23067  -58.11617 1152456093 190.612199    34.4295      69025          9  0.000e+00
    350.244     0.0774   2.883277     0.0775   2.883519    6.21303    -0.1395    13.8155 9.9355e+01  -62.23067  -58.11617 1152456093 190.612200    34.4296      69026          9  0.000e+00
    350.244     0.0777   2.883260     0.0774   2.883489    6.21301    -0.1395    13.8155 9.9355e+01  -62.23067  -58.11617 1152456093 190.612200    34.4291      69027          9  0.000e+00
    350.244     0.0774   2.883263     0.0774   2.883477    6.21304    -0.1180    13.8155 9.9355e+01  -62.23067  -58.11617 1152456093 190.612201    34.4295      69028          9  0.000e+00
    350.234     0.0768   2.883227     0.0770   2.883495    6.21313    -0.1072    13.8155 9.9355e+01  -62.23067  -58.11617 1152456093 190.612201    34.4297      69029          9  0.000e+00
    350.244     0.0771   2.883243     0.0774   2.883483    6.21309    -0.1180    13.8155 9.9355e+01  -62.23067  -58.11617 1152456093 190.612201    34.4295      69030          9  0.000e+00
    350.244     0.0768   2.883247     0.0774   2.883477    6.21313    -0.1180    13.8155 9.9355e+01  -62.23067  -58.11617 1152456093 190.612202    34.4299      69031          9  0.000e+00
    350.244     0.0769   2.883237     0.0770   2.883477    6.21312    -0.1180    13.8155 9.9355e+01  -62.23067  -58.11617 1152456093 190.612202    34.4297      69032          9  0.000e+00
    350.244     0.0765   2.883200     0.0777   2.883454    6.21319    -0.1180    13.8155 9.9355e+01  -62.23067  -58.11617 1152456093 190.612203    34.4297      69033          9  0.000e+00
