product_data/regression_test/downloaded_data/MGDS/320620060703/ctd/p6607901.ros
* Sea-Bird SBE 9 Data File:
* FileName = D:\Data\Raw\P6607901.dat
* Software Version Seasave Win32 V 5.32
* Temperature SN = 1649
* Conductivity SN = 1431
* Number of Bytes Per Scan = 37
* Number of Voltage Words = 5
* Number of Scans Averaged by the Deck Unit = 1
* NMEA Latitude = 62 20.12 S
* NMEA Longitude = 058 03.15 W
* NMEA UTC (Time) = 04:28:55
** Ship:   Nathaniel B. Palmer 
** Cruise:    NBP0603 p0606
** Cast #: 01
** Station:   79
** Operator: 
# nquan = 17
# nvalues = 1176                    
# units = specified
# name 0 = prDM: Pressure, Digiquartz [db]
# name 1 = t090C: Temperature [ITS-90, deg C]
# name 2 = c0S/m: Conductivity [S/m]
# name 3 = t190C: Temperature, 2 [ITS-90, deg C]
# name 4 = c1S/m: Conductivity, 2 [S/m]
# name 5 = sbeox0ML/L: Oxygen, SBE 43 [ml/l]
# name 6 = flECO-AFL: Fluorescence, Wetlab ECO-AFL/FL [mg/m^3]
# name 7 = bat: Beam Attenuation, Chelsea/Seatech/Wetlab CStar [1/m]
# name 8 = spar: SPAR/Surface Irradiance
# name 9 = latitude: Latitude [deg]
# name 10 = longitude: Longitude [deg]
# name 11 = timeY: Time, System [seconds]
# name 12 = timeJ: Julian Days
# name 13 = sal00: Salinity [PSU]
# name 14 = scan: scan number
# name 15 = nbf: number of bottles fired
# name 16 = flag:  0.000e+00
# interval = seconds: 0.0416667                   
# start_time = Jul 09 2006 04:29:03
*END*
[from data line 341]
    449.815    -0.4950   2.845562    -0.4938   2.845817    6.39541    -0.0642    13.8155 0.0000e+00  -62.33533  -58.05250 1152422678 190.225466    34.5135      80096          7  0.000e+00
    449.824    -0.4952   2.845552    -0.4935   2.845841    6.39544    -0.0964    13.8155 0.0000e+00  -62.33533  -58.05250 1152422678 190.225467    34.5135      80097          7  0.000e+00
    450.825    -0.4904   2.845905    -0.4896   2.846145    6.40040    -0.0426    13.8155 0.0000e+00  -62.33533  -58.05250 1152422684 190.225534    34.5122      80236          8  0.000e+00
    450.882    -0.4902   2.845872    -0.4896   2.846128    6.40045    -0.0964    13.8155 0.0000e+00  -62.33533  -58.05250 1152422684 190.225534    34.5115      80237          8  0.000e+00
    450.815    -0.4902   2.845848    -0.4896   2.846098    6.40531    -0.1180    13.8155 0.0000e+00  -62.33533  -58.05250 1152422684 190.225535    34.5113      80238          8  0.000e+00
    450.815    -0.4901   2.845905    -0.4895   2.846093    6.40526    -0.0857    13.8155 0.0000e+00  -62.33533  -58.05250 1152422684 190.225535    34.5118      80239          8  0.000e+00
    450.815    -0.4909   2.845908    -0.4899   2.846104    6.40536    -0.0749    13.8155 0.0000e+00  -62.33533  -58.05250 1152422684 190.225536    34.5128      80240          8  0.000e+00
    450.815    -0.4901   2.845912    -0.4901   2.846093    6.40526    -0.0749    13.8155 0.0000e+00  -62.33533  -58.05250 1152422684 190.225536    34.5119      80241          8  0.000e+00
    450.815    -0.4902   2.845905    -0.4901   2.846075    6.40528    -0.0749    13.8155 0.0000e+00  -62.33533  -58.05250 1152422685 190.225537    34.5120      80242          8  0.000e+00
    450.739    -0.4898   2.845895    -0.4905   2.846087    6.40025    -0.1072    13.8155 0.0000e+00  -62.33533  -58.05250 1152422685 190.225537    34.5114      80243          8  0.000e+00
    450.825    -0.4902   2.845865    -0.4901   2.846093    6.40040    -0.1395    13.8155 0.0000e+00  -62.33533  -58.05250 1152422685 190.225538    34.5115      80244          8  0.000e+00
    450.816    -0.4905   2.845865    -0.4899   2.846093    6.40534    -0.1502    13.8155 0.0000e+00  -62.33533  -58.05250 1152422685 190.225538    34.5118      80245          8  0.000e+00
    450.739    -0.4904   2.845878    -0.4896   2.846128    6.40524    -0.0964    13.8155 0.0000e+00  -62.33533  -58.05250 1152422685 190.225539    34.5119      80246          8  0.000e+00
    450.816    -0.4904   2.845872    -0.4898   2.846104    6.40532    -0.1180    13.8155 0.0000e+00  -62.33533  -58.05250 1152422685 190.225539    34.5117      80247          8  0.000e+00
    450.739    -0.4905   2.845878    -0.4899   2.846110    6.40527    -0.1395    13.8155 0.0000e+00  -62.33533  -58.05250 1152422685 190.225540    34.5121      80248          8  0.000e+00
    450.739    -0.4905   2.845852    -0.4901   2.846122    6.40038    -0.1180    13.8155 0.0000e+00  -62.33533  -58.05250 1152422685 190.225540    34.5117      80249          8  0.000e+00
    450.739    -0.4902   2.845855    -0.4898   2.846098    6.40033    -0.1072    13.8155 0.0000e+00  -62.33533  -58.05250 1152422685 190.225541    34.5114      80250          8  0.000e+00
    450.748    -0.4899   2.845865    -0.4896   2.846128    6.40030    -0.0857    13.8155 0.0000e+00  -62.33533  -58.05250 1152422685 190.225541    34.5112      80251          8  0.000e+00
    450.739    -0.4902   2.845895    -0.4899   2.846122    6.40522    -0.1180    13.8155 0.0000e+00  -62.33533  -58.05250 1152422685 190.225542    34.5119      80252          8  0.000e+00
    450.739    -0.4899   2.845875    -0.4901   2.846098    6.40519    -0.1395    13.8155 0.0000e+00  -62.33533  -58.05250 1152422685 190.225542    34.5113      80253          8  0.000e+00
    450.739    -0.4904   2.845842    -0.4902   2.846110    6.40036    -0.1395    13.8155 0.0000e+00  -62.33533  -58.05250 1152422685 190.225543    34.5114      80254          8  0.000e+00
    450.672    -0.4902   2.845858    -0.4895   2.846098    6.40518    -0.1502    13.8155 0.0000e+00  -62.33533  -58.05250 1152422685 190.225543    34.5115      80255          8  0.000e+00
    450.739    -0.4907   2.845858    -0.4902   2.846134    6.40530    -0.1395    13.8155 0.0000e+00  -62.33533  -58.05250 1152422685 190.225543    34.5120      80256          8  0.000e+00
    450.672    -0.4910   2.845848    -0.4899   2.846116    6.40528    -0.1718    13.8155 0.0000e+00  -62.33533  -58.05250 1152422685 190.225544    34.5122      80257          8  0.000e+00
    450.672    -0.4909   2.845835    -0.4898   2.846157    6.40527    -0.1610    13.8155 0.0000e+00  -62.33533  -58.05250 1152422685 190.225544    34.5119      80258          8  0.000e+00
    450.682    -0.4910   2.845842    -0.4896   2.846134    6.40530    -0.1395    13.8155 0.0000e+00  -62.33533  -58.05250 1152422685 190.225545    34.5121      80259          8  0.000e+00
    450.672    -0.4905   2.845888    -0.4898   2.846098    6.40520    -0.1395    13.8155 0.0000e+00  -62.33533  -58.05250 1152422685 190.225545    34.5122      80260          8  0.000e+00
    450.672    -0.4899   2.845868    -0.4898   2.846093    6.40513    -0.1180    13.8155 0.0000e+00  -62.33533  -58.05250 1152422685 190.225546    34.5112      80261          8  0.000e+00
    450.595    -0.4901   2.845828    -0.4895   2.846093    6.40511    -0.0964    13.8155 0.0000e+00  -62.33533  -58.05250 1152422685 190.225546    34.5110      80262          8  0.000e+00
    450.672    -0.4901   2.845882    -0.4902   2.846081    6.40515    -0.0642    13.8155 0.0000e+00  -62.33533  -58.05250 1152422685 190.225547    34.5116      80263          8  0.000e+00
    450.595    -0.4899   2.845895    -0.4904   2.846087    6.40505    -0.1287    13.8155 0.0000e+00  -62.33533  -58.05250 1152422685 190.225547    34.5117      80264          8  0.000e+00
    450.595    -0.4905   2.845882    -0.4901   2.846075    6.40514    -0.1502    13.8155 0.0000e+00  -62.33533  -58.05250 1152422686 190.225548    34.5122      80265          8  0.000e+00
    450.605    -0.4907   2.845872    -0.4902   2.846087    6.40517    -0.1610    13.8155 0.0000e+00  -62.33533  -58.05250 1152422686 190.225548    34.5122      80266          8  0.000e+00
    450.595    -0.4909   2.845842    -0.4901   2.846075    6.40520    -0.1180    13.8155 0.0000e+00  -62.33533  -58.05250 1152422686 190.225549    34.5120      80267          8  0.000e+00
    450.528    -0.4909   2.845825    -0.4904   2.846075    6.40515    -0.1395    13.8155 0.0000e+00  -62.33533  -58.05250 1152422686 190.225549    34.5118      80268          8  0.000e+00
    450.528    -0.4913   2.845795    -0.4901   2.846087    6.40523    -0.1395    13.8155 0.0000e+00  -62.33533  -58.05250 1152422686 190.225550    34.5119      80269          8  0.000e+00
    450.595    -0.4915   2.845778    -0.4905   2.846052    6.40532    -0.1610    13.8155 0.0000e+00  -62.33533  -58.05250 1152422686 190.225550    34.5118      80270          8  0.000e+00
    450.528    -0.4916   2.845735    -0.4910   2.846057    6.40040    -0.1610    13.8155 0.0000e+00  -62.33533  -58.05250 1152422686 190.225551    34.5115      80271          8  0.000e+00
    450.461    -0.4921   2.845728    -0.4910   2.846069    6.40531    -0.0857    13.8155 0.0000e+00  -62.33533  -58.05250 1152422686 190.225551    34.5120      80272          8  0.000e+00
    450.538    -0.4926   2.845742    -0.4916   2.846028    6.40543    -0.0534    13.8155 0.0000e+00  -62.33533  -58.05250 1152422686 190.225552    34.5126      80273          8  0.000e+00
    450.461    -0.4927   2.845735    -0.4919   2.846005    6.40539    -0.1072    13.8155 0.0000e+00  -62.33533  -58.05250 1152422686 190.225552    34.5128      80274          8  0.000e+00
    450.461    -0.4927   2.845742    -0.4913   2.846011    6.40538    -0.1180    13.8155 0.0000e+00  -62.33533  -58.05250 1152422686 190.225553    34.5129      80275          8  0.000e+00
    450.461    -0.4929   2.845698    -0.4921   2.845993    6.40543    -0.1287    13.8155 0.0000e+00  -62.33533  -58.05250 1152422686 190.225553    34.5124      80276          8  0.000e+00
    450.461    -0.4929   2.845728    -0.4916   2.845987    6.40541    -0.1072    13.8155 0.0000e+00  -62.33533  -58.05250 1152422686 190.225554    34.5128      80277          8  0.000e+00
    450.461    -0.4924   2.845715    -0.4915   2.846005    6.40536    -0.1180    13.8155 0.0000e+00  -62.33533  -58.05250 1152422686 190.225554    34.5121      80278          8  0.000e+00
    450.385    -0.4926   2.845718    -0.4916   2.845970    6.40531    -0.0749    13.8155 0.0000e+00  -62.33533  -58.05250 1152422686 190.225555    34.5124      80279          8  0.000e+00
    450.385    -0.4927   2.845762    -0.4919   2.845970    6.40530    -0.0642    13.8155 0.0000e+00  -62.33533  -58.05250 1152422686 190.225555    34.5132      80280          8  0.000e+00
    450.394    -0.4926   2.845752    -0.4919   2.845981    6.40530    -0.0857    13.8155 0.0000e+00  -62.33533  -58.05250 1152422686 190.225556    34.5128      80281          8  0.000e+00
    450.385    -0.4921   2.845735    -0.4922   2.845946    6.40524    -0.0964    13.8155 0.0000e+00  -62.33533  -58.05250 1152422686 190.225556    34.5121      80282          8  0.000e+00
    450.318    -0.4922   2.845722    -0.4924   2.845952    6.40520    -0.0964    13.8155 0.0000e+00  -62.33533  -58.05250 1152422686 190.225557    34.5121      80283          8  0.000e+00
    450.318    -0.4922   2.845678    -0.4921   2.845958    6.40523    -0.0749    13.8155 0.0000e+00  -62.33533  -58.05250 1152422686 190.225557    34.5115      80284          8  0.000e+00
    350.729    -0.6766   2.821772    -0.6748   2.822070    6.63225    -0.1395    13.8155 0.0000e+00  -62.33533  -58.05250 1152422864 190.227617    34.4597      84556          9  0.000e+00
    350.662    -0.6762   2.821801    -0.6749   2.822047    6.63211    -0.1287    13.8155 0.0000e+00  -62.33533  -58.05250 1152422864 190.227618    34.4597      84557          9  0.000e+00
    350.729    -0.6765   2.821795    -0.6751   2.822047    6.63222    -0.1287    13.8155 0.0000e+00  -62.33533  -58.05250 1152422864 190.227618    34.4599      84558          9  0.000e+00
    350.719    -0.6763   2.821772    -0.6748   2.822047    6.63707    -0.1180    13.8155 0.0000e+00  -62.33533  -58.05250 1152422864 190.227619    34.4594      84559          9  0.000e+00
    350.595    -0.6762   2.821768    -0.6755   2.822047    6.63693    -0.0857    13.8155 0.0000e+00  -62.33533  -58.05250 1152422864 190.227619    34.4593      84560          9  0.000e+00
    350.729    -0.6762   2.821765    -0.6749   2.822006    6.63220    -0.1287    13.8155 0.0000e+00  -62.33533  -58.05250 1152422865 190.227620    34.4591      84561          9  0.000e+00
    350.595    -0.6758   2.821748    -0.6752   2.822006    6.63204    -0.1287    13.8155 0.0000e+00  -62.33533  -58.05250 1152422865 190.227620    34.4586      84562          9  0.000e+00
    350.595    -0.6760   2.821762    -0.6755   2.821994    6.63206    -0.0964    13.8155 0.0000e+00  -62.33533  -58.05250 1152422865 190.227621    34.4590      84563          9  0.000e+00
    350.662    -0.6766   2.821728    -0.6761   2.821994    6.63222    -0.0749    13.8155 0.0000e+00  -62.33533  -58.05250 1152422865 190.227621    34.4592      84564          9  0.000e+00
    350.585    -0.6763   2.821718    -0.6757   2.821994    6.63698    -0.1072    13.8155 0.0000e+00  -62.33533  -58.05250 1152422865 190.227622    34.4587      84565          9  0.000e+00
    350.595    -0.6765   2.821722    -0.6757   2.821994    6.63701    -0.1610    13.8155 0.0000e+00  -62.33533  -58.05250 1152422865 190.227622    34.4590      84566          9  0.000e+00
    350.595    -0.6760   2.821735    -0.6759   2.821977    6.63694    -0.1610    13.8155 0.0000e+00  -62.33533  -58.05250 1152422865 190.227622    34.4586      84567          9  0.000e+00
    350.595    -0.6765   2.821725    -0.6757   2.821971    6.63214    -0.1180    13.8155 0.0000e+00  -62.33533  -58.05250 1152422865 190.227623    34.4590      84568          9  0.000e+00
    350.595    -0.6763   2.821738    -0.6758   2.821977    6.63211    -0.1072    13.8155 0.0000e+00  -62.33533  -58.05250 1152422865 190.227623    34.4590      84569          9  0.000e+00
    350.518    -0.6763   2.821758    -0.6759   2.821971    6.63203    -0.0964    13.8155 0.0000e+00  -62.33533  -58.05250 1152422865 190.227624    34.4593      84570          9  0.000e+00
    350.509    -0.6768   2.821732    -0.6755   2.821988    6.63210    -0.0642    13.8155 0.0000e+00  -62.33533  -58.05250 1152422865 190.227624    34.4595      84571          9  0.000e+00
    350.595    -0.6763   2.821705    -0.6755   2.821977    6.63213    -0.0642    13.8155 0.0000e+00  -62.33533  -58.05250 1152422865 190.227625    34.4586      84572          9  0.000e+00
    350.518    -0.6763   2.821732    -0.6757   2.821971    6.63691    -0.1072    13.8155 0.0000e+00  -62.33533  -58.05250 1152422865 190.227625    34.4590      84573          9  0.000e+00
    350.451    -0.6762   2.821675    -0.6761   2.821971    6.63686    -0.1180    13.8155 0.0000e+00  -62.33533  -58.05250 1152422865 190.227626    34.4581      84574          9  0.000e+00
    350.518    -0.6763   2.821718    -0.6756   2.821947    6.63205    -0.1072    13.8155 0.0000e+00  -62.33533  -58.05250 1152422865 190.227626    34.4588      84575          9  0.000e+00
    350.518    -0.6756   2.821761    -0.6758   2.821971    6.63678    -0.1072    13.8155 0.0000e+00  -62.33533  -58.05250 1152422865 190.227627    34.4585      84576          9  0.000e+00
    350.509    -0.6762   2.821732    -0.6761   2.821971    6.63688    -0.1287    13.8155 0.0000e+00  -62.33533  -58.05250 1152422865 190.227627    34.4588      84577          9  0.000e+00
    350.451    -0.6760   2.821771    -0.6763   2.821988    6.63678    -0.1180    13.8155 0.0000e+00  -62.33533  -58.05250 1152422865 190.227628    34.4592      84578          9  0.000e+00
    350.451    -0.6765   2.821771    -0.6761   2.821953    6.63684    -0.0964    13.8155 0.0000e+00  -62.33533  -58.05250 1152422865 190.227628    34.4597      84579          9  0.000e+00
    350.451    -0.6760   2.821801    -0.6761   2.821959    6.63676    -0.0857    13.8155 0.0000e+00  -62.33533  -58.05250 1152422865 190.227629    34.4596      84580          9  0.000e+00
    350.451    -0.6756   2.821795    -0.6761   2.821947    6.63670    -0.0749    13.8155 0.0000e+00  -62.33533  -58.05250 1152422865 190.227629    34.4590      84581          9  0.000e+00
    350.451    -0.6754   2.821838    -0.6761   2.821930    6.63665    -0.1180    13.8155 0.0000e+00  -62.33533  -58.05250 1152422865 190.227630    34.4594      84582          9  0.000e+00
    350.442    -0.6757   2.821891    -0.6761   2.821977    6.63666    -0.1180    13.8155 0.0000e+00  -62.33533  -58.05250 1152422865 190.227630    34.4605      84583          9  0.000e+00
    350.451    -0.6746   2.821864    -0.6761   2.821953    6.63653    -0.1072    13.8155 0.0000e+00  -62.33533  -58.05250 1152422865 190.227631    34.4589      84584          9  0.000e+00
    350.451    -0.6746   2.821854    -0.6761   2.821977    6.63654    -0.1072    13.8155 0.0000e+00  -62.33533  -58.05250 1152422866 190.227631    34.4587      84585          9  0.000e+00
    350.375    -0.6746   2.821874    -0.6757   2.821977    6.63646    -0.1502    13.8155 0.0000e+00  -62.33533  -58.05250 1152422866 190.227632    34.4591      84586          9  0.000e+00
    350.451    -0.6746   2.821894    -0.6755   2.821971    6.63652    -0.1287    13.8155 0.0000e+00  -62.33533  -58.05250 1152422866 190.227632    34.4593      84587          9  0.000e+00
    350.375    -0.6743   2.821921    -0.6761   2.821971    6.63639    -0.1287    13.8155 0.0000e+00  -62.33533  -58.05250 1152422866 190.227633    34.4593      84588          9  0.000e+00
