product_data/regression_test/downloaded_data/MGDS/320620060703/ctd/p6609607.ros
* Sea-Bird SBE 9 Data File:
* FileName = D:\Data\Raw\p6609607.dat
* Software Version Seasave Win32 V 5.32
* Temperature SN = 1649
* Conductivity SN = 1431
* Number of Bytes Per Scan = 37
* Number of Voltage Words = 5
* Number of Scans Averaged by the Deck Unit = 1
* NMEA Latitude = 60 45.06 S
* NMEA Longitude = 058 22.44 W
* NMEA UTC (Time) = 00:38:08
** Ship:   Nathaniel B. Palmer 
** Cruise:    NBP0606 
# nquan = 17
# nvalues = 1176                    
# units = specified
# name 0 = prDM: Pressure, Digiquartz [db]
# name 1 = t090C: Temperature [ITS-90, deg C]
# name 2 = c0S/m: Conductivity [S/m]
# name 3 = t190C: Temperature, 2 [ITS-90, deg C]
# name 4 = c1S/m: Conductivity, 2 [S/m]
# name 5 = sbeox0ML/L: Oxygen, SBE 43 [ml/l]
# name 6 = flECO-AFL: Fluorescence, Wetlab ECO-AFL/FL [mg/m^3]
# name 7 = bat: Beam Attenuation, Chelsea/Seatech/Wetlab CStar [1/m]
# name 8 = spar: SPAR/Surface Irradiance
# name 9 = latitude: Latitude [deg]
# name 10 = longitude: Longitude [deg]
# name 11 = timeY: Time, System [seconds]
# name 12 = timeJ: Julian Days
# name 13 = sal00: Salinity [PSU]
# name 14 = scan: scan number
# name 15 = nbf: number of bottles fired
# name 16 = flag:  0.000e+00
# interval = seconds: 0.0416667                   
# start_time = Jul 12 2006 00:38:16
*END*
[from data line 1107]
     30.145    -0.8077   2.753845    -0.8076   2.754282    8.05631     0.2694    13.8155 0.0000e+00  -60.75100  -58.37400 1152664904 193.029002    33.8864       5036         23  0.000e+00
     30.135    -0.8080   2.753851    -0.8076   2.754299    8.05165     0.2479    13.8155 0.0000e+00  -60.75100  -58.37400 1152664904 193.029003    33.8868       5037         23  0.000e+00
     30.145    -0.8074   2.753832    -0.8073   2.754334    8.05158     0.2586    13.8155 0.0000e+00  -60.75100  -58.37400 1152664904 193.029003    33.8858       5038         23  0.000e+00
     30.078    -0.8071   2.753861    -0.8073   2.754363    8.05143     0.2371    13.8155 0.0000e+00  -60.75100  -58.37400 1152664904 193.029004    33.8859       5039         23  0.000e+00
     30.078    -0.8074   2.753874    -0.8077   2.754369    8.05147     0.2371    13.8155 0.0000e+00  -60.75100  -58.37400 1152664904 193.029004    33.8865       5040         23  0.000e+00
     30.069    -0.8070   2.753855    -0.8070   2.754357    8.05611     0.2263    13.8155 0.0000e+00  -60.75100  -58.37400 1152664904 193.029005    33.8858       5041         23  0.000e+00
     30.078    -0.8075   2.753851    -0.8067   2.754363    8.05151     0.2694    13.8155 0.0000e+00  -60.75100  -58.37400 1152664904 193.029005    33.8863       5042         23  0.000e+00
     30.011    -0.8071   2.753851    -0.8067   2.754386    8.05605     0.3017    13.8155 0.0000e+00  -60.75100  -58.37400 1152664904 193.029006    33.8858       5043         23  0.000e+00
     30.011    -0.8071   2.753851    -0.8065   2.754398    8.05605     0.2586    13.8155 0.0000e+00  -60.75100  -58.37400 1152664904 193.029006    33.8858       5044         23  0.000e+00
     30.002    -0.8074   2.753851    -0.8065   2.754380    8.05609     0.2586    13.8155 0.0000e+00  -60.75100  -58.37400 1152664904 193.029007    33.8862       5045         23  0.000e+00
     29.935    -0.8074   2.753818    -0.8059   2.754369    8.05604     0.2694    13.8155 0.0000e+00  -60.75100  -58.37400 1152664904 193.029007    33.8858       5046         23  0.000e+00
     29.935    -0.8075   2.753838    -0.8062   2.754403    8.05605     0.2694    13.8155 0.0000e+00  -60.75100  -58.37400 1152664904 193.029008    33.8862       5047         23  0.000e+00
     29.926    -0.8075   2.753868    -0.8064   2.754380    8.05132     0.3017    13.8155 0.0000e+00  -60.75100  -58.37400 1152664904 193.029008    33.8866       5048         23  0.000e+00
     29.935    -0.8074   2.753855    -0.8058   2.754421    8.05133     0.3124    13.8155 0.0000e+00  -60.75100  -58.37400 1152664904 193.029008    33.8863       5049         23  0.000e+00
     29.868    -0.8074   2.753884    -0.8059   2.754403    8.05592     0.3017    13.8155 0.0000e+00  -60.75100  -58.37400 1152664904 193.029009    33.8867       5050         23  0.000e+00
     29.868    -0.8071   2.753878    -0.8061   2.754398    8.05118     0.3232    13.8155 0.0000e+00  -60.75100  -58.37400 1152664904 193.029009    33.8863       5051         23  0.000e+00
     29.792    -0.8069   2.753874    -0.8062   2.754415    8.05108     0.3339    13.8155 0.0000e+00  -60.75100  -58.37400 1152664904 193.029010    33.8861       5052         23  0.000e+00
     29.802    -0.8072   2.753855    -0.8062   2.754409    8.05584     0.3232    13.8155 0.0000e+00  -60.75100  -58.37400 1152664904 193.029010    33.8862       5053         23  0.000e+00
     29.802    -0.8074   2.753851    -0.8061   2.754398    8.05587     0.2801    13.8155 0.0000e+00  -60.75100  -58.37400 1152664904 193.029011    33.8863       5054         23  0.000e+00
     29.659    -0.8071   2.753851    -0.8061   2.754415    8.05566     0.2371    13.8155 0.0000e+00  -60.75100  -58.37400 1152664904 193.029011    33.8861       5055         23  0.000e+00
     31.269    -0.8088   2.753812    -0.8073   2.754381    8.05777     0.2909    13.8155 0.0000e+00  -60.75100  -58.37400 1152664913 193.029116    33.8864       5271         24  0.000e+00
     31.192    -0.8086   2.753822    -0.8078   2.754375    8.05765     0.2694    13.8155 0.0000e+00  -60.75100  -58.37400 1152664914 193.029116    33.8865       5272         24  0.000e+00
     31.412    -0.8086   2.753829    -0.8081   2.754369    8.05789     0.3339    13.8155 0.0000e+00  -60.75100  -58.37400 1152664914 193.029117    33.8864       5273         24  0.000e+00
     31.335    -0.8085   2.753845    -0.8079   2.754369    8.05777     0.3124    13.8155 0.0000e+00  -60.75100  -58.37400 1152664914 193.029117    33.8865       5274         24  0.000e+00
     31.269    -0.8086   2.753819    -0.8077   2.754357    8.05774     0.2694    13.8155 0.0000e+00  -60.75100  -58.37400 1152664914 193.029117    33.8864       5275         24  0.000e+00
     31.326    -0.8086   2.753822    -0.8079   2.754363    8.05780     0.2694    13.8155 0.0000e+00  -60.75100  -58.37400 1152664914 193.029118    33.8863       5276         24  0.000e+00
     31.412    -0.8088   2.753829    -0.8082   2.754329    8.05791     0.2694    13.8155 0.0000e+00  -60.75100  -58.37400 1152664914 193.029118    33.8866       5277         24  0.000e+00
     31.335    -0.8089   2.753829    -0.8081   2.754334    8.05786     0.3017    13.8155 0.0000e+00  -60.75100  -58.37400 1152664914 193.029119    33.8868       5278         24  0.000e+00
     31.335    -0.8088   2.753845    -0.8078   2.754352    8.05782     0.2909    13.8155 0.0000e+00  -60.75100  -58.37400 1152664914 193.029119    33.8868       5279         24  0.000e+00
     31.402    -0.8091   2.753832    -0.8076   2.754363    8.05795     0.3124    13.8155 0.0000e+00  -60.75100  -58.37400 1152664914 193.029120    33.8870       5280         24  0.000e+00
     31.412    -0.8088   2.753829    -0.8080   2.754386    8.05791     0.3447    13.8155 0.0000e+00  -60.75100  -58.37400 1152664914 193.029120    33.8866       5281         24  0.000e+00
     31.412    -0.8085   2.753829    -0.8076   2.754398    8.05787     0.3232    13.8155 0.0000e+00  -60.75100  -58.37400 1152664914 193.029121    33.8863       5282         24  0.000e+00
     31.335    -0.8086   2.753812    -0.8078   2.754381    8.05781     0.2909    13.8155 0.0000e+00  -60.75100  -58.37400 1152664914 193.029121    33.8862       5283         24  0.000e+00
     31.402    -0.8091   2.753822    -0.8074   2.754410    8.05796     0.2909    13.8155 0.0000e+00  -60.75100  -58.37400 1152664914 193.029122    33.8869       5284         24  0.000e+00
     31.478    -0.8089   2.753829    -0.8076   2.754404    8.05802     0.3124    13.8155 0.0000e+00  -60.75100  -58.37400 1152664914 193.029122    33.8867       5285         24  0.000e+00
     31.412    -0.8089   2.753829    -0.8073   2.754398    8.05794     0.3232    13.8155 0.0000e+00  -60.75100  -58.37400 1152664914 193.029123    33.8868       5286         24  0.000e+00
     31.412    -0.8093   2.753829    -0.8074   2.754404    8.05799     0.3017    13.8155 0.0000e+00  -60.75100  -58.37400 1152664914 193.029123    33.8871       5287         24  0.000e+00
     31.402    -0.8085   2.753812    -0.8076   2.754415    8.05787     0.3017    13.8155 0.0000e+00  -60.75100  -58.37400 1152664914 193.029124    33.8860       5288         24  0.000e+00
     31.478    -0.8088   2.753839    -0.8073   2.754404    8.05798     0.2694    13.8155 0.0000e+00  -60.75100  -58.37400 1152664914 193.029124    33.8867       5289         24  0.000e+00
     31.412    -0.8084   2.753852    -0.8068   2.754398    8.05785     0.2909    13.8155 0.0000e+00  -60.75100  -58.37400 1152664914 193.029125    33.8865       5290         24  0.000e+00
     31.412    -0.8089   2.753832    -0.8076   2.754381    8.05325     0.2586    13.8155 0.0000e+00  -60.75100  -58.37400 1152664914 193.029125    33.8868       5291         24  0.000e+00
     31.469    -0.8086   2.753829    -0.8073   2.754410    8.05326     0.2694    13.8155 0.0000e+00  -60.75100  -58.37400 1152664914 193.029126    33.8864       5292         24  0.000e+00
     31.412    -0.8088   2.753862    -0.8080   2.754404    8.05789     0.3017    13.8155 0.0000e+00  -60.75100  -58.37400 1152664914 193.029126    33.8870       5293         24  0.000e+00
     31.478    -0.8086   2.753855    -0.8078   2.754415    8.05795     0.3447    13.8155 0.0000e+00  -60.75100  -58.37400 1152664914 193.029127    33.8867       5294         24  0.000e+00
     31.412    -0.8086   2.753832    -0.8076   2.754386    8.05789     0.3339    13.8155 0.0000e+00  -60.75100  -58.37400 1152664915 193.029127    33.8865       5295         24  0.000e+00
     31.469    -0.8088   2.753845    -0.8074   2.754410    8.05797     0.2801    13.8155 0.0000e+00  -60.75100  -58.37400 1152664915 193.029128    33.8868       5296         24  0.000e+00
     31.478    -0.8086   2.753852    -0.8076   2.754381    8.05794     0.2371    13.8155 0.0000e+00  -60.75100  -58.37400 1152664915 193.029128    33.8867       5297         24  0.000e+00
     31.412    -0.8085   2.753832    -0.8079   2.754352    8.05787     0.2479    13.8155 0.0000e+00  -60.75100  -58.37400 1152664915 193.029129    33.8863       5298         24  0.000e+00
     31.411    -0.8093   2.753862    -0.8071   2.754392    8.05797     0.2694    13.8155 0.0000e+00  -60.75100  -58.37400 1152664915 193.029129    33.8876       5299         24  0.000e+00
     31.478    -0.8093   2.753855    -0.8078   2.754415    8.05805     0.2586    13.8155 0.0000e+00  -60.75100  -58.37400 1152664915 193.029130    33.8874       5300         24  0.000e+00
     31.402    -0.8086   2.753868    -0.8076   2.754381    8.05785     0.2586    13.8155 0.0000e+00  -60.75100  -58.37400 1152664915 193.029130    33.8870       5301         24  0.000e+00
     31.478    -0.8095   2.753839    -0.8076   2.754375    8.05811     0.2586    13.8155 0.0000e+00  -60.75100  -58.37400 1152664915 193.029130    33.8875       5302         24  0.000e+00
     31.411    -0.8086   2.753829    -0.8074   2.754369    8.05789     0.3017    13.8155 0.0000e+00  -60.75100  -58.37400 1152664915 193.029131    33.8864       5303         24  0.000e+00
     31.411    -0.8086   2.753845    -0.8074   2.754386    8.05787     0.3017    13.8155 0.0000e+00  -60.75100  -58.37400 1152664915 193.029131    33.8866       5304         24  0.000e+00
     31.402    -0.8086   2.753852    -0.8076   2.754415    8.05786     0.2801    13.8155 0.0000e+00  -60.75100  -58.37400 1152664915 193.029132    33.8867       5305         24  0.000e+00
     31.411    -0.8091   2.753852    -0.8076   2.754386    8.05795     0.2586    13.8155 0.0000e+00  -60.75100  -58.37400 1152664915 193.029132    33.8872       5306         24  0.000e+00
     31.411    -0.8082   2.753868    -0.8071   2.754410    8.06248     0.2801    13.8155 0.0000e+00  -60.75100  -58.37400 1152664915 193.029133    33.8864       5307         24  0.000e+00
     31.411    -0.8086   2.753891    -0.8076   2.754404    8.06254     0.2586    13.8155 0.0000e+00  -60.75100  -58.37400 1152664915 193.029133    33.8873       5308         24  0.000e+00
     31.402    -0.8083   2.753878    -0.8078   2.754398    8.05779     0.2371    13.8155 0.0000e+00  -60.75100  -58.37400 1152664915 193.029134    33.8867       5309         24  0.000e+00
     31.268    -0.8089   2.753855    -0.8071   2.754381    8.05776     0.2909    13.8155 0.0000e+00  -60.75100  -58.37400 1152664915 193.029134    33.8872       5310         24  0.000e+00
     31.478    -0.8089   2.753832    -0.8073   2.754410    8.05801     0.3232    13.8155 0.0000e+00  -60.75100  -58.37400 1152664915 193.029135    33.8867       5311         24  0.000e+00
     31.335    -0.8086   2.753812    -0.8068   2.754438    8.05782     0.3124    13.8155 0.0000e+00  -60.75100  -58.37400 1152664915 193.029135    33.8862       5312         24  0.000e+00
     31.402    -0.8091   2.753822    -0.8073   2.754450    8.05796     0.2694    13.8155 0.0000e+00  -60.75100  -58.37400 1152664915 193.029136    33.8869       5313         24  0.000e+00
     31.268    -0.8089   2.753845    -0.8068   2.754456    8.06246     0.2694    13.8155 0.0000e+00  -60.75100  -58.37400 1152664915 193.029136    33.8871       5314         24  0.000e+00
     31.335    -0.8089   2.753832    -0.8073   2.754410    8.06255     0.2479    13.8155 0.0000e+00  -60.75100  -58.37400 1152664915 193.029137    33.8869       5315         24  0.000e+00
     31.335    -0.8088   2.753862    -0.8068   2.754433    8.05780     0.2371    13.8155 0.0000e+00  -60.75100  -58.37400 1152664915 193.029137    33.8871       5316         24  0.000e+00
     31.326    -0.8089   2.753825    -0.8065   2.754450    8.06254     0.2156    13.8155 0.0000e+00  -60.75100  -58.37400 1152664915 193.029138    33.8868       5317         24  0.000e+00
     31.268    -0.8087   2.753822    -0.8064   2.754456    8.06245     0.2479    13.8155 0.0000e+00  -60.75100  -58.37400 1152664915 193.029138    33.8865       5318         24  0.000e+00
     31.268    -0.8089   2.753845    -0.8064   2.754427    8.06246     0.2909    13.8155 0.0000e+00  -60.75100  -58.37400 1152664916 193.029139    33.8871       5319         24  0.000e+00
