product_data/regression_test/downloaded_data/MGDS/320620060703/ctd/p6608701.ros
* Sea-Bird SBE 9 Data File:
* FileName = D:\Data\Raw\P6608701.dat
* Software Version Seasave Win32 V 5.32
* Temperature SN = 1649
* Conductivity SN = 1431
* Number of Bytes Per Scan = 37
* Number of Voltage Words = 5
* Number of Scans Averaged by the Deck Unit = 1
* NMEA Latitude = 61 33.29 S
* NMEA Longitude = 057 46.12 W
* NMEA UTC (Time) = 07:05:52
** Ship:   Nathaniel B. Palmer 
** Cruise:    NBP0603 p0606
** Cast #: 01
** Station:   87
** Operator: rdd
# nquan = 17
# nvalues = 1176                    
# units = specified
# name 0 = prDM: Pressure, Digiquartz [db]
# name 1 = t090C: Temperature [ITS-90, deg C]
# name 2 = c0S/m: Conductivity [S/m]
# name 3 = t190C: Temperature, 2 [ITS-90, deg C]
# name 4 = c1S/m: Conductivity, 2 [S/m]
# name 5 = sbeox0ML/L: Oxygen, SBE 43 [ml/l]
# name 6 = flECO-AFL: Fluorescence, Wetlab ECO-AFL/FL [mg/m^3]
# name 7 = bat: Beam Attenuation, Chelsea/Seatech/Wetlab CStar [1/m]
# name 8 = spar: SPAR/Surface Irradiance
# name 9 = latitude: Latitude [deg]
# name 10 = longitude: Longitude [deg]
# name 11 = timeY: Time, System [seconds]
# name 12 = timeJ: Julian Days
# name 13 = sal00: Salinity [PSU]
# name 14 = scan: scan number
# name 15 = nbf: number of bottles fired
# name 16 = flag:  0.000e+00
# interval = seconds: 0.0416667                   
# start_time = Jul 10 2006 07:05:59
*END*
[from data line 256]
    250.214    -0.0874   2.864528    -0.0876   2.864755    6.30947    -0.0749    13.8155 0.0000e+00  -61.55483  -57.76867 1152516343 191.309539    34.4265      28446          6  0.000e+00
    250.301    -0.0869   2.864498    -0.0882   2.864691    6.30951    -0.0534    13.8155 0.0000e+00  -61.55483  -57.76867 1152516343 191.309540    34.4255      28447          6  0.000e+00
    250.291    -0.0873   2.864488    -0.0884   2.864673    6.30955    -0.0749    13.8155 0.0000e+00  -61.55483  -57.76867 1152516343 191.309540    34.4257      28448          6  0.000e+00
    250.368    -0.0873   2.864505    -0.0890   2.864673    6.30960    -0.0964    13.8155 0.0000e+00  -61.55483  -57.76867 1152516343 191.309541    34.4259      28449          6  0.000e+00
    250.358    -0.0876   2.864492    -0.0891   2.864656    6.31437    -0.0749    13.8155 0.0000e+00  -61.55483  -57.76867 1152516343 191.309541    34.4261      28450          6  0.000e+00
    250.368    -0.0873   2.864539    -0.0882   2.864714    6.31431    -0.0857    13.8155 0.0000e+00  -61.55483  -57.76867 1152516343 191.309542    34.4264      28451          6  0.000e+00
    250.501    -0.0868   2.864589    -0.0878   2.864773    6.30962    -0.1072    13.8155 0.0000e+00  -61.55483  -57.76867 1152516343 191.309542    34.4264      28452          6  0.000e+00
    250.434    -0.0868   2.864569    -0.0876   2.864802    6.30956    -0.0857    13.8155 0.0000e+00  -61.55483  -57.76867 1152516343 191.309543    34.4262      28453          6  0.000e+00
    250.501    -0.0865   2.864589    -0.0878   2.864832    6.30957    -0.1180    13.8155 0.0000e+00  -61.55483  -57.76867 1152516343 191.309543    34.4261      28454          6  0.000e+00
    250.578    -0.0869   2.864582    -0.0870   2.864861    6.30970    -0.1502    13.8155 0.0000e+00  -61.55483  -57.76867 1152516343 191.309544    34.4265      28455          6  0.000e+00
    250.578    -0.0866   2.864612    -0.0868   2.864885    6.30965    -0.1395    13.8155 0.0000e+00  -61.55483  -57.76867 1152516343 191.309544    34.4265      28456          6  0.000e+00
    250.645    -0.0863   2.864605    -0.0870   2.864855    6.30967    -0.1072    13.8155 0.0000e+00  -61.55483  -57.76867 1152516343 191.309545    34.4260      28457          6  0.000e+00
    250.645    -0.0866   2.864619    -0.0875   2.864773    6.31443    -0.0749    13.8155 0.0000e+00  -61.55483  -57.76867 1152516343 191.309545    34.4266      28458          6  0.000e+00
    250.645    -0.0868   2.864605    -0.0881   2.864720    6.30973    -0.0857    13.8155 0.0000e+00  -61.55483  -57.76867 1152516343 191.309546    34.4265      28459          6  0.000e+00
    250.721    -0.0871   2.864552    -0.0876   2.864703    6.30987    -0.0749    13.8155 0.0000e+00  -61.55483  -57.76867 1152516343 191.309546    34.4262      28460          6  0.000e+00
    250.712    -0.0873   2.864482    -0.0885   2.864662    6.30992    -0.0319    13.8155 0.0000e+00  -61.55483  -57.76867 1152516343 191.309547    34.4254      28461          6  0.000e+00
    250.788    -0.0883   2.864412    -0.0887   2.864568    6.31016    -0.0749    13.8155 0.0000e+00  -61.55483  -57.76867 1152516344 191.309547    34.4256      28462          6  0.000e+00
    250.779    -0.0885   2.864395    -0.0885   2.864521    6.31018    -0.1287    13.8155 0.0000e+00  -61.55483  -57.76867 1152516344 191.309548    34.4256      28463          6  0.000e+00
    250.788    -0.0888   2.864412    -0.0890   2.864533    6.31023    -0.0964    13.8155 0.0000e+00  -61.55483  -57.76867 1152516344 191.309548    34.4262      28464          6  0.000e+00
    250.922    -0.0882   2.864418    -0.0894   2.864539    6.31499    -0.0319    13.8155 0.0000e+00  -61.55483  -57.76867 1152516344 191.309549    34.4255      28465          6  0.000e+00
    250.865    -0.0888   2.864398    -0.0891   2.864662    6.31030    -0.0534    13.8155 0.0000e+00  -61.55483  -57.76867 1152516344 191.309549    34.4259      28466          6  0.000e+00
    250.922    -0.0890   2.864395    -0.0893   2.864662    6.31037    -0.0642    13.8155 0.0000e+00  -61.55483  -57.76867 1152516344 191.309550    34.4260      28467          6  0.000e+00
    250.932    -0.0890   2.864412    -0.0891   2.864632    6.31037    -0.1072    13.8155 0.0000e+00  -61.55483  -57.76867 1152516344 191.309550    34.4263      28468          6  0.000e+00
    250.989    -0.0885   2.864469    -0.0893   2.864720    6.31033    -0.1072    13.8155 0.0000e+00  -61.55483  -57.76867 1152516344 191.309551    34.4264      28469          6  0.000e+00
    250.999    -0.0883   2.864489    -0.0882   2.864814    6.31031    -0.0857    13.8155 0.0000e+00  -61.55483  -57.76867 1152516344 191.309551    34.4265      28470          6  0.000e+00
    250.989    -0.0882   2.864365    -0.0870   2.864902    6.31035    -0.0534    13.8155 0.0000e+00  -61.55483  -57.76867 1152516344 191.309552    34.4247      28471          6  0.000e+00
    251.075    -0.0896   2.864275    -0.0870   2.864820    6.31065    -0.0749    13.8155 0.0000e+00  -61.55483  -57.76867 1152516344 191.309552    34.4251      28472          6  0.000e+00
    251.133    -0.0891   2.864412    -0.0881   2.864721    6.31056    -0.1072    13.8155 0.0000e+00  -61.55483  -57.76867 1152516344 191.309552    34.4263      28473          6  0.000e+00
    251.075    -0.0883   2.864445    -0.0887   2.864603    6.31040    -0.1072    13.8155 0.0000e+00  -61.55483  -57.76867 1152516344 191.309553    34.4259      28474          6  0.000e+00
    251.133    -0.0882   2.864338    -0.0896   2.864568    6.31049    -0.1180    13.8155 0.0000e+00  -61.55483  -57.76867 1152516344 191.309553    34.4243      28475          6  0.000e+00
    251.209    -0.0897   2.864235    -0.0893   2.864668    6.31081    -0.0964    13.8155 0.0000e+00  -61.55483  -57.76867 1152516344 191.309554    34.4246      28476          6  0.000e+00
    251.209    -0.0902   2.864348    -0.0890   2.864726    6.31081    -0.1180    13.8155 0.0000e+00  -61.55483  -57.76867 1152516344 191.309554    34.4267      28477          6  0.000e+00
    251.209    -0.0880   2.864689    -0.0879   2.864809    6.31034    -0.1287    13.8155 0.0000e+00  -61.55483  -57.76867 1152516344 191.309555    34.4287      28478          6  0.000e+00
    251.276    -0.0860   2.864836    -0.0871   2.864873    6.30532    -0.0642    13.8155 0.0000e+00  -61.55483  -57.76867 1152516344 191.309555    34.4284      28479          6  0.000e+00
    251.286    -0.0851   2.864819    -0.0874   2.864814    6.30522    -0.0642    13.8155 0.0000e+00  -61.55483  -57.76867 1152516344 191.309556    34.4271      28480          6  0.000e+00
    251.276    -0.0859   2.864652    -0.0882   2.864703    6.31014    -0.0857    13.8155 0.0000e+00  -61.55483  -57.76867 1152516344 191.309556    34.4258      28481          6  0.000e+00
    251.353    -0.0877   2.864275    -0.0888   2.864592    6.31066    -0.0749    13.8155 0.0000e+00  -61.55483  -57.76867 1152516344 191.309557    34.4228      28482          6  0.000e+00
    251.420    -0.0908   2.864098    -0.0891   2.864633    6.31122    -0.1072    13.8155 0.0000e+00  -61.55483  -57.76867 1152516344 191.309557    34.4239      28483          6  0.000e+00
    200.747    -0.1801   2.852331    -0.1796   2.852589    6.44507    -0.0319    13.8155 0.0000e+00  -61.55483  -57.76867 1152516494 191.311283    34.3986      32061          7  0.000e+00
    200.747    -0.1800   2.852311    -0.1799   2.852577    6.44507    -0.0749    13.8155 0.0000e+00  -61.55483  -57.76867 1152516494 191.311283    34.3983      32062          7  0.000e+00
    200.651    -0.1797   2.852304    -0.1796   2.852589    6.44495    -0.0964    13.8155 0.0000e+00  -61.55483  -57.76867 1152516494 191.311284    34.3979      32063          7  0.000e+00
    200.680    -0.1802   2.852318    -0.1797   2.852600    6.44503    -0.0749    13.8155 0.0000e+00  -61.55483  -57.76867 1152516494 191.311284    34.3986      32064          7  0.000e+00
    200.680    -0.1801   2.852341    -0.1795   2.852577    6.44500    -0.0534    13.8155 0.0000e+00  -61.55483  -57.76867 1152516494 191.311285    34.3987      32065          7  0.000e+00
    200.718    -0.1800   2.852328    -0.1795   2.852571    6.44504    -0.0749    13.8155 0.0000e+00  -61.55483  -57.76867 1152516494 191.311285    34.3985      32066          7  0.000e+00
    200.603    -0.1802   2.852308    -0.1797   2.852571    6.44497    -0.0749    13.8155 0.0000e+00  -61.55483  -57.76867 1152516494 191.311286    34.3985      32067          7  0.000e+00
    200.680    -0.1807   2.852308    -0.1799   2.852554    6.44510    -0.1180    13.8155 0.0000e+00  -61.55483  -57.76867 1152516494 191.311286    34.3990      32068          7  0.000e+00
    200.651    -0.1803   2.852288    -0.1795   2.852583    6.44504    -0.1180    13.8155 0.0000e+00  -61.55483  -57.76867 1152516494 191.311287    34.3984      32069          7  0.000e+00
    200.603    -0.1806   2.852298    -0.1793   2.852577    6.44503    -0.0749    13.8155 0.0000e+00  -61.55483  -57.76867 1152516494 191.311287    34.3988      32070          7  0.000e+00
    200.651    -0.1803   2.852284    -0.1800   2.852606    6.44504    -0.0426    13.8155 0.0000e+00  -61.55483  -57.76867 1152516494 191.311288    34.3983      32071          7  0.000e+00
    200.603    -0.1804   2.852311    -0.1798   2.852583    6.44499    -0.0534    13.8155 0.0000e+00  -61.55483  -57.76867 1152516494 191.311288    34.3987      32072          7  0.000e+00
    200.603    -0.1802   2.852308    -0.1797   2.852571    6.44497    -0.0749    13.8155 0.0000e+00  -61.55483  -57.76867 1152516494 191.311289    34.3985      32073          7  0.000e+00
    200.651    -0.1802   2.852274    -0.1800   2.852530    6.44503    -0.0426    13.8155 0.0000e+00  -61.55483  -57.76867 1152516494 191.311289    34.3980      32074          7  0.000e+00
    200.537    -0.1802   2.852324    -0.1798   2.852577    6.44490    -0.0319    13.8155 0.0000e+00  -61.55483  -57.76867 1152516494 191.311290    34.3988      32075          7  0.000e+00
    200.603    -0.1799   2.852328    -0.1797   2.852577    6.44491    -0.0534    13.8155 0.0000e+00  -61.55483  -57.76867 1152516494 191.311290    34.3984      32076          7  0.000e+00
    200.575    -0.1806   2.852308    -0.1796   2.852589    6.44500    -0.0964    13.8155 0.0000e+00  -61.55483  -57.76867 1152516494 191.311291    34.3990      32077          7  0.000e+00
    200.537    -0.1800   2.852334    -0.1797   2.852618    6.44487    -0.1287    13.8155 0.0000e+00  -61.55483  -57.76867 1152516494 191.311291    34.3987      32078          7  0.000e+00
    200.537    -0.1804   2.852328    -0.1797   2.852606    6.44492    -0.1395    13.8155 0.0000e+00  -61.55483  -57.76867 1152516494 191.311291    34.3990      32079          7  0.000e+00
    200.575    -0.1800   2.852314    -0.1796   2.852600    6.44492    -0.1287    13.8155 0.0000e+00  -61.55483  -57.76867 1152516494 191.311292    34.3984      32080          7  0.000e+00
    200.537    -0.1795   2.852304    -0.1794   2.852618    6.44483    -0.1610    13.8155 0.0000e+00  -61.55483  -57.76867 1152516494 191.311292    34.3978      32081          7  0.000e+00
    200.508    -0.1802   2.852334    -0.1798   2.852606    6.44487    -0.0749    13.8155 0.0000e+00  -61.55483  -57.76867 1152516494 191.311293    34.3989      32082          7  0.000e+00
    200.537    -0.1799   2.852328    -0.1795   2.852600    6.44485    -0.0319    13.8155 0.0000e+00  -61.55483  -57.76867 1152516494 191.311293    34.3984      32083          7  0.000e+00
    200.537    -0.1802   2.852341    -0.1798   2.852600    6.44489    -0.0211    13.8155 0.0000e+00  -61.55483  -57.76867 1152516494 191.311294    34.3990      32084          7  0.000e+00
    200.508    -0.1802   2.852328    -0.1794   2.852600    6.44487    -0.0964    13.8155 0.0000e+00  -61.55483  -57.76867 1152516495 191.311294    34.3988      32085          7  0.000e+00
    200.470    -0.1797   2.852308    -0.1792   2.852618    6.44479    -0.0964    13.8155 0.0000e+00  -61.55483  -57.76867 1152516495 191.311295    34.3981      32086          7  0.000e+00
    200.470    -0.1799   2.852344    -0.1796   2.852624    6.44478    -0.1072    13.8155 0.0000e+00  -61.55483  -57.76867 1152516495 191.311295    34.3987      32087          7  0.000e+00
    200.508    -0.1797   2.852348    -0.1792   2.852583    6.44480    -0.1395    13.8155 0.0000e+00  -61.55483  -57.76867 1152516495 191.311296    34.3985      32088          7  0.000e+00
    200.470    -0.1794   2.852398    -0.1798   2.852606    6.44470    -0.1072    13.8155 0.0000e+00  -61.55483  -57.76867 1152516495 191.311296    34.3989      32089          7  0.000e+00
    200.470    -0.1795   2.852381    -0.1795   2.852641    6.44472    -0.1180    13.8155 0.0000e+00  -61.55483  -57.76867 1152516495 191.311297    34.3988      32090          7  0.000e+00
    200.441    -0.1795   2.852388    -0.1790   2.852612    6.44469    -0.0749    13.8155 0.0000e+00  -61.55483  -57.76867 1152516495 191.311297    34.3989      32091          7  0.000e+00
    200.470    -0.1797   2.852358    -0.1792   2.852600    6.44476    -0.0749    13.8155 0.0000e+00  -61.55483  -57.76867 1152516495 191.311298    34.3987      32092          7  0.000e+00
    200.508    -0.1796   2.852371    -0.1795   2.852600    6.44477    -0.1180    13.8155 0.0000e+00  -61.55483  -57.76867 1152516495 191.311298    34.3987      32093          7  0.000e+00
    200.393    -0.1792   2.852391    -0.1796   2.852577    6.44461    -0.0964    13.8155 0.0000e+00  -61.55483  -57.76867 1152516495 191.311299    34.3986      32094          7  0.000e+00
    200.470    -0.1794   2.852394    -0.1795   2.852589    6.44470    -0.0749    13.8155 0.0000e+00  -61.55483  -57.76867 1152516495 191.311299    34.3988      32095          7  0.000e+00
    200.441    -0.1791   2.852411    -0.1796   2.852618    6.44462    -0.0534    13.8155 0.0000e+00  -61.55483  -57.76867 1152516495 191.311300    34.3987      32096          7  0.000e+00
    200.393    -0.1799   2.852398    -0.1800   2.852606    6.44469    -0.0534    13.8155 0.0000e+00  -61.55483  -57.76867 1152516495 191.311300    34.3995      32097          7  0.000e+00
    200.470    -0.1792   2.852428    -0.1790   2.852618    6.44465    -0.0749    13.8155 0.0000e+00  -61.55483  -57.76867 1152516495 191.311301    34.3991      32098          7  0.000e+00
    200.365    -0.1795   2.852404    -0.1792   2.852624    6.44461    -0.0857    13.8155 0.0000e+00  -61.55483  -57.76867 1152516495 191.311301    34.3992      32099          7  0.000e+00
    200.393    -0.1790   2.852414    -0.1794   2.852606    6.44456    -0.1180    13.8155 0.0000e+00  -61.55483  -57.76867 1152516495 191.311302    34.3987      32100          7  0.000e+00
    200.470    -0.1794   2.852384    -0.1796   2.852636    6.44470    -0.1287    13.8155 0.0000e+00  -61.55483  -57.76867 1152516495 191.311302    34.3987      32101          7  0.000e+00
    200.365    -0.1795   2.852388    -0.1792   2.852612    6.44462    -0.1502    13.8155 0.0000e+00  -61.55483  -57.76867 1152516495 191.311303    34.3990      32102          7  0.000e+00
    200.393    -0.1791   2.852411    -0.1793   2.852636    6.44458    -0.1072    13.8155 0.0000e+00  -61.55483  -57.76867 1152516495 191.311303    34.3987      32103          7  0.000e+00
    200.441    -0.1794   2.852381    -0.1794   2.852630    6.44468    -0.1180    13.8155 0.0000e+00  -61.55483  -57.76867 1152516495 191.311304    34.3987      32104          7  0.000e+00
    200.393    -0.1791   2.852388    -0.1790   2.852624    6.44459    -0.1072    13.8155 0.0000e+00  -61.55483  -57.76867 1152516495 191.311304    34.3984      32105          7  0.000e+00
    200.393    -0.1792   2.852384    -0.1794   2.852624    6.44461    -0.0642    13.8155 0.0000e+00  -61.55483  -57.76867 1152516495 191.311304    34.3986      32106          7  0.000e+00
