product_data/regression_test/downloaded_data/MGDS/320620060703/ctd/p6609303.ros
* Sea-Bird SBE 9 Data File:
* FileName = D:\Data\Raw\P6609303.dat
* Software Version Seasave Win32 V 5.32
* Temperature SN = 1649
* Conductivity SN = 1431
* Number of Bytes Per Scan = 37
* Number of Voltage Words = 5
* Number of Scans Averaged by the Deck Unit = 1
* NMEA Latitude = 61 07.51 S
* NMEA Longitude = 058 05.60 W
* NMEA UTC (Time) = 00:05:51
** Ship:   Nathaniel B. Palmer nbp
** Cruise:    NBP0603 nbp0606
** Cast #: 01
** Station:   93
** Operator: yz
# nquan = 17
# nvalues = 1176                    
# units = specified
# name 0 = prDM: Pressure, Digiquartz [db]
# name 1 = t090C: Temperature [ITS-90, deg C]
# name 2 = c0S/m: Conductivity [S/m]
# name 3 = t190C: Temperature, 2 [ITS-90, deg C]
# name 4 = c1S/m: Conductivity, 2 [S/m]
# name 5 = sbeox0ML/L: Oxygen, SBE 43 [ml/l]
# name 6 = flECO-AFL: Fluorescence, Wetlab ECO-AFL/FL [mg/m^3]
# name 7 = bat: Beam Attenuation, Chelsea/Seatech/Wetlab CStar [1/m]
# name 8 = spar: SPAR/Surface Irradiance
# name 9 = latitude: Latitude [deg]
# name 10 = longitude: Longitude [deg]
# name 11 = timeY: Time, System [seconds]
# name 12 = timeJ: Julian Days
# name 13 = sal00: Salinity [PSU]
# name 14 = scan: scan number
# name 15 = nbf: number of bottles fired
# name 16 = flag:  0.000e+00
# interval = seconds: 0.0416667                   
# start_time = Jul 11 2006 00:05:59
*END*
[from data line 852]
    101.082    -0.2276   2.821411    -0.2253   2.821987    6.94449     0.0757    13.8155 0.0000e+00  -61.12517  -58.09333 1152579767 192.043624    34.1005      81843         18  0.000e+00
    101.149    -0.2275   2.821438    -0.2253   2.821969    6.94919     0.0542    13.8155 0.0000e+00  -61.12517  -58.09333 1152579767 192.043624    34.1007      81844         18  0.000e+00
    101.149    -0.2272   2.821464    -0.2251   2.821952    6.94912     0.0757    13.8155 0.0000e+00  -61.12517  -58.09333 1152579767 192.043625    34.1007      81845         18  0.000e+00
    101.149    -0.2271   2.821504    -0.2252   2.821987    6.95374     0.0542    13.8155 0.0000e+00  -61.12517  -58.09333 1152579767 192.043625    34.1011      81846         18  0.000e+00
    101.149    -0.2266   2.821514    -0.2254   2.821963    6.95367     0.0542    13.8155 0.0000e+00  -61.12517  -58.09333 1152579767 192.043626    34.1007      81847         18  0.000e+00
    101.082    -0.2262   2.821514    -0.2251   2.821952    6.95356     0.0650    13.8155 0.0000e+00  -61.12517  -58.09333 1152579767 192.043626    34.1003      81848         18  0.000e+00
    101.187    -0.2255   2.821517    -0.2247   2.821969    6.95356     0.0327    13.8155 0.0000e+00  -61.12517  -58.09333 1152579767 192.043627    34.0995      81849         18  0.000e+00
    101.082    -0.2261   2.821514    -0.2252   2.821969    6.95353     0.0542    13.8155 0.0000e+00  -61.12517  -58.09333 1152579767 192.043627    34.1001      81850         18  0.000e+00
    101.149    -0.2265   2.821481    -0.2250   2.821969    6.95834     0.0650    13.8155 0.0000e+00  -61.12517  -58.09333 1152579767 192.043628    34.1001      81851         18  0.000e+00
    101.082    -0.2262   2.821471    -0.2248   2.821975    6.95825     0.0112    13.8155 0.0000e+00  -61.12517  -58.09333 1152579767 192.043628    34.0998      81852         18  0.000e+00
    101.149    -0.2266   2.821418    -0.2253   2.821958    6.96306     0.0327    13.8155 0.0000e+00  -61.12517  -58.09333 1152579767 192.043628    34.0994      81853         18  0.000e+00
    101.082    -0.2273   2.821351    -0.2247   2.821928    6.96314     0.0219    13.8155 0.0000e+00  -61.12517  -58.09333 1152579767 192.043629    34.0994      81854         18  0.000e+00
    101.082    -0.2279   2.821285    -0.2251   2.821958    6.96325     0.0327    13.8155 0.0000e+00  -61.12517  -58.09333 1152579767 192.043629    34.0991      81855         18  0.000e+00
    101.082    -0.2282   2.821282    -0.2252   2.821993    6.96330     0.0434    13.8155 0.0000e+00  -61.12517  -58.09333 1152579767 192.043630    34.0994      81856         18  0.000e+00
    101.083    -0.2285   2.821219    -0.2253   2.821952    6.96805    -0.0104    13.8155 0.0000e+00  -61.12517  -58.09333 1152579767 192.043630    34.0990      81857         18  0.000e+00
    101.083    -0.2292   2.821249    -0.2250   2.821923    6.96813     0.0112    13.8155 0.0000e+00  -61.12517  -58.09333 1152579768 192.043631    34.1002      81858         18  0.000e+00
    101.016    -0.2290   2.821265    -0.2256   2.821940    6.97269     0.0327    13.8155 0.0000e+00  -61.12517  -58.09333 1152579768 192.043631    34.1002      81859         18  0.000e+00
    101.016    -0.2285   2.821195    -0.2255   2.821952    6.97266     0.0327    13.8155 0.0000e+00  -61.12517  -58.09333 1152579768 192.043632    34.0986      81860         18  0.000e+00
    101.054    -0.2301   2.821156    -0.2250   2.821952    6.97295     0.0434    13.8155 0.0000e+00  -61.12517  -58.09333 1152579768 192.043632    34.0999      81861         18  0.000e+00
    101.016    -0.2314   2.821049    -0.2242   2.821969    6.97782    -0.0104    13.8155 0.0000e+00  -61.12517  -58.09333 1152579768 192.043633    34.1000      81862         18  0.000e+00
    101.016    -0.2328   2.821066    -0.2241   2.821987    6.97801     0.0112    13.8155 0.0000e+00  -61.12517  -58.09333 1152579768 192.043633    34.1018      81863         18  0.000e+00
    100.939    -0.2332   2.821066    -0.2254   2.821940    6.97799     0.0542    13.8155 0.0000e+00  -61.12517  -58.09333 1152579768 192.043634    34.1023      81864         18  0.000e+00
    101.016    -0.2339   2.821043    -0.2261   2.821818    6.98284     0.0542    13.8155 0.0000e+00  -61.12517  -58.09333 1152579768 192.043634    34.1027      81865         18  0.000e+00
    100.873    -0.2351   2.820903    -0.2287   2.821684    6.97829     0.0112    13.8155 0.0000e+00  -61.12517  -58.09333 1152579768 192.043635    34.1022      81866         18  0.000e+00
    100.939    -0.2355   2.820774    -0.2295   2.821549    6.98315     0.0004    13.8155 0.0000e+00  -61.12517  -58.09333 1152579768 192.043635    34.1009      81867         18  0.000e+00
    100.939    -0.2365   2.820678    -0.2296   2.821538    6.98336     0.0112    13.8155 0.0000e+00  -61.12517  -58.09333 1152579768 192.043636    34.1008      81868         18  0.000e+00
    100.873    -0.2374   2.820791    -0.2290   2.821567    6.98801     0.0327    13.8155 0.0000e+00  -61.12517  -58.09333 1152579768 192.043636    34.1033      81869         18  0.000e+00
    100.796    -0.2339   2.821229    -0.2300   2.821590    6.98717     0.0327    13.8155 0.0000e+00  -61.12517  -58.09333 1152579768 192.043637    34.1053      81870         18  0.000e+00
    100.873    -0.2290   2.821680    -0.2298   2.821596    6.99093     0.0112    13.8155 0.0000e+00  -61.12517  -58.09333 1152579768 192.043637    34.1058      81871         18  0.000e+00
    100.796    -0.2249   2.821919    -0.2288   2.821619    6.99013     0.0112    13.8155 0.0000e+00  -61.12517  -58.09333 1152579768 192.043638    34.1044      81872         18  0.000e+00
     50.857    -0.6940   2.769719    -0.6933   2.770067    7.92751     0.2156    13.8155 0.0000e+00  -61.12517  -58.09333 1152579896 192.045120    33.9606      84946         19  0.000e+00
     50.857    -0.6937   2.769725    -0.6930   2.770055    7.92746     0.1941    13.8155 0.0000e+00  -61.12517  -58.09333 1152579896 192.045121    33.9603      84947         19  0.000e+00
     50.923    -0.6943   2.769705    -0.6933   2.770055    7.92765     0.1618    13.8155 0.0000e+00  -61.12517  -58.09333 1152579896 192.045121    33.9607      84948         19  0.000e+00
     51.000    -0.6937   2.769702    -0.6933   2.770055    7.92763     0.1188    13.8155 0.0000e+00  -61.12517  -58.09333 1152579896 192.045122    33.9599      84949         19  0.000e+00
     50.857    -0.6938   2.769702    -0.6932   2.770061    7.92750     0.1188    13.8155 0.0000e+00  -61.12517  -58.09333 1152579896 192.045122    33.9602      84950         19  0.000e+00
     51.000    -0.6938   2.769686    -0.6938   2.770038    7.92767     0.1188    13.8155 0.0000e+00  -61.12517  -58.09333 1152579896 192.045122    33.9599      84951         19  0.000e+00
     51.000    -0.6936   2.769712    -0.6929   2.770084    7.92761     0.1188    13.8155 0.0000e+00  -61.12517  -58.09333 1152579897 192.045123    33.9599      84952         19  0.000e+00
     50.923    -0.6938   2.769722    -0.6933   2.770130    7.92756     0.0757    13.8155 0.0000e+00  -61.12517  -58.09333 1152579897 192.045123    33.9604      84953         19  0.000e+00
     51.000    -0.6938   2.769705    -0.6932   2.770136    7.92766     0.0757    13.8155 0.0000e+00  -61.12517  -58.09333 1152579897 192.045124    33.9602      84954         19  0.000e+00
     51.000    -0.6938   2.769719    -0.6932   2.770096    7.92765     0.0972    13.8155 0.0000e+00  -61.12517  -58.09333 1152579897 192.045124    33.9603      84955         19  0.000e+00
     51.067    -0.6937   2.769725    -0.6930   2.770107    7.92769     0.1188    13.8155 0.0000e+00  -61.12517  -58.09333 1152579897 192.045125    33.9602      84956         19  0.000e+00
     51.000    -0.6939   2.769738    -0.6929   2.770148    7.92764     0.1188    13.8155 0.0000e+00  -61.12517  -58.09333 1152579897 192.045125    33.9606      84957         19  0.000e+00
     51.067    -0.6937   2.769729    -0.6922   2.770159    7.92769     0.0757    13.8155 0.0000e+00  -61.12517  -58.09333 1152579897 192.045126    33.9602      84958         19  0.000e+00
     51.067    -0.6941   2.769758    -0.6926   2.770177    7.92774     0.0865    13.8155 0.0000e+00  -61.12517  -58.09333 1152579897 192.045126    33.9611      84959         19  0.000e+00
     51.133    -0.6935   2.769752    -0.6922   2.770194    7.92772     0.0972    13.8155 0.0000e+00  -61.12517  -58.09333 1152579897 192.045127    33.9603      84960         19  0.000e+00
     51.067    -0.6937   2.769765    -0.6919   2.770211    7.92766     0.0972    13.8155 0.0000e+00  -61.12517  -58.09333 1152579897 192.045127    33.9607      84961         19  0.000e+00
     51.133    -0.6937   2.769768    -0.6918   2.770217    7.92774     0.0542    13.8155 0.0000e+00  -61.12517  -58.09333 1152579897 192.045128    33.9608      84962         19  0.000e+00
     51.133    -0.6937   2.769801    -0.6922   2.770200    7.92771     0.0542    13.8155 0.0000e+00  -61.12517  -58.09333 1152579897 192.045128    33.9612      84963         19  0.000e+00
     51.210    -0.6931   2.769814    -0.6924   2.770148    7.92769     0.0757    13.8155 0.0000e+00  -61.12517  -58.09333 1152579897 192.045129    33.9606      84964         19  0.000e+00
     51.134    -0.6932   2.769814    -0.6927   2.770171    7.93231     0.1188    13.8155 0.0000e+00  -61.12517  -58.09333 1152579897 192.045129    33.9608      84965         19  0.000e+00
     51.210    -0.6933   2.769794    -0.6923   2.770171    7.92775     0.0972    13.8155 0.0000e+00  -61.12517  -58.09333 1152579897 192.045130    33.9607      84966         19  0.000e+00
     51.210    -0.6932   2.769791    -0.6924   2.770182    7.92773     0.0972    13.8155 0.0000e+00  -61.12517  -58.09333 1152579897 192.045130    33.9605      84967         19  0.000e+00
     51.210    -0.6932   2.769775    -0.6924   2.770206    7.93243     0.0972    13.8155 0.0000e+00  -61.12517  -58.09333 1152579897 192.045131    33.9602      84968         19  0.000e+00
     51.277    -0.6933   2.769788    -0.6926   2.770194    7.92782     0.1188    13.8155 0.0000e+00  -61.12517  -58.09333 1152579897 192.045131    33.9605      84969         19  0.000e+00
     51.210    -0.6935   2.769758    -0.6926   2.770194    7.92780     0.0972    13.8155 0.0000e+00  -61.12517  -58.09333 1152579897 192.045132    33.9604      84970         19  0.000e+00
     51.277    -0.6937   2.769745    -0.6932   2.770188    7.93259     0.0972    13.8155 0.0000e+00  -61.12517  -58.09333 1152579897 192.045132    33.9603      84971         19  0.000e+00
     51.277    -0.6936   2.769765    -0.6927   2.770148    7.92787     0.1403    13.8155 0.0000e+00  -61.12517  -58.09333 1152579897 192.045133    33.9605      84972         19  0.000e+00
     51.277    -0.6937   2.769752    -0.6929   2.770136    7.93259     0.1403    13.8155 0.0000e+00  -61.12517  -58.09333 1152579897 192.045133    33.9604      84973         19  0.000e+00
     51.343    -0.6933   2.769781    -0.6935   2.770136    7.93259     0.1618    13.8155 0.0000e+00  -61.12517  -58.09333 1152579897 192.045134    33.9604      84974         19  0.000e+00
     51.344    -0.6937   2.769775    -0.6933   2.770096    7.93265     0.1188    13.8155 0.0000e+00  -61.12517  -58.09333 1152579897 192.045134    33.9607      84975         19  0.000e+00
     51.344    -0.6935   2.769732    -0.6930   2.770084    7.93266     0.0972    13.8155 0.0000e+00  -61.12517  -58.09333 1152579898 192.045135    33.9599      84976         19  0.000e+00
     51.344    -0.6932   2.769758    -0.6936   2.770084    7.92790     0.1188    13.8155 0.0000e+00  -61.12517  -58.09333 1152579898 192.045135    33.9600      84977         19  0.000e+00
     51.344    -0.6937   2.769752    -0.6938   2.770084    7.93266     0.1295    13.8155 0.0000e+00  -61.12517  -58.09333 1152579898 192.045136    33.9604      84978         19  0.000e+00
     51.344    -0.6937   2.769765    -0.6930   2.770101    7.92796     0.1295    13.8155 0.0000e+00  -61.12517  -58.09333 1152579898 192.045136    33.9605      84979         19  0.000e+00
     51.420    -0.6935   2.769752    -0.6935   2.770090    7.93273     0.1510    13.8155 0.0000e+00  -61.12517  -58.09333 1152579898 192.045136    33.9602      84980         19  0.000e+00
     51.420    -0.6939   2.769762    -0.6935   2.770084    7.92808     0.1188    13.8155 0.0000e+00  -61.12517  -58.09333 1152579898 192.045137    33.9607      84981         19  0.000e+00
     51.420    -0.6937   2.769752    -0.6932   2.770084    7.92806     0.1403    13.8155 0.0000e+00  -61.12517  -58.09333 1152579898 192.045137    33.9603      84982         19  0.000e+00
     51.420    -0.6937   2.769748    -0.6933   2.770084    7.92806     0.1295    13.8155 0.0000e+00  -61.12517  -58.09333 1152579898 192.045138    33.9603      84983         19  0.000e+00
     51.420    -0.6938   2.769699    -0.6936   2.770084    7.93281     0.1188    13.8155 0.0000e+00  -61.12517  -58.09333 1152579898 192.045138    33.9598      84984         19  0.000e+00
     51.420    -0.6938   2.769745    -0.6938   2.770043    7.93278     0.1188    13.8155 0.0000e+00  -61.12517  -58.09333 1152579898 192.045139    33.9604      84985         19  0.000e+00
     51.487    -0.6940   2.769768    -0.6935   2.770072    7.93286     0.1188    13.8155 0.0000e+00  -61.12517  -58.09333 1152579898 192.045139    33.9609      84986         19  0.000e+00
     51.420    -0.6938   2.769735    -0.6933   2.770084    7.93279     0.1403    13.8155 0.0000e+00  -61.12517  -58.09333 1152579898 192.045140    33.9603      84987         19  0.000e+00
     51.487    -0.6940   2.769742    -0.6936   2.770084    7.92819     0.1188    13.8155 0.0000e+00  -61.12517  -58.09333 1152579898 192.045140    33.9605      84988         19  0.000e+00
     51.487    -0.6940   2.769748    -0.6933   2.770101    7.93287     0.1188    13.8155 0.0000e+00  -61.12517  -58.09333 1152579898 192.045141    33.9606      84989         19  0.000e+00
     51.487    -0.6937   2.769729    -0.6930   2.770113    7.93284     0.1618    13.8155 0.0000e+00  -61.12517  -58.09333 1152579898 192.045141    33.9600      84990         19  0.000e+00
     51.487    -0.6940   2.769742    -0.6929   2.770107    7.92819     0.1618    13.8155 0.0000e+00  -61.12517  -58.09333 1152579898 192.045142    33.9605      84991         19  0.000e+00
     51.411    -0.6943   2.769748    -0.6933   2.770090    7.93284     0.1618    13.8155 0.0000e+00  -61.12517  -58.09333 1152579898 192.045142    33.9610      84992         19  0.000e+00
     51.487    -0.6933   2.769748    -0.6936   2.770049    7.92808     0.1403    13.8155 0.0000e+00  -61.12517  -58.09333 1152579898 192.045143    33.9599      84993         19  0.000e+00
     51.487    -0.6937   2.769748    -0.6936   2.770090    7.92813     0.1403    13.8155 0.0000e+00  -61.12517  -58.09333 1152579898 192.045143    33.9602      84994         19  0.000e+00
     48.894    -0.6937   2.769606    -0.6933   2.769927    7.92538     0.1188    13.8155 0.0000e+00  -61.12517  -58.09333 1152579902 192.045186    33.9599      85082         20  0.000e+00
     48.894    -0.6935   2.769596    -0.6929   2.769944    7.92536     0.1188    13.8155 0.0000e+00  -61.12517  -58.09333 1152579902 192.045186    33.9596      85083         20  0.000e+00
     48.894    -0.6937   2.769553    -0.6935   2.769927    7.92543     0.1403    13.8155 0.0000e+00  -61.12517  -58.09333 1152579902 192.045187    33.9593      85084         20  0.000e+00
     48.827    -0.6935   2.769580    -0.6935   2.769921    7.92530     0.0972    13.8155 0.0000e+00  -61.12517  -58.09333 1152579902 192.045187    33.9594      85085         20  0.000e+00
     48.827    -0.6941   2.769573    -0.6936   2.769927    7.92540     0.1188    13.8155 0.0000e+00  -61.12517  -58.09333 1152579902 192.045188    33.9600      85086         20  0.000e+00
