product_data/regression_test/downloaded_data/MGDS/320620060703/ctd/p6609303.ros
* Sea-Bird SBE 9 Data File:
* FileName = D:\Data\Raw\P6609303.dat
* Software Version Seasave Win32 V 5.32
* Temperature SN = 1649
* Conductivity SN = 1431
* Number of Bytes Per Scan = 37
* Number of Voltage Words = 5
* Number of Scans Averaged by the Deck Unit = 1
* NMEA Latitude = 61 07.51 S
* NMEA Longitude = 058 05.60 W
* NMEA UTC (Time) = 00:05:51
** Ship:   Nathaniel B. Palmer nbp
** Cruise:    NBP0603 nbp0606
** Cast #: 01
** Station:   93
** Operator: yz
# nquan = 17
# nvalues = 1176                    
# units = specified
# name 0 = prDM: Pressure, Digiquartz [db]
# name 1 = t090C: Temperature [ITS-90, deg C]
# name 2 = c0S/m: Conductivity [S/m]
# name 3 = t190C: Temperature, 2 [ITS-90, deg C]
# name 4 = c1S/m: Conductivity, 2 [S/m]
# name 5 = sbeox0ML/L: Oxygen, SBE 43 [ml/l]
# name 6 = flECO-AFL: Fluorescence, Wetlab ECO-AFL/FL [mg/m^3]
# name 7 = bat: Beam Attenuation, Chelsea/Seatech/Wetlab CStar [1/m]
# name 8 = spar: SPAR/Surface Irradiance
# name 9 = latitude: Latitude [deg]
# name 10 = longitude: Longitude [deg]
# name 11 = timeY: Time, System [seconds]
# name 12 = timeJ: Julian Days
# name 13 = sal00: Salinity [PSU]
# name 14 = scan: scan number
# name 15 = nbf: number of bottles fired
# name 16 = flag:  0.000e+00
# interval = seconds: 0.0416667                   
# start_time = Jul 11 2006 00:05:59
*END*
[from data line 766]
    152.385     0.7988   2.933167     0.7963   2.933056    5.46966    -0.1180    13.8155 0.0000e+00  -61.12517  -58.09333 1152579636 192.042111    34.3955      78706         16  0.000e+00
    152.462     0.7991   2.933066     0.7960   2.933020    5.46973    -0.0749    13.8155 0.0000e+00  -61.12517  -58.09333 1152579636 192.042111    34.3938      78707         16  0.000e+00
    152.462     0.7979   2.932917     0.7957   2.932996    5.47451    -0.0642    13.8155 0.0000e+00  -61.12517  -58.09333 1152579636 192.042112    34.3933      78708         16  0.000e+00
    152.462     0.7965   2.932785     0.7957   2.932937    5.47473    -0.0534    13.8155 0.0000e+00  -61.12517  -58.09333 1152579636 192.042112    34.3932      78709         16  0.000e+00
    152.462     0.7960   2.932775     0.7960   2.932925    5.47478    -0.0534    13.8155 0.0000e+00  -61.12517  -58.09333 1152579636 192.042113    34.3935      78710         16  0.000e+00
    152.385     0.7957   2.932799     0.7954   2.932931    5.47475    -0.0104    13.8155 0.0000e+00  -61.12517  -58.09333 1152579636 192.042113    34.3942      78711         16  0.000e+00
    152.462     0.7960   2.932843     0.7957   2.932949    5.47475    -0.0211    13.8155 0.0000e+00  -61.12517  -58.09333 1152579636 192.042114    34.3944      78712         16  0.000e+00
    152.395     0.7962   2.932866     0.7960   2.933014    5.47467    -0.0104    13.8155 0.0000e+00  -61.12517  -58.09333 1152579637 192.042114    34.3946      78713         16  0.000e+00
    152.386     0.7960   2.932785     0.7960   2.933038    5.47472    -0.0319    13.8155 0.0000e+00  -61.12517  -58.09333 1152579637 192.042115    34.3937      78714         16  0.000e+00
    152.386     0.7957   2.932650     0.7960   2.933020    5.47025    -0.0749    13.8155 0.0000e+00  -61.12517  -58.09333 1152579637 192.042115    34.3923      78715         16  0.000e+00
    152.386     0.7954   2.932583     0.7960   2.932973    5.47032    -0.0534    13.8155 0.0000e+00  -61.12517  -58.09333 1152579637 192.042116    34.3918      78716         16  0.000e+00
    152.386     0.7946   2.932536     0.7954   2.932955    5.47043    -0.0319    13.8155 0.0000e+00  -61.12517  -58.09333 1152579637 192.042116    34.3921      78717         16  0.000e+00
    152.328     0.7941   2.932488     0.7952   2.932896    5.47046    -0.0749    13.8155 0.0000e+00  -61.12517  -58.09333 1152579637 192.042117    34.3920      78718         16  0.000e+00
    152.319     0.7937   2.932444     0.7946   2.932789    5.47052    -0.0964    13.8155 0.0000e+00  -61.12517  -58.09333 1152579637 192.042117    34.3919      78719         16  0.000e+00
    152.319     0.7937   2.932448     0.7944   2.932748    5.47052    -0.0534    13.8155 0.0000e+00  -61.12517  -58.09333 1152579637 192.042118    34.3920      78720         16  0.000e+00
    152.319     0.7937   2.932434     0.7941   2.932760    5.47053    -0.0104    13.8155 0.0000e+00  -61.12517  -58.09333 1152579637 192.042118    34.3918      78721         16  0.000e+00
    152.252     0.7934   2.932465     0.7941   2.932718    5.47507    -0.0211    13.8155 0.0000e+00  -61.12517  -58.09333 1152579637 192.042119    34.3926      78722         16  0.000e+00
    152.252     0.7937   2.932512     0.7941   2.932730    5.47501    -0.1180    13.8155 0.0000e+00  -61.12517  -58.09333 1152579637 192.042119    34.3928      78723         16  0.000e+00
    100.241     0.0243   2.847224    -0.0780   2.837222    6.86489    -0.0534    13.8155 0.0000e+00  -61.12517  -58.09333 1152579761 192.043560    34.1624      81711         17  0.000e+00
    100.307     0.0130   2.846744    -0.0774   2.836877    6.86680    -0.0534    13.8155 0.0000e+00  -61.12517  -58.09333 1152579761 192.043560    34.1687      81712         17  0.000e+00
    100.307     0.0063   2.846311    -0.0750   2.836766    6.86798     0.0219    13.8155 0.0000e+00  -61.12517  -58.09333 1152579762 192.043561    34.1704      81713         17  0.000e+00
    100.241     0.0010   2.845832    -0.0779   2.836544    6.86894     0.0327    13.8155 0.0000e+00  -61.12517  -58.09333 1152579762 192.043561    34.1700      81714         17  0.000e+00
    100.241     0.0007   2.845135    -0.0856   2.836258    6.86941     0.0219    13.8155 0.0000e+00  -61.12517  -58.09333 1152579762 192.043562    34.1611      81715         17  0.000e+00
    100.241    -0.0080   2.844649    -0.0970   2.836047    6.87091     0.0112    13.8155 0.0000e+00  -61.12517  -58.09333 1152579762 192.043562    34.1644      81716         17  0.000e+00
    100.241    -0.0078   2.844609    -0.1021   2.835878    6.87091     0.0327    13.8155 0.0000e+00  -61.12517  -58.09333 1152579762 192.043563    34.1637      81717         17  0.000e+00
    100.241    -0.0022   2.844792    -0.0987   2.835697    6.87003     0.0327    13.8155 0.0000e+00  -61.12517  -58.09333 1152579762 192.043563    34.1599      81718         17  0.000e+00
    100.241    -0.0013   2.844646    -0.0969   2.835551    6.86999    -0.0104    13.8155 0.0000e+00  -61.12517  -58.09333 1152579762 192.043564    34.1568      81719         17  0.000e+00
    100.203    -0.0058   2.844542    -0.0893   2.835416    6.87064    -0.0426    13.8155 0.0000e+00  -61.12517  -58.09333 1152579762 192.043564    34.1605      81720         17  0.000e+00
    100.241    -0.0083   2.844499    -0.0796   2.835457    6.87104    -0.0319    13.8155 0.0000e+00  -61.12517  -58.09333 1152579762 192.043565    34.1627      81721         17  0.000e+00
    100.164    -0.0102   2.844279    -0.0813   2.835387    6.87136    -0.0211    13.8155 0.0000e+00  -61.12517  -58.09333 1152579762 192.043565    34.1620      81722         17  0.000e+00
    100.164    -0.0142   2.844283    -0.0927   2.834926    6.87191    -0.0104    13.8155 0.0000e+00  -61.12517  -58.09333 1152579762 192.043566    34.1665      81723         17  0.000e+00
    100.241    -0.0070   2.843946    -0.0998   2.834365    6.86658    -0.0104    13.8155 0.0000e+00  -61.12517  -58.09333 1152579762 192.043566    34.1540      81724         17  0.000e+00
    100.164    -0.0157   2.841928    -0.1060   2.833938    6.86895     0.0112    13.8155 0.0000e+00  -61.12517  -58.09333 1152579762 192.043567    34.1370      81725         17  0.000e+00
    100.164    -0.0359   2.839228    -0.1098   2.833693    6.87339     0.0327    13.8155 0.0000e+00  -61.12517  -58.09333 1152579762 192.043567    34.1237      81726         17  0.000e+00
    100.164    -0.0453   2.836666    -0.1154   2.833290    6.87628     0.0112    13.8155 0.0000e+00  -61.12517  -58.09333 1152579762 192.043568    34.1002      81727         17  0.000e+00
    100.098    -0.0711   2.834544    -0.1214   2.832601    6.88108    -0.0534    13.8155 0.0000e+00  -61.12517  -58.09333 1152579762 192.043568    34.1008      81728         17  0.000e+00
    100.165    -0.0907   2.833483    -0.1282   2.831866    6.88450     0.0004    13.8155 0.0000e+00  -61.12517  -58.09333 1152579762 192.043569    34.1086      81729         17  0.000e+00
    100.136    -0.0985   2.833317    -0.1339   2.831346    6.88565     0.0542    13.8155 0.0000e+00  -61.12517  -58.09333 1152579762 192.043569    34.1151      81730         17  0.000e+00
    100.098    -0.1000   2.833081    -0.1383   2.830949    6.88597     0.0757    13.8155 0.0000e+00  -61.12517  -58.09333 1152579762 192.043570    34.1137      81731         17  0.000e+00
    100.165    -0.1059   2.832712    -0.1414   2.830675    6.88708     0.0327    13.8155 0.0000e+00  -61.12517  -58.09333 1152579762 192.043570    34.1154      81732         17  0.000e+00
    100.098    -0.1098   2.832532    -0.1439   2.830494    6.88767     0.0112    13.8155 0.0000e+00  -61.12517  -58.09333 1152579762 192.043571    34.1174      81733         17  0.000e+00
    100.098    -0.1131   2.832379    -0.1462   2.830313    6.88821     0.0112    13.8155 0.0000e+00  -61.12517  -58.09333 1152579762 192.043571    34.1190      81734         17  0.000e+00
    100.098    -0.1202   2.832020    -0.1485   2.830126    6.88942     0.0434    13.8155 0.0000e+00  -61.12517  -58.09333 1152579762 192.043572    34.1222      81735         17  0.000e+00
    100.098    -0.1274   2.831558    -0.1500   2.829939    6.89069    -0.0104    13.8155 0.0000e+00  -61.12517  -58.09333 1152579763 192.043572    34.1241      81736         17  0.000e+00
    100.098    -0.1325   2.831372    -0.1497   2.829852    6.89151    -0.0104    13.8155 0.0000e+00  -61.12517  -58.09333 1152579763 192.043573    34.1273      81737         17  0.000e+00
    100.098    -0.1327   2.831671    -0.1509   2.829776    6.89135    -0.0104    13.8155 0.0000e+00  -61.12517  -58.09333 1152579763 192.043573    34.1315      81738         17  0.000e+00
    100.031    -0.1253   2.832017    -0.1531   2.829618    6.89006    -0.0319    13.8155 0.0000e+00  -61.12517  -58.09333 1152579763 192.043573    34.1280      81739         17  0.000e+00
    100.069    -0.1191   2.832123    -0.1554   2.829489    6.87988    -0.0534    13.8155 0.0000e+00  -61.12517  -58.09333 1152579763 192.043574    34.1224      81740         17  0.000e+00
    100.098    -0.1210   2.831678    -0.1534   2.829565    6.88044    -0.0104    13.8155 0.0000e+00  -61.12517  -58.09333 1152579763 192.043574    34.1185      81741         17  0.000e+00
    100.031    -0.1289   2.830900    -0.1501   2.829758    6.88661     0.0112    13.8155 0.0000e+00  -61.12517  -58.09333 1152579763 192.043575    34.1171      81742         17  0.000e+00
    100.031    -0.1351   2.830421    -0.1517   2.829671    6.88311     0.0327    13.8155 0.0000e+00  -61.12517  -58.09333 1152579763 192.043575    34.1177      81743         17  0.000e+00
    100.098    -0.1392   2.830109    -0.1549   2.829484    6.88858     0.0327    13.8155 0.0000e+00  -61.12517  -58.09333 1152579763 192.043576    34.1180      81744         17  0.000e+00
    100.031    -0.1423   2.829920    -0.1546   2.829554    6.88441     0.0327    13.8155 0.0000e+00  -61.12517  -58.09333 1152579763 192.043576    34.1190      81745         17  0.000e+00
    100.031    -0.1431   2.829860    -0.1501   2.830120    6.88920     0.0219    13.8155 0.0000e+00  -61.12517  -58.09333 1152579763 192.043577    34.1191      81746         17  0.000e+00
    100.031    -0.1440   2.829494    -0.1411   2.830979    6.88956    -0.0104    13.8155 0.0000e+00  -61.12517  -58.09333 1152579763 192.043577    34.1153      81747         17  0.000e+00
    100.031    -0.1500   2.829019    -0.1323   2.831831    6.88604    -0.0534    13.8155 0.0000e+00  -61.12517  -58.09333 1152579763 192.043578    34.1157      81748         17  0.000e+00
    100.031    -0.1539   2.828770    -0.1286   2.832199    6.88673    -0.0319    13.8155 0.0000e+00  -61.12517  -58.09333 1152579763 192.043578    34.1168      81749         17  0.000e+00
     99.993    -0.1579   2.828434    -0.1269   2.832217    6.88746    -0.0104    13.8155 0.0000e+00  -61.12517  -58.09333 1152579763 192.043579    34.1168      81750         17  0.000e+00
    100.031    -0.1619   2.828215    -0.1277   2.832036    6.88817     0.0112    13.8155 0.0000e+00  -61.12517  -58.09333 1152579763 192.043579    34.1182      81751         17  0.000e+00
    100.031    -0.1628   2.828059    -0.1337   2.831440    6.88840     0.0327    13.8155 0.0000e+00  -61.12517  -58.09333 1152579763 192.043580    34.1172      81752         17  0.000e+00
    100.031    -0.1650   2.827850    -0.1392   2.830938    6.88883     0.0112    13.8155 0.0000e+00  -61.12517  -58.09333 1152579763 192.043580    34.1168      81753         17  0.000e+00
    100.031    -0.1668   2.827810    -0.1409   2.830693    6.88445     0.0112    13.8155 0.0000e+00  -61.12517  -58.09333 1152579763 192.043581    34.1184      81754         17  0.000e+00
    100.031    -0.1666   2.827953    -0.1459   2.830319    6.88434     0.0327    13.8155 0.0000e+00  -61.12517  -58.09333 1152579763 192.043581    34.1201      81755         17  0.000e+00
    100.031    -0.1654   2.828082    -0.1465   2.829951    6.88409    -0.0104    13.8155 0.0000e+00  -61.12517  -58.09333 1152579763 192.043582    34.1204      81756         17  0.000e+00
     99.955    -0.1653   2.828062    -0.1498   2.829519    6.88401    -0.0319    13.8155 0.0000e+00  -61.12517  -58.09333 1152579763 192.043582    34.1201      81757         17  0.000e+00
    100.031    -0.1637   2.828228    -0.1543   2.828941    6.88376    -0.0104    13.8155 0.0000e+00  -61.12517  -58.09333 1152579763 192.043583    34.1205      81758         17  0.000e+00
    100.031    -0.1617   2.828614    -0.1599   2.828533    6.88324     0.0112    13.8155 0.0000e+00  -61.12517  -58.09333 1152579763 192.043583    34.1233      81759         17  0.000e+00
    101.015    -0.2346   2.820874    -0.2318   2.821433    6.92242     0.0112    13.8155 0.0000e+00  -61.12517  -58.09333 1152579766 192.043614    34.1012      81824         18  0.000e+00
    100.910    -0.2339   2.820937    -0.2295   2.821608    6.92219    -0.0104    13.8155 0.0000e+00  -61.12517  -58.09333 1152579766 192.043615    34.1013      81825         18  0.000e+00
    101.015    -0.2339   2.820900    -0.2276   2.821812    6.92231    -0.0534    13.8155 0.0000e+00  -61.12517  -58.09333 1152579766 192.043615    34.1008      81826         18  0.000e+00
    100.939    -0.2346   2.820883    -0.2256   2.821946    6.92234     0.0327    13.8155 0.0000e+00  -61.12517  -58.09333 1152579766 192.043616    34.1014      81827         18  0.000e+00
    101.082    -0.2341   2.820864    -0.2247   2.822057    6.92708     0.0542    13.8155 0.0000e+00  -61.12517  -58.09333 1152579766 192.043616    34.1004      81828         18  0.000e+00
    101.015    -0.2341   2.820840    -0.2245   2.822063    6.92704     0.0434    13.8155 0.0000e+00  -61.12517  -58.09333 1152579766 192.043617    34.1002      81829         18  0.000e+00
    101.015    -0.2345   2.820837    -0.2250   2.822057    6.93176    -0.0104    13.8155 0.0000e+00  -61.12517  -58.09333 1152579766 192.043617    34.1006      81830         18  0.000e+00
    101.082    -0.2348   2.820817    -0.2248   2.822028    6.93188    -0.0426    13.8155 0.0000e+00  -61.12517  -58.09333 1152579766 192.043618    34.1007      81831         18  0.000e+00
    101.015    -0.2340   2.820897    -0.2245   2.822045    6.93165     0.0327    13.8155 0.0000e+00  -61.12517  -58.09333 1152579766 192.043618    34.1008      81832         18  0.000e+00
    101.082    -0.2331   2.820976    -0.2250   2.822057    6.93621     0.0757    13.8155 0.0000e+00  -61.12517  -58.09333 1152579767 192.043619    34.1009      81833         18  0.000e+00
    101.082    -0.2329   2.821026    -0.2248   2.822016    6.93614     0.0542    13.8155 0.0000e+00  -61.12517  -58.09333 1152579767 192.043619    34.1013      81834         18  0.000e+00
    101.149    -0.2324   2.821040    -0.2254   2.822004    6.93613     0.0542    13.8155 0.0000e+00  -61.12517  -58.09333 1152579767 192.043620    34.1008      81835         18  0.000e+00
    101.082    -0.2324   2.821056    -0.2252   2.821981    6.93606     0.0542    13.8155 0.0000e+00  -61.12517  -58.09333 1152579767 192.043620    34.1011      81836         18  0.000e+00
    101.054    -0.2319   2.821162    -0.2253   2.822010    6.93589    -0.0104    13.8155 0.0000e+00  -61.12517  -58.09333 1152579767 192.043621    34.1020      81837         18  0.000e+00
    101.149    -0.2299   2.821265    -0.2250   2.822004    6.94030     0.0219    13.8155 0.0000e+00  -61.12517  -58.09333 1152579767 192.043621    34.1011      81838         18  0.000e+00
    101.149    -0.2288   2.821322    -0.2251   2.822004    6.94012     0.0112    13.8155 0.0000e+00  -61.12517  -58.09333 1152579767 192.043622    34.1007      81839         18  0.000e+00
    101.082    -0.2280   2.821351    -0.2250   2.822022    6.93992     0.0112    13.8155 0.0000e+00  -61.12517  -58.09333 1152579767 192.043622    34.1001      81840         18  0.000e+00
    101.149    -0.2278   2.821318    -0.2250   2.822010    6.94464    -0.0211    13.8155 0.0000e+00  -61.12517  -58.09333 1152579767 192.043623    34.0994      81841         18  0.000e+00
