product_data/regression_test/downloaded_data/MGDS/320620060703/ctd/p6607501.cnv
* Sea-Bird SBE 9 Data File:
* FileName = D:\Data\Raw\p6607501.dat
* Software Version Seasave Win32 V 5.32
* Temperature SN = 1649
* Conductivity SN = 1431
* Number of Bytes Per Scan = 37
* Number of Voltage Words = 5
* Number of Scans Averaged by the Deck Unit = 1
* NMEA Latitude = 62 15.77 S
* NMEA Longitude = 058 05.80 W
* NMEA UTC (Time) = 13:33:07
** Ship:   Nathaniel B. Palmer 
** Cruise:    NBP0606 
# nquan = 15
# nvalues = 1455                        
# units = specified
# name 0 = prDM: Pressure, Digiquartz [db]
# name 1 = t090C: Temperature [ITS-90, deg C]
# name 2 = c0S/m: Conductivity [S/m]
# name 3 = t190C: Temperature, 2 [ITS-90, deg C]
# name 4 = c1S/m: Conductivity, 2 [S/m]
# name 5 = sbeox0ML/L: Oxygen, SBE 43 [ml/l]
# name 6 = flECO-AFL: Fluorescence, Wetlab ECO-AFL/FL [mg/m^3]
# name 7 = bat: Beam Attenuation, Chelsea/Seatech/Wetlab CStar [1/m]
# name 8 = spar: SPAR/Surface Irradiance
# name 9 = latitude: Latitude [deg]
# name 10 = longitude: Longitude [deg]
# name 11 = timeY: Time, System [seconds]
# name 12 = timeJ: Julian Days
# name 13 = sal00: Salinity [PSU]
# name 14 = flag: flag
# span 0 =      1.000,   1455.000       
# span 1 =    -1.5231,     0.1947       
# span 2 =   2.722907,   2.887471       
# span 3 =    -1.5216,     0.1946       
# span 4 =   2.723137,   2.887197       
# span 5 =    6.17770,    7.71891       
# span 6 =    -0.1455,     0.1120       
# span 7 =    13.8155,    13.8155       
# span 8 = -3.093e-02, 2.5013e+01       
# span 9 =  -62.26283,  -62.26283       
# span 10 =  -58.09667,  -58.09667      
# span 11 = 1152365588, 1152368568      
# span 12 = 189.564692, 189.599193      
# span 13 =    34.2464,    34.5503      
# span 14 = 0.0000e+00, 0.0000e+00      
# interval = decibars: 1                
# start_time = Jul 08 2006 13:33:15
# bad_flag = -9.990e-29
*END*
[from data line 1157]
   1158.000    -1.0161   2.834978    -1.0153   2.834985    6.73703    -0.1271    13.8155 1.3644e+01  -62.26283  -58.09667 1152367988 189.592481    34.5443 0.0000e+00
   1159.000    -1.0133   2.835277    -1.0098   2.835508    6.73767    -0.1214    13.8155 1.3640e+01  -62.26283  -58.09667 1152367991 189.592505    34.5445 0.0000e+00
   1160.000    -1.0096   2.835632    -1.0088   2.835648    6.73695    -0.1254    13.8155 1.3637e+01  -62.26283  -58.09667 1152367992 189.592517    34.5443 0.0000e+00
   1161.000    -1.0108   2.835553    -1.0092   2.835653    6.73489    -0.1275    13.8155 1.3637e+01  -62.26283  -58.09667 1152367993 189.592533    34.5441 0.0000e+00
   1162.000    -1.0126   2.835451    -1.0128   2.835369    6.73382    -0.1318    13.8155 1.3637e+01  -62.26283  -58.09667 1152367995 189.592562    34.5443 0.0000e+00
   1163.000    -1.0131   2.835437    -1.0135   2.835371    6.73378    -0.1187    13.8155 1.3493e+01  -62.26283  -58.09667 1152367997 189.592583    34.5442 0.0000e+00
   1164.000    -1.0146   2.835359    -1.0155   2.835219    6.73351    -0.1240    13.8155 1.2611e+01  -62.26283  -58.09667 1152367999 189.592607    34.5442 0.0000e+00
   1165.000    -1.0151   2.835357    -1.0150   2.835321    6.73415    -0.1298    13.8155 1.3354e+01  -62.26283  -58.09667 1152368001 189.592629    34.5441 0.0000e+00
   1166.000    -1.0153   2.835382    -1.0156   2.835313    6.73362    -0.1354    13.8155 1.3635e+01  -62.26283  -58.09667 1152368003 189.592647    34.5442 0.0000e+00
   1167.000    -1.0153   2.835436    -1.0165   2.835270    6.73383    -0.1257    13.8155 1.3228e+01  -62.26283  -58.09667 1152368005 189.592669    34.5442 0.0000e+00
   1168.000    -1.0102   2.835922    -1.0127   2.835622    6.73307    -0.1308    13.8155 1.3106e+01  -62.26283  -58.09667 1152368007 189.592698    34.5443 0.0000e+00
   1169.000    -1.0120   2.835787    -1.0101   2.835917    6.73438    -0.1246    13.8155 1.3415e+01  -62.26283  -58.09667 1152368009 189.592717    34.5439 0.0000e+00
   1170.000    -1.0143   2.835643    -1.0137   2.835641    6.73215    -0.1233    13.8155 1.3367e+01  -62.26283  -58.09667 1152368010 189.592734    34.5443 0.0000e+00
   1171.000    -1.0127   2.835822    -1.0125   2.835779    6.73182    -0.1247    13.8155 1.3382e+01  -62.26283  -58.09667 1152368012 189.592755    34.5442 0.0000e+00
   1172.000    -1.0074   2.836337    -1.0060   2.836386    6.73220    -0.1223    13.8155 1.3314e+01  -62.26283  -58.09667 1152368014 189.592782    34.5445 0.0000e+00
   1173.000    -1.0046   2.836610    -1.0036   2.836640    6.73321    -0.1213    13.8155 1.3631e+01  -62.26283  -58.09667 1152368016 189.592803    34.5443 0.0000e+00
   1174.000    -1.0041   2.836706    -1.0041   2.836644    6.73309    -0.1222    13.8155 1.3637e+01  -62.26283  -58.09667 1152368018 189.592823    34.5444 0.0000e+00
   1175.000    -1.0056   2.836616    -1.0047   2.836624    6.73268    -0.1172    13.8155 1.3637e+01  -62.26283  -58.09667 1152368020 189.592845    34.5444 0.0000e+00
   1176.000    -1.0047   2.836732    -1.0050   2.836648    6.73150    -0.1316    13.8155 1.3683e+01  -62.26283  -58.09667 1152368022 189.592867    34.5444 0.0000e+00
   1177.000    -1.0053   2.836717    -1.0054   2.836658    6.73225    -0.1240    13.8155 1.4293e+01  -62.26283  -58.09667 1152368024 189.592889    34.5443 0.0000e+00
   1178.000    -1.0103   2.836331    -1.0098   2.836317    6.73301    -0.1268    13.8155 1.3842e+01  -62.26283  -58.09667 1152368026 189.592910    34.5443 0.0000e+00
   1179.000    -1.0104   2.836354    -1.0097   2.836363    6.73448    -0.1293    13.8155 -9.990e-29  -62.26283  -58.09667 1152368028 189.592933    34.5444 0.0000e+00
   1180.000    -1.0100   2.836435    -1.0096   2.836416    6.73645    -0.1284    13.8155 -9.990e-29  -62.26283  -58.09667 1152368030 189.592956    34.5443 0.0000e+00
   1181.000    -1.0060   2.836827    -1.0046   2.836888    6.73570    -0.1269    13.8155 -9.990e-29  -62.26283  -58.09667 1152368031 189.592977    34.5443 0.0000e+00
   1182.000    -1.0026   2.837163    -1.0021   2.837140    6.73426    -0.1219    13.8155 -9.990e-29  -62.26283  -58.09667 1152368033 189.592994    34.5444 0.0000e+00
   1183.000    -1.0019   2.837262    -1.0012   2.837254    6.72923    -0.1305    13.8155 -9.990e-29  -62.26283  -58.09667 1152368035 189.593016    34.5444 0.0000e+00
   1184.000    -1.0007   2.837419    -1.0009   2.837340    6.72545    -0.1212    13.8155 -9.990e-29  -62.26283  -58.09667 1152368038 189.593052    34.5445 0.0000e+00
   1185.000    -1.0015   2.837386    -1.0014   2.837342    6.72401    -0.1295    13.8155 -9.990e-29  -62.26283  -58.09667 1152368039 189.593069    34.5444 0.0000e+00
   1186.000    -1.0020   2.837387    -1.0016   2.837355    6.72448    -0.1322    13.8155 -9.990e-29  -62.26283  -58.09667 1152368041 189.593085    34.5445 0.0000e+00
   1187.000    -1.0018   2.837448    -1.0020   2.837357    6.72496    -0.1224    13.8155 -9.990e-29  -62.26283  -58.09667 1152368042 189.593102    34.5445 0.0000e+00
   1188.000    -1.0051   2.837204    -1.0058   2.837102    6.72919    -0.1315    13.8155 -9.990e-29  -62.26283  -58.09667 1152368044 189.593120    34.5444 0.0000e+00
   1189.000    -1.0083   2.836966    -1.0088   2.836878    6.73033    -0.1302    13.8155 -9.990e-29  -62.26283  -58.09667 1152368046 189.593150    34.5444 0.0000e+00
   1190.000    -1.0091   2.836944    -1.0091   2.836888    6.72945    -0.1180    13.8155 -9.990e-29  -62.26283  -58.09667 1152368050 189.593187    34.5444 0.0000e+00
   1191.000    -1.0075   2.837131    -1.0064   2.837156    6.73149    -0.1218    13.8155 -9.990e-29  -62.26283  -58.09667 1152368051 189.593201    34.5445 0.0000e+00
   1192.000    -1.0028   2.837565    -1.0036   2.837445    6.73214    -0.1247    13.8155 1.5551e+01  -62.26283  -58.09667 1152368052 189.593214    34.5443 0.0000e+00
   1193.000    -1.0040   2.837508    -1.0041   2.837450    6.72998    -0.1215    13.8155 1.5403e+01  -62.26283  -58.09667 1152368053 189.593230    34.5443 0.0000e+00
   1194.000    -1.0039   2.837565    -1.0033   2.837546    6.73369    -0.1148    13.8155 1.6304e+01  -62.26283  -58.09667 1152368056 189.593258    34.5444 0.0000e+00
   1195.000    -1.0129   2.836815    -1.0122   2.836867    6.73788    -0.1204    13.8155 1.6460e+01  -62.26283  -58.09667 1152368058 189.593290    34.5445 0.0000e+00
   1196.000    -1.0247   2.835858    -1.0258   2.835725    6.74225    -0.1257    13.8155 1.7653e+01  -62.26283  -58.09667 1152368060 189.593307    34.5444 0.0000e+00
   1197.000    -1.0250   2.835863    -1.0248   2.835829    6.74548    -0.1286    13.8155 -9.990e-29  -62.26283  -58.09667 1152368061 189.593322    34.5443 0.0000e+00
   1198.000    -1.0218   2.836186    -1.0228   2.836048    6.74344    -0.1241    13.8155 -9.990e-29  -62.26283  -58.09667 1152368063 189.593345    34.5442 0.0000e+00
   1199.000    -1.0218   2.836235    -1.0219   2.836165    6.74501    -0.1255    13.8155 -9.990e-29  -62.26283  -58.09667 1152368065 189.593371    34.5441 0.0000e+00
   1200.000    -1.0216   2.836295    -1.0217   2.836239    6.74866    -0.1220    13.8155 -9.990e-29  -62.26283  -58.09667 1152368067 189.593388    34.5441 0.0000e+00
   1201.000    -1.0215   2.836355    -1.0213   2.836311    6.74991    -0.1244    13.8155 1.7544e+01  -62.26283  -58.09667 1152368069 189.593416    34.5442 0.0000e+00
   1202.000    -1.0206   2.836474    -1.0205   2.836433    6.74761    -0.1352    13.8155 1.7533e+01  -62.26283  -58.09667 1152368072 189.593444    34.5441 0.0000e+00
   1203.000    -1.0224   2.836356    -1.0225   2.836310    6.74865    -0.1377    13.8155 -9.990e-29  -62.26283  -58.09667 1152368073 189.593460    34.5441 0.0000e+00
   1204.000    -1.0261   2.836068    -1.0252   2.836124    6.75027    -0.1192    13.8155 -9.990e-29  -62.26283  -58.09667 1152368074 189.593473    34.5440 0.0000e+00
   1205.000    -1.0260   2.836141    -1.0289   2.835828    6.75276    -0.1277    13.8155 -9.990e-29  -62.26283  -58.09667 1152368075 189.593488    34.5442 0.0000e+00
   1206.000    -1.0261   2.836146    -1.0298   2.835799    6.75661    -0.1292    13.8155 1.7533e+01  -62.26283  -58.09667 1152368079 189.593527    34.5436 0.0000e+00
   1207.000    -1.0379   2.835169    -1.0409   2.834898    6.76077    -0.1240    13.8155 1.7533e+01  -62.26283  -58.09667 1152368081 189.593550    34.5439 0.0000e+00
   1208.000    -1.0418   2.834903    -1.0424   2.834808    6.76548    -0.1274    13.8155 1.7533e+01  -62.26283  -58.09667 1152368082 189.593564    34.5440 0.0000e+00
   1209.000    -1.0434   2.834806    -1.0435   2.834756    6.76860    -0.1228    13.8155 1.7533e+01  -62.26283  -58.09667 1152368084 189.593587    34.5438 0.0000e+00
   1210.000    -1.0436   2.834838    -1.0438   2.834773    6.77047    -0.1232    13.8155 -9.990e-29  -62.26283  -58.09667 1152368087 189.593616    34.5438 0.0000e+00
   1211.000    -1.0431   2.834926    -1.0432   2.834868    6.77073    -0.1238    13.8155 -9.990e-29  -62.26283  -58.09667 1152368088 189.593630    34.5437 0.0000e+00
   1212.000    -1.0484   2.834508    -1.0484   2.834466    6.77207    -0.1270    13.8155 1.7648e+01  -62.26283  -58.09667 1152368089 189.593644    34.5436 0.0000e+00
   1213.000    -1.0501   2.834404    -1.0501   2.834353    6.77477    -0.1318    13.8155 1.6973e+01  -62.26283  -58.09667 1152368092 189.593674    34.5436 0.0000e+00
   1214.000    -1.0554   2.833994    -1.0564   2.833870    6.77544    -0.1209    13.8155 -9.990e-29  -62.26283  -58.09667 1152368094 189.593703    34.5436 0.0000e+00
   1215.000    -1.0602   2.833626    -1.0608   2.833534    6.77845    -0.1251    13.8155 -9.990e-29  -62.26283  -58.09667 1152368095 189.593718    34.5436 0.0000e+00
   1216.000    -1.0617   2.833541    -1.0617   2.833495    6.78478    -0.1187    13.8155 -9.990e-29  -62.26283  -58.09667 1152368097 189.593738    34.5435 0.0000e+00
   1217.000    -1.0640   2.833380    -1.0643   2.833333    6.78988    -0.1274    13.8155 -9.990e-29  -62.26283  -58.09667 1152368099 189.593765    34.5434 0.0000e+00
   1218.000    -1.0875   2.831426    -1.0886   2.831325    6.79658    -0.1327    13.8155 1.7533e+01  -62.26283  -58.09667 1152368101 189.593783    34.5438 0.0000e+00
   1219.000    -1.0886   2.831393    -1.0874   2.831445    6.80193    -0.1336    13.8155 1.8095e+01  -62.26283  -58.09667 1152368102 189.593799    34.5438 0.0000e+00
   1220.000    -1.0882   2.831457    -1.0873   2.831496    6.80435    -0.1221    13.8155 1.8029e+01  -62.26283  -58.09667 1152368104 189.593823    34.5433 0.0000e+00
   1221.000    -1.0893   2.831419    -1.0873   2.831548    6.81254    -0.1316    13.8155 1.8250e+01  -62.26283  -58.09667 1152368107 189.593854    34.5433 0.0000e+00
   1222.000    -1.0888   2.831442    -1.0881   2.831491    6.81357    -0.1336    13.8155 1.9006e+01  -62.26283  -58.09667 1152368109 189.593879    34.5430 0.0000e+00
   1223.000    -1.1000   2.830602    -1.0999   2.830573    6.81450    -0.1311    13.8155 1.7520e+01  -62.26283  -58.09667 1152368111 189.593895    34.5434 0.0000e+00
   1224.000    -1.1012   2.830546    -1.1008   2.830550    6.81701    -0.1230    13.8155 1.8496e+01  -62.26283  -58.09667 1152368112 189.593911    34.5433 0.0000e+00
   1225.000    -1.1004   2.830650    -1.1005   2.830601    6.82140    -0.1282    13.8155 1.7893e+01  -62.26283  -58.09667 1152368114 189.593930    34.5432 0.0000e+00
   1226.000    -1.1004   2.830691    -1.1004   2.830661    6.82521    -0.1279    13.8155 1.7647e+01  -62.26283  -58.09667 1152368116 189.593956    34.5431 0.0000e+00
   1227.000    -1.0995   2.830825    -1.0995   2.830773    6.82543    -0.1364    13.8155 1.8927e+01  -62.26283  -58.09667 1152368118 189.593975    34.5432 0.0000e+00
   1228.000    -1.0979   2.830997    -1.0977   2.830957    6.82863    -0.1277    13.8155 -9.990e-29  -62.26283  -58.09667 1152368120 189.594003    34.5430 0.0000e+00
   1229.000    -1.0970   2.831119    -1.0972   2.831057    6.83080    -0.1228    13.8155 1.9203e+01  -62.26283  -58.09667 1152368123 189.594032    34.5430 0.0000e+00
   1230.000    -1.0980   2.831085    -1.0973   2.831096    6.83069    -0.1339    13.8155 1.7237e+01  -62.26283  -58.09667 1152368124 189.594047    34.5431 0.0000e+00
   1231.000    -1.0985   2.831074    -1.0986   2.831035    6.83104    -0.1308    13.8155 1.9392e+01  -62.26283  -58.09667 1152368125 189.594060    34.5430 0.0000e+00
   1232.000    -1.1009   2.830912    -1.1002   2.830918    6.83063    -0.1264    13.8155 1.9444e+01  -62.26283  -58.09667 1152368127 189.594085    34.5430 0.0000e+00
   1233.000    -1.1001   2.831033    -1.1002   2.830975    6.83006    -0.1276    13.8155 -9.990e-29  -62.26283  -58.09667 1152368129 189.594112    34.5431 0.0000e+00
   1234.000    -1.1000   2.831073    -1.0999   2.831041    6.83049    -0.1179    13.8155 -9.990e-29  -62.26283  -58.09667 1152368131 189.594131    34.5429 0.0000e+00
   1235.000    -1.0998   2.831135    -1.0994   2.831125    6.83272    -0.1217    13.8155 -9.990e-29  -62.26283  -58.09667 1152368132 189.594148    34.5429 0.0000e+00
   1236.000    -1.0992   2.831235    -1.0994   2.831161    6.83355    -0.1198    13.8155 -9.990e-29  -62.26283  -58.09667 1152368134 189.594166    34.5430 0.0000e+00
   1237.000    -1.0990   2.831286    -1.0991   2.831223    6.83585    -0.1320    13.8155 -9.990e-29  -62.26283  -58.09667 1152368137 189.594198    34.5429 0.0000e+00
   1238.000    -1.0995   2.831292    -1.0997   2.831225    6.83414    -0.1246    13.8155 -9.990e-29  -62.26283  -58.09667 1152368139 189.594225    34.5429 0.0000e+00
   1239.000    -1.1022   2.831107    -1.1024   2.831042    6.83258    -0.1202    13.8155 -9.990e-29  -62.26283  -58.09667 1152368141 189.594243    34.5430 0.0000e+00
   1240.000    -1.1036   2.831028    -1.1028   2.831050    6.83250    -0.1302    13.8155 -9.990e-29  -62.26283  -58.09667 1152368142 189.594260    34.5430 0.0000e+00
   1241.000    -1.1040   2.831049    -1.1024   2.831114    6.83258    -0.1261    13.8155 -9.990e-29  -62.26283  -58.09667 1152368144 189.594279    34.5431 0.0000e+00
   1242.000    -1.1018   2.831264    -1.1030   2.831122    6.83386    -0.1292    13.8155 -9.990e-29  -62.26283  -58.09667 1152368145 189.594297    34.5428 0.0000e+00
   1243.000    -1.1086   2.830723    -1.1091   2.830646    6.83611    -0.1222    13.8155 -9.990e-29  -62.26283  -58.09667 1152368148 189.594322    34.5429 0.0000e+00
   1244.000    -1.1156   2.830181    -1.1144   2.830236    6.84554    -0.1245    13.8155 -9.990e-29  -62.26283  -58.09667 1152368150 189.594353    34.5430 0.0000e+00
   1245.000    -1.1188   2.829947    -1.1190   2.829894    6.84665    -0.1283    13.8155 -9.990e-29  -62.26283  -58.09667 1152368152 189.594372    34.5430 0.0000e+00
   1246.000    -1.1227   2.829649    -1.1241   2.829514    6.85100    -0.1170    13.8155 -9.990e-29  -62.26283  -58.09667 1152368153 189.594390    34.5429 0.0000e+00
   1247.000    -1.1345   2.828727    -1.1343   2.828690    6.85465    -0.1336    13.8155 -9.990e-29  -62.26283  -58.09667 1152368155 189.594411    34.5434 0.0000e+00
   1248.000    -1.1342   2.828783    -1.1343   2.828742    6.85866    -0.1245    13.8155 -9.990e-29  -62.26283  -58.09667 1152368157 189.594433    34.5432 0.0000e+00
   1249.000    -1.1354   2.828743    -1.1354   2.828701    6.86119    -0.1263    13.8155 -9.990e-29  -62.26283  -58.09667 1152368159 189.594459    34.5433 0.0000e+00
   1250.000    -1.1356   2.828776    -1.1356   2.828725    6.86257    -0.1287    13.8155 -9.990e-29  -62.26283  -58.09667 1152368161 189.594481    34.5434 0.0000e+00
   1251.000    -1.1350   2.828864    -1.1349   2.828829    6.86392    -0.1306    13.8155 -9.990e-29  -62.26283  -58.09667 1152368163 189.594499    34.5432 0.0000e+00
   1252.000    -1.1353   2.828883    -1.1356   2.828815    6.86624    -0.1200    13.8155 -9.990e-29  -62.26283  -58.09667 1152368165 189.594520    34.5431 0.0000e+00
   1253.000    -1.1358   2.828885    -1.1361   2.828819    6.86938    -0.1291    13.8155 -9.990e-29  -62.26283  -58.09667 1152368166 189.594541    34.5431 0.0000e+00
