product_data/regression_test/downloaded_data/MGDS/320620060703/ctd/p6609801.ros
* Sea-Bird SBE 9 Data File:
* FileName = D:\Data\Raw\p6609801.dat
* Software Version Seasave Win32 V 5.32
* Temperature SN = 1649
* Conductivity SN = 1431
* Number of Bytes Per Scan = 37
* Number of Voltage Words = 5
* Number of Scans Averaged by the Deck Unit = 1
* NMEA Latitude = 60 29.94 S
* NMEA Longitude = 058 33.67 W
* NMEA UTC (Time) = 05:26:23
** Ship:   Nathaniel B. Palmer 
** Cruise:    NBP0606 
# nquan = 17
# nvalues = 1176                    
# units = specified
# name 0 = prDM: Pressure, Digiquartz [db]
# name 1 = t090C: Temperature [ITS-90, deg C]
# name 2 = c0S/m: Conductivity [S/m]
# name 3 = t190C: Temperature, 2 [ITS-90, deg C]
# name 4 = c1S/m: Conductivity, 2 [S/m]
# name 5 = sbeox0ML/L: Oxygen, SBE 43 [ml/l]
# name 6 = flECO-AFL: Fluorescence, Wetlab ECO-AFL/FL [mg/m^3]
# name 7 = bat: Beam Attenuation, Chelsea/Seatech/Wetlab CStar [1/m]
# name 8 = spar: SPAR/Surface Irradiance
# name 9 = latitude: Latitude [deg]
# name 10 = longitude: Longitude [deg]
# name 11 = timeY: Time, System [seconds]
# name 12 = timeJ: Julian Days
# name 13 = sal00: Salinity [PSU]
# name 14 = scan: scan number
# name 15 = nbf: number of bottles fired
# name 16 = flag:  0.000e+00
# interval = seconds: 0.0416667                   
# start_time = Jul 12 2006 05:26:31
*END*
[from data line 766]
    176.789     1.6838   3.007545     1.6877   3.008393    5.05199    -0.1072    13.8155 0.0000e+00  -60.49900  -58.56117 1152685202 193.263930    34.3605      77102         16  0.000e+00
    176.817     1.6836   3.007467     1.6873   3.008345    5.04759    -0.0857    13.8155 0.0000e+00  -60.49900  -58.56117 1152685202 193.263930    34.3597      77103         16  0.000e+00
    176.741     1.6822   3.007327     1.6855   3.008166    5.04773    -0.0749    13.8155 0.0000e+00  -60.49900  -58.56117 1152685202 193.263931    34.3594      77104         16  0.000e+00
    176.817     1.6811   3.007231     1.6851   3.008010    5.04794    -0.0749    13.8155 0.0000e+00  -60.49900  -58.56117 1152685202 193.263931    34.3595      77105         16  0.000e+00
    176.855     1.6808   3.007214     1.6849   3.007957    5.04800    -0.0749    13.8155 0.0000e+00  -60.49900  -58.56117 1152685202 193.263932    34.3595      77106         16  0.000e+00
    176.884     1.6814   3.007180     1.6838   3.007933    5.05247    -0.1072    13.8155 0.0000e+00  -60.49900  -58.56117 1152685202 193.263932    34.3584      77107         16  0.000e+00
    176.884     1.6813   3.007040     1.6826   3.007819    5.05254    -0.1287    13.8155 0.0000e+00  -60.49900  -58.56117 1152685202 193.263933    34.3568      77108         16  0.000e+00
    176.951     1.6798   3.006873     1.6827   3.007736    5.04832    -0.0964    13.8155 0.0000e+00  -60.49900  -58.56117 1152685202 193.263933    34.3562      77109         16  0.000e+00
    176.932     1.6785   3.006941     1.6826   3.007742    5.04841    -0.0964    13.8155 0.0000e+00  -60.49900  -58.56117 1152685202 193.263934    34.3586      77110         16  0.000e+00
    176.951     1.6793   3.007047     1.6831   3.007760    5.05278    -0.1180    13.8155 0.0000e+00  -60.49900  -58.56117 1152685202 193.263934    34.3589      77111         16  0.000e+00
    177.027     1.6799   3.007122     1.6832   3.007754    5.05274    -0.0857    13.8155 0.0000e+00  -60.49900  -58.56117 1152685202 193.263935    34.3593      77112         16  0.000e+00
    176.951     1.6806   3.007214     1.6829   3.007754    5.05258    -0.0749    13.8155 0.0000e+00  -60.49900  -58.56117 1152685202 193.263935    34.3597      77113         16  0.000e+00
    177.066     1.6811   3.007238     1.6823   3.007736    5.04810    -0.1287    13.8155 0.0000e+00  -60.49900  -58.56117 1152685202 193.263936    34.3593      77114         16  0.000e+00
    177.027     1.6809   3.007091     1.6823   3.007706    5.04816    -0.0642    13.8155 0.0000e+00  -60.49900  -58.56117 1152685202 193.263936    34.3577      77115         16  0.000e+00
    177.094     1.6800   3.006958     1.6824   3.007718    5.04836    -0.0964    13.8155 0.0000e+00  -60.49900  -58.56117 1152685202 193.263937    34.3570      77116         16  0.000e+00
    177.027     1.6803   3.007088     1.6827   3.007724    5.04823    -0.0964    13.8155 0.0000e+00  -60.49900  -58.56117 1152685202 193.263937    34.3584      77117         16  0.000e+00
    177.142     1.6816   3.007214     1.6829   3.007688    5.04812    -0.1287    13.8155 0.0000e+00  -60.49900  -58.56117 1152685202 193.263938    34.3585      77118         16  0.000e+00
    177.161     1.6817   3.007330     1.6821   3.007646    5.04808    -0.1287    13.8155 0.0000e+00  -60.49900  -58.56117 1152685202 193.263938    34.3598      77119         16  0.000e+00
    120.951     0.4303   2.879204     0.4291   2.879714    6.32701    -0.0749    13.8155 0.0000e+00  -60.49900  -58.56117 1152685317 193.265270    34.1197      79880         17  0.000e+00
    121.084     0.4298   2.879167     0.4298   2.879696    6.32721    -0.0319    13.8155 0.0000e+00  -60.49900  -58.56117 1152685317 193.265270    34.1196      79881         17  0.000e+00
    121.103     0.4298   2.879137     0.4296   2.879691    6.32724    -0.0426    13.8155 0.0000e+00  -60.49900  -58.56117 1152685317 193.265271    34.1192      79882         17  0.000e+00
    121.017     0.4297   2.879133     0.4297   2.879691    6.33179    -0.0964    13.8155 0.0000e+00  -60.49900  -58.56117 1152685317 193.265271    34.1194      79883         17  0.000e+00
    121.017     0.4295   2.879117     0.4294   2.879708    6.33182    -0.1072    13.8155 0.0000e+00  -60.49900  -58.56117 1152685317 193.265272    34.1193      79884         17  0.000e+00
    121.103     0.4295   2.879127     0.4310   2.879761    6.33189    -0.1395    13.8155 0.0000e+00  -60.49900  -58.56117 1152685317 193.265272    34.1194      79885         17  0.000e+00
    121.017     0.4301   2.879184     0.4316   2.879832    6.33170    -0.1180    13.8155 0.0000e+00  -60.49900  -58.56117 1152685317 193.265272    34.1195      79886         17  0.000e+00
    121.084     0.4303   2.879254     0.4320   2.879849    6.33630    -0.0534    13.8155 0.0000e+00  -60.49900  -58.56117 1152685317 193.265273    34.1202      79887         17  0.000e+00
    121.017     0.4314   2.879304     0.4335   2.879908    6.33607    -0.0319    13.8155 0.0000e+00  -60.49900  -58.56117 1152685318 193.265273    34.1197      79888         17  0.000e+00
    121.037     0.4323   2.879455     0.4338   2.879967    6.33589    -0.0857    13.8155 0.0000e+00  -60.49900  -58.56117 1152685318 193.265274    34.1207      79889         17  0.000e+00
    121.017     0.4342   2.879746     0.4350   2.880090    6.34007    -0.0749    13.8155 0.0000e+00  -60.49900  -58.56117 1152685318 193.265274    34.1224      79890         17  0.000e+00
    121.017     0.4339   2.880031     0.4359   2.880243    6.33995    -0.0534    13.8155 0.0000e+00  -60.49900  -58.56117 1152685318 193.265275    34.1265      79891         17  0.000e+00
    121.037     0.4343   2.880239     0.4361   2.880266    6.33979    -0.0749    13.8155 0.0000e+00  -60.49900  -58.56117 1152685318 193.265275    34.1287      79892         17  0.000e+00
    120.951     0.4345   2.880506     0.4356   2.880278    6.33954    -0.0857    13.8155 0.0000e+00  -60.49900  -58.56117 1152685318 193.265276    34.1320      79893         17  0.000e+00
    121.017     0.4361   2.880741     0.4354   2.880272    6.33927    -0.0964    13.8155 0.0000e+00  -60.49900  -58.56117 1152685318 193.265276    34.1333      79894         17  0.000e+00
    120.951     0.4418   2.880845     0.4359   2.880319    6.34302    -0.1287    13.8155 0.0000e+00  -60.49900  -58.56117 1152685318 193.265277    34.1284      79895         17  0.000e+00
    120.960     0.4403   2.880617     0.4348   2.880319    6.34335    -0.1072    13.8155 0.0000e+00  -60.49900  -58.56117 1152685318 193.265277    34.1271      79896         17  0.000e+00
    120.874     0.4383   2.880503     0.4344   2.880313    6.34819    -0.0749    13.8155 0.0000e+00  -60.49900  -58.56117 1152685318 193.265278    34.1279      79897         17  0.000e+00
    120.951     0.4392   2.880543     0.4343   2.880360    6.34812    -0.0749    13.8155 0.0000e+00  -60.49900  -58.56117 1152685318 193.265278    34.1274      79898         17  0.000e+00
    120.893     0.4453   2.880905     0.4345   2.880407    6.34709    -0.0642    13.8155 0.0000e+00  -60.49900  -58.56117 1152685318 193.265279    34.1254      79899         17  0.000e+00
    120.874     0.4511   2.881126     0.4366   2.880478    6.35082    -0.0534    13.8155 0.0000e+00  -60.49900  -58.56117 1152685318 193.265279    34.1219      79900         17  0.000e+00
    120.808     0.4518   2.881143     0.4390   2.880583    6.35066    -0.0964    13.8155 0.0000e+00  -60.49900  -58.56117 1152685318 193.265280    34.1213      79901         17  0.000e+00
    120.951     0.4546   2.881374     0.4403   2.880689    6.35029    -0.0964    13.8155 0.0000e+00  -60.49900  -58.56117 1152685318 193.265280    34.1211      79902         17  0.000e+00
    120.827     0.4589   2.881615     0.4415   2.880789    6.34951    -0.1072    13.8155 0.0000e+00  -60.49900  -58.56117 1152685318 193.265281    34.1196      79903         17  0.000e+00
    120.874     0.4595   2.881649     0.4429   2.880824    6.34945    -0.0964    13.8155 0.0000e+00  -60.49900  -58.56117 1152685318 193.265281    34.1193      79904         17  0.000e+00
    120.808     0.4590   2.881608     0.4442   2.880883    6.34948    -0.0749    13.8155 0.0000e+00  -60.49900  -58.56117 1152685318 193.265282    34.1194      79905         17  0.000e+00
    120.750     0.4567   2.881525     0.4457   2.880948    6.34977    -0.0749    13.8155 0.0000e+00  -60.49900  -58.56117 1152685318 193.265282    34.1209      79906         17  0.000e+00
    120.741     0.4552   2.881384     0.4461   2.881042    6.35922    -0.0857    13.8155 0.0000e+00  -60.49900  -58.56117 1152685318 193.265283    34.1208      79907         17  0.000e+00
    120.808     0.4539   2.881257     0.4476   2.881083    6.35952    -0.0749    13.8155 0.0000e+00  -60.49900  -58.56117 1152685318 193.265283    34.1205      79908         17  0.000e+00
    120.741     0.4533   2.881180     0.4491   2.881218    6.36417    -0.0964    13.8155 0.0000e+00  -60.49900  -58.56117 1152685318 193.265284    34.1201      79909         17  0.000e+00
    120.683     0.4536   2.881206     0.4502   2.881283    6.36407    -0.0749    13.8155 0.0000e+00  -60.49900  -58.56117 1152685318 193.265284    34.1202      79910         17  0.000e+00
    120.664     0.4540   2.881263     0.4489   2.881247    6.36397    -0.0857    13.8155 0.0000e+00  -60.49900  -58.56117 1152685319 193.265285    34.1205      79911         17  0.000e+00
    120.664     0.4546   2.881310     0.4473   2.881195    6.36387    -0.1072    13.8155 0.0000e+00  -60.49900  -58.56117 1152685319 193.265285    34.1205      79912         17  0.000e+00
    120.617     0.4545   2.881283     0.4451   2.881071    6.36845    -0.1287    13.8155 0.0000e+00  -60.49900  -58.56117 1152685319 193.265285    34.1203      79913         17  0.000e+00
    120.664     0.4534   2.881220     0.4420   2.880818    6.36867    -0.1072    13.8155 0.0000e+00  -60.49900  -58.56117 1152685319 193.265286    34.1206      79914         17  0.000e+00
    120.598     0.4538   2.881327     0.4407   2.880625    6.37309    -0.0642    13.8155 0.0000e+00  -60.49900  -58.56117 1152685319 193.265286    34.1216      79915         17  0.000e+00
    120.531     0.4556   2.881471     0.4419   2.880666    6.37272    -0.0642    13.8155 0.0000e+00  -60.49900  -58.56117 1152685319 193.265287    34.1216      79916         17  0.000e+00
    120.540     0.4565   2.881501     0.4449   2.880871    6.37260    -0.0319    13.8155 0.0000e+00  -60.49900  -58.56117 1152685319 193.265287    34.1209      79917         17  0.000e+00
    120.531     0.4560   2.881488     0.4479   2.881236    6.37726    -0.0642    13.8155 0.0000e+00  -60.49900  -58.56117 1152685319 193.265288    34.1214      79918         17  0.000e+00
    120.454     0.4548   2.881447     0.4515   2.881582    6.37277    -0.0749    13.8155 0.0000e+00  -60.49900  -58.56117 1152685319 193.265288    34.1222      79919         17  0.000e+00
    120.454     0.4546   2.881488     0.4578   2.882059    6.37737    -0.0749    13.8155 0.0000e+00  -60.49900  -58.56117 1152685319 193.265289    34.1230      79920         17  0.000e+00
    120.473     0.4557   2.881622     0.4637   2.882552    6.38176    -0.0642    13.8155 0.0000e+00  -60.49900  -58.56117 1152685319 193.265289    34.1234      79921         17  0.000e+00
    120.388     0.4581   2.881873     0.4675   2.883017    6.38124    -0.0857    13.8155 0.0000e+00  -60.49900  -58.56117 1152685319 193.265290    34.1242      79922         17  0.000e+00
    120.388     0.4609   2.882151     0.4709   2.883399    6.38532    -0.0749    13.8155 0.0000e+00  -60.49900  -58.56117 1152685319 193.265290    34.1246      79923         17  0.000e+00
    120.330     0.4637   2.882439     0.4704   2.883510    6.38015    -0.0642    13.8155 0.0000e+00  -60.49900  -58.56117 1152685319 193.265291    34.1253      79924         17  0.000e+00
    120.388     0.4673   2.882798     0.4708   2.883516    6.38414    -0.0749    13.8155 0.0000e+00  -60.49900  -58.56117 1152685319 193.265291    34.1260      79925         17  0.000e+00
    120.244     0.4712   2.883096     0.4714   2.883516    6.38794    -0.0749    13.8155 0.0000e+00  -60.49900  -58.56117 1152685319 193.265292    34.1257      79926         17  0.000e+00
    120.321     0.4747   2.883364     0.4719   2.883551    6.38742    -0.0964    13.8155 0.0000e+00  -60.49900  -58.56117 1152685319 193.265292    34.1253      79927         17  0.000e+00
    120.187     0.4771   2.883561     0.4707   2.883487    6.38687    -0.0857    13.8155 0.0000e+00  -60.49900  -58.56117 1152685319 193.265293    34.1253      79928         17  0.000e+00
    120.035     0.4641   2.882064     0.4510   2.881488    6.49492    -0.1072    13.8155 0.0000e+00  -60.49900  -58.56117 1152685329 193.265401    34.1202      80152         18  0.000e+00
    119.968     0.4623   2.882013     0.4507   2.881482    6.49512    -0.1180    13.8155 0.0000e+00  -60.49900  -58.56117 1152685329 193.265401    34.1216      80153         18  0.000e+00
    119.911     0.4612   2.882010     0.4503   2.881418    6.49521    -0.0964    13.8155 0.0000e+00  -60.49900  -58.56117 1152685329 193.265402    34.1228      80154         18  0.000e+00
    119.968     0.4616   2.881943     0.4499   2.881418    6.49985    -0.0857    13.8155 0.0000e+00  -60.49900  -58.56117 1152685329 193.265402    34.1215      80155         18  0.000e+00
    120.102     0.4600   2.881869     0.4497   2.881382    6.50022    -0.0534    13.8155 0.0000e+00  -60.49900  -58.56117 1152685329 193.265403    34.1222      80156         18  0.000e+00
    119.968     0.4588   2.881759     0.4496   2.881330    6.50032    -0.0642    13.8155 0.0000e+00  -60.49900  -58.56117 1152685329 193.265403    34.1222      80157         18  0.000e+00
    119.911     0.4589   2.881752     0.4479   2.881282    6.50485    -0.0749    13.8155 0.0000e+00  -60.49900  -58.56117 1152685329 193.265404    34.1220      80158         18  0.000e+00
    119.892     0.4590   2.881762     0.4485   2.881306    6.50481    -0.0534    13.8155 0.0000e+00  -60.49900  -58.56117 1152685329 193.265404    34.1219      80159         18  0.000e+00
    119.892     0.4595   2.881806     0.4519   2.881441    6.50472    -0.0642    13.8155 0.0000e+00  -60.49900  -58.56117 1152685329 193.265405    34.1219      80160         18  0.000e+00
    119.892     0.4598   2.881776     0.4534   2.881582    6.50470    -0.0534    13.8155 0.0000e+00  -60.49900  -58.56117 1152685329 193.265405    34.1213      80161         18  0.000e+00
    119.911     0.4595   2.881762     0.4542   2.881670    6.50476    -0.0319    13.8155 0.0000e+00  -60.49900  -58.56117 1152685329 193.265406    34.1214      80162         18  0.000e+00
    119.825     0.4600   2.881792     0.4555   2.881770    6.50461    -0.0857    13.8155 0.0000e+00  -60.49900  -58.56117 1152685329 193.265406    34.1213      80163         18  0.000e+00
    119.825     0.4608   2.881866     0.4558   2.881800    6.50446    -0.1395    13.8155 0.0000e+00  -60.49900  -58.56117 1152685329 193.265407    34.1214      80164         18  0.000e+00
    119.844     0.4611   2.881879     0.4556   2.881806    6.50443    -0.1072    13.8155 0.0000e+00  -60.49900  -58.56117 1152685329 193.265407    34.1212      80165         18  0.000e+00
    119.825     0.4611   2.881893     0.4553   2.881823    6.50441    -0.0749    13.8155 0.0000e+00  -60.49900  -58.56117 1152685329 193.265408    34.1214      80166         18  0.000e+00
    119.825     0.4609   2.881910     0.4541   2.881770    6.50901    -0.0426    13.8155 0.0000e+00  -60.49900  -58.56117 1152685329 193.265408    34.1218      80167         18  0.000e+00
    119.758     0.4614   2.881953     0.4542   2.881682    6.50887    -0.0426    13.8155 0.0000e+00  -60.49900  -58.56117 1152685329 193.265408    34.1219      80168         18  0.000e+00
    119.767     0.4620   2.881970     0.4536   2.881641    6.50879    -0.0534    13.8155 0.0000e+00  -60.49900  -58.56117 1152685329 193.265409    34.1215      80169         18  0.000e+00
