product_data/regression_test/downloaded_data/MGDS/320620060703/ctd/p6609801.ros
* Sea-Bird SBE 9 Data File:
* FileName = D:\Data\Raw\p6609801.dat
* Software Version Seasave Win32 V 5.32
* Temperature SN = 1649
* Conductivity SN = 1431
* Number of Bytes Per Scan = 37
* Number of Voltage Words = 5
* Number of Scans Averaged by the Deck Unit = 1
* NMEA Latitude = 60 29.94 S
* NMEA Longitude = 058 33.67 W
* NMEA UTC (Time) = 05:26:23
** Ship:   Nathaniel B. Palmer 
** Cruise:    NBP0606 
# nquan = 17
# nvalues = 1176                    
# units = specified
# name 0 = prDM: Pressure, Digiquartz [db]
# name 1 = t090C: Temperature [ITS-90, deg C]
# name 2 = c0S/m: Conductivity [S/m]
# name 3 = t190C: Temperature, 2 [ITS-90, deg C]
# name 4 = c1S/m: Conductivity, 2 [S/m]
# name 5 = sbeox0ML/L: Oxygen, SBE 43 [ml/l]
# name 6 = flECO-AFL: Fluorescence, Wetlab ECO-AFL/FL [mg/m^3]
# name 7 = bat: Beam Attenuation, Chelsea/Seatech/Wetlab CStar [1/m]
# name 8 = spar: SPAR/Surface Irradiance
# name 9 = latitude: Latitude [deg]
# name 10 = longitude: Longitude [deg]
# name 11 = timeY: Time, System [seconds]
# name 12 = timeJ: Julian Days
# name 13 = sal00: Salinity [PSU]
# name 14 = scan: scan number
# name 15 = nbf: number of bottles fired
# name 16 = flag:  0.000e+00
# interval = seconds: 0.0416667                   
# start_time = Jul 12 2006 05:26:31
*END*
[from data line 681]
    199.471     1.8322   3.025320     1.8204   3.024336    4.78068    -0.0534    13.8155 0.0000e+00  -60.49900  -58.56117 1152685108 193.262850    34.4100      74863         14  0.000e+00
    199.567     1.8320   3.025272     1.8209   3.024438    4.78077    -0.0749    13.8155 0.0000e+00  -60.49900  -58.56117 1152685108 193.262851    34.4096      74864         14  0.000e+00
    199.471     1.8312   3.025224     1.8210   3.024420    4.78081    -0.1395    13.8155 0.0000e+00  -60.49900  -58.56117 1152685108 193.262851    34.4099      74865         14  0.000e+00
    199.433     1.8304   3.025193     1.8184   3.024300    4.78087    -0.1395    13.8155 0.0000e+00  -60.49900  -58.56117 1152685108 193.262852    34.4104      74866         14  0.000e+00
    199.433     1.8306   3.025114     1.8174   3.024145    4.78537    -0.1502    13.8155 0.0000e+00  -60.49900  -58.56117 1152685108 193.262852    34.4092      74867         14  0.000e+00
    176.884     1.6892   3.008129     1.6857   3.008237    5.03781    -0.0642    13.8155 0.0000e+00  -60.49900  -58.56117 1152685190 193.263800    34.3620      76832         15  0.000e+00
    176.951     1.6875   3.007887     1.6860   3.008190    5.04261    -0.0211    13.8155 0.0000e+00  -60.49900  -58.56117 1152685190 193.263800    34.3607      76833         15  0.000e+00
    177.027     1.6859   3.007689     1.6863   3.008202    5.03843    -0.0319    13.8155 0.0000e+00  -60.49900  -58.56117 1152685190 193.263801    34.3599      76834         15  0.000e+00
    176.932     1.6845   3.007593     1.6863   3.008202    5.03854    -0.0749    13.8155 0.0000e+00  -60.49900  -58.56117 1152685190 193.263801    34.3602      76835         15  0.000e+00
    176.884     1.6840   3.007501     1.6857   3.008184    5.03860    -0.1072    13.8155 0.0000e+00  -60.49900  -58.56117 1152685190 193.263802    34.3597      76836         15  0.000e+00
    177.027     1.6834   3.007439     1.6843   3.008100    5.03878    -0.0964    13.8155 0.0000e+00  -60.49900  -58.56117 1152685191 193.263802    34.3594      76837         15  0.000e+00
    176.951     1.6830   3.007395     1.6843   3.008040    5.03879    -0.0857    13.8155 0.0000e+00  -60.49900  -58.56117 1152685191 193.263803    34.3593      76838         15  0.000e+00
    176.932     1.6831   3.007327     1.6840   3.008010    5.03880    -0.1072    13.8155 0.0000e+00  -60.49900  -58.56117 1152685191 193.263803    34.3584      76839         15  0.000e+00
    177.027     1.6813   3.007200     1.6835   3.007921    5.03910    -0.1395    13.8155 0.0000e+00  -60.49900  -58.56117 1152685191 193.263804    34.3587      76840         15  0.000e+00
    177.027     1.6808   3.007115     1.6824   3.007772    5.03919    -0.1395    13.8155 0.0000e+00  -60.49900  -58.56117 1152685191 193.263804    34.3582      76841         15  0.000e+00
    176.951     1.6807   3.007077     1.6821   3.007706    5.03916    -0.0857    13.8155 0.0000e+00  -60.49900  -58.56117 1152685191 193.263804    34.3579      76842         15  0.000e+00
    177.066     1.6803   3.007105     1.6817   3.007610    5.03927    -0.0749    13.8155 0.0000e+00  -60.49900  -58.56117 1152685191 193.263805    34.3586      76843         15  0.000e+00
    177.027     1.6802   3.007139     1.6809   3.007569    5.03924    -0.0534    13.8155 0.0000e+00  -60.49900  -58.56117 1152685191 193.263805    34.3591      76844         15  0.000e+00
    177.027     1.6803   3.007033     1.6809   3.007533    5.03927    -0.0534    13.8155 0.0000e+00  -60.49900  -58.56117 1152685191 193.263806    34.3577      76845         15  0.000e+00
    176.951     1.6797   3.006961     1.6812   3.007569    5.03931    -0.0964    13.8155 0.0000e+00  -60.49900  -58.56117 1152685191 193.263806    34.3574      76846         15  0.000e+00
    177.094     1.6795   3.007057     1.6824   3.007670    5.03939    -0.1395    13.8155 0.0000e+00  -60.49900  -58.56117 1152685191 193.263807    34.3588      76847         15  0.000e+00
    176.999     1.6805   3.007187     1.6823   3.007790    5.03468    -0.0749    13.8155 0.0000e+00  -60.49900  -58.56117 1152685191 193.263807    34.3594      76848         15  0.000e+00
    177.094     1.6814   3.007231     1.6835   3.007891    5.03464    -0.0857    13.8155 0.0000e+00  -60.49900  -58.56117 1152685191 193.263808    34.3590      76849         15  0.000e+00
    177.027     1.6812   3.007183     1.6835   3.007939    5.03014    -0.0857    13.8155 0.0000e+00  -60.49900  -58.56117 1152685191 193.263808    34.3586      76850         15  0.000e+00
    177.027     1.6810   3.007166     1.6851   3.007999    5.03466    -0.0749    13.8155 0.0000e+00  -60.49900  -58.56117 1152685191 193.263809    34.3586      76851         15  0.000e+00
    177.066     1.6801   3.007112     1.6862   3.008052    5.03479    -0.0534    13.8155 0.0000e+00  -60.49900  -58.56117 1152685191 193.263809    34.3588      76852         15  0.000e+00
    177.094     1.6799   3.007129     1.6863   3.008064    5.03034    -0.0426    13.8155 0.0000e+00  -60.49900  -58.56117 1152685191 193.263810    34.3593      76853         15  0.000e+00
    177.027     1.6798   3.007163     1.6859   3.008064    5.03029    -0.0426    13.8155 0.0000e+00  -60.49900  -58.56117 1152685191 193.263810    34.3599      76854         15  0.000e+00
    177.094     1.6811   3.007183     1.6857   3.008070    5.03019    -0.0642    13.8155 0.0000e+00  -60.49900  -58.56117 1152685191 193.263811    34.3586      76855         15  0.000e+00
    177.066     1.6806   3.007136     1.6863   3.008130    5.03025    -0.1180    13.8155 0.0000e+00  -60.49900  -58.56117 1152685191 193.263811    34.3586      76856         15  0.000e+00
    177.027     1.6799   3.007047     1.6869   3.008249    5.03033    -0.1825    13.8155 0.0000e+00  -60.49900  -58.56117 1152685191 193.263812    34.3583      76857         15  0.000e+00
    177.094     1.6805   3.007095     1.6873   3.008291    5.03030    -0.1718    13.8155 0.0000e+00  -60.49900  -58.56117 1152685191 193.263812    34.3583      76858         15  0.000e+00
    177.027     1.6805   3.007190     1.6879   3.008351    5.03021    -0.1072    13.8155 0.0000e+00  -60.49900  -58.56117 1152685191 193.263813    34.3594      76859         15  0.000e+00
    177.066     1.6814   3.007252     1.6882   3.008393    5.03012    -0.0749    13.8155 0.0000e+00  -60.49900  -58.56117 1152685191 193.263813    34.3592      76860         15  0.000e+00
    177.094     1.6816   3.007296     1.6887   3.008458    5.03010    -0.0749    13.8155 0.0000e+00  -60.49900  -58.56117 1152685192 193.263814    34.3595      76861         15  0.000e+00
    177.027     1.6811   3.007310     1.6885   3.008464    5.03010    -0.0749    13.8155 0.0000e+00  -60.49900  -58.56117 1152685192 193.263814    34.3603      76862         15  0.000e+00
    177.094     1.6818   3.007310     1.6885   3.008476    5.03007    -0.0964    13.8155 0.0000e+00  -60.49900  -58.56117 1152685192 193.263815    34.3595      76863         15  0.000e+00
    176.855     1.6817   3.007272     1.6877   3.008440    5.02993    -0.0749    13.8155 0.0000e+00  -60.49900  -58.56117 1152685192 193.263815    34.3593      76864         15  0.000e+00
    177.238     1.6811   3.007241     1.6882   3.008435    5.03027    -0.0749    13.8155 0.0000e+00  -60.49900  -58.56117 1152685192 193.263816    34.3593      76865         15  0.000e+00
    177.027     1.6814   3.007289     1.6882   3.008470    5.03008    -0.0857    13.8155 0.0000e+00  -60.49900  -58.56117 1152685192 193.263816    34.3597      76866         15  0.000e+00
    177.027     1.6816   3.007347     1.6880   3.008440    5.03003    -0.0964    13.8155 0.0000e+00  -60.49900  -58.56117 1152685192 193.263817    34.3602      76867         15  0.000e+00
    177.066     1.6820   3.007357     1.6879   3.008405    5.03001    -0.1072    13.8155 0.0000e+00  -60.49900  -58.56117 1152685192 193.263817    34.3599      76868         15  0.000e+00
    177.027     1.6821   3.007392     1.6877   3.008429    5.02547    -0.1287    13.8155 0.0000e+00  -60.49900  -58.56117 1152685192 193.263818    34.3603      76869         15  0.000e+00
    176.951     1.6826   3.007405     1.6868   3.008321    5.02536    -0.0642    13.8155 0.0000e+00  -60.49900  -58.56117 1152685192 193.263818    34.3599      76870         15  0.000e+00
    177.027     1.6827   3.007439     1.6866   3.008303    5.02988    -0.0642    13.8155 0.0000e+00  -60.49900  -58.56117 1152685192 193.263818    34.3602      76871         15  0.000e+00
    176.999     1.6830   3.007433     1.6860   3.008297    5.02983    -0.1072    13.8155 0.0000e+00  -60.49900  -58.56117 1152685192 193.263819    34.3598      76872         15  0.000e+00
    177.027     1.6827   3.007412     1.6865   3.008243    5.02989    -0.1072    13.8155 0.0000e+00  -60.49900  -58.56117 1152685192 193.263819    34.3598      76873         15  0.000e+00
    176.951     1.6828   3.007368     1.6865   3.008231    5.02985    -0.0964    13.8155 0.0000e+00  -60.49900  -58.56117 1152685192 193.263820    34.3592      76874         15  0.000e+00
    176.951     1.6830   3.007357     1.6857   3.008208    5.02983    -0.0749    13.8155 0.0000e+00  -60.49900  -58.56117 1152685192 193.263820    34.3589      76875         15  0.000e+00
    176.951     1.6830   3.007395     1.6859   3.008166    5.02982    -0.0749    13.8155 0.0000e+00  -60.49900  -58.56117 1152685192 193.263821    34.3594      76876         15  0.000e+00
    176.932     1.6834   3.007422     1.6852   3.008172    5.02975    -0.0749    13.8155 0.0000e+00  -60.49900  -58.56117 1152685192 193.263821    34.3593      76877         15  0.000e+00
    176.951     1.6833   3.007463     1.6859   3.008196    5.02527    -0.0857    13.8155 0.0000e+00  -60.49900  -58.56117 1152685192 193.263822    34.3599      76878         15  0.000e+00
    176.884     1.6833   3.007514     1.6862   3.008231    5.02520    -0.1180    13.8155 0.0000e+00  -60.49900  -58.56117 1152685192 193.263822    34.3606      76879         15  0.000e+00
    176.884     1.6837   3.007579     1.6866   3.008297    5.02513    -0.1072    13.8155 0.0000e+00  -60.49900  -58.56117 1152685192 193.263823    34.3610      76880         15  0.000e+00
    176.015     1.6858   3.007763     1.6871   3.008273    5.04218    -0.0319    13.8155 0.0000e+00  -60.49900  -58.56117 1152685200 193.263915    34.3615      77071         16  0.000e+00
    175.967     1.6860   3.007743     1.6869   3.008201    5.04214    -0.0319    13.8155 0.0000e+00  -60.49900  -58.56117 1152685200 193.263915    34.3610      77072         16  0.000e+00
    175.900     1.6856   3.007634     1.6868   3.008177    5.04218    -0.0964    13.8155 0.0000e+00  -60.49900  -58.56117 1152685200 193.263916    34.3601      77073         16  0.000e+00
    176.110     1.6854   3.007651     1.6863   3.008195    5.04234    -0.0964    13.8155 0.0000e+00  -60.49900  -58.56117 1152685200 193.263916    34.3605      77074         16  0.000e+00
    176.110     1.6856   3.007740     1.6865   3.008183    5.04228    -0.0534    13.8155 0.0000e+00  -60.49900  -58.56117 1152685200 193.263917    34.3613      77075         16  0.000e+00
    176.082     1.6859   3.007784     1.6865   3.008142    5.04221    -0.0964    13.8155 0.0000e+00  -60.49900  -58.56117 1152685201 193.263917    34.3616      77076         16  0.000e+00
    176.177     1.6858   3.007787     1.6860   3.008142    5.04229    -0.1072    13.8155 0.0000e+00  -60.49900  -58.56117 1152685201 193.263918    34.3617      77077         16  0.000e+00
    176.110     1.6860   3.007787     1.6866   3.008165    5.04671    -0.0964    13.8155 0.0000e+00  -60.49900  -58.56117 1152685201 193.263918    34.3615      77078         16  0.000e+00
    176.177     1.6860   3.007770     1.6868   3.008201    5.04228    -0.1072    13.8155 0.0000e+00  -60.49900  -58.56117 1152685201 193.263919    34.3613      77079         16  0.000e+00
    176.292     1.6860   3.007763     1.6868   3.008201    5.04684    -0.1072    13.8155 0.0000e+00  -60.49900  -58.56117 1152685201 193.263919    34.3611      77080         16  0.000e+00
    176.177     1.6863   3.007780     1.6863   3.008183    5.04673    -0.0749    13.8155 0.0000e+00  -60.49900  -58.56117 1152685201 193.263920    34.3611      77081         16  0.000e+00
    176.254     1.6858   3.007770     1.6866   3.008237    5.04684    -0.1180    13.8155 0.0000e+00  -60.49900  -58.56117 1152685201 193.263920    34.3615      77082         16  0.000e+00
    176.254     1.6859   3.007763     1.6869   3.008183    5.04683    -0.1395    13.8155 0.0000e+00  -60.49900  -58.56117 1152685201 193.263921    34.3613      77083         16  0.000e+00
    176.368     1.6863   3.007798     1.6857   3.008124    5.04686    -0.1072    13.8155 0.0000e+00  -60.49900  -58.56117 1152685201 193.263921    34.3612      77084         16  0.000e+00
    176.320     1.6860   3.007866     1.6859   3.008118    5.04682    -0.0964    13.8155 0.0000e+00  -60.49900  -58.56117 1152685201 193.263922    34.3624      77085         16  0.000e+00
    176.387     1.6870   3.007883     1.6863   3.008148    5.04675    -0.1287    13.8155 0.0000e+00  -60.49900  -58.56117 1152685201 193.263922    34.3615      77086         16  0.000e+00
    176.387     1.6866   3.007845     1.6863   3.008213    5.04681    -0.1072    13.8155 0.0000e+00  -60.49900  -58.56117 1152685201 193.263923    34.3614      77087         16  0.000e+00
    176.387     1.6864   3.007763     1.6866   3.008207    5.04687    -0.0749    13.8155 0.0000e+00  -60.49900  -58.56117 1152685201 193.263923    34.3606      77088         16  0.000e+00
    176.435     1.6855   3.007559     1.6860   3.008183    5.04708    -0.1072    13.8155 0.0000e+00  -60.49900  -58.56117 1152685201 193.263924    34.3590      77089         16  0.000e+00
    176.464     1.6842   3.007354     1.6860   3.008118    5.04732    -0.1180    13.8155 0.0000e+00  -60.49900  -58.56117 1152685201 193.263924    34.3578      77090         16  0.000e+00
    176.464     1.6829   3.007258     1.6854   3.008070    5.04750    -0.1072    13.8155 0.0000e+00  -60.49900  -58.56117 1152685201 193.263925    34.3581      77091         16  0.000e+00
    176.531     1.6822   3.007166     1.6857   3.008100    5.04766    -0.0749    13.8155 0.0000e+00  -60.49900  -58.56117 1152685201 193.263925    34.3576      77092         16  0.000e+00
    176.578     1.6813   3.007142     1.6862   3.008100    5.05228    -0.0319    13.8155 0.0000e+00  -60.49900  -58.56117 1152685201 193.263926    34.3583      77093         16  0.000e+00
    176.531     1.6811   3.007163     1.6866   3.008219    5.05226    -0.0534    13.8155 0.0000e+00  -60.49900  -58.56117 1152685201 193.263926    34.3588      77094         16  0.000e+00
    176.597     1.6808   3.007200     1.6874   3.008297    5.04783    -0.0642    13.8155 0.0000e+00  -60.49900  -58.56117 1152685201 193.263927    34.3595      77095         16  0.000e+00
    176.597     1.6812   3.007231     1.6884   3.008333    5.04777    -0.0642    13.8155 0.0000e+00  -60.49900  -58.56117 1152685201 193.263927    34.3594      77096         16  0.000e+00
    176.645     1.6814   3.007330     1.6880   3.008434    5.04774    -0.0749    13.8155 0.0000e+00  -60.49900  -58.56117 1152685201 193.263927    34.3604      77097         16  0.000e+00
    176.674     1.6825   3.007446     1.6880   3.008411    5.04760    -0.1180    13.8155 0.0000e+00  -60.49900  -58.56117 1152685201 193.263928    34.3607      77098         16  0.000e+00
    176.674     1.6837   3.007566     1.6879   3.008416    5.04743    -0.0749    13.8155 0.0000e+00  -60.49900  -58.56117 1152685201 193.263928    34.3609      77099         16  0.000e+00
    176.741     1.6843   3.007651     1.6882   3.008411    5.05187    -0.0857    13.8155 0.0000e+00  -60.49900  -58.56117 1152685201 193.263929    34.3613      77100         16  0.000e+00
