product_data/regression_test/downloaded_data/MGDS/320620060703/ctd/p6607201.ros
* Sea-Bird SBE 9 Data File:
* FileName = D:\Data\Raw\p6607201.dat
* Software Version Seasave Win32 V 5.32
* Temperature SN = 1649
* Conductivity SN = 1431
* Number of Bytes Per Scan = 37
* Number of Voltage Words = 5
* Number of Scans Averaged by the Deck Unit = 1
* NMEA Latitude = 62 12.88 S
* NMEA Longitude = 058 07.66 W
* NMEA UTC (Time) = 05:07:40
** Ship:   Nathaniel B. Palmer 
** Cruise:    NBP0606 
# nquan = 17
# nvalues = 1176                    
# units = specified
# name 0 = prDM: Pressure, Digiquartz [db]
# name 1 = t090C: Temperature [ITS-90, deg C]
# name 2 = c0S/m: Conductivity [S/m]
# name 3 = t190C: Temperature, 2 [ITS-90, deg C]
# name 4 = c1S/m: Conductivity, 2 [S/m]
# name 5 = sbeox0ML/L: Oxygen, SBE 43 [ml/l]
# name 6 = flECO-AFL: Fluorescence, Wetlab ECO-AFL/FL [mg/m^3]
# name 7 = bat: Beam Attenuation, Chelsea/Seatech/Wetlab CStar [1/m]
# name 8 = spar: SPAR/Surface Irradiance
# name 9 = latitude: Latitude [deg]
# name 10 = longitude: Longitude [deg]
# name 11 = timeY: Time, System [seconds]
# name 12 = timeJ: Julian Days
# name 13 = sal00: Salinity [PSU]
# name 14 = scan: scan number
# name 15 = nbf: number of bottles fired
# name 16 = flag:  0.000e+00
# interval = seconds: 0.0416667                   
# start_time = Jul 08 2006 05:07:47
*END*
[from data line 86]
    575.276    -0.0545   2.889801    -0.0530   2.889858    6.01925    -0.0964    13.8155 0.0000e+00  -62.21467  -58.12767 1152336278 189.225461    34.5306      24309          2  0.000e+00
    575.344    -0.0550   2.889751    -0.0544   2.889740    6.01940    -0.0964    13.8155 0.0000e+00  -62.21467  -58.12767 1152336278 189.225462    34.5305      24310          2  0.000e+00
    575.132    -0.0562   2.889704    -0.0556   2.889675    6.01940    -0.0964    13.8155 0.0000e+00  -62.21467  -58.12767 1152336278 189.225462    34.5313      24311          2  0.000e+00
    575.488    -0.0563   2.889687    -0.0558   2.889622    6.01971    -0.1072    13.8155 0.0000e+00  -62.21467  -58.12767 1152336278 189.225462    34.5309      24312          2  0.000e+00
    575.344    -0.0561   2.889670    -0.0561   2.889610    6.01957    -0.0857    13.8155 0.0000e+00  -62.21467  -58.12767 1152336278 189.225463    34.5306      24313          2  0.000e+00
    575.344    -0.0558   2.889670    -0.0562   2.889610    6.01954    -0.0857    13.8155 0.0000e+00  -62.21467  -58.12767 1152336278 189.225463    34.5303      24314          2  0.000e+00
    575.344    -0.0564   2.889667    -0.0563   2.889663    6.01962    -0.1180    13.8155 0.0000e+00  -62.21467  -58.12767 1152336278 189.225464    34.5309      24315          2  0.000e+00
    575.344    -0.0561   2.889680    -0.0549   2.889705    6.01957    -0.1502    13.8155 0.0000e+00  -62.21467  -58.12767 1152336278 189.225464    34.5307      24316          2  0.000e+00
    575.344    -0.0558   2.889710    -0.0544   2.889716    6.01952    -0.1072    13.8155 0.0000e+00  -62.21467  -58.12767 1152336278 189.225465    34.5308      24317          2  0.000e+00
    575.411    -0.0549   2.889781    -0.0554   2.889675    6.01942    -0.0642    13.8155 0.0000e+00  -62.21467  -58.12767 1152336279 189.225465    34.5306      24318          2  0.000e+00
    575.411    -0.0541   2.889784    -0.0555   2.889599    6.01932    -0.0642    13.8155 0.0000e+00  -62.21467  -58.12767 1152336279 189.225466    34.5298      24319          2  0.000e+00
    575.344    -0.0544   2.889771    -0.0558   2.889581    6.01931    -0.1180    13.8155 0.0000e+00  -62.21467  -58.12767 1152336279 189.225466    34.5300      24320          2  0.000e+00
    499.674     0.1053   2.898335     0.1045   2.898112    5.97123    -0.0964    13.8155 0.0000e+00  -62.21467  -58.12767 1152336408 189.226963    34.5084      27424          3  0.000e+00
    499.914     0.1056   2.898311     0.1046   2.898118    5.97140    -0.1072    13.8155 0.0000e+00  -62.21467  -58.12767 1152336408 189.226964    34.5076      27425          3  0.000e+00
    499.770     0.1054   2.898325     0.1042   2.898106    5.97129    -0.1180    13.8155 0.0000e+00  -62.21467  -58.12767 1152336408 189.226964    34.5080      27426          3  0.000e+00
    499.674     0.1058   2.898348     0.1044   2.898118    5.97116    -0.0857    13.8155 0.0000e+00  -62.21467  -58.12767 1152336408 189.226965    34.5080      27427          3  0.000e+00
    499.838     0.1056   2.898372     0.1045   2.898112    5.97130    -0.0857    13.8155 0.0000e+00  -62.21467  -58.12767 1152336408 189.226965    34.5084      27428          3  0.000e+00
    499.770     0.1051   2.898341     0.1052   2.898142    5.96646    -0.0964    13.8155 0.0000e+00  -62.21467  -58.12767 1152336408 189.226966    34.5086      27429          3  0.000e+00
    499.674     0.1051   2.898294     0.1047   2.898130    5.97127    -0.1180    13.8155 0.0000e+00  -62.21467  -58.12767 1152336408 189.226966    34.5080      27430          3  0.000e+00
    499.838     0.1058   2.898325     0.1048   2.898183    5.97131    -0.1287    13.8155 0.0000e+00  -62.21467  -58.12767 1152336408 189.226967    34.5076      27431          3  0.000e+00
    499.694     0.1056   2.898351     0.1054   2.898195    5.97120    -0.1072    13.8155 0.0000e+00  -62.21467  -58.12767 1152336408 189.226967    34.5083      27432          3  0.000e+00
    499.771     0.1058   2.898318     0.1050   2.898183    5.97126    -0.1072    13.8155 0.0000e+00  -62.21467  -58.12767 1152336408 189.226968    34.5076      27433          3  0.000e+00
    499.742     0.1059   2.898324     0.1052   2.898183    5.97121    -0.1180    13.8155 0.0000e+00  -62.21467  -58.12767 1152336408 189.226968    34.5075      27434          3  0.000e+00
    499.771     0.1058   2.898382     0.1048   2.898130    5.97123    -0.1287    13.8155 0.0000e+00  -62.21467  -58.12767 1152336408 189.226969    34.5084      27435          3  0.000e+00
    499.771     0.1059   2.898348     0.1052   2.898165    5.97123    -0.1395    13.8155 0.0000e+00  -62.21467  -58.12767 1152336408 189.226969    34.5078      27436          3  0.000e+00
    499.742     0.1050   2.898365     0.1047   2.898183    5.97130    -0.1180    13.8155 0.0000e+00  -62.21467  -58.12767 1152336409 189.226970    34.5091      27437          3  0.000e+00
    499.694     0.1053   2.898324     0.1053   2.898201    5.97125    -0.0642    13.8155 0.0000e+00  -62.21467  -58.12767 1152336409 189.226970    34.5083      27438          3  0.000e+00
    499.771     0.1051   2.898308     0.1054   2.898218    5.97134    -0.0749    13.8155 0.0000e+00  -62.21467  -58.12767 1152336409 189.226970    34.5082      27439          3  0.000e+00
    499.771     0.1045   2.898325     0.1053   2.898189    5.97141    -0.0964    13.8155 0.0000e+00  -62.21467  -58.12767 1152336409 189.226971    34.5091      27440          3  0.000e+00
    499.742     0.1050   2.898281     0.1053   2.898218    5.97135    -0.1072    13.8155 0.0000e+00  -62.21467  -58.12767 1152336409 189.226971    34.5080      27441          3  0.000e+00
    499.771     0.1054   2.898244     0.1051   2.898195    5.97134    -0.1180    13.8155 0.0000e+00  -62.21467  -58.12767 1152336409 189.226972    34.5070      27442          3  0.000e+00
    499.771     0.1045   2.898257     0.1052   2.898189    5.97144    -0.1287    13.8155 0.0000e+00  -62.21467  -58.12767 1152336409 189.226972    34.5082      27443          3  0.000e+00
    499.742     0.1045   2.898284     0.1047   2.898201    5.97141    -0.0857    13.8155 0.0000e+00  -62.21467  -58.12767 1152336409 189.226973    34.5086      27444          3  0.000e+00
    499.771     0.1048   2.898304     0.1047   2.898165    5.97138    -0.1072    13.8155 0.0000e+00  -62.21467  -58.12767 1152336409 189.226973    34.5085      27445          3  0.000e+00
    499.771     0.1043   2.898288     0.1046   2.898130    5.97145    -0.0642    13.8155 0.0000e+00  -62.21467  -58.12767 1152336409 189.226974    34.5088      27446          3  0.000e+00
    499.819     0.1040   2.898301     0.1039   2.898136    5.97152    -0.0749    13.8155 0.0000e+00  -62.21467  -58.12767 1152336409 189.226974    34.5093      27447          3  0.000e+00
    499.771     0.1045   2.898341     0.1038   2.898124    5.97140    -0.0749    13.8155 0.0000e+00  -62.21467  -58.12767 1152336409 189.226975    34.5093      27448          3  0.000e+00
    499.771     0.1048   2.898405     0.1042   2.898165    5.97133    -0.0857    13.8155 0.0000e+00  -62.21467  -58.12767 1152336409 189.226975    34.5098      27449          3  0.000e+00
    499.838     0.1062   2.898442     0.1048   2.898130    5.97119    -0.0426    13.8155 0.0000e+00  -62.21467  -58.12767 1152336409 189.226976    34.5087      27450          3  0.000e+00
    499.675     0.1064   2.898479     0.1044   2.898118    5.97102    -0.0642    13.8155 0.0000e+00  -62.21467  -58.12767 1152336409 189.226976    34.5091      27451          3  0.000e+00
    499.915     0.1071   2.898492     0.1045   2.898165    5.96625    -0.1072    13.8155 0.0000e+00  -62.21467  -58.12767 1152336409 189.226977    34.5083      27452          3  0.000e+00
    499.771     0.1079   2.898563     0.1048   2.898159    5.97086    -0.1072    13.8155 0.0000e+00  -62.21467  -58.12767 1152336409 189.226977    34.5084      27453          3  0.000e+00
    499.819     0.1082   2.898603     0.1042   2.898142    5.97084    -0.0964    13.8155 0.0000e+00  -62.21467  -58.12767 1152336409 189.226978    34.5085      27454          3  0.000e+00
    499.838     0.1086   2.898590     0.1033   2.898047    5.97083    -0.0534    13.8155 0.0000e+00  -62.21467  -58.12767 1152336409 189.226978    34.5080      27455          3  0.000e+00
    499.838     0.1081   2.898556     0.1025   2.897953    5.97090    -0.0319    13.8155 0.0000e+00  -62.21467  -58.12767 1152336409 189.226979    34.5081      27456          3  0.000e+00
    499.838     0.1075   2.898539     0.1011   2.897847    5.97099    -0.0426    13.8155 0.0000e+00  -62.21467  -58.12767 1152336409 189.226979    34.5086      27457          3  0.000e+00
    499.819     0.1071   2.898556     0.1002   2.897735    5.97100    -0.0211    13.8155 0.0000e+00  -62.21467  -58.12767 1152336409 189.226980    34.5091      27458          3  0.000e+00
    499.915     0.1068   2.898526     0.1000   2.897729    5.97114    -0.0319    13.8155 0.0000e+00  -62.21467  -58.12767 1152336409 189.226980    34.5090      27459          3  0.000e+00
    499.838     0.1070   2.898445     0.0997   2.897723    5.97109    -0.0642    13.8155 0.0000e+00  -62.21467  -58.12767 1152336409 189.226981    34.5078      27460          3  0.000e+00
    499.886     0.1058   2.898318     0.0991   2.897653    5.97136    -0.0857    13.8155 0.0000e+00  -62.21467  -58.12767 1152336410 189.226981    34.5075      27461          3  0.000e+00
    499.838     0.1045   2.898214     0.0990   2.897582    5.97152    -0.0749    13.8155 0.0000e+00  -62.21467  -58.12767 1152336410 189.226982    34.5076      27462          3  0.000e+00
    499.838     0.1033   2.898157     0.0985   2.897535    5.97171    -0.0642    13.8155 0.0000e+00  -62.21467  -58.12767 1152336410 189.226982    34.5082      27463          3  0.000e+00
    499.953     0.1034   2.898163     0.0987   2.897506    5.97178    -0.0857    13.8155 0.0000e+00  -62.21467  -58.12767 1152336410 189.226983    34.5081      27464          3  0.000e+00
    499.915     0.1034   2.898133     0.0974   2.897476    5.97176    -0.0642    13.8155 0.0000e+00  -62.21467  -58.12767 1152336410 189.226983    34.5077      27465          3  0.000e+00
    499.838     0.1028   2.898140     0.0971   2.897417    5.97177    -0.0534    13.8155 0.0000e+00  -62.21467  -58.12767 1152336410 189.226984    34.5085      27466          3  0.000e+00
    499.982     0.1037   2.898284     0.0970   2.897370    5.97170    -0.0426    13.8155 0.0000e+00  -62.21467  -58.12767 1152336410 189.226984    34.5093      27467          3  0.000e+00
    499.886     0.1047   2.898348     0.0967   2.897400    5.97147    -0.0642    13.8155 0.0000e+00  -62.21467  -58.12767 1152336410 189.226984    34.5091      27468          3  0.000e+00
    499.982     0.1053   2.898355     0.0957   2.897352    5.97147    -0.1180    13.8155 0.0000e+00  -62.21467  -58.12767 1152336410 189.226985    34.5085      27469          3  0.000e+00
    499.915     0.1051   2.898241     0.0960   2.897388    5.97150    -0.1180    13.8155 0.0000e+00  -62.21467  -58.12767 1152336410 189.226985    34.5072      27470          3  0.000e+00
    499.953     0.1045   2.898123     0.0968   2.897411    5.97167    -0.0749    13.8155 0.0000e+00  -62.21467  -58.12767 1152336410 189.226986    34.5063      27471          3  0.000e+00
    499.982     0.1031   2.897875     0.0982   2.897476    5.97200    -0.0857    13.8155 0.0000e+00  -62.21467  -58.12767 1152336410 189.226986    34.5046      27472          3  0.000e+00
    499.600     0.0880   2.896669     0.0837   2.896122    5.97417    -0.0319    13.8155 0.0000e+00  -62.21467  -58.12767 1152336415 189.227046    34.5059      27596          4  0.000e+00
    499.696     0.0878   2.896595     0.0840   2.896128    5.97919    -0.0642    13.8155 0.0000e+00  -62.21467  -58.12767 1152336415 189.227047    34.5051      27597          4  0.000e+00
    499.629     0.0875   2.896521     0.0840   2.896169    5.97920    -0.1502    13.8155 0.0000e+00  -62.21467  -58.12767 1152336415 189.227047    34.5044      27598          4  0.000e+00
    499.629     0.0874   2.896484     0.0842   2.896163    5.97924    -0.1502    13.8155 0.0000e+00  -62.21467  -58.12767 1152336415 189.227048    34.5041      27599          4  0.000e+00
    499.744     0.0869   2.896481     0.0843   2.896175    5.97939    -0.1502    13.8155 0.0000e+00  -62.21467  -58.12767 1152336415 189.227048    34.5045      27600          4  0.000e+00
    499.629     0.0865   2.896427     0.0843   2.896187    5.97937    -0.1502    13.8155 0.0000e+00  -62.21467  -58.12767 1152336415 189.227049    34.5043      27601          4  0.000e+00
    499.696     0.0857   2.896374     0.0846   2.896187    5.97956    -0.0857    13.8155 0.0000e+00  -62.21467  -58.12767 1152336415 189.227049    34.5046      27602          4  0.000e+00
    499.600     0.0853   2.896330     0.0846   2.896187    5.97954    -0.0319    13.8155 0.0000e+00  -62.21467  -58.12767 1152336415 189.227050    34.5044      27603          4  0.000e+00
    499.629     0.0845   2.896300     0.0842   2.896187    5.97968    -0.0319    13.8155 0.0000e+00  -62.21467  -58.12767 1152336415 189.227050    34.5049      27604          4  0.000e+00
    499.629     0.0845   2.896296     0.0843   2.896204    5.97969    -0.0426    13.8155 0.0000e+00  -62.21467  -58.12767 1152336416 189.227051    34.5049      27605          4  0.000e+00
    499.600     0.0838   2.896313     0.0842   2.896234    5.97974    -0.0642    13.8155 0.0000e+00  -62.21467  -58.12767 1152336416 189.227051    34.5059      27606          4  0.000e+00
    499.629     0.0849   2.896266     0.0849   2.896222    5.97966    -0.0534    13.8155 0.0000e+00  -62.21467  -58.12767 1152336416 189.227052    34.5041      27607          4  0.000e+00
    499.629     0.0842   2.896283     0.0848   2.896251    5.97973    -0.0964    13.8155 0.0000e+00  -62.21467  -58.12767 1152336416 189.227052    34.5050      27608          4  0.000e+00
    499.629     0.0845   2.896330     0.0863   2.896287    5.97966    -0.0749    13.8155 0.0000e+00  -62.21467  -58.12767 1152336416 189.227052    34.5053      27609          4  0.000e+00
    499.600     0.0845   2.896323     0.0868   2.896375    5.97965    -0.0964    13.8155 0.0000e+00  -62.21467  -58.12767 1152336416 189.227053    34.5052      27610          4  0.000e+00
    499.629     0.0849   2.896320     0.0875   2.896422    5.97963    -0.0964    13.8155 0.0000e+00  -62.21467  -58.12767 1152336416 189.227053    34.5048      27611          4  0.000e+00
    499.629     0.0845   2.896337     0.0880   2.896469    5.98453    -0.0749    13.8155 0.0000e+00  -62.21467  -58.12767 1152336416 189.227054    34.5053      27612          4  0.000e+00
    499.600     0.0850   2.896347     0.0875   2.896505    5.98444    -0.1072    13.8155 0.0000e+00  -62.21467  -58.12767 1152336416 189.227054    34.5050      27613          4  0.000e+00
    499.629     0.0853   2.896410     0.0880   2.896516    5.98440    -0.1180    13.8155 0.0000e+00  -62.21467  -58.12767 1152336416 189.227055    34.5055      27614          4  0.000e+00
    499.629     0.0853   2.896414     0.0879   2.896516    5.98439    -0.1180    13.8155 0.0000e+00  -62.21467  -58.12767 1152336416 189.227055    34.5055      27615          4  0.000e+00
    499.600     0.0858   2.896410     0.0882   2.896510    5.98431    -0.0857    13.8155 0.0000e+00  -62.21467  -58.12767 1152336416 189.227056    34.5049      27616          4  0.000e+00
    499.629     0.0853   2.896390     0.0885   2.896510    5.98440    -0.0642    13.8155 0.0000e+00  -62.21467  -58.12767 1152336416 189.227056    34.5052      27617          4  0.000e+00
    499.562     0.0856   2.896387     0.0888   2.896516    5.98432    -0.0749    13.8155 0.0000e+00  -62.21467  -58.12767 1152336416 189.227057    34.5049      27618          4  0.000e+00
