product_data/regression_test/downloaded_data/MGDS/320620060703/ctd/p6608603.ros
* Sea-Bird SBE 9 Data File:
* FileName = D:\Data\Raw\P6608603.dat
* Software Version Seasave Win32 V 5.32
* Temperature SN = 1649
* Conductivity SN = 1431
* Number of Bytes Per Scan = 37
* Number of Voltage Words = 5
* Number of Scans Averaged by the Deck Unit = 1
* NMEA Latitude = 61 36.69 S
* NMEA Longitude = 057 43.83 W
* NMEA UTC (Time) = 04:19:32
** Ship:   Nathaniel B. Palmer 
** Cruise:    NBP0603 p0606
** Cast #: 03
** Station:   86
** Operator: 
# nquan = 17
# nvalues = 1176                    
# units = specified
# name 0 = prDM: Pressure, Digiquartz [db]
# name 1 = t090C: Temperature [ITS-90, deg C]
# name 2 = c0S/m: Conductivity [S/m]
# name 3 = t190C: Temperature, 2 [ITS-90, deg C]
# name 4 = c1S/m: Conductivity, 2 [S/m]
# name 5 = sbeox0ML/L: Oxygen, SBE 43 [ml/l]
# name 6 = flECO-AFL: Fluorescence, Wetlab ECO-AFL/FL [mg/m^3]
# name 7 = bat: Beam Attenuation, Chelsea/Seatech/Wetlab CStar [1/m]
# name 8 = spar: SPAR/Surface Irradiance
# name 9 = latitude: Latitude [deg]
# name 10 = longitude: Longitude [deg]
# name 11 = timeY: Time, System [seconds]
# name 12 = timeJ: Julian Days
# name 13 = sal00: Salinity [PSU]
# name 14 = scan: scan number
# name 15 = nbf: number of bottles fired
# name 16 = flag:  0.000e+00
# interval = seconds: 0.0416667                   
# start_time = Jul 10 2006 04:19:39
*END*
[from data line 937]
     31.420    -0.7482   2.780743    -0.7477   2.780995    7.71945     0.1618    13.8155 0.0000e+00  -61.61150  -57.73050 1152507249 191.204295    34.1830      49732         20  0.000e+00
     31.420    -0.7482   2.780760    -0.7477   2.780995    7.71477     0.1618    13.8155 0.0000e+00  -61.61150  -57.73050 1152507250 191.204296    34.1833      49733         20  0.000e+00
     31.334    -0.7480   2.780737    -0.7474   2.780995    7.71467     0.1295    13.8155 0.0000e+00  -61.61150  -57.73050 1152507250 191.204296    34.1828      49734         20  0.000e+00
     31.487    -0.7481   2.780724    -0.7474   2.781012    7.71485     0.1726    13.8155 0.0000e+00  -61.61150  -57.73050 1152507250 191.204297    34.1826      49735         20  0.000e+00
     31.344    -0.7480   2.780763    -0.7474   2.781000    7.71466     0.1510    13.8155 0.0000e+00  -61.61150  -57.73050 1152507250 191.204297    34.1832      49736         20  0.000e+00
     31.344    -0.7478   2.780727    -0.7476   2.781029    7.71464     0.1618    13.8155 0.0000e+00  -61.61150  -57.73050 1152507250 191.204298    34.1824      49737         20  0.000e+00
     31.335    -0.7476   2.780720    -0.7479   2.781006    7.71461     0.1618    13.8155 0.0000e+00  -61.61150  -57.73050 1152507250 191.204298    34.1821      49738         20  0.000e+00
     31.420    -0.7481   2.780730    -0.7473   2.781012    7.71477     0.1618    13.8155 0.0000e+00  -61.61150  -57.73050 1152507250 191.204299    34.1828      49739         20  0.000e+00
     31.277    -0.7482   2.780750    -0.7469   2.781000    7.71462     0.1833    13.8155 0.0000e+00  -61.61150  -57.73050 1152507250 191.204299    34.1832      49740         20  0.000e+00
     31.344    -0.7476   2.780747    -0.7471   2.781029    7.71460     0.1941    13.8155 0.0000e+00  -61.61150  -57.73050 1152507250 191.204300    34.1825      49741         20  0.000e+00
     31.335    -0.7473   2.780737    -0.7477   2.781024    7.71455     0.1833    13.8155 0.0000e+00  -61.61150  -57.73050 1152507250 191.204300    34.1820      49742         20  0.000e+00
     31.277    -0.7482   2.780714    -0.7477   2.781018    7.71465     0.1618    13.8155 0.0000e+00  -61.61150  -57.73050 1152507250 191.204301    34.1828      49743         20  0.000e+00
     31.344    -0.7485   2.780737    -0.7474   2.781018    7.71942     0.1295    13.8155 0.0000e+00  -61.61150  -57.73050 1152507250 191.204301    34.1834      49744         20  0.000e+00
     31.277    -0.7478   2.780737    -0.7477   2.781018    7.71456     0.1188    13.8155 0.0000e+00  -61.61150  -57.73050 1152507250 191.204302    34.1826      49745         20  0.000e+00
     31.335    -0.7479   2.780733    -0.7471   2.781018    7.71932     0.0972    13.8155 0.0000e+00  -61.61150  -57.73050 1152507250 191.204302    34.1826      49746         20  0.000e+00
     31.277    -0.7476   2.780760    -0.7474   2.781000    7.71920     0.1403    13.8155 0.0000e+00  -61.61150  -57.73050 1152507250 191.204303    34.1827      49747         20  0.000e+00
     31.277    -0.7479   2.780740    -0.7476   2.781012    7.71925     0.1510    13.8155 0.0000e+00  -61.61150  -57.73050 1152507250 191.204303    34.1827      49748         20  0.000e+00
     31.277    -0.7480   2.780750    -0.7476   2.781018    7.71927     0.1510    13.8155 0.0000e+00  -61.61150  -57.73050 1152507250 191.204304    34.1831      49749         20  0.000e+00
     31.268    -0.7481   2.780730    -0.7474   2.781035    7.71928     0.1403    13.8155 0.0000e+00  -61.61150  -57.73050 1152507250 191.204304    34.1829      49750         20  0.000e+00
     31.277    -0.7477   2.780747    -0.7476   2.781024    7.71922     0.1188    13.8155 0.0000e+00  -61.61150  -57.73050 1152507250 191.204305    34.1827      49751         20  0.000e+00
     31.277    -0.7478   2.780737    -0.7474   2.781000    7.71456     0.0757    13.8155 0.0000e+00  -61.61150  -57.73050 1152507250 191.204305    34.1826      49752         20  0.000e+00
     31.211    -0.7484   2.780710    -0.7474   2.780995    7.71460     0.1510    13.8155 0.0000e+00  -61.61150  -57.73050 1152507250 191.204306    34.1829      49753         20  0.000e+00
     31.268    -0.7478   2.780723    -0.7473   2.780995    7.71924     0.2048    13.8155 0.0000e+00  -61.61150  -57.73050 1152507250 191.204306    34.1824      49754         20  0.000e+00
     31.278    -0.7480   2.780733    -0.7474   2.781012    7.71928     0.2263    13.8155 0.0000e+00  -61.61150  -57.73050 1152507250 191.204307    34.1828      49755         20  0.000e+00
     31.278    -0.7476   2.780743    -0.7477   2.781018    7.71921     0.2048    13.8155 0.0000e+00  -61.61150  -57.73050 1152507250 191.204307    34.1825      49756         20  0.000e+00
     31.278    -0.7479   2.780717    -0.7473   2.781035    7.71927     0.1833    13.8155 0.0000e+00  -61.61150  -57.73050 1152507251 191.204307    34.1824      49757         20  0.000e+00
     31.268    -0.7478   2.780743    -0.7473   2.781006    7.71455     0.1833    13.8155 0.0000e+00  -61.61150  -57.73050 1152507251 191.204308    34.1827      49758         20  0.000e+00
     31.278    -0.7484   2.780730    -0.7470   2.781029    7.71933     0.2048    13.8155 0.0000e+00  -61.61150  -57.73050 1152507251 191.204308    34.1832      49759         20  0.000e+00
     31.278    -0.7481   2.780714    -0.7473   2.781024    7.71931     0.1833    13.8155 0.0000e+00  -61.61150  -57.73050 1152507251 191.204309    34.1826      49760         20  0.000e+00
     31.278    -0.7477   2.780727    -0.7474   2.781000    7.71924     0.1618    13.8155 0.0000e+00  -61.61150  -57.73050 1152507251 191.204309    34.1824      49761         20  0.000e+00
     31.335    -0.7482   2.780743    -0.7473   2.780971    7.71469     0.1618    13.8155 0.0000e+00  -61.61150  -57.73050 1152507251 191.204310    34.1832      49762         20  0.000e+00
     31.278    -0.7479   2.780717    -0.7479   2.781000    7.71459     0.1618    13.8155 0.0000e+00  -61.61150  -57.73050 1152507251 191.204310    34.1824      49763         20  0.000e+00
     31.278    -0.7479   2.780710    -0.7479   2.781000    7.71928     0.1510    13.8155 0.0000e+00  -61.61150  -57.73050 1152507251 191.204311    34.1824      49764         20  0.000e+00
     31.344    -0.7479   2.780720    -0.7479   2.781012    7.71934     0.0972    13.8155 0.0000e+00  -61.61150  -57.73050 1152507251 191.204311    34.1824      49765         20  0.000e+00
     31.268    -0.7479   2.780747    -0.7478   2.781000    7.71925     0.1188    13.8155 0.0000e+00  -61.61150  -57.73050 1152507251 191.204312    34.1829      49766         20  0.000e+00
     31.344    -0.7484   2.780737    -0.7477   2.781029    7.71940     0.1833    13.8155 0.0000e+00  -61.61150  -57.73050 1152507251 191.204312    34.1832      49767         20  0.000e+00
     31.278    -0.7479   2.780743    -0.7481   2.780983    7.71926     0.2048    13.8155 0.0000e+00  -61.61150  -57.73050 1152507251 191.204313    34.1828      49768         20  0.000e+00
     31.344    -0.7480   2.780737    -0.7474   2.781000    7.71935     0.1618    13.8155 0.0000e+00  -61.61150  -57.73050 1152507251 191.204313    34.1828      49769         20  0.000e+00
     31.411    -0.7481   2.780714    -0.7477   2.781035    7.71477     0.1295    13.8155 0.0000e+00  -61.61150  -57.73050 1152507251 191.204314    34.1826      49770         20  0.000e+00
     31.278    -0.7485   2.780704    -0.7478   2.781047    7.71470     0.1188    13.8155 0.0000e+00  -61.61150  -57.73050 1152507251 191.204314    34.1830      49771         20  0.000e+00
     31.421    -0.7478   2.780760    -0.7476   2.781006    7.71470     0.1295    13.8155 0.0000e+00  -61.61150  -57.73050 1152507251 191.204315    34.1828      49772         20  0.000e+00
     31.344    -0.7482   2.780727    -0.7474   2.781012    7.71938     0.1403    13.8155 0.0000e+00  -61.61150  -57.73050 1152507251 191.204315    34.1829      49773         20  0.000e+00
     31.411    -0.7476   2.780704    -0.7476   2.781000    7.71938     0.1510    13.8155 0.0000e+00  -61.61150  -57.73050 1152507251 191.204316    34.1819      49774         20  0.000e+00
     20.631    -0.7444   2.779279    -0.7418   2.779750    7.73168     0.1510    13.8155 0.0000e+00  -61.61150  -57.73050 1152507317 191.205078    34.1656      51354         21  0.000e+00
     20.726    -0.7435   2.779385    -0.7414   2.779779    7.73157     0.1403    13.8155 0.0000e+00  -61.61150  -57.73050 1152507317 191.205078    34.1660      51355         21  0.000e+00
     20.650    -0.7433   2.779408    -0.7416   2.779756    7.73610     0.1941    13.8155 0.0000e+00  -61.61150  -57.73050 1152507317 191.205079    34.1661      51356         21  0.000e+00
     20.707    -0.7431   2.779428    -0.7419   2.779745    7.73145     0.1403    13.8155 0.0000e+00  -61.61150  -57.73050 1152507317 191.205079    34.1661      51357         21  0.000e+00
     20.726    -0.7424   2.779434    -0.7421   2.779727    7.73136     0.1403    13.8155 0.0000e+00  -61.61150  -57.73050 1152507317 191.205080    34.1654      51358         21  0.000e+00
     20.707    -0.7429   2.779385    -0.7422   2.779721    7.72679     0.1510    13.8155 0.0000e+00  -61.61150  -57.73050 1152507317 191.205080    34.1654      51359         21  0.000e+00
     20.650    -0.7427   2.779378    -0.7425   2.779658    7.73136     0.1403    13.8155 0.0000e+00  -61.61150  -57.73050 1152507317 191.205081    34.1650      51360         21  0.000e+00
     20.774    -0.7429   2.779372    -0.7426   2.779640    7.72687     0.1403    13.8155 0.0000e+00  -61.61150  -57.73050 1152507317 191.205081    34.1651      51361         21  0.000e+00
     20.650    -0.7428   2.779368    -0.7425   2.779658    7.73139     0.1403    13.8155 0.0000e+00  -61.61150  -57.73050 1152507317 191.205082    34.1651      51362         21  0.000e+00
     20.726    -0.7429   2.779349    -0.7425   2.779605    7.73617     0.1618    13.8155 0.0000e+00  -61.61150  -57.73050 1152507317 191.205082    34.1649      51363         21  0.000e+00
     20.707    -0.7434   2.779342    -0.7431   2.779623    7.73157     0.1618    13.8155 0.0000e+00  -61.61150  -57.73050 1152507317 191.205082    34.1654      51364         21  0.000e+00
     20.650    -0.7437   2.779326    -0.7436   2.779559    7.72689     0.1618    13.8155 0.0000e+00  -61.61150  -57.73050 1152507318 191.205083    34.1655      51365         21  0.000e+00
     20.707    -0.7434   2.779289    -0.7445   2.779489    7.72693     0.1403    13.8155 0.0000e+00  -61.61150  -57.73050 1152507318 191.205083    34.1646      51366         21  0.000e+00
     20.650    -0.7442   2.779240    -0.7451   2.779397    7.73636     0.1188    13.8155 0.0000e+00  -61.61150  -57.73050 1152507318 191.205084    34.1648      51367         21  0.000e+00
     20.707    -0.7442   2.779250    -0.7462   2.779292    7.73642     0.1618    13.8155 0.0000e+00  -61.61150  -57.73050 1152507318 191.205084    34.1650      51368         21  0.000e+00
     20.650    -0.7445   2.779237    -0.7464   2.779188    7.72707     0.1618    13.8155 0.0000e+00  -61.61150  -57.73050 1152507318 191.205085    34.1651      51369         21  0.000e+00
     20.650    -0.7445   2.779148    -0.7470   2.779182    7.72714     0.1403    13.8155 0.0000e+00  -61.61150  -57.73050 1152507318 191.205085    34.1640      51370         21  0.000e+00
     20.707    -0.7457   2.779052    -0.7477   2.779170    7.72745     0.1403    13.8155 0.0000e+00  -61.61150  -57.73050 1152507318 191.205086    34.1640      51371         21  0.000e+00
     20.650    -0.7465   2.778999    -0.7477   2.779182    7.73223     0.0972    13.8155 0.0000e+00  -61.61150  -57.73050 1152507318 191.205086    34.1643      51372         21  0.000e+00
     20.631    -0.7469   2.778953    -0.7474   2.779170    7.74164     0.1403    13.8155 0.0000e+00  -61.61150  -57.73050 1152507318 191.205087    34.1641      51373         21  0.000e+00
     20.650    -0.7473   2.778960    -0.7473   2.779182    7.73238     0.1618    13.8155 0.0000e+00  -61.61150  -57.73050 1152507318 191.205087    34.1646      51374         21  0.000e+00
     20.564    -0.7469   2.778946    -0.7471   2.779223    7.72757     0.1618    13.8155 0.0000e+00  -61.61150  -57.73050 1152507318 191.205088    34.1641      51375         21  0.000e+00
     20.650    -0.7478   2.778940    -0.7472   2.779223    7.72779     0.1618    13.8155 0.0000e+00  -61.61150  -57.73050 1152507318 191.205088    34.1649      51376         21  0.000e+00
     20.583    -0.7473   2.778976    -0.7474   2.779252    7.73695     0.1618    13.8155 0.0000e+00  -61.61150  -57.73050 1152507318 191.205089    34.1648      51377         21  0.000e+00
     20.564    -0.7469   2.778953    -0.7465   2.779228    7.73689     0.1618    13.8155 0.0000e+00  -61.61150  -57.73050 1152507318 191.205089    34.1640      51378         21  0.000e+00
     20.583    -0.7468   2.778956    -0.7464   2.779234    7.73223     0.1188    13.8155 0.0000e+00  -61.61150  -57.73050 1152507318 191.205090    34.1640      51379         21  0.000e+00
     20.497    -0.7462   2.778963    -0.7465   2.779240    7.73204     0.1188    13.8155 0.0000e+00  -61.61150  -57.73050 1152507318 191.205090    34.1635      51380         21  0.000e+00
     20.583    -0.7473   2.778917    -0.7468   2.779240    7.73700     0.1618    13.8155 0.0000e+00  -61.61150  -57.73050 1152507318 191.205091    34.1640      51381         21  0.000e+00
     20.498    -0.7470   2.778900    -0.7468   2.779199    7.73221     0.1510    13.8155 0.0000e+00  -61.61150  -57.73050 1152507318 191.205091    34.1635      51382         21  0.000e+00
     20.517    -0.7479   2.778900    -0.7470   2.779205    7.73236     0.1295    13.8155 0.0000e+00  -61.61150  -57.73050 1152507318 191.205092    34.1645      51383         21  0.000e+00
     20.421    -0.7484   2.778811    -0.7471   2.779194    7.73707     0.1403    13.8155 0.0000e+00  -61.61150  -57.73050 1152507318 191.205092    34.1639      51384         21  0.000e+00
     20.517    -0.7484   2.778805    -0.7470   2.779188    7.73717     0.1833    13.8155 0.0000e+00  -61.61150  -57.73050 1152507318 191.205093    34.1638      51385         21  0.000e+00
     20.440    -0.7487   2.778775    -0.7469   2.779205    7.72783     0.1618    13.8155 0.0000e+00  -61.61150  -57.73050 1152507318 191.205093    34.1638      51386         21  0.000e+00
     20.498    -0.7493   2.778765    -0.7473   2.779194    7.73265     0.1188    13.8155 0.0000e+00  -61.61150  -57.73050 1152507318 191.205094    34.1643      51387         21  0.000e+00
     20.374    -0.7494   2.778762    -0.7473   2.779170    7.73722     0.1080    13.8155 0.0000e+00  -61.61150  -57.73050 1152507318 191.205094    34.1645      51388         21  0.000e+00
     20.421    -0.7493   2.778745    -0.7474   2.779165    7.73260     0.1080    13.8155 0.0000e+00  -61.61150  -57.73050 1152507319 191.205095    34.1641      51389         21  0.000e+00
     20.440    -0.7494   2.778726    -0.7482   2.779141    7.73731     0.1833    13.8155 0.0000e+00  -61.61150  -57.73050 1152507319 191.205095    34.1639      51390         21  0.000e+00
     20.355    -0.7496   2.778772    -0.7481   2.779118    7.73722     0.1833    13.8155 0.0000e+00  -61.61150  -57.73050 1152507319 191.205095    34.1648      51391         21  0.000e+00
     20.307    -0.7496   2.778768    -0.7483   2.779130    7.73250     0.0972    13.8155 0.0000e+00  -61.61150  -57.73050 1152507319 191.205096    34.1648      51392         21  0.000e+00
     20.374    -0.7496   2.778732    -0.7477   2.779095    7.73727     0.1403    13.8155 0.0000e+00  -61.61150  -57.73050 1152507319 191.205096    34.1643      51393         21  0.000e+00
     20.288    -0.7497   2.778722    -0.7487   2.779083    7.73253     0.1833    13.8155 0.0000e+00  -61.61150  -57.73050 1152507319 191.205097    34.1643      51394         21  0.000e+00
