product_data/regression_test/downloaded_data/MGDS/320620060703/ctd/p6607701.cnv
* Sea-Bird SBE 9 Data File:
* FileName = D:\Data\Raw\p6607701.dat
* Software Version Seasave Win32 V 5.32
* Temperature SN = 1649
* Conductivity SN = 1431
* Number of Bytes Per Scan = 37
* Number of Voltage Words = 5
* Number of Scans Averaged by the Deck Unit = 1
* NMEA Latitude = 62 17.76 S
* NMEA Longitude = 058 04.55 W
* NMEA UTC (Time) = 21:09:54
** Ship:   Nathaniel B. Palmer 
** Cruise:    NBP0606 
# nquan = 15
# nvalues = 1417                        
# units = specified
# name 0 = prDM: Pressure, Digiquartz [db]
# name 1 = t090C: Temperature [ITS-90, deg C]
# name 2 = c0S/m: Conductivity [S/m]
# name 3 = t190C: Temperature, 2 [ITS-90, deg C]
# name 4 = c1S/m: Conductivity, 2 [S/m]
# name 5 = sbeox0ML/L: Oxygen, SBE 43 [ml/l]
# name 6 = flECO-AFL: Fluorescence, Wetlab ECO-AFL/FL [mg/m^3]
# name 7 = bat: Beam Attenuation, Chelsea/Seatech/Wetlab CStar [1/m]
# name 8 = spar: SPAR/Surface Irradiance
# name 9 = latitude: Latitude [deg]
# name 10 = longitude: Longitude [deg]
# name 11 = timeY: Time, System [seconds]
# name 12 = timeJ: Julian Days
# name 13 = sal00: Salinity [PSU]
# name 14 = flag: flag
# span 0 =      4.000,   1420.000       
# span 1 =    -1.6835,    -0.4371       
# span 2 =   2.705229,   2.854039       
# span 3 =    -1.6845,    -0.4367       
# span 4 =   2.705793,   2.854254       
# span 5 =    6.23326,    7.86026       
# span 6 =    -0.1550,     0.2258       
# span 7 =    13.8155,    13.8155       
# span 8 = -4.966e-02, 1.7118e+00       
# span 9 =  -62.29600,  -62.29600       
# span 10 =  -58.07583,  -58.07583      
# span 11 = 1152392995, 1152395020      
# span 12 = 189.881891, 189.905342      
# span 13 =    34.2318,    34.5466      
# span 14 = 0.0000e+00, 0.0000e+00      
# interval = decibars: 1                
# start_time = Jul 08 2006 21:10:01
# bad_flag = -9.990e-29
*END*
[from data line 964]
    968.000    -0.7871   2.846212    -0.7874   2.846437    6.45571    -0.1157    13.8155 0.0000e+00  -62.29600  -58.07583 1152394329 189.897348    34.5463 0.0000e+00
    969.000    -0.7907   2.845942    -0.7905   2.846212    6.45731    -0.1252    13.8155 0.0000e+00  -62.29600  -58.07583 1152394331 189.897360    34.5462 0.0000e+00
    970.000    -0.7923   2.845852    -0.7929   2.846044    6.45986    -0.1145    13.8155 0.0000e+00  -62.29600  -58.07583 1152394332 189.897374    34.5462 0.0000e+00
    971.000    -0.7952   2.845641    -0.7953   2.845873    6.46354    -0.1310    13.8155 0.0000e+00  -62.29600  -58.07583 1152394333 189.897390    34.5462 0.0000e+00
    972.000    -0.7958   2.845632    -0.7959   2.845869    6.46532    -0.1287    13.8155 0.0000e+00  -62.29600  -58.07583 1152394335 189.897407    34.5461 0.0000e+00
    973.000    -0.7961   2.845657    -0.7962   2.845888    6.46631    -0.1240    13.8155 0.0000e+00  -62.29600  -58.07583 1152394336 189.897427    34.5461 0.0000e+00
    974.000    -0.7962   2.845703    -0.7962   2.845930    6.46657    -0.1246    13.8155 0.0000e+00  -62.29600  -58.07583 1152394338 189.897446    34.5462 0.0000e+00
    975.000    -0.7962   2.845729    -0.7965   2.845952    6.46439    -0.1259    13.8155 0.0000e+00  -62.29600  -58.07583 1152394339 189.897462    34.5459 0.0000e+00
    976.000    -0.7967   2.845739    -0.7968   2.845973    6.46493    -0.1256    13.8155 0.0000e+00  -62.29600  -58.07583 1152394341 189.897476    34.5461 0.0000e+00
    977.000    -0.7972   2.845746    -0.7972   2.845986    6.46554    -0.1344    13.8155 0.0000e+00  -62.29600  -58.07583 1152394342 189.897491    34.5461 0.0000e+00
    978.000    -0.7971   2.845796    -0.7970   2.846041    6.46522    -0.1277    13.8155 0.0000e+00  -62.29600  -58.07583 1152394343 189.897505    34.5460 0.0000e+00
    979.000    -0.7977   2.845781    -0.7978   2.846022    6.46444    -0.1205    13.8155 0.0000e+00  -62.29600  -58.07583 1152394344 189.897518    34.5460 0.0000e+00
    980.000    -0.7982   2.845783    -0.7982   2.846020    6.46503    -0.1308    13.8155 0.0000e+00  -62.29600  -58.07583 1152394346 189.897537    34.5460 0.0000e+00
    981.000    -0.7989   2.845770    -0.7987   2.846023    6.46753    -0.1189    13.8155 0.0000e+00  -62.29600  -58.07583 1152394347 189.897557    34.5460 0.0000e+00
    982.000    -0.7984   2.845852    -0.7985   2.846081    6.46866    -0.1203    13.8155 0.0000e+00  -62.29600  -58.07583 1152394349 189.897570    34.5460 0.0000e+00
    983.000    -0.7992   2.845821    -0.7992   2.846070    6.46845    -0.1154    13.8155 0.0000e+00  -62.29600  -58.07583 1152394350 189.897586    34.5459 0.0000e+00
    984.000    -0.7991   2.845880    -0.7993   2.846108    6.46690    -0.1206    13.8155 0.0000e+00  -62.29600  -58.07583 1152394352 189.897605    34.5460 0.0000e+00
    985.000    -0.7994   2.845895    -0.7995   2.846126    6.46846    -0.1153    13.8155 0.0000e+00  -62.29600  -58.07583 1152394353 189.897621    34.5459 0.0000e+00
    986.000    -0.8002   2.845872    -0.8002   2.846105    6.46868    -0.1182    13.8155 0.0000e+00  -62.29600  -58.07583 1152394354 189.897636    34.5459 0.0000e+00
    987.000    -0.8011   2.845832    -0.8012   2.846072    6.47011    -0.1270    13.8155 0.0000e+00  -62.29600  -58.07583 1152394356 189.897651    34.5459 0.0000e+00
    988.000    -0.8027   2.845736    -0.8029   2.845960    6.47058    -0.1261    13.8155 0.0000e+00  -62.29600  -58.07583 1152394357 189.897666    34.5459 0.0000e+00
    989.000    -0.8040   2.845670    -0.8042   2.845902    6.47356    -0.1185    13.8155 0.0000e+00  -62.29600  -58.07583 1152394358 189.897683    34.5459 0.0000e+00
    990.000    -0.8044   2.845683    -0.8044   2.845923    6.47545    -0.1216    13.8155 0.0000e+00  -62.29600  -58.07583 1152394360 189.897701    34.5458 0.0000e+00
    991.000    -0.8045   2.845720    -0.8046   2.845958    6.47556    -0.1347    13.8155 0.0000e+00  -62.29600  -58.07583 1152394361 189.897719    34.5459 0.0000e+00
    992.000    -0.8085   2.845399    -0.8087   2.845660    6.47669    -0.1289    13.8155 0.0000e+00  -62.29600  -58.07583 1152394363 189.897734    34.5457 0.0000e+00
    993.000    -0.8155   2.844858    -0.8159   2.845065    6.47917    -0.1344    13.8155 0.0000e+00  -62.29600  -58.07583 1152394364 189.897750    34.5458 0.0000e+00
    994.000    -0.8152   2.844923    -0.8156   2.845117    6.48261    -0.1136    13.8155 0.0000e+00  -62.29600  -58.07583 1152394366 189.897767    34.5458 0.0000e+00
    995.000    -0.8161   2.844876    -0.8166   2.845091    6.48288    -0.1165    13.8155 0.0000e+00  -62.29600  -58.07583 1152394367 189.897780    34.5456 0.0000e+00
    996.000    -0.8141   2.845096    -0.8152   2.845253    6.48242    -0.1205    13.8155 0.0000e+00  -62.29600  -58.07583 1152394368 189.897793    34.5456 0.0000e+00
    997.000    -0.8168   2.844895    -0.8179   2.845058    6.48298    -0.1282    13.8155 0.0000e+00  -62.29600  -58.07583 1152394369 189.897809    34.5453 0.0000e+00
    998.000    -0.8210   2.844583    -0.8209   2.844847    6.48623    -0.1054    13.8155 0.0000e+00  -62.29600  -58.07583 1152394371 189.897827    34.5454 0.0000e+00
    999.000    -0.8218   2.844562    -0.8219   2.844801    6.48887    -0.1182    13.8155 0.0000e+00  -62.29600  -58.07583 1152394373 189.897846    34.5454 0.0000e+00
   1000.000    -0.8222   2.844570    -0.8224   2.844802    6.49097    -0.1202    13.8155 0.0000e+00  -62.29600  -58.07583 1152394374 189.897864    34.5454 0.0000e+00
   1001.000    -0.8256   2.844320    -0.8260   2.844542    6.49241    -0.1426    13.8155 0.0000e+00  -62.29600  -58.07583 1152394375 189.897879    34.5453 0.0000e+00
   1002.000    -0.8296   2.844032    -0.8295   2.844270    6.49433    -0.1233    13.8155 0.0000e+00  -62.29600  -58.07583 1152394377 189.897894    34.5455 0.0000e+00
   1003.000    -0.8305   2.843984    -0.8308   2.844221    6.49701    -0.1371    13.8155 0.0000e+00  -62.29600  -58.07583 1152394378 189.897909    34.5453 0.0000e+00
   1004.000    -0.8350   2.843643    -0.8351   2.843898    6.49964    -0.1147    13.8155 0.0000e+00  -62.29600  -58.07583 1152394379 189.897923    34.5452 0.0000e+00
   1005.000    -0.8361   2.843594    -0.8360   2.843844    6.49879    -0.1294    13.8155 0.0000e+00  -62.29600  -58.07583 1152394380 189.897938    34.5452 0.0000e+00
   1006.000    -0.8370   2.843556    -0.8367   2.843841    6.49870    -0.1272    13.8155 0.0000e+00  -62.29600  -58.07583 1152394382 189.897955    34.5451 0.0000e+00
   1007.000    -0.8380   2.843522    -0.8380   2.843761    6.50104    -0.1231    13.8155 0.0000e+00  -62.29600  -58.07583 1152394384 189.897973    34.5451 0.0000e+00
   1008.000    -0.8400   2.843390    -0.8399   2.843651    6.50401    -0.1236    13.8155 0.0000e+00  -62.29600  -58.07583 1152394385 189.897990    34.5450 0.0000e+00
   1009.000    -0.8411   2.843329    -0.8410   2.843596    6.50879    -0.1213    13.8155 0.0000e+00  -62.29600  -58.07583 1152394386 189.898006    34.5449 0.0000e+00
   1010.000    -0.8417   2.843322    -0.8420   2.843542    6.51131    -0.1214    13.8155 0.0000e+00  -62.29600  -58.07583 1152394388 189.898024    34.5449 0.0000e+00
   1011.000    -0.8451   2.843061    -0.8467   2.843180    6.51361    -0.1230    13.8155 0.0000e+00  -62.29600  -58.07583 1152394389 189.898041    34.5447 0.0000e+00
   1012.000    -0.8490   2.842760    -0.8495   2.842971    6.51533    -0.1309    13.8155 0.0000e+00  -62.29600  -58.07583 1152394391 189.898056    34.5445 0.0000e+00
   1013.000    -0.8514   2.842586    -0.8518   2.842814    6.51644    -0.1245    13.8155 0.0000e+00  -62.29600  -58.07583 1152394392 189.898068    34.5444 0.0000e+00
   1014.000    -0.8542   2.842392    -0.8546   2.842603    6.51770    -0.1237    13.8155 0.0000e+00  -62.29600  -58.07583 1152394393 189.898081    34.5443 0.0000e+00
   1015.000    -0.8561   2.842257    -0.8563   2.842505    6.51962    -0.1199    13.8155 0.0000e+00  -62.29600  -58.07583 1152394394 189.898099    34.5441 0.0000e+00
   1016.000    -0.8580   2.842135    -0.8582   2.842370    6.52333    -0.1208    13.8155 0.0000e+00  -62.29600  -58.07583 1152394396 189.898119    34.5440 0.0000e+00
   1017.000    -0.8615   2.841864    -0.8617   2.842101    6.52401    -0.1189    13.8155 0.0000e+00  -62.29600  -58.07583 1152394398 189.898136    34.5438 0.0000e+00
   1018.000    -0.8621   2.841856    -0.8624   2.842083    6.52438    -0.1132    13.8155 0.0000e+00  -62.29600  -58.07583 1152394399 189.898151    34.5438 0.0000e+00
   1019.000    -0.8633   2.841798    -0.8634   2.842028    6.52680    -0.1377    13.8155 0.0000e+00  -62.29600  -58.07583 1152394400 189.898165    34.5437 0.0000e+00
   1020.000    -0.8635   2.841823    -0.8632   2.842098    6.53031    -0.1258    13.8155 0.0000e+00  -62.29600  -58.07583 1152394402 189.898183    34.5436 0.0000e+00
   1021.000    -0.8619   2.842024    -0.8621   2.842249    6.53166    -0.1259    13.8155 0.0000e+00  -62.29600  -58.07583 1152394403 189.898202    34.5439 0.0000e+00
   1022.000    -0.8605   2.842200    -0.8604   2.842442    6.53182    -0.1209    13.8155 0.0000e+00  -62.29600  -58.07583 1152394405 189.898219    34.5440 0.0000e+00
   1023.000    -0.8600   2.842293    -0.8600   2.842523    6.53084    -0.1347    13.8155 0.0000e+00  -62.29600  -58.07583 1152394406 189.898232    34.5440 0.0000e+00
   1024.000    -0.8588   2.842429    -0.8591   2.842652    6.53090    -0.1365    13.8155 0.0000e+00  -62.29600  -58.07583 1152394407 189.898244    34.5439 0.0000e+00
   1025.000    -0.8587   2.842485    -0.8590   2.842714    6.53051    -0.1193    13.8155 0.0000e+00  -62.29600  -58.07583 1152394408 189.898256    34.5440 0.0000e+00
   1026.000    -0.8591   2.842510    -0.8591   2.842752    6.53162    -0.1386    13.8155 0.0000e+00  -62.29600  -58.07583 1152394409 189.898273    34.5441 0.0000e+00
   1027.000    -0.8590   2.842565    -0.8590   2.842802    6.53225    -0.1230    13.8155 0.0000e+00  -62.29600  -58.07583 1152394411 189.898294    34.5442 0.0000e+00
   1028.000    -0.8606   2.842462    -0.8610   2.842683    6.53464    -0.1202    13.8155 0.0000e+00  -62.29600  -58.07583 1152394413 189.898313    34.5440 0.0000e+00
   1029.000    -0.8644   2.842182    -0.8645   2.842423    6.53695    -0.1149    13.8155 0.0000e+00  -62.29600  -58.07583 1152394414 189.898330    34.5441 0.0000e+00
   1030.000    -0.8650   2.842157    -0.8652   2.842398    6.53999    -0.1287    13.8155 0.0000e+00  -62.29600  -58.07583 1152394416 189.898345    34.5439 0.0000e+00
   1031.000    -0.8689   2.841851    -0.8690   2.842112    6.54063    -0.1268    13.8155 0.0000e+00  -62.29600  -58.07583 1152394417 189.898360    34.5437 0.0000e+00
   1032.000    -0.8760   2.841276    -0.8760   2.841539    6.54027    -0.1118    13.8155 0.0000e+00  -62.29600  -58.07583 1152394418 189.898374    34.5436 0.0000e+00
   1033.000    -0.8851   2.840476    -0.8865   2.840657    6.54562    -0.1116    13.8155 0.0000e+00  -62.29600  -58.07583 1152394419 189.898390    34.5427 0.0000e+00
   1034.000    -0.8951   2.839642    -0.8944   2.839953    6.55147    -0.1242    13.8155 0.0000e+00  -62.29600  -58.07583 1152394421 189.898408    34.5424 0.0000e+00
   1035.000    -0.8997   2.839263    -0.9014   2.839377    6.55817    -0.1338    13.8155 0.0000e+00  -62.29600  -58.07583 1152394423 189.898425    34.5420 0.0000e+00
   1036.000    -0.9061   2.838736    -0.9067   2.838951    6.56027    -0.1239    13.8155 0.0000e+00  -62.29600  -58.07583 1152394424 189.898442    34.5417 0.0000e+00
   1037.000    -0.9073   2.838675    -0.9075   2.838933    6.56441    -0.1217    13.8155 0.0000e+00  -62.29600  -58.07583 1152394425 189.898457    34.5415 0.0000e+00
   1038.000    -0.9085   2.838626    -0.9091   2.838832    6.56749    -0.1282    13.8155 0.0000e+00  -62.29600  -58.07583 1152394427 189.898472    34.5415 0.0000e+00
   1039.000    -0.9089   2.838624    -0.9089   2.838887    6.57219    -0.1171    13.8155 0.0000e+00  -62.29600  -58.07583 1152394428 189.898489    34.5413 0.0000e+00
   1040.000    -0.9085   2.838712    -0.9085   2.838967    6.57483    -0.1254    13.8155 0.0000e+00  -62.29600  -58.07583 1152394430 189.898509    34.5412 0.0000e+00
   1041.000    -0.9081   2.838794    -0.9084   2.839023    6.57618    -0.1292    13.8155 0.0000e+00  -62.29600  -58.07583 1152394431 189.898524    34.5413 0.0000e+00
   1042.000    -0.9080   2.838844    -0.9080   2.839111    6.57707    -0.1289    13.8155 0.0000e+00  -62.29600  -58.07583 1152394432 189.898538    34.5411 0.0000e+00
   1043.000    -0.9081   2.838886    -0.9082   2.839125    6.57834    -0.1181    13.8155 0.0000e+00  -62.29600  -58.07583 1152394433 189.898551    34.5413 0.0000e+00
   1044.000    -0.9083   2.838909    -0.9085   2.839149    6.57882    -0.1289    13.8155 0.0000e+00  -62.29600  -58.07583 1152394435 189.898564    34.5412 0.0000e+00
   1045.000    -0.9095   2.838860    -0.9089   2.839165    6.58021    -0.1550    13.8155 0.0000e+00  -62.29600  -58.07583 1152394436 189.898577    34.5413 0.0000e+00
   1046.000    -0.9105   2.838833    -0.9106   2.839072    6.57946    -0.1278    13.8155 0.0000e+00  -62.29600  -58.07583 1152394437 189.898591    34.5415 0.0000e+00
   1047.000    -0.9132   2.838635    -0.9139   2.838847    6.58362    -0.1259    13.8155 0.0000e+00  -62.29600  -58.07583 1152394438 189.898605    34.5413 0.0000e+00
   1048.000    -0.9206   2.838030    -0.9242   2.837996    6.58928    -0.1289    13.8155 0.0000e+00  -62.29600  -58.07583 1152394440 189.898623    34.5411 0.0000e+00
   1049.000    -0.9256   2.837650    -0.9258   2.837895    6.59539    -0.1186    13.8155 0.0000e+00  -62.29600  -58.07583 1152394441 189.898642    34.5412 0.0000e+00
   1050.000    -0.9282   2.837458    -0.9288   2.837688    6.59687    -0.1240    13.8155 0.0000e+00  -62.29600  -58.07583 1152394443 189.898657    34.5410 0.0000e+00
   1051.000    -0.9307   2.837284    -0.9311   2.837531    6.59767    -0.1291    13.8155 0.0000e+00  -62.29600  -58.07583 1152394444 189.898671    34.5408 0.0000e+00
   1052.000    -0.9429   2.836275    -0.9445   2.836428    6.59889    -0.1371    13.8155 0.0000e+00  -62.29600  -58.07583 1152394445 189.898685    34.5408 0.0000e+00
   1053.000    -0.9484   2.835853    -0.9487   2.836112    6.60494    -0.1299    13.8155 0.0000e+00  -62.29600  -58.07583 1152394446 189.898699    34.5408 0.0000e+00
   1054.000    -0.9499   2.835782    -0.9498   2.836052    6.60831    -0.1251    13.8155 0.0000e+00  -62.29600  -58.07583 1152394447 189.898713    34.5409 0.0000e+00
   1055.000    -0.9499   2.835840    -0.9502   2.836076    6.61278    -0.1158    13.8155 0.0000e+00  -62.29600  -58.07583 1152394449 189.898729    34.5410 0.0000e+00
   1056.000    -0.9505   2.835842    -0.9509   2.836063    6.61541    -0.1326    13.8155 0.0000e+00  -62.29600  -58.07583 1152394450 189.898744    34.5411 0.0000e+00
   1057.000    -0.9486   2.836061    -0.9488   2.836299    6.61568    -0.1170    13.8155 0.0000e+00  -62.29600  -58.07583 1152394451 189.898758    34.5412 0.0000e+00
   1058.000    -0.9484   2.836126    -0.9485   2.836377    6.61704    -0.1343    13.8155 0.0000e+00  -62.29600  -58.07583 1152394453 189.898774    34.5411 0.0000e+00
   1059.000    -0.9484   2.836176    -0.9485   2.836421    6.61849    -0.1277    13.8155 0.0000e+00  -62.29600  -58.07583 1152394454 189.898794    34.5411 0.0000e+00
   1060.000    -0.9484   2.836222    -0.9484   2.836470    6.61877    -0.1355    13.8155 0.0000e+00  -62.29600  -58.07583 1152394456 189.898810    34.5411 0.0000e+00
   1061.000    -0.9482   2.836279    -0.9484   2.836524    6.61952    -0.1295    13.8155 0.0000e+00  -62.29600  -58.07583 1152394457 189.898822    34.5410 0.0000e+00
   1062.000    -0.9486   2.836290    -0.9486   2.836550    6.61918    -0.1141    13.8155 0.0000e+00  -62.29600  -58.07583 1152394458 189.898833    34.5411 0.0000e+00
   1063.000    -0.9493   2.836259    -0.9497   2.836496    6.62170    -0.1292    13.8155 0.0000e+00  -62.29600  -58.07583 1152394459 189.898846    34.5409 0.0000e+00
