product_data/regression_test/downloaded_data/MGDS/320620060703/ctd/p6608102.ros
* Sea-Bird SBE 9 Data File:
* FileName = D:\Data\Raw\P6608102.dat
* Software Version Seasave Win32 V 5.32
* Temperature SN = 1649
* Conductivity SN = 1431
* Number of Bytes Per Scan = 37
* Number of Voltage Words = 5
* Number of Scans Averaged by the Deck Unit = 1
* NMEA Latitude = 62 13.84 S
* NMEA Longitude = 058 06.97 W
* NMEA UTC (Time) = 13:53:31
** Ship:   Nathaniel B. Palmer 
** Cruise:    NBP0603 p0606
** Cast #: 02
** Station:   81
** Operator: 
# nquan = 17
# nvalues = 1176                    
# units = specified
# name 0 = prDM: Pressure, Digiquartz [db]
# name 1 = t090C: Temperature [ITS-90, deg C]
# name 2 = c0S/m: Conductivity [S/m]
# name 3 = t190C: Temperature, 2 [ITS-90, deg C]
# name 4 = c1S/m: Conductivity, 2 [S/m]
# name 5 = sbeox0ML/L: Oxygen, SBE 43 [ml/l]
# name 6 = flECO-AFL: Fluorescence, Wetlab ECO-AFL/FL [mg/m^3]
# name 7 = bat: Beam Attenuation, Chelsea/Seatech/Wetlab CStar [1/m]
# name 8 = spar: SPAR/Surface Irradiance
# name 9 = latitude: Latitude [deg]
# name 10 = longitude: Longitude [deg]
# name 11 = timeY: Time, System [seconds]
# name 12 = timeJ: Julian Days
# name 13 = sal00: Salinity [PSU]
# name 14 = scan: scan number
# name 15 = nbf: number of bottles fired
# name 16 = flag:  0.000e+00
# interval = seconds: 0.0416667                   
# start_time = Jul 09 2006 13:53:38
*END*
[from data line 1107]
      9.733    -0.6872   2.785759    -0.6876   2.786014    7.59480    -0.0104    13.8155 9.1563e+01  -62.23067  -58.11617 1152456874 190.621248    34.1953      87788         23  0.000e+00
      9.686    -0.6873   2.785759    -0.6872   2.786002    7.59477    -0.0104    13.8155 9.1563e+01  -62.23067  -58.11617 1152456874 190.621248    34.1955      87789         23  0.000e+00
      9.734    -0.6869   2.785759    -0.6875   2.785979    7.59475     0.0004    13.8155 9.1563e+01  -62.23067  -58.11617 1152456874 190.621249    34.1950      87790         23  0.000e+00
      9.667    -0.6872   2.785779    -0.6876   2.785990    7.59472     0.0327    13.8155 9.1563e+01  -62.23067  -58.11617 1152456874 190.621249    34.1957      87791         23  0.000e+00
      9.686    -0.6877   2.785782    -0.6876   2.785996    7.59481     0.0434    13.8155 9.1563e+01  -62.23067  -58.11617 1152456874 190.621250    34.1962      87792         23  0.000e+00
      9.734    -0.6872   2.785765    -0.6873   2.785973    7.59945     0.0112    13.8155 9.1563e+01  -62.23067  -58.11617 1152456875 190.621250    34.1954      87793         23  0.000e+00
      9.686    -0.6873   2.785759    -0.6876   2.786008    7.59943     0.0327    13.8155 9.1563e+01  -62.23067  -58.11617 1152456875 190.621250    34.1955      87794         23  0.000e+00
      9.667    -0.6870   2.785775    -0.6870   2.785961    7.59935     0.0542    13.8155 9.1563e+01  -62.23067  -58.11617 1152456875 190.621251    34.1954      87795         23  0.000e+00
      9.667    -0.6872   2.785765    -0.6873   2.786002    7.59473     0.0542    13.8155 9.1563e+01  -62.23067  -58.11617 1152456875 190.621251    34.1955      87796         23  0.000e+00
      9.686    -0.6876   2.785775    -0.6870   2.786002    7.59481     0.0757    13.8155 9.1563e+01  -62.23067  -58.11617 1152456875 190.621252    34.1961      87797         23  0.000e+00
      9.667    -0.6872   2.785749    -0.6869   2.785996    7.59474     0.0434    13.8155 9.1563e+01  -62.23067  -58.11617 1152456875 190.621252    34.1953      87798         23  0.000e+00
      9.667    -0.6875   2.785752    -0.6869   2.785996    7.59478     0.0327    13.8155 9.1563e+01  -62.23067  -58.11617 1152456875 190.621253    34.1957      87799         23  0.000e+00
      9.619    -0.6876   2.785742    -0.6873   2.785996    7.59476     0.0327    13.8155 9.1563e+01  -62.23067  -58.11617 1152456875 190.621253    34.1957      87800         23  0.000e+00
      9.667    -0.6876   2.785722    -0.6872   2.785996    7.59483     0.0327    13.8155 9.1563e+01  -62.23067  -58.11617 1152456875 190.621254    34.1954      87801         23  0.000e+00
      9.591    -0.6872   2.785765    -0.6872   2.785996    7.59464     0.0650    13.8155 9.1563e+01  -62.23067  -58.11617 1152456875 190.621254    34.1955      87802         23  0.000e+00
      9.686    -0.6872   2.785732    -0.6873   2.785996    7.59477     0.0434    13.8155 9.1563e+01  -62.23067  -58.11617 1152456875 190.621255    34.1950      87803         23  0.000e+00
      9.591    -0.6875   2.785765    -0.6873   2.785996    7.59469     0.0327    13.8155 9.1563e+01  -62.23067  -58.11617 1152456875 190.621255    34.1959      87804         23  0.000e+00
      9.619    -0.6872   2.785782    -0.6872   2.785996    7.59466     0.0219    13.8155 9.1563e+01  -62.23067  -58.11617 1152456875 190.621256    34.1957      87805         23  0.000e+00
      9.667    -0.6876   2.785749    -0.6878   2.785996    7.59481     0.0112    13.8155 9.1563e+01  -62.23067  -58.11617 1152456875 190.621256    34.1958      87806         23  0.000e+00
      9.591    -0.6876   2.785739    -0.6875   2.785996    7.59473     0.0112    13.8155 9.1563e+01  -62.23067  -58.11617 1152456875 190.621257    34.1957      87807         23  0.000e+00
      9.623    -0.6869   2.785782    -0.6867   2.786025    7.59462     0.0219    13.8155 9.1563e+01  -62.23067  -58.11617 1152456882 190.621334    34.1954      87968         24  0.000e+00
      9.594    -0.6870   2.785782    -0.6866   2.786043    7.59461     0.0757    13.8155 9.1563e+01  -62.23067  -58.11617 1152456882 190.621335    34.1955      87969         24  0.000e+00
      9.556    -0.6873   2.785798    -0.6869   2.786031    7.59461     0.0972    13.8155 8.9615e+01  -62.23067  -58.11617 1152456882 190.621335    34.1962      87970         24  0.000e+00
      9.528    -0.6875   2.785772    -0.6876   2.786019    7.59462     0.0434    13.8155 9.1563e+01  -62.23067  -58.11617 1152456882 190.621336    34.1960      87971         24  0.000e+00
      9.594    -0.6872   2.785792    -0.6872   2.786019    7.59463     0.0327    13.8155 8.9615e+01  -62.23067  -58.11617 1152456882 190.621336    34.1959      87972         24  0.000e+00
      9.623    -0.6875   2.785772    -0.6867   2.786002    7.59938     0.0112    13.8155 8.9615e+01  -62.23067  -58.11617 1152456882 190.621337    34.1959      87973         24  0.000e+00
      9.594    -0.6872   2.785792    -0.6875   2.786014    7.59463     0.0219    13.8155 8.9615e+01  -62.23067  -58.11617 1152456882 190.621337    34.1959      87974         24  0.000e+00
      9.594    -0.6873   2.785788    -0.6869   2.786043    7.59465     0.0327    13.8155 8.9615e+01  -62.23067  -58.11617 1152456882 190.621338    34.1960      87975         24  0.000e+00
      9.623    -0.6869   2.785765    -0.6869   2.786031    7.59463     0.0112    13.8155 8.9615e+01  -62.23067  -58.11617 1152456882 190.621338    34.1951      87976         24  0.000e+00
      9.594    -0.6873   2.785759    -0.6872   2.786002    7.59468     0.0004    13.8155 8.9615e+01  -62.23067  -58.11617 1152456882 190.621339    34.1956      87977         24  0.000e+00
      9.594    -0.6872   2.785759    -0.6869   2.786031    7.59465     0.0327    13.8155 8.9615e+01  -62.23067  -58.11617 1152456882 190.621339    34.1954      87978         24  0.000e+00
      9.623    -0.6873   2.785726    -0.6869   2.786031    7.59473    -0.0319    13.8155 8.9615e+01  -62.23067  -58.11617 1152456882 190.621340    34.1951      87979         24  0.000e+00
      9.671    -0.6872   2.785785    -0.6867   2.786025    7.59472    -0.0749    13.8155 8.7667e+01  -62.23067  -58.11617 1152456882 190.621340    34.1957      87980         24  0.000e+00
      9.623    -0.6875   2.785788    -0.6870   2.786025    7.59471    -0.0211    13.8155 8.7667e+01  -62.23067  -58.11617 1152456882 190.621341    34.1962      87981         24  0.000e+00
      9.671    -0.6870   2.785749    -0.6861   2.786025    7.59472     0.0327    13.8155 8.9615e+01  -62.23067  -58.11617 1152456882 190.621341    34.1951      87982         24  0.000e+00
      9.671    -0.6870   2.785772    -0.6873   2.786043    7.59470     0.0327    13.8155 8.9615e+01  -62.23067  -58.11617 1152456882 190.621342    34.1954      87983         24  0.000e+00
      9.623    -0.6875   2.785782    -0.6872   2.786031    7.59472     0.0112    13.8155 8.9615e+01  -62.23067  -58.11617 1152456882 190.621342    34.1961      87984         24  0.000e+00
      9.671    -0.6870   2.785782    -0.6867   2.786019    7.59469     0.0434    13.8155 8.9615e+01  -62.23067  -58.11617 1152456883 190.621343    34.1955      87985         24  0.000e+00
      9.671    -0.6875   2.785798    -0.6880   2.786019    7.59475     0.0327    13.8155 8.9615e+01  -62.23067  -58.11617 1152456883 190.621343    34.1963      87986         24  0.000e+00
      9.690    -0.6875   2.785788    -0.6878   2.785985    7.59478     0.0112    13.8155 8.9615e+01  -62.23067  -58.11617 1152456883 190.621344    34.1961      87987         24  0.000e+00
      9.671    -0.6873   2.785782    -0.6881   2.785927    7.59474     0.0004    13.8155 8.9615e+01  -62.23067  -58.11617 1152456883 190.621344    34.1959      87988         24  0.000e+00
      9.671    -0.6872   2.785732    -0.6880   2.785956    7.59475     0.0112    13.8155 8.9615e+01  -62.23067  -58.11617 1152456883 190.621345    34.1950      87989         24  0.000e+00
      9.690    -0.6876   2.785749    -0.6880   2.785973    7.59483     0.0112    13.8155 8.9615e+01  -62.23067  -58.11617 1152456883 190.621345    34.1958      87990         24  0.000e+00
      9.671    -0.6876   2.785775    -0.6881   2.785950    7.59479     0.0112    13.8155 8.9615e+01  -62.23067  -58.11617 1152456883 190.621345    34.1961      87991         24  0.000e+00
      9.766    -0.6878   2.785732    -0.6875   2.785961    7.59495     0.0327    13.8155 8.9615e+01  -62.23067  -58.11617 1152456883 190.621346    34.1957      87992         24  0.000e+00
      9.671    -0.6876   2.785732    -0.6875   2.785985    7.59482     0.0112    13.8155 8.9615e+01  -62.23067  -58.11617 1152456883 190.621346    34.1955      87993         24  0.000e+00
      9.738    -0.6881   2.785755    -0.6873   2.786014    7.59495     0.0112    13.8155 8.9615e+01  -62.23067  -58.11617 1152456883 190.621347    34.1963      87994         24  0.000e+00
      9.766    -0.6872   2.785759    -0.6872   2.786043    7.59484    -0.0104    13.8155 8.9615e+01  -62.23067  -58.11617 1152456883 190.621347    34.1953      87995         24  0.000e+00
      9.671    -0.6880   2.785775    -0.6870   2.786008    7.59484     0.0327    13.8155 8.9615e+01  -62.23067  -58.11617 1152456883 190.621348    34.1965      87996         24  0.000e+00
      9.805    -0.6869   2.785782    -0.6872   2.785996    7.59481     0.0434    13.8155 8.9615e+01  -62.23067  -58.11617 1152456883 190.621348    34.1953      87997         24  0.000e+00
      9.766    -0.6873   2.785798    -0.6875   2.785996    7.59483    -0.0104    13.8155 9.1563e+01  -62.23067  -58.11617 1152456883 190.621349    34.1961      87998         24  0.000e+00
      9.738    -0.6869   2.785788    -0.6876   2.785979    7.59474    -0.0319    13.8155 9.1563e+01  -62.23067  -58.11617 1152456883 190.621349    34.1954      87999         24  0.000e+00
      9.738    -0.6873   2.785815    -0.6878   2.785973    7.59479     0.0542    13.8155 9.1563e+01  -62.23067  -58.11617 1152456883 190.621350    34.1963      88000         24  0.000e+00
      9.767    -0.6872   2.785828    -0.6880   2.785950    7.59479     0.0327    13.8155 9.1563e+01  -62.23067  -58.11617 1152456883 190.621350    34.1963      88001         24  0.000e+00
      9.805    -0.6870   2.785795    -0.6878   2.785944    7.59482    -0.0104    13.8155 9.1563e+01  -62.23067  -58.11617 1152456883 190.621351    34.1956      88002         24  0.000e+00
      9.833    -0.6869   2.785798    -0.6873   2.785961    7.59483     0.0112    13.8155 9.1563e+01  -62.23067  -58.11617 1152456883 190.621351    34.1955      88003         24  0.000e+00
      9.738    -0.6872   2.785805    -0.6878   2.785990    7.59477     0.0434    13.8155 8.9615e+01  -62.23067  -58.11617 1152456883 190.621352    34.1960      88004         24  0.000e+00
      9.805    -0.6872   2.785769    -0.6872   2.785950    7.59487     0.0327    13.8155 8.9615e+01  -62.23067  -58.11617 1152456883 190.621352    34.1954      88005         24  0.000e+00
      9.833    -0.6870   2.785779    -0.6876   2.785979    7.59487     0.0004    13.8155 8.9615e+01  -62.23067  -58.11617 1152456883 190.621353    34.1954      88006         24  0.000e+00
      9.805    -0.6876   2.785798    -0.6875   2.785979    7.59492    -0.0104    13.8155 9.1563e+01  -62.23067  -58.11617 1152456883 190.621353    34.1964      88007         24  0.000e+00
      9.805    -0.6869   2.785805    -0.6883   2.785973    7.59480     0.0434    13.8155 9.1563e+01  -62.23067  -58.11617 1152456883 190.621354    34.1956      88008         24  0.000e+00
      9.833    -0.6875   2.785772    -0.6880   2.785927    7.59494     0.0434    13.8155 9.1563e+01  -62.23067  -58.11617 1152456884 190.621354    34.1958      88009         24  0.000e+00
      9.881    -0.6872   2.785775    -0.6886   2.785956    7.59494     0.0219    13.8155 9.1563e+01  -62.23067  -58.11617 1152456884 190.621355    34.1955      88010         24  0.000e+00
      9.805    -0.6870   2.785782    -0.6884   2.785950    7.59483     0.0112    13.8155 9.1563e+01  -62.23067  -58.11617 1152456884 190.621355    34.1954      88011         24  0.000e+00
      9.833    -0.6872   2.785782    -0.6883   2.785961    7.59489     0.0112    13.8155 9.1563e+01  -62.23067  -58.11617 1152456884 190.621356    34.1956      88012         24  0.000e+00
      9.881    -0.6872   2.785782    -0.6880   2.785950    7.59494     0.0650    13.8155 9.1563e+01  -62.23067  -58.11617 1152456884 190.621356    34.1956      88013         24  0.000e+00
      9.834    -0.6876   2.785749    -0.6880   2.785944    7.59498     0.0112    13.8155 9.1563e+01  -62.23067  -58.11617 1152456884 190.621357    34.1957      88014         24  0.000e+00
      9.881    -0.6877   2.785739    -0.6873   2.785921    7.59504     0.0004    13.8155 9.1563e+01  -62.23067  -58.11617 1152456884 190.621357    34.1955      88015         24  0.000e+00
      9.881    -0.6873   2.785755    -0.6883   2.785956    7.59498     0.0327    13.8155 9.1563e+01  -62.23067  -58.11617 1152456884 190.621358    34.1954      88016         24  0.000e+00
