product_data/regression_test/downloaded_data/MGDS/320620060703/ctd/p6607501.cnv
* Sea-Bird SBE 9 Data File:
* FileName = D:\Data\Raw\p6607501.dat
* Software Version Seasave Win32 V 5.32
* Temperature SN = 1649
* Conductivity SN = 1431
* Number of Bytes Per Scan = 37
* Number of Voltage Words = 5
* Number of Scans Averaged by the Deck Unit = 1
* NMEA Latitude = 62 15.77 S
* NMEA Longitude = 058 05.80 W
* NMEA UTC (Time) = 13:33:07
** Ship:   Nathaniel B. Palmer 
** Cruise:    NBP0606 
# nquan = 15
# nvalues = 1455                        
# units = specified
# name 0 = prDM: Pressure, Digiquartz [db]
# name 1 = t090C: Temperature [ITS-90, deg C]
# name 2 = c0S/m: Conductivity [S/m]
# name 3 = t190C: Temperature, 2 [ITS-90, deg C]
# name 4 = c1S/m: Conductivity, 2 [S/m]
# name 5 = sbeox0ML/L: Oxygen, SBE 43 [ml/l]
# name 6 = flECO-AFL: Fluorescence, Wetlab ECO-AFL/FL [mg/m^3]
# name 7 = bat: Beam Attenuation, Chelsea/Seatech/Wetlab CStar [1/m]
# name 8 = spar: SPAR/Surface Irradiance
# name 9 = latitude: Latitude [deg]
# name 10 = longitude: Longitude [deg]
# name 11 = timeY: Time, System [seconds]
# name 12 = timeJ: Julian Days
# name 13 = sal00: Salinity [PSU]
# name 14 = flag: flag
# span 0 =      1.000,   1455.000       
# span 1 =    -1.5231,     0.1947       
# span 2 =   2.722907,   2.887471       
# span 3 =    -1.5216,     0.1946       
# span 4 =   2.723137,   2.887197       
# span 5 =    6.17770,    7.71891       
# span 6 =    -0.1455,     0.1120       
# span 7 =    13.8155,    13.8155       
# span 8 = -3.093e-02, 2.5013e+01       
# span 9 =  -62.26283,  -62.26283       
# span 10 =  -58.09667,  -58.09667      
# span 11 = 1152365588, 1152368568      
# span 12 = 189.564692, 189.599193      
# span 13 =    34.2464,    34.5503      
# span 14 = 0.0000e+00, 0.0000e+00      
# interval = decibars: 1                
# start_time = Jul 08 2006 13:33:15
# bad_flag = -9.990e-29
*END*
[from data line 482]
    483.000    -0.3840   2.855703    -0.3856   2.855529    6.26600    -0.1125    13.8155 1.8196e+00  -62.26283  -58.09667 1152366622 189.576660    34.5048 0.0000e+00
    484.000    -0.3888   2.855335    -0.3868   2.855460    6.27074    -0.1108    13.8155 2.0550e+00  -62.26283  -58.09667 1152366623 189.576676    34.5050 0.0000e+00
    485.000    -0.3960   2.854724    -0.3950   2.854721    6.28524    -0.1138    13.8155 2.5326e+00  -62.26283  -58.09667 1152366626 189.576707    34.5039 0.0000e+00
    486.000    -0.4211   2.852530    -0.4281   2.851961    6.30226    -0.1157    13.8155 2.8657e+00  -62.26283  -58.09667 1152366629 189.576747    34.5022 0.0000e+00
    487.000    -0.4454   2.850468    -0.4426   2.850657    6.30984    -0.1170    13.8155 3.5819e+00  -62.26283  -58.09667 1152366630 189.576759    34.5026 0.0000e+00
    488.000    -0.4435   2.850694    -0.4437   2.850602    6.31812    -0.1165    13.8155 3.1035e+00  -62.26283  -58.09667 1152366632 189.576782    34.5024 0.0000e+00
    489.000    -0.4551   2.849704    -0.4582   2.849344    6.32740    -0.1259    13.8155 2.9651e+00  -62.26283  -58.09667 1152366636 189.576821    34.5014 0.0000e+00
    490.000    -0.4678   2.848627    -0.4684   2.848526    6.32952    -0.1094    13.8155 3.4606e+00  -62.26283  -58.09667 1152366637 189.576834    34.5009 0.0000e+00
    491.000    -0.4732   2.848201    -0.4727   2.848187    6.33426    -0.1079    13.8155 2.3963e+00  -62.26283  -58.09667 1152366638 189.576850    34.5007 0.0000e+00
    492.000    -0.4689   2.848634    -0.4730   2.848189    6.34037    -0.1137    13.8155 3.5910e+00  -62.26283  -58.09667 1152366642 189.576893    34.5004 0.0000e+00
    493.000    -0.4839   2.847386    -0.4831   2.847390    6.35039    -0.1121    13.8155 2.8166e+00  -62.26283  -58.09667 1152366644 189.576923    34.5003 0.0000e+00
    494.000    -0.4905   2.846848    -0.4877   2.847029    6.35287    -0.1148    13.8155 2.8023e+00  -62.26283  -58.09667 1152366646 189.576946    34.4999 0.0000e+00
    495.000    -0.4988   2.846189    -0.5006   2.845990    6.35566    -0.1133    13.8155 2.6807e+00  -62.26283  -58.09667 1152366648 189.576963    34.5000 0.0000e+00
    496.000    -0.5224   2.844192    -0.5240   2.844031    6.36340    -0.1183    13.8155 2.3289e+00  -62.26283  -58.09667 1152366649 189.576982    34.4997 0.0000e+00
    497.000    -0.5218   2.844298    -0.5239   2.844085    6.37514    -0.1089    13.8155 3.7836e+00  -62.26283  -58.09667 1152366654 189.577036    34.4992 0.0000e+00
    498.000    -0.5362   2.843137    -0.5355   2.843150    6.37580    -0.0979    13.8155 1.9318e+00  -62.26283  -58.09667 1152366656 189.577052    34.4997 0.0000e+00
    499.000    -0.5386   2.842968    -0.5395   2.842834    6.37880    -0.1111    13.8155 2.8615e+00  -62.26283  -58.09667 1152366657 189.577066    34.4994 0.0000e+00
    500.000    -0.5424   2.842664    -0.5418   2.842659    6.38299    -0.1130    13.8155 3.1801e+00  -62.26283  -58.09667 1152366658 189.577084    34.4990 0.0000e+00
    501.000    -0.5432   2.842653    -0.5434   2.842575    6.38551    -0.1100    13.8155 3.0784e+00  -62.26283  -58.09667 1152366660 189.577110    34.4989 0.0000e+00
    502.000    -0.5497   2.842119    -0.5502   2.842010    6.38934    -0.1124    13.8155 3.2193e+00  -62.26283  -58.09667 1152366663 189.577142    34.4985 0.0000e+00
    503.000    -0.5526   2.841920    -0.5546   2.841689    6.39464    -0.1134    13.8155 3.1074e+00  -62.26283  -58.09667 1152366667 189.577184    34.4982 0.0000e+00
    504.000    -0.5663   2.840793    -0.5667   2.840728    6.39602    -0.1134    13.8155 3.4629e+00  -62.26283  -58.09667 1152366668 189.577199    34.4982 0.0000e+00
    505.000    -0.5749   2.840112    -0.5747   2.840066    6.39685    -0.1205    13.8155 2.5892e+00  -62.26283  -58.09667 1152366670 189.577215    34.4987 0.0000e+00
    506.000    -0.5761   2.840070    -0.5757   2.840042    6.39719    -0.1163    13.8155 3.4066e+00  -62.26283  -58.09667 1152366671 189.577235    34.4987 0.0000e+00
    507.000    -0.5780   2.839996    -0.5777   2.839951    6.39734    -0.1123    13.8155 2.0943e+00  -62.26283  -58.09667 1152366673 189.577256    34.4991 0.0000e+00
    508.000    -0.5767   2.840158    -0.5782   2.839977    6.39997    -0.1216    13.8155 4.1133e+00  -62.26283  -58.09667 1152366677 189.577298    34.4989 0.0000e+00
    509.000    -0.5812   2.839866    -0.5817   2.839775    6.40208    -0.1119    13.8155 3.0200e+00  -62.26283  -58.09667 1152366680 189.577331    34.4995 0.0000e+00
    510.000    -0.5875   2.839476    -0.5872   2.839432    6.39908    -0.1222    13.8155 3.3074e+00  -62.26283  -58.09667 1152366681 189.577349    34.5009 0.0000e+00
    511.000    -0.5881   2.839512    -0.5878   2.839470    6.39866    -0.1101    13.8155 3.7667e+00  -62.26283  -58.09667 1152366683 189.577368    34.5013 0.0000e+00
    512.000    -0.5887   2.839546    -0.5884   2.839498    6.39930    -0.1124    13.8155 2.8603e+00  -62.26283  -58.09667 1152366685 189.577394    34.5018 0.0000e+00
    513.000    -0.5890   2.839616    -0.5886   2.839567    6.39976    -0.1210    13.8155 2.8259e+00  -62.26283  -58.09667 1152366687 189.577415    34.5024 0.0000e+00
    514.000    -0.5892   2.839734    -0.5890   2.839679    6.39947    -0.1175    13.8155 3.2177e+00  -62.26283  -58.09667 1152366689 189.577444    34.5036 0.0000e+00
    515.000    -0.5891   2.839804    -0.5887   2.839754    6.39856    -0.1194    13.8155 3.9501e+00  -62.26283  -58.09667 1152366692 189.577478    34.5038 0.0000e+00
    516.000    -0.5890   2.839893    -0.5886   2.839836    6.39738    -0.1069    13.8155 3.8200e+00  -62.26283  -58.09667 1152366694 189.577498    34.5043 0.0000e+00
    517.000    -0.5883   2.840073    -0.5875   2.840021    6.39425    -0.1122    13.8155 3.1448e+00  -62.26283  -58.09667 1152366696 189.577520    34.5048 0.0000e+00
    518.000    -0.5847   2.840483    -0.5841   2.840452    6.39209    -0.1206    13.8155 3.8956e+00  -62.26283  -58.09667 1152366698 189.577547    34.5059 0.0000e+00
    519.000    -0.5823   2.840814    -0.5820   2.840753    6.39165    -0.1175    13.8155 -9.990e-29  -62.26283  -58.09667 1152366700 189.577573    34.5069 0.0000e+00
    520.000    -0.5847   2.840683    -0.5844   2.840626    6.39312    -0.1199    13.8155 -9.990e-29  -62.26283  -58.09667 1152366703 189.577602    34.5074 0.0000e+00
    521.000    -0.5889   2.840368    -0.5890   2.840290    6.39461    -0.1202    13.8155 4.9852e+00  -62.26283  -58.09667 1152366706 189.577632    34.5074 0.0000e+00
    522.000    -0.5928   2.840081    -0.5919   2.840086    6.39723    -0.1174    13.8155 3.5819e+00  -62.26283  -58.09667 1152366709 189.577669    34.5075 0.0000e+00
    523.000    -0.5953   2.839932    -0.5955   2.839852    6.39728    -0.1266    13.8155 2.8628e+00  -62.26283  -58.09667 1152366711 189.577694    34.5078 0.0000e+00
    524.000    -0.5983   2.839781    -0.5979   2.839723    6.39823    -0.1165    13.8155 3.7455e+00  -62.26283  -58.09667 1152366712 189.577708    34.5086 0.0000e+00
    525.000    -0.5982   2.839832    -0.5980   2.839784    6.39995    -0.1222    13.8155 3.2160e+00  -62.26283  -58.09667 1152366714 189.577728    34.5086 0.0000e+00
    526.000    -0.5974   2.839937    -0.5972   2.839889    6.40186    -0.1253    13.8155 3.8432e+00  -62.26283  -58.09667 1152366718 189.577778    34.5084 0.0000e+00
    527.000    -0.5985   2.839934    -0.5980   2.839889    6.40483    -0.1261    13.8155 3.1462e+00  -62.26283  -58.09667 1152366719 189.577792    34.5089 0.0000e+00
    528.000    -0.5981   2.840030    -0.5976   2.839978    6.40560    -0.1283    13.8155 3.4770e+00  -62.26283  -58.09667 1152366721 189.577809    34.5091 0.0000e+00
    529.000    -0.5974   2.840136    -0.5974   2.840053    6.40782    -0.1167    13.8155 3.7618e+00  -62.26283  -58.09667 1152366724 189.577847    34.5092 0.0000e+00
    530.000    -0.5974   2.840196    -0.5972   2.840147    6.40679    -0.1299    13.8155 2.7569e+00  -62.26283  -58.09667 1152366726 189.577869    34.5093 0.0000e+00
    531.000    -0.5974   2.840232    -0.5970   2.840187    6.40557    -0.1297    13.8155 -9.990e-29  -62.26283  -58.09667 1152366727 189.577883    34.5092 0.0000e+00
    532.000    -0.5974   2.840282    -0.5971   2.840224    6.40583    -0.1193    13.8155 2.8789e+00  -62.26283  -58.09667 1152366730 189.577914    34.5093 0.0000e+00
    533.000    -0.5979   2.840285    -0.5977   2.840229    6.40789    -0.1312    13.8155 3.7930e+00  -62.26283  -58.09667 1152366733 189.577953    34.5093 0.0000e+00
    534.000    -0.5992   2.840240    -0.5990   2.840194    6.40715    -0.1182    13.8155 3.0666e+00  -62.26283  -58.09667 1152366735 189.577968    34.5096 0.0000e+00
    535.000    -0.5993   2.840291    -0.5990   2.840238    6.40838    -0.1192    13.8155 -9.990e-29  -62.26283  -58.09667 1152366736 189.577990    34.5098 0.0000e+00
    536.000    -0.5993   2.840357    -0.5989   2.840310    6.40796    -0.1250    13.8155 -9.990e-29  -62.26283  -58.09667 1152366739 189.578021    34.5100 0.0000e+00
    537.000    -0.5994   2.840435    -0.5991   2.840388    6.41028    -0.1142    13.8155 2.3226e+00  -62.26283  -58.09667 1152366742 189.578058    34.5107 0.0000e+00
    538.000    -0.5998   2.840482    -0.5995   2.840431    6.40967    -0.1204    13.8155 3.1234e+00  -62.26283  -58.09667 1152366745 189.578083    34.5111 0.0000e+00
    539.000    -0.6001   2.840528    -0.5997   2.840479    6.40703    -0.1196    13.8155 4.0415e+00  -62.26283  -58.09667 1152366747 189.578110    34.5114 0.0000e+00
    540.000    -0.6004   2.840564    -0.6001   2.840512    6.40512    -0.1158    13.8155 3.6152e+00  -62.26283  -58.09667 1152366749 189.578136    34.5117 0.0000e+00
    541.000    -0.6007   2.840582    -0.6004   2.840530    6.40665    -0.1133    13.8155 2.7315e+00  -62.26283  -58.09667 1152366751 189.578164    34.5117 0.0000e+00
    542.000    -0.6006   2.840636    -0.6002   2.840582    6.41268    -0.1222    13.8155 -9.990e-29  -62.26283  -58.09667 1152366754 189.578194    34.5116 0.0000e+00
    543.000    -0.6007   2.840666    -0.6004   2.840618    6.41282    -0.1186    13.8155 2.2904e+00  -62.26283  -58.09667 1152366756 189.578220    34.5116 0.0000e+00
    544.000    -0.6005   2.840719    -0.6003   2.840667    6.40908    -0.1104    13.8155 3.6574e+00  -62.26283  -58.09667 1152366759 189.578247    34.5114 0.0000e+00
    545.000    -0.6009   2.840758    -0.6006   2.840708    6.41252    -0.1121    13.8155 3.6369e+00  -62.26283  -58.09667 1152366761 189.578275    34.5119 0.0000e+00
    546.000    -0.6010   2.840820    -0.6008   2.840763    6.41643    -0.1217    13.8155 3.4252e+00  -62.26283  -58.09667 1152366764 189.578310    34.5122 0.0000e+00
    547.000    -0.6013   2.840846    -0.6009   2.840804    6.41931    -0.1149    13.8155 -9.990e-29  -62.26283  -58.09667 1152366766 189.578337    34.5123 0.0000e+00
    548.000    -0.6010   2.840949    -0.6006   2.840899    6.41989    -0.1185    13.8155 -9.990e-29  -62.26283  -58.09667 1152366769 189.578367    34.5127 0.0000e+00
    549.000    -0.6010   2.841016    -0.6007   2.840963    6.41826    -0.1231    13.8155 -9.990e-29  -62.26283  -58.09667 1152366771 189.578388    34.5130 0.0000e+00
    550.000    -0.6014   2.841040    -0.6011   2.840988    6.41740    -0.1243    13.8155 3.4562e+00  -62.26283  -58.09667 1152366773 189.578416    34.5132 0.0000e+00
    551.000    -0.6018   2.841089    -0.6012   2.841059    6.42168    -0.1248    13.8155 3.0633e+00  -62.26283  -58.09667 1152366777 189.578463    34.5137 0.0000e+00
    552.000    -0.6030   2.841068    -0.6027   2.841015    6.42140    -0.1205    13.8155 2.4703e+00  -62.26283  -58.09667 1152366778 189.578475    34.5142 0.0000e+00
    553.000    -0.6053   2.840931    -0.6051   2.840877    6.42449    -0.1211    13.8155 3.2721e+00  -62.26283  -58.09667 1152366780 189.578492    34.5145 0.0000e+00
    554.000    -0.6073   2.840815    -0.6075   2.840739    6.42713    -0.1213    13.8155 3.7562e+00  -62.26283  -58.09667 1152366783 189.578524    34.5146 0.0000e+00
    555.000    -0.6104   2.840646    -0.6101   2.840602    6.42566    -0.1059    13.8155 3.6559e+00  -62.26283  -58.09667 1152366785 189.578552    34.5153 0.0000e+00
    556.000    -0.6104   2.840737    -0.6101   2.840692    6.42684    -0.1128    13.8155 3.4299e+00  -62.26283  -58.09667 1152366787 189.578575    34.5159 0.0000e+00
    557.000    -0.6102   2.840820    -0.6100   2.840759    6.42753    -0.1154    13.8155 3.6957e+00  -62.26283  -58.09667 1152366790 189.578606    34.5161 0.0000e+00
    558.000    -0.6103   2.840868    -0.6097   2.840847    6.42466    -0.1137    13.8155 2.8055e+00  -62.26283  -58.09667 1152366792 189.578638    34.5164 0.0000e+00
    559.000    -0.6090   2.841063    -0.6085   2.841028    6.42522    -0.1093    13.8155 3.5837e+00  -62.26283  -58.09667 1152366794 189.578657    34.5167 0.0000e+00
    560.000    -0.6083   2.841179    -0.6078   2.841152    6.42580    -0.1229    13.8155 3.9899e+00  -62.26283  -58.09667 1152366796 189.578679    34.5169 0.0000e+00
    561.000    -0.6072   2.841341    -0.6066   2.841312    6.42638    -0.1219    13.8155 -9.990e-29  -62.26283  -58.09667 1152366801 189.578733    34.5172 0.0000e+00
    562.000    -0.6059   2.841527    -0.6053   2.841503    6.42424    -0.1184    13.8155 -9.990e-29  -62.26283  -58.09667 1152366802 189.578749    34.5176 0.0000e+00
    563.000    -0.6028   2.841898    -0.6020   2.841859    6.42282    -0.1263    13.8155 -9.990e-29  -62.26283  -58.09667 1152366803 189.578760    34.5184 0.0000e+00
    564.000    -0.5999   2.842212    -0.6006   2.842045    6.41908    -0.1136    13.8155 4.6772e+00  -62.26283  -58.09667 1152366805 189.578782    34.5186 0.0000e+00
    565.000    -0.6030   2.841946    -0.6023   2.841924    6.41499    -0.1143    13.8155 3.6777e+00  -62.26283  -58.09667 1152366809 189.578831    34.5182 0.0000e+00
    566.000    -0.5957   2.842735    -0.5945   2.842751    6.41257    -0.1238    13.8155 2.6303e+00  -62.26283  -58.09667 1152366810 189.578846    34.5197 0.0000e+00
    567.000    -0.5930   2.843037    -0.5923   2.843015    6.40950    -0.1224    13.8155 2.8177e+00  -62.26283  -58.09667 1152366812 189.578863    34.5200 0.0000e+00
    568.000    -0.5924   2.843133    -0.5921   2.843072    6.40655    -0.1231    13.8155 3.6310e+00  -62.26283  -58.09667 1152366815 189.578897    34.5200 0.0000e+00
    569.000    -0.5928   2.843144    -0.5924   2.843087    6.40389    -0.1185    13.8155 3.5647e+00  -62.26283  -58.09667 1152366817 189.578927    34.5201 0.0000e+00
    570.000    -0.5919   2.843280    -0.5912   2.843246    6.40344    -0.1104    13.8155 4.3071e+00  -62.26283  -58.09667 1152366819 189.578949    34.5203 0.0000e+00
    571.000    -0.5903   2.843475    -0.5896   2.843456    6.40097    -0.1231    13.8155 3.3197e+00  -62.26283  -58.09667 1152366822 189.578981    34.5205 0.0000e+00
    572.000    -0.5884   2.843711    -0.5878   2.843670    6.39771    -0.1221    13.8155 3.9969e+00  -62.26283  -58.09667 1152366825 189.579017    34.5210 0.0000e+00
    573.000    -0.5870   2.843905    -0.5867   2.843840    6.39382    -0.1101    13.8155 5.5470e+00  -62.26283  -58.09667 1152366827 189.579035    34.5214 0.0000e+00
    574.000    -0.5835   2.844280    -0.5831   2.844219    6.39082    -0.1184    13.8155 -9.990e-29  -62.26283  -58.09667 1152366829 189.579060    34.5218 0.0000e+00
    575.000    -0.5832   2.844355    -0.5825   2.844333    6.38645    -0.1173    13.8155 4.2443e+00  -62.26283  -58.09667 1152366832 189.579097    34.5220 0.0000e+00
    576.000    -0.5799   2.844737    -0.5798   2.844649    6.38335    -0.1166    13.8155 3.6989e+00  -62.26283  -58.09667 1152366834 189.579122    34.5226 0.0000e+00
    577.000    -0.5790   2.844859    -0.5791   2.844761    6.38175    -0.1223    13.8155 2.7724e+00  -62.26283  -58.09667 1152366836 189.579144    34.5227 0.0000e+00
    578.000    -0.5790   2.844904    -0.5787   2.844843    6.38172    -0.1163    13.8155 4.1851e+00  -62.26283  -58.09667 1152366839 189.579175    34.5227 0.0000e+00
