product_data/regression_test/downloaded_data/MGDS/320620060703/ctd/p6607501.cnv
* Sea-Bird SBE 9 Data File:
* FileName = D:\Data\Raw\p6607501.dat
* Software Version Seasave Win32 V 5.32
* Temperature SN = 1649
* Conductivity SN = 1431
* Number of Bytes Per Scan = 37
* Number of Voltage Words = 5
* Number of Scans Averaged by the Deck Unit = 1
* NMEA Latitude = 62 15.77 S
* NMEA Longitude = 058 05.80 W
* NMEA UTC (Time) = 13:33:07
** Ship:   Nathaniel B. Palmer 
** Cruise:    NBP0606 
# nquan = 15
# nvalues = 1455                        
# units = specified
# name 0 = prDM: Pressure, Digiquartz [db]
# name 1 = t090C: Temperature [ITS-90, deg C]
# name 2 = c0S/m: Conductivity [S/m]
# name 3 = t190C: Temperature, 2 [ITS-90, deg C]
# name 4 = c1S/m: Conductivity, 2 [S/m]
# name 5 = sbeox0ML/L: Oxygen, SBE 43 [ml/l]
# name 6 = flECO-AFL: Fluorescence, Wetlab ECO-AFL/FL [mg/m^3]
# name 7 = bat: Beam Attenuation, Chelsea/Seatech/Wetlab CStar [1/m]
# name 8 = spar: SPAR/Surface Irradiance
# name 9 = latitude: Latitude [deg]
# name 10 = longitude: Longitude [deg]
# name 11 = timeY: Time, System [seconds]
# name 12 = timeJ: Julian Days
# name 13 = sal00: Salinity [PSU]
# name 14 = flag: flag
# span 0 =      1.000,   1455.000       
# span 1 =    -1.5231,     0.1947       
# span 2 =   2.722907,   2.887471       
# span 3 =    -1.5216,     0.1946       
# span 4 =   2.723137,   2.887197       
# span 5 =    6.17770,    7.71891       
# span 6 =    -0.1455,     0.1120       
# span 7 =    13.8155,    13.8155       
# span 8 = -3.093e-02, 2.5013e+01       
# span 9 =  -62.26283,  -62.26283       
# span 10 =  -58.09667,  -58.09667      
# span 11 = 1152365588, 1152368568      
# span 12 = 189.564692, 189.599193      
# span 13 =    34.2464,    34.5503      
# span 14 = 0.0000e+00, 0.0000e+00      
# interval = decibars: 1                
# start_time = Jul 08 2006 13:33:15
# bad_flag = -9.990e-29
*END*
[from data line 193]
    194.000    -0.2113   2.847560    -0.2117   2.847171    6.55617     0.0199    13.8155 2.9839e+00  -62.26283  -58.09667 1152366019 189.569691    34.3706 0.0000e+00
    195.000    -0.1788   2.850614    -0.1731   2.850652    6.52275     0.0332    13.8155 2.8858e+00  -62.26283  -58.09667 1152366021 189.569704    34.3740 0.0000e+00
    196.000    -0.0420   2.863205    -0.0501   2.861893    6.48608     0.0263    13.8155 2.0337e+00  -62.26283  -58.09667 1152366022 189.569720    34.3836 0.0000e+00
    197.000    -0.0234   2.864896    -0.0226   2.864610    6.44233     0.0254    13.8155 2.7951e+00  -62.26283  -58.09667 1152366024 189.569744    34.3852 0.0000e+00
    198.000     0.0005   2.867136     0.0035   2.867085    6.40938     0.0208    13.8155 1.9160e+00  -62.26283  -58.09667 1152366026 189.569770    34.3885 0.0000e+00
    199.000     0.0014   2.867324     0.0022   2.867130    6.39279     0.0294    13.8155 2.7339e+00  -62.26283  -58.09667 1152366028 189.569794    34.3906 0.0000e+00
    200.000     0.0059   2.867807     0.0092   2.867830    6.37568     0.0150    13.8155 3.6407e+00  -62.26283  -58.09667 1152366031 189.569830    34.3927 0.0000e+00
    201.000     0.0334   2.870493     0.0369   2.870476    6.35998     0.0165    13.8155 1.0325e+00  -62.26283  -58.09667 1152366034 189.569855    34.3969 0.0000e+00
    202.000     0.0414   2.871334     0.0428   2.871191    6.35537     0.0176    13.8155 2.2370e+00  -62.26283  -58.09667 1152366035 189.569867    34.3983 0.0000e+00
    203.000     0.0416   2.871407     0.0430   2.871263    6.35169     0.0080    13.8155 2.9943e+00  -62.26283  -58.09667 1152366036 189.569882    34.3989 0.0000e+00
    204.000     0.0305   2.870420     0.0303   2.870142    6.34353     0.0225    13.8155 2.2813e+00  -62.26283  -58.09667 1152366039 189.569915    34.3987 0.0000e+00
    205.000     0.0273   2.870210     0.0295   2.870146    6.33834     0.0047    13.8155 3.0289e+00  -62.26283  -58.09667 1152366041 189.569944    34.3996 0.0000e+00
    206.000     0.0552   2.872892     0.0571   2.872788    6.32613     0.0191    13.8155 2.1349e+00  -62.26283  -58.09667 1152366043 189.569966    34.4026 0.0000e+00
    207.000     0.0785   2.875118     0.0803   2.875028    6.31069     0.0414    13.8155 2.4197e+00  -62.26283  -58.09667 1152366046 189.569996    34.4048 0.0000e+00
    208.000     0.0859   2.875839     0.0871   2.875688    6.30425     0.0229    13.8155 1.7013e+00  -62.26283  -58.09667 1152366047 189.570014    34.4056 0.0000e+00
    209.000     0.0962   2.876839     0.0981   2.876744    6.29425     0.0340    13.8155 -9.990e-29  -62.26283  -58.09667 1152366049 189.570030    34.4067 0.0000e+00
    210.000     0.1048   2.877693     0.1055   2.877511    6.28432     0.0436    13.8155 2.1930e+00  -62.26283  -58.09667 1152366052 189.570065    34.4079 0.0000e+00
    211.000     0.1048   2.877755     0.1062   2.877636    6.28066     0.0335    13.8155 2.1954e+00  -62.26283  -58.09667 1152366054 189.570091    34.4085 0.0000e+00
    212.000     0.1067   2.877988     0.1083   2.877885    6.27688     0.0480    13.8155 5.2302e-01  -62.26283  -58.09667 1152366055 189.570105    34.4089 0.0000e+00
    213.000     0.1072   2.878059     0.1090   2.878004    6.27351     0.0383    13.8155 1.7361e+00  -62.26283  -58.09667 1152366057 189.570129    34.4088 0.0000e+00
    214.000     0.1105   2.878426     0.1116   2.878285    6.27135     0.0350    13.8155 1.3725e+00  -62.26283  -58.09667 1152366061 189.570169    34.4095 0.0000e+00
    215.000     0.1133   2.878749     0.1146   2.878638    6.27251     0.0401    13.8155 9.7545e-01  -62.26283  -58.09667 1152366062 189.570184    34.4101 0.0000e+00
    216.000     0.1131   2.878772     0.1145   2.878680    6.27209     0.0165    13.8155 1.7417e+00  -62.26283  -58.09667 1152366063 189.570199    34.4101 0.0000e+00
    217.000     0.1125   2.878775     0.1143   2.878722    6.26829     0.0202    13.8155 1.1736e+00  -62.26283  -58.09667 1152366066 189.570228    34.4103 0.0000e+00
    218.000     0.1141   2.878971     0.1160   2.878936    6.26295     0.0044    13.8155 2.1322e+00  -62.26283  -58.09667 1152366069 189.570259    34.4106 0.0000e+00
    219.000     0.1193   2.879534     0.1205   2.879408    6.26244     0.0081    13.8155 2.1011e+00  -62.26283  -58.09667 1152366070 189.570279    34.4115 0.0000e+00
    220.000     0.1209   2.879737     0.1220   2.879607    6.26347     0.0043    13.8155 9.5756e-01  -62.26283  -58.09667 1152366072 189.570298    34.4118 0.0000e+00
    221.000     0.1244   2.880116     0.1256   2.880008    6.26147     0.0069    13.8155 1.9274e+00  -62.26283  -58.09667 1152366074 189.570324    34.4122 0.0000e+00
    222.000     0.1260   2.880334     0.1273   2.880233    6.25090    -0.0016    13.8155 1.0965e+00  -62.26283  -58.09667 1152366077 189.570356    34.4128 0.0000e+00
    223.000     0.1400   2.881689     0.1419   2.881636    6.24041    -0.0177    13.8155 8.8443e-01  -62.26283  -58.09667 1152366079 189.570378    34.4140 0.0000e+00
    224.000     0.1610   2.883821     0.1618   2.883605    6.23189    -0.0086    13.8155 1.4979e+00  -62.26283  -58.09667 1152366081 189.570398    34.4177 0.0000e+00
    225.000     0.1650   2.884218     0.1659   2.884081    6.22569    -0.0111    13.8155 1.1044e+00  -62.26283  -58.09667 1152366082 189.570421    34.4178 0.0000e+00
    226.000     0.1652   2.884275     0.1660   2.884130    6.22292    -0.0066    13.8155 9.0999e-01  -62.26283  -58.09667 1152366085 189.570444    34.4179 0.0000e+00
    227.000     0.1642   2.884216     0.1655   2.884121    6.22379    -0.0166    13.8155 1.7683e+00  -62.26283  -58.09667 1152366087 189.570470    34.4179 0.0000e+00
    228.000     0.1747   2.885302     0.1774   2.885342    6.21673    -0.0121    13.8155 3.7268e-01  -62.26283  -58.09667 1152366089 189.570497    34.4198 0.0000e+00
    229.000     0.1770   2.885585     0.1784   2.885497    6.20928    -0.0165    13.8155 1.5461e+00  -62.26283  -58.09667 1152366091 189.570518    34.4204 0.0000e+00
    230.000     0.1803   2.885955     0.1819   2.885899    6.20976    -0.0230    13.8155 1.5739e+00  -62.26283  -58.09667 1152366093 189.570544    34.4210 0.0000e+00
    231.000     0.1947   2.887471     0.1946   2.887197    6.20610    -0.0235    13.8155 1.7154e+00  -62.26283  -58.09667 1152366096 189.570574    34.4241 0.0000e+00
    232.000     0.1813   2.886368     0.1808   2.886200    6.20730    -0.0304    13.8155 1.5832e+00  -62.26283  -58.09667 1152366097 189.570590    34.4240 0.0000e+00
    233.000     0.1418   2.882932     0.1416   2.882793    6.21533    -0.0262    13.8155 1.1874e+00  -62.26283  -58.09667 1152366099 189.570608    34.4238 0.0000e+00
    234.000     0.1243   2.881442     0.1241   2.881278    6.23256    -0.0347    13.8155 9.9920e-01  -62.26283  -58.09667 1152366101 189.570639    34.4234 0.0000e+00
    235.000     0.0790   2.877437     0.0745   2.876994    6.25274    -0.0286    13.8155 1.5018e+00  -62.26283  -58.09667 1152366104 189.570664    34.4215 0.0000e+00
    236.000     0.0354   2.873642     0.0349   2.873475    6.27603    -0.0379    13.8155 1.2062e+00  -62.26283  -58.09667 1152366106 189.570687    34.4207 0.0000e+00
    237.000    -0.0019   2.870338    -0.0045   2.870037    6.30163    -0.0372    13.8155 1.3019e+00  -62.26283  -58.09667 1152366108 189.570716    34.4182 0.0000e+00
    238.000    -0.0430   2.866736    -0.0424   2.866714    6.32054    -0.0529    13.8155 6.6466e-01  -62.26283  -58.09667 1152366110 189.570738    34.4168 0.0000e+00
    239.000    -0.0579   2.865469    -0.0570   2.865454    6.33629    -0.0473    13.8155 1.0208e+00  -62.26283  -58.09667 1152366112 189.570758    34.4158 0.0000e+00
    240.000    -0.0726   2.864214    -0.0732   2.864065    6.35209    -0.0424    13.8155 1.6131e+00  -62.26283  -58.09667 1152366114 189.570781    34.4146 0.0000e+00
    241.000    -0.0825   2.863418    -0.0807   2.863448    6.36095    -0.0531    13.8155 4.1674e-01  -62.26283  -58.09667 1152366116 189.570806    34.4142 0.0000e+00
    242.000    -0.1021   2.861714    -0.1014   2.861672    6.37112    -0.0535    13.8155 1.3650e+00  -62.26283  -58.09667 1152366118 189.570833    34.4129 0.0000e+00
    243.000    -0.1081   2.861238    -0.1068   2.861222    6.37825    -0.0443    13.8155 1.1046e+00  -62.26283  -58.09667 1152366120 189.570859    34.4123 0.0000e+00
    244.000    -0.1115   2.860999    -0.1119   2.860844    6.39020    -0.0506    13.8155 9.7685e-01  -62.26283  -58.09667 1152366122 189.570882    34.4119 0.0000e+00
    245.000    -0.1161   2.860641    -0.1141   2.860694    6.38923    -0.0539    13.8155 1.2358e+00  -62.26283  -58.09667 1152366124 189.570903    34.4116 0.0000e+00
    246.000    -0.1376   2.858597    -0.1478   2.857807    6.39847    -0.0482    13.8155 1.1810e+00  -62.26283  -58.09667 1152366126 189.570924    34.4097 0.0000e+00
    247.000    -0.1601   2.856795    -0.1600   2.856691    6.41063    -0.0496    13.8155 1.0015e+00  -62.26283  -58.09667 1152366128 189.570948    34.4097 0.0000e+00
    248.000    -0.1578   2.857037    -0.1568   2.857003    6.42517    -0.0611    13.8155 1.2017e+00  -62.26283  -58.09667 1152366131 189.570984    34.4087 0.0000e+00
    249.000    -0.1603   2.856860    -0.1625   2.856571    6.42966    -0.0644    13.8155 2.5662e-01  -62.26283  -58.09667 1152366133 189.571007    34.4082 0.0000e+00
    250.000    -0.1753   2.855561    -0.1716   2.855832    6.43705    -0.0615    13.8155 1.1212e+00  -62.26283  -58.09667 1152366135 189.571022    34.4076 0.0000e+00
    251.000    -0.2069   2.852764    -0.2097   2.852465    6.44576    -0.0622    13.8155 9.0653e-01  -62.26283  -58.09667 1152366136 189.571042    34.4061 0.0000e+00
    252.000    -0.2184   2.851815    -0.2172   2.851828    6.46275    -0.0615    13.8155 8.2093e-01  -62.26283  -58.09667 1152366139 189.571074    34.4055 0.0000e+00
    253.000    -0.2179   2.851929    -0.2190   2.851716    6.46909    -0.0647    13.8155 1.4676e+00  -62.26283  -58.09667 1152366141 189.571094    34.4056 0.0000e+00
    254.000    -0.2379   2.850148    -0.2373   2.850137    6.47893    -0.0677    13.8155 5.7046e-01  -62.26283  -58.09667 1152366142 189.571111    34.4037 0.0000e+00
    255.000    -0.2512   2.849052    -0.2602   2.848212    6.53181    -0.0637    13.8155 1.3572e+00  -62.26283  -58.09667 1152366146 189.571156    34.4035 0.0000e+00
    256.000    -0.3951   2.836091    -0.4009   2.835962    6.56949    -0.0750    13.8155 1.3127e+00  -62.26283  -58.09667 1152366148 189.571177    34.3943 0.0000e+00
    257.000    -0.4959   2.827151    -0.4903   2.828049    6.59610    -0.0542    13.8155 1.4803e-01  -62.26283  -58.09667 1152366149 189.571189    34.3911 0.0000e+00
    258.000    -0.5621   2.821436    -0.5628   2.821509    6.63530    -0.0579    13.8155 8.6468e-01  -62.26283  -58.09667 1152366150 189.571203    34.3904 0.0000e+00
    259.000    -0.6074   2.817520    -0.6106   2.817187    6.69303    -0.0660    13.8155 8.8383e-01  -62.26283  -58.09667 1152366153 189.571234    34.3872 0.0000e+00
    260.000    -0.6583   2.813064    -0.6592   2.813064    6.74125    -0.0694    13.8155 5.6012e-01  -62.26283  -58.09667 1152366156 189.571267    34.3831 0.0000e+00
    261.000    -0.7045   2.809001    -0.7076   2.808875    6.77701    -0.0771    13.8155 8.3716e-01  -62.26283  -58.09667 1152366158 189.571289    34.3799 0.0000e+00
    262.000    -0.7588   2.804330    -0.7617   2.804108    6.82281    -0.0645    13.8155 2.9231e-01  -62.26283  -58.09667 1152366160 189.571314    34.3781 0.0000e+00
    263.000    -0.7966   2.800984    -0.8030   2.800582    6.84097    -0.0664    13.8155 6.9535e-01  -62.26283  -58.09667 1152366161 189.571335    34.3744 0.0000e+00
    264.000    -0.8900   2.792691    -0.8870   2.793460    6.87871    -0.0659    13.8155 4.4794e-01  -62.26283  -58.09667 1152366163 189.571350    34.3705 0.0000e+00
    265.000    -0.9617   2.786560    -0.9774   2.785227    6.92814    -0.0684    13.8155 6.6172e-01  -62.26283  -58.09667 1152366165 189.571380    34.3672 0.0000e+00
    266.000    -1.0047   2.782847    -0.9902   2.784213    6.97013    -0.0666    13.8155 8.9503e-01  -62.26283  -58.09667 1152366168 189.571412    34.3639 0.0000e+00
    267.000    -1.0449   2.779388    -1.0413   2.779877    7.00159    -0.0631    13.8155 9.1994e-01  -62.26283  -58.09667 1152366170 189.571430    34.3620 0.0000e+00
    268.000    -1.0624   2.777979    -1.0610   2.778141    7.00585    -0.0719    13.8155 1.3680e+00  -62.26283  -58.09667 1152366171 189.571449    34.3617 0.0000e+00
    269.000    -1.0941   2.775270    -1.1054   2.774525    7.04141    -0.0730    13.8155 1.6938e+00  -62.26283  -58.09667 1152366174 189.571474    34.3591 0.0000e+00
    270.000    -1.1013   2.774723    -1.0842   2.776278    7.05071    -0.0643    13.8155 3.0717e-01  -62.26283  -58.09667 1152366176 189.571501    34.3591 0.0000e+00
    271.000    -1.1842   2.767427    -1.1891   2.767226    7.07369    -0.0811    13.8155 1.2965e+00  -62.26283  -58.09667 1152366178 189.571527    34.3541 0.0000e+00
    272.000    -1.1683   2.769007    -1.1411   2.771295    7.09912    -0.0652    13.8155 2.1962e+00  -62.26283  -58.09667 1152366180 189.571546    34.3560 0.0000e+00
    273.000    -1.1674   2.768793    -1.1871   2.767424    7.10715    -0.0725    13.8155 4.6294e-01  -62.26283  -58.09667 1152366182 189.571569    34.3500 0.0000e+00
    274.000    -1.2649   2.760567    -1.2628   2.760691    7.13139    -0.0676    13.8155 1.0243e+00  -62.26283  -58.09667 1152366185 189.571603    34.3496 0.0000e+00
    275.000    -1.2709   2.760150    -1.2750   2.759838    7.15048    -0.0813    13.8155 1.2613e+00  -62.26283  -58.09667 1152366186 189.571622    34.3501 0.0000e+00
    276.000    -1.2722   2.760080    -1.2681   2.760470    7.15802    -0.0854    13.8155 1.6914e-01  -62.26283  -58.09667 1152366188 189.571638    34.3495 0.0000e+00
    277.000    -1.2561   2.761520    -1.2556   2.761664    7.16315    -0.0721    13.8155 8.5932e-01  -62.26283  -58.09667 1152366190 189.571663    34.3487 0.0000e+00
    278.000    -1.2689   2.760500    -1.2688   2.760525    7.17637    -0.0659    13.8155 3.6911e-01  -62.26283  -58.09667 1152366193 189.571695    34.3485 0.0000e+00
    279.000    -1.2710   2.760339    -1.2752   2.760023    7.17218    -0.0618    13.8155 7.6761e-01  -62.26283  -58.09667 1152366194 189.571715    34.3476 0.0000e+00
    280.000    -1.2962   2.758225    -1.2964   2.758249    7.17680    -0.0640    13.8155 1.6271e+00  -62.26283  -58.09667 1152366196 189.571737    34.3470 0.0000e+00
    281.000    -1.3626   2.752462    -1.3526   2.753498    7.20007    -0.0750    13.8155 3.2918e-01  -62.26283  -58.09667 1152366199 189.571765    34.3451 0.0000e+00
    282.000    -1.3509   2.753533    -1.3492   2.753658    7.20787    -0.0684    13.8155 9.5104e-01  -62.26283  -58.09667 1152366200 189.571786    34.3447 0.0000e+00
    283.000    -1.3805   2.751015    -1.3789   2.751180    7.22690    -0.0762    13.8155 1.1714e+00  -62.26283  -58.09667 1152366202 189.571807    34.3438 0.0000e+00
    284.000    -1.3560   2.753220    -1.3509   2.753642    7.23911    -0.0877    13.8155 2.4070e-01  -62.26283  -58.09667 1152366204 189.571833    34.3444 0.0000e+00
    285.000    -1.3587   2.752983    -1.3515   2.753743    7.24232    -0.0799    13.8155 1.2642e+00  -62.26283  -58.09667 1152366207 189.571857    34.3424 0.0000e+00
    286.000    -1.4424   2.745789    -1.4459   2.745675    7.26221    -0.0757    13.8155 4.1620e-01  -62.26283  -58.09667 1152366209 189.571882    34.3414 0.0000e+00
    287.000    -1.4614   2.744212    -1.4613   2.744280    7.27948    -0.0814    13.8155 7.7967e-01  -62.26283  -58.09667 1152366211 189.571907    34.3409 0.0000e+00
    288.000    -1.4613   2.744282    -1.4611   2.744340    7.28739    -0.0782    13.8155 9.4767e-01  -62.26283  -58.09667 1152366213 189.571929    34.3403 0.0000e+00
    289.000    -1.4617   2.744334    -1.4617   2.744366    7.28958    -0.0687    13.8155 4.1739e-01  -62.26283  -58.09667 1152366215 189.571952    34.3403 0.0000e+00
