product_data/regression_test/downloaded_data/MGDS/320620060703/ctd/p6614701.ros
* Sea-Bird SBE 9 Data File:
* FileName = D:\Data\Raw\p6614701.dat
* Software Version Seasave Win32 V 5.32
* Temperature SN = 1649
* Conductivity SN = 1431
* Number of Bytes Per Scan = 37
* Number of Voltage Words = 5
* Number of Scans Averaged by the Deck Unit = 1
* NMEA Latitude = 60 22.22 S
* NMEA Longitude = 057 14.26 W
* NMEA UTC (Time) = 00:31:15
** Ship:   Nathaniel B. Palmer 
** Cruise:    NBP0606 
# nquan = 17
# nvalues = 1157                    
# units = specified
# name 0 = prDM: Pressure, Digiquartz [db]
# name 1 = t090C: Temperature [ITS-90, deg C]
# name 2 = c0S/m: Conductivity [S/m]
# name 3 = t190C: Temperature, 2 [ITS-90, deg C]
# name 4 = c1S/m: Conductivity, 2 [S/m]
# name 5 = sbeox0ML/L: Oxygen, SBE 43 [ml/l]
# name 6 = flECO-AFL: Fluorescence, Wetlab ECO-AFL/FL [mg/m^3]
# name 7 = bat: Beam Attenuation, Chelsea/Seatech/Wetlab CStar [1/m]
# name 8 = spar: SPAR/Surface Irradiance
# name 9 = latitude: Latitude [deg]
# name 10 = longitude: Longitude [deg]
# name 11 = timeY: Time, System [seconds]
# name 12 = timeJ: Julian Days
# name 13 = sal00: Salinity [PSU]
# name 14 = scan: scan number
# name 15 = nbf: number of bottles fired
# name 16 = flag:  0.000e+00
# interval = seconds: 0.0416667                   
# start_time = Jul 18 2006 00:31:23
*END*
[from data line 1022]
     10.529    -0.6948   2.761097    -0.6938   2.761511    7.97822     0.0865    13.8155 0.0000e+00  -60.37033  -57.23767 1153185887 199.058907    33.8698      76958         22  0.000e+00
     10.510    -0.6948   2.761097    -0.6940   2.761488    7.97820     0.0972    13.8155 0.0000e+00  -60.37033  -57.23767 1153185887 199.058907    33.8698      76959         22  0.000e+00
     10.462    -0.6943   2.761088    -0.6936   2.761522    7.97808     0.1188    13.8155 0.0000e+00  -60.37033  -57.23767 1153185887 199.058908    33.8692      76960         22  0.000e+00
     10.510    -0.6941   2.761094    -0.6936   2.761493    7.97810     0.1188    13.8155 0.0000e+00  -60.37033  -57.23767 1153185887 199.058908    33.8691      76961         22  0.000e+00
     10.434    -0.6943   2.761078    -0.6939   2.761517    7.97806     0.0972    13.8155 0.0000e+00  -60.37033  -57.23767 1153185887 199.058909    33.8691      76962         22  0.000e+00
     10.462    -0.6940   2.761081    -0.6935   2.761499    7.97804     0.0757    13.8155 0.0000e+00  -60.37033  -57.23767 1153185887 199.058909    33.8688      76963         22  0.000e+00
     10.434    -0.6948   2.761094    -0.6941   2.761505    7.97812     0.1080    13.8155 0.0000e+00  -60.37033  -57.23767 1153185887 199.058910    33.8698      76964         22  0.000e+00
     10.395    -0.6940   2.761068    -0.6935   2.761511    7.97797     0.0972    13.8155 0.0000e+00  -60.37033  -57.23767 1153185887 199.058910    33.8686      76965         22  0.000e+00
     10.434    -0.6941   2.761088    -0.6936   2.761528    7.97802     0.0434    13.8155 0.0000e+00  -60.37033  -57.23767 1153185888 199.058911    33.8690      76966         22  0.000e+00
     10.367    -0.6943   2.761097    -0.6938   2.761516    7.97797     0.0542    13.8155 0.0000e+00  -60.37033  -57.23767 1153185888 199.058911    33.8694      76967         22  0.000e+00
     10.395    -0.6941   2.761101    -0.6938   2.761470    7.97797     0.0865    13.8155 0.0000e+00  -60.37033  -57.23767 1153185888 199.058912    33.8692      76968         22  0.000e+00
     10.434    -0.6943   2.761097    -0.6941   2.761517    7.97804     0.0865    13.8155 0.0000e+00  -60.37033  -57.23767 1153185888 199.058912    33.8694      76969         22  0.000e+00
     10.319    -0.6941   2.761078    -0.6939   2.761516    7.97790     0.0972    13.8155 0.0000e+00  -60.37033  -57.23767 1153185888 199.058913    33.8690      76970         22  0.000e+00
     10.367    -0.6948   2.761114    -0.6936   2.761493    7.97803     0.1295    13.8155 0.0000e+00  -60.37033  -57.23767 1153185888 199.058913    33.8701      76971         22  0.000e+00
     10.367    -0.6943   2.761088    -0.6944   2.761505    7.97798     0.1403    13.8155 0.0000e+00  -60.37033  -57.23767 1153185888 199.058913    33.8693      76972         22  0.000e+00
     10.319    -0.6941   2.761107    -0.6940   2.761493    7.97788     0.1188    13.8155 0.0000e+00  -60.37033  -57.23767 1153185888 199.058914    33.8694      76973         22  0.000e+00
     10.367    -0.6946   2.761091    -0.6939   2.761482    7.97802     0.1080    13.8155 0.0000e+00  -60.37033  -57.23767 1153185888 199.058914    33.8696      76974         22  0.000e+00
     10.319    -0.6943   2.761074    -0.6938   2.761482    7.97793     0.0972    13.8155 0.0000e+00  -60.37033  -57.23767 1153185888 199.058915    33.8691      76975         22  0.000e+00
     10.300    -0.6946   2.761081    -0.6941   2.761482    7.97796     0.0972    13.8155 0.0000e+00  -60.37033  -57.23767 1153185888 199.058915    33.8696      76976         22  0.000e+00
     10.300    -0.6943   2.761074    -0.6938   2.761505    7.97791     0.0865    13.8155 0.0000e+00  -60.37033  -57.23767 1153185888 199.058916    33.8691      76977         22  0.000e+00
     10.319    -0.6944   2.761074    -0.6941   2.761493    7.97796     0.1403    13.8155 0.0000e+00  -60.37033  -57.23767 1153185888 199.058916    33.8693      76978         22  0.000e+00
     10.224    -0.6940   2.761081    -0.6941   2.761505    7.98244     0.1188    13.8155 0.0000e+00  -60.37033  -57.23767 1153185888 199.058917    33.8689      76979         22  0.000e+00
     10.319    -0.6944   2.761058    -0.6941   2.761528    7.97797     0.1188    13.8155 0.0000e+00  -60.37033  -57.23767 1153185888 199.058917    33.8691      76980         22  0.000e+00
     10.224    -0.6942   2.761051    -0.6940   2.761516    7.97783     0.1295    13.8155 0.0000e+00  -60.37033  -57.23767 1153185888 199.058918    33.8687      76981         22  0.000e+00
     10.300    -0.6949   2.761091    -0.6941   2.761511    7.97799     0.0972    13.8155 0.0000e+00  -60.37033  -57.23767 1153185888 199.058918    33.8700      76982         22  0.000e+00
     10.252    -0.6946   2.761097    -0.6940   2.761488    7.97789     0.1188    13.8155 0.0000e+00  -60.37033  -57.23767 1153185888 199.058919    33.8698      76983         22  0.000e+00
     10.300    -0.6943   2.761061    -0.6942   2.761505    7.97792     0.1295    13.8155 0.0000e+00  -60.37033  -57.23767 1153185888 199.058919    33.8690      76984         22  0.000e+00
     10.224    -0.6946   2.761074    -0.6938   2.761511    7.97787     0.1295    13.8155 0.0000e+00  -60.37033  -57.23767 1153185888 199.058920    33.8695      76985         22  0.000e+00
     10.252    -0.6950   2.761094    -0.6944   2.761528    7.97795     0.1080    13.8155 0.0000e+00  -60.37033  -57.23767 1153185888 199.058920    33.8702      76986         22  0.000e+00
     10.224    -0.6946   2.761078    -0.6941   2.761499    7.97787     0.0972    13.8155 0.0000e+00  -60.37033  -57.23767 1153185888 199.058921    33.8696      76987         22  0.000e+00
     10.252    -0.6946   2.761065    -0.6944   2.761482    7.97791     0.0972    13.8155 0.0000e+00  -60.37033  -57.23767 1153185888 199.058921    33.8694      76988         22  0.000e+00
     10.224    -0.6946   2.761071    -0.6943   2.761482    7.97787     0.0757    13.8155 0.0000e+00  -60.37033  -57.23767 1153185888 199.058922    33.8695      76989         22  0.000e+00
     10.224    -0.6946   2.761065    -0.6944   2.761505    7.97788     0.0972    13.8155 0.0000e+00  -60.37033  -57.23767 1153185889 199.058922    33.8694      76990         22  0.000e+00
     10.252    -0.6946   2.761051    -0.6941   2.761493    7.98260     0.0757    13.8155 0.0000e+00  -60.37033  -57.23767 1153185889 199.058923    33.8692      76991         22  0.000e+00
     10.157    -0.6946   2.761068    -0.6942   2.761482    7.97780     0.1188    13.8155 0.0000e+00  -60.37033  -57.23767 1153185889 199.058923    33.8695      76992         22  0.000e+00
     10.252    -0.6948   2.761094    -0.6936   2.761505    7.97792     0.1295    13.8155 0.0000e+00  -60.37033  -57.23767 1153185889 199.058924    33.8700      76993         22  0.000e+00
     10.224    -0.6943   2.761081    -0.6941   2.761488    7.97782     0.0972    13.8155 0.0000e+00  -60.37033  -57.23767 1153185889 199.058924    33.8693      76994         22  0.000e+00
     10.185    -0.6943   2.761074    -0.6944   2.761476    7.97778     0.1510    13.8155 0.0000e+00  -60.37033  -57.23767 1153185889 199.058932    33.8692      77011         23  0.000e+00
     10.157    -0.6944   2.761055    -0.6938   2.761482    7.97779     0.1403    13.8155 0.0000e+00  -60.37033  -57.23767 1153185889 199.058933    33.8691      77012         23  0.000e+00
     10.042    -0.6944   2.761058    -0.6939   2.761482    7.97766     0.0972    13.8155 0.0000e+00  -60.37033  -57.23767 1153185889 199.058933    33.8692      77013         23  0.000e+00
     10.157    -0.6948   2.761038    -0.6938   2.761482    7.97786     0.0972    13.8155 0.0000e+00  -60.37033  -57.23767 1153185890 199.058934    33.8693      77014         23  0.000e+00
     10.157    -0.6946   2.761051    -0.6941   2.761482    7.97781     0.1295    13.8155 0.0000e+00  -60.37033  -57.23767 1153185890 199.058934    33.8692      77015         23  0.000e+00
     10.109    -0.6943   2.761051    -0.6941   2.761482    7.97772     0.1618    13.8155 0.0000e+00  -60.37033  -57.23767 1153185890 199.058935    33.8689      77016         23  0.000e+00
     10.157    -0.6943   2.761068    -0.6944   2.761482    7.97776     0.1188    13.8155 0.0000e+00  -60.37033  -57.23767 1153185890 199.058935    33.8691      77017         23  0.000e+00
     10.090    -0.6949   2.761081    -0.6938   2.761482    7.97777     0.0972    13.8155 0.0000e+00  -60.37033  -57.23767 1153185890 199.058936    33.8700      77018         23  0.000e+00
     10.185    -0.6950   2.761074    -0.6938   2.761505    7.97789     0.0972    13.8155 0.0000e+00  -60.37033  -57.23767 1153185890 199.058936    33.8700      77019         23  0.000e+00
     10.090    -0.6949   2.761041    -0.6943   2.761487    7.97780     0.1618    13.8155 0.0000e+00  -60.37033  -57.23767 1153185890 199.058937    33.8695      77020         23  0.000e+00
     10.185    -0.6948   2.761035    -0.6941   2.761464    7.97789     0.2371    13.8155 0.0000e+00  -60.37033  -57.23767 1153185890 199.058937    33.8692      77021         23  0.000e+00
     10.090    -0.6944   2.761064    -0.6938   2.761476    7.97771     0.2263    13.8155 0.0000e+00  -60.37033  -57.23767 1153185890 199.058938    33.8693      77022         23  0.000e+00
     10.157    -0.6951   2.761055    -0.6938   2.761482    7.97789     0.1510    13.8155 0.0000e+00  -60.37033  -57.23767 1153185890 199.058938    33.8699      77023         23  0.000e+00
     10.109    -0.6949   2.761041    -0.6940   2.761482    7.97782     0.1510    13.8155 0.0000e+00  -60.37033  -57.23767 1153185890 199.058939    33.8695      77024         23  0.000e+00
     10.157    -0.6948   2.761048    -0.6939   2.761505    7.97784     0.1510    13.8155 0.0000e+00  -60.37033  -57.23767 1153185890 199.058939    33.8694      77025         23  0.000e+00
     10.109    -0.6948   2.761041    -0.6938   2.761493    7.97313     0.1403    13.8155 0.0000e+00  -60.37033  -57.23767 1153185890 199.058940    33.8693      77026         23  0.000e+00
     10.157    -0.6952   2.761048    -0.6945   2.761464    7.97792     0.1510    13.8155 0.0000e+00  -60.37033  -57.23767 1153185890 199.058940    33.8699      77027         23  0.000e+00
     10.157    -0.6948   2.761068    -0.6943   2.761499    7.97784     0.1403    13.8155 0.0000e+00  -60.37033  -57.23767 1153185890 199.058940    33.8697      77028         23  0.000e+00
     10.109    -0.6949   2.761045    -0.6939   2.761470    7.97782     0.1618    13.8155 0.0000e+00  -60.37033  -57.23767 1153185890 199.058941    33.8695      77029         23  0.000e+00
     10.157    -0.6949   2.761032    -0.6940   2.761459    7.97788     0.1833    13.8155 0.0000e+00  -60.37033  -57.23767 1153185890 199.058941    33.8693      77030         23  0.000e+00
     10.109    -0.6948   2.761045    -0.6941   2.761499    7.97779     0.1080    13.8155 0.0000e+00  -60.37033  -57.23767 1153185890 199.058942    33.8694      77031         23  0.000e+00
     10.157    -0.6948   2.761074    -0.6941   2.761493    7.97783     0.0757    13.8155 0.0000e+00  -60.37033  -57.23767 1153185890 199.058942    33.8697      77032         23  0.000e+00
     10.157    -0.6948   2.761045    -0.6942   2.761482    7.97786     0.0865    13.8155 0.0000e+00  -60.37033  -57.23767 1153185890 199.058943    33.8694      77033         23  0.000e+00
     10.109    -0.6948   2.761061    -0.6941   2.761482    7.97778     0.0972    13.8155 0.0000e+00  -60.37033  -57.23767 1153185890 199.058943    33.8696      77034         23  0.000e+00
     10.157    -0.6946   2.761065    -0.6945   2.761482    7.97780     0.1080    13.8155 0.0000e+00  -60.37033  -57.23767 1153185890 199.058944    33.8694      77035         23  0.000e+00
     10.185    -0.6948   2.761051    -0.6941   2.761464    7.97787     0.0757    13.8155 0.0000e+00  -60.37033  -57.23767 1153185890 199.058944    33.8694      77036         23  0.000e+00
     10.157    -0.6946   2.761068    -0.6936   2.761499    7.97780     0.1188    13.8155 0.0000e+00  -60.37033  -57.23767 1153185890 199.058945    33.8695      77037         23  0.000e+00
     10.157    -0.6951   2.761081    -0.6941   2.761488    7.97321     0.1618    13.8155 0.0000e+00  -60.37033  -57.23767 1153185890 199.058945    33.8702      77038         23  0.000e+00
     10.109    -0.6946   2.761045    -0.6942   2.761482    7.97777     0.1295    13.8155 0.0000e+00  -60.37033  -57.23767 1153185891 199.058946    33.8692      77039         23  0.000e+00
     10.157    -0.6943   2.761051    -0.6936   2.761464    7.97777     0.1188    13.8155 0.0000e+00  -60.37033  -57.23767 1153185891 199.058946    33.8689      77040         23  0.000e+00
     10.185    -0.6946   2.761051    -0.6942   2.761459    7.97318     0.0650    13.8155 0.0000e+00  -60.37033  -57.23767 1153185891 199.058947    33.8692      77041         23  0.000e+00
     10.157    -0.6946   2.761051    -0.6935   2.761476    7.97316     0.0972    13.8155 0.0000e+00  -60.37033  -57.23767 1153185891 199.058947    33.8693      77042         23  0.000e+00
     10.223    -0.6948   2.761042    -0.6945   2.761482    7.97326     0.1295    13.8155 0.0000e+00  -60.37033  -57.23767 1153185891 199.058948    33.8693      77043         23  0.000e+00
     10.185    -0.6946   2.761048    -0.6941   2.761482    7.97318     0.1188    13.8155 0.0000e+00  -60.37033  -57.23767 1153185891 199.058948    33.8692      77044         23  0.000e+00
     10.157    -0.6951   2.761051    -0.6942   2.761482    7.97323     0.0865    13.8155 0.0000e+00  -60.37033  -57.23767 1153185891 199.058949    33.8698      77045         23  0.000e+00
     10.157    -0.6948   2.761058    -0.6944   2.761505    7.97317     0.0972    13.8155 0.0000e+00  -60.37033  -57.23767 1153185891 199.058949    33.8695      77046         23  0.000e+00
     10.185    -0.6945   2.761051    -0.6938   2.761488    7.97317     0.1188    13.8155 0.0000e+00  -60.37033  -57.23767 1153185891 199.058950    33.8691      77047         23  0.000e+00
     10.223    -0.6951   2.761068    -0.6940   2.761464    7.97329     0.0972    13.8155 0.0000e+00  -60.37033  -57.23767 1153185891 199.058950    33.8700      77048         23  0.000e+00
     10.185    -0.6944   2.761094    -0.6938   2.761499    7.97313     0.1080    13.8155 0.0000e+00  -60.37033  -57.23767 1153185891 199.058951    33.8696      77049         23  0.000e+00
     10.223    -0.6949   2.761065    -0.6940   2.761493    7.97326     0.0972    13.8155 0.0000e+00  -60.37033  -57.23767 1153185891 199.058951    33.8697      77050         23  0.000e+00
     10.157    -0.6944   2.761035    -0.6939   2.761505    7.97314     0.0972    13.8155 0.0000e+00  -60.37033  -57.23767 1153185891 199.058952    33.8689      77051         23  0.000e+00
     10.252    -0.6948   2.761051    -0.6941   2.761493    7.97329     0.0757    13.8155 0.0000e+00  -60.37033  -57.23767 1153185891 199.058952    33.8694      77052         23  0.000e+00
     10.223    -0.6943   2.761051    -0.6941   2.761464    7.97318     0.0865    13.8155 0.0000e+00  -60.37033  -57.23767 1153185891 199.058953    33.8689      77053         23  0.000e+00
     10.185    -0.6951   2.761091    -0.6940   2.761476    7.97323     0.1295    13.8155 0.0000e+00  -60.37033  -57.23767 1153185891 199.058953    33.8703      77054         23  0.000e+00
     10.223    -0.6946   2.761048    -0.6939   2.761482    7.97322     0.1726    13.8155 0.0000e+00  -60.37033  -57.23767 1153185891 199.058954    33.8692      77055         23  0.000e+00
     10.223    -0.6951   2.761032    -0.6941   2.761447    7.97332     0.1833    13.8155 0.0000e+00  -60.37033  -57.23767 1153185891 199.058954    33.8695      77056         23  0.000e+00
     10.252    -0.6943   2.761035    -0.6936   2.761470    7.97322     0.1618    13.8155 0.0000e+00  -60.37033  -57.23767 1153185891 199.058954    33.8686      77057         23  0.000e+00
