product_data/regression_test/downloaded_data/MGDS/320620060703/ctd/p6619505.cnv
* Sea-Bird SBE 9 Data File:
* FileName = D:\Data\Raw\p6619505.dat
* Software Version Seasave Win32 V 5.32
* Temperature SN = 1649
* Conductivity SN = 1431
* Number of Bytes Per Scan = 37
* Number of Voltage Words = 5
* Number of Scans Averaged by the Deck Unit = 1
* NMEA Latitude = 60 45.25 S
* NMEA Longitude = 056 54.10 W
* NMEA UTC (Time) = 18:24:37
** Ship:   Nathaniel B. Palmer 
** Cruise:    NBP0606 
# nquan = 15
# nvalues = 1001                        
# units = specified
# name 0 = prDM: Pressure, Digiquartz [db]
# name 1 = t090C: Temperature [ITS-90, deg C]
# name 2 = c0S/m: Conductivity [S/m]
# name 3 = t190C: Temperature, 2 [ITS-90, deg C]
# name 4 = c1S/m: Conductivity, 2 [S/m]
# name 5 = sbeox0ML/L: Oxygen, SBE 43 [ml/l]
# name 6 = flECO-AFL: Fluorescence, Wetlab ECO-AFL/FL [mg/m^3]
# name 7 = bat: Beam Attenuation, Chelsea/Seatech/Wetlab CStar [1/m]
# name 8 = spar: SPAR/Surface Irradiance
# name 9 = latitude: Latitude [deg]
# name 10 = longitude: Longitude [deg]
# name 11 = timeY: Time, System [seconds]
# name 12 = timeJ: Julian Days
# name 13 = sal00: Salinity [PSU]
# name 14 = flag: flag
# span 0 =      2.000,   1002.000       
# span 1 =    -1.0137,     2.0792       
# span 2 =   2.738941,   3.081634       
# span 3 =    -1.0132,     2.0791       
# span 4 =   2.739338,   3.081967       
# span 5 =    4.37306,    8.14271       
# span 6 =    -0.1115,     0.4293       
# span 7 =    13.8155,    13.8155       
# span 8 = 4.7794e+01, 9.9853e+01       
# span 9 =  -60.75417,  -60.75417       
# span 10 =  -56.90167,  -56.90167      
# span 11 = 1153765488, 1153767078      
# span 12 = 205.767224, 205.785629      
# span 13 =    33.8624,    34.7211      
# span 14 = 0.0000e+00, 0.0000e+00      
# interval = decibars: 1                
# start_time = Jul 24 2006 18:24:45
# bad_flag = -9.990e-29
*END*
[from data line 675]
    677.000     1.9640   3.080206     1.9637   3.080522    4.50801    -0.0960    13.8155 5.2131e+01  -60.75417  -56.90167 1153766606 205.780173    34.6868 0.0000e+00
    678.000     1.9615   3.080056     1.9617   3.080398    4.50841    -0.0948    13.8155 5.0640e+01  -60.75417  -56.90167 1153766606 205.780183    34.6871 0.0000e+00
    679.000     1.9614   3.080094     1.9614   3.080424    4.50751    -0.0887    13.8155 5.1340e+01  -60.75417  -56.90167 1153766607 205.780192    34.6871 0.0000e+00
    680.000     1.9606   3.080072     1.9606   3.080414    4.50577    -0.0813    13.8155 5.1844e+01  -60.75417  -56.90167 1153766608 205.780201    34.6872 0.0000e+00
    681.000     1.9595   3.080035     1.9594   3.080365    4.50406    -0.0845    13.8155 5.2440e+01  -60.75417  -56.90167 1153766609 205.780209    34.6874 0.0000e+00
    682.000     1.9594   3.080087     1.9594   3.080410    4.50448    -0.0793    13.8155 5.1487e+01  -60.75417  -56.90167 1153766610 205.780229    34.6875 0.0000e+00
    683.000     1.9607   3.080245     1.9606   3.080558    4.50701    -0.0760    13.8155 -9.990e-29  -60.75417  -56.90167 1153766614 205.780273    34.6873 0.0000e+00
    684.000     1.9590   3.080162     1.9594   3.080513    4.50737    -0.0773    13.8155 -9.990e-29  -60.75417  -56.90167 1153766615 205.780285    34.6876 0.0000e+00
    685.000     1.9579   3.080206     1.9580   3.080536    4.50802    -0.0754    13.8155 -9.990e-29  -60.75417  -56.90167 1153766616 205.780295    34.6889 0.0000e+00
    686.000     1.9564   3.080156     1.9569   3.080507    4.50892    -0.0703    13.8155 5.0652e+01  -60.75417  -56.90167 1153766617 205.780307    34.6894 0.0000e+00
    687.000     1.9559   3.080151     1.9562   3.080495    4.51085    -0.0835    13.8155 5.1194e+01  -60.75417  -56.90167 1153766619 205.780326    34.6893 0.0000e+00
    688.000     1.9540   3.080076     1.9536   3.080349    4.51436    -0.0825    13.8155 5.1873e+01  -60.75417  -56.90167 1153766620 205.780345    34.6896 0.0000e+00
    689.000     1.9512   3.079876     1.9513   3.080220    4.51564    -0.0584    13.8155 5.1621e+01  -60.75417  -56.90167 1153766622 205.780358    34.6900 0.0000e+00
    690.000     1.9495   3.079793     1.9493   3.080120    4.51622    -0.0769    13.8155 -9.990e-29  -60.75417  -56.90167 1153766622 205.780368    34.6902 0.0000e+00
    691.000     1.9473   3.079648     1.9475   3.080008    4.51658    -0.0732    13.8155 -9.990e-29  -60.75417  -56.90167 1153766623 205.780380    34.6903 0.0000e+00
    692.000     1.9477   3.079730     1.9474   3.080028    4.51533    -0.0715    13.8155 5.1082e+01  -60.75417  -56.90167 1153766625 205.780404    34.6902 0.0000e+00
    693.000     1.9459   3.079626     1.9458   3.079963    4.51632    -0.0735    13.8155 5.1976e+01  -60.75417  -56.90167 1153766628 205.780428    34.6904 0.0000e+00
    694.000     1.9445   3.079564     1.9445   3.079901    4.51580    -0.0667    13.8155 4.9009e+01  -60.75417  -56.90167 1153766629 205.780440    34.6906 0.0000e+00
    695.000     1.9424   3.079431     1.9417   3.079710    4.51780    -0.0749    13.8155 5.0566e+01  -60.75417  -56.90167 1153766630 205.780453    34.6908 0.0000e+00
    696.000     1.9401   3.079281     1.9396   3.079578    4.51824    -0.0877    13.8155 -9.990e-29  -60.75417  -56.90167 1153766632 205.780475    34.6908 0.0000e+00
    697.000     1.9367   3.079049     1.9365   3.079378    4.51896    -0.0780    13.8155 -9.990e-29  -60.75417  -56.90167 1153766634 205.780499    34.6910 0.0000e+00
    698.000     1.9313   3.078681     1.9315   3.079024    4.51940    -0.0852    13.8155 -9.990e-29  -60.75417  -56.90167 1153766635 205.780511    34.6918 0.0000e+00
    699.000     1.9300   3.078617     1.9301   3.078964    4.52025    -0.0870    13.8155 -9.990e-29  -60.75417  -56.90167 1153766636 205.780521    34.6920 0.0000e+00
    700.000     1.9295   3.078661     1.9297   3.078995    4.52166    -0.0800    13.8155 -9.990e-29  -60.75417  -56.90167 1153766636 205.780531    34.6925 0.0000e+00
    701.000     1.9300   3.078772     1.9301   3.079099    4.52390    -0.0832    13.8155 5.0652e+01  -60.75417  -56.90167 1153766638 205.780544    34.6927 0.0000e+00
    702.000     1.9298   3.078822     1.9301   3.079156    4.52289    -0.0835    13.8155 5.0652e+01  -60.75417  -56.90167 1153766639 205.780562    34.6929 0.0000e+00
    703.000     1.9297   3.078895     1.9300   3.079227    4.52157    -0.0802    13.8155 5.0652e+01  -60.75417  -56.90167 1153766641 205.780583    34.6934 0.0000e+00
    704.000     1.9299   3.078973     1.9300   3.079300    4.52324    -0.0746    13.8155 -9.990e-29  -60.75417  -56.90167 1153766642 205.780599    34.6935 0.0000e+00
    705.000     1.9301   3.079039     1.9301   3.079364    4.52642    -0.0753    13.8155 -9.990e-29  -60.75417  -56.90167 1153766644 205.780614    34.6936 0.0000e+00
    706.000     1.9301   3.079097     1.9302   3.079422    4.53089    -0.0780    13.8155 -9.990e-29  -60.75417  -56.90167 1153766646 205.780647    34.6937 0.0000e+00
    707.000     1.9273   3.078948     1.9272   3.079290    4.53530    -0.0757    13.8155 -9.990e-29  -60.75417  -56.90167 1153766648 205.780664    34.6943 0.0000e+00
    708.000     1.9240   3.078779     1.9241   3.079117    4.53714    -0.0712    13.8155 -9.990e-29  -60.75417  -56.90167 1153766649 205.780673    34.6954 0.0000e+00
    709.000     1.9241   3.078846     1.9241   3.079183    4.53604    -0.0782    13.8155 -9.990e-29  -60.75417  -56.90167 1153766649 205.780681    34.6955 0.0000e+00
    710.000     1.9243   3.078900     1.9243   3.079245    4.53677    -0.0825    13.8155 -9.990e-29  -60.75417  -56.90167 1153766650 205.780689    34.6954 0.0000e+00
    711.000     1.9245   3.078961     1.9243   3.079294    4.53551    -0.0810    13.8155 -9.990e-29  -60.75417  -56.90167 1153766651 205.780695    34.6954 0.0000e+00
    712.000     1.9244   3.078993     1.9242   3.079322    4.53583    -0.0915    13.8155 -9.990e-29  -60.75417  -56.90167 1153766651 205.780703    34.6954 0.0000e+00
    713.000     1.9247   3.079081     1.9249   3.079421    4.53633    -0.0769    13.8155 -9.990e-29  -60.75417  -56.90167 1153766656 205.780759    34.6954 0.0000e+00
    714.000     1.9245   3.079110     1.9247   3.079450    4.53814    -0.0757    13.8155 -9.990e-29  -60.75417  -56.90167 1153766657 205.780772    34.6955 0.0000e+00
    715.000     1.9242   3.079137     1.9242   3.079468    4.53803    -0.0815    13.8155 -9.990e-29  -60.75417  -56.90167 1153766658 205.780783    34.6957 0.0000e+00
    716.000     1.9240   3.079172     1.9242   3.079506    4.53788    -0.0832    13.8155 -9.990e-29  -60.75417  -56.90167 1153766659 205.780797    34.6957 0.0000e+00
    717.000     1.9242   3.079226     1.9243   3.079557    4.54105    -0.0668    13.8155 -9.990e-29  -60.75417  -56.90167 1153766661 205.780814    34.6956 0.0000e+00
    718.000     1.9243   3.079277     1.9242   3.079606    4.54272    -0.0814    13.8155 -9.990e-29  -60.75417  -56.90167 1153766662 205.780828    34.6956 0.0000e+00
    719.000     1.9242   3.079329     1.9243   3.079663    4.54175    -0.0834    13.8155 -9.990e-29  -60.75417  -56.90167 1153766663 205.780840    34.6958 0.0000e+00
    720.000     1.9242   3.079375     1.9243   3.079707    4.54192    -0.0812    13.8155 -9.990e-29  -60.75417  -56.90167 1153766664 205.780852    34.6957 0.0000e+00
    721.000     1.9241   3.079418     1.9242   3.079742    4.54248    -0.0795    13.8155 -9.990e-29  -60.75417  -56.90167 1153766665 205.780866    34.6959 0.0000e+00
    722.000     1.9241   3.079458     1.9242   3.079788    4.54401    -0.0869    13.8155 -9.990e-29  -60.75417  -56.90167 1153766668 205.780895    34.6959 0.0000e+00
    723.000     1.9242   3.079523     1.9243   3.079850    4.54422    -0.0748    13.8155 -9.990e-29  -60.75417  -56.90167 1153766670 205.780916    34.6960 0.0000e+00
    724.000     1.9242   3.079585     1.9242   3.079915    4.54418    -0.0887    13.8155 -9.990e-29  -60.75417  -56.90167 1153766671 205.780926    34.6963 0.0000e+00
    725.000     1.9242   3.079663     1.9243   3.079995    4.54531    -0.0924    13.8155 -9.990e-29  -60.75417  -56.90167 1153766671 205.780936    34.6967 0.0000e+00
    726.000     1.9243   3.079730     1.9244   3.080063    4.54535    -0.0772    13.8155 -9.990e-29  -60.75417  -56.90167 1153766673 205.780954    34.6968 0.0000e+00
    727.000     1.9242   3.079777     1.9245   3.080108    4.54815    -0.0876    13.8155 -9.990e-29  -60.75417  -56.90167 1153766677 205.780996    34.6969 0.0000e+00
    728.000     1.9245   3.079904     1.9246   3.080239    4.54629    -0.0894    13.8155 -9.990e-29  -60.75417  -56.90167 1153766677 205.781003    34.6977 0.0000e+00
    729.000     1.9223   3.079874     1.9221   3.080209    4.54521    -0.0932    13.8155 -9.990e-29  -60.75417  -56.90167 1153766678 205.781011    34.6992 0.0000e+00
    730.000     1.9212   3.079876     1.9211   3.080202    4.54591    -0.0775    13.8155 -9.990e-29  -60.75417  -56.90167 1153766679 205.781018    34.6999 0.0000e+00
    731.000     1.9211   3.079894     1.9209   3.080221    4.54497    -0.0813    13.8155 -9.990e-29  -60.75417  -56.90167 1153766679 205.781026    34.6997 0.0000e+00
    732.000     1.9208   3.079923     1.9208   3.080247    4.54845    -0.0825    13.8155 -9.990e-29  -60.75417  -56.90167 1153766681 205.781048    34.6999 0.0000e+00
    733.000     1.9216   3.080013     1.9220   3.080356    4.55172    -0.0773    13.8155 -9.990e-29  -60.75417  -56.90167 1153766684 205.781077    34.6995 0.0000e+00
    734.000     1.9197   3.079954     1.9197   3.080286    4.55334    -0.0805    13.8155 -9.990e-29  -60.75417  -56.90167 1153766685 205.781093    34.7003 0.0000e+00
    735.000     1.9190   3.079959     1.9192   3.080291    4.55357    -0.0738    13.8155 -9.990e-29  -60.75417  -56.90167 1153766686 205.781109    34.7006 0.0000e+00
    736.000     1.9188   3.079996     1.9189   3.080327    4.55342    -0.0850    13.8155 -9.990e-29  -60.75417  -56.90167 1153766688 205.781123    34.7007 0.0000e+00
    737.000     1.9188   3.080037     1.9188   3.080363    4.55442    -0.0883    13.8155 -9.990e-29  -60.75417  -56.90167 1153766689 205.781135    34.7007 0.0000e+00
    738.000     1.9187   3.080077     1.9188   3.080400    4.55579    -0.0822    13.8155 5.1641e+01  -60.75417  -56.90167 1153766691 205.781162    34.7007 0.0000e+00
    739.000     1.9188   3.080142     1.9189   3.080467    4.56001    -0.0735    13.8155 5.0469e+01  -60.75417  -56.90167 1153766694 205.781192    34.7008 0.0000e+00
    740.000     1.9184   3.080155     1.9184   3.080491    4.55958    -0.0793    13.8155 4.8592e+01  -60.75417  -56.90167 1153766694 205.781202    34.7009 0.0000e+00
    741.000     1.9184   3.080208     1.9185   3.080551    4.55952    -0.0722    13.8155 4.8461e+01  -60.75417  -56.90167 1153766695 205.781210    34.7010 0.0000e+00
    742.000     1.9184   3.080250     1.9183   3.080591    4.55909    -0.0774    13.8155 4.9087e+01  -60.75417  -56.90167 1153766696 205.781218    34.7010 0.0000e+00
    743.000     1.9178   3.080256     1.9176   3.080589    4.55687    -0.0855    13.8155 5.2064e+01  -60.75417  -56.90167 1153766696 205.781225    34.7011 0.0000e+00
    744.000     1.9174   3.080273     1.9173   3.080609    4.55684    -0.0859    13.8155 5.0041e+01  -60.75417  -56.90167 1153766697 205.781233    34.7013 0.0000e+00
    745.000     1.9170   3.080295     1.9170   3.080623    4.55700    -0.0789    13.8155 5.0304e+01  -60.75417  -56.90167 1153766699 205.781251    34.7015 0.0000e+00
    746.000     1.9183   3.080436     1.9182   3.080742    4.56114    -0.0881    13.8155 5.0049e+01  -60.75417  -56.90167 1153766704 205.781307    34.7012 0.0000e+00
    747.000     1.9164   3.080350     1.9155   3.080629    4.56488    -0.0711    13.8155 -9.990e-29  -60.75417  -56.90167 1153766706 205.781330    34.7016 0.0000e+00
    748.000     1.9145   3.080276     1.9146   3.080605    4.56594    -0.0985    13.8155 -9.990e-29  -60.75417  -56.90167 1153766706 205.781340    34.7023 0.0000e+00
    749.000     1.9137   3.080261     1.9136   3.080598    4.56526    -0.0922    13.8155 -9.990e-29  -60.75417  -56.90167 1153766707 205.781347    34.7024 0.0000e+00
    750.000     1.9131   3.080257     1.9129   3.080592    4.56279    -0.0860    13.8155 -9.990e-29  -60.75417  -56.90167 1153766708 205.781355    34.7026 0.0000e+00
    751.000     1.9132   3.080294     1.9130   3.080642    4.56155    -0.0847    13.8155 -9.990e-29  -60.75417  -56.90167 1153766708 205.781362    34.7023 0.0000e+00
    752.000     1.9132   3.080335     1.9128   3.080663    4.56119    -0.0815    13.8155 4.9251e+01  -60.75417  -56.90167 1153766709 205.781368    34.7023 0.0000e+00
    753.000     1.9132   3.080375     1.9126   3.080706    4.56034    -0.0833    13.8155 4.8695e+01  -60.75417  -56.90167 1153766709 205.781375    34.7022 0.0000e+00
    754.000     1.9133   3.080431     1.9129   3.080751    4.55984    -0.0739    13.8155 4.9623e+01  -60.75417  -56.90167 1153766711 205.781396    34.7022 0.0000e+00
    755.000     1.9141   3.080546     1.9137   3.080855    4.56195    -0.0831    13.8155 -9.990e-29  -60.75417  -56.90167 1153766716 205.781449    34.7022 0.0000e+00
    756.000     1.9130   3.080527     1.9132   3.080858    4.56255    -0.0773    13.8155 -9.990e-29  -60.75417  -56.90167 1153766717 205.781458    34.7026 0.0000e+00
    757.000     1.9126   3.080545     1.9125   3.080861    4.56565    -0.0858    13.8155 -9.990e-29  -60.75417  -56.90167 1153766717 205.781468    34.7028 0.0000e+00
    758.000     1.9122   3.080564     1.9121   3.080889    4.56529    -0.0685    13.8155 -9.990e-29  -60.75417  -56.90167 1153766718 205.781478    34.7029 0.0000e+00
    759.000     1.9114   3.080556     1.9115   3.080881    4.56239    -0.0886    13.8155 -9.990e-29  -60.75417  -56.90167 1153766719 205.781488    34.7032 0.0000e+00
    760.000     1.9113   3.080578     1.9113   3.080892    4.56248    -0.0788    13.8155 -9.990e-29  -60.75417  -56.90167 1153766720 205.781499    34.7029 0.0000e+00
    761.000     1.9113   3.080627     1.9112   3.080933    4.56309    -0.0793    13.8155 -9.990e-29  -60.75417  -56.90167 1153766723 205.781528    34.7029 0.0000e+00
    762.000     1.9115   3.080689     1.9115   3.081016    4.56691    -0.0843    13.8155 -9.990e-29  -60.75417  -56.90167 1153766726 205.781563    34.7030 0.0000e+00
    763.000     1.9110   3.080692     1.9110   3.081028    4.56661    -0.0794    13.8155 -9.990e-29  -60.75417  -56.90167 1153766727 205.781574    34.7030 0.0000e+00
    764.000     1.9107   3.080712     1.9108   3.081045    4.56630    -0.0928    13.8155 -9.990e-29  -60.75417  -56.90167 1153766727 205.781582    34.7031 0.0000e+00
    765.000     1.9104   3.080727     1.9103   3.081061    4.56616    -0.0884    13.8155 -9.990e-29  -60.75417  -56.90167 1153766728 205.781590    34.7031 0.0000e+00
    766.000     1.9099   3.080719     1.9097   3.081052    4.56614    -0.0963    13.8155 -9.990e-29  -60.75417  -56.90167 1153766729 205.781597    34.7029 0.0000e+00
    767.000     1.9094   3.080724     1.9092   3.081044    4.56627    -0.0817    13.8155 5.0487e+01  -60.75417  -56.90167 1153766729 205.781605    34.7030 0.0000e+00
    768.000     1.9097   3.080799     1.9097   3.081134    4.56696    -0.0890    13.8155 4.9167e+01  -60.75417  -56.90167 1153766733 205.781644    34.7031 0.0000e+00
    769.000     1.9095   3.080856     1.9096   3.081185    4.57134    -0.0814    13.8155 4.8799e+01  -60.75417  -56.90167 1153766736 205.781677    34.7034 0.0000e+00
    770.000     1.9079   3.080791     1.9079   3.081122    4.57159    -0.0767    13.8155 5.0061e+01  -60.75417  -56.90167 1153766736 205.781687    34.7038 0.0000e+00
    771.000     1.9064   3.080712     1.9064   3.081047    4.57128    -0.0919    13.8155 5.0679e+01  -60.75417  -56.90167 1153766737 205.781696    34.7039 0.0000e+00
    772.000     1.9062   3.080735     1.9061   3.081064    4.56996    -0.0847    13.8155 4.9199e+01  -60.75417  -56.90167 1153766738 205.781705    34.7039 0.0000e+00
