product_data/regression_test/downloaded_data/MGDS/320620060703/ctd/p6618001.cnv
* Sea-Bird SBE 9 Data File:
* FileName = D:\Data\Raw\p6618001.dat
* Software Version Seasave Win32 V 5.32
* Temperature SN = 1649
* Conductivity SN = 1431
* Number of Bytes Per Scan = 37
* Number of Voltage Words = 5
* Number of Scans Averaged by the Deck Unit = 1
* NMEA Latitude = 60 36.98 S
* NMEA Longitude = 054 20.46 W
* NMEA UTC (Time) = 04:50:41
** Ship:   Nathaniel B. Palmer 
** Cruise:    NBP0606 
# nquan = 15
# nvalues = 1002                        
# units = specified
# name 0 = prDM: Pressure, Digiquartz [db]
# name 1 = t090C: Temperature [ITS-90, deg C]
# name 2 = c0S/m: Conductivity [S/m]
# name 3 = t190C: Temperature, 2 [ITS-90, deg C]
# name 4 = c1S/m: Conductivity, 2 [S/m]
# name 5 = sbeox0ML/L: Oxygen, SBE 43 [ml/l]
# name 6 = flECO-AFL: Fluorescence, Wetlab ECO-AFL/FL [mg/m^3]
# name 7 = bat: Beam Attenuation, Chelsea/Seatech/Wetlab CStar [1/m]
# name 8 = spar: SPAR/Surface Irradiance
# name 9 = latitude: Latitude [deg]
# name 10 = longitude: Longitude [deg]
# name 11 = timeY: Time, System [seconds]
# name 12 = timeJ: Julian Days
# name 13 = sal00: Salinity [PSU]
# name 14 = flag: flag
# span 0 =      1.000,   1002.000       
# span 1 =    -0.8529,     1.7349       
# span 2 =   2.766985,   3.047664       
# span 3 =    -0.8533,     1.7458       
# span 4 =   2.767695,   3.048743       
# span 5 =    4.67234,    7.77513       
# span 6 =    -0.1062,     0.3969       
# span 7 =    13.8155,    13.8155       
# span 8 = 0.0000e+00, 0.0000e+00       
# span 9 =  -60.61633,  -60.61633       
# span 10 =  -54.34100,  -54.34100      
# span 11 = 1153543850, 1153545235      
# span 12 = 203.201986, 203.218028      
# span 13 =    34.1321,    34.7172      
# span 14 = 0.0000e+00, 0.0000e+00      
# interval = decibars: 1                
# start_time = Jul 22 2006 04:50:49
# bad_flag = -9.990e-29
*END*
[from data line 868]
    869.000     1.0490   3.009930     1.0495   3.010301    5.05478    -0.0856    13.8155 0.0000e+00  -60.61633  -54.34100 1153545043 203.215800    34.6941 0.0000e+00
    870.000     1.0481   3.009960     1.0479   3.010191    5.05584    -0.0847    13.8155 0.0000e+00  -60.61633  -54.34100 1153545044 203.215818    34.6943 0.0000e+00
    871.000     1.0420   3.009348     1.0418   3.009657    5.06139    -0.0824    13.8155 0.0000e+00  -60.61633  -54.34100 1153545048 203.215864    34.6939 0.0000e+00
    872.000     1.0351   3.008643     1.0310   3.008666    5.06277    -0.0728    13.8155 0.0000e+00  -60.61633  -54.34100 1153545049 203.215873    34.6923 0.0000e+00
    873.000     1.0265   3.007935     1.0261   3.008205    5.06269    -0.0894    13.8155 0.0000e+00  -60.61633  -54.34100 1153545050 203.215883    34.6924 0.0000e+00
    874.000     1.0272   3.008100     1.0270   3.008343    5.06216    -0.0716    13.8155 0.0000e+00  -60.61633  -54.34100 1153545051 203.215892    34.6919 0.0000e+00
    875.000     1.0312   3.008466     1.0316   3.008805    5.06244    -0.0732    13.8155 0.0000e+00  -60.61633  -54.34100 1153545052 203.215903    34.6927 0.0000e+00
    876.000     1.0299   3.008381     1.0305   3.008770    5.06342    -0.0800    13.8155 0.0000e+00  -60.61633  -54.34100 1153545053 203.215917    34.6924 0.0000e+00
    877.000     1.0298   3.008411     1.0303   3.008773    5.06373    -0.0847    13.8155 0.0000e+00  -60.61633  -54.34100 1153545054 203.215934    34.6924 0.0000e+00
    878.000     1.0294   3.008417     1.0293   3.008741    5.06539    -0.0912    13.8155 0.0000e+00  -60.61633  -54.34100 1153545056 203.215949    34.6923 0.0000e+00
    879.000     1.0280   3.008398     1.0278   3.008646    5.06719    -0.0868    13.8155 0.0000e+00  -60.61633  -54.34100 1153545057 203.215963    34.6921 0.0000e+00
    880.000     1.0272   3.008341     1.0270   3.008600    5.06434    -0.0813    13.8155 0.0000e+00  -60.61633  -54.34100 1153545058 203.215980    34.6925 0.0000e+00
    881.000     1.0298   3.008605     1.0302   3.008955    5.06454    -0.0816    13.8155 0.0000e+00  -60.61633  -54.34100 1153545060 203.215998    34.6925 0.0000e+00
    882.000     1.0371   3.009386     1.0380   3.009717    5.06084    -0.0836    13.8155 0.0000e+00  -60.61633  -54.34100 1153545061 203.216014    34.6940 0.0000e+00
    883.000     1.0712   3.012759     1.0696   3.012803    5.05769    -0.0836    13.8155 0.0000e+00  -60.61633  -54.34100 1153545063 203.216028    34.6978 0.0000e+00
    884.000     1.0711   3.012769     1.0715   3.013101    5.05492    -0.0812    13.8155 0.0000e+00  -60.61633  -54.34100 1153545064 203.216041    34.6975 0.0000e+00
    885.000     1.0709   3.012799     1.0712   3.013125    5.05117    -0.0873    13.8155 0.0000e+00  -60.61633  -54.34100 1153545065 203.216055    34.6976 0.0000e+00
    886.000     1.0660   3.012338     1.0671   3.012803    5.05209    -0.0881    13.8155 0.0000e+00  -60.61633  -54.34100 1153545066 203.216070    34.6967 0.0000e+00
    887.000     1.0409   3.009980     1.0407   3.010371    5.05803    -0.0759    13.8155 0.0000e+00  -60.61633  -54.34100 1153545068 203.216086    34.6946 0.0000e+00
    888.000     1.0233   3.008362     1.0236   3.008767    5.06282    -0.0898    13.8155 0.0000e+00  -60.61633  -54.34100 1153545069 203.216101    34.6934 0.0000e+00
    889.000     1.0180   3.007921     1.0185   3.008306    5.06569    -0.0844    13.8155 0.0000e+00  -60.61633  -54.34100 1153545070 203.216115    34.6931 0.0000e+00
    890.000     1.0161   3.007776     1.0159   3.008110    5.06763    -0.0824    13.8155 0.0000e+00  -60.61633  -54.34100 1153545071 203.216127    34.6927 0.0000e+00
    891.000     1.0123   3.007465     1.0123   3.007818    5.06902    -0.0855    13.8155 0.0000e+00  -60.61633  -54.34100 1153545072 203.216137    34.6925 0.0000e+00
    892.000     1.0129   3.007572     1.0129   3.007902    5.06926    -0.0930    13.8155 0.0000e+00  -60.61633  -54.34100 1153545073 203.216147    34.6925 0.0000e+00
    893.000     1.0148   3.007799     1.0152   3.008157    5.06934    -0.0809    13.8155 0.0000e+00  -60.61633  -54.34100 1153545074 203.216159    34.6927 0.0000e+00
    894.000     1.0161   3.007994     1.0163   3.008323    5.06472    -0.0916    13.8155 0.0000e+00  -60.61633  -54.34100 1153545078 203.216200    34.6928 0.0000e+00
    895.000     1.0243   3.008906     1.0248   3.009154    5.06143    -0.0860    13.8155 0.0000e+00  -60.61633  -54.34100 1153545079 203.216219    34.6950 0.0000e+00
    896.000     1.0451   3.010908     1.0409   3.010807    5.05634    -0.0682    13.8155 0.0000e+00  -60.61633  -54.34100 1153545080 203.216228    34.6960 0.0000e+00
    897.000     1.0515   3.011610     1.0515   3.011861    5.05268    -0.0852    13.8155 0.0000e+00  -60.61633  -54.34100 1153545081 203.216237    34.6974 0.0000e+00
    898.000     1.0602   3.012488     1.0583   3.012569    5.05033    -0.0937    13.8155 0.0000e+00  -60.61633  -54.34100 1153545081 203.216247    34.6985 0.0000e+00
    899.000     1.0718   3.013638     1.0711   3.013851    5.04397    -0.0905    13.8155 0.0000e+00  -60.61633  -54.34100 1153545082 203.216257    34.6993 0.0000e+00
    900.000     1.0760   3.014085     1.0755   3.014314    5.03810    -0.0832    13.8155 0.0000e+00  -60.61633  -54.34100 1153545084 203.216271    34.6998 0.0000e+00
    901.000     1.0761   3.014116     1.0786   3.014686    5.03326    -0.0796    13.8155 0.0000e+00  -60.61633  -54.34100 1153545085 203.216288    34.6996 0.0000e+00
    902.000     1.0619   3.012841     1.0621   3.013171    5.03305    -0.0796    13.8155 0.0000e+00  -60.61633  -54.34100 1153545086 203.216303    34.6992 0.0000e+00
    903.000     1.0703   3.013672     1.0689   3.013856    5.02999    -0.0971    13.8155 0.0000e+00  -60.61633  -54.34100 1153545087 203.216315    34.6999 0.0000e+00
    904.000     1.0720   3.013899     1.0738   3.014358    5.02659    -0.0880    13.8155 0.0000e+00  -60.61633  -54.34100 1153545089 203.216330    34.7003 0.0000e+00
    905.000     1.0718   3.013904     1.0742   3.014477    5.02439    -0.0736    13.8155 0.0000e+00  -60.61633  -54.34100 1153545091 203.216360    34.7001 0.0000e+00
    906.000     1.0765   3.014410     1.0775   3.014807    5.02409    -0.0834    13.8155 0.0000e+00  -60.61633  -54.34100 1153545093 203.216380    34.7008 0.0000e+00
    907.000     1.0791   3.014724     1.0821   3.015303    5.02607    -0.0982    13.8155 0.0000e+00  -60.61633  -54.34100 1153545094 203.216391    34.7015 0.0000e+00
    908.000     1.0744   3.014257     1.0730   3.014495    5.02551    -0.0762    13.8155 0.0000e+00  -60.61633  -54.34100 1153545095 203.216401    34.7000 0.0000e+00
    909.000     1.0741   3.014356     1.0731   3.014541    5.02557    -0.0938    13.8155 0.0000e+00  -60.61633  -54.34100 1153545096 203.216411    34.7015 0.0000e+00
    910.000     1.0807   3.014992     1.0784   3.015076    5.02363    -0.0905    13.8155 0.0000e+00  -60.61633  -54.34100 1153545096 203.216420    34.7014 0.0000e+00
    911.000     1.0789   3.014858     1.0770   3.015047    5.02220    -0.0857    13.8155 0.0000e+00  -60.61633  -54.34100 1153545097 203.216430    34.7010 0.0000e+00
    912.000     1.0667   3.013759     1.0679   3.014202    5.02775    -0.0739    13.8155 0.0000e+00  -60.61633  -54.34100 1153545098 203.216443    34.7005 0.0000e+00
    913.000     1.0597   3.013123     1.0597   3.013476    5.02938    -0.0959    13.8155 0.0000e+00  -60.61633  -54.34100 1153545100 203.216460    34.6997 0.0000e+00
    914.000     1.0557   3.012834     1.0527   3.012860    5.03649    -0.0823    13.8155 0.0000e+00  -60.61633  -54.34100 1153545102 203.216490    34.6994 0.0000e+00
    915.000     1.0510   3.012444     1.0455   3.012162    5.03928    -0.0921    13.8155 0.0000e+00  -60.61633  -54.34100 1153545104 203.216509    34.6999 0.0000e+00
    916.000     1.0362   3.010958     1.0286   3.010684    5.04475    -0.0939    13.8155 0.0000e+00  -60.61633  -54.34100 1153545105 203.216522    34.6962 0.0000e+00
    917.000     1.0176   3.009226     1.0149   3.009385    5.05168    -0.0906    13.8155 0.0000e+00  -60.61633  -54.34100 1153545106 203.216535    34.6954 0.0000e+00
    918.000     1.0081   3.008424     1.0083   3.008800    5.05666    -0.0745    13.8155 0.0000e+00  -60.61633  -54.34100 1153545107 203.216546    34.6949 0.0000e+00
    919.000     1.0099   3.008665     1.0104   3.009031    5.06047    -0.0881    13.8155 0.0000e+00  -60.61633  -54.34100 1153545108 203.216557    34.6953 0.0000e+00
    920.000     1.0123   3.008936     1.0125   3.009291    5.06383    -0.0929    13.8155 0.0000e+00  -60.61633  -54.34100 1153545109 203.216569    34.6953 0.0000e+00
    921.000     1.0129   3.009040     1.0132   3.009414    5.06333    -0.0879    13.8155 0.0000e+00  -60.61633  -54.34100 1153545111 203.216584    34.6952 0.0000e+00
    922.000     1.0133   3.009133     1.0132   3.009458    5.06245    -0.0845    13.8155 0.0000e+00  -60.61633  -54.34100 1153545112 203.216599    34.6953 0.0000e+00
    923.000     1.0148   3.009315     1.0150   3.009668    5.06329    -0.0829    13.8155 0.0000e+00  -60.61633  -54.34100 1153545113 203.216614    34.6952 0.0000e+00
    924.000     1.0170   3.009593     1.0177   3.009983    5.06507    -0.0801    13.8155 0.0000e+00  -60.61633  -54.34100 1153545115 203.216632    34.6957 0.0000e+00
    925.000     1.0214   3.010083     1.0211   3.010364    5.06293    -0.0933    13.8155 0.0000e+00  -60.61633  -54.34100 1153545117 203.216654    34.6963 0.0000e+00
    926.000     1.0227   3.010262     1.0229   3.010593    5.06269    -0.0854    13.8155 0.0000e+00  -60.61633  -54.34100 1153545118 203.216670    34.6965 0.0000e+00
    927.000     1.0230   3.010330     1.0230   3.010657    5.06149    -0.0829    13.8155 0.0000e+00  -60.61633  -54.34100 1153545119 203.216682    34.6965 0.0000e+00
    928.000     1.0232   3.010379     1.0230   3.010707    5.05908    -0.0829    13.8155 0.0000e+00  -60.61633  -54.34100 1153545120 203.216691    34.6963 0.0000e+00
    929.000     1.0229   3.010411     1.0228   3.010721    5.05876    -0.0918    13.8155 0.0000e+00  -60.61633  -54.34100 1153545121 203.216700    34.6965 0.0000e+00
    930.000     1.0266   3.010839     1.0256   3.011037    5.05766    -0.0852    13.8155 0.0000e+00  -60.61633  -54.34100 1153545122 203.216711    34.6971 0.0000e+00
    931.000     1.0276   3.010951     1.0275   3.011274    5.05616    -0.0896    13.8155 0.0000e+00  -60.61633  -54.34100 1153545124 203.216738    34.6970 0.0000e+00
    932.000     1.0287   3.011126     1.0287   3.011439    5.05587    -0.0843    13.8155 0.0000e+00  -60.61633  -54.34100 1153545126 203.216763    34.6975 0.0000e+00
    933.000     1.0303   3.011331     1.0300   3.011618    5.05354    -0.0889    13.8155 0.0000e+00  -60.61633  -54.34100 1153545127 203.216774    34.6978 0.0000e+00
    934.000     1.0287   3.011212     1.0284   3.011524    5.05038    -0.0853    13.8155 0.0000e+00  -60.61633  -54.34100 1153545128 203.216784    34.6974 0.0000e+00
    935.000     1.0302   3.011428     1.0295   3.011667    5.04806    -0.0760    13.8155 0.0000e+00  -60.61633  -54.34100 1153545129 203.216794    34.6982 0.0000e+00
    936.000     1.0358   3.012022     1.0353   3.012285    5.04365    -0.0844    13.8155 0.0000e+00  -60.61633  -54.34100 1153545130 203.216805    34.6987 0.0000e+00
    937.000     1.0460   3.013076     1.0429   3.013042    5.03754    -0.0711    13.8155 0.0000e+00  -60.61633  -54.34100 1153545131 203.216818    34.7004 0.0000e+00
    938.000     1.0571   3.014188     1.0571   3.014477    5.03345    -0.0794    13.8155 0.0000e+00  -60.61633  -54.34100 1153545132 203.216836    34.7012 0.0000e+00
    939.000     1.0570   3.014221     1.0578   3.014598    5.02956    -0.0904    13.8155 0.0000e+00  -60.61633  -54.34100 1153545135 203.216862    34.7014 0.0000e+00
    940.000     1.0557   3.014138     1.0560   3.014461    5.02720    -0.0790    13.8155 0.0000e+00  -60.61633  -54.34100 1153545136 203.216881    34.7014 0.0000e+00
    941.000     1.0585   3.014462     1.0584   3.014759    5.02694    -0.0844    13.8155 0.0000e+00  -60.61633  -54.34100 1153545137 203.216895    34.7019 0.0000e+00
    942.000     1.0613   3.014788     1.0610   3.015045    5.02699    -0.1019    13.8155 0.0000e+00  -60.61633  -54.34100 1153545139 203.216907    34.7024 0.0000e+00
    943.000     1.0648   3.015169     1.0648   3.015464    5.02517    -0.0897    13.8155 0.0000e+00  -60.61633  -54.34100 1153545139 203.216918    34.7029 0.0000e+00
    944.000     1.0664   3.015372     1.0664   3.015687    5.02448    -0.0761    13.8155 0.0000e+00  -60.61633  -54.34100 1153545140 203.216929    34.7031 0.0000e+00
    945.000     1.0669   3.015461     1.0668   3.015770    5.02314    -0.0849    13.8155 0.0000e+00  -60.61633  -54.34100 1153545141 203.216941    34.7031 0.0000e+00
    946.000     1.0671   3.015538     1.0669   3.015827    5.02244    -0.0868    13.8155 0.0000e+00  -60.61633  -54.34100 1153545143 203.216956    34.7034 0.0000e+00
    947.000     1.0691   3.015797     1.0689   3.016078    5.02112    -0.0827    13.8155 0.0000e+00  -60.61633  -54.34100 1153545144 203.216972    34.7040 0.0000e+00
    948.000     1.0701   3.015941     1.0702   3.016267    5.01955    -0.0817    13.8155 0.0000e+00  -60.61633  -54.34100 1153545145 203.216987    34.7042 0.0000e+00
    949.000     1.0701   3.015992     1.0694   3.016250    5.01749    -0.0820    13.8155 0.0000e+00  -60.61633  -54.34100 1153545147 203.217001    34.7043 0.0000e+00
    950.000     1.0682   3.015861     1.0687   3.016216    5.01731    -0.0868    13.8155 0.0000e+00  -60.61633  -54.34100 1153545149 203.217023    34.7044 0.0000e+00
    951.000     1.0684   3.015927     1.0684   3.016247    5.01862    -0.0794    13.8155 0.0000e+00  -60.61633  -54.34100 1153545151 203.217046    34.7044 0.0000e+00
    952.000     1.0673   3.015879     1.0675   3.016207    5.01912    -0.0820    13.8155 0.0000e+00  -60.61633  -54.34100 1153545152 203.217060    34.7045 0.0000e+00
    953.000     1.0675   3.015942     1.0674   3.016239    5.01846    -0.0830    13.8155 0.0000e+00  -60.61633  -54.34100 1153545153 203.217071    34.7046 0.0000e+00
    954.000     1.0674   3.015961     1.0672   3.016270    5.01656    -0.0823    13.8155 0.0000e+00  -60.61633  -54.34100 1153545154 203.217081    34.7044 0.0000e+00
    955.000     1.0680   3.016063     1.0681   3.016398    5.01554    -0.0977    13.8155 0.0000e+00  -60.61633  -54.34100 1153545154 203.217090    34.7045 0.0000e+00
    956.000     1.0682   3.016134     1.0685   3.016480    5.01564    -0.0939    13.8155 0.0000e+00  -60.61633  -54.34100 1153545155 203.217101    34.7046 0.0000e+00
    957.000     1.0688   3.016232     1.0688   3.016539    5.01722    -0.0792    13.8155 0.0000e+00  -60.61633  -54.34100 1153545157 203.217124    34.7046 0.0000e+00
    958.000     1.0694   3.016343     1.0691   3.016631    5.01921    -0.0849    13.8155 0.0000e+00  -60.61633  -54.34100 1153545160 203.217153    34.7048 0.0000e+00
    959.000     1.0642   3.015868     1.0645   3.016275    5.01927    -0.0993    13.8155 0.0000e+00  -60.61633  -54.34100 1153545161 203.217164    34.7040 0.0000e+00
    960.000     1.0642   3.015928     1.0632   3.016165    5.01885    -0.0854    13.8155 0.0000e+00  -60.61633  -54.34100 1153545162 203.217174    34.7043 0.0000e+00
    961.000     1.0639   3.015941     1.0640   3.016287    5.01728    -0.0918    13.8155 0.0000e+00  -60.61633  -54.34100 1153545162 203.217183    34.7042 0.0000e+00
    962.000     1.0629   3.015885     1.0619   3.016117    5.01592    -0.0882    13.8155 0.0000e+00  -60.61633  -54.34100 1153545163 203.217194    34.7040 0.0000e+00
    963.000     1.0626   3.015900     1.0619   3.016166    5.01910    -0.0886    13.8155 0.0000e+00  -60.61633  -54.34100 1153545166 203.217225    34.7041 0.0000e+00
