product_data/regression_test/downloaded_data/MGDS/320620060703/ctd/p6612001.cnv
* Sea-Bird SBE 9 Data File:
* FileName = D:\Data\Raw\p6612001.dat
* Software Version Seasave Win32 V 5.32
* Temperature SN = 1649
* Conductivity SN = 1431
* Number of Bytes Per Scan = 37
* Number of Voltage Words = 5
* Number of Scans Averaged by the Deck Unit = 1
* NMEA Latitude = 61 12.38 S
* NMEA Longitude = 054 28.58 W
* NMEA UTC (Time) = 23:59:24
** Ship:   Nathaniel B. Palmer 
** Cruise:    NBP0606 
# nquan = 15
# nvalues = 758                         
# units = specified
# name 0 = prDM: Pressure, Digiquartz [db]
# name 1 = t090C: Temperature [ITS-90, deg C]
# name 2 = c0S/m: Conductivity [S/m]
# name 3 = t190C: Temperature, 2 [ITS-90, deg C]
# name 4 = c1S/m: Conductivity, 2 [S/m]
# name 5 = sbeox0ML/L: Oxygen, SBE 43 [ml/l]
# name 6 = flECO-AFL: Fluorescence, Wetlab ECO-AFL/FL [mg/m^3]
# name 7 = bat: Beam Attenuation, Chelsea/Seatech/Wetlab CStar [1/m]
# name 8 = spar: SPAR/Surface Irradiance
# name 9 = latitude: Latitude [deg]
# name 10 = longitude: Longitude [deg]
# name 11 = timeY: Time, System [seconds]
# name 12 = timeJ: Julian Days
# name 13 = sal00: Salinity [PSU]
# name 14 = flag: flag
# span 0 =      4.000,    761.000       
# span 1 =    -0.7447,    -0.1953       
# span 2 =   2.783473,   2.868330       
# span 3 =    -0.7445,    -0.1951       
# span 4 =   2.783916,   2.868729       
# span 5 =    6.27264,    7.53316       
# span 6 =    -0.1292,     0.0810       
# span 7 =    13.8155,    13.8155       
# span 8 = 0.0000e+00, 0.0000e+00       
# span 9 =  -61.20633,  -61.20633       
# span 10 =  -54.47633,  -54.47633      
# span 11 = 1152921573, 1152922689      
# span 12 = 195.999697, 196.012628      
# span 13 =    34.2062,    34.5211      
# span 14 = 0.0000e+00, 0.0000e+00      
# interval = decibars: 1                
# start_time = Jul 14 2006 23:59:32
# bad_flag = -9.990e-29
*END*
[from data line 386]
    390.000    -0.2134   2.862513    -0.2132   2.862949    6.36242    -0.0986    13.8155 0.0000e+00  -61.20633  -54.47633 1152922169 196.006608    34.4576 0.0000e+00
    391.000    -0.2133   2.862506    -0.2133   2.862964    6.36262    -0.1038    13.8155 0.0000e+00  -61.20633  -54.47633 1152922170 196.006620    34.4569 0.0000e+00
    392.000    -0.2134   2.862592    -0.2134   2.863004    6.36222    -0.1003    13.8155 0.0000e+00  -61.20633  -54.47633 1152922171 196.006634    34.4574 0.0000e+00
    393.000    -0.2140   2.862653    -0.2138   2.863080    6.36135    -0.1030    13.8155 0.0000e+00  -61.20633  -54.47633 1152922173 196.006659    34.4583 0.0000e+00
    394.000    -0.2130   2.862789    -0.2127   2.863210    6.36220    -0.0949    13.8155 0.0000e+00  -61.20633  -54.47633 1152922175 196.006673    34.4583 0.0000e+00
    395.000    -0.2125   2.862850    -0.2126   2.863271    6.36103    -0.1067    13.8155 0.0000e+00  -61.20633  -54.47633 1152922175 196.006682    34.4580 0.0000e+00
    396.000    -0.2131   2.862896    -0.2131   2.863316    6.35878    -0.0935    13.8155 0.0000e+00  -61.20633  -54.47633 1152922176 196.006690    34.4587 0.0000e+00
    397.000    -0.2130   2.862943    -0.2133   2.863362    6.35735    -0.0929    13.8155 0.0000e+00  -61.20633  -54.47633 1152922177 196.006697    34.4587 0.0000e+00
    398.000    -0.2131   2.862984    -0.2132   2.863404    6.35826    -0.1061    13.8155 0.0000e+00  -61.20633  -54.47633 1152922177 196.006707    34.4587 0.0000e+00
    399.000    -0.2131   2.863033    -0.2130   2.863447    6.36080    -0.0946    13.8155 0.0000e+00  -61.20633  -54.47633 1152922181 196.006745    34.4588 0.0000e+00
    400.000    -0.2130   2.863108    -0.2129   2.863530    6.35787    -0.1178    13.8155 0.0000e+00  -61.20633  -54.47633 1152922182 196.006758    34.4590 0.0000e+00
    401.000    -0.2130   2.863169    -0.2131   2.863582    6.35606    -0.1099    13.8155 0.0000e+00  -61.20633  -54.47633 1152922183 196.006768    34.4592 0.0000e+00
    402.000    -0.2132   2.863179    -0.2131   2.863591    6.35447    -0.1164    13.8155 0.0000e+00  -61.20633  -54.47633 1152922184 196.006779    34.4590 0.0000e+00
    403.000    -0.2144   2.863146    -0.2145   2.863559    6.35517    -0.0994    13.8155 0.0000e+00  -61.20633  -54.47633 1152922186 196.006801    34.4594 0.0000e+00
    404.000    -0.2144   2.863198    -0.2145   2.863614    6.35692    -0.1022    13.8155 0.0000e+00  -61.20633  -54.47633 1152922187 196.006822    34.4594 0.0000e+00
    405.000    -0.2139   2.863269    -0.2141   2.863681    6.35875    -0.1047    13.8155 0.0000e+00  -61.20633  -54.47633 1152922188 196.006833    34.4591 0.0000e+00
    406.000    -0.2157   2.863290    -0.2156   2.863724    6.35851    -0.1045    13.8155 0.0000e+00  -61.20633  -54.47633 1152922189 196.006842    34.4609 0.0000e+00
    407.000    -0.2155   2.863349    -0.2154   2.863785    6.35738    -0.0991    13.8155 0.0000e+00  -61.20633  -54.47633 1152922190 196.006851    34.4609 0.0000e+00
    408.000    -0.2155   2.863391    -0.2156   2.863803    6.35764    -0.0990    13.8155 0.0000e+00  -61.20633  -54.47633 1152922191 196.006861    34.4609 0.0000e+00
    409.000    -0.2156   2.863436    -0.2156   2.863850    6.35757    -0.0974    13.8155 0.0000e+00  -61.20633  -54.47633 1152922192 196.006873    34.4609 0.0000e+00
    410.000    -0.2154   2.863484    -0.2156   2.863899    6.35538    -0.1082    13.8155 0.0000e+00  -61.20633  -54.47633 1152922193 196.006891    34.4608 0.0000e+00
    411.000    -0.2158   2.863513    -0.2161   2.863914    6.35456    -0.1099    13.8155 0.0000e+00  -61.20633  -54.47633 1152922196 196.006922    34.4610 0.0000e+00
    412.000    -0.2188   2.863370    -0.2188   2.863795    6.35650    -0.0985    13.8155 0.0000e+00  -61.20633  -54.47633 1152922198 196.006945    34.4620 0.0000e+00
    413.000    -0.2196   2.863359    -0.2196   2.863791    6.35843    -0.1077    13.8155 0.0000e+00  -61.20633  -54.47633 1152922199 196.006957    34.4620 0.0000e+00
    414.000    -0.2208   2.863325    -0.2208   2.863753    6.35775    -0.0981    13.8155 0.0000e+00  -61.20633  -54.47633 1152922200 196.006966    34.4625 0.0000e+00
    415.000    -0.2206   2.863375    -0.2208   2.863792    6.35627    -0.1017    13.8155 0.0000e+00  -61.20633  -54.47633 1152922201 196.006974    34.4623 0.0000e+00
    416.000    -0.2214   2.863382    -0.2217   2.863792    6.35561    -0.1136    13.8155 0.0000e+00  -61.20633  -54.47633 1152922201 196.006982    34.4627 0.0000e+00
    417.000    -0.2215   2.863434    -0.2214   2.863857    6.35413    -0.1160    13.8155 0.0000e+00  -61.20633  -54.47633 1152922202 196.006991    34.4628 0.0000e+00
    418.000    -0.2220   2.863432    -0.2221   2.863844    6.35361    -0.1069    13.8155 0.0000e+00  -61.20633  -54.47633 1152922203 196.007003    34.4628 0.0000e+00
    419.000    -0.2224   2.863451    -0.2223   2.863874    6.35234    -0.1008    13.8155 0.0000e+00  -61.20633  -54.47633 1152922206 196.007034    34.4629 0.0000e+00
    420.000    -0.2228   2.863470    -0.2239   2.863803    6.35210    -0.0916    13.8155 0.0000e+00  -61.20633  -54.47633 1152922208 196.007057    34.4629 0.0000e+00
    421.000    -0.2245   2.863379    -0.2257   2.863701    6.35150    -0.0954    13.8155 0.0000e+00  -61.20633  -54.47633 1152922209 196.007070    34.4631 0.0000e+00
    422.000    -0.2285   2.863081    -0.2281   2.863533    6.35018    -0.0978    13.8155 0.0000e+00  -61.20633  -54.47633 1152922210 196.007083    34.4631 0.0000e+00
    423.000    -0.2288   2.863100    -0.2287   2.863537    6.35204    -0.1068    13.8155 0.0000e+00  -61.20633  -54.47633 1152922211 196.007100    34.4632 0.0000e+00
    424.000    -0.2287   2.863183    -0.2284   2.863615    6.35410    -0.1174    13.8155 0.0000e+00  -61.20633  -54.47633 1152922213 196.007114    34.4635 0.0000e+00
    425.000    -0.2282   2.863275    -0.2281   2.863689    6.35459    -0.0960    13.8155 0.0000e+00  -61.20633  -54.47633 1152922214 196.007124    34.4635 0.0000e+00
    426.000    -0.2277   2.863372    -0.2276   2.863790    6.35220    -0.0855    13.8155 0.0000e+00  -61.20633  -54.47633 1152922214 196.007133    34.4636 0.0000e+00
    427.000    -0.2257   2.863554    -0.2251   2.864029    6.35082    -0.1152    13.8155 0.0000e+00  -61.20633  -54.47633 1152922215 196.007141    34.4631 0.0000e+00
    428.000    -0.2256   2.863632    -0.2251   2.864063    6.35065    -0.1046    13.8155 0.0000e+00  -61.20633  -54.47633 1152922216 196.007149    34.4630 0.0000e+00
    429.000    -0.2255   2.863675    -0.2261   2.864053    6.35306    -0.0999    13.8155 0.0000e+00  -61.20633  -54.47633 1152922219 196.007186    34.4633 0.0000e+00
    430.000    -0.2257   2.863712    -0.2264   2.864076    6.35582    -0.1154    13.8155 0.0000e+00  -61.20633  -54.47633 1152922221 196.007212    34.4634 0.0000e+00
    431.000    -0.2272   2.863656    -0.2274   2.864082    6.35414    -0.1079    13.8155 0.0000e+00  -61.20633  -54.47633 1152922222 196.007220    34.4638 0.0000e+00
    432.000    -0.2270   2.863741    -0.2270   2.864168    6.35177    -0.0985    13.8155 0.0000e+00  -61.20633  -54.47633 1152922223 196.007229    34.4641 0.0000e+00
    433.000    -0.2263   2.863869    -0.2264   2.864279    6.34960    -0.0959    13.8155 0.0000e+00  -61.20633  -54.47633 1152922223 196.007238    34.4644 0.0000e+00
    434.000    -0.2251   2.864044    -0.2252   2.864468    6.34859    -0.0905    13.8155 0.0000e+00  -61.20633  -54.47633 1152922224 196.007249    34.4647 0.0000e+00
    435.000    -0.2250   2.864212    -0.2249   2.864622    6.34675    -0.1070    13.8155 0.0000e+00  -61.20633  -54.47633 1152922226 196.007267    34.4663 0.0000e+00
    436.000    -0.2245   2.864323    -0.2244   2.864755    6.34468    -0.1080    13.8155 0.0000e+00  -61.20633  -54.47633 1152922228 196.007286    34.4666 0.0000e+00
    437.000    -0.2244   2.864409    -0.2243   2.864845    6.34439    -0.1077    13.8155 0.0000e+00  -61.20633  -54.47633 1152922229 196.007299    34.4670 0.0000e+00
    438.000    -0.2246   2.864390    -0.2244   2.864809    6.34322    -0.1153    13.8155 0.0000e+00  -61.20633  -54.47633 1152922230 196.007311    34.4664 0.0000e+00
    439.000    -0.2231   2.864720    -0.2229   2.865152    6.33757    -0.1000    13.8155 0.0000e+00  -61.20633  -54.47633 1152922231 196.007332    34.4684 0.0000e+00
    440.000    -0.2203   2.865319    -0.2203   2.865719    6.32970    -0.1039    13.8155 0.0000e+00  -61.20633  -54.47633 1152922233 196.007354    34.4727 0.0000e+00
    441.000    -0.2186   2.865642    -0.2184   2.866098    6.32605    -0.0935    13.8155 0.0000e+00  -61.20633  -54.47633 1152922234 196.007365    34.4743 0.0000e+00
    442.000    -0.2179   2.865838    -0.2180   2.866224    6.32083    -0.1100    13.8155 0.0000e+00  -61.20633  -54.47633 1152922235 196.007374    34.4756 0.0000e+00
    443.000    -0.2146   2.866340    -0.2146   2.866740    6.31772    -0.0990    13.8155 0.0000e+00  -61.20633  -54.47633 1152922236 196.007382    34.4778 0.0000e+00
    444.000    -0.2131   2.866627    -0.2131   2.867029    6.31394    -0.0931    13.8155 0.0000e+00  -61.20633  -54.47633 1152922237 196.007392    34.4794 0.0000e+00
    445.000    -0.2146   2.866443    -0.2146   2.866860    6.30911    -0.0971    13.8155 0.0000e+00  -61.20633  -54.47633 1152922240 196.007430    34.4781 0.0000e+00
    446.000    -0.2141   2.866661    -0.2136   2.867183    6.30631    -0.0885    13.8155 0.0000e+00  -61.20633  -54.47633 1152922242 196.007453    34.4799 0.0000e+00
    447.000    -0.2118   2.867044    -0.2119   2.867444    6.30556    -0.1003    13.8155 0.0000e+00  -61.20633  -54.47633 1152922243 196.007462    34.4818 0.0000e+00
    448.000    -0.2113   2.867141    -0.2112   2.867561    6.30189    -0.1029    13.8155 0.0000e+00  -61.20633  -54.47633 1152922244 196.007471    34.4818 0.0000e+00
    449.000    -0.2117   2.867153    -0.2116   2.867581    6.29924    -0.1129    13.8155 0.0000e+00  -61.20633  -54.47633 1152922244 196.007479    34.4818 0.0000e+00
    450.000    -0.2122   2.867176    -0.2122   2.867592    6.29642    -0.1045    13.8155 0.0000e+00  -61.20633  -54.47633 1152922245 196.007486    34.4822 0.0000e+00
    451.000    -0.2132   2.867152    -0.2135   2.867560    6.29411    -0.1038    13.8155 0.0000e+00  -61.20633  -54.47633 1152922246 196.007495    34.4825 0.0000e+00
    452.000    -0.2138   2.867161    -0.2138   2.867578    6.29200    -0.1028    13.8155 0.0000e+00  -61.20633  -54.47633 1152922247 196.007514    34.4827 0.0000e+00
    453.000    -0.2127   2.867269    -0.2125   2.867681    6.29285    -0.1035    13.8155 0.0000e+00  -61.20633  -54.47633 1152922250 196.007551    34.4822 0.0000e+00
    454.000    -0.2145   2.867224    -0.2152   2.867592    6.28916    -0.1029    13.8155 0.0000e+00  -61.20633  -54.47633 1152922252 196.007567    34.4831 0.0000e+00
    455.000    -0.2166   2.867216    -0.2165   2.867630    6.29070    -0.1012    13.8155 0.0000e+00  -61.20633  -54.47633 1152922253 196.007582    34.4849 0.0000e+00
    456.000    -0.2164   2.867313    -0.2163   2.867727    6.29166    -0.1021    13.8155 0.0000e+00  -61.20633  -54.47633 1152922254 196.007594    34.4853 0.0000e+00
    457.000    -0.2164   2.867364    -0.2163   2.867787    6.29495    -0.0904    13.8155 0.0000e+00  -61.20633  -54.47633 1152922255 196.007605    34.4854 0.0000e+00
    458.000    -0.2166   2.867382    -0.2164   2.867800    6.29314    -0.0985    13.8155 0.0000e+00  -61.20633  -54.47633 1152922256 196.007614    34.4853 0.0000e+00
    459.000    -0.2167   2.867452    -0.2166   2.867866    6.29259    -0.1014    13.8155 0.0000e+00  -61.20633  -54.47633 1152922257 196.007623    34.4858 0.0000e+00
    460.000    -0.2175   2.867496    -0.2175   2.867923    6.29001    -0.0990    13.8155 0.0000e+00  -61.20633  -54.47633 1152922257 196.007632    34.4867 0.0000e+00
    461.000    -0.2176   2.867555    -0.2176   2.867977    6.28885    -0.0980    13.8155 0.0000e+00  -61.20633  -54.47633 1152922259 196.007656    34.4869 0.0000e+00
    462.000    -0.2173   2.867603    -0.2172   2.868029    6.28883    -0.1120    13.8155 0.0000e+00  -61.20633  -54.47633 1152922262 196.007685    34.4866 0.0000e+00
    463.000    -0.2181   2.867673    -0.2181   2.868091    6.28585    -0.1089    13.8155 0.0000e+00  -61.20633  -54.47633 1152922263 196.007698    34.4879 0.0000e+00
    464.000    -0.2230   2.867384    -0.2231   2.867820    6.28303    -0.1159    13.8155 0.0000e+00  -61.20633  -54.47633 1152922264 196.007709    34.4890 0.0000e+00
    465.000    -0.2249   2.867320    -0.2243   2.867773    6.28144    -0.0949    13.8155 0.0000e+00  -61.20633  -54.47633 1152922265 196.007720    34.4899 0.0000e+00
    466.000    -0.2260   2.867268    -0.2263   2.867685    6.28030    -0.0983    13.8155 0.0000e+00  -61.20633  -54.47633 1152922266 196.007731    34.4898 0.0000e+00
    467.000    -0.2277   2.867208    -0.2275   2.867639    6.27937    -0.1075    13.8155 0.0000e+00  -61.20633  -54.47633 1152922267 196.007742    34.4903 0.0000e+00
    468.000    -0.2275   2.867255    -0.2279   2.867649    6.28024    -0.1172    13.8155 0.0000e+00  -61.20633  -54.47633 1152922268 196.007757    34.4901 0.0000e+00
    469.000    -0.2266   2.867378    -0.2270   2.867763    6.28357    -0.0994    13.8155 0.0000e+00  -61.20633  -54.47633 1152922271 196.007795    34.4899 0.0000e+00
    470.000    -0.2272   2.867378    -0.2274   2.867791    6.28469    -0.1079    13.8155 0.0000e+00  -61.20633  -54.47633 1152922273 196.007813    34.4901 0.0000e+00
    471.000    -0.2292   2.867273    -0.2296   2.867666    6.28542    -0.0982    13.8155 0.0000e+00  -61.20633  -54.47633 1152922274 196.007823    34.4904 0.0000e+00
    472.000    -0.2288   2.867364    -0.2290   2.867768    6.28394    -0.1056    13.8155 0.0000e+00  -61.20633  -54.47633 1152922275 196.007831    34.4905 0.0000e+00
    473.000    -0.2291   2.867368    -0.2290   2.867818    6.28365    -0.1191    13.8155 0.0000e+00  -61.20633  -54.47633 1152922275 196.007838    34.4902 0.0000e+00
    474.000    -0.2292   2.867400    -0.2298   2.867792    6.28368    -0.0971    13.8155 0.0000e+00  -61.20633  -54.47633 1152922276 196.007845    34.4902 0.0000e+00
    475.000    -0.2307   2.867325    -0.2308   2.867756    6.28401    -0.0992    13.8155 0.0000e+00  -61.20633  -54.47633 1152922277 196.007853    34.4904 0.0000e+00
    476.000    -0.2331   2.867202    -0.2323   2.867682    6.28482    -0.0941    13.8155 0.0000e+00  -61.20633  -54.47633 1152922278 196.007867    34.4909 0.0000e+00
    477.000    -0.2293   2.867554    -0.2305   2.867875    6.28309    -0.1037    13.8155 0.0000e+00  -61.20633  -54.47633 1152922281 196.007908    34.4905 0.0000e+00
    478.000    -0.2329   2.867315    -0.2338   2.867662    6.28247    -0.1105    13.8155 0.0000e+00  -61.20633  -54.47633 1152922283 196.007923    34.4908 0.0000e+00
    479.000    -0.2347   2.867212    -0.2349   2.867626    6.27906    -0.1052    13.8155 0.0000e+00  -61.20633  -54.47633 1152922284 196.007936    34.4910 0.0000e+00
    480.000    -0.2345   2.867282    -0.2342   2.867720    6.27933    -0.1140    13.8155 0.0000e+00  -61.20633  -54.47633 1152922285 196.007951    34.4911 0.0000e+00
    481.000    -0.2321   2.867522    -0.2321   2.867939    6.28223    -0.0990    13.8155 0.0000e+00  -61.20633  -54.47633 1152922286 196.007966    34.4909 0.0000e+00
    482.000    -0.2308   2.867672    -0.2310   2.868072    6.28268    -0.1197    13.8155 0.0000e+00  -61.20633  -54.47633 1152922287 196.007977    34.4907 0.0000e+00
    483.000    -0.2307   2.867720    -0.2307   2.868149    6.28205    -0.1062    13.8155 0.0000e+00  -61.20633  -54.47633 1152922288 196.007986    34.4907 0.0000e+00
    484.000    -0.2307   2.867758    -0.2307   2.868202    6.27974    -0.1096    13.8155 0.0000e+00  -61.20633  -54.47633 1152922289 196.007995    34.4906 0.0000e+00
