product_data/regression_test/downloaded_data/MGDS/320620060703/ctd/p6619201.ros
* Sea-Bird SBE 9 Data File:
* FileName = D:\Data\Raw\p6619201.dat
* Software Version Seasave Win32 V 5.32
* Temperature SN = 1649
* Conductivity SN = 1431
* Number of Bytes Per Scan = 37
* Number of Voltage Words = 5
* Number of Scans Averaged by the Deck Unit = 1
* NMEA Latitude = 60 47.98 S
* NMEA Longitude = 055 11.67 W
* NMEA UTC (Time) = 17:57:21
** Ship:   Nathaniel B. Palmer 
** Cruise:    NBP0606 
# nquan = 17
# nvalues = 1176                    
# units = specified
# name 0 = prDM: Pressure, Digiquartz [db]
# name 1 = t090C: Temperature [ITS-90, deg C]
# name 2 = c0S/m: Conductivity [S/m]
# name 3 = t190C: Temperature, 2 [ITS-90, deg C]
# name 4 = c1S/m: Conductivity, 2 [S/m]
# name 5 = sbeox0ML/L: Oxygen, SBE 43 [ml/l]
# name 6 = flECO-AFL: Fluorescence, Wetlab ECO-AFL/FL [mg/m^3]
# name 7 = bat: Beam Attenuation, Chelsea/Seatech/Wetlab CStar [1/m]
# name 8 = spar: SPAR/Surface Irradiance
# name 9 = latitude: Latitude [deg]
# name 10 = longitude: Longitude [deg]
# name 11 = timeY: Time, System [seconds]
# name 12 = timeJ: Julian Days
# name 13 = sal00: Salinity [PSU]
# name 14 = scan: scan number
# name 15 = nbf: number of bottles fired
# name 16 = flag:  0.000e+00
# interval = seconds: 0.0416667                   
# start_time = Jul 23 2006 17:57:29
*END*
[from data line 766]
     75.232    -1.0302   2.769040    -1.0302   2.769364    7.30794    -0.0534    13.8155 1.9481e+01  -60.79967  -55.19450 1153680370 204.782079    34.3174      70144         16  0.000e+00
     75.317    -1.0302   2.769043    -1.0302   2.769335    7.31276    -0.0534    13.8155 1.9481e+01  -60.79967  -55.19450 1153680370 204.782079    34.3174      70145         16  0.000e+00
     75.298    -1.0305   2.769027    -1.0305   2.769364    7.31280    -0.0426    13.8155 1.9481e+01  -60.79967  -55.19450 1153680370 204.782080    34.3175      70146         16  0.000e+00
     75.317    -1.0304   2.769040    -1.0297   2.769381    7.31278    -0.0642    13.8155 1.9481e+01  -60.79967  -55.19450 1153680370 204.782080    34.3175      70147         16  0.000e+00
     75.298    -1.0305   2.769040    -1.0307   2.769381    7.30806    -0.0642    13.8155 1.9481e+01  -60.79967  -55.19450 1153680370 204.782081    34.3177      70148         16  0.000e+00
     75.394    -1.0302   2.769027    -1.0305   2.769358    7.30812    -0.0426    13.8155 1.9481e+01  -60.79967  -55.19450 1153680370 204.782081    34.3171      70149         16  0.000e+00
     75.298    -1.0307   2.769040    -1.0302   2.769375    7.30808    -0.0104    13.8155 1.9481e+01  -60.79967  -55.19450 1153680370 204.782082    34.3179      70150         16  0.000e+00
     75.394    -1.0307   2.769047    -1.0308   2.769358    7.30817    -0.0211    13.8155 1.9481e+01  -60.79967  -55.19450 1153680370 204.782082    34.3179      70151         16  0.000e+00
     75.375    -1.0304   2.769027    -1.0298   2.769387    7.30812    -0.0104    13.8155 1.9481e+01  -60.79967  -55.19450 1153680370 204.782083    34.3173      70152         16  0.000e+00
     75.318    -1.0305   2.769070    -1.0305   2.769352    7.30806    -0.0104    13.8155 1.9481e+01  -60.79967  -55.19450 1153680370 204.782083    34.3181      70153         16  0.000e+00
     75.442    -1.0304   2.769056    -1.0299   2.769369    7.31290    -0.0319    13.8155 1.9481e+01  -60.79967  -55.19450 1153680370 204.782084    34.3177      70154         16  0.000e+00
     75.394    -1.0302   2.769047    -1.0303   2.769358    7.31284    -0.0642    13.8155 1.9481e+01  -60.79967  -55.19450 1153680370 204.782084    34.3174      70155         16  0.000e+00
     75.375    -1.0306   2.769047    -1.0299   2.769369    7.31288    -0.0749    13.8155 1.9481e+01  -60.79967  -55.19450 1153680370 204.782085    34.3179      70156         16  0.000e+00
     75.394    -1.0305   2.769027    -1.0303   2.769381    7.30816    -0.0319    13.8155 1.9481e+01  -60.79967  -55.19450 1153680370 204.782085    34.3175      70157         16  0.000e+00
     75.375    -1.0307   2.769040    -1.0299   2.769358    7.31289    -0.0319    13.8155 1.9481e+01  -60.79967  -55.19450 1153680370 204.782086    34.3178      70158         16  0.000e+00
     75.461    -1.0305   2.769063    -1.0303   2.769369    7.30821    -0.0749    13.8155 1.7533e+01  -60.79967  -55.19450 1153680370 204.782086    34.3179      70159         16  0.000e+00
     75.442    -1.0310   2.769050    -1.0302   2.769381    7.31300    -0.0749    13.8155 1.7533e+01  -60.79967  -55.19450 1153680370 204.782087    34.3183      70160         16  0.000e+00
     75.461    -1.0302   2.769040    -1.0303   2.769381    7.31291    -0.0642    13.8155 1.7533e+01  -60.79967  -55.19450 1153680370 204.782087    34.3173      70161         16  0.000e+00
     75.378    -1.0304   2.768991    -1.0305   2.769352    7.31761    -0.0426    13.8155 1.9481e+01  -60.79967  -55.19450 1153680378 204.782177    34.3168      70348         17  0.000e+00
     75.531    -1.0305   2.769010    -1.0307   2.769369    7.31778    -0.0211    13.8155 1.9481e+01  -60.79967  -55.19450 1153680378 204.782178    34.3172      70349         17  0.000e+00
     75.378    -1.0307   2.769020    -1.0308   2.769364    7.31764    -0.0426    13.8155 1.9481e+01  -60.79967  -55.19450 1153680378 204.782178    34.3176      70350         17  0.000e+00
     75.464    -1.0307   2.768971    -1.0312   2.769335    7.31776    -0.0534    13.8155 1.9481e+01  -60.79967  -55.19450 1153680378 204.782179    34.3168      70351         17  0.000e+00
     75.397    -1.0310   2.769007    -1.0302   2.769329    7.31771    -0.0749    13.8155 1.9481e+01  -60.79967  -55.19450 1153680378 204.782179    34.3177      70352         17  0.000e+00
     75.588    -1.0307   2.769024    -1.0304   2.769346    7.31785    -0.0426    13.8155 1.9481e+01  -60.79967  -55.19450 1153680378 204.782180    34.3175      70353         17  0.000e+00
     75.531    -1.0307   2.768984    -1.0306   2.769375    7.31782     0.0004    13.8155 1.9481e+01  -60.79967  -55.19450 1153680378 204.782180    34.3170      70354         17  0.000e+00
     75.378    -1.0306   2.768961    -1.0308   2.769358    7.31768    -0.0319    13.8155 1.9481e+01  -60.79967  -55.19450 1153680379 204.782181    34.3167      70355         17  0.000e+00
     75.531    -1.0310   2.769007    -1.0306   2.769352    7.31785     0.0112    13.8155 1.9481e+01  -60.79967  -55.19450 1153680379 204.782181    34.3177      70356         17  0.000e+00
     75.445    -1.0305   2.769004    -1.0308   2.769335    7.31770    -0.0104    13.8155 1.9481e+01  -60.79967  -55.19450 1153680379 204.782182    34.3171      70357         17  0.000e+00
     75.464    -1.0305   2.768997    -1.0305   2.769329    7.31772     0.0004    13.8155 1.9481e+01  -60.79967  -55.19450 1153680379 204.782182    34.3170      70358         17  0.000e+00
     75.445    -1.0308   2.769017    -1.0302   2.769346    7.31773     0.0004    13.8155 1.9481e+01  -60.79967  -55.19450 1153680379 204.782183    34.3176      70359         17  0.000e+00
     75.464    -1.0307   2.769024    -1.0305   2.769352    7.31772     0.0004    13.8155 1.9481e+01  -60.79967  -55.19450 1153680379 204.782183    34.3176      70360         17  0.000e+00
     75.512    -1.0305   2.769004    -1.0304   2.769352    7.31777    -0.0319    13.8155 1.9481e+01  -60.79967  -55.19450 1153680379 204.782184    34.3171      70361         17  0.000e+00
     75.397    -1.0307   2.769014    -1.0305   2.769335    7.31766    -0.0534    13.8155 1.9481e+01  -60.79967  -55.19450 1153680379 204.782184    34.3175      70362         17  0.000e+00
     75.445    -1.0310   2.769004    -1.0305   2.769329    7.31777    -0.0426    13.8155 1.9481e+01  -60.79967  -55.19450 1153680379 204.782185    34.3177      70363         17  0.000e+00
     75.464    -1.0304   2.769017    -1.0309   2.769346    7.31768    -0.0211    13.8155 1.9481e+01  -60.79967  -55.19450 1153680379 204.782185    34.3171      70364         17  0.000e+00
     75.445    -1.0302   2.769004    -1.0304   2.769335    7.31765    -0.0426    13.8155 1.9481e+01  -60.79967  -55.19450 1153680379 204.782186    34.3168      70365         17  0.000e+00
     75.464    -1.0302   2.769017    -1.0306   2.769369    7.31293    -0.0319    13.8155 1.9481e+01  -60.79967  -55.19450 1153680379 204.782186    34.3169      70366         17  0.000e+00
     75.445    -1.0304   2.769004    -1.0299   2.769381    7.31294    -0.0104    13.8155 1.9481e+01  -60.79967  -55.19450 1153680379 204.782187    34.3169      70367         17  0.000e+00
     75.397    -1.0302   2.768997    -1.0305   2.769358    7.31287    -0.0104    13.8155 1.9481e+01  -60.79967  -55.19450 1153680379 204.782187    34.3167      70368         17  0.000e+00
     75.445    -1.0308   2.769001    -1.0304   2.769375    7.31774    -0.0104    13.8155 1.9481e+01  -60.79967  -55.19450 1153680379 204.782187    34.3174      70369         17  0.000e+00
     75.397    -1.0307   2.769001    -1.0306   2.769340    7.31767    -0.0104    13.8155 1.9481e+01  -60.79967  -55.19450 1153680379 204.782188    34.3173      70370         17  0.000e+00
     75.378    -1.0305   2.768997    -1.0298   2.769346    7.31763    -0.0534    13.8155 1.9481e+01  -60.79967  -55.19450 1153680379 204.782188    34.3171      70371         17  0.000e+00
     75.397    -1.0304   2.769017    -1.0302   2.769352    7.31761    -0.0642    13.8155 1.9481e+01  -60.79967  -55.19450 1153680379 204.782189    34.3171      70372         17  0.000e+00
     75.397    -1.0302   2.769004    -1.0302   2.769352    7.31760    -0.0319    13.8155 1.9481e+01  -60.79967  -55.19450 1153680379 204.782189    34.3168      70373         17  0.000e+00
     75.378    -1.0302   2.769001    -1.0305   2.769352    7.31285    -0.0857    13.8155 1.9481e+01  -60.79967  -55.19450 1153680379 204.782190    34.3168      70374         17  0.000e+00
     75.397    -1.0299   2.768997    -1.0302   2.769335    7.31283    -0.0426    13.8155 1.9481e+01  -60.79967  -55.19450 1153680379 204.782190    34.3163      70375         17  0.000e+00
     75.378    -1.0302   2.768997    -1.0304   2.769346    7.31285     0.0004    13.8155 1.9481e+01  -60.79967  -55.19450 1153680379 204.782191    34.3167      70376         17  0.000e+00
     75.321    -1.0302   2.769000    -1.0299   2.769352    7.31279    -0.0211    13.8155 1.9481e+01  -60.79967  -55.19450 1153680379 204.782191    34.3168      70377         17  0.000e+00
     75.378    -1.0302   2.769033    -1.0302   2.769375    7.31283    -0.0426    13.8155 1.9481e+01  -60.79967  -55.19450 1153680379 204.782192    34.3172      70378         17  0.000e+00
     75.321    -1.0302   2.769027    -1.0303   2.769340    7.31751    -0.0319    13.8155 1.9481e+01  -60.79967  -55.19450 1153680379 204.782192    34.3172      70379         17  0.000e+00
     75.302    -1.0300   2.769020    -1.0298   2.769364    7.31273     0.0112    13.8155 1.9481e+01  -60.79967  -55.19450 1153680380 204.782193    34.3169      70380         17  0.000e+00
     75.321    -1.0305   2.768991    -1.0300   2.769346    7.31285     0.0219    13.8155 1.9481e+01  -60.79967  -55.19450 1153680380 204.782193    34.3170      70381         17  0.000e+00
     75.302    -1.0300   2.769010    -1.0305   2.769369    7.31274     0.0327    13.8155 1.9481e+01  -60.79967  -55.19450 1153680380 204.782194    34.3167      70382         17  0.000e+00
     75.321    -1.0305   2.769033    -1.0305   2.769340    7.31282    -0.0319    13.8155 1.9481e+01  -60.79967  -55.19450 1153680380 204.782194    34.3176      70383         17  0.000e+00
     75.235    -1.0299   2.769060    -1.0304   2.769346    7.31262    -0.0534    13.8155 1.9481e+01  -60.79967  -55.19450 1153680380 204.782195    34.3173      70384         17  0.000e+00
     75.321    -1.0304   2.769033    -1.0305   2.769352    7.31753    -0.0857    13.8155 1.9481e+01  -60.79967  -55.19450 1153680380 204.782195    34.3174      70385         17  0.000e+00
     75.235    -1.0302   2.769024    -1.0296   2.769352    7.31742    -0.0534    13.8155 1.9481e+01  -60.79967  -55.19450 1153680380 204.782196    34.3172      70386         17  0.000e+00
     75.255    -1.0302   2.768984    -1.0296   2.769352    7.31274    -0.0211    13.8155 1.9481e+01  -60.79967  -55.19450 1153680380 204.782196    34.3166      70387         17  0.000e+00
     75.302    -1.0302   2.769010    -1.0298   2.769352    7.31750    -0.0104    13.8155 1.9481e+01  -60.79967  -55.19450 1153680380 204.782197    34.3169      70388         17  0.000e+00
     75.188    -1.0299   2.769024    -1.0297   2.769369    7.31259    -0.0104    13.8155 1.9481e+01  -60.79967  -55.19450 1153680380 204.782197    34.3168      70389         17  0.000e+00
     75.235    -1.0298   2.769004    -1.0302   2.769340    7.31737    -0.0104    13.8155 1.9481e+01  -60.79967  -55.19450 1153680380 204.782198    34.3164      70390         17  0.000e+00
     75.255    -1.0300   2.769030    -1.0303   2.769346    7.31268    -0.0211    13.8155 1.9481e+01  -60.79967  -55.19450 1153680380 204.782198    34.3170      70391         17  0.000e+00
     75.188    -1.0296   2.769060    -1.0304   2.769335    7.31252    -0.0104    13.8155 1.9481e+01  -60.79967  -55.19450 1153680380 204.782199    34.3170      70392         17  0.000e+00
     75.236    -1.0302   2.769050    -1.0302   2.769364    7.31741    -0.0211    13.8155 1.9481e+01  -60.79967  -55.19450 1153680380 204.782199    34.3175      70393         17  0.000e+00
     75.188    -1.0298   2.769010    -1.0298   2.769364    7.31258    -0.0211    13.8155 1.9481e+01  -60.79967  -55.19450 1153680380 204.782200    34.3165      70394         17  0.000e+00
     75.159    -1.0299   2.769047    -1.0299   2.769392    7.31255     0.0004    13.8155 1.9481e+01  -60.79967  -55.19450 1153680380 204.782200    34.3172      70395         17  0.000e+00
     75.188    -1.0299   2.769050    -1.0296   2.769364    7.31258    -0.0319    13.8155 1.9481e+01  -60.79967  -55.19450 1153680380 204.782201    34.3172      70396         17  0.000e+00
     50.169    -1.0321   2.767565    -1.0315   2.767897    7.32149     0.0219    13.8155 1.9481e+01  -60.79967  -55.19450 1153680437 204.782853    34.3151      71750         18  0.000e+00
     50.026    -1.0315   2.767582    -1.0319   2.767897    7.32124     0.0327    13.8155 1.9481e+01  -60.79967  -55.19450 1153680437 204.782854    34.3147      71751         18  0.000e+00
     50.102    -1.0319   2.767555    -1.0320   2.767897    7.32141     0.0327    13.8155 1.9481e+01  -60.79967  -55.19450 1153680437 204.782854    34.3149      71752         18  0.000e+00
     50.026    -1.0319   2.767562    -1.0322   2.767897    7.32132     0.0650    13.8155 1.9481e+01  -60.79967  -55.19450 1153680437 204.782855    34.3150      71753         18  0.000e+00
     50.169    -1.0324   2.767555    -1.0318   2.767897    7.32154     0.0650    13.8155 1.9481e+01  -60.79967  -55.19450 1153680437 204.782855    34.3153      71754         18  0.000e+00
     50.026    -1.0322   2.767575    -1.0321   2.767897    7.32136     0.0327    13.8155 1.9481e+01  -60.79967  -55.19450 1153680437 204.782856    34.3155      71755         18  0.000e+00
     50.102    -1.0322   2.767575    -1.0317   2.767897    7.32143     0.0112    13.8155 1.9481e+01  -60.79967  -55.19450 1153680437 204.782856    34.3155      71756         18  0.000e+00
     50.026    -1.0317   2.767555    -1.0315   2.767897    7.32130     0.0219    13.8155 1.9481e+01  -60.79967  -55.19450 1153680437 204.782857    34.3147      71757         18  0.000e+00
     50.102    -1.0321   2.767575    -1.0320   2.767915    7.32141     0.0542    13.8155 1.9481e+01  -60.79967  -55.19450 1153680437 204.782857    34.3153      71758         18  0.000e+00
     50.102    -1.0317   2.767542    -1.0319   2.767944    7.32139     0.0757    13.8155 1.9481e+01  -60.79967  -55.19450 1153680437 204.782858    34.3145      71759         18  0.000e+00
     50.026    -1.0317   2.767545    -1.0320   2.767909    7.32131     0.0757    13.8155 1.9481e+01  -60.79967  -55.19450 1153680437 204.782858    34.3146      71760         18  0.000e+00
     50.026    -1.0319   2.767575    -1.0319   2.767897    7.32131     0.0219    13.8155 1.9481e+01  -60.79967  -55.19450 1153680437 204.782859    34.3152      71761         18  0.000e+00
     50.102    -1.0321   2.767559    -1.0317   2.767874    7.32143     0.0219    13.8155 1.9481e+01  -60.79967  -55.19450 1153680437 204.782859    34.3151      71762         18  0.000e+00
     50.026    -1.0319   2.767565    -1.0321   2.767886    7.32132     0.0757    13.8155 1.9481e+01  -60.79967  -55.19450 1153680437 204.782860    34.3150      71763         18  0.000e+00
     50.102    -1.0319   2.767562    -1.0320   2.767915    7.32140     0.0865    13.8155 1.9481e+01  -60.79967  -55.19450 1153680437 204.782860    34.3149      71764         18  0.000e+00
     50.026    -1.0322   2.767585    -1.0316   2.767880    7.32135     0.0542    13.8155 1.9481e+01  -60.79967  -55.19450 1153680437 204.782861    34.3156      71765         18  0.000e+00
     50.026    -1.0316   2.767562    -1.0321   2.767886    7.32128     0.0650    13.8155 1.9481e+01  -60.79967  -55.19450 1153680437 204.782861    34.3146      71766         18  0.000e+00
     50.102    -1.0321   2.767575    -1.0318   2.767897    7.32141     0.0757    13.8155 1.9481e+01  -60.79967  -55.19450 1153680437 204.782862    34.3153      71767         18  0.000e+00
