product_data/regression_test/downloaded_data/MGDS/320620060703/ctd/p6619505.cnv
* Sea-Bird SBE 9 Data File:
* FileName = D:\Data\Raw\p6619505.dat
* Software Version Seasave Win32 V 5.32
* Temperature SN = 1649
* Conductivity SN = 1431
* Number of Bytes Per Scan = 37
* Number of Voltage Words = 5
* Number of Scans Averaged by the Deck Unit = 1
* NMEA Latitude = 60 45.25 S
* NMEA Longitude = 056 54.10 W
* NMEA UTC (Time) = 18:24:37
** Ship:   Nathaniel B. Palmer 
** Cruise:    NBP0606 
# nquan = 15
# nvalues = 1001                        
# units = specified
# name 0 = prDM: Pressure, Digiquartz [db]
# name 1 = t090C: Temperature [ITS-90, deg C]
# name 2 = c0S/m: Conductivity [S/m]
# name 3 = t190C: Temperature, 2 [ITS-90, deg C]
# name 4 = c1S/m: Conductivity, 2 [S/m]
# name 5 = sbeox0ML/L: Oxygen, SBE 43 [ml/l]
# name 6 = flECO-AFL: Fluorescence, Wetlab ECO-AFL/FL [mg/m^3]
# name 7 = bat: Beam Attenuation, Chelsea/Seatech/Wetlab CStar [1/m]
# name 8 = spar: SPAR/Surface Irradiance
# name 9 = latitude: Latitude [deg]
# name 10 = longitude: Longitude [deg]
# name 11 = timeY: Time, System [seconds]
# name 12 = timeJ: Julian Days
# name 13 = sal00: Salinity [PSU]
# name 14 = flag: flag
# span 0 =      2.000,   1002.000       
# span 1 =    -1.0137,     2.0792       
# span 2 =   2.738941,   3.081634       
# span 3 =    -1.0132,     2.0791       
# span 4 =   2.739338,   3.081967       
# span 5 =    4.37306,    8.14271       
# span 6 =    -0.1115,     0.4293       
# span 7 =    13.8155,    13.8155       
# span 8 = 4.7794e+01, 9.9853e+01       
# span 9 =  -60.75417,  -60.75417       
# span 10 =  -56.90167,  -56.90167      
# span 11 = 1153765488, 1153767078      
# span 12 = 205.767224, 205.785629      
# span 13 =    33.8624,    34.7211      
# span 14 = 0.0000e+00, 0.0000e+00      
# interval = decibars: 1                
# start_time = Jul 24 2006 18:24:45
# bad_flag = -9.990e-29
*END*
[from data line 772]
    774.000     1.9045   3.080714     1.9045   3.081034    4.56505    -0.0749    13.8155 4.9089e+01  -60.75417  -56.90167 1153766740 205.781725    34.7044 0.0000e+00
    775.000     1.9058   3.080863     1.9056   3.081163    4.56981    -0.0783    13.8155 4.9285e+01  -60.75417  -56.90167 1153766744 205.781774    34.7043 0.0000e+00
    776.000     1.9060   3.080929     1.9062   3.081279    4.57346    -0.0845    13.8155 4.9503e+01  -60.75417  -56.90167 1153766746 205.781798    34.7042 0.0000e+00
    777.000     1.9040   3.080837     1.9040   3.081173    4.57280    -0.1031    13.8155 4.9353e+01  -60.75417  -56.90167 1153766747 205.781805    34.7049 0.0000e+00
    778.000     1.9030   3.080814     1.9029   3.081148    4.57435    -0.0894    13.8155 5.0373e+01  -60.75417  -56.90167 1153766747 205.781812    34.7051 0.0000e+00
    779.000     1.9007   3.080715     1.9005   3.081048    4.57232    -0.0885    13.8155 5.0514e+01  -60.75417  -56.90167 1153766748 205.781819    34.7059 0.0000e+00
    780.000     1.8998   3.080672     1.8995   3.081005    4.57268    -0.0822    13.8155 4.9296e+01  -60.75417  -56.90167 1153766748 205.781826    34.7058 0.0000e+00
    781.000     1.9012   3.080825     1.9006   3.081109    4.57599    -0.0816    13.8155 5.0566e+01  -60.75417  -56.90167 1153766751 205.781856    34.7055 0.0000e+00
    782.000     1.9017   3.080914     1.9014   3.081203    4.57723    -0.0776    13.8155 -9.990e-29  -60.75417  -56.90167 1153766754 205.781890    34.7056 0.0000e+00
    783.000     1.8973   3.080674     1.8974   3.081008    4.58007    -0.0766    13.8155 -9.990e-29  -60.75417  -56.90167 1153766755 205.781904    34.7065 0.0000e+00
    784.000     1.8967   3.080659     1.8969   3.080994    4.58047    -0.0786    13.8155 -9.990e-29  -60.75417  -56.90167 1153766756 205.781915    34.7067 0.0000e+00
    785.000     1.8965   3.080686     1.8965   3.081019    4.58098    -0.0778    13.8155 -9.990e-29  -60.75417  -56.90167 1153766757 205.781926    34.7069 0.0000e+00
    786.000     1.8965   3.080732     1.8966   3.081064    4.58171    -0.0887    13.8155 -9.990e-29  -60.75417  -56.90167 1153766758 205.781940    34.7068 0.0000e+00
    787.000     1.8965   3.080785     1.8966   3.081113    4.58264    -0.0817    13.8155 -9.990e-29  -60.75417  -56.90167 1153766760 205.781959    34.7069 0.0000e+00
    788.000     1.8964   3.080836     1.8965   3.081162    4.58285    -0.0831    13.8155 -9.990e-29  -60.75417  -56.90167 1153766761 205.781974    34.7071 0.0000e+00
    789.000     1.8965   3.080889     1.8965   3.081218    4.58295    -0.0974    13.8155 -9.990e-29  -60.75417  -56.90167 1153766762 205.781986    34.7070 0.0000e+00
    790.000     1.8962   3.080928     1.8963   3.081256    4.58327    -0.0745    13.8155 -9.990e-29  -60.75417  -56.90167 1153766763 205.781997    34.7072 0.0000e+00
    791.000     1.8959   3.080966     1.8960   3.081291    4.58427    -0.0863    13.8155 -9.990e-29  -60.75417  -56.90167 1153766765 205.782017    34.7075 0.0000e+00
    792.000     1.8963   3.081029     1.8964   3.081355    4.58632    -0.0799    13.8155 -9.990e-29  -60.75417  -56.90167 1153766768 205.782050    34.7074 0.0000e+00
    793.000     1.8955   3.081046     1.8956   3.081378    4.58734    -0.0815    13.8155 -9.990e-29  -60.75417  -56.90167 1153766769 205.782064    34.7079 0.0000e+00
    794.000     1.8948   3.081056     1.8948   3.081382    4.58792    -0.0877    13.8155 -9.990e-29  -60.75417  -56.90167 1153766770 205.782077    34.7083 0.0000e+00
    795.000     1.8939   3.081042     1.8940   3.081377    4.58841    -0.0746    13.8155 -9.990e-29  -60.75417  -56.90167 1153766771 205.782088    34.7084 0.0000e+00
    796.000     1.8911   3.080860     1.8910   3.081191    4.58888    -0.0894    13.8155 -9.990e-29  -60.75417  -56.90167 1153766772 205.782102    34.7088 0.0000e+00
    797.000     1.8874   3.080617     1.8875   3.080957    4.58946    -0.0858    13.8155 -9.990e-29  -60.75417  -56.90167 1153766774 205.782118    34.7093 0.0000e+00
    798.000     1.8864   3.080573     1.8865   3.080908    4.59032    -0.0840    13.8155 -9.990e-29  -60.75417  -56.90167 1153766775 205.782134    34.7094 0.0000e+00
    799.000     1.8857   3.080558     1.8856   3.080877    4.59207    -0.0833    13.8155 -9.990e-29  -60.75417  -56.90167 1153766777 205.782154    34.7093 0.0000e+00
    800.000     1.8839   3.080454     1.8840   3.080785    4.59319    -0.0864    13.8155 -9.990e-29  -60.75417  -56.90167 1153766779 205.782176    34.7094 0.0000e+00
    801.000     1.8820   3.080335     1.8820   3.080678    4.59517    -0.1026    13.8155 4.9173e+01  -60.75417  -56.90167 1153766780 205.782190    34.7094 0.0000e+00
    802.000     1.8772   3.079985     1.8772   3.080327    4.59474    -0.0802    13.8155 4.9715e+01  -60.75417  -56.90167 1153766781 205.782201    34.7099 0.0000e+00
    803.000     1.8775   3.080068     1.8775   3.080408    4.59600    -0.0689    13.8155 5.0114e+01  -60.75417  -56.90167 1153766782 205.782211    34.7100 0.0000e+00
    804.000     1.8774   3.080117     1.8774   3.080440    4.59653    -0.0884    13.8155 4.8823e+01  -60.75417  -56.90167 1153766783 205.782224    34.7102 0.0000e+00
    805.000     1.8781   3.080216     1.8782   3.080552    4.59703    -0.0717    13.8155 4.9085e+01  -60.75417  -56.90167 1153766786 205.782257    34.7100 0.0000e+00
    806.000     1.8779   3.080309     1.8783   3.080645    4.59586    -0.0863    13.8155 -9.990e-29  -60.75417  -56.90167 1153766787 205.782274    34.7107 0.0000e+00
    807.000     1.8786   3.080402     1.8788   3.080760    4.59645    -0.0747    13.8155 4.9688e+01  -60.75417  -56.90167 1153766788 205.782284    34.7106 0.0000e+00
    808.000     1.8784   3.080439     1.8785   3.080768    4.59696    -0.0751    13.8155 5.0019e+01  -60.75417  -56.90167 1153766789 205.782296    34.7107 0.0000e+00
    809.000     1.8784   3.080478     1.8787   3.080820    4.59834    -0.0826    13.8155 4.9179e+01  -60.75417  -56.90167 1153766791 205.782316    34.7107 0.0000e+00
    810.000     1.8785   3.080540     1.8786   3.080874    4.59977    -0.0816    13.8155 4.9146e+01  -60.75417  -56.90167 1153766793 205.782340    34.7108 0.0000e+00
    811.000     1.8788   3.080629     1.8790   3.080955    4.60069    -0.0925    13.8155 5.0158e+01  -60.75417  -56.90167 1153766794 205.782351    34.7110 0.0000e+00
    812.000     1.8788   3.080675     1.8788   3.081005    4.60051    -0.0672    13.8155 4.9422e+01  -60.75417  -56.90167 1153766795 205.782361    34.7111 0.0000e+00
    813.000     1.8785   3.080709     1.8786   3.081045    4.60084    -0.0705    13.8155 4.9723e+01  -60.75417  -56.90167 1153766795 205.782370    34.7112 0.0000e+00
    814.000     1.8782   3.080728     1.8783   3.081057    4.60110    -0.0812    13.8155 4.9097e+01  -60.75417  -56.90167 1153766797 205.782387    34.7112 0.0000e+00
    815.000     1.8785   3.080826     1.8788   3.081144    4.60027    -0.0678    13.8155 5.0122e+01  -60.75417  -56.90167 1153766801 205.782439    34.7115 0.0000e+00
    816.000     1.8785   3.080851     1.8787   3.081180    4.60009    -0.0846    13.8155 4.9166e+01  -60.75417  -56.90167 1153766802 205.782447    34.7113 0.0000e+00
    817.000     1.8784   3.080874     1.8783   3.081207    4.60237    -0.0755    13.8155 4.8601e+01  -60.75417  -56.90167 1153766803 205.782455    34.7112 0.0000e+00
    818.000     1.8779   3.080889     1.8778   3.081224    4.60336    -0.0707    13.8155 4.9348e+01  -60.75417  -56.90167 1153766803 205.782464    34.7114 0.0000e+00
    819.000     1.8776   3.080916     1.8776   3.081236    4.60236    -0.0732    13.8155 4.9081e+01  -60.75417  -56.90167 1153766804 205.782473    34.7114 0.0000e+00
    820.000     1.8774   3.080942     1.8775   3.081262    4.60280    -0.0757    13.8155 4.7794e+01  -60.75417  -56.90167 1153766806 205.782490    34.7115 0.0000e+00
    821.000     1.8772   3.080975     1.8775   3.081311    4.60542    -0.0702    13.8155 4.8075e+01  -60.75417  -56.90167 1153766808 205.782516    34.7115 0.0000e+00
    822.000     1.8766   3.080980     1.8767   3.081308    4.60613    -0.0768    13.8155 4.9632e+01  -60.75417  -56.90167 1153766809 205.782531    34.7117 0.0000e+00
    823.000     1.8764   3.081011     1.8765   3.081330    4.60654    -0.0758    13.8155 4.8007e+01  -60.75417  -56.90167 1153766810 205.782545    34.7118 0.0000e+00
    824.000     1.8752   3.080964     1.8753   3.081286    4.60752    -0.0715    13.8155 4.7806e+01  -60.75417  -56.90167 1153766812 205.782563    34.7120 0.0000e+00
    825.000     1.8745   3.080950     1.8746   3.081278    4.60870    -0.0815    13.8155 4.7996e+01  -60.75417  -56.90167 1153766814 205.782592    34.7120 0.0000e+00
    826.000     1.8730   3.080881     1.8730   3.081212    4.60988    -0.0912    13.8155 4.8356e+01  -60.75417  -56.90167 1153766816 205.782610    34.7123 0.0000e+00
    827.000     1.8709   3.080768     1.8709   3.081103    4.61104    -0.0903    13.8155 4.8708e+01  -60.75417  -56.90167 1153766817 205.782621    34.7127 0.0000e+00
    828.000     1.8697   3.080726     1.8697   3.081053    4.61127    -0.0833    13.8155 -9.990e-29  -60.75417  -56.90167 1153766818 205.782630    34.7129 0.0000e+00
    829.000     1.8694   3.080737     1.8694   3.081070    4.61118    -0.0758    13.8155 -9.990e-29  -60.75417  -56.90167 1153766819 205.782639    34.7129 0.0000e+00
    830.000     1.8683   3.080684     1.8683   3.081027    4.61157    -0.1035    13.8155 -9.990e-29  -60.75417  -56.90167 1153766820 205.782650    34.7129 0.0000e+00
    831.000     1.8669   3.080629     1.8669   3.080948    4.61209    -0.0890    13.8155 -9.990e-29  -60.75417  -56.90167 1153766821 205.782669    34.7131 0.0000e+00
    832.000     1.8675   3.080710     1.8680   3.081088    4.61085    -0.0815    13.8155 -9.990e-29  -60.75417  -56.90167 1153766824 205.782703    34.7128 0.0000e+00
    833.000     1.8613   3.080221     1.8611   3.080567    4.61119    -0.0711    13.8155 4.8704e+01  -60.75417  -56.90167 1153766825 205.782717    34.7131 0.0000e+00
    834.000     1.8567   3.079853     1.8562   3.080151    4.61345    -0.0922    13.8155 4.8407e+01  -60.75417  -56.90167 1153766826 205.782728    34.7131 0.0000e+00
    835.000     1.8548   3.079722     1.8547   3.080062    4.61359    -0.0821    13.8155 4.8709e+01  -60.75417  -56.90167 1153766827 205.782737    34.7130 0.0000e+00
    836.000     1.8542   3.079712     1.8543   3.080058    4.61607    -0.0822    13.8155 5.0064e+01  -60.75417  -56.90167 1153766828 205.782752    34.7130 0.0000e+00
    837.000     1.8564   3.079983     1.8565   3.080321    4.62261    -0.0934    13.8155 5.0279e+01  -60.75417  -56.90167 1153766833 205.782804    34.7132 0.0000e+00
    838.000     1.8528   3.079703     1.8520   3.079996    4.62277    -0.0942    13.8155 5.0560e+01  -60.75417  -56.90167 1153766834 205.782812    34.7130 0.0000e+00
    839.000     1.8460   3.079175     1.8459   3.079533    4.62368    -0.0720    13.8155 4.8454e+01  -60.75417  -56.90167 1153766834 205.782819    34.7135 0.0000e+00
    840.000     1.8444   3.079118     1.8444   3.079461    4.62309    -0.0805    13.8155 4.9262e+01  -60.75417  -56.90167 1153766835 205.782826    34.7141 0.0000e+00
    841.000     1.8419   3.078901     1.8416   3.079249    4.62420    -0.0914    13.8155 5.0392e+01  -60.75417  -56.90167 1153766835 205.782833    34.7136 0.0000e+00
    842.000     1.8397   3.078753     1.8392   3.079079    4.62284    -0.0924    13.8155 5.0291e+01  -60.75417  -56.90167 1153766836 205.782840    34.7136 0.0000e+00
    843.000     1.8377   3.078638     1.8376   3.078965    4.62397    -0.0807    13.8155 5.0204e+01  -60.75417  -56.90167 1153766837 205.782856    34.7138 0.0000e+00
    844.000     1.8438   3.079217     1.8430   3.079489    4.62545    -0.0860    13.8155 5.0398e+01  -60.75417  -56.90167 1153766842 205.782913    34.7135 0.0000e+00
    845.000     1.8321   3.078280     1.8321   3.078652    4.63205    -0.0791    13.8155 5.0176e+01  -60.75417  -56.90167 1153766844 205.782938    34.7142 0.0000e+00
    846.000     1.8288   3.078062     1.8290   3.078415    4.63271    -0.0703    13.8155 4.9224e+01  -60.75417  -56.90167 1153766845 205.782946    34.7147 0.0000e+00
    847.000     1.8292   3.078120     1.8293   3.078475    4.63111    -0.0790    13.8155 4.9259e+01  -60.75417  -56.90167 1153766846 205.782954    34.7144 0.0000e+00
    848.000     1.8294   3.078173     1.8292   3.078510    4.62945    -0.0893    13.8155 -9.990e-29  -60.75417  -56.90167 1153766847 205.782961    34.7142 0.0000e+00
    849.000     1.8293   3.078194     1.8291   3.078534    4.63208    -0.0791    13.8155 -9.990e-29  -60.75417  -56.90167 1153766847 205.782968    34.7140 0.0000e+00
    850.000     1.8279   3.078120     1.8278   3.078465    4.63269    -0.0818    13.8155 -9.990e-29  -60.75417  -56.90167 1153766848 205.782976    34.7141 0.0000e+00
    851.000     1.8256   3.077992     1.8255   3.078308    4.63501    -0.0833    13.8155 5.0076e+01  -60.75417  -56.90167 1153766849 205.782993    34.7144 0.0000e+00
    852.000     1.8277   3.078220     1.8282   3.078591    4.63369    -0.0814    13.8155 4.8942e+01  -60.75417  -56.90167 1153766852 205.783030    34.7142 0.0000e+00
    853.000     1.8170   3.077334     1.8166   3.077655    4.63797    -0.0827    13.8155 5.0261e+01  -60.75417  -56.90167 1153766854 205.783050    34.7144 0.0000e+00
    854.000     1.8124   3.076984     1.8124   3.077332    4.64051    -0.0811    13.8155 4.9281e+01  -60.75417  -56.90167 1153766855 205.783065    34.7146 0.0000e+00
    855.000     1.8116   3.076961     1.8116   3.077294    4.64078    -0.0888    13.8155 4.9949e+01  -60.75417  -56.90167 1153766856 205.783077    34.7147 0.0000e+00
    856.000     1.8115   3.076995     1.8116   3.077338    4.64065    -0.0879    13.8155 5.0035e+01  -60.75417  -56.90167 1153766857 205.783087    34.7146 0.0000e+00
    857.000     1.8106   3.076967     1.8107   3.077301    4.64118    -0.0903    13.8155 5.0127e+01  -60.75417  -56.90167 1153766858 205.783099    34.7147 0.0000e+00
    858.000     1.8085   3.076827     1.8085   3.077164    4.64208    -0.1003    13.8155 4.9974e+01  -60.75417  -56.90167 1153766860 205.783114    34.7147 0.0000e+00
    859.000     1.8100   3.077021     1.8098   3.077310    4.64150    -0.0893    13.8155 5.0070e+01  -60.75417  -56.90167 1153766863 205.783147    34.7147 0.0000e+00
    860.000     1.8085   3.076936     1.8094   3.077332    4.64331    -0.0799    13.8155 4.9700e+01  -60.75417  -56.90167 1153766864 205.783169    34.7147 0.0000e+00
    861.000     1.8075   3.076902     1.8075   3.077230    4.64138    -0.0762    13.8155 4.8798e+01  -60.75417  -56.90167 1153766865 205.783180    34.7149 0.0000e+00
    862.000     1.8076   3.076946     1.8074   3.077278    4.64029    -0.0711    13.8155 4.9784e+01  -60.75417  -56.90167 1153766866 205.783189    34.7148 0.0000e+00
    863.000     1.8074   3.076989     1.8074   3.077323    4.64104    -0.0756    13.8155 5.1677e+01  -60.75417  -56.90167 1153766867 205.783198    34.7149 0.0000e+00
    864.000     1.8074   3.077041     1.8074   3.077375    4.64120    -0.0778    13.8155 -9.990e-29  -60.75417  -56.90167 1153766868 205.783208    34.7150 0.0000e+00
    865.000     1.8073   3.077073     1.8074   3.077405    4.64393    -0.0856    13.8155 -9.990e-29  -60.75417  -56.90167 1153766869 205.783223    34.7150 0.0000e+00
    866.000     1.8075   3.077148     1.8077   3.077476    4.64828    -0.0816    13.8155 -9.990e-29  -60.75417  -56.90167 1153766872 205.783262    34.7151 0.0000e+00
    867.000     1.8065   3.077105     1.8063   3.077417    4.64811    -0.0903    13.8155 -9.990e-29  -60.75417  -56.90167 1153766874 205.783275    34.7151 0.0000e+00
    868.000     1.8062   3.077142     1.8063   3.077464    4.64854    -0.0828    13.8155 -9.990e-29  -60.75417  -56.90167 1153766875 205.783287    34.7153 0.0000e+00
