product_data/regression_test/downloaded_data/MGDS/320620060703/ctd/p6618201.ros
* Sea-Bird SBE 9 Data File:
* FileName = D:\Data\Raw\p6618201.dat
* Software Version Seasave Win32 V 5.32
* Temperature SN = 1649
* Conductivity SN = 1431
* Number of Bytes Per Scan = 37
* Number of Voltage Words = 5
* Number of Scans Averaged by the Deck Unit = 1
* NMEA Latitude = 60 37.00 S
* NMEA Longitude = 054 09.03 W
* NMEA UTC (Time) = 08:45:16
** Ship:   Nathaniel B. Palmer 
** Cruise:    NBP0606 
# nquan = 17
# nvalues = 1176                    
# units = specified
# name 0 = prDM: Pressure, Digiquartz [db]
# name 1 = t090C: Temperature [ITS-90, deg C]
# name 2 = c0S/m: Conductivity [S/m]
# name 3 = t190C: Temperature, 2 [ITS-90, deg C]
# name 4 = c1S/m: Conductivity, 2 [S/m]
# name 5 = sbeox0ML/L: Oxygen, SBE 43 [ml/l]
# name 6 = flECO-AFL: Fluorescence, Wetlab ECO-AFL/FL [mg/m^3]
# name 7 = bat: Beam Attenuation, Chelsea/Seatech/Wetlab CStar [1/m]
# name 8 = spar: SPAR/Surface Irradiance
# name 9 = latitude: Latitude [deg]
# name 10 = longitude: Longitude [deg]
# name 11 = timeY: Time, System [seconds]
# name 12 = timeJ: Julian Days
# name 13 = sal00: Salinity [PSU]
# name 14 = scan: scan number
# name 15 = nbf: number of bottles fired
# name 16 = flag:  0.000e+00
# interval = seconds: 0.0416667                   
# start_time = Jul 22 2006 08:45:25
*END*
[from data line 341]
    449.563     1.8634   3.063146     1.8623   3.063335    4.49118    -0.0426    13.8155 0.0000e+00  -60.61667  -54.15050 1153561503 203.406306    34.7095      85918          7  0.000e+00
    449.563     1.8640   3.063125     1.8623   3.063293    4.49112    -0.1180    13.8155 0.0000e+00  -60.61667  -54.15050 1153561503 203.406307    34.7085      85919          7  0.000e+00
    399.679     1.9186   3.064979     1.9173   3.065184    4.45446    -0.0642    13.8155 0.0000e+00  -60.61667  -54.15050 1153561598 203.407410    34.7003      88207          8  0.000e+00
    399.602     1.9186   3.064938     1.9174   3.065172    4.45443    -0.0749    13.8155 0.0000e+00  -60.61667  -54.15050 1153561598 203.407411    34.6998      88208          8  0.000e+00
    399.679     1.9180   3.064927     1.9172   3.065184    4.45453    -0.0857    13.8155 0.0000e+00  -60.61667  -54.15050 1153561598 203.407411    34.7003      88209          8  0.000e+00
    399.602     1.9180   3.064962     1.9173   3.065214    4.45447    -0.0749    13.8155 0.0000e+00  -60.61667  -54.15050 1153561598 203.407412    34.7008      88210          8  0.000e+00
    399.679     1.9181   3.064955     1.9175   3.065172    4.45451    -0.0749    13.8155 0.0000e+00  -60.61667  -54.15050 1153561598 203.407412    34.7005      88211          8  0.000e+00
    399.602     1.9180   3.064951     1.9170   3.065184    4.45448    -0.0857    13.8155 0.0000e+00  -60.61667  -54.15050 1153561598 203.407413    34.7006      88212          8  0.000e+00
    399.602     1.9177   3.064952     1.9180   3.065214    4.45451    -0.0426    13.8155 0.0000e+00  -60.61667  -54.15050 1153561598 203.407413    34.7010      88213          8  0.000e+00
    399.602     1.9186   3.064951     1.9176   3.065178    4.45442    -0.0642    13.8155 0.0000e+00  -60.61667  -54.15050 1153561598 203.407414    34.7000      88214          8  0.000e+00
    399.602     1.9178   3.064931     1.9169   3.065208    4.45450    -0.0964    13.8155 0.0000e+00  -60.61667  -54.15050 1153561598 203.407414    34.7006      88215          8  0.000e+00
    399.535     1.9178   3.064890     1.9180   3.065202    4.45447    -0.0749    13.8155 0.0000e+00  -60.61667  -54.15050 1153561598 203.407415    34.7001      88216          8  0.000e+00
    399.602     1.9172   3.064896     1.9181   3.065232    4.45457    -0.0534    13.8155 0.0000e+00  -60.61667  -54.15050 1153561598 203.407415    34.7008      88217          8  0.000e+00
    399.535     1.9177   3.064920     1.9186   3.065250    4.45448    -0.0534    13.8155 0.0000e+00  -60.61667  -54.15050 1153561598 203.407416    34.7007      88218          8  0.000e+00
    399.535     1.9174   3.064907     1.9185   3.065274    4.45451    -0.0426    13.8155 0.0000e+00  -60.61667  -54.15050 1153561599 203.407416    34.7008      88219          8  0.000e+00
    399.535     1.9174   3.064903     1.9186   3.065262    4.45451    -0.1072    13.8155 0.0000e+00  -60.61667  -54.15050 1153561599 203.407417    34.7008      88220          8  0.000e+00
    399.535     1.9177   3.064883     1.9189   3.065256    4.45449    -0.0749    13.8155 0.0000e+00  -60.61667  -54.15050 1153561599 203.407417    34.7002      88221          8  0.000e+00
    399.535     1.9177   3.064914     1.9182   3.065292    4.45448    -0.0319    13.8155 0.0000e+00  -60.61667  -54.15050 1153561599 203.407418    34.7006      88222          8  0.000e+00
    399.535     1.9177   3.064907     1.9184   3.065304    4.45448    -0.0534    13.8155 0.0000e+00  -60.61667  -54.15050 1153561599 203.407418    34.7005      88223          8  0.000e+00
    399.468     1.9177   3.064955     1.9186   3.065286    4.45442    -0.1072    13.8155 0.0000e+00  -60.61667  -54.15050 1153561599 203.407418    34.7011      88224          8  0.000e+00
    399.535     1.9175   3.064903     1.9188   3.065280    4.45450    -0.0964    13.8155 0.0000e+00  -60.61667  -54.15050 1153561599 203.407419    34.7006      88225          8  0.000e+00
    399.535     1.9177   3.064931     1.9187   3.065280    4.45447    -0.1180    13.8155 0.0000e+00  -60.61667  -54.15050 1153561599 203.407419    34.7008      88226          8  0.000e+00
    399.535     1.9175   3.064914     1.9184   3.065280    4.45449    -0.0964    13.8155 0.0000e+00  -60.61667  -54.15050 1153561599 203.407420    34.7008      88227          8  0.000e+00
    399.506     1.9174   3.064920     1.9190   3.065280    4.45449    -0.0964    13.8155 0.0000e+00  -60.61667  -54.15050 1153561599 203.407420    34.7010      88228          8  0.000e+00
    399.535     1.9177   3.064927     1.9190   3.065274    4.45447    -0.1610    13.8155 0.0000e+00  -60.61667  -54.15050 1153561599 203.407421    34.7007      88229          8  0.000e+00
    399.535     1.9180   3.064945     1.9184   3.065256    4.45444    -0.1395    13.8155 0.0000e+00  -60.61667  -54.15050 1153561599 203.407421    34.7006      88230          8  0.000e+00
    399.602     1.9172   3.064914     1.9185   3.065292    4.45456    -0.1395    13.8155 0.0000e+00  -60.61667  -54.15050 1153561599 203.407422    34.7010      88231          8  0.000e+00
    399.535     1.9178   3.064920     1.9184   3.065286    4.44987    -0.1072    13.8155 0.0000e+00  -60.61667  -54.15050 1153561599 203.407422    34.7005      88232          8  0.000e+00
    399.535     1.9170   3.064907     1.9182   3.065280    4.44995    -0.0319    13.8155 0.0000e+00  -60.61667  -54.15050 1153561599 203.407423    34.7012      88233          8  0.000e+00
    399.679     1.9170   3.064883     1.9179   3.065280    4.45464    -0.0426    13.8155 0.0000e+00  -60.61667  -54.15050 1153561599 203.407423    34.7008      88234          8  0.000e+00
    399.602     1.9175   3.064896     1.9181   3.065250    4.44995    -0.0857    13.8155 0.0000e+00  -60.61667  -54.15050 1153561599 203.407424    34.7005      88235          8  0.000e+00
    399.602     1.9174   3.064883     1.9182   3.065250    4.45456    -0.0857    13.8155 0.0000e+00  -60.61667  -54.15050 1153561599 203.407424    34.7005      88236          8  0.000e+00
    399.679     1.9166   3.064879     1.9183   3.065256    4.45468    -0.0749    13.8155 0.0000e+00  -60.61667  -54.15050 1153561599 203.407425    34.7013      88237          8  0.000e+00
    399.679     1.9167   3.064896     1.9176   3.065232    4.45466    -0.0534    13.8155 0.0000e+00  -60.61667  -54.15050 1153561599 203.407425    34.7013      88238          8  0.000e+00
    399.679     1.9169   3.064921     1.9185   3.065244    4.45464    -0.1180    13.8155 0.0000e+00  -60.61667  -54.15050 1153561599 203.407426    34.7014      88239          8  0.000e+00
    399.746     1.9175   3.064945     1.9184   3.065256    4.45461    -0.0857    13.8155 0.0000e+00  -60.61667  -54.15050 1153561599 203.407426    34.7010      88240          8  0.000e+00
    399.679     1.9178   3.064931     1.9181   3.065292    4.45455    -0.0426    13.8155 0.0000e+00  -60.61667  -54.15050 1153561599 203.407427    34.7005      88241          8  0.000e+00
    399.746     1.9174   3.064945     1.9188   3.065286    4.45004    -0.0749    13.8155 0.0000e+00  -60.61667  -54.15050 1153561599 203.407427    34.7012      88242          8  0.000e+00
    399.823     1.9177   3.064931     1.9183   3.065281    4.45465    -0.0534    13.8155 0.0000e+00  -60.61667  -54.15050 1153561599 203.407428    34.7006      88243          8  0.000e+00
    399.823     1.9178   3.064962     1.9181   3.065281    4.45003    -0.0749    13.8155 0.0000e+00  -60.61667  -54.15050 1153561600 203.407428    34.7008      88244          8  0.000e+00
    399.823     1.9172   3.064955     1.9182   3.065281    4.45009    -0.0964    13.8155 0.0000e+00  -60.61667  -54.15050 1153561600 203.407429    34.7014      88245          8  0.000e+00
    399.823     1.9174   3.064914     1.9181   3.065281    4.45468    -0.0749    13.8155 0.0000e+00  -60.61667  -54.15050 1153561600 203.407429    34.7007      88246          8  0.000e+00
    399.890     1.9177   3.064921     1.9179   3.065262    4.45470    -0.0426    13.8155 0.0000e+00  -60.61667  -54.15050 1153561600 203.407430    34.7005      88247          8  0.000e+00
    399.890     1.9174   3.064890     1.9179   3.065268    4.45474    -0.0642    13.8155 0.0000e+00  -60.61667  -54.15050 1153561600 203.407430    34.7004      88248          8  0.000e+00
    399.957     1.9170   3.064879     1.9178   3.065256    4.45481    -0.0749    13.8155 0.0000e+00  -60.61667  -54.15050 1153561600 203.407431    34.7006      88249          8  0.000e+00
    399.957     1.9169   3.064897     1.9175   3.065232    4.45482    -0.0534    13.8155 0.0000e+00  -60.61667  -54.15050 1153561600 203.407431    34.7010      88250          8  0.000e+00
    399.957     1.9172   3.064921     1.9170   3.065263    4.45019    -0.0319    13.8155 0.0000e+00  -60.61667  -54.15050 1153561600 203.407432    34.7009      88251          8  0.000e+00
    400.034     1.9169   3.064945     1.9176   3.065238    4.45485    -0.0857    13.8155 0.0000e+00  -60.61667  -54.15050 1153561600 203.407432    34.7015      88252          8  0.000e+00
    400.034     1.9178   3.064931     1.9169   3.065226    4.45018    -0.0964    13.8155 0.0000e+00  -60.61667  -54.15050 1153561600 203.407432    34.7003      88253          8  0.000e+00
    400.034     1.9175   3.064962     1.9170   3.065220    4.45019    -0.0749    13.8155 0.0000e+00  -60.61667  -54.15050 1153561600 203.407433    34.7011      88254          8  0.000e+00
    400.034     1.9174   3.064938     1.9172   3.065220    4.45022    -0.0857    13.8155 0.0000e+00  -60.61667  -54.15050 1153561600 203.407433    34.7009      88255          8  0.000e+00
    350.239     1.9548   3.064892     1.9553   3.065211    4.40253    -0.0426    13.8155 0.0000e+00  -60.61667  -54.15050 1153561687 203.408440    34.6875      90343          9  0.000e+00
    350.373     1.9552   3.064892     1.9559   3.065187    4.40258    -0.0749    13.8155 0.0000e+00  -60.61667  -54.15050 1153561687 203.408441    34.6871      90344          9  0.000e+00
    350.239     1.9553   3.064888     1.9558   3.065199    4.40249    -0.0857    13.8155 0.0000e+00  -60.61667  -54.15050 1153561687 203.408441    34.6870      90345          9  0.000e+00
    350.306     1.9555   3.064888     1.9553   3.065187    4.40251    -0.0534    13.8155 0.0000e+00  -60.61667  -54.15050 1153561687 203.408442    34.6868      90346          9  0.000e+00
    350.239     1.9548   3.064868     1.9556   3.065199    4.40254    -0.0749    13.8155 0.0000e+00  -60.61667  -54.15050 1153561687 203.408442    34.6872      90347          9  0.000e+00
    350.172     1.9553   3.064899     1.9553   3.065187    4.40244    -0.1287    13.8155 0.0000e+00  -60.61667  -54.15050 1153561687 203.408443    34.6872      90348          9  0.000e+00
    350.239     1.9550   3.064892     1.9555   3.065199    4.40252    -0.1502    13.8155 0.0000e+00  -60.61667  -54.15050 1153561687 203.408443    34.6874      90349          9  0.000e+00
    350.172     1.9556   3.064868     1.9556   3.065187    4.40243    -0.1072    13.8155 0.0000e+00  -60.61667  -54.15050 1153561687 203.408444    34.6864      90350          9  0.000e+00
    350.162     1.9553   3.064882     1.9558   3.065217    4.40244    -0.0642    13.8155 0.0000e+00  -60.61667  -54.15050 1153561687 203.408444    34.6870      90351          9  0.000e+00
    350.172     1.9547   3.064888     1.9558   3.065211    4.40250    -0.0319    13.8155 0.0000e+00  -60.61667  -54.15050 1153561687 203.408445    34.6877      90352          9  0.000e+00
    350.095     1.9553   3.064868     1.9555   3.065211    4.40241    -0.0534    13.8155 0.0000e+00  -60.61667  -54.15050 1153561687 203.408445    34.6868      90353          9  0.000e+00
    350.172     1.9550   3.064864     1.9561   3.065187    4.40249    -0.1180    13.8155 0.0000e+00  -60.61667  -54.15050 1153561687 203.408446    34.6871      90354          9  0.000e+00
    350.095     1.9550   3.064882     1.9558   3.065199    4.40243    -0.0642    13.8155 0.0000e+00  -60.61667  -54.15050 1153561687 203.408446    34.6874      90355          9  0.000e+00
    350.028     1.9551   3.064923     1.9559   3.065211    4.40236    -0.0319    13.8155 0.0000e+00  -60.61667  -54.15050 1153561688 203.408447    34.6877      90356          9  0.000e+00
    350.086     1.9547   3.064899     1.9556   3.065205    4.40245    -0.0749    13.8155 0.0000e+00  -60.61667  -54.15050 1153561688 203.408447    34.6879      90357          9  0.000e+00
    350.095     1.9553   3.064868     1.9558   3.065229    4.40241    -0.0319    13.8155 0.0000e+00  -60.61667  -54.15050 1153561688 203.408448    34.6868      90358          9  0.000e+00
    350.028     1.9552   3.064899     1.9561   3.065241    4.40237    -0.0104    13.8155 0.0000e+00  -60.61667  -54.15050 1153561688 203.408448    34.6874      90359          9  0.000e+00
    350.095     1.9550   3.064892     1.9556   3.065217    4.40243    -0.0749    13.8155 0.0000e+00  -60.61667  -54.15050 1153561688 203.408449    34.6875      90360          9  0.000e+00
    350.028     1.9553   3.064888     1.9559   3.065247    4.40236    -0.1180    13.8155 0.0000e+00  -60.61667  -54.15050 1153561688 203.408449    34.6871      90361          9  0.000e+00
    350.095     1.9551   3.064868     1.9561   3.065247    4.40242    -0.1395    13.8155 0.0000e+00  -60.61667  -54.15050 1153561688 203.408450    34.6870      90362          9  0.000e+00
    350.095     1.9553   3.064899     1.9553   3.065211    4.40240    -0.0642    13.8155 0.0000e+00  -60.61667  -54.15050 1153561688 203.408450    34.6872      90363          9  0.000e+00
    350.019     1.9550   3.064892     1.9553   3.065229    4.40238    -0.1180    13.8155 0.0000e+00  -60.61667  -54.15050 1153561688 203.408451    34.6875      90364          9  0.000e+00
    350.095     1.9548   3.064888     1.9558   3.065193    4.40244    -0.0749    13.8155 0.0000e+00  -60.61667  -54.15050 1153561688 203.408451    34.6876      90365          9  0.000e+00
    350.095     1.9551   3.064923     1.9554   3.065199    4.40240    -0.0857    13.8155 0.0000e+00  -60.61667  -54.15050 1153561688 203.408451    34.6877      90366          9  0.000e+00
    350.095     1.9550   3.064882     1.9554   3.065211    4.40243    -0.0964    13.8155 0.0000e+00  -60.61667  -54.15050 1153561688 203.408452    34.6873      90367          9  0.000e+00
    350.095     1.9551   3.064882     1.9558   3.065211    4.40242    -0.0857    13.8155 0.0000e+00  -60.61667  -54.15050 1153561688 203.408452    34.6872      90368          9  0.000e+00
    350.095     1.9551   3.064906     1.9561   3.065223    4.40241    -0.0534    13.8155 0.0000e+00  -60.61667  -54.15050 1153561688 203.408453    34.6875      90369          9  0.000e+00
    350.086     1.9555   3.064892     1.9556   3.065193    4.40238    -0.0642    13.8155 0.0000e+00  -60.61667  -54.15050 1153561688 203.408453    34.6869      90370          9  0.000e+00
    350.172     1.9553   3.064888     1.9561   3.065223    4.40245    -0.0534    13.8155 0.0000e+00  -60.61667  -54.15050 1153561688 203.408454    34.6870      90371          9  0.000e+00
    350.095     1.9553   3.064906     1.9558   3.065217    4.40239    -0.0426    13.8155 0.0000e+00  -60.61667  -54.15050 1153561688 203.408454    34.6873      90372          9  0.000e+00
    350.172     1.9553   3.064892     1.9561   3.065229    4.40245    -0.0642    13.8155 0.0000e+00  -60.61667  -54.15050 1153561688 203.408455    34.6871      90373          9  0.000e+00
    350.172     1.9555   3.064906     1.9561   3.065193    4.40243    -0.0642    13.8155 0.0000e+00  -60.61667  -54.15050 1153561688 203.408455    34.6871      90374          9  0.000e+00
    350.095     1.9558   3.064930     1.9561   3.065235    4.40234    -0.0211    13.8155 0.0000e+00  -60.61667  -54.15050 1153561688 203.408456    34.6871      90375          9  0.000e+00
