product_data/regression_test/downloaded_data/MGDS/320620060703/ctd/p6619404.ros
* Sea-Bird SBE 9 Data File:
* FileName = D:\Data\Raw\p6619404.dat
* Software Version Seasave Win32 V 5.32
* Temperature SN = 1649
* Conductivity SN = 1431
* Number of Bytes Per Scan = 37
* Number of Voltage Words = 5
* Number of Scans Averaged by the Deck Unit = 1
* NMEA Latitude = 60 37.19 S
* NMEA Longitude = 055 40.25 W
* NMEA UTC (Time) = 04:56:00
** Ship:   Nathaniel B. Palmer 
** Cruise:    NBP0606 
# nquan = 17
# nvalues = 1176                    
# units = specified
# name 0 = prDM: Pressure, Digiquartz [db]
# name 1 = t090C: Temperature [ITS-90, deg C]
# name 2 = c0S/m: Conductivity [S/m]
# name 3 = t190C: Temperature, 2 [ITS-90, deg C]
# name 4 = c1S/m: Conductivity, 2 [S/m]
# name 5 = sbeox0ML/L: Oxygen, SBE 43 [ml/l]
# name 6 = flECO-AFL: Fluorescence, Wetlab ECO-AFL/FL [mg/m^3]
# name 7 = bat: Beam Attenuation, Chelsea/Seatech/Wetlab CStar [1/m]
# name 8 = spar: SPAR/Surface Irradiance
# name 9 = latitude: Latitude [deg]
# name 10 = longitude: Longitude [deg]
# name 11 = timeY: Time, System [seconds]
# name 12 = timeJ: Julian Days
# name 13 = sal00: Salinity [PSU]
# name 14 = scan: scan number
# name 15 = nbf: number of bottles fired
# name 16 = flag:  0.000e+00
# interval = seconds: 0.0416667                   
# start_time = Jul 24 2006 04:56:08
*END*
[from data line 596]
     49.445    -0.6089   2.798823    -0.6157   2.798526    7.30766     0.0650    13.8155 0.0000e+00  -60.61983  -55.67083 1153720150 205.242498    34.2586      76413         13  0.000e+00
     49.511    -0.6094   2.798744    -0.6157   2.798508    7.30785     0.0865    13.8155 0.0000e+00  -60.61983  -55.67083 1153720150 205.242499    34.2580      76414         13  0.000e+00
     49.445    -0.6100   2.798698    -0.6152   2.798503    7.30323     0.0434    13.8155 0.0000e+00  -60.61983  -55.67083 1153720150 205.242499    34.2581      76415         13  0.000e+00
     49.511    -0.6100   2.798675    -0.6157   2.798485    7.30799     0.0650    13.8155 0.0000e+00  -60.61983  -55.67083 1153720150 205.242500    34.2578      76416         13  0.000e+00
     49.445    -0.6111   2.798602    -0.6160   2.798456    7.30812     0.0650    13.8155 0.0000e+00  -60.61983  -55.67083 1153720150 205.242500    34.2580      76417         13  0.000e+00
     49.511    -0.6114   2.798549    -0.6175   2.798450    7.30828     0.0972    13.8155 0.0000e+00  -60.61983  -55.67083 1153720150 205.242500    34.2577      76418         13  0.000e+00
     49.511    -0.6117   2.798503    -0.6171   2.798427    7.30835     0.1080    13.8155 0.0000e+00  -60.61983  -55.67083 1153720150 205.242501    34.2574      76419         13  0.000e+00
     49.445    -0.6117   2.798562    -0.6172   2.798386    7.30824     0.1080    13.8155 0.0000e+00  -60.61983  -55.67083 1153720150 205.242501    34.2582      76420         13  0.000e+00
     49.511    -0.6114   2.798549    -0.6171   2.798346    7.30827     0.1080    13.8155 0.0000e+00  -60.61983  -55.67083 1153720150 205.242502    34.2576      76421         13  0.000e+00
     49.511    -0.6116   2.798519    -0.6177   2.798322    7.30832     0.1295    13.8155 0.0000e+00  -60.61983  -55.67083 1153720150 205.242502    34.2574      76422         13  0.000e+00
     49.512    -0.6119   2.798479    -0.6178   2.798317    7.31306     0.1295    13.8155 0.0000e+00  -60.61983  -55.67083 1153720150 205.242503    34.2573      76423         13  0.000e+00
     49.512    -0.6133   2.798400    -0.6180   2.798282    7.30865     0.0972    13.8155 0.0000e+00  -60.61983  -55.67083 1153720150 205.242503    34.2577      76424         13  0.000e+00
     49.512    -0.6137   2.798314    -0.6181   2.798247    7.30877     0.0757    13.8155 0.0000e+00  -60.61983  -55.67083 1153720151 205.242504    34.2571      76425         13  0.000e+00
     49.512    -0.6147   2.798205    -0.6178   2.798235    7.30898     0.0757    13.8155 0.0000e+00  -60.61983  -55.67083 1153720151 205.242504    34.2567      76426         13  0.000e+00
     49.588    -0.6158   2.798159    -0.6183   2.798235    7.30925     0.1080    13.8155 0.0000e+00  -60.61983  -55.67083 1153720151 205.242505    34.2573      76427         13  0.000e+00
     49.512    -0.6158   2.798172    -0.6181   2.798218    7.30917     0.1080    13.8155 0.0000e+00  -60.61983  -55.67083 1153720151 205.242505    34.2575      76428         13  0.000e+00
     49.588    -0.6154   2.798195    -0.6181   2.798229    7.30918     0.0542    13.8155 0.0000e+00  -60.61983  -55.67083 1153720151 205.242506    34.2574      76429         13  0.000e+00
     49.588    -0.6158   2.798218    -0.6172   2.798311    7.30921     0.0112    13.8155 0.0000e+00  -60.61983  -55.67083 1153720151 205.242506    34.2581      76430         13  0.000e+00
     49.588    -0.6154   2.798222    -0.6166   2.798410    7.30916     0.0757    13.8155 0.0000e+00  -60.61983  -55.67083 1153720151 205.242507    34.2578      76431         13  0.000e+00
     49.655    -0.6153   2.798304    -0.6160   2.798445    7.30915     0.1080    13.8155 0.0000e+00  -60.61983  -55.67083 1153720151 205.242507    34.2587      76432         13  0.000e+00
     49.655    -0.6140   2.798552    -0.6157   2.798474    7.30880     0.0650    13.8155 0.0000e+00  -60.61983  -55.67083 1153720151 205.242508    34.2606      76433         13  0.000e+00
     49.655    -0.6119   2.798810    -0.6143   2.798555    7.30831     0.0542    13.8155 0.0000e+00  -60.61983  -55.67083 1153720151 205.242508    34.2616      76434         13  0.000e+00
     49.655    -0.6099   2.798992    -0.6129   2.798683    7.30790     0.0757    13.8155 0.0000e+00  -60.61983  -55.67083 1153720151 205.242509    34.2618      76435         13  0.000e+00
     49.722    -0.6088   2.799012    -0.6121   2.798793    7.30779     0.0757    13.8155 0.0000e+00  -60.61983  -55.67083 1153720151 205.242509    34.2608      76436         13  0.000e+00
     49.655    -0.6078   2.798906    -0.6111   2.798869    7.30766     0.0865    13.8155 0.0000e+00  -60.61983  -55.67083 1153720151 205.242510    34.2583      76437         13  0.000e+00
     49.798    -0.6086   2.798804    -0.6106   2.798956    7.31266     0.0650    13.8155 0.0000e+00  -60.61983  -55.67083 1153720151 205.242510    34.2578      76438         13  0.000e+00
     49.722    -0.6096   2.798632    -0.6106   2.798985    7.30816     0.0542    13.8155 0.0000e+00  -60.61983  -55.67083 1153720151 205.242511    34.2566      76439         13  0.000e+00
     49.798    -0.6108   2.798648    -0.6098   2.799020    7.30841     0.0542    13.8155 0.0000e+00  -60.61983  -55.67083 1153720151 205.242511    34.2581      76440         13  0.000e+00
     49.865    -0.6102   2.798820    -0.6097   2.799014    7.30827     0.0650    13.8155 0.0000e+00  -60.61983  -55.67083 1153720151 205.242512    34.2597      76441         13  0.000e+00
     49.798    -0.6091   2.798906    -0.6100   2.798985    7.30798     0.0650    13.8155 0.0000e+00  -60.61983  -55.67083 1153720151 205.242512    34.2597      76442         13  0.000e+00
     49.865    -0.6086   2.798833    -0.6115   2.798857    7.30803     0.0327    13.8155 0.0000e+00  -60.61983  -55.67083 1153720151 205.242513    34.2581      76443         13  0.000e+00
     49.932    -0.6094   2.798823    -0.6124   2.798770    7.30822     0.0865    13.8155 0.0000e+00  -60.61983  -55.67083 1153720151 205.242513    34.2588      76444         13  0.000e+00
     49.932    -0.6085   2.798860    -0.6124   2.798782    7.30806     0.1080    13.8155 0.0000e+00  -60.61983  -55.67083 1153720151 205.242514    34.2583      76445         13  0.000e+00
     49.932    -0.6085   2.798857    -0.6129   2.798776    7.30807     0.1080    13.8155 0.0000e+00  -60.61983  -55.67083 1153720151 205.242514    34.2582      76446         13  0.000e+00
     50.008    -0.6085   2.798833    -0.6149   2.798625    7.31283     0.0972    13.8155 0.0000e+00  -60.61983  -55.67083 1153720151 205.242514    34.2579      76447         13  0.000e+00
     50.008    -0.6092   2.798645    -0.6163   2.798468    7.31306     0.0650    13.8155 0.0000e+00  -60.61983  -55.67083 1153720152 205.242515    34.2562      76448         13  0.000e+00
     50.075    -0.6109   2.798566    -0.6175   2.798346    7.31344     0.0865    13.8155 0.0000e+00  -60.61983  -55.67083 1153720152 205.242515    34.2570      76449         13  0.000e+00
     50.075    -0.6099   2.798695    -0.6187   2.798241    7.31320     0.0865    13.8155 0.0000e+00  -60.61983  -55.67083 1153720152 205.242516    34.2575      76450         13  0.000e+00
     50.141    -0.6103   2.798486    -0.6191   2.798177    7.31347     0.0542    13.8155 0.0000e+00  -60.61983  -55.67083 1153720152 205.242516    34.2552      76451         13  0.000e+00
     50.141    -0.6130   2.798215    -0.6198   2.798177    7.30937     0.0650    13.8155 0.0000e+00  -60.61983  -55.67083 1153720152 205.242517    34.2545      76452         13  0.000e+00
     50.218    -0.6148   2.798106    -0.6201   2.798148    7.30980     0.0434    13.8155 0.0000e+00  -60.61983  -55.67083 1153720152 205.242517    34.2551      76453         13  0.000e+00
     35.025    -0.5888   2.799028    -0.5869   2.799464    7.34117     0.0972    13.8155 0.0000e+00  -60.61983  -55.67083 1153720196 205.243030    34.2475      77516         14  0.000e+00
     35.025    -0.5891   2.799008    -0.5870   2.799435    7.34122     0.1080    13.8155 0.0000e+00  -60.61983  -55.67083 1153720196 205.243030    34.2475      77517         14  0.000e+00
     35.025    -0.5894   2.798985    -0.5866   2.799446    7.34128     0.1403    13.8155 0.0000e+00  -60.61983  -55.67083 1153720196 205.243031    34.2476      77518         14  0.000e+00
     34.949    -0.5894   2.798965    -0.5860   2.799481    7.34122     0.1403    13.8155 0.0000e+00  -60.61983  -55.67083 1153720196 205.243031    34.2474      77519         14  0.000e+00
     34.959    -0.5897   2.798925    -0.5860   2.799499    7.33664     0.1188    13.8155 0.0000e+00  -60.61983  -55.67083 1153720196 205.243032    34.2472      77520         14  0.000e+00
     34.959    -0.5898   2.798948    -0.5851   2.799516    7.33663     0.1080    13.8155 0.0000e+00  -60.61983  -55.67083 1153720196 205.243032    34.2475      77521         14  0.000e+00
     34.959    -0.5900   2.798962    -0.5849   2.799568    7.33666     0.0972    13.8155 0.0000e+00  -60.61983  -55.67083 1153720196 205.243033    34.2480      77522         14  0.000e+00
     34.882    -0.5892   2.798961    -0.5844   2.799574    7.33647     0.1403    13.8155 0.0000e+00  -60.61983  -55.67083 1153720196 205.243033    34.2472      77523         14  0.000e+00
     34.949    -0.5898   2.798942    -0.5845   2.799580    7.33663     0.1510    13.8155 0.0000e+00  -60.61983  -55.67083 1153720196 205.243034    34.2475      77524         14  0.000e+00
     34.816    -0.5897   2.798938    -0.5846   2.799592    7.33648     0.1295    13.8155 0.0000e+00  -60.61983  -55.67083 1153720196 205.243034    34.2474      77525         14  0.000e+00
     34.816    -0.5893   2.798918    -0.5846   2.799586    7.33644     0.1188    13.8155 0.0000e+00  -60.61983  -55.67083 1153720196 205.243035    34.2467      77526         14  0.000e+00
     34.883    -0.5897   2.798932    -0.5843   2.799551    7.34122     0.1188    13.8155 0.0000e+00  -60.61983  -55.67083 1153720196 205.243035    34.2473      77527         14  0.000e+00
     34.806    -0.5900   2.798869    -0.5845   2.799551    7.33657     0.1295    13.8155 0.0000e+00  -60.61983  -55.67083 1153720197 205.243036    34.2469      77528         14  0.000e+00
     34.749    -0.5905   2.798866    -0.5843   2.799586    7.33659     0.1295    13.8155 0.0000e+00  -60.61983  -55.67083 1153720197 205.243036    34.2474      77529         14  0.000e+00
     34.749    -0.5908   2.798869    -0.5846   2.799563    7.33662     0.1295    13.8155 0.0000e+00  -60.61983  -55.67083 1153720197 205.243037    34.2478      77530         14  0.000e+00
     34.673    -0.5905   2.798902    -0.5851   2.799545    7.33648     0.1295    13.8155 0.0000e+00  -60.61983  -55.67083 1153720197 205.243037    34.2479      77531         14  0.000e+00
     34.749    -0.5905   2.798915    -0.5856   2.799551    7.33655     0.1188    13.8155 0.0000e+00  -60.61983  -55.67083 1153720197 205.243038    34.2481      77532         14  0.000e+00
     34.663    -0.5909   2.798915    -0.5856   2.799504    7.33653     0.0972    13.8155 0.0000e+00  -60.61983  -55.67083 1153720197 205.243038    34.2486      77533         14  0.000e+00
     34.606    -0.5898   2.798965    -0.5854   2.799522    7.33626     0.0757    13.8155 0.0000e+00  -60.61983  -55.67083 1153720197 205.243039    34.2480      77534         14  0.000e+00
     34.673    -0.5900   2.798965    -0.5857   2.799499    7.33637     0.0542    13.8155 0.0000e+00  -60.61983  -55.67083 1153720197 205.243039    34.2482      77535         14  0.000e+00
     34.606    -0.5894   2.798975    -0.5859   2.799522    7.33620     0.0650    13.8155 0.0000e+00  -60.61983  -55.67083 1153720197 205.243040    34.2477      77536         14  0.000e+00
     34.606    -0.5894   2.798948    -0.5863   2.799493    7.33623     0.0865    13.8155 0.0000e+00  -60.61983  -55.67083 1153720197 205.243040    34.2474      77537         14  0.000e+00
     34.663    -0.5896   2.799004    -0.5865   2.799487    7.33626     0.0865    13.8155 0.0000e+00  -60.61983  -55.67083 1153720197 205.243041    34.2483      77538         14  0.000e+00
     34.673    -0.5889   2.799094    -0.5873   2.799458    7.33612     0.1188    13.8155 0.0000e+00  -60.61983  -55.67083 1153720197 205.243041    34.2487      77539         14  0.000e+00
     34.673    -0.5879   2.799200    -0.5871   2.799458    7.33590     0.1188    13.8155 0.0000e+00  -60.61983  -55.67083 1153720197 205.243042    34.2490      77540         14  0.000e+00
     34.673    -0.5863   2.799295    -0.5868   2.799435    7.33560     0.1080    13.8155 0.0000e+00  -60.61983  -55.67083 1153720197 205.243042    34.2485      77541         14  0.000e+00
     34.663    -0.5857   2.799269    -0.5865   2.799411    7.33553     0.1080    13.8155 0.0000e+00  -60.61983  -55.67083 1153720197 205.243043    34.2475      77542         14  0.000e+00
     34.749    -0.5857   2.799216    -0.5869   2.799423    7.33098     0.0972    13.8155 0.0000e+00  -60.61983  -55.67083 1153720197 205.243043    34.2467      77543         14  0.000e+00
     34.673    -0.5861   2.799223    -0.5888   2.799376    7.33097     0.0865    13.8155 0.0000e+00  -60.61983  -55.67083 1153720197 205.243043    34.2473      77544         14  0.000e+00
     34.749    -0.5862   2.799127    -0.5897   2.799272    7.33112     0.0972    13.8155 0.0000e+00  -60.61983  -55.67083 1153720197 205.243044    34.2461      77545         14  0.000e+00
     34.749    -0.5883   2.798958    -0.5908   2.799167    7.33620     0.0972    13.8155 0.0000e+00  -60.61983  -55.67083 1153720197 205.243044    34.2462      77546         14  0.000e+00
     34.740    -0.5901   2.798895    -0.5917   2.799179    7.33183     0.0972    13.8155 0.0000e+00  -60.61983  -55.67083 1153720197 205.243045    34.2473      77547         14  0.000e+00
     34.816    -0.5898   2.798942    -0.5908   2.799196    7.33185     0.1080    13.8155 0.0000e+00  -60.61983  -55.67083 1153720197 205.243045    34.2476      77548         14  0.000e+00
     34.749    -0.5896   2.798961    -0.5900   2.799231    7.33172     0.1188    13.8155 0.0000e+00  -60.61983  -55.67083 1153720197 205.243046    34.2476      77549         14  0.000e+00
     34.816    -0.5898   2.798942    -0.5891   2.799266    7.33183     0.1403    13.8155 0.0000e+00  -60.61983  -55.67083 1153720197 205.243046    34.2475      77550         14  0.000e+00
     34.749    -0.5902   2.798803    -0.5889   2.799249    7.33192     0.1188    13.8155 0.0000e+00  -60.61983  -55.67083 1153720197 205.243047    34.2462      77551         14  0.000e+00
     34.807    -0.5927   2.798436    -0.5896   2.799266    7.33260     0.0865    13.8155 0.0000e+00  -60.61983  -55.67083 1153720198 205.243047    34.2441      77552         14  0.000e+00
     34.816    -0.5975   2.797992    -0.5892   2.799266    7.33361     0.0972    13.8155 0.0000e+00  -60.61983  -55.67083 1153720198 205.243048    34.2435      77553         14  0.000e+00
     34.749    -0.6018   2.797983    -0.5892   2.799231    7.33418     0.0542    13.8155 0.0000e+00  -60.61983  -55.67083 1153720198 205.243048    34.2483      77554         14  0.000e+00
     34.750    -0.6021   2.797966    -0.5903   2.799196    7.33424     0.0972    13.8155 0.0000e+00  -60.61983  -55.67083 1153720198 205.243049    34.2484      77555         14  0.000e+00
     34.740    -0.6043   2.797731    -0.5909   2.799156    7.33471     0.1295    13.8155 0.0000e+00  -60.61983  -55.67083 1153720198 205.243049    34.2477      77556         14  0.000e+00
     34.750    -0.6085   2.797437    -0.5914   2.799156    7.33553     0.1080    13.8155 0.0000e+00  -60.61983  -55.67083 1153720198 205.243050    34.2485      77557         14  0.000e+00
     34.750    -0.6120   2.797315    -0.5920   2.799092    7.33613     0.0650    13.8155 0.0000e+00  -60.61983  -55.67083 1153720198 205.243050    34.2509      77558         14  0.000e+00
