product_data/regression_test/downloaded_data/MGDS/320620060703/ctd/p6611101.ros
* Sea-Bird SBE 9 Data File:
* FileName = D:\Data\Raw\p6611101.dat
* Software Version Seasave Win32 V 5.32
* Temperature SN = 1649
* Conductivity SN = 1431
* Number of Bytes Per Scan = 37
* Number of Voltage Words = 5
* Number of Scans Averaged by the Deck Unit = 1
* NMEA Latitude = 61 24.96 S
* NMEA Longitude = 054 52.52 W
* NMEA UTC (Time) = 04:45:09
** Ship:   Nathaniel B. Palmer 
** Cruise:    NBP0606 
# nquan = 17
# nvalues = 1176                    
# units = specified
# name 0 = prDM: Pressure, Digiquartz [db]
# name 1 = t090C: Temperature [ITS-90, deg C]
# name 2 = c0S/m: Conductivity [S/m]
# name 3 = t190C: Temperature, 2 [ITS-90, deg C]
# name 4 = c1S/m: Conductivity, 2 [S/m]
# name 5 = sbeox0ML/L: Oxygen, SBE 43 [ml/l]
# name 6 = flECO-AFL: Fluorescence, Wetlab ECO-AFL/FL [mg/m^3]
# name 7 = bat: Beam Attenuation, Chelsea/Seatech/Wetlab CStar [1/m]
# name 8 = spar: SPAR/Surface Irradiance
# name 9 = latitude: Latitude [deg]
# name 10 = longitude: Longitude [deg]
# name 11 = timeY: Time, System [seconds]
# name 12 = timeJ: Julian Days
# name 13 = sal00: Salinity [PSU]
# name 14 = scan: scan number
# name 15 = nbf: number of bottles fired
# name 16 = flag:  0.000e+00
# interval = seconds: 0.0416667                   
# start_time = Jul 14 2006 04:45:16
*END*
    900.127    -0.5878   2.858646    -0.5876   2.859087    6.43729    -0.0749    13.8155 0.0000e+00  -61.41600  -54.87533 1152853694 195.214074    34.5268      33120          1  0.000e+00
    899.895    -0.5875   2.858676    -0.5874   2.859087    6.43703    -0.1072    13.8155 0.0000e+00  -61.41600  -54.87533 1152853694 195.214074    34.5271      33121          1  0.000e+00
    900.127    -0.5880   2.858656    -0.5879   2.859087    6.43731    -0.1287    13.8155 0.0000e+00  -61.41600  -54.87533 1152853694 195.214075    34.5272      33122          1  0.000e+00
    900.040    -0.5881   2.858626    -0.5875   2.859087    6.43727    -0.0857    13.8155 0.0000e+00  -61.41600  -54.87533 1152853694 195.214075    34.5269      33123          1  0.000e+00
    899.963    -0.5872   2.858672    -0.5880   2.859087    6.43705    -0.0857    13.8155 0.0000e+00  -61.41600  -54.87533 1152853694 195.214076    34.5266      33124          1  0.000e+00
    899.992    -0.5881   2.858656    -0.5882   2.859087    6.43721    -0.0534    13.8155 0.0000e+00  -61.41600  -54.87533 1152853695 195.214076    34.5274      33125          1  0.000e+00
    900.040    -0.5880   2.858626    -0.5876   2.859087    6.43725    -0.0642    13.8155 0.0000e+00  -61.41600  -54.87533 1152853695 195.214076    34.5269      33126          1  0.000e+00
    899.915    -0.5880   2.858639    -0.5877   2.859087    6.43713    -0.1072    13.8155 0.0000e+00  -61.41600  -54.87533 1152853695 195.214077    34.5271      33127          1  0.000e+00
    899.963    -0.5879   2.858639    -0.5877   2.859087    6.43194    -0.1395    13.8155 0.0000e+00  -61.41600  -54.87533 1152853695 195.214077    34.5270      33128          1  0.000e+00
    899.992    -0.5880   2.858659    -0.5880   2.859069    6.43197    -0.1610    13.8155 0.0000e+00  -61.41600  -54.87533 1152853695 195.214078    34.5273      33129          1  0.000e+00
    899.895    -0.5878   2.858649    -0.5873   2.859081    6.43186    -0.0749    13.8155 0.0000e+00  -61.41600  -54.87533 1152853695 195.214078    34.5270      33130          1  0.000e+00
    899.992    -0.5878   2.858646    -0.5874   2.859110    6.43718    -0.0319    13.8155 0.0000e+00  -61.41600  -54.87533 1152853695 195.214079    34.5270      33131          1  0.000e+00
    899.895    -0.5880   2.858626    -0.5880   2.859075    6.43190    -0.0426    13.8155 0.0000e+00  -61.41600  -54.87533 1152853695 195.214079    34.5269      33132          1  0.000e+00
    899.895    -0.5882   2.858639    -0.5876   2.859081    6.43715    -0.0534    13.8155 0.0000e+00  -61.41600  -54.87533 1152853695 195.214080    34.5274      33133          1  0.000e+00
    899.915    -0.5875   2.858646    -0.5876   2.859087    6.43185    -0.0857    13.8155 0.0000e+00  -61.41600  -54.87533 1152853695 195.214080    34.5267      33134          1  0.000e+00
    899.895    -0.5880   2.858639    -0.5874   2.859069    6.43712    -0.0749    13.8155 0.0000e+00  -61.41600  -54.87533 1152853695 195.214081    34.5271      33135          1  0.000e+00
    899.915    -0.5878   2.858642    -0.5876   2.859064    6.43710    -0.0964    13.8155 0.0000e+00  -61.41600  -54.87533 1152853695 195.214081    34.5269      33136          1  0.000e+00
    899.818    -0.5878   2.858659    -0.5875   2.859081    6.43702    -0.1180    13.8155 0.0000e+00  -61.41600  -54.87533 1152853695 195.214082    34.5273      33137          1  0.000e+00
    899.915    -0.5884   2.858666    -0.5880   2.859087    6.43717    -0.0964    13.8155 0.0000e+00  -61.41600  -54.87533 1152853695 195.214082    34.5279      33138          1  0.000e+00
    899.818    -0.5882   2.858666    -0.5879   2.859069    6.43706    -0.1072    13.8155 0.0000e+00  -61.41600  -54.87533 1152853695 195.214083    34.5277      33139          1  0.000e+00
    899.915    -0.5878   2.858632    -0.5874   2.859099    6.43190    -0.0749    13.8155 0.0000e+00  -61.41600  -54.87533 1152853695 195.214083    34.5269      33140          1  0.000e+00
    899.818    -0.5878   2.858622    -0.5877   2.859081    6.43180    -0.0964    13.8155 0.0000e+00  -61.41600  -54.87533 1152853695 195.214084    34.5267      33141          1  0.000e+00
    899.895    -0.5880   2.858632    -0.5876   2.859081    6.43190    -0.0749    13.8155 0.0000e+00  -61.41600  -54.87533 1152853695 195.214084    34.5270      33142          1  0.000e+00
    899.847    -0.5879   2.858626    -0.5879   2.859046    6.43707    -0.0857    13.8155 0.0000e+00  -61.41600  -54.87533 1152853695 195.214085    34.5269      33143          1  0.000e+00
    899.895    -0.5882   2.858652    -0.5873   2.859069    6.43191    -0.0857    13.8155 0.0000e+00  -61.41600  -54.87533 1152853695 195.214085    34.5275      33144          1  0.000e+00
    899.847    -0.5880   2.858632    -0.5876   2.859069    6.43185    -0.1395    13.8155 0.0000e+00  -61.41600  -54.87533 1152853695 195.214086    34.5271      33145          1  0.000e+00
    899.818    -0.5876   2.858622    -0.5879   2.859081    6.43178    -0.1502    13.8155 0.0000e+00  -61.41600  -54.87533 1152853695 195.214086    34.5265      33146          1  0.000e+00
    899.847    -0.5877   2.858639    -0.5877   2.859069    6.43181    -0.1287    13.8155 0.0000e+00  -61.41600  -54.87533 1152853695 195.214087    34.5268      33147          1  0.000e+00
    899.818    -0.5884   2.858646    -0.5874   2.859064    6.43187    -0.1072    13.8155 0.0000e+00  -61.41600  -54.87533 1152853695 195.214087    34.5277      33148          1  0.000e+00
    899.915    -0.5882   2.858656    -0.5877   2.859081    6.43715    -0.1072    13.8155 0.0000e+00  -61.41600  -54.87533 1152853695 195.214088    34.5275      33149          1  0.000e+00
    899.818    -0.5883   2.858649    -0.5876   2.859069    6.43708    -0.0857    13.8155 0.0000e+00  -61.41600  -54.87533 1152853695 195.214088    34.5276      33150          1  0.000e+00
    899.818    -0.5878   2.858659    -0.5875   2.859064    6.43178    -0.1072    13.8155 0.0000e+00  -61.41600  -54.87533 1152853696 195.214089    34.5272      33151          1  0.000e+00
    899.847    -0.5883   2.858649    -0.5873   2.859081    6.43189    -0.1072    13.8155 0.0000e+00  -61.41600  -54.87533 1152853696 195.214089    34.5276      33152          1  0.000e+00
    899.896    -0.5882   2.858626    -0.5877   2.859087    6.43716    -0.1072    13.8155 0.0000e+00  -61.41600  -54.87533 1152853696 195.214090    34.5272      33153          1  0.000e+00
    899.847    -0.5877   2.858639    -0.5877   2.859128    6.43181    -0.1072    13.8155 0.0000e+00  -61.41600  -54.87533 1152853696 195.214090    34.5268      33154          1  0.000e+00
    899.896    -0.5877   2.858659    -0.5876   2.859122    6.43184    -0.1180    13.8155 0.0000e+00  -61.41600  -54.87533 1152853696 195.214090    34.5271      33155          1  0.000e+00
    899.847    -0.5879   2.858646    -0.5877   2.859075    6.43706    -0.0964    13.8155 0.0000e+00  -61.41600  -54.87533 1152853696 195.214091    34.5271      33156          1  0.000e+00
    899.896    -0.5880   2.858659    -0.5877   2.859081    6.43711    -0.1287    13.8155 0.0000e+00  -61.41600  -54.87533 1152853696 195.214091    34.5274      33157          1  0.000e+00
    899.847    -0.5876   2.858632    -0.5877   2.859087    6.43703    -0.1395    13.8155 0.0000e+00  -61.41600  -54.87533 1152853696 195.214092    34.5266      33158          1  0.000e+00
    899.896    -0.5877   2.858652    -0.5873   2.859087    6.43707    -0.1287    13.8155 0.0000e+00  -61.41600  -54.87533 1152853696 195.214092    34.5270      33159          1  0.000e+00
    899.818    -0.5877   2.858649    -0.5876   2.859069    6.43700    -0.0857    13.8155 0.0000e+00  -61.41600  -54.87533 1152853696 195.214093    34.5270      33160          1  0.000e+00
    899.915    -0.5878   2.858646    -0.5876   2.859099    6.43710    -0.0857    13.8155 0.0000e+00  -61.41600  -54.87533 1152853696 195.214093    34.5269      33161          1  0.000e+00
    899.896    -0.5878   2.858676    -0.5876   2.859075    6.43708    -0.0857    13.8155 0.0000e+00  -61.41600  -54.87533 1152853696 195.214094    34.5274      33162          1  0.000e+00
    899.915    -0.5877   2.858669    -0.5874   2.859064    6.43708    -0.0857    13.8155 0.0000e+00  -61.41600  -54.87533 1152853696 195.214094    34.5272      33163          1  0.000e+00
    899.896    -0.5879   2.858649    -0.5880   2.859081    6.43710    -0.1287    13.8155 0.0000e+00  -61.41600  -54.87533 1152853696 195.214095    34.5272      33164          1  0.000e+00
    899.915    -0.5877   2.858659    -0.5876   2.859087    6.43708    -0.0857    13.8155 0.0000e+00  -61.41600  -54.87533 1152853696 195.214095    34.5270      33165          1  0.000e+00
    899.896    -0.5878   2.858666    -0.5878   2.859069    6.43707    -0.0964    13.8155 0.0000e+00  -61.41600  -54.87533 1152853696 195.214096    34.5272      33166          1  0.000e+00
    899.915    -0.5875   2.858632    -0.5877   2.859081    6.43708    -0.1072    13.8155 0.0000e+00  -61.41600  -54.87533 1152853696 195.214096    34.5265      33167          1  0.000e+00
    899.963    -0.5878   2.858652    -0.5876   2.859069    6.43193    -0.0857    13.8155 0.0000e+00  -61.41600  -54.87533 1152853696 195.214097    34.5271      33168          1  0.000e+00
    900.351    -0.5876   2.858713    -0.5873   2.859146    6.43743    -0.1072    13.8155 0.0000e+00  -61.41600  -54.87533 1152853706 195.214208    34.5274      33398          2  0.000e+00
    900.544    -0.5872   2.858693    -0.5871   2.859163    6.43756    -0.1072    13.8155 0.0000e+00  -61.41600  -54.87533 1152853706 195.214208    34.5266      33399          2  0.000e+00
    900.351    -0.5871   2.858706    -0.5867   2.859152    6.43737    -0.1180    13.8155 0.0000e+00  -61.41600  -54.87533 1152853706 195.214209    34.5268      33400          2  0.000e+00
    900.467    -0.5874   2.858729    -0.5871   2.859181    6.44272    -0.1287    13.8155 0.0000e+00  -61.41600  -54.87533 1152853706 195.214209    34.5273      33401          2  0.000e+00
    900.496    -0.5871   2.858716    -0.5871   2.859175    6.44271    -0.0857    13.8155 0.0000e+00  -61.41600  -54.87533 1152853706 195.214210    34.5268      33402          2  0.000e+00
    900.467    -0.5874   2.858709    -0.5868   2.859169    6.44274    -0.0642    13.8155 0.0000e+00  -61.41600  -54.87533 1152853706 195.214210    34.5271      33403          2  0.000e+00
    900.563    -0.5874   2.858713    -0.5869   2.859169    6.44282    -0.0857    13.8155 0.0000e+00  -61.41600  -54.87533 1152853706 195.214211    34.5270      33404          2  0.000e+00
    900.467    -0.5873   2.858713    -0.5869   2.859152    6.44272    -0.1072    13.8155 0.0000e+00  -61.41600  -54.87533 1152853706 195.214211    34.5270      33405          2  0.000e+00
    900.418    -0.5872   2.858676    -0.5868   2.859163    6.43746    -0.1180    13.8155 0.0000e+00  -61.41600  -54.87533 1152853706 195.214212    34.5264      33406          2  0.000e+00
    900.544    -0.5875   2.858716    -0.5867   2.859152    6.44282    -0.1395    13.8155 0.0000e+00  -61.41600  -54.87533 1152853706 195.214212    34.5272      33407          2  0.000e+00
    900.563    -0.5871   2.858716    -0.5865   2.859163    6.43755    -0.0857    13.8155 0.0000e+00  -61.41600  -54.87533 1152853706 195.214212    34.5268      33408          2  0.000e+00
    900.467    -0.5875   2.858729    -0.5869   2.859169    6.43751    -0.0964    13.8155 0.0000e+00  -61.41600  -54.87533 1152853706 195.214213    34.5275      33409          2  0.000e+00
    900.544    -0.5873   2.858753    -0.5869   2.859152    6.43754    -0.0964    13.8155 0.0000e+00  -61.41600  -54.87533 1152853706 195.214213    34.5275      33410          2  0.000e+00
    900.563    -0.5872   2.858689    -0.5866   2.859163    6.43758    -0.1718    13.8155 0.0000e+00  -61.41600  -54.87533 1152853706 195.214214    34.5265      33411          2  0.000e+00
    900.544    -0.5875   2.858699    -0.5871   2.859169    6.43760    -0.1395    13.8155 0.0000e+00  -61.41600  -54.87533 1152853706 195.214214    34.5270      33412          2  0.000e+00
    900.563    -0.5873   2.858713    -0.5871   2.859152    6.43758    -0.1072    13.8155 0.0000e+00  -61.41600  -54.87533 1152853706 195.214215    34.5269      33413          2  0.000e+00
    900.612    -0.5880   2.858713    -0.5873   2.859146    6.43771    -0.1072    13.8155 0.0000e+00  -61.41600  -54.87533 1152853707 195.214215    34.5277      33414          2  0.000e+00
    900.563    -0.5875   2.858726    -0.5866   2.859163    6.43760    -0.0642    13.8155 0.0000e+00  -61.41600  -54.87533 1152853707 195.214216    34.5274      33415          2  0.000e+00
    900.612    -0.5874   2.858733    -0.5871   2.859187    6.43763    -0.0534    13.8155 0.0000e+00  -61.41600  -54.87533 1152853707 195.214216    34.5273      33416          2  0.000e+00
    900.631    -0.5874   2.858716    -0.5868   2.859199    6.44287    -0.0642    13.8155 0.0000e+00  -61.41600  -54.87533 1152853707 195.214217    34.5270      33417          2  0.000e+00
    900.544    -0.5873   2.858746    -0.5871   2.859158    6.44277    -0.0964    13.8155 0.0000e+00  -61.41600  -54.87533 1152853707 195.214217    34.5274      33418          2  0.000e+00
    900.631    -0.5875   2.858706    -0.5868   2.859163    6.44290    -0.1180    13.8155 0.0000e+00  -61.41600  -54.87533 1152853707 195.214218    34.5271      33419          2  0.000e+00
    900.679    -0.5877   2.858706    -0.5871   2.859152    6.44297    -0.1287    13.8155 0.0000e+00  -61.41600  -54.87533 1152853707 195.214218    34.5272      33420          2  0.000e+00
    900.612    -0.5873   2.858729    -0.5866   2.859146    6.43761    -0.0964    13.8155 0.0000e+00  -61.41600  -54.87533 1152853707 195.214219    34.5271      33421          2  0.000e+00
    900.708    -0.5877   2.858716    -0.5869   2.859146    6.43776    -0.1072    13.8155 0.0000e+00  -61.41600  -54.87533 1152853707 195.214219    34.5273      33422          2  0.000e+00
    900.679    -0.5874   2.858746    -0.5873   2.859163    6.44291    -0.0749    13.8155 0.0000e+00  -61.41600  -54.87533 1152853707 195.214220    34.5275      33423          2  0.000e+00
    900.631    -0.5874   2.858723    -0.5868   2.859169    6.44287    -0.0857    13.8155 0.0000e+00  -61.41600  -54.87533 1152853707 195.214220    34.5271      33424          2  0.000e+00
    900.756    -0.5869   2.858729    -0.5871   2.859169    6.44292    -0.1287    13.8155 0.0000e+00  -61.41600  -54.87533 1152853707 195.214221    34.5266      33425          2  0.000e+00
    900.708    -0.5874   2.858769    -0.5869   2.859152    6.44292    -0.1287    13.8155 0.0000e+00  -61.41600  -54.87533 1152853707 195.214221    34.5278      33426          2  0.000e+00
    900.679    -0.5869   2.858713    -0.5869   2.859122    6.44286    -0.1180    13.8155 0.0000e+00  -61.41600  -54.87533 1152853707 195.214222    34.5264      33427          2  0.000e+00
    900.776    -0.5874   2.858739    -0.5867   2.859152    6.44300    -0.1180    13.8155 0.0000e+00  -61.41600  -54.87533 1152853707 195.214222    34.5273      33428          2  0.000e+00
    900.756    -0.5872   2.858719    -0.5873   2.859152    6.44296    -0.1287    13.8155 0.0000e+00  -61.41600  -54.87533 1152853707 195.214223    34.5268      33429          2  0.000e+00
    900.776    -0.5871   2.858729    -0.5871   2.859146    6.44295    -0.1287    13.8155 0.0000e+00  -61.41600  -54.87533 1152853707 195.214223    34.5268      33430          2  0.000e+00
    900.756    -0.5873   2.858736    -0.5866   2.859163    6.44296    -0.1180    13.8155 0.0000e+00  -61.41600  -54.87533 1152853707 195.214224    34.5271      33431          2  0.000e+00
    900.776    -0.5872   2.858736    -0.5868   2.859193    6.44297    -0.0964    13.8155 0.0000e+00  -61.41600  -54.87533 1152853707 195.214224    34.5270      33432          2  0.000e+00
    900.824    -0.5874   2.858716    -0.5869   2.859199    6.44306    -0.1287    13.8155 0.0000e+00  -61.41600  -54.87533 1152853707 195.214225    34.5270      33433          2  0.000e+00
