product_data/regression_test/downloaded_data/MGDS/320620060703/ctd/p6612001.cnv
* Sea-Bird SBE 9 Data File:
* FileName = D:\Data\Raw\p6612001.dat
* Software Version Seasave Win32 V 5.32
* Temperature SN = 1649
* Conductivity SN = 1431
* Number of Bytes Per Scan = 37
* Number of Voltage Words = 5
* Number of Scans Averaged by the Deck Unit = 1
* NMEA Latitude = 61 12.38 S
* NMEA Longitude = 054 28.58 W
* NMEA UTC (Time) = 23:59:24
** Ship:   Nathaniel B. Palmer 
** Cruise:    NBP0606 
# nquan = 15
# nvalues = 758                         
# units = specified
# name 0 = prDM: Pressure, Digiquartz [db]
# name 1 = t090C: Temperature [ITS-90, deg C]
# name 2 = c0S/m: Conductivity [S/m]
# name 3 = t190C: Temperature, 2 [ITS-90, deg C]
# name 4 = c1S/m: Conductivity, 2 [S/m]
# name 5 = sbeox0ML/L: Oxygen, SBE 43 [ml/l]
# name 6 = flECO-AFL: Fluorescence, Wetlab ECO-AFL/FL [mg/m^3]
# name 7 = bat: Beam Attenuation, Chelsea/Seatech/Wetlab CStar [1/m]
# name 8 = spar: SPAR/Surface Irradiance
# name 9 = latitude: Latitude [deg]
# name 10 = longitude: Longitude [deg]
# name 11 = timeY: Time, System [seconds]
# name 12 = timeJ: Julian Days
# name 13 = sal00: Salinity [PSU]
# name 14 = flag: flag
# span 0 =      4.000,    761.000       
# span 1 =    -0.7447,    -0.1953       
# span 2 =   2.783473,   2.868330       
# span 3 =    -0.7445,    -0.1951       
# span 4 =   2.783916,   2.868729       
# span 5 =    6.27264,    7.53316       
# span 6 =    -0.1292,     0.0810       
# span 7 =    13.8155,    13.8155       
# span 8 = 0.0000e+00, 0.0000e+00       
# span 9 =  -61.20633,  -61.20633       
# span 10 =  -54.47633,  -54.47633      
# span 11 = 1152921573, 1152922689      
# span 12 = 195.999697, 196.012628      
# span 13 =    34.2062,    34.5211      
# span 14 = 0.0000e+00, 0.0000e+00      
# interval = decibars: 1                
# start_time = Jul 14 2006 23:59:32
# bad_flag = -9.990e-29
*END*
      4.000    -0.6894   2.786075    -0.6937   2.786163    7.45045     0.0682    13.8155 0.0000e+00  -61.20633  -54.47633 1152921573 195.999697    34.2062 0.0000e+00
      5.000    -0.7046   2.784881    -0.7064   2.785174    7.45345     0.0555    13.8155 0.0000e+00  -61.20633  -54.47633 1152921574 195.999726    34.2067 0.0000e+00
      6.000    -0.7115   2.784360    -0.7123   2.784706    7.45880     0.0679    13.8155 0.0000e+00  -61.20633  -54.47633 1152921576 195.999741    34.2069 0.0000e+00
      7.000    -0.7046   2.784996    -0.7046   2.785422    7.46450     0.0699    13.8155 0.0000e+00  -61.20633  -54.47633 1152921579 195.999781    34.2067 0.0000e+00
      8.000    -0.7231   2.783473    -0.7227   2.783916    7.47512     0.0608    13.8155 0.0000e+00  -61.20633  -54.47633 1152921582 195.999808    34.2069 0.0000e+00
      9.000    -0.7225   2.783572    -0.7216   2.784031    7.47961     0.0606    13.8155 0.0000e+00  -61.20633  -54.47633 1152921583 195.999826    34.2068 0.0000e+00
     10.000    -0.7205   2.783793    -0.7202   2.784195    7.48554     0.0777    13.8155 0.0000e+00  -61.20633  -54.47633 1152921588 195.999881    34.2067 0.0000e+00
     11.000    -0.7174   2.784126    -0.7171   2.784533    7.48273     0.0579    13.8155 0.0000e+00  -61.20633  -54.47633 1152921590 195.999908    34.2068 0.0000e+00
     12.000    -0.7175   2.784189    -0.7171   2.784596    7.48854     0.0559    13.8155 0.0000e+00  -61.20633  -54.47633 1152921593 195.999940    34.2071 0.0000e+00
     13.000    -0.7156   2.784428    -0.7155   2.784820    7.49378     0.0542    13.8155 0.0000e+00  -61.20633  -54.47633 1152921597 195.999986    34.2075 0.0000e+00
     14.000    -0.7149   2.784497    -0.7144   2.784909    7.48990     0.0625    13.8155 0.0000e+00  -61.20633  -54.47633 1152921600 196.000019    34.2070 0.0000e+00
     15.000    -0.7151   2.784554    -0.7145   2.784961    7.48892     0.0585    13.8155 0.0000e+00  -61.20633  -54.47633 1152921602 196.000044    34.2074 0.0000e+00
     16.000    -0.7153   2.784561    -0.7151   2.784963    7.49300     0.0549    13.8155 0.0000e+00  -61.20633  -54.47633 1152921604 196.000072    34.2071 0.0000e+00
     17.000    -0.7165   2.784526    -0.7160   2.784951    7.49113     0.0376    13.8155 0.0000e+00  -61.20633  -54.47633 1152921609 196.000130    34.2074 0.0000e+00
     18.000    -0.7155   2.784642    -0.7153   2.785049    7.49292     0.0552    13.8155 0.0000e+00  -61.20633  -54.47633 1152921610 196.000142    34.2072 0.0000e+00
     19.000    -0.7167   2.784617    -0.7166   2.785004    7.49867     0.0563    13.8155 0.0000e+00  -61.20633  -54.47633 1152921615 196.000193    34.2076 0.0000e+00
     20.000    -0.7172   2.784636    -0.7167   2.785058    7.50085     0.0564    13.8155 0.0000e+00  -61.20633  -54.47633 1152921617 196.000222    34.2079 0.0000e+00
     21.000    -0.7159   2.784741    -0.7158   2.785139    7.50080     0.0625    13.8155 0.0000e+00  -61.20633  -54.47633 1152921618 196.000234    34.2071 0.0000e+00
     22.000    -0.7168   2.784705    -0.7167   2.785098    7.50586     0.0634    13.8155 0.0000e+00  -61.20633  -54.47633 1152921623 196.000288    34.2070 0.0000e+00
     23.000    -0.7184   2.784586    -0.7188   2.784959    7.51159     0.0571    13.8155 0.0000e+00  -61.20633  -54.47633 1152921626 196.000328    34.2067 0.0000e+00
     24.000    -0.7189   2.784598    -0.7184   2.785034    7.50919     0.0564    13.8155 0.0000e+00  -61.20633  -54.47633 1152921628 196.000349    34.2067 0.0000e+00
     25.000    -0.7194   2.784586    -0.7192   2.784998    7.50704     0.0630    13.8155 0.0000e+00  -61.20633  -54.47633 1152921631 196.000378    34.2066 0.0000e+00
     26.000    -0.7193   2.784641    -0.7189   2.785076    7.51413     0.0638    13.8155 0.0000e+00  -61.20633  -54.47633 1152921636 196.000440    34.2065 0.0000e+00
     27.000    -0.7192   2.784701    -0.7187   2.785132    7.51170     0.0546    13.8155 0.0000e+00  -61.20633  -54.47633 1152921637 196.000455    34.2065 0.0000e+00
     28.000    -0.7198   2.784688    -0.7197   2.785103    7.50535     0.0707    13.8155 0.0000e+00  -61.20633  -54.47633 1152921640 196.000485    34.2064 0.0000e+00
     29.000    -0.7199   2.784730    -0.7196   2.785154    7.50919     0.0652    13.8155 0.0000e+00  -61.20633  -54.47633 1152921643 196.000519    34.2066 0.0000e+00
     30.000    -0.7197   2.784823    -0.7194   2.785253    7.51098     0.0661    13.8155 0.0000e+00  -61.20633  -54.47633 1152921645 196.000548    34.2069 0.0000e+00
     31.000    -0.7189   2.784936    -0.7189   2.785345    7.51065     0.0694    13.8155 0.0000e+00  -61.20633  -54.47633 1152921648 196.000579    34.2069 0.0000e+00
     32.000    -0.7195   2.784957    -0.7192   2.785380    7.51204     0.0699    13.8155 0.0000e+00  -61.20633  -54.47633 1152921651 196.000612    34.2072 0.0000e+00
     33.000    -0.7206   2.784935    -0.7204   2.785360    7.51422     0.0673    13.8155 0.0000e+00  -61.20633  -54.47633 1152921653 196.000631    34.2076 0.0000e+00
     34.000    -0.7271   2.784571    -0.7263   2.785041    7.51770     0.0596    13.8155 0.0000e+00  -61.20633  -54.47633 1152921654 196.000648    34.2096 0.0000e+00
     35.000    -0.7297   2.784430    -0.7310   2.784765    7.51440     0.0670    13.8155 0.0000e+00  -61.20633  -54.47633 1152921656 196.000669    34.2101 0.0000e+00
     36.000    -0.7326   2.784311    -0.7320   2.784773    7.51656     0.0579    13.8155 0.0000e+00  -61.20633  -54.47633 1152921658 196.000694    34.2111 0.0000e+00
     37.000    -0.7370   2.784044    -0.7371   2.784461    7.52127     0.0635    13.8155 0.0000e+00  -61.20633  -54.47633 1152921661 196.000724    34.2119 0.0000e+00
     38.000    -0.7394   2.783924    -0.7391   2.784365    7.52424     0.0605    13.8155 0.0000e+00  -61.20633  -54.47633 1152921664 196.000761    34.2124 0.0000e+00
     39.000    -0.7389   2.784019    -0.7389   2.784431    7.52648     0.0594    13.8155 0.0000e+00  -61.20633  -54.47633 1152921666 196.000782    34.2124 0.0000e+00
     40.000    -0.7388   2.784067    -0.7383   2.784514    7.52859     0.0601    13.8155 0.0000e+00  -61.20633  -54.47633 1152921667 196.000802    34.2122 0.0000e+00
     41.000    -0.7393   2.784079    -0.7413   2.784331    7.53316     0.0546    13.8155 0.0000e+00  -61.20633  -54.47633 1152921669 196.000825    34.2123 0.0000e+00
     42.000    -0.7447   2.783706    -0.7442   2.784165    7.53284     0.0571    13.8155 0.0000e+00  -61.20633  -54.47633 1152921671 196.000840    34.2129 0.0000e+00
     43.000    -0.7447   2.783758    -0.7445   2.784194    7.53292     0.0470    13.8155 0.0000e+00  -61.20633  -54.47633 1152921672 196.000854    34.2129 0.0000e+00
     44.000    -0.7438   2.783901    -0.7435   2.784330    7.53108     0.0499    13.8155 0.0000e+00  -61.20633  -54.47633 1152921677 196.000913    34.2132 0.0000e+00
     45.000    -0.7423   2.784117    -0.7425   2.784523    7.53094     0.0347    13.8155 0.0000e+00  -61.20633  -54.47633 1152921678 196.000926    34.2137 0.0000e+00
     46.000    -0.7444   2.784008    -0.7441   2.784445    7.52990     0.0566    13.8155 0.0000e+00  -61.20633  -54.47633 1152921680 196.000946    34.2140 0.0000e+00
     47.000    -0.7267   2.785848    -0.7222   2.786619    7.52112     0.0579    13.8155 0.0000e+00  -61.20633  -54.47633 1152921684 196.000990    34.2181 0.0000e+00
     48.000    -0.7099   2.787527    -0.7114   2.787779    7.51244     0.0432    13.8155 0.0000e+00  -61.20633  -54.47633 1152921685 196.001001    34.2202 0.0000e+00
     49.000    -0.7128   2.787307    -0.7119   2.787780    7.50465     0.0377    13.8155 0.0000e+00  -61.20633  -54.47633 1152921685 196.001010    34.2201 0.0000e+00
     50.000    -0.7003   2.788526    -0.6989   2.789008    7.49514     0.0432    13.8155 0.0000e+00  -61.20633  -54.47633 1152921686 196.001022    34.2216 0.0000e+00
     51.000    -0.6997   2.788597    -0.6992   2.789048    7.48143     0.0553    13.8155 0.0000e+00  -61.20633  -54.47633 1152921690 196.001066    34.2216 0.0000e+00
     52.000    -0.6955   2.789069    -0.6910   2.789790    7.47541     0.0541    13.8155 0.0000e+00  -61.20633  -54.47633 1152921694 196.001108    34.2227 0.0000e+00
     53.000    -0.6756   2.790930    -0.6757   2.791345    7.46551     0.0371    13.8155 0.0000e+00  -61.20633  -54.47633 1152921695 196.001122    34.2241 0.0000e+00
     54.000    -0.6712   2.791480    -0.6699   2.791928    7.45885     0.0436    13.8155 0.0000e+00  -61.20633  -54.47633 1152921696 196.001137    34.2263 0.0000e+00
     55.000    -0.6581   2.792780    -0.6577   2.793189    7.44672     0.0378    13.8155 0.0000e+00  -61.20633  -54.47633 1152921698 196.001154    34.2279 0.0000e+00
     56.000    -0.6484   2.793781    -0.6482   2.794162    7.43073     0.0490    13.8155 0.0000e+00  -61.20633  -54.47633 1152921700 196.001174    34.2299 0.0000e+00
     57.000    -0.6461   2.794056    -0.6445   2.794575    7.41340     0.0664    13.8155 0.0000e+00  -61.20633  -54.47633 1152921704 196.001224    34.2308 0.0000e+00
     58.000    -0.6391   2.794791    -0.6386   2.795217    7.40876     0.0434    13.8155 0.0000e+00  -61.20633  -54.47633 1152921706 196.001247    34.2322 0.0000e+00
     59.000    -0.6367   2.795082    -0.6362   2.795489    7.40370     0.0524    13.8155 0.0000e+00  -61.20633  -54.47633 1152921707 196.001259    34.2328 0.0000e+00
     60.000    -0.6330   2.795480    -0.6328   2.795875    7.39619     0.0462    13.8155 0.0000e+00  -61.20633  -54.47633 1152921708 196.001274    34.2335 0.0000e+00
     61.000    -0.6328   2.795538    -0.6312   2.796071    7.39543     0.0520    13.8155 0.0000e+00  -61.20633  -54.47633 1152921711 196.001311    34.2336 0.0000e+00
     62.000    -0.6168   2.797149    -0.6168   2.797470    7.38993     0.0491    13.8155 0.0000e+00  -61.20633  -54.47633 1152921714 196.001339    34.2364 0.0000e+00
     63.000    -0.6111   2.797719    -0.6104   2.798155    7.38237     0.0517    13.8155 0.0000e+00  -61.20633  -54.47633 1152921715 196.001359    34.2369 0.0000e+00
     64.000    -0.6098   2.797887    -0.6093   2.798304    7.37156     0.0484    13.8155 0.0000e+00  -61.20633  -54.47633 1152921718 196.001384    34.2373 0.0000e+00
     65.000    -0.6080   2.798088    -0.6076   2.798512    7.36933     0.0476    13.8155 0.0000e+00  -61.20633  -54.47633 1152921720 196.001407    34.2375 0.0000e+00
     66.000    -0.6067   2.798272    -0.6066   2.798655    7.36863     0.0397    13.8155 0.0000e+00  -61.20633  -54.47633 1152921722 196.001428    34.2379 0.0000e+00
     67.000    -0.6059   2.798434    -0.6058   2.798839    7.36973     0.0551    13.8155 0.0000e+00  -61.20633  -54.47633 1152921724 196.001452    34.2386 0.0000e+00
     68.000    -0.6065   2.798467    -0.6061   2.798877    7.36642     0.0338    13.8155 0.0000e+00  -61.20633  -54.47633 1152921727 196.001495    34.2393 0.0000e+00
     69.000    -0.6064   2.798521    -0.6060   2.798944    7.36630     0.0397    13.8155 0.0000e+00  -61.20633  -54.47633 1152921729 196.001511    34.2394 0.0000e+00
     70.000    -0.6060   2.798602    -0.6059   2.799015    7.36329     0.0463    13.8155 0.0000e+00  -61.20633  -54.47633 1152921730 196.001524    34.2393 0.0000e+00
     71.000    -0.6065   2.798620    -0.6061   2.799035    7.35938     0.0438    13.8155 0.0000e+00  -61.20633  -54.47633 1152921732 196.001550    34.2396 0.0000e+00
     72.000    -0.6072   2.798611    -0.6071   2.799025    7.36170     0.0410    13.8155 0.0000e+00  -61.20633  -54.47633 1152921735 196.001587    34.2398 0.0000e+00
     73.000    -0.6071   2.798664    -0.6069   2.799087    7.36648     0.0315    13.8155 0.0000e+00  -61.20633  -54.47633 1152921737 196.001609    34.2398 0.0000e+00
     74.000    -0.6081   2.798651    -0.6076   2.799082    7.37169     0.0473    13.8155 0.0000e+00  -61.20633  -54.47633 1152921739 196.001627    34.2401 0.0000e+00
     75.000    -0.6077   2.798726    -0.6074   2.799142    7.37032     0.0421    13.8155 0.0000e+00  -61.20633  -54.47633 1152921740 196.001645    34.2400 0.0000e+00
     76.000    -0.6090   2.798678    -0.6087   2.799094    7.36389     0.0527    13.8155 0.0000e+00  -61.20633  -54.47633 1152921744 196.001687    34.2402 0.0000e+00
     77.000    -0.6098   2.798677    -0.6096   2.799102    7.36619     0.0473    13.8155 0.0000e+00  -61.20633  -54.47633 1152921746 196.001709    34.2406 0.0000e+00
     78.000    -0.6104   2.798690    -0.6101   2.799114    7.36441     0.0479    13.8155 0.0000e+00  -61.20633  -54.47633 1152921747 196.001726    34.2408 0.0000e+00
     79.000    -0.6117   2.798608    -0.6119   2.798979    7.36452     0.0336    13.8155 0.0000e+00  -61.20633  -54.47633 1152921750 196.001757    34.2406 0.0000e+00
     80.000    -0.6122   2.798602    -0.6126   2.798959    7.36572     0.0336    13.8155 0.0000e+00  -61.20633  -54.47633 1152921752 196.001778    34.2406 0.0000e+00
     81.000    -0.6134   2.798556    -0.6142   2.798893    7.36702     0.0461    13.8155 0.0000e+00  -61.20633  -54.47633 1152921753 196.001797    34.2406 0.0000e+00
     82.000    -0.6191   2.798139    -0.6185   2.798586    7.37244     0.0429    13.8155 0.0000e+00  -61.20633  -54.47633 1152921757 196.001839    34.2409 0.0000e+00
     83.000    -0.6186   2.798236    -0.6177   2.798711    7.37235     0.0302    13.8155 0.0000e+00  -61.20633  -54.47633 1152921758 196.001854    34.2411 0.0000e+00
     84.000    -0.6149   2.798603    -0.6139   2.799085    7.37119     0.0378    13.8155 0.0000e+00  -61.20633  -54.47633 1152921759 196.001866    34.2410 0.0000e+00
     85.000    -0.6128   2.798831    -0.6128   2.799226    7.36819     0.0409    13.8155 0.0000e+00  -61.20633  -54.47633 1152921763 196.001911    34.2409 0.0000e+00
     86.000    -0.6183   2.798420    -0.6182   2.798841    7.36655     0.0479    13.8155 0.0000e+00  -61.20633  -54.47633 1152921765 196.001935    34.2412 0.0000e+00
     87.000    -0.6211   2.798198    -0.6217   2.798575    7.36330     0.0409    13.8155 0.0000e+00  -61.20633  -54.47633 1152921766 196.001947    34.2408 0.0000e+00
     88.000    -0.6214   2.798231    -0.6209   2.798678    7.36308     0.0576    13.8155 0.0000e+00  -61.20633  -54.47633 1152921768 196.001968    34.2411 0.0000e+00
     89.000    -0.6216   2.798250    -0.6219   2.798628    7.36932     0.0443    13.8155 0.0000e+00  -61.20633  -54.47633 1152921771 196.001999    34.2409 0.0000e+00
     90.000    -0.6213   2.798332    -0.6211   2.798766    7.37479     0.0486    13.8155 0.0000e+00  -61.20633  -54.47633 1152921774 196.002039    34.2410 0.0000e+00
     91.000    -0.6205   2.798462    -0.6199   2.798915    7.37223     0.0424    13.8155 0.0000e+00  -61.20633  -54.47633 1152921776 196.002059    34.2412 0.0000e+00
     92.000    -0.6166   2.798868    -0.6161   2.799321    7.36942     0.0533    13.8155 0.0000e+00  -61.20633  -54.47633 1152921777 196.002075    34.2414 0.0000e+00
     93.000    -0.6172   2.798871    -0.6188   2.799127    7.36801     0.0769    13.8155 0.0000e+00  -61.20633  -54.47633 1152921779 196.002092    34.2416 0.0000e+00
     94.000    -0.6184   2.798796    -0.6192   2.799125    7.36812     0.0629    13.8155 0.0000e+00  -61.20633  -54.47633 1152921781 196.002122    34.2413 0.0000e+00
     95.000    -0.6188   2.798818    -0.6190   2.799203    7.37323     0.0489    13.8155 0.0000e+00  -61.20633  -54.47633 1152921786 196.002170    34.2415 0.0000e+00
     96.000    -0.6177   2.798961    -0.6177   2.799363    7.36819     0.0662    13.8155 0.0000e+00  -61.20633  -54.47633 1152921787 196.002183    34.2416 0.0000e+00
     97.000    -0.6154   2.799232    -0.6153   2.799651    7.36399     0.0500    13.8155 0.0000e+00  -61.20633  -54.47633 1152921788 196.002196    34.2419 0.0000e+00
     98.000    -0.6147   2.799356    -0.6145   2.799759    7.36309     0.0594    13.8155 0.0000e+00  -61.20633  -54.47633 1152921789 196.002212    34.2422 0.0000e+00
     99.000    -0.6117   2.799696    -0.6114   2.800123    7.36068     0.0753    13.8155 0.0000e+00  -61.20633  -54.47633 1152921792 196.002241    34.2427 0.0000e+00
