product_data/regression_test/downloaded_data/MGDS/320620060703/ctd/p6611501.cnv
* Sea-Bird SBE 9 Data File:
* FileName = D:\Data\Raw\p6611501.dat
* Software Version Seasave Win32 V 5.32
* Temperature SN = 1649
* Conductivity SN = 1431
* Number of Bytes Per Scan = 37
* Number of Voltage Words = 5
* Number of Scans Averaged by the Deck Unit = 1
* NMEA Latitude = 61 33.00 S
* NMEA Longitude = 054 52.51 W
* NMEA UTC (Time) = 10:29:23
** Ship:   Nathaniel B. Palmer 
** Cruise:    NBP0606 
# nquan = 15
# nvalues = 992                         
# units = specified
# name 0 = prDM: Pressure, Digiquartz [db]
# name 1 = t090C: Temperature [ITS-90, deg C]
# name 2 = c0S/m: Conductivity [S/m]
# name 3 = t190C: Temperature, 2 [ITS-90, deg C]
# name 4 = c1S/m: Conductivity, 2 [S/m]
# name 5 = sbeox0ML/L: Oxygen, SBE 43 [ml/l]
# name 6 = flECO-AFL: Fluorescence, Wetlab ECO-AFL/FL [mg/m^3]
# name 7 = bat: Beam Attenuation, Chelsea/Seatech/Wetlab CStar [1/m]
# name 8 = spar: SPAR/Surface Irradiance
# name 9 = latitude: Latitude [deg]
# name 10 = longitude: Longitude [deg]
# name 11 = timeY: Time, System [seconds]
# name 12 = timeJ: Julian Days
# name 13 = sal00: Salinity [PSU]
# name 14 = flag: flag
# span 0 =     10.000,   1001.000       
# span 1 =    -1.6778,    -0.4605       
# span 2 =   2.700916,   2.860617       
# span 3 =    -1.6785,    -0.4595       
# span 4 =   2.702193,   2.861056       
# span 5 =    6.43610,    8.38526       
# span 6 =    -0.1275,     0.2002       
# span 7 =    13.8155,    13.8155       
# span 8 = 0.0000e+00, 0.0000e+00       
# span 9 =  -61.55000,  -61.55000       
# span 10 =  -54.87517,  -54.87517      
# span 11 = 1152872924, 1152874460      
# span 12 = 195.436603, 195.454419      
# span 13 =    34.1570,    34.5312      
# span 14 = 0.0000e+00, 0.0000e+00      
# interval = decibars: 1                
# start_time = Jul 14 2006 10:29:31
# bad_flag = -9.990e-29
*END*
[from data line 579]
    589.000    -0.5408   2.847958    -0.5406   2.848400    6.44430    -0.0666    13.8155 0.0000e+00  -61.55000  -54.87517 1152873852 195.447377    34.5139 0.0000e+00
    590.000    -0.5429   2.847844    -0.5425   2.848287    6.44236    -0.0787    13.8155 0.0000e+00  -61.55000  -54.87517 1152873852 195.447387    34.5143 0.0000e+00
    591.000    -0.5431   2.847871    -0.5427   2.848320    6.44409    -0.0884    13.8155 0.0000e+00  -61.55000  -54.87517 1152873853 195.447398    34.5143 0.0000e+00
    592.000    -0.5431   2.847916    -0.5428   2.848357    6.44179    -0.0778    13.8155 0.0000e+00  -61.55000  -54.87517 1152873855 195.447415    34.5143 0.0000e+00
    593.000    -0.5428   2.847982    -0.5423   2.848437    6.43955    -0.0745    13.8155 0.0000e+00  -61.55000  -54.87517 1152873857 195.447434    34.5143 0.0000e+00
    594.000    -0.5426   2.848042    -0.5421   2.848487    6.44171    -0.0924    13.8155 0.0000e+00  -61.55000  -54.87517 1152873858 195.447450    34.5142 0.0000e+00
    595.000    -0.5422   2.848123    -0.5417   2.848581    6.44443    -0.0865    13.8155 0.0000e+00  -61.55000  -54.87517 1152873859 195.447468    34.5142 0.0000e+00
    596.000    -0.5419   2.848193    -0.5415   2.848643    6.44636    -0.0983    13.8155 0.0000e+00  -61.55000  -54.87517 1152873861 195.447487    34.5142 0.0000e+00
    597.000    -0.5420   2.848233    -0.5417   2.848668    6.44687    -0.0893    13.8155 0.0000e+00  -61.55000  -54.87517 1152873862 195.447501    34.5143 0.0000e+00
    598.000    -0.5454   2.848003    -0.5460   2.848403    6.44750    -0.0824    13.8155 0.0000e+00  -61.55000  -54.87517 1152873863 195.447512    34.5145 0.0000e+00
    599.000    -0.5470   2.847937    -0.5466   2.848399    6.44812    -0.0721    13.8155 0.0000e+00  -61.55000  -54.87517 1152873864 195.447523    34.5150 0.0000e+00
    600.000    -0.5476   2.847935    -0.5472   2.848395    6.44833    -0.0683    13.8155 0.0000e+00  -61.55000  -54.87517 1152873865 195.447535    34.5149 0.0000e+00
    601.000    -0.5476   2.847975    -0.5472   2.848430    6.44883    -0.0819    13.8155 0.0000e+00  -61.55000  -54.87517 1152873866 195.447549    34.5149 0.0000e+00
    602.000    -0.5474   2.848039    -0.5471   2.848482    6.44894    -0.0943    13.8155 0.0000e+00  -61.55000  -54.87517 1152873868 195.447565    34.5149 0.0000e+00
    603.000    -0.5475   2.848081    -0.5470   2.848528    6.44745    -0.0868    13.8155 0.0000e+00  -61.55000  -54.87517 1152873869 195.447580    34.5150 0.0000e+00
    604.000    -0.5471   2.848158    -0.5463   2.848625    6.44808    -0.0808    13.8155 0.0000e+00  -61.55000  -54.87517 1152873871 195.447600    34.5149 0.0000e+00
    605.000    -0.5447   2.848387    -0.5443   2.848826    6.44867    -0.0764    13.8155 0.0000e+00  -61.55000  -54.87517 1152873873 195.447624    34.5146 0.0000e+00
    606.000    -0.5461   2.848319    -0.5462   2.848739    6.44973    -0.0830    13.8155 0.0000e+00  -61.55000  -54.87517 1152873874 195.447640    34.5148 0.0000e+00
    607.000    -0.5449   2.848459    -0.5436   2.848972    6.44996    -0.0855    13.8155 0.0000e+00  -61.55000  -54.87517 1152873875 195.447651    34.5146 0.0000e+00
    608.000    -0.5446   2.848523    -0.5445   2.848953    6.45035    -0.0801    13.8155 0.0000e+00  -61.55000  -54.87517 1152873876 195.447660    34.5146 0.0000e+00
    609.000    -0.5438   2.848619    -0.5437   2.849057    6.45066    -0.0980    13.8155 0.0000e+00  -61.55000  -54.87517 1152873877 195.447669    34.5143 0.0000e+00
    610.000    -0.5445   2.848611    -0.5441   2.849069    6.45030    -0.0917    13.8155 0.0000e+00  -61.55000  -54.87517 1152873878 195.447679    34.5144 0.0000e+00
    611.000    -0.5448   2.848646    -0.5444   2.849086    6.44755    -0.0868    13.8155 0.0000e+00  -61.55000  -54.87517 1152873879 195.447699    34.5146 0.0000e+00
    612.000    -0.5445   2.848716    -0.5440   2.849169    6.44950    -0.0885    13.8155 0.0000e+00  -61.55000  -54.87517 1152873881 195.447721    34.5146 0.0000e+00
    613.000    -0.5440   2.848798    -0.5436   2.849233    6.45108    -0.0852    13.8155 0.0000e+00  -61.55000  -54.87517 1152873882 195.447735    34.5145 0.0000e+00
    614.000    -0.5432   2.848899    -0.5428   2.849347    6.44913    -0.0822    13.8155 0.0000e+00  -61.55000  -54.87517 1152873884 195.447749    34.5144 0.0000e+00
    615.000    -0.5480   2.848578    -0.5445   2.849248    6.44889    -0.0887    13.8155 0.0000e+00  -61.55000  -54.87517 1152873885 195.447765    34.5150 0.0000e+00
    616.000    -0.5530   2.848241    -0.5552   2.848521    6.44780    -0.0898    13.8155 0.0000e+00  -61.55000  -54.87517 1152873887 195.447782    34.5156 0.0000e+00
    617.000    -0.5566   2.848013    -0.5555   2.848521    6.44915    -0.0789    13.8155 0.0000e+00  -61.55000  -54.87517 1152873888 195.447796    34.5163 0.0000e+00
    618.000    -0.5573   2.848011    -0.5573   2.848433    6.45266    -0.0780    13.8155 0.0000e+00  -61.55000  -54.87517 1152873889 195.447809    34.5164 0.0000e+00
    619.000    -0.5545   2.848276    -0.5535   2.848748    6.45616    -0.0904    13.8155 0.0000e+00  -61.55000  -54.87517 1152873890 195.447823    34.5161 0.0000e+00
    620.000    -0.5519   2.848531    -0.5535   2.848802    6.45632    -0.0879    13.8155 0.0000e+00  -61.55000  -54.87517 1152873892 195.447840    34.5158 0.0000e+00
    621.000    -0.5478   2.848866    -0.5495   2.849156    6.45413    -0.0850    13.8155 0.0000e+00  -61.55000  -54.87517 1152873893 195.447853    34.5149 0.0000e+00
    622.000    -0.5553   2.848332    -0.5555   2.848760    6.45422    -0.0881    13.8155 0.0000e+00  -61.55000  -54.87517 1152873894 195.447866    34.5159 0.0000e+00
    623.000    -0.5575   2.848219    -0.5570   2.848669    6.45491    -0.0810    13.8155 0.0000e+00  -61.55000  -54.87517 1152873895 195.447879    34.5163 0.0000e+00
    624.000    -0.5576   2.848259    -0.5569   2.848720    6.45547    -0.0880    13.8155 0.0000e+00  -61.55000  -54.87517 1152873896 195.447894    34.5164 0.0000e+00
    625.000    -0.5579   2.848270    -0.5575   2.848719    6.45566    -0.0882    13.8155 0.0000e+00  -61.55000  -54.87517 1152873898 195.447916    34.5162 0.0000e+00
    626.000    -0.5577   2.848336    -0.5574   2.848778    6.45613    -0.0730    13.8155 0.0000e+00  -61.55000  -54.87517 1152873900 195.447935    34.5163 0.0000e+00
    627.000    -0.5576   2.848392    -0.5571   2.848846    6.45460    -0.0941    13.8155 0.0000e+00  -61.55000  -54.87517 1152873901 195.447948    34.5163 0.0000e+00
    628.000    -0.5567   2.848503    -0.5563   2.848955    6.45419    -0.0843    13.8155 0.0000e+00  -61.55000  -54.87517 1152873902 195.447958    34.5161 0.0000e+00
    629.000    -0.5573   2.848503    -0.5568   2.848955    6.45452    -0.0763    13.8155 0.0000e+00  -61.55000  -54.87517 1152873903 195.447970    34.5163 0.0000e+00
    630.000    -0.5566   2.848604    -0.5562   2.849041    6.45486    -0.0869    13.8155 0.0000e+00  -61.55000  -54.87517 1152873904 195.447988    34.5162 0.0000e+00
    631.000    -0.5551   2.848745    -0.5548   2.849186    6.45364    -0.0802    13.8155 0.0000e+00  -61.55000  -54.87517 1152873906 195.448004    34.5157 0.0000e+00
    632.000    -0.5570   2.848654    -0.5569   2.849086    6.45400    -0.0908    13.8155 0.0000e+00  -61.55000  -54.87517 1152873907 195.448017    34.5161 0.0000e+00
    633.000    -0.5616   2.848361    -0.5606   2.848857    6.45507    -0.0755    13.8155 0.0000e+00  -61.55000  -54.87517 1152873908 195.448030    34.5169 0.0000e+00
    634.000    -0.5645   2.848199    -0.5639   2.848659    6.45238    -0.0804    13.8155 0.0000e+00  -61.55000  -54.87517 1152873910 195.448048    34.5176 0.0000e+00
    635.000    -0.5626   2.848385    -0.5624   2.848823    6.45330    -0.0825    13.8155 0.0000e+00  -61.55000  -54.87517 1152873911 195.448067    34.5172 0.0000e+00
    636.000    -0.5644   2.848304    -0.5639   2.848764    6.45569    -0.0799    13.8155 0.0000e+00  -61.55000  -54.87517 1152873912 195.448080    34.5176 0.0000e+00
    637.000    -0.5646   2.848337    -0.5641   2.848794    6.45701    -0.0881    13.8155 0.0000e+00  -61.55000  -54.87517 1152873913 195.448093    34.5176 0.0000e+00
    638.000    -0.5657   2.848295    -0.5654   2.848745    6.45616    -0.0912    13.8155 0.0000e+00  -61.55000  -54.87517 1152873915 195.448107    34.5177 0.0000e+00
    639.000    -0.5690   2.848113    -0.5683   2.848586    6.45656    -0.0871    13.8155 0.0000e+00  -61.55000  -54.87517 1152873916 195.448122    34.5185 0.0000e+00
    640.000    -0.5693   2.848132    -0.5697   2.848534    6.45708    -0.0952    13.8155 0.0000e+00  -61.55000  -54.87517 1152873917 195.448136    34.5184 0.0000e+00
    641.000    -0.5697   2.848147    -0.5694   2.848597    6.45804    -0.0874    13.8155 0.0000e+00  -61.55000  -54.87517 1152873918 195.448149    34.5185 0.0000e+00
    642.000    -0.5706   2.848128    -0.5702   2.848580    6.45673    -0.0797    13.8155 0.0000e+00  -61.55000  -54.87517 1152873920 195.448166    34.5187 0.0000e+00
    643.000    -0.5700   2.848221    -0.5695   2.848678    6.45662    -0.0822    13.8155 0.0000e+00  -61.55000  -54.87517 1152873922 195.448187    34.5185 0.0000e+00
    644.000    -0.5713   2.848172    -0.5709   2.848639    6.45707    -0.0828    13.8155 0.0000e+00  -61.55000  -54.87517 1152873923 195.448202    34.5189 0.0000e+00
    645.000    -0.5715   2.848208    -0.5714   2.848647    6.45724    -0.0933    13.8155 0.0000e+00  -61.55000  -54.87517 1152873924 195.448214    34.5189 0.0000e+00
    646.000    -0.5721   2.848218    -0.5717   2.848665    6.45627    -0.0894    13.8155 0.0000e+00  -61.55000  -54.87517 1152873925 195.448226    34.5191 0.0000e+00
    647.000    -0.5723   2.848237    -0.5718   2.848694    6.45479    -0.0927    13.8155 0.0000e+00  -61.55000  -54.87517 1152873926 195.448238    34.5190 0.0000e+00
    648.000    -0.5722   2.848295    -0.5716   2.848758    6.45471    -0.0971    13.8155 0.0000e+00  -61.55000  -54.87517 1152873927 195.448255    34.5190 0.0000e+00
    649.000    -0.5724   2.848329    -0.5722   2.848767    6.45565    -0.0759    13.8155 0.0000e+00  -61.55000  -54.87517 1152873929 195.448273    34.5191 0.0000e+00
    650.000    -0.5732   2.848322    -0.5729   2.848768    6.45442    -0.0884    13.8155 0.0000e+00  -61.55000  -54.87517 1152873930 195.448290    34.5193 0.0000e+00
    651.000    -0.5735   2.848343    -0.5729   2.848805    6.45313    -0.0890    13.8155 0.0000e+00  -61.55000  -54.87517 1152873932 195.448304    34.5193 0.0000e+00
    652.000    -0.5741   2.848339    -0.5738   2.848790    6.45329    -0.0667    13.8155 0.0000e+00  -61.55000  -54.87517 1152873933 195.448317    34.5194 0.0000e+00
    653.000    -0.5742   2.848378    -0.5740   2.848814    6.45389    -0.0755    13.8155 0.0000e+00  -61.55000  -54.87517 1152873934 195.448330    34.5195 0.0000e+00
    654.000    -0.5742   2.848426    -0.5738   2.848872    6.45498    -0.0852    13.8155 0.0000e+00  -61.55000  -54.87517 1152873935 195.448344    34.5195 0.0000e+00
    655.000    -0.5744   2.848461    -0.5739   2.848910    6.45670    -0.0915    13.8155 0.0000e+00  -61.55000  -54.87517 1152873937 195.448364    34.5196 0.0000e+00
    656.000    -0.5741   2.848531    -0.5737   2.848976    6.45849    -0.1063    13.8155 0.0000e+00  -61.55000  -54.87517 1152873938 195.448382    34.5196 0.0000e+00
    657.000    -0.5739   2.848581    -0.5733   2.849047    6.45924    -0.0933    13.8155 0.0000e+00  -61.55000  -54.87517 1152873940 195.448395    34.5193 0.0000e+00
    658.000    -0.5766   2.848455    -0.5745   2.849024    6.45769    -0.0875    13.8155 0.0000e+00  -61.55000  -54.87517 1152873941 195.448407    34.5202 0.0000e+00
    659.000    -0.5763   2.848498    -0.5748   2.849047    6.45551    -0.0921    13.8155 0.0000e+00  -61.55000  -54.87517 1152873942 195.448418    34.5198 0.0000e+00
    660.000    -0.5796   2.848324    -0.5786   2.848816    6.45330    -0.0823    13.8155 0.0000e+00  -61.55000  -54.87517 1152873943 195.448430    34.5208 0.0000e+00
    661.000    -0.5798   2.848348    -0.5788   2.848840    6.45185    -0.0884    13.8155 0.0000e+00  -61.55000  -54.87517 1152873944 195.448447    34.5207 0.0000e+00
    662.000    -0.5791   2.848439    -0.5789   2.848872    6.45347    -0.0822    13.8155 0.0000e+00  -61.55000  -54.87517 1152873946 195.448470    34.5205 0.0000e+00
    663.000    -0.5788   2.848507    -0.5784   2.848960    6.45421    -0.0902    13.8155 0.0000e+00  -61.55000  -54.87517 1152873948 195.448489    34.5205 0.0000e+00
    664.000    -0.5798   2.848474    -0.5788   2.848984    6.45398    -0.1034    13.8155 0.0000e+00  -61.55000  -54.87517 1152873949 195.448503    34.5206 0.0000e+00
    665.000    -0.5803   2.848506    -0.5792   2.849002    6.45474    -0.0818    13.8155 0.0000e+00  -61.55000  -54.87517 1152873950 195.448514    34.5210 0.0000e+00
    666.000    -0.5804   2.848526    -0.5808   2.848940    6.45575    -0.0874    13.8155 0.0000e+00  -61.55000  -54.87517 1152873951 195.448525    34.5207 0.0000e+00
    667.000    -0.5831   2.848384    -0.5829   2.848835    6.45810    -0.0892    13.8155 0.0000e+00  -61.55000  -54.87517 1152873952 195.448535    34.5213 0.0000e+00
    668.000    -0.5818   2.848524    -0.5811   2.848991    6.45856    -0.0811    13.8155 0.0000e+00  -61.55000  -54.87517 1152873953 195.448549    34.5211 0.0000e+00
    669.000    -0.5804   2.848670    -0.5799   2.849133    6.45977    -0.0858    13.8155 0.0000e+00  -61.55000  -54.87517 1152873955 195.448570    34.5209 0.0000e+00
    670.000    -0.5834   2.848493    -0.5827   2.848973    6.46022    -0.0913    13.8155 0.0000e+00  -61.55000  -54.87517 1152873956 195.448589    34.5214 0.0000e+00
    671.000    -0.5838   2.848522    -0.5834   2.848968    6.45657    -0.0906    13.8155 0.0000e+00  -61.55000  -54.87517 1152873958 195.448604    34.5216 0.0000e+00
    672.000    -0.5836   2.848577    -0.5832   2.849021    6.45601    -0.1013    13.8155 0.0000e+00  -61.55000  -54.87517 1152873959 195.448617    34.5215 0.0000e+00
    673.000    -0.5839   2.848599    -0.5836   2.849035    6.45479    -0.0824    13.8155 0.0000e+00  -61.55000  -54.87517 1152873960 195.448630    34.5215 0.0000e+00
    674.000    -0.5839   2.848634    -0.5836   2.849082    6.45380    -0.0934    13.8155 0.0000e+00  -61.55000  -54.87517 1152873961 195.448646    34.5214 0.0000e+00
    675.000    -0.5838   2.848686    -0.5835   2.849135    6.45520    -0.0896    13.8155 0.0000e+00  -61.55000  -54.87517 1152873963 195.448664    34.5214 0.0000e+00
    676.000    -0.5837   2.848739    -0.5833   2.849192    6.45627    -0.0818    13.8155 0.0000e+00  -61.55000  -54.87517 1152873964 195.448681    34.5214 0.0000e+00
    677.000    -0.5835   2.848803    -0.5832   2.849248    6.45753    -0.0979    13.8155 0.0000e+00  -61.55000  -54.87517 1152873965 195.448695    34.5214 0.0000e+00
    678.000    -0.5835   2.848840    -0.5831   2.849291    6.45788    -0.0716    13.8155 0.0000e+00  -61.55000  -54.87517 1152873967 195.448708    34.5213 0.0000e+00
    679.000    -0.5833   2.848896    -0.5831   2.849351    6.45800    -0.0798    13.8155 0.0000e+00  -61.55000  -54.87517 1152873967 195.448718    34.5212 0.0000e+00
    680.000    -0.5832   2.848957    -0.5829   2.849421    6.45819    -0.0825    13.8155 0.0000e+00  -61.55000  -54.87517 1152873968 195.448727    34.5213 0.0000e+00
    681.000    -0.5831   2.848999    -0.5828   2.849447    6.45655    -0.1020    13.8155 0.0000e+00  -61.55000  -54.87517 1152873969 195.448738    34.5212 0.0000e+00
    682.000    -0.5830   2.849048    -0.5826   2.849501    6.45345    -0.0940    13.8155 0.0000e+00  -61.55000  -54.87517 1152873971 195.448763    34.5211 0.0000e+00
    683.000    -0.5830   2.849109    -0.5826   2.849559    6.45770    -0.0848    13.8155 0.0000e+00  -61.55000  -54.87517 1152873974 195.448792    34.5213 0.0000e+00
