product_data/regression_test/downloaded_data/MGDS/320620060703/ctd/p6618701.ros
* Sea-Bird SBE 9 Data File:
* FileName = D:\Data\Raw\p6618701.dat
* Software Version Seasave Win32 V 5.32
* Temperature SN = 1649
* Conductivity SN = 1431
* Number of Bytes Per Scan = 37
* Number of Voltage Words = 5
* Number of Scans Averaged by the Deck Unit = 1
* NMEA Latitude = 60 48.00 S
* NMEA Longitude = 054 14.73 W
* NMEA UTC (Time) = 02:15:03
** Ship:   Nathaniel B. Palmer 
** Cruise:    NBP0606 
# nquan = 17
# nvalues = 1176                    
# units = specified
# name 0 = prDM: Pressure, Digiquartz [db]
# name 1 = t090C: Temperature [ITS-90, deg C]
# name 2 = c0S/m: Conductivity [S/m]
# name 3 = t190C: Temperature, 2 [ITS-90, deg C]
# name 4 = c1S/m: Conductivity, 2 [S/m]
# name 5 = sbeox0ML/L: Oxygen, SBE 43 [ml/l]
# name 6 = flECO-AFL: Fluorescence, Wetlab ECO-AFL/FL [mg/m^3]
# name 7 = bat: Beam Attenuation, Chelsea/Seatech/Wetlab CStar [1/m]
# name 8 = spar: SPAR/Surface Irradiance
# name 9 = latitude: Latitude [deg]
# name 10 = longitude: Longitude [deg]
# name 11 = timeY: Time, System [seconds]
# name 12 = timeJ: Julian Days
# name 13 = sal00: Salinity [PSU]
# name 14 = scan: scan number
# name 15 = nbf: number of bottles fired
# name 16 = flag:  0.000e+00
# interval = seconds: 0.0416667                   
# start_time = Jul 23 2006 02:15:11
*END*
[from data line 341]
    599.911     0.9036   2.981749     0.9046   2.982118    5.20853    -0.1287    13.8155 0.0000e+00  -60.80000  -54.24550 1153625454 204.146481    34.6464     109080          7  0.000e+00
    599.873     0.9031   2.981749     0.9044   2.982106    5.20855    -0.1180    13.8155 0.0000e+00  -60.80000  -54.24550 1153625454 204.146481    34.6469     109081          7  0.000e+00
    400.225     0.5471   2.934948     0.5463   2.935228    5.61818    -0.0749    13.8155 0.0000e+00  -60.80000  -54.24550 1153625727 204.149634    34.5525     115618          8  0.000e+00
    400.091     0.5469   2.934954     0.5460   2.935240    5.61809    -0.0857    13.8155 0.0000e+00  -60.80000  -54.24550 1153625727 204.149634    34.5528     115619          8  0.000e+00
    400.158     0.5473   2.934921     0.5462   2.935216    5.61812    -0.1072    13.8155 0.0000e+00  -60.80000  -54.24550 1153625727 204.149635    34.5520     115620          8  0.000e+00
    400.158     0.5468   2.934944     0.5463   2.935210    5.61817    -0.0642    13.8155 0.0000e+00  -60.80000  -54.24550 1153625727 204.149635    34.5528     115621          8  0.000e+00
    400.091     0.5465   2.934937     0.5462   2.935216    5.61815    -0.0534    13.8155 0.0000e+00  -60.80000  -54.24550 1153625727 204.149636    34.5531     115622          8  0.000e+00
    400.091     0.5462   2.934934     0.5460   2.935210    5.61819    -0.0534    13.8155 0.0000e+00  -60.80000  -54.24550 1153625727 204.149636    34.5534     115623          8  0.000e+00
    400.014     0.5463   2.934914     0.5457   2.935210    5.61812    -0.0426    13.8155 0.0000e+00  -60.80000  -54.24550 1153625727 204.149637    34.5530     115624          8  0.000e+00
    400.091     0.5462   2.934900     0.5462   2.935187    5.61821    -0.0964    13.8155 0.0000e+00  -60.80000  -54.24550 1153625727 204.149637    34.5530     115625          8  0.000e+00
    400.091     0.5463   2.934853     0.5460   2.935228    5.61821    -0.1395    13.8155 0.0000e+00  -60.80000  -54.24550 1153625727 204.149638    34.5522     115626          8  0.000e+00
    400.091     0.5447   2.934715     0.5459   2.935216    5.61846    -0.1072    13.8155 0.0000e+00  -60.80000  -54.24550 1153625727 204.149638    34.5522     115627          8  0.000e+00
    400.091     0.5430   2.934519     0.5460   2.935169    5.61875    -0.0749    13.8155 0.0000e+00  -60.80000  -54.24550 1153625727 204.149639    34.5515     115628          8  0.000e+00
    400.014     0.5417   2.934397     0.5452   2.935163    5.61891    -0.0642    13.8155 0.0000e+00  -60.80000  -54.24550 1153625727 204.149639    34.5515     115629          8  0.000e+00
    400.091     0.5409   2.934444     0.5448   2.935175    5.61904    -0.0642    13.8155 0.0000e+00  -60.80000  -54.24550 1153625727 204.149640    34.5530     115630          8  0.000e+00
    400.091     0.5413   2.934471     0.5452   2.935181    5.61897    -0.0857    13.8155 0.0000e+00  -60.80000  -54.24550 1153625727 204.149640    34.5528     115631          8  0.000e+00
    400.091     0.5421   2.934536     0.5454   2.935169    5.61885    -0.1072    13.8155 0.0000e+00  -60.80000  -54.24550 1153625727 204.149641    34.5528     115632          8  0.000e+00
    400.091     0.5422   2.934505     0.5455   2.935175    5.61885    -0.0534    13.8155 0.0000e+00  -60.80000  -54.24550 1153625727 204.149641    34.5523     115633          8  0.000e+00
    400.091     0.5424   2.934505     0.5455   2.935199    5.61883    -0.0534    13.8155 0.0000e+00  -60.80000  -54.24550 1153625727 204.149642    34.5520     115634          8  0.000e+00
    400.091     0.5423   2.934563     0.5455   2.935145    5.61882    -0.0749    13.8155 0.0000e+00  -60.80000  -54.24550 1153625727 204.149642    34.5529     115635          8  0.000e+00
    400.091     0.5427   2.934654     0.5448   2.935110    5.61872    -0.0749    13.8155 0.0000e+00  -60.80000  -54.24550 1153625727 204.149643    34.5536     115636          8  0.000e+00
    400.158     0.5433   2.934769     0.5448   2.935080    5.61865    -0.0534    13.8155 0.0000e+00  -60.80000  -54.24550 1153625727 204.149643    34.5544     115637          8  0.000e+00
    400.091     0.5451   2.934883     0.5444   2.935074    5.61834    -0.0104    13.8155 0.0000e+00  -60.80000  -54.24550 1153625728 204.149644    34.5540     115638          8  0.000e+00
    400.158     0.5462   2.935015     0.5455   2.935163    5.61820    -0.0749    13.8155 0.0000e+00  -60.80000  -54.24550 1153625728 204.149644    34.5545     115639          8  0.000e+00
    400.158     0.5469   2.935103     0.5460   2.935204    5.61807    -0.0642    13.8155 0.0000e+00  -60.80000  -54.24550 1153625728 204.149645    34.5547     115640          8  0.000e+00
    400.158     0.5479   2.935137     0.5465   2.935228    5.61795    -0.0642    13.8155 0.0000e+00  -60.80000  -54.24550 1153625728 204.149645    34.5541     115641          8  0.000e+00
    400.129     0.5480   2.935110     0.5458   2.935216    5.61792    -0.0749    13.8155 0.0000e+00  -60.80000  -54.24550 1153625728 204.149646    34.5536     115642          8  0.000e+00
    400.158     0.5477   2.935019     0.5457   2.935175    5.61327    -0.0749    13.8155 0.0000e+00  -60.80000  -54.24550 1153625728 204.149646    34.5528     115643          8  0.000e+00
    400.225     0.5473   2.935002     0.5459   2.935175    5.61339    -0.0426    13.8155 0.0000e+00  -60.80000  -54.24550 1153625728 204.149647    34.5530     115644          8  0.000e+00
    400.158     0.5466   2.934880     0.5458   2.935181    5.61822    -0.0642    13.8155 0.0000e+00  -60.80000  -54.24550 1153625728 204.149647    34.5522     115645          8  0.000e+00
    400.225     0.5444   2.934627     0.5449   2.935145    5.61390    -0.0964    13.8155 0.0000e+00  -60.80000  -54.24550 1153625728 204.149647    34.5513     115646          8  0.000e+00
    400.225     0.5423   2.934539     0.5451   2.935128    5.61894    -0.1072    13.8155 0.0000e+00  -60.80000  -54.24550 1153625728 204.149648    34.5526     115647          8  0.000e+00
    400.225     0.5423   2.934677     0.5444   2.935128    5.61887    -0.0857    13.8155 0.0000e+00  -60.80000  -54.24550 1153625728 204.149648    34.5544     115648          8  0.000e+00
    400.225     0.5437   2.934816     0.5449   2.935163    5.61864    -0.0534    13.8155 0.0000e+00  -60.80000  -54.24550 1153625728 204.149649    34.5546     115649          8  0.000e+00
    400.302     0.5447   2.934877     0.5451   2.935145    5.61854    -0.0426    13.8155 0.0000e+00  -60.80000  -54.24550 1153625728 204.149649    34.5541     115650          8  0.000e+00
    400.225     0.5446   2.934833     0.5448   2.935128    5.61853    -0.0534    13.8155 0.0000e+00  -60.80000  -54.24550 1153625728 204.149650    34.5538     115651          8  0.000e+00
    400.302     0.5444   2.934799     0.5444   2.935104    5.61862    -0.1180    13.8155 0.0000e+00  -60.80000  -54.24550 1153625728 204.149650    34.5535     115652          8  0.000e+00
    400.225     0.5449   2.934796     0.5442   2.935086    5.61851    -0.1180    13.8155 0.0000e+00  -60.80000  -54.24550 1153625728 204.149651    34.5529     115653          8  0.000e+00
    400.302     0.5449   2.934809     0.5438   2.935051    5.61381    -0.0749    13.8155 0.0000e+00  -60.80000  -54.24550 1153625728 204.149651    34.5531     115654          8  0.000e+00
    400.302     0.5452   2.934799     0.5438   2.935003    5.61378    -0.1072    13.8155 0.0000e+00  -60.80000  -54.24550 1153625728 204.149652    34.5526     115655          8  0.000e+00
    400.302     0.5449   2.934816     0.5435   2.935027    5.61856    -0.1287    13.8155 0.0000e+00  -60.80000  -54.24550 1153625728 204.149652    34.5532     115656          8  0.000e+00
    400.302     0.5447   2.934836     0.5442   2.935027    5.61856    -0.1072    13.8155 0.0000e+00  -60.80000  -54.24550 1153625728 204.149653    34.5536     115657          8  0.000e+00
    400.369     0.5455   2.934806     0.5449   2.935098    5.61854    -0.0857    13.8155 0.0000e+00  -60.80000  -54.24550 1153625728 204.149653    34.5523     115658          8  0.000e+00
    400.302     0.5447   2.934725     0.5455   2.935163    5.61862    -0.0749    13.8155 0.0000e+00  -60.80000  -54.24550 1153625728 204.149654    34.5522     115659          8  0.000e+00
    400.302     0.5437   2.934610     0.5459   2.935187    5.61880    -0.0749    13.8155 0.0000e+00  -60.80000  -54.24550 1153625728 204.149654    34.5519     115660          8  0.000e+00
    400.369     0.5433   2.934654     0.5443   2.935122    5.61887    -0.0642    13.8155 0.0000e+00  -60.80000  -54.24550 1153625728 204.149655    34.5528     115661          8  0.000e+00
    400.369     0.5438   2.934630     0.5440   2.935039    5.61408    -0.0964    13.8155 0.0000e+00  -60.80000  -54.24550 1153625729 204.149655    34.5519     115662          8  0.000e+00
    400.302     0.5427   2.934607     0.5431   2.934956    5.61416    -0.1180    13.8155 0.0000e+00  -60.80000  -54.24550 1153625729 204.149656    34.5529     115663          8  0.000e+00
    400.369     0.5423   2.934657     0.5423   2.934903    5.61424    -0.1072    13.8155 0.0000e+00  -60.80000  -54.24550 1153625729 204.149656    34.5540     115664          8  0.000e+00
    400.369     0.5433   2.934748     0.5429   2.934926    5.61407    -0.1072    13.8155 0.0000e+00  -60.80000  -54.24550 1153625729 204.149657    34.5540     115665          8  0.000e+00
    400.369     0.5443   2.934840     0.5434   2.934974    5.61392    -0.1180    13.8155 0.0000e+00  -60.80000  -54.24550 1153625729 204.149657    34.5541     115666          8  0.000e+00
    300.210     0.2688   2.902272     0.2875   2.903936    5.94696    -0.0857    13.8155 0.0000e+00  -60.80000  -54.24550 1153625878 204.151390    34.4951     119260          9  0.000e+00
    300.277     0.2723   2.902830     0.2881   2.903947    5.94630    -0.0857    13.8155 0.0000e+00  -60.80000  -54.24550 1153625878 204.151391    34.4986     119261          9  0.000e+00
    300.373     0.2793   2.903277     0.2880   2.903900    5.94530    -0.1072    13.8155 0.0000e+00  -60.80000  -54.24550 1153625879 204.151391    34.4965     119262          9  0.000e+00
    300.277     0.2830   2.903338     0.2856   2.903812    5.94474    -0.0964    13.8155 0.0000e+00  -60.80000  -54.24550 1153625879 204.151392    34.4932     119263          9  0.000e+00
    300.277     0.2813   2.902961     0.2824   2.903664    5.94514    -0.0749    13.8155 0.0000e+00  -60.80000  -54.24550 1153625879 204.151392    34.4902     119264          9  0.000e+00
    300.373     0.2778   2.902645     0.2774   2.903387    5.94581    -0.0857    13.8155 0.0000e+00  -60.80000  -54.24550 1153625879 204.151393    34.4898     119265          9  0.000e+00
    300.277     0.2766   2.902477     0.2732   2.903028    5.94596    -0.1180    13.8155 0.0000e+00  -60.80000  -54.24550 1153625879 204.151393    34.4891     119266          9  0.000e+00
    300.344     0.2735   2.902114     0.2717   2.902869    5.94659    -0.0857    13.8155 0.0000e+00  -60.80000  -54.24550 1153625879 204.151394    34.4877     119267          9  0.000e+00
    300.277     0.2705   2.901832     0.2739   2.902892    5.94232    -0.0642    13.8155 0.0000e+00  -60.80000  -54.24550 1153625879 204.151394    34.4874     119268          9  0.000e+00
    300.373     0.2677   2.901947     0.2759   2.903075    5.94267    -0.0319    13.8155 0.0000e+00  -60.80000  -54.24550 1153625879 204.151395    34.4920     119269          9  0.000e+00
    300.277     0.2684   2.902266     0.2780   2.903246    5.94707    -0.0534    13.8155 0.0000e+00  -60.80000  -54.24550 1153625879 204.151395    34.4955     119270          9  0.000e+00
    300.344     0.2729   2.902545     0.2815   2.903435    5.94643    -0.0642    13.8155 0.0000e+00  -60.80000  -54.24550 1153625879 204.151396    34.4941     119271          9  0.000e+00
    300.306     0.2775   2.902864     0.2845   2.903664    5.94567    -0.0642    13.8155 0.0000e+00  -60.80000  -54.24550 1153625879 204.151396    34.4931     119272          9  0.000e+00
    300.344     0.2801   2.902867     0.2858   2.903812    5.94540    -0.1180    13.8155 0.0000e+00  -60.80000  -54.24550 1153625879 204.151397    34.4903     119273          9  0.000e+00
    300.344     0.2736   2.902440     0.2856   2.903812    5.94640    -0.1287    13.8155 0.0000e+00  -60.80000  -54.24550 1153625879 204.151397    34.4919     119274          9  0.000e+00
    300.344     0.2676   2.902131     0.2814   2.903665    5.94729    -0.0857    13.8155 0.0000e+00  -60.80000  -54.24550 1153625879 204.151398    34.4946     119275          9  0.000e+00
    300.373     0.2680   2.902054     0.2759   2.903293    5.94258    -0.0749    13.8155 0.0000e+00  -60.80000  -54.24550 1153625879 204.151398    34.4930     119276          9  0.000e+00
    300.344     0.2694   2.902192     0.2727   2.902892    5.94703    -0.0964    13.8155 0.0000e+00  -60.80000  -54.24550 1153625879 204.151399    34.4933     119277          9  0.000e+00
    300.344     0.2718   2.902256     0.2711   2.902657    5.94672    -0.1072    13.8155 0.0000e+00  -60.80000  -54.24550 1153625879 204.151399    34.4915     119278          9  0.000e+00
    300.306     0.2715   2.902242     0.2726   2.902586    5.94673    -0.0857    13.8155 0.0000e+00  -60.80000  -54.24550 1153625879 204.151399    34.4917     119279          9  0.000e+00
    300.344     0.2719   2.902390     0.2728   2.902598    5.94191    -0.0964    13.8155 0.0000e+00  -60.80000  -54.24550 1153625879 204.151400    34.4931     119280          9  0.000e+00
    300.421     0.2752   2.902619     0.2694   2.902486    5.94146    -0.0534    13.8155 0.0000e+00  -60.80000  -54.24550 1153625879 204.151400    34.4924     119281          9  0.000e+00
    300.277     0.2771   2.902750     0.2661   2.902356    5.94576    -0.0426    13.8155 0.0000e+00  -60.80000  -54.24550 1153625879 204.151401    34.4921     119282          9  0.000e+00
    300.449     0.2791   2.902803     0.2672   2.902498    5.94091    -0.0534    13.8155 0.0000e+00  -60.80000  -54.24550 1153625879 204.151401    34.4904     119283          9  0.000e+00
    300.344     0.2797   2.902797     0.2741   2.902904    5.94076    -0.0857    13.8155 0.0000e+00  -60.80000  -54.24550 1153625879 204.151402    34.4898     119284          9  0.000e+00
    300.421     0.2774   2.902743     0.2800   2.903358    5.94113    -0.0857    13.8155 0.0000e+00  -60.80000  -54.24550 1153625880 204.151402    34.4916     119285          9  0.000e+00
    300.373     0.2763   2.902810     0.2864   2.903830    5.94119    -0.0642    13.8155 0.0000e+00  -60.80000  -54.24550 1153625880 204.151403    34.4937     119286          9  0.000e+00
    300.421     0.2788   2.903029     0.2916   2.904272    5.94553    -0.0104    13.8155 0.0000e+00  -60.80000  -54.24550 1153625880 204.151403    34.4938     119287          9  0.000e+00
    300.344     0.2804   2.903146     0.2966   2.904631    5.94521    -0.0426    13.8155 0.0000e+00  -60.80000  -54.24550 1153625880 204.151404    34.4936     119288          9  0.000e+00
    300.449     0.2821   2.903250     0.2987   2.904891    5.94504    -0.0749    13.8155 0.0000e+00  -60.80000  -54.24550 1153625880 204.151404    34.4930     119289          9  0.000e+00
    300.421     0.2842   2.903277     0.3005   2.905044    5.94002    -0.0534    13.8155 0.0000e+00  -60.80000  -54.24550 1153625880 204.151405    34.4910     119290          9  0.000e+00
    300.421     0.2829   2.903156     0.3004   2.905126    5.94025    -0.0426    13.8155 0.0000e+00  -60.80000  -54.24550 1153625880 204.151405    34.4909     119291          9  0.000e+00
    300.421     0.2816   2.903066     0.3002   2.905091    5.94045    -0.0749    13.8155 0.0000e+00  -60.80000  -54.24550 1153625880 204.151406    34.4911     119292          9  0.000e+00
