product_data/regression_test/downloaded_data/MGDS/320620060703/ctd/p6617608.ros
* Sea-Bird SBE 9 Data File:
* FileName = D:\Data\Raw\p6617608.dat
* Software Version Seasave Win32 V 5.32
* Temperature SN = 1649
* Conductivity SN = 1431
* Number of Bytes Per Scan = 37
* Number of Voltage Words = 5
* Number of Scans Averaged by the Deck Unit = 1
* NMEA Latitude = 60 36.97 S
* NMEA Longitude = 054 43.19 W
* NMEA UTC (Time) = 11:17:29
** Ship:   Nathaniel B. Palmer 
** Cruise:    NBP0606 
# nquan = 17
# nvalues = 1176                    
# units = specified
# name 0 = prDM: Pressure, Digiquartz [db]
# name 1 = t090C: Temperature [ITS-90, deg C]
# name 2 = c0S/m: Conductivity [S/m]
# name 3 = t190C: Temperature, 2 [ITS-90, deg C]
# name 4 = c1S/m: Conductivity, 2 [S/m]
# name 5 = sbeox0ML/L: Oxygen, SBE 43 [ml/l]
# name 6 = flECO-AFL: Fluorescence, Wetlab ECO-AFL/FL [mg/m^3]
# name 7 = bat: Beam Attenuation, Chelsea/Seatech/Wetlab CStar [1/m]
# name 8 = spar: SPAR/Surface Irradiance
# name 9 = latitude: Latitude [deg]
# name 10 = longitude: Longitude [deg]
# name 11 = timeY: Time, System [seconds]
# name 12 = timeJ: Julian Days
# name 13 = sal00: Salinity [PSU]
# name 14 = scan: scan number
# name 15 = nbf: number of bottles fired
# name 16 = flag:  0.000e+00
# interval = seconds: 0.0416667                   
# start_time = Jul 21 2006 11:17:36
*END*
[from data line 766]
   1109.269     0.9637   3.013337     0.9650   3.013842    5.07184    -0.0642    13.8155 0.0000e+00  -60.61617  -54.71983 1153482677 202.493965    34.6996      48543         16  0.000e+00
   1109.269     0.9639   3.013327     0.9650   3.013836    5.06666    -0.0749    13.8155 0.0000e+00  -60.61617  -54.71983 1153482677 202.493966    34.6993      48544         16  0.000e+00
   1109.269     0.9639   3.013340     0.9648   3.013848    5.06665    -0.0857    13.8155 0.0000e+00  -60.61617  -54.71983 1153482677 202.493966    34.6995      48545         16  0.000e+00
   1109.250     0.9637   3.013337     0.9648   3.013860    5.06666    -0.1072    13.8155 0.0000e+00  -60.61617  -54.71983 1153482677 202.493967    34.6996      48546         16  0.000e+00
   1109.202     0.9635   3.013327     0.9648   3.013854    5.06665    -0.0642    13.8155 0.0000e+00  -60.61617  -54.71983 1153482677 202.493967    34.6997      48547         16  0.000e+00
   1109.269     0.9636   3.013351     0.9648   3.013836    5.06668    -0.0642    13.8155 0.0000e+00  -60.61617  -54.71983 1153482677 202.493967    34.6999      48548         16  0.000e+00
   1109.269     0.9639   3.013351     0.9647   3.013825    5.07182    -0.0642    13.8155 0.0000e+00  -60.61617  -54.71983 1153482677 202.493968    34.6996      48549         16  0.000e+00
   1109.202     0.9634   3.013364     0.9650   3.013842    5.07181    -0.0749    13.8155 0.0000e+00  -60.61617  -54.71983 1153482678 202.493968    34.7003      48550         16  0.000e+00
   1109.269     0.9631   3.013327     0.9653   3.013860    5.07191    -0.0642    13.8155 0.0000e+00  -60.61617  -54.71983 1153482678 202.493969    34.7001      48551         16  0.000e+00
   1109.269     0.9634   3.013320     0.9653   3.013831    5.06671    -0.0642    13.8155 0.0000e+00  -60.61617  -54.71983 1153482678 202.493969    34.6997      48552         16  0.000e+00
   1109.269     0.9632   3.013313     0.9651   3.013854    5.06673    -0.0642    13.8155 0.0000e+00  -60.61617  -54.71983 1153482678 202.493970    34.6998      48553         16  0.000e+00
   1109.347     0.9636   3.013337     0.9650   3.013872    5.07191    -0.0857    13.8155 0.0000e+00  -60.61617  -54.71983 1153482678 202.493970    34.6997      48554         16  0.000e+00
   1109.269     0.9629   3.013358     0.9653   3.013842    5.06675    -0.0964    13.8155 0.0000e+00  -60.61617  -54.71983 1153482678 202.493971    34.7007      48555         16  0.000e+00
   1109.269     0.9632   3.013368     0.9650   3.013825    5.06671    -0.0964    13.8155 0.0000e+00  -60.61617  -54.71983 1153482678 202.493971    34.7005      48556         16  0.000e+00
   1109.347     0.9629   3.013334     0.9647   3.013825    5.06681    -0.0642    13.8155 0.0000e+00  -60.61617  -54.71983 1153482678 202.493972    34.7004      48557         16  0.000e+00
   1109.347     0.9639   3.013385     0.9648   3.013813    5.06669    -0.0964    13.8155 0.0000e+00  -60.61617  -54.71983 1153482678 202.493972    34.7000      48558         16  0.000e+00
   1109.347     0.9634   3.013378     0.9642   3.013795    5.07191    -0.0964    13.8155 0.0000e+00  -60.61617  -54.71983 1153482678 202.493973    34.7004      48559         16  0.000e+00
   1109.347     0.9634   3.013327     0.9645   3.013825    5.07193    -0.0964    13.8155 0.0000e+00  -60.61617  -54.71983 1153482678 202.493973    34.6998      48560         16  0.000e+00
   1112.234     0.9617   3.013314     0.9620   3.013646    5.06898    -0.1072    13.8155 0.0000e+00  -60.61617  -54.71983 1153482684 202.494040    34.6999      48699         17  0.000e+00
   1112.156     0.9621   3.013338     0.9605   3.013538    5.06887    -0.1072    13.8155 0.0000e+00  -60.61617  -54.71983 1153482684 202.494041    34.6997      48700         17  0.000e+00
   1112.302     0.9620   3.013311     0.9592   3.013401    5.06900    -0.1287    13.8155 0.0000e+00  -60.61617  -54.71983 1153482684 202.494041    34.6995      48701         17  0.000e+00
   1112.156     0.9617   3.013311     0.9596   3.013371    5.06893    -0.1395    13.8155 0.0000e+00  -60.61617  -54.71983 1153482684 202.494042    34.6999      48702         17  0.000e+00
   1112.302     0.9621   3.013338     0.9606   3.013407    5.06897    -0.0964    13.8155 0.0000e+00  -60.61617  -54.71983 1153482684 202.494042    34.6997      48703         17  0.000e+00
   1112.234     0.9621   3.013375     0.9617   3.013491    5.06891    -0.0642    13.8155 0.0000e+00  -60.61617  -54.71983 1153482684 202.494043    34.7002      48704         17  0.000e+00
   1112.302     0.9621   3.013338     0.9616   3.013491    5.06897    -0.0534    13.8155 0.0000e+00  -60.61617  -54.71983 1153482684 202.494043    34.6997      48705         17  0.000e+00
   1112.234     0.9626   3.013334     0.9622   3.013556    5.06887    -0.0426    13.8155 0.0000e+00  -60.61617  -54.71983 1153482684 202.494044    34.6991      48706         17  0.000e+00
   1112.302     0.9624   3.013345     0.9620   3.013592    5.06893    -0.0534    13.8155 0.0000e+00  -60.61617  -54.71983 1153482684 202.494044    34.6994      48707         17  0.000e+00
   1112.234     0.9620   3.013328     0.9616   3.013586    5.06377    -0.0642    13.8155 0.0000e+00  -60.61617  -54.71983 1153482684 202.494045    34.6997      48708         17  0.000e+00
   1112.302     0.9621   3.013314     0.9614   3.013491    5.06898    -0.0749    13.8155 0.0000e+00  -60.61617  -54.71983 1153482684 202.494045    34.6994      48709         17  0.000e+00
   1112.302     0.9618   3.013338     0.9600   3.013467    5.06900    -0.0749    13.8155 0.0000e+00  -60.61617  -54.71983 1153482684 202.494046    34.7000      48710         17  0.000e+00
   1112.302     0.9623   3.013304     0.9594   3.013461    5.06897    -0.0642    13.8155 0.0000e+00  -60.61617  -54.71983 1153482684 202.494046    34.6990      48711         17  0.000e+00
   1112.302     0.9623   3.013297     0.9591   3.013437    5.06897    -0.1072    13.8155 0.0000e+00  -60.61617  -54.71983 1153482684 202.494047    34.6990      48712         17  0.000e+00
   1112.302     0.9620   3.013300     0.9597   3.013443    5.06900    -0.1180    13.8155 0.0000e+00  -60.61617  -54.71983 1153482684 202.494047    34.6994      48713         17  0.000e+00
   1112.234     0.9620   3.013345     0.9594   3.013431    5.06893    -0.0749    13.8155 0.0000e+00  -60.61617  -54.71983 1153482684 202.494048    34.6999      48714         17  0.000e+00
   1112.302     0.9618   3.013331     0.9592   3.013443    5.06384    -0.0964    13.8155 0.0000e+00  -60.61617  -54.71983 1153482684 202.494048    34.6999      48715         17  0.000e+00
   1112.234     0.9620   3.013314     0.9591   3.013395    5.06895    -0.1072    13.8155 0.0000e+00  -60.61617  -54.71983 1153482684 202.494049    34.6996      48716         17  0.000e+00
   1112.302     0.9623   3.013321     0.9592   3.013431    5.06896    -0.0964    13.8155 0.0000e+00  -60.61617  -54.71983 1153482685 202.494049    34.6993      48717         17  0.000e+00
   1112.234     0.9618   3.013287     0.9585   3.013431    5.06898    -0.0857    13.8155 0.0000e+00  -60.61617  -54.71983 1153482685 202.494049    34.6994      48718         17  0.000e+00
   1112.234     0.9620   3.013304     0.9591   3.013407    5.06895    -0.0857    13.8155 0.0000e+00  -60.61617  -54.71983 1153482685 202.494050    34.6994      48719         17  0.000e+00
   1112.234     0.9623   3.013321     0.9588   3.013371    5.06891    -0.0857    13.8155 0.0000e+00  -60.61617  -54.71983 1153482685 202.494050    34.6993      48720         17  0.000e+00
   1112.156     0.9617   3.013297     0.9591   3.013389    5.06894    -0.0642    13.8155 0.0000e+00  -60.61617  -54.71983 1153482685 202.494051    34.6997      48721         17  0.000e+00
   1112.234     0.9620   3.013314     0.9597   3.013413    5.06378    -0.0964    13.8155 0.0000e+00  -60.61617  -54.71983 1153482685 202.494051    34.6996      48722         17  0.000e+00
   1112.156     0.9623   3.013341     0.9602   3.013449    5.06885    -0.1287    13.8155 0.0000e+00  -60.61617  -54.71983 1153482685 202.494052    34.6996      48723         17  0.000e+00
   1112.156     0.9624   3.013304     0.9609   3.013515    5.06885    -0.0857    13.8155 0.0000e+00  -60.61617  -54.71983 1153482685 202.494052    34.6990      48724         17  0.000e+00
   1112.089     0.9624   3.013314     0.9613   3.013538    5.06880    -0.0857    13.8155 0.0000e+00  -60.61617  -54.71983 1153482685 202.494053    34.6991      48725         17  0.000e+00
   1112.157     0.9626   3.013314     0.9616   3.013580    5.06366    -0.1395    13.8155 0.0000e+00  -60.61617  -54.71983 1153482685 202.494053    34.6989      48726         17  0.000e+00
   1112.089     0.9621   3.013321     0.9619   3.013586    5.06366    -0.1287    13.8155 0.0000e+00  -60.61617  -54.71983 1153482685 202.494054    34.6996      48727         17  0.000e+00
   1112.089     0.9620   3.013287     0.9622   3.013616    5.06886    -0.0964    13.8155 0.0000e+00  -60.61617  -54.71983 1153482685 202.494054    34.6993      48728         17  0.000e+00
   1112.011     0.9620   3.013287     0.9617   3.013616    5.06880    -0.1072    13.8155 0.0000e+00  -60.61617  -54.71983 1153482685 202.494055    34.6993      48729         17  0.000e+00
   1112.011     0.9626   3.013314     0.9619   3.013598    5.06873    -0.0964    13.8155 0.0000e+00  -60.61617  -54.71983 1153482685 202.494055    34.6990      48730         17  0.000e+00
   1112.011     0.9623   3.013314     0.9617   3.013634    5.06876    -0.0426    13.8155 0.0000e+00  -60.61617  -54.71983 1153482685 202.494056    34.6993      48731         17  0.000e+00
   1111.943     0.9623   3.013304     0.9611   3.013610    5.06355    -0.0749    13.8155 0.0000e+00  -60.61617  -54.71983 1153482685 202.494056    34.6992      48732         17  0.000e+00
   1111.943     0.9620   3.013273     0.9602   3.013532    5.06876    -0.0964    13.8155 0.0000e+00  -60.61617  -54.71983 1153482685 202.494057    34.6992      48733         17  0.000e+00
   1111.944     0.9621   3.013307     0.9608   3.013503    5.06873    -0.0964    13.8155 0.0000e+00  -60.61617  -54.71983 1153482685 202.494057    34.6995      48734         17  0.000e+00
   1111.866     0.9621   3.013287     0.9602   3.013467    5.06869    -0.1072    13.8155 0.0000e+00  -60.61617  -54.71983 1153482685 202.494058    34.6992      48735         17  0.000e+00
   1111.866     0.9620   3.013266     0.9605   3.013491    5.06871    -0.1072    13.8155 0.0000e+00  -60.61617  -54.71983 1153482685 202.494058    34.6992      48736         17  0.000e+00
   1111.866     0.9620   3.013290     0.9605   3.013485    5.06870    -0.0857    13.8155 0.0000e+00  -60.61617  -54.71983 1153482685 202.494059    34.6994      48737         17  0.000e+00
   1111.798     0.9621   3.013273     0.9600   3.013473    5.06864    -0.0964    13.8155 0.0000e+00  -60.61617  -54.71983 1153482685 202.494059    34.6991      48738         17  0.000e+00
   1111.798     0.9620   3.013290     0.9605   3.013479    5.06865    -0.0857    13.8155 0.0000e+00  -60.61617  -54.71983 1153482685 202.494060    34.6995      48739         17  0.000e+00
   1111.721     0.9623   3.013280     0.9608   3.013467    5.06857    -0.0964    13.8155 0.0000e+00  -60.61617  -54.71983 1153482685 202.494060    34.6991      48740         17  0.000e+00
   1111.653     0.9617   3.013304     0.9600   3.013467    5.06341    -0.1287    13.8155 0.0000e+00  -60.61617  -54.71983 1153482686 202.494061    34.7001      48741         17  0.000e+00
   1111.653     0.9620   3.013321     0.9599   3.013437    5.06854    -0.1180    13.8155 0.0000e+00  -60.61617  -54.71983 1153482686 202.494061    34.7000      48742         17  0.000e+00
   1111.653     0.9621   3.013280     0.9599   3.013461    5.06854    -0.0964    13.8155 0.0000e+00  -60.61617  -54.71983 1153482686 202.494062    34.6993      48743         17  0.000e+00
   1111.653     0.9626   3.013290     0.9605   3.013502    5.06848    -0.0857    13.8155 0.0000e+00  -60.61617  -54.71983 1153482686 202.494062    34.6989      48744         17  0.000e+00
   1111.508     0.9624   3.013317     0.9608   3.013514    5.06839    -0.0534    13.8155 0.0000e+00  -60.61617  -54.71983 1153482686 202.494062    34.6995      48745         17  0.000e+00
   1111.508     0.9621   3.013314     0.9606   3.013526    5.06842    -0.0749    13.8155 0.0000e+00  -60.61617  -54.71983 1153482686 202.494063    34.6998      48746         17  0.000e+00
   1111.585     0.9620   3.013338     0.9611   3.013496    5.06848    -0.0964    13.8155 0.0000e+00  -60.61617  -54.71983 1153482686 202.494063    34.7002      48747         17  0.000e+00
   1111.867     0.9609   3.013225     0.9613   3.013628    5.06885    -0.1072    13.8155 0.0000e+00  -60.61617  -54.71983 1153482693 202.494151    34.6998      48928         18  0.000e+00
   1111.867     0.9609   3.013249     0.9620   3.013640    5.06884    -0.1072    13.8155 0.0000e+00  -60.61617  -54.71983 1153482693 202.494151    34.7002      48929         18  0.000e+00
   1112.013     0.9612   3.013297     0.9622   3.013652    5.06888    -0.0964    13.8155 0.0000e+00  -60.61617  -54.71983 1153482693 202.494152    34.7003      48930         18  0.000e+00
   1111.867     0.9618   3.013283     0.9616   3.013664    5.07389    -0.1072    13.8155 0.0000e+00  -60.61617  -54.71983 1153482693 202.494152    34.6995      48931         18  0.000e+00
   1111.945     0.9617   3.013293     0.9620   3.013658    5.07396    -0.0749    13.8155 0.0000e+00  -60.61617  -54.71983 1153482693 202.494153    34.6998      48932         18  0.000e+00
   1111.945     0.9621   3.013290     0.9620   3.013664    5.06874    -0.0642    13.8155 0.0000e+00  -60.61617  -54.71983 1153482694 202.494153    34.6992      48933         18  0.000e+00
   1112.013     0.9621   3.013259     0.9622   3.013676    5.06880    -0.1180    13.8155 0.0000e+00  -60.61617  -54.71983 1153482694 202.494154    34.6988      48934         18  0.000e+00
   1111.945     0.9617   3.013242     0.9624   3.013700    5.06881    -0.1180    13.8155 0.0000e+00  -60.61617  -54.71983 1153482694 202.494154    34.6992      48935         18  0.000e+00
   1112.013     0.9610   3.013211     0.9626   3.013676    5.06894    -0.0964    13.8155 0.0000e+00  -60.61617  -54.71983 1153482694 202.494155    34.6994      48936         18  0.000e+00
   1111.945     0.9610   3.013205     0.9624   3.013676    5.06889    -0.0749    13.8155 0.0000e+00  -60.61617  -54.71983 1153482694 202.494155    34.6994      48937         18  0.000e+00
   1112.013     0.9610   3.013194     0.9628   3.013694    5.06895    -0.0749    13.8155 0.0000e+00  -60.61617  -54.71983 1153482694 202.494156    34.6992      48938         18  0.000e+00
   1112.013     0.9606   3.013184     0.9628   3.013682    5.06900    -0.1072    13.8155 0.0000e+00  -60.61617  -54.71983 1153482694 202.494156    34.6996      48939         18  0.000e+00
   1112.013     0.9606   3.013153     0.9624   3.013694    5.06901    -0.1072    13.8155 0.0000e+00  -60.61617  -54.71983 1153482694 202.494157    34.6992      48940         18  0.000e+00
   1112.013     0.9603   3.013153     0.9622   3.013682    5.06905    -0.0642    13.8155 0.0000e+00  -60.61617  -54.71983 1153482694 202.494157    34.6995      48941         18  0.000e+00
   1112.013     0.9604   3.013146     0.9625   3.013664    5.06903    -0.0857    13.8155 0.0000e+00  -60.61617  -54.71983 1153482694 202.494158    34.6993      48942         18  0.000e+00
   1112.013     0.9601   3.013170     0.9620   3.013664    5.06906    -0.1072    13.8155 0.0000e+00  -60.61617  -54.71983 1153482694 202.494158    34.6999      48943         18  0.000e+00
   1112.013     0.9603   3.013143     0.9616   3.013634    5.06905    -0.1072    13.8155 0.0000e+00  -60.61617  -54.71983 1153482694 202.494158    34.6994      48944         18  0.000e+00
   1112.013     0.9606   3.013160     0.9611   3.013640    5.06901    -0.0749    13.8155 0.0000e+00  -60.61617  -54.71983 1153482694 202.494159    34.6993      48945         18  0.000e+00
