product_data/regression_test/downloaded_data/MGDS/320620060703/ctd/p6617606.cnv
* Sea-Bird SBE 9 Data File:
* FileName = D:\Data\Raw\p6617606.dat
* Software Version Seasave Win32 V 5.32
* Temperature SN = 1649
* Conductivity SN = 1431
* Number of Bytes Per Scan = 37
* Number of Voltage Words = 5
* Number of Scans Averaged by the Deck Unit = 1
* NMEA Latitude = 60 36.97 S
* NMEA Longitude = 054 43.19 W
* NMEA UTC (Time) = 10:02:35
** Ship:   Nathaniel B. Palmer 
** Cruise:    NBP0606 
# nquan = 15
# nvalues = 140                         
# units = specified
# name 0 = prDM: Pressure, Digiquartz [db]
# name 1 = t090C: Temperature [ITS-90, deg C]
# name 2 = c0S/m: Conductivity [S/m]
# name 3 = t190C: Temperature, 2 [ITS-90, deg C]
# name 4 = c1S/m: Conductivity, 2 [S/m]
# name 5 = sbeox0ML/L: Oxygen, SBE 43 [ml/l]
# name 6 = flECO-AFL: Fluorescence, Wetlab ECO-AFL/FL [mg/m^3]
# name 7 = bat: Beam Attenuation, Chelsea/Seatech/Wetlab CStar [1/m]
# name 8 = spar: SPAR/Surface Irradiance
# name 9 = latitude: Latitude [deg]
# name 10 = longitude: Longitude [deg]
# name 11 = timeY: Time, System [seconds]
# name 12 = timeJ: Julian Days
# name 13 = sal00: Salinity [PSU]
# name 14 = flag: flag
# span 0 =     13.000,    152.000       
# span 1 =    -0.7817,     0.0383       
# span 2 =   2.776253,   2.866028       
# span 3 =    -0.7818,     0.0543       
# span 4 =   2.776983,   2.867947       
# span 5 =    6.41121,    7.70288       
# span 6 =    -0.0427,     0.4227       
# span 7 =    13.8155,    13.8155       
# span 8 = 0.0000e+00, 0.0000e+00       
# span 9 =  -60.61617,  -60.61617       
# span 10 =  -54.71983,  -54.71983      
# span 11 = 1153476154, 1153476542      
# span 12 = 202.418453, 202.422958      
# span 13 =    34.1690,    34.3650      
# span 14 = 0.0000e+00, 0.0000e+00      
# interval = decibars: 1                
# start_time = Jul 21 2006 10:02:43
# bad_flag = -9.990e-29
*END*
[from data line 97]
    110.000    -0.2496   2.832484    -0.2458   2.833029    7.03210     0.2789    13.8155 0.0000e+00  -60.61617  -54.71983 1153476411 202.421441    34.2627 0.0000e+00
    111.000    -0.2154   2.835690    -0.2137   2.836055    6.98694     0.2348    13.8155 0.0000e+00  -60.61617  -54.71983 1153476412 202.421459    34.2659 0.0000e+00
    112.000    -0.2039   2.836790    -0.2022   2.837174    6.96913     0.2335    13.8155 0.0000e+00  -60.61617  -54.71983 1153476413 202.421471    34.2675 0.0000e+00
    113.000    -0.2051   2.836716    -0.1995   2.837442    6.94237     0.2221    13.8155 0.0000e+00  -60.61617  -54.71983 1153476415 202.421494    34.2685 0.0000e+00
    114.000    -0.2139   2.835942    -0.2039   2.837053    6.91748     0.1672    13.8155 0.0000e+00  -60.61617  -54.71983 1153476420 202.421553    34.2697 0.0000e+00
    115.000    -0.1823   2.838851    -0.1807   2.839220    6.90531     0.1709    13.8155 0.0000e+00  -60.61617  -54.71983 1153476421 202.421563    34.2711 0.0000e+00
    116.000    -0.1770   2.839343    -0.1761   2.839725    6.89443     0.1518    13.8155 0.0000e+00  -60.61617  -54.71983 1153476422 202.421573    34.2711 0.0000e+00
    117.000    -0.1719   2.839932    -0.1682   2.840498    6.87877     0.1752    13.8155 0.0000e+00  -60.61617  -54.71983 1153476423 202.421586    34.2730 0.0000e+00
    118.000    -0.1464   2.842358    -0.1442   2.842782    6.85217     0.1678    13.8155 0.0000e+00  -60.61617  -54.71983 1153476426 202.421615    34.2758 0.0000e+00
    119.000    -0.1870   2.838699    -0.1751   2.840140    6.88171     0.1448    13.8155 0.0000e+00  -60.61617  -54.71983 1153476432 202.421684    34.2745 0.0000e+00
    120.000    -0.2948   2.829696    -0.3014   2.830656    6.90330     0.1308    13.8155 0.0000e+00  -60.61617  -54.71983 1153476433 202.421693    34.2790 0.0000e+00
    121.000    -0.3366   2.826979    -0.3352   2.827616    6.91712     0.1442    13.8155 0.0000e+00  -60.61617  -54.71983 1153476433 202.421703    34.2898 0.0000e+00
    122.000    -0.3360   2.827231    -0.3356   2.827616    6.92800     0.1384    13.8155 0.0000e+00  -60.61617  -54.71983 1153476434 202.421714    34.2915 0.0000e+00
    123.000    -0.3229   2.828555    -0.3216   2.829042    6.94220     0.1256    13.8155 0.0000e+00  -60.61617  -54.71983 1153476436 202.421733    34.2925 0.0000e+00
    124.000    -0.3034   2.830023    -0.3035   2.830362    6.95542     0.1198    13.8155 0.0000e+00  -60.61617  -54.71983 1153476440 202.421776    34.2878 0.0000e+00
    125.000    -0.3314   2.827929    -0.3516   2.826940    6.96758     0.1040    13.8155 0.0000e+00  -60.61617  -54.71983 1153476443 202.421818    34.2908 0.0000e+00
    126.000    -0.3692   2.825257    -0.3676   2.825779    6.98592     0.0834    13.8155 0.0000e+00  -60.61617  -54.71983 1153476446 202.421847    34.2980 0.0000e+00
    127.000    -0.3441   2.828063    -0.3401   2.828606    6.98316     0.0847    13.8155 0.0000e+00  -60.61617  -54.71983 1153476447 202.421861    34.3060 0.0000e+00
    128.000    -0.3272   2.829638    -0.3259   2.830083    6.98096     0.1052    13.8155 0.0000e+00  -60.61617  -54.71983 1153476448 202.421873    34.3062 0.0000e+00
    129.000    -0.3267   2.829711    -0.3256   2.830154    6.97933     0.0946    13.8155 0.0000e+00  -60.61617  -54.71983 1153476449 202.421884    34.3059 0.0000e+00
    130.000    -0.3240   2.830050    -0.3228   2.830502    6.97598     0.0905    13.8155 0.0000e+00  -60.61617  -54.71983 1153476450 202.421899    34.3067 0.0000e+00
    131.000    -0.3242   2.830104    -0.3211   2.830695    6.96846     0.0946    13.8155 0.0000e+00  -60.61617  -54.71983 1153476456 202.421964    34.3070 0.0000e+00
    132.000    -0.3140   2.831167    -0.3116   2.831708    6.95699     0.0864    13.8155 0.0000e+00  -60.61617  -54.71983 1153476457 202.421981    34.3088 0.0000e+00
    133.000    -0.3047   2.832137    -0.3015   2.832771    6.93709     0.0681    13.8155 0.0000e+00  -60.61617  -54.71983 1153476461 202.422019    34.3105 0.0000e+00
    134.000    -0.2987   2.832795    -0.2974   2.833207    6.93428     0.0673    13.8155 0.0000e+00  -60.61617  -54.71983 1153476462 202.422032    34.3118 0.0000e+00
    135.000    -0.2896   2.833730    -0.2877   2.834176    6.93125     0.0550    13.8155 0.0000e+00  -60.61617  -54.71983 1153476463 202.422043    34.3133 0.0000e+00
    136.000    -0.2819   2.834503    -0.2803   2.834936    6.91948     0.0520    13.8155 0.0000e+00  -60.61617  -54.71983 1153476464 202.422055    34.3141 0.0000e+00
    137.000    -0.2612   2.836545    -0.2588   2.837009    6.90036     0.0652    13.8155 0.0000e+00  -60.61617  -54.71983 1153476466 202.422080    34.3172 0.0000e+00
    138.000    -0.2721   2.835539    -0.2705   2.835955    6.87103     0.0350    13.8155 0.0000e+00  -60.61617  -54.71983 1153476472 202.422154    34.3162 0.0000e+00
    139.000    -0.2410   2.838657    -0.2386   2.838984    6.84928     0.0299    13.8155 0.0000e+00  -60.61617  -54.71983 1153476473 202.422161    34.3216 0.0000e+00
    140.000    -0.2164   2.840975    -0.2146   2.841299    6.83113     0.0283    13.8155 0.0000e+00  -60.61617  -54.71983 1153476474 202.422170    34.3233 0.0000e+00
    141.000    -0.1877   2.843695    -0.1851   2.844069    6.80509     0.0345    13.8155 0.0000e+00  -60.61617  -54.71983 1153476475 202.422180    34.3259 0.0000e+00
    142.000    -0.1920   2.843265    -0.1855   2.844100    6.77538     0.0228    13.8155 0.0000e+00  -60.61617  -54.71983 1153476479 202.422225    34.3252 0.0000e+00
    143.000    -0.2336   2.839429    -0.2153   2.841432    6.75395    -0.0007    13.8155 0.0000e+00  -60.61617  -54.71983 1153476484 202.422291    34.3230 0.0000e+00
    144.000    -0.1113   2.851641    -0.1143   2.851023    6.72859     0.0055    13.8155 0.0000e+00  -60.61617  -54.71983 1153476485 202.422299    34.3444 0.0000e+00
    145.000    -0.0888   2.853549    -0.0873   2.853816    6.70388    -0.0042    13.8155 0.0000e+00  -60.61617  -54.71983 1153476486 202.422308    34.3418 0.0000e+00
    146.000    -0.1422   2.848408    -0.1371   2.849055    6.67307     0.0026    13.8155 0.0000e+00  -60.61617  -54.71983 1153476492 202.422378    34.3359 0.0000e+00
    147.000    -0.0871   2.853840    -0.0799   2.854653    6.60605    -0.0148    13.8155 0.0000e+00  -60.61617  -54.71983 1153476496 202.422427    34.3444 0.0000e+00
    148.000    -0.0002   2.862104     0.0091   2.863023    6.54097    -0.0134    13.8155 0.0000e+00  -60.61617  -54.71983 1153476498 202.422445    34.3540 0.0000e+00
    149.000     0.0121   2.863188     0.0146   2.863645    6.46803    -0.0125    13.8155 0.0000e+00  -60.61617  -54.71983 1153476501 202.422482    34.3546 0.0000e+00
    150.000     0.0365   2.865761     0.0409   2.866422    6.42958    -0.0200    13.8155 0.0000e+00  -60.61617  -54.71983 1153476504 202.422514    34.3614 0.0000e+00
    151.000     0.0383   2.866028     0.0450   2.866876    6.41121    -0.0187    13.8155 0.0000e+00  -60.61617  -54.71983 1153476518 202.422676    34.3640 0.0000e+00
    152.000     0.0339   2.865753     0.0543   2.867947    6.41802    -0.0427    13.8155 0.0000e+00  -60.61617  -54.71983 1153476542 202.422958    34.3650 0.0000e+00
