product_data/regression_test/downloaded_data/MGDS/320620060703/ctd/p6619201.ros
* Sea-Bird SBE 9 Data File:
* FileName = D:\Data\Raw\p6619201.dat
* Software Version Seasave Win32 V 5.32
* Temperature SN = 1649
* Conductivity SN = 1431
* Number of Bytes Per Scan = 37
* Number of Voltage Words = 5
* Number of Scans Averaged by the Deck Unit = 1
* NMEA Latitude = 60 47.98 S
* NMEA Longitude = 055 11.67 W
* NMEA UTC (Time) = 17:57:21
** Ship:   Nathaniel B. Palmer 
** Cruise:    NBP0606 
# nquan = 17
# nvalues = 1176                    
# units = specified
# name 0 = prDM: Pressure, Digiquartz [db]
# name 1 = t090C: Temperature [ITS-90, deg C]
# name 2 = c0S/m: Conductivity [S/m]
# name 3 = t190C: Temperature, 2 [ITS-90, deg C]
# name 4 = c1S/m: Conductivity, 2 [S/m]
# name 5 = sbeox0ML/L: Oxygen, SBE 43 [ml/l]
# name 6 = flECO-AFL: Fluorescence, Wetlab ECO-AFL/FL [mg/m^3]
# name 7 = bat: Beam Attenuation, Chelsea/Seatech/Wetlab CStar [1/m]
# name 8 = spar: SPAR/Surface Irradiance
# name 9 = latitude: Latitude [deg]
# name 10 = longitude: Longitude [deg]
# name 11 = timeY: Time, System [seconds]
# name 12 = timeJ: Julian Days
# name 13 = sal00: Salinity [PSU]
# name 14 = scan: scan number
# name 15 = nbf: number of bottles fired
# name 16 = flag:  0.000e+00
# interval = seconds: 0.0416667                   
# start_time = Jul 23 2006 17:57:29
*END*
   1000.266     0.5042   2.966290     0.5044   2.966624    5.37907    -0.0319    13.8155 3.7015e+01  -60.79967  -55.19450 1153678780 204.763675    34.6631      31981          1  0.000e+00
   1000.266     0.5042   2.966317     0.5046   2.966618    5.37906    -0.0319    13.8155 3.7015e+01  -60.79967  -55.19450 1153678780 204.763675    34.6635      31982          1  0.000e+00
   1000.285     0.5041   2.966301     0.5044   2.966618    5.37909    -0.0426    13.8155 3.7015e+01  -60.79967  -55.19450 1153678780 204.763676    34.6635      31983          1  0.000e+00
   1000.266     0.5047   2.966284     0.5046   2.966618    5.37902    -0.0426    13.8155 3.7015e+01  -60.79967  -55.19450 1153678780 204.763676    34.6626      31984          1  0.000e+00
   1000.334     0.5040   2.966307     0.5047   2.966618    5.37913    -0.0749    13.8155 3.7015e+01  -60.79967  -55.19450 1153678780 204.763677    34.6635      31985          1  0.000e+00
   1000.266     0.5045   2.966328     0.5047   2.966636    5.37901    -0.0857    13.8155 3.7015e+01  -60.79967  -55.19450 1153678780 204.763677    34.6633      31986          1  0.000e+00
   1000.266     0.5044   2.966331     0.5049   2.966642    5.37903    -0.0857    13.8155 3.8963e+01  -60.79967  -55.19450 1153678780 204.763678    34.6635      31987          1  0.000e+00
   1000.266     0.5040   2.966301     0.5049   2.966624    5.37908    -0.0749    13.8155 3.8963e+01  -60.79967  -55.19450 1153678780 204.763678    34.6635      31988          1  0.000e+00
   1000.353     0.5045   2.966304     0.5047   2.966595    5.37394    -0.1072    13.8155 3.7015e+01  -60.79967  -55.19450 1153678780 204.763679    34.6629      31989          1  0.000e+00
   1000.334     0.5047   2.966324     0.5047   2.966589    5.37390    -0.1180    13.8155 3.7015e+01  -60.79967  -55.19450 1153678780 204.763679    34.6630      31990          1  0.000e+00
   1000.266     0.5047   2.966301     0.5047   2.966624    5.37386    -0.1072    13.8155 3.7015e+01  -60.79967  -55.19450 1153678780 204.763680    34.6628      31991          1  0.000e+00
   1000.334     0.5044   2.966355     0.5041   2.966624    5.37392    -0.0749    13.8155 3.7015e+01  -60.79967  -55.19450 1153678780 204.763680    34.6638      31992          1  0.000e+00
   1000.334     0.5045   2.966307     0.5047   2.966618    5.37392    -0.0749    13.8155 3.7015e+01  -60.79967  -55.19450 1153678780 204.763681    34.6630      31993          1  0.000e+00
   1000.334     0.5043   2.966307     0.5046   2.966636    5.37394    -0.0642    13.8155 3.7015e+01  -60.79967  -55.19450 1153678780 204.763681    34.6632      31994          1  0.000e+00
   1000.401     0.5045   2.966307     0.5044   2.966642    5.37397    -0.0642    13.8155 3.7015e+01  -60.79967  -55.19450 1153678780 204.763682    34.6629      31995          1  0.000e+00
   1000.353     0.5050   2.966307     0.5046   2.966624    5.37389    -0.0964    13.8155 3.7015e+01  -60.79967  -55.19450 1153678780 204.763682    34.6625      31996          1  0.000e+00
   1000.334     0.5044   2.966331     0.5043   2.966618    5.37393    -0.0749    13.8155 3.7015e+01  -60.79967  -55.19450 1153678780 204.763682    34.6635      31997          1  0.000e+00
   1000.401     0.5044   2.966314     0.5047   2.966618    5.37399    -0.0857    13.8155 3.8963e+01  -60.79967  -55.19450 1153678780 204.763683    34.6632      31998          1  0.000e+00
   1000.334     0.5043   2.966307     0.5047   2.966618    5.37395    -0.1180    13.8155 3.7015e+01  -60.79967  -55.19450 1153678780 204.763683    34.6632      31999          1  0.000e+00
   1000.401     0.5045   2.966331     0.5046   2.966636    5.37396    -0.0964    13.8155 3.7015e+01  -60.79967  -55.19450 1153678780 204.763684    34.6633      32000          1  0.000e+00
   1000.401     0.5045   2.966331     0.5049   2.966601    5.37396    -0.0857    13.8155 3.8963e+01  -60.79967  -55.19450 1153678780 204.763684    34.6633      32001          1  0.000e+00
   1000.431     0.5042   2.966311     0.5046   2.966607    5.37403    -0.0857    13.8155 3.8963e+01  -60.79967  -55.19450 1153678781 204.763685    34.6633      32002          1  0.000e+00
   1000.402     0.5045   2.966297     0.5049   2.966636    5.37398    -0.0857    13.8155 3.8963e+01  -60.79967  -55.19450 1153678781 204.763685    34.6628      32003          1  0.000e+00
   1000.479     0.5042   2.966321     0.5049   2.966642    5.37406    -0.1072    13.8155 3.8963e+01  -60.79967  -55.19450 1153678781 204.763686    34.6634      32004          1  0.000e+00
   1000.402     0.5043   2.966348     0.5050   2.966642    5.37398    -0.1072    13.8155 3.8963e+01  -60.79967  -55.19450 1153678781 204.763686    34.6637      32005          1  0.000e+00
   1000.479     0.5047   2.966324     0.5049   2.966660    5.37401    -0.0749    13.8155 3.8963e+01  -60.79967  -55.19450 1153678781 204.763687    34.6630      32006          1  0.000e+00
   1000.479     0.5039   2.966328     0.5049   2.966672    5.37409    -0.0749    13.8155 3.8963e+01  -60.79967  -55.19450 1153678781 204.763687    34.6639      32007          1  0.000e+00
   1000.498     0.5040   2.966311     0.5050   2.966630    5.37410    -0.1395    13.8155 3.8963e+01  -60.79967  -55.19450 1153678781 204.763688    34.6635      32008          1  0.000e+00
   1000.547     0.5047   2.966331     0.5050   2.966618    5.37405    -0.1395    13.8155 3.8963e+01  -60.79967  -55.19450 1153678781 204.763688    34.6630      32009          1  0.000e+00
   1000.479     0.5045   2.966331     0.5047   2.966654    5.37402    -0.1502    13.8155 3.8963e+01  -60.79967  -55.19450 1153678781 204.763689    34.6632      32010          1  0.000e+00
   1000.547     0.5050   2.966321     0.5046   2.966648    5.37402    -0.1072    13.8155 3.7015e+01  -60.79967  -55.19450 1153678781 204.763689    34.6625      32011          1  0.000e+00
   1000.547     0.5047   2.966328     0.5044   2.966642    5.37406    -0.0426    13.8155 3.7015e+01  -60.79967  -55.19450 1153678781 204.763690    34.6630      32012          1  0.000e+00
   1000.479     0.5047   2.966331     0.5049   2.966624    5.37400    -0.0749    13.8155 3.7015e+01  -60.79967  -55.19450 1153678781 204.763690    34.6631      32013          1  0.000e+00
   1000.576     0.5043   2.966301     0.5050   2.966636    5.37413    -0.0749    13.8155 3.7015e+01  -60.79967  -55.19450 1153678781 204.763691    34.6630      32014          1  0.000e+00
   1000.547     0.5044   2.966338     0.5052   2.966666    5.37409    -0.0749    13.8155 3.7015e+01  -60.79967  -55.19450 1153678781 204.763691    34.6634      32015          1  0.000e+00
   1000.479     0.5049   2.966335     0.5052   2.966648    5.37398    -0.0534    13.8155 3.7015e+01  -60.79967  -55.19450 1153678781 204.763692    34.6629      32016          1  0.000e+00
   1000.547     0.5043   2.966321     0.5049   2.966642    5.37410    -0.0426    13.8155 3.7015e+01  -60.79967  -55.19450 1153678781 204.763692    34.6633      32017          1  0.000e+00
   1000.547     0.5044   2.966345     0.5049   2.966642    5.37408    -0.0857    13.8155 3.7015e+01  -60.79967  -55.19450 1153678781 204.763693    34.6635      32018          1  0.000e+00
   1000.547     0.5042   2.966335     0.5046   2.966642    5.37926    -0.0964    13.8155 3.7015e+01  -60.79967  -55.19450 1153678781 204.763693    34.6636      32019          1  0.000e+00
   1000.547     0.5045   2.966338     0.5050   2.966642    5.37922    -0.1072    13.8155 3.7015e+01  -60.79967  -55.19450 1153678781 204.763694    34.6633      32020          1  0.000e+00
   1000.498     0.5049   2.966331     0.5047   2.966642    5.37400    -0.0857    13.8155 3.7015e+01  -60.79967  -55.19450 1153678781 204.763694    34.6629      32021          1  0.000e+00
   1000.547     0.5045   2.966331     0.5049   2.966642    5.37407    -0.0964    13.8155 3.7015e+01  -60.79967  -55.19450 1153678781 204.763695    34.6632      32022          1  0.000e+00
   1000.479     0.5047   2.966355     0.5052   2.966624    5.37399    -0.0964    13.8155 3.7015e+01  -60.79967  -55.19450 1153678781 204.763695    34.6634      32023          1  0.000e+00
   1000.547     0.5047   2.966321     0.5049   2.966618    5.37406    -0.0857    13.8155 3.7015e+01  -60.79967  -55.19450 1153678781 204.763696    34.6629      32024          1  0.000e+00
   1000.479     0.5048   2.966307     0.5052   2.966636    5.37400    -0.0964    13.8155 3.7015e+01  -60.79967  -55.19450 1153678781 204.763696    34.6626      32025          1  0.000e+00
   1000.479     0.5050   2.966368     0.5053   2.966624    5.37395    -0.1287    13.8155 3.7015e+01  -60.79967  -55.19450 1153678781 204.763696    34.6632      32026          1  0.000e+00
   1000.498     0.5042   2.966345     0.5047   2.966601    5.37406    -0.1180    13.8155 3.7015e+01  -60.79967  -55.19450 1153678782 204.763697    34.6637      32027          1  0.000e+00
   1000.479     0.5048   2.966331     0.5046   2.966630    5.37399    -0.0964    13.8155 3.7015e+01  -60.79967  -55.19450 1153678782 204.763697    34.6629      32028          1  0.000e+00
   1000.479     0.5050   2.966338     0.5046   2.966642    5.37397    -0.0534    13.8155 3.7015e+01  -60.79967  -55.19450 1153678782 204.763698    34.6628      32029          1  0.000e+00
    900.180     0.5281   2.963595     0.5288   2.963940    5.37456    -0.1180    13.8155 3.3118e+01  -60.79967  -55.19450 1153678942 204.765551    34.6580      35872          2  0.000e+00
    900.084     0.5281   2.963564     0.5288   2.963928    5.36942    -0.0964    13.8155 3.3118e+01  -60.79967  -55.19450 1153678942 204.765552    34.6576      35873          2  0.000e+00
    900.084     0.5278   2.963578     0.5285   2.963934    5.36945    -0.0534    13.8155 3.3118e+01  -60.79967  -55.19450 1153678942 204.765552    34.6582      35874          2  0.000e+00
    900.113     0.5285   2.963602     0.5290   2.963905    5.36938    -0.0964    13.8155 3.3118e+01  -60.79967  -55.19450 1153678942 204.765553    34.6577      35875          2  0.000e+00
    900.084     0.5288   2.963571     0.5290   2.963910    5.36934    -0.0964    13.8155 3.3118e+01  -60.79967  -55.19450 1153678942 204.765553    34.6569      35876          2  0.000e+00
    900.036     0.5285   2.963578     0.5288   2.963922    5.36933    -0.1072    13.8155 3.3118e+01  -60.79967  -55.19450 1153678942 204.765554    34.6574      35877          2  0.000e+00
    900.016     0.5288   2.963581     0.5288   2.963899    5.36929    -0.1395    13.8155 3.3118e+01  -60.79967  -55.19450 1153678942 204.765554    34.6572      35878          2  0.000e+00
    900.036     0.5285   2.963581     0.5285   2.963893    5.36933    -0.1287    13.8155 3.3118e+01  -60.79967  -55.19450 1153678942 204.765555    34.6574      35879          2  0.000e+00
    900.016     0.5285   2.963602     0.5285   2.963869    5.36931    -0.1395    13.8155 3.3118e+01  -60.79967  -55.19450 1153678942 204.765555    34.6577      35880          2  0.000e+00
    899.968     0.5285   2.963609     0.5290   2.963881    5.36927    -0.1502    13.8155 3.3118e+01  -60.79967  -55.19450 1153678942 204.765556    34.6578      35881          2  0.000e+00
    900.016     0.5285   2.963605     0.5287   2.963893    5.36930    -0.1395    13.8155 3.3118e+01  -60.79967  -55.19450 1153678942 204.765556    34.6578      35882          2  0.000e+00
    899.891     0.5283   2.963605     0.5280   2.963869    5.36924    -0.0749    13.8155 3.3118e+01  -60.79967  -55.19450 1153678942 204.765557    34.6581      35883          2  0.000e+00
    899.949     0.5284   2.963588     0.5281   2.963881    5.36928    -0.0749    13.8155 3.3118e+01  -60.79967  -55.19450 1153678942 204.765557    34.6577      35884          2  0.000e+00
    899.891     0.5282   2.963619     0.5279   2.963893    5.36924    -0.0857    13.8155 3.3118e+01  -60.79967  -55.19450 1153678942 204.765557    34.6584      35885          2  0.000e+00
    899.872     0.5281   2.963612     0.5284   2.963910    5.36924    -0.1072    13.8155 3.3118e+01  -60.79967  -55.19450 1153678942 204.765558    34.6584      35886          2  0.000e+00
    899.891     0.5281   2.963588     0.5285   2.963899    5.36927    -0.0749    13.8155 3.3118e+01  -60.79967  -55.19450 1153678942 204.765558    34.6581      35887          2  0.000e+00
    899.872     0.5281   2.963581     0.5282   2.963881    5.36925    -0.0749    13.8155 3.3118e+01  -60.79967  -55.19450 1153678942 204.765559    34.6580      35888          2  0.000e+00
    899.872     0.5284   2.963585     0.5283   2.963863    5.36922    -0.0964    13.8155 3.1170e+01  -60.79967  -55.19450 1153678942 204.765559    34.6577      35889          2  0.000e+00
    899.823     0.5284   2.963602     0.5284   2.963863    5.36918    -0.1287    13.8155 3.1170e+01  -60.79967  -55.19450 1153678943 204.765560    34.6580      35890          2  0.000e+00
    899.804     0.5282   2.963605     0.5284   2.963881    5.36918    -0.1072    13.8155 3.3118e+01  -60.79967  -55.19450 1153678943 204.765560    34.6582      35891          2  0.000e+00
    899.823     0.5283   2.963588     0.5285   2.963869    5.36920    -0.1287    13.8155 3.3118e+01  -60.79967  -55.19450 1153678943 204.765561    34.6579      35892          2  0.000e+00
    899.804     0.5281   2.963585     0.5284   2.963881    5.36921    -0.1180    13.8155 3.3118e+01  -60.79967  -55.19450 1153678943 204.765561    34.6581      35893          2  0.000e+00
    899.756     0.5282   2.963585     0.5281   2.963869    5.36915    -0.1072    13.8155 3.3118e+01  -60.79967  -55.19450 1153678943 204.765562    34.6580      35894          2  0.000e+00
    899.804     0.5282   2.963585     0.5283   2.963863    5.36919    -0.0534    13.8155 3.3118e+01  -60.79967  -55.19450 1153678943 204.765562    34.6580      35895          2  0.000e+00
    899.679     0.5281   2.963598     0.5284   2.963863    5.36911    -0.0857    13.8155 3.3118e+01  -60.79967  -55.19450 1153678943 204.765563    34.6584      35896          2  0.000e+00
    899.727     0.5278   2.963588     0.5288   2.963863    5.36918    -0.0857    13.8155 3.3118e+01  -60.79967  -55.19450 1153678943 204.765563    34.6585      35897          2  0.000e+00
    899.756     0.5282   2.963602     0.5281   2.963881    5.36915    -0.1072    13.8155 3.3118e+01  -60.79967  -55.19450 1153678943 204.765564    34.6582      35898          2  0.000e+00
    899.727     0.5281   2.963588     0.5284   2.963893    5.36915    -0.1718    13.8155 3.3118e+01  -60.79967  -55.19450 1153678943 204.765564    34.6582      35899          2  0.000e+00
    899.679     0.5282   2.963564     0.5282   2.963893    5.36911    -0.1502    13.8155 3.3118e+01  -60.79967  -55.19450 1153678943 204.765565    34.6578      35900          2  0.000e+00
    899.659     0.5284   2.963591     0.5283   2.963827    5.36906    -0.0749    13.8155 3.5067e+01  -60.79967  -55.19450 1153678943 204.765565    34.6579      35901          2  0.000e+00
    899.659     0.5283   2.963571     0.5284   2.963863    5.36908    -0.0857    13.8155 3.3118e+01  -60.79967  -55.19450 1153678943 204.765566    34.6578      35902          2  0.000e+00
    899.611     0.5281   2.963595     0.5284   2.963863    5.36906    -0.0642    13.8155 3.5067e+01  -60.79967  -55.19450 1153678943 204.765566    34.6584      35903          2  0.000e+00
    899.659     0.5282   2.963554     0.5282   2.963845    5.36910    -0.0642    13.8155 3.3118e+01  -60.79967  -55.19450 1153678943 204.765567    34.6576      35904          2  0.000e+00
    899.611     0.5282   2.963568     0.5284   2.963857    5.36906    -0.0964    13.8155 3.3118e+01  -60.79967  -55.19450 1153678943 204.765567    34.6579      35905          2  0.000e+00
    899.582     0.5280   2.963564     0.5284   2.963845    5.36906    -0.1180    13.8155 3.5067e+01  -60.79967  -55.19450 1153678943 204.765568    34.6581      35906          2  0.000e+00
    899.611     0.5279   2.963541     0.5282   2.963857    5.36910    -0.1180    13.8155 3.5067e+01  -60.79967  -55.19450 1153678943 204.765568    34.6578      35907          2  0.000e+00
