product_data/regression_test/downloaded_data/MGDS/320620060703/ctd/p6617611.ros
* Sea-Bird SBE 9 Data File:
* FileName = D:\Data\Raw\p6617611.dat
* Software Version Seasave Win32 V 5.32
* Temperature SN = 1649
* Conductivity SN = 1431
* Number of Bytes Per Scan = 37
* Number of Voltage Words = 5
* Number of Scans Averaged by the Deck Unit = 1
* NMEA Latitude = 60 37.00 S
* NMEA Longitude = 054 43.23 W
* NMEA UTC (Time) = 14:47:03
** Ship:   Nathaniel B. Palmer 
** Cruise:    NBP0606 
# nquan = 17
# nvalues = 1176                    
# units = specified
# name 0 = prDM: Pressure, Digiquartz [db]
# name 1 = t090C: Temperature [ITS-90, deg C]
# name 2 = c0S/m: Conductivity [S/m]
# name 3 = t190C: Temperature, 2 [ITS-90, deg C]
# name 4 = c1S/m: Conductivity, 2 [S/m]
# name 5 = sbeox0ML/L: Oxygen, SBE 43 [ml/l]
# name 6 = flECO-AFL: Fluorescence, Wetlab ECO-AFL/FL [mg/m^3]
# name 7 = bat: Beam Attenuation, Chelsea/Seatech/Wetlab CStar [1/m]
# name 8 = spar: SPAR/Surface Irradiance
# name 9 = latitude: Latitude [deg]
# name 10 = longitude: Longitude [deg]
# name 11 = timeY: Time, System [seconds]
# name 12 = timeJ: Julian Days
# name 13 = sal00: Salinity [PSU]
# name 14 = scan: scan number
# name 15 = nbf: number of bottles fired
# name 16 = flag:  0.000e+00
# interval = seconds: 0.0416667                   
# start_time = Jul 21 2006 14:47:11
*END*
[from data line 681]
    750.837     0.9817   2.996582     0.9813   2.996920    5.15580    -0.0642    13.8155 6.0393e+01  -60.61667  -54.72050 1153494418 202.629856    34.6647      28526         14  0.000e+00
    750.905     0.9817   2.996589     0.9815   2.996908    5.15584    -0.0642    13.8155 6.0393e+01  -60.61667  -54.72050 1153494418 202.629856    34.6648      28527         14  0.000e+00
    750.914     0.9819   2.996593     0.9817   2.996944    5.15582    -0.0964    13.8155 6.0393e+01  -60.61667  -54.72050 1153494418 202.629857    34.6645      28528         14  0.000e+00
    750.837     0.9811   2.996593     0.9813   2.996896    5.15586    -0.1072    13.8155 6.0393e+01  -60.61667  -54.72050 1153494418 202.629857    34.6655      28529         14  0.000e+00
    750.905     0.9821   2.996610     0.9814   2.996914    5.15579    -0.0964    13.8155 6.0393e+01  -60.61667  -54.72050 1153494418 202.629858    34.6646      28530         14  0.000e+00
    751.196     0.9805   2.996497     0.9801   2.996813    5.16115    -0.0857    13.8155 6.2341e+01  -60.61667  -54.72050 1153494425 202.629944    34.6648      28709         15  0.000e+00
    751.196     0.9802   2.996497     0.9803   2.996819    5.16117    -0.1072    13.8155 6.2341e+01  -60.61667  -54.72050 1153494425 202.629945    34.6650      28710         15  0.000e+00
    751.051     0.9803   2.996531     0.9797   2.996819    5.16105    -0.1180    13.8155 6.2341e+01  -60.61667  -54.72050 1153494425 202.629945    34.6655      28711         15  0.000e+00
    751.263     0.9802   2.996524     0.9802   2.996801    5.16122    -0.0857    13.8155 6.2341e+01  -60.61667  -54.72050 1153494425 202.629946    34.6655      28712         15  0.000e+00
    751.196     0.9807   2.996521     0.9798   2.996813    5.16111    -0.0964    13.8155 6.2341e+01  -60.61667  -54.72050 1153494425 202.629946    34.6649      28713         15  0.000e+00
    751.263     0.9808   2.996511     0.9801   2.996837    5.16116    -0.0749    13.8155 6.2341e+01  -60.61667  -54.72050 1153494425 202.629946    34.6646      28714         15  0.000e+00
    751.119     0.9801   2.996497     0.9802   2.996825    5.16114    -0.0426    13.8155 6.2341e+01  -60.61667  -54.72050 1153494425 202.629947    34.6653      28715         15  0.000e+00
    751.196     0.9800   2.996477     0.9805   2.996819    5.16121    -0.0749    13.8155 6.2341e+01  -60.61667  -54.72050 1153494426 202.629947    34.6651      28716         15  0.000e+00
    751.119     0.9802   2.996507     0.9806   2.996837    5.16112    -0.0319    13.8155 6.2341e+01  -60.61667  -54.72050 1153494426 202.629948    34.6653      28717         15  0.000e+00
    751.196     0.9804   2.996501     0.9805   2.996849    5.15623    -0.0319    13.8155 6.2341e+01  -60.61667  -54.72050 1153494426 202.629948    34.6649      28718         15  0.000e+00
    750.772     0.9800   2.996521     0.9807   2.996867    5.15596    -0.0749    13.8155 6.2341e+01  -60.61667  -54.72050 1153494426 202.629949    34.6659      28719         15  0.000e+00
    751.552     0.9801   2.996504     0.9798   2.996855    5.15652    -0.1072    13.8155 6.2341e+01  -60.61667  -54.72050 1153494426 202.629949    34.6651      28720         15  0.000e+00
    751.196     0.9803   2.996514     0.9808   2.996849    5.16116    -0.1072    13.8155 6.2341e+01  -60.61667  -54.72050 1153494426 202.629950    34.6652      28721         15  0.000e+00
    751.119     0.9804   2.996501     0.9806   2.996849    5.16110    -0.0749    13.8155 6.2341e+01  -60.61667  -54.72050 1153494426 202.629950    34.6650      28722         15  0.000e+00
    751.119     0.9808   2.996514     0.9811   2.996849    5.16105    -0.0749    13.8155 6.2341e+01  -60.61667  -54.72050 1153494426 202.629951    34.6647      28723         15  0.000e+00
    751.196     0.9803   2.996545     0.9805   2.996867    5.15622    -0.1395    13.8155 6.2341e+01  -60.61667  -54.72050 1153494426 202.629951    34.6656      28724         15  0.000e+00
    751.119     0.9802   2.996528     0.9809   2.996879    5.15618    -0.1610    13.8155 6.2341e+01  -60.61667  -54.72050 1153494426 202.629952    34.6655      28725         15  0.000e+00
    751.119     0.9809   2.996555     0.9813   2.996879    5.15610    -0.0964    13.8155 6.2341e+01  -60.61667  -54.72050 1153494426 202.629952    34.6651      28726         15  0.000e+00
    751.119     0.9809   2.996569     0.9811   2.996879    5.15610    -0.0426    13.8155 6.2341e+01  -60.61667  -54.72050 1153494426 202.629953    34.6653      28727         15  0.000e+00
    751.119     0.9809   2.996548     0.9808   2.996855    5.15610    -0.0426    13.8155 6.2341e+01  -60.61667  -54.72050 1153494426 202.629953    34.6650      28728         15  0.000e+00
    751.196     0.9808   2.996514     0.9806   2.996849    5.15619    -0.0749    13.8155 6.2341e+01  -60.61667  -54.72050 1153494426 202.629954    34.6647      28729         15  0.000e+00
    751.051     0.9810   2.996569     0.9808   2.996849    5.15603    -0.1072    13.8155 6.2341e+01  -60.61667  -54.72050 1153494426 202.629954    34.6652      28730         15  0.000e+00
    751.119     0.9809   2.996555     0.9805   2.996849    5.15610    -0.0857    13.8155 6.2341e+01  -60.61667  -54.72050 1153494426 202.629955    34.6651      28731         15  0.000e+00
    751.119     0.9809   2.996545     0.9809   2.996867    5.15611    -0.0857    13.8155 6.2341e+01  -60.61667  -54.72050 1153494426 202.629955    34.6650      28732         15  0.000e+00
    751.119     0.9806   2.996562     0.9816   2.996855    5.15612    -0.0749    13.8155 6.2341e+01  -60.61667  -54.72050 1153494426 202.629956    34.6655      28733         15  0.000e+00
    751.052     0.9809   2.996521     0.9811   2.996867    5.15606    -0.0749    13.8155 6.2341e+01  -60.61667  -54.72050 1153494426 202.629956    34.6647      28734         15  0.000e+00
    751.119     0.9810   2.996535     0.9811   2.996879    5.16102    -0.0857    13.8155 6.0393e+01  -60.61667  -54.72050 1153494426 202.629957    34.6647      28735         15  0.000e+00
    751.119     0.9806   2.996545     0.9808   2.996896    5.16105    -0.0964    13.8155 6.0393e+01  -60.61667  -54.72050 1153494426 202.629957    34.6653      28736         15  0.000e+00
    751.061     0.9812   2.996579     0.9809   2.996902    5.15602    -0.0642    13.8155 6.0393e+01  -60.61667  -54.72050 1153494426 202.629958    34.6652      28737         15  0.000e+00
    751.052     0.9812   2.996593     0.9810   2.996837    5.15600    -0.0534    13.8155 6.0393e+01  -60.61667  -54.72050 1153494426 202.629958    34.6652      28738         15  0.000e+00
    751.052     0.9812   2.996562     0.9806   2.996879    5.15602    -0.0749    13.8155 6.2341e+01  -60.61667  -54.72050 1153494426 202.629959    34.6649      28739         15  0.000e+00
    751.119     0.9811   2.996565     0.9811   2.996885    5.15608    -0.0749    13.8155 6.2341e+01  -60.61667  -54.72050 1153494426 202.629959    34.6650      28740         15  0.000e+00
    751.052     0.9812   2.996548     0.9810   2.996879    5.15602    -0.0749    13.8155 6.2341e+01  -60.61667  -54.72050 1153494427 202.629959    34.6647      28741         15  0.000e+00
    751.052     0.9810   2.996562     0.9808   2.996855    5.15603    -0.0642    13.8155 6.0393e+01  -60.61667  -54.72050 1153494427 202.629960    34.6651      28742         15  0.000e+00
    751.052     0.9808   2.996603     0.9808   2.996867    5.15604    -0.0857    13.8155 6.2341e+01  -60.61667  -54.72050 1153494427 202.629960    34.6659      28743         15  0.000e+00
    751.052     0.9813   2.996569     0.9811   2.996855    5.15600    -0.0964    13.8155 6.2341e+01  -60.61667  -54.72050 1153494427 202.629961    34.6648      28744         15  0.000e+00
    751.052     0.9816   2.996565     0.9810   2.996885    5.15598    -0.0857    13.8155 6.0393e+01  -60.61667  -54.72050 1153494427 202.629961    34.6646      28745         15  0.000e+00
    750.975     0.9814   2.996569     0.9808   2.996861    5.15594    -0.0534    13.8155 6.2341e+01  -60.61667  -54.72050 1153494427 202.629962    34.6648      28746         15  0.000e+00
    751.052     0.9815   2.996548     0.9812   2.996867    5.15599    -0.0857    13.8155 6.0393e+01  -60.61667  -54.72050 1153494427 202.629962    34.6644      28747         15  0.000e+00
    751.052     0.9811   2.996562     0.9808   2.996879    5.15603    -0.0857    13.8155 6.0393e+01  -60.61667  -54.72050 1153494427 202.629963    34.6650      28748         15  0.000e+00
    750.975     0.9813   2.996538     0.9812   2.996855    5.15596    -0.0964    13.8155 6.2341e+01  -60.61667  -54.72050 1153494427 202.629963    34.6645      28749         15  0.000e+00
    751.052     0.9814   2.996541     0.9810   2.996867    5.15600    -0.1287    13.8155 6.0393e+01  -60.61667  -54.72050 1153494427 202.629964    34.6644      28750         15  0.000e+00
    750.975     0.9812   2.996579     0.9808   2.996879    5.15596    -0.0964    13.8155 6.0393e+01  -60.61667  -54.72050 1153494427 202.629964    34.6652      28751         15  0.000e+00
    751.052     0.9812   2.996572     0.9812   2.996879    5.15601    -0.0857    13.8155 6.2341e+01  -60.61667  -54.72050 1153494427 202.629965    34.6650      28752         15  0.000e+00
    750.917     0.9814   2.996569     0.9810   2.996855    5.15589    -0.0857    13.8155 6.2341e+01  -60.61667  -54.72050 1153494427 202.629965    34.6648      28753         15  0.000e+00
    751.052     0.9812   2.996576     0.9812   2.996849    5.15601    -0.0642    13.8155 6.4289e+01  -60.61667  -54.72050 1153494427 202.629966    34.6651      28754         15  0.000e+00
    751.052     0.9812   2.996552     0.9808   2.996867    5.15602    -0.0857    13.8155 6.4289e+01  -60.61667  -54.72050 1153494427 202.629966    34.6647      28755         15  0.000e+00
    750.975     0.9810   2.996596     0.9806   2.996879    5.15596    -0.1072    13.8155 6.2341e+01  -60.61667  -54.72050 1153494427 202.629967    34.6656      28756         15  0.000e+00
    750.975     0.9811   2.996562     0.9812   2.996855    5.15597    -0.1287    13.8155 6.2341e+01  -60.61667  -54.72050 1153494427 202.629967    34.6651      28757         15  0.000e+00
    750.341     0.9803   2.996483     0.9799   2.996801    5.16056    -0.0857    13.8155 6.2341e+01  -60.61667  -54.72050 1153494436 202.630069    34.6653      28968         16  0.000e+00
    750.197     0.9801   2.996473     0.9803   2.996801    5.16049    -0.0642    13.8155 6.2341e+01  -60.61667  -54.72050 1153494436 202.630069    34.6655      28969         16  0.000e+00
    750.476     0.9805   2.996463     0.9804   2.996795    5.16065    -0.0534    13.8155 6.2341e+01  -60.61667  -54.72050 1153494436 202.630070    34.6648      28970         16  0.000e+00
    750.341     0.9805   2.996449     0.9802   2.996771    5.16055    -0.0319    13.8155 6.2341e+01  -60.61667  -54.72050 1153494436 202.630070    34.6646      28971         16  0.000e+00
    750.351     0.9805   2.996466     0.9799   2.996801    5.16056    -0.0534    13.8155 6.4289e+01  -60.61667  -54.72050 1153494436 202.630071    34.6649      28972         16  0.000e+00
    750.264     0.9798   2.996436     0.9800   2.996777    5.16058    -0.1395    13.8155 6.4289e+01  -60.61667  -54.72050 1153494436 202.630071    34.6652      28973         16  0.000e+00
    750.409     0.9801   2.996442     0.9803   2.996765    5.16065    -0.1395    13.8155 6.4289e+01  -60.61667  -54.72050 1153494436 202.630072    34.6650      28974         16  0.000e+00
    750.341     0.9797   2.996439     0.9805   2.996783    5.16065    -0.1072    13.8155 6.4289e+01  -60.61667  -54.72050 1153494436 202.630072    34.6654      28975         16  0.000e+00
    750.341     0.9799   2.996480     0.9798   2.996795    5.16060    -0.0749    13.8155 6.2341e+01  -60.61667  -54.72050 1153494436 202.630073    34.6657      28976         16  0.000e+00
    750.409     0.9798   2.996459     0.9799   2.996771    5.16067    -0.1072    13.8155 6.4289e+01  -60.61667  -54.72050 1153494436 202.630073    34.6655      28977         16  0.000e+00
    750.409     0.9800   2.996466     0.9800   2.996825    5.16065    -0.1287    13.8155 6.2341e+01  -60.61667  -54.72050 1153494436 202.630074    34.6654      28978         16  0.000e+00
    750.409     0.9802   2.996490     0.9800   2.996807    5.16061    -0.1072    13.8155 6.2341e+01  -60.61667  -54.72050 1153494436 202.630074    34.6654      28979         16  0.000e+00
    750.341     0.9805   2.996487     0.9804   2.996795    5.16054    -0.0964    13.8155 6.2341e+01  -60.61667  -54.72050 1153494436 202.630075    34.6651      28980         16  0.000e+00
    750.409     0.9801   2.996456     0.9802   2.996795    5.15572    -0.0749    13.8155 6.2341e+01  -60.61667  -54.72050 1153494437 202.630075    34.6651      28981         16  0.000e+00
    750.476     0.9800   2.996466     0.9801   2.996771    5.16070    -0.1072    13.8155 6.4289e+01  -60.61667  -54.72050 1153494437 202.630076    34.6653      28982         16  0.000e+00
    750.409     0.9800   2.996473     0.9800   2.996801    5.16065    -0.1180    13.8155 6.4289e+01  -60.61667  -54.72050 1153494437 202.630076    34.6655      28983         16  0.000e+00
    750.476     0.9801   2.996453     0.9802   2.996801    5.16070    -0.1180    13.8155 6.4289e+01  -60.61667  -54.72050 1153494437 202.630077    34.6651      28984         16  0.000e+00
    750.409     0.9797   2.996473     0.9802   2.996795    5.16068    -0.0964    13.8155 6.4289e+01  -60.61667  -54.72050 1153494437 202.630077    34.6658      28985         16  0.000e+00
    750.476     0.9798   2.996456     0.9803   2.996813    5.16073    -0.0857    13.8155 6.4289e+01  -60.61667  -54.72050 1153494437 202.630078    34.6655      28986         16  0.000e+00
    750.496     0.9797   2.996466     0.9801   2.996801    5.16074    -0.0857    13.8155 6.4289e+01  -60.61667  -54.72050 1153494437 202.630078    34.6657      28987         16  0.000e+00
    750.476     0.9799   2.996490     0.9803   2.996813    5.16070    -0.0642    13.8155 6.4289e+01  -60.61667  -54.72050 1153494437 202.630079    34.6657      28988         16  0.000e+00
    750.553     0.9800   2.996477     0.9799   2.996801    5.16075     0.0004    13.8155 6.4289e+01  -60.61667  -54.72050 1153494437 202.630079    34.6654      28989         16  0.000e+00
    750.476     0.9798   2.996480     0.9806   2.996813    5.16071    -0.0426    13.8155 6.2341e+01  -60.61667  -54.72050 1153494437 202.630080    34.6657      28990         16  0.000e+00
    750.553     0.9801   2.996511     0.9803   2.996813    5.16072    -0.0964    13.8155 6.4289e+01  -60.61667  -54.72050 1153494437 202.630080    34.6658      28991         16  0.000e+00
    750.553     0.9803   2.996449     0.9805   2.996813    5.16073    -0.1072    13.8155 6.2341e+01  -60.61667  -54.72050 1153494437 202.630081    34.6647      28992         16  0.000e+00
    750.553     0.9798   2.996477     0.9805   2.996819    5.16077    -0.0964    13.8155 6.2341e+01  -60.61667  -54.72050 1153494437 202.630081    34.6657      28993         16  0.000e+00
    750.553     0.9798   2.996477     0.9802   2.996837    5.16077    -0.0964    13.8155 6.4289e+01  -60.61667  -54.72050 1153494437 202.630082    34.6656      28994         16  0.000e+00
    750.621     0.9800   2.996442     0.9806   2.996807    5.16081    -0.0749    13.8155 6.4289e+01  -60.61667  -54.72050 1153494437 202.630082    34.6649      28995         16  0.000e+00
    750.554     0.9801   2.996480     0.9802   2.996795    5.16074    -0.0964    13.8155 6.4289e+01  -60.61667  -54.72050 1153494437 202.630082    34.6654      28996         16  0.000e+00
    750.621     0.9802   2.996514     0.9803   2.996771    5.16076    -0.1180    13.8155 6.4289e+01  -60.61667  -54.72050 1153494437 202.630083    34.6657      28997         16  0.000e+00
