product_data/regression_test/downloaded_data/MGDS/320620060703/ctd/p6619001.ros
* Sea-Bird SBE 9 Data File:
* FileName = D:\Data\Raw\p6619001.dat
* Software Version Seasave Win32 V 5.32
* Temperature SN = 1649
* Conductivity SN = 1431
* Number of Bytes Per Scan = 37
* Number of Voltage Words = 5
* Number of Scans Averaged by the Deck Unit = 1
* NMEA Latitude = 60 48.00 S
* NMEA Longitude = 054 48.87 W
* NMEA UTC (Time) = 13:24:52
** Ship:   Nathaniel B. Palmer 
** Cruise:    NBP0606 
# nquan = 17
# nvalues = 1176                    
# units = specified
# name 0 = prDM: Pressure, Digiquartz [db]
# name 1 = t090C: Temperature [ITS-90, deg C]
# name 2 = c0S/m: Conductivity [S/m]
# name 3 = t190C: Temperature, 2 [ITS-90, deg C]
# name 4 = c1S/m: Conductivity, 2 [S/m]
# name 5 = sbeox0ML/L: Oxygen, SBE 43 [ml/l]
# name 6 = flECO-AFL: Fluorescence, Wetlab ECO-AFL/FL [mg/m^3]
# name 7 = bat: Beam Attenuation, Chelsea/Seatech/Wetlab CStar [1/m]
# name 8 = spar: SPAR/Surface Irradiance
# name 9 = latitude: Latitude [deg]
# name 10 = longitude: Longitude [deg]
# name 11 = timeY: Time, System [seconds]
# name 12 = timeJ: Julian Days
# name 13 = sal00: Salinity [PSU]
# name 14 = scan: scan number
# name 15 = nbf: number of bottles fired
# name 16 = flag:  0.000e+00
# interval = seconds: 0.0416667                   
# start_time = Jul 23 2006 13:25:01
*END*
[from data line 341]
    449.722    -0.0283   2.885655    -0.0665   2.882777    6.00625    -0.1072    13.8155 1.1689e+02  -60.80000  -54.81450 1153663356 204.585164    34.5205      54173          7  0.000e+00
    449.645    -0.0317   2.885464    -0.0691   2.882724    6.00670    -0.1072    13.8155 1.1689e+02  -60.80000  -54.81450 1153663356 204.585164    34.5218      54174          7  0.000e+00
    400.469    -0.1448   2.872106    -0.1417   2.872472    6.16558    -0.1180    13.8155 1.0910e+02  -60.80000  -54.81450 1153663440 204.586135    34.5014      56186          8  0.000e+00
    400.536    -0.1442   2.872090    -0.1403   2.872560    6.16556    -0.1180    13.8155 1.0910e+02  -60.80000  -54.81450 1153663440 204.586135    34.5005      56187          8  0.000e+00
    400.536    -0.1448   2.872056    -0.1395   2.872625    6.17049    -0.0749    13.8155 1.0910e+02  -60.80000  -54.81450 1153663440 204.586136    34.5007      56188          8  0.000e+00
    400.392    -0.1443   2.872046    -0.1395   2.872660    6.16548    -0.0426    13.8155 1.0910e+02  -60.80000  -54.81450 1153663440 204.586136    34.5001      56189          8  0.000e+00
    400.469    -0.1442   2.872059    -0.1397   2.872689    6.16552    -0.0749    13.8155 1.0910e+02  -60.80000  -54.81450 1153663440 204.586137    34.5001      56190          8  0.000e+00
    400.469    -0.1432   2.872066    -0.1395   2.872678    6.16540    -0.1072    13.8155 1.0910e+02  -60.80000  -54.81450 1153663440 204.586137    34.4991      56191          8  0.000e+00
    400.536    -0.1435   2.872066    -0.1395   2.872707    6.16550    -0.1180    13.8155 1.0910e+02  -60.80000  -54.81450 1153663440 204.586138    34.4994      56192          8  0.000e+00
    400.392    -0.1424   2.872116    -0.1412   2.872707    6.16521    -0.0964    13.8155 1.0715e+02  -60.80000  -54.81450 1153663440 204.586138    34.4990      56193          8  0.000e+00
    400.536    -0.1435   2.872153    -0.1439   2.872631    6.17028    -0.0749    13.8155 1.0715e+02  -60.80000  -54.81450 1153663440 204.586139    34.5006      56194          8  0.000e+00
    400.392    -0.1422   2.872160    -0.1455   2.872531    6.16999    -0.0964    13.8155 1.0910e+02  -60.80000  -54.81450 1153663440 204.586139    34.4993      56195          8  0.000e+00
    400.469    -0.1406   2.872160    -0.1485   2.872466    6.16985    -0.1072    13.8155 1.0910e+02  -60.80000  -54.81450 1153663440 204.586140    34.4974      56196          8  0.000e+00
    400.488    -0.1397   2.872193    -0.1474   2.872367    6.16490    -0.0749    13.8155 1.0910e+02  -60.80000  -54.81450 1153663440 204.586140    34.4968      56197          8  0.000e+00
    400.392    -0.1389   2.872170    -0.1455   2.872261    6.16473    -0.0642    13.8155 1.0910e+02  -60.80000  -54.81450 1153663441 204.586141    34.4956      56198          8  0.000e+00
    400.469    -0.1390   2.872176    -0.1464   2.872132    6.16481    -0.0964    13.8155 1.0910e+02  -60.80000  -54.81450 1153663441 204.586141    34.4959      56199          8  0.000e+00
    400.469    -0.1387   2.872163    -0.1485   2.871997    6.16478    -0.1180    13.8155 1.0910e+02  -60.80000  -54.81450 1153663441 204.586141    34.4954      56200          8  0.000e+00
    400.392    -0.1401   2.872106    -0.1509   2.871844    6.16492    -0.1395    13.8155 1.0910e+02  -60.80000  -54.81450 1153663441 204.586142    34.4962      56201          8  0.000e+00
    400.392    -0.1401   2.872106    -0.1522   2.871762    6.16492    -0.1610    13.8155 1.0910e+02  -60.80000  -54.81450 1153663441 204.586142    34.4962      56202          8  0.000e+00
    400.469    -0.1418   2.872130    -0.1521   2.871709    6.16519    -0.1502    13.8155 1.0910e+02  -60.80000  -54.81450 1153663441 204.586143    34.4984      56203          8  0.000e+00
    400.392    -0.1418   2.872153    -0.1520   2.871527    6.16994    -0.1180    13.8155 1.0910e+02  -60.80000  -54.81450 1153663441 204.586143    34.4988      56204          8  0.000e+00
    400.392    -0.1412   2.872193    -0.1528   2.871151    6.16501    -0.1287    13.8155 1.0910e+02  -60.80000  -54.81450 1153663441 204.586144    34.4986      56205          8  0.000e+00
    400.392    -0.1414   2.872207    -0.1543   2.871468    6.16986    -0.1395    13.8155 1.0910e+02  -60.80000  -54.81450 1153663441 204.586144    34.4990      56206          8  0.000e+00
    400.392    -0.1423   2.872170    -0.1546   2.871551    6.16999    -0.1395    13.8155 1.0910e+02  -60.80000  -54.81450 1153663441 204.586145    34.4995      56207          8  0.000e+00
    400.393    -0.1423   2.872160    -0.1546   2.871509    6.17000    -0.1180    13.8155 1.0910e+02  -60.80000  -54.81450 1153663441 204.586145    34.4994      56208          8  0.000e+00
    400.393    -0.1429   2.872140    -0.1540   2.871486    6.17009    -0.0857    13.8155 1.0910e+02  -60.80000  -54.81450 1153663441 204.586146    34.4998      56209          8  0.000e+00
    400.393    -0.1431   2.872170    -0.1552   2.871474    6.16526    -0.0749    13.8155 1.0910e+02  -60.80000  -54.81450 1153663441 204.586146    34.5004      56210          8  0.000e+00
    400.393    -0.1425   2.872093    -0.1565   2.871433    6.16523    -0.0749    13.8155 1.0910e+02  -60.80000  -54.81450 1153663441 204.586147    34.4987      56211          8  0.000e+00
    400.469    -0.1428   2.872016    -0.1562   2.871357    6.16537    -0.0534    13.8155 1.0910e+02  -60.80000  -54.81450 1153663441 204.586147    34.4980      56212          8  0.000e+00
    400.393    -0.1440   2.871896    -0.1560   2.871357    6.16553    -0.0104    13.8155 1.0910e+02  -60.80000  -54.81450 1153663441 204.586148    34.4978      56213          8  0.000e+00
    400.393    -0.1451   2.871688    -0.1563   2.871386    6.16578    -0.0534    13.8155 1.0715e+02  -60.80000  -54.81450 1153663441 204.586148    34.4963      56214          8  0.000e+00
    400.393    -0.1480   2.871768    -0.1542   2.871539    6.16611    -0.0642    13.8155 1.0910e+02  -60.80000  -54.81450 1153663441 204.586149    34.5006      56215          8  0.000e+00
    400.393    -0.1483   2.871691    -0.1505   2.871709    6.17102    -0.0534    13.8155 1.1104e+02  -60.80000  -54.81450 1153663441 204.586149    34.5000      56216          8  0.000e+00
    400.469    -0.1493   2.871498    -0.1500   2.871803    6.17131    -0.0534    13.8155 1.1299e+02  -60.80000  -54.81450 1153663441 204.586150    34.4984      56217          8  0.000e+00
    400.393    -0.1499   2.871464    -0.1500   2.871827    6.17135    -0.0964    13.8155 1.1299e+02  -60.80000  -54.81450 1153663441 204.586150    34.4987      56218          8  0.000e+00
    400.469    -0.1485   2.871591    -0.1489   2.871744    6.16633    -0.0964    13.8155 1.1104e+02  -60.80000  -54.81450 1153663441 204.586151    34.4988      56219          8  0.000e+00
    400.393    -0.1473   2.871681    -0.1472   2.871738    6.16606    -0.0749    13.8155 1.1104e+02  -60.80000  -54.81450 1153663441 204.586151    34.4986      56220          8  0.000e+00
    400.469    -0.1465   2.871718    -0.1472   2.871727    6.16601    -0.0534    13.8155 1.1104e+02  -60.80000  -54.81450 1153663441 204.586152    34.4982      56221          8  0.000e+00
    400.393    -0.1467   2.871635    -0.1480   2.871721    6.17085    -0.0749    13.8155 1.1104e+02  -60.80000  -54.81450 1153663442 204.586152    34.4974      56222          8  0.000e+00
    400.469    -0.1479   2.871588    -0.1502   2.871721    6.16626    -0.1180    13.8155 1.1104e+02  -60.80000  -54.81450 1153663442 204.586153    34.4980      56223          8  0.000e+00
    400.393    -0.1487   2.871618    -0.1523   2.871738    6.16627    -0.0749    13.8155 1.1104e+02  -60.80000  -54.81450 1153663442 204.586153    34.4993      56224          8  0.000e+00
    400.469    -0.1496   2.871681    -0.1534   2.871703    6.16642    -0.0534    13.8155 1.1104e+02  -60.80000  -54.81450 1153663442 204.586154    34.5012      56225          8  0.000e+00
    400.469    -0.1491   2.871718    -0.1529   2.871650    6.16634    -0.0749    13.8155 1.1299e+02  -60.80000  -54.81450 1153663442 204.586154    34.5012      56226          8  0.000e+00
    400.422    -0.1496   2.871655    -0.1518   2.871615    6.16639    -0.0749    13.8155 1.1104e+02  -60.80000  -54.81450 1153663442 204.586155    34.5009      56227          8  0.000e+00
    400.469    -0.1491   2.871611    -0.1518   2.871627    6.16640    -0.0749    13.8155 1.1104e+02  -60.80000  -54.81450 1153663442 204.586155    34.4998      56228          8  0.000e+00
    400.393    -0.1502   2.871608    -0.1522   2.871639    6.16647    -0.0749    13.8155 1.1104e+02  -60.80000  -54.81450 1153663442 204.586155    34.5010      56229          8  0.000e+00
    400.470    -0.1502   2.871588    -0.1531   2.871574    6.16655    -0.1180    13.8155 1.1104e+02  -60.80000  -54.81450 1153663442 204.586156    34.5007      56230          8  0.000e+00
    400.393    -0.1500   2.871551    -0.1542   2.871498    6.16647    -0.0964    13.8155 1.1299e+02  -60.80000  -54.81450 1153663442 204.586156    34.4999      56231          8  0.000e+00
    400.470    -0.1497   2.871471    -0.1546   2.871474    6.17139    -0.0964    13.8155 1.1104e+02  -60.80000  -54.81450 1153663442 204.586157    34.4986      56232          8  0.000e+00
    400.393    -0.1488   2.871397    -0.1543   2.871392    6.16642    -0.0749    13.8155 1.1104e+02  -60.80000  -54.81450 1153663442 204.586157    34.4966      56233          8  0.000e+00
    400.470    -0.1480   2.871360    -0.1543   2.871445    6.17123    -0.0857    13.8155 1.1104e+02  -60.80000  -54.81450 1153663442 204.586158    34.4952      56234          8  0.000e+00
    350.180    -0.3400   2.850599    -0.3401   2.851027    6.36168    -0.0749    13.8155 1.0910e+02  -60.80000  -54.81450 1153663528 204.587148    34.4655      58288          9  0.000e+00
    350.036    -0.3406   2.850612    -0.3383   2.851150    6.35680    -0.0534    13.8155 1.0910e+02  -60.80000  -54.81450 1153663528 204.587149    34.4664      58289          9  0.000e+00
    350.247    -0.3401   2.850596    -0.3379   2.851202    6.36176    -0.0534    13.8155 1.0910e+02  -60.80000  -54.81450 1153663528 204.587149    34.4656      58290          9  0.000e+00
    350.257    -0.3409   2.850552    -0.3373   2.851249    6.36189    -0.0534    13.8155 1.0910e+02  -60.80000  -54.81450 1153663528 204.587150    34.4659      58291          9  0.000e+00
    350.180    -0.3413   2.850576    -0.3361   2.851284    6.35703    -0.0749    13.8155 1.0910e+02  -60.80000  -54.81450 1153663528 204.587150    34.4666      58292          9  0.000e+00
    350.180    -0.3412   2.850659    -0.3362   2.851302    6.35698    -0.0857    13.8155 1.0910e+02  -60.80000  -54.81450 1153663528 204.587151    34.4677      58293          9  0.000e+00
    350.257    -0.3400   2.850749    -0.3364   2.851255    6.36166    -0.1395    13.8155 1.0910e+02  -60.80000  -54.81450 1153663528 204.587151    34.4674      58294          9  0.000e+00
    350.257    -0.3383   2.850803    -0.3358   2.851255    6.36140    -0.1180    13.8155 1.0910e+02  -60.80000  -54.81450 1153663528 204.587152    34.4662      58295          9  0.000e+00
    350.247    -0.3377   2.850833    -0.3368   2.851267    6.36130    -0.1287    13.8155 1.0910e+02  -60.80000  -54.81450 1153663528 204.587152    34.4659      58296          9  0.000e+00
    350.257    -0.3386   2.850839    -0.3373   2.851179    6.36143    -0.1180    13.8155 1.0910e+02  -60.80000  -54.81450 1153663528 204.587153    34.4671      58297          9  0.000e+00
    350.257    -0.3364   2.850893    -0.3379   2.851138    6.36111    -0.0642    13.8155 1.0910e+02  -60.80000  -54.81450 1153663528 204.587153    34.4653      58298          9  0.000e+00
    350.324    -0.3372   2.850889    -0.3380   2.851109    6.36127    -0.0426    13.8155 1.0910e+02  -60.80000  -54.81450 1153663528 204.587154    34.4661      58299          9  0.000e+00
    350.257    -0.3380   2.850816    -0.3386   2.851062    6.36136    -0.0857    13.8155 1.0910e+02  -60.80000  -54.81450 1153663528 204.587154    34.4661      58300          9  0.000e+00
    350.314    -0.3373   2.850829    -0.3389   2.851050    6.36132    -0.1180    13.8155 1.0910e+02  -60.80000  -54.81450 1153663528 204.587155    34.4655      58301          9  0.000e+00
    350.391    -0.3377   2.850806    -0.3392   2.851068    6.36145    -0.0749    13.8155 1.1104e+02  -60.80000  -54.81450 1153663528 204.587155    34.4655      58302          9  0.000e+00
    350.324    -0.3378   2.850863    -0.3389   2.851079    6.36137    -0.0534    13.8155 1.1104e+02  -60.80000  -54.81450 1153663528 204.587156    34.4664      58303          9  0.000e+00
    350.324    -0.3372   2.850903    -0.3377   2.851132    6.36126    -0.0426    13.8155 1.0910e+02  -60.80000  -54.81450 1153663528 204.587156    34.4663      58304          9  0.000e+00
    350.391    -0.3366   2.850939    -0.3375   2.851138    6.36123    -0.0426    13.8155 1.0910e+02  -60.80000  -54.81450 1153663528 204.587157    34.4660      58305          9  0.000e+00
    350.468    -0.3361   2.850923    -0.3374   2.851150    6.36124    -0.0749    13.8155 1.1104e+02  -60.80000  -54.81450 1153663528 204.587157    34.4652      58306          9  0.000e+00
    350.381    -0.3366   2.850789    -0.3378   2.851156    6.36130    -0.0642    13.8155 1.0910e+02  -60.80000  -54.81450 1153663528 204.587158    34.4640      58307          9  0.000e+00
    350.468    -0.3386   2.850679    -0.3381   2.851115    6.36171    -0.1395    13.8155 1.1104e+02  -60.80000  -54.81450 1153663528 204.587158    34.4648      58308          9  0.000e+00
    350.391    -0.3401   2.850623    -0.3383   2.851121    6.36187    -0.1825    13.8155 1.1104e+02  -60.80000  -54.81450 1153663528 204.587159    34.4658      58309          9  0.000e+00
    350.535    -0.3400   2.850683    -0.3383   2.851091    6.36194    -0.1610    13.8155 1.1104e+02  -60.80000  -54.81450 1153663529 204.587159    34.4664      58310          9  0.000e+00
    350.468    -0.3387   2.850773    -0.3381   2.851097    6.36167    -0.1180    13.8155 1.0910e+02  -60.80000  -54.81450 1153663529 204.587160    34.4662      58311          9  0.000e+00
    350.458    -0.3378   2.850826    -0.3374   2.851138    6.36151    -0.0964    13.8155 1.1104e+02  -60.80000  -54.81450 1153663529 204.587160    34.4659      58312          9  0.000e+00
    350.535    -0.3377   2.850889    -0.3367   2.851138    6.36153    -0.1395    13.8155 1.1104e+02  -60.80000  -54.81450 1153663529 204.587160    34.4665      58313          9  0.000e+00
    350.535    -0.3373   2.850909    -0.3354   2.851232    6.36147    -0.1502    13.8155 1.0910e+02  -60.80000  -54.81450 1153663529 204.587161    34.4664      58314          9  0.000e+00
    350.535    -0.3366   2.850909    -0.3330   2.851443    6.36137    -0.1610    13.8155 1.0910e+02  -60.80000  -54.81450 1153663529 204.587161    34.4656      58315          9  0.000e+00
    350.602    -0.3364   2.850889    -0.3318   2.851565    6.36142    -0.1395    13.8155 1.0910e+02  -60.80000  -54.81450 1153663529 204.587162    34.4651      58316          9  0.000e+00
    350.535    -0.3359   2.850969    -0.3309   2.851688    6.36125    -0.0749    13.8155 1.1104e+02  -60.80000  -54.81450 1153663529 204.587162    34.4656      58317          9  0.000e+00
    350.669    -0.3356   2.850963    -0.3306   2.851706    6.36134    -0.0749    13.8155 1.1104e+02  -60.80000  -54.81450 1153663529 204.587163    34.4651      58318          9  0.000e+00
    350.602    -0.3361   2.850903    -0.3304   2.851677    6.36137    -0.0749    13.8155 1.1104e+02  -60.80000  -54.81450 1153663529 204.587163    34.4649      58319          9  0.000e+00
    350.602    -0.3363   2.850869    -0.3311   2.851671    6.36623    -0.0964    13.8155 1.1104e+02  -60.80000  -54.81450 1153663529 204.587164    34.4646      58320          9  0.000e+00
