product_data/regression_test/downloaded_data/MGDS/320620060703/ctd/p6611501.cnv
* Sea-Bird SBE 9 Data File:
* FileName = D:\Data\Raw\p6611501.dat
* Software Version Seasave Win32 V 5.32
* Temperature SN = 1649
* Conductivity SN = 1431
* Number of Bytes Per Scan = 37
* Number of Voltage Words = 5
* Number of Scans Averaged by the Deck Unit = 1
* NMEA Latitude = 61 33.00 S
* NMEA Longitude = 054 52.51 W
* NMEA UTC (Time) = 10:29:23
** Ship:   Nathaniel B. Palmer 
** Cruise:    NBP0606 
# nquan = 15
# nvalues = 992                         
# units = specified
# name 0 = prDM: Pressure, Digiquartz [db]
# name 1 = t090C: Temperature [ITS-90, deg C]
# name 2 = c0S/m: Conductivity [S/m]
# name 3 = t190C: Temperature, 2 [ITS-90, deg C]
# name 4 = c1S/m: Conductivity, 2 [S/m]
# name 5 = sbeox0ML/L: Oxygen, SBE 43 [ml/l]
# name 6 = flECO-AFL: Fluorescence, Wetlab ECO-AFL/FL [mg/m^3]
# name 7 = bat: Beam Attenuation, Chelsea/Seatech/Wetlab CStar [1/m]
# name 8 = spar: SPAR/Surface Irradiance
# name 9 = latitude: Latitude [deg]
# name 10 = longitude: Longitude [deg]
# name 11 = timeY: Time, System [seconds]
# name 12 = timeJ: Julian Days
# name 13 = sal00: Salinity [PSU]
# name 14 = flag: flag
# span 0 =     10.000,   1001.000       
# span 1 =    -1.6778,    -0.4605       
# span 2 =   2.700916,   2.860617       
# span 3 =    -1.6785,    -0.4595       
# span 4 =   2.702193,   2.861056       
# span 5 =    6.43610,    8.38526       
# span 6 =    -0.1275,     0.2002       
# span 7 =    13.8155,    13.8155       
# span 8 = 0.0000e+00, 0.0000e+00       
# span 9 =  -61.55000,  -61.55000       
# span 10 =  -54.87517,  -54.87517      
# span 11 = 1152872924, 1152874460      
# span 12 = 195.436603, 195.454419      
# span 13 =    34.1570,    34.5312      
# span 14 = 0.0000e+00, 0.0000e+00      
# interval = decibars: 1                
# start_time = Jul 14 2006 10:29:31
# bad_flag = -9.990e-29
*END*
     10.000    -1.6778   2.700916    -1.6785   2.702193    8.38526     0.1487    13.8155 0.0000e+00  -61.55000  -54.87517 1152872924 195.436603    34.1647 0.0000e+00
     11.000    -1.6379   2.703939    -1.6395   2.704841    8.17114     0.1472    13.8155 0.0000e+00  -61.55000  -54.87517 1152873021 195.437765    34.1570 0.0000e+00
     12.000    -1.6398   2.703837    -1.6433   2.704560    8.19257     0.1447    13.8155 0.0000e+00  -61.55000  -54.87517 1152873025 195.437810    34.1576 0.0000e+00
     13.000    -1.6406   2.703810    -1.6408   2.704788    8.21471     0.1393    13.8155 0.0000e+00  -61.55000  -54.87517 1152873030 195.437867    34.1576 0.0000e+00
     14.000    -1.6379   2.704139    -1.6380   2.705100    8.22939     0.1487    13.8155 0.0000e+00  -61.55000  -54.87517 1152873032 195.437889    34.1583 0.0000e+00
     15.000    -1.6375   2.704195    -1.6381   2.705108    8.25470     0.1595    13.8155 0.0000e+00  -61.55000  -54.87517 1152873036 195.437936    34.1581 0.0000e+00
     16.000    -1.6401   2.704044    -1.6407   2.704942    8.27103     0.1387    13.8155 0.0000e+00  -61.55000  -54.87517 1152873038 195.437961    34.1584 0.0000e+00
     17.000    -1.6416   2.703946    -1.6422   2.704849    8.28039     0.1431    13.8155 0.0000e+00  -61.55000  -54.87517 1152873039 195.437976    34.1582 0.0000e+00
     18.000    -1.6414   2.704018    -1.6420   2.704895    8.28985     0.1542    13.8155 0.0000e+00  -61.55000  -54.87517 1152873042 195.438006    34.1582 0.0000e+00
     19.000    -1.6406   2.704149    -1.6415   2.704976    8.29996     0.1295    13.8155 0.0000e+00  -61.55000  -54.87517 1152873045 195.438048    34.1586 0.0000e+00
     20.000    -1.6361   2.704579    -1.6377   2.705397    8.31233     0.1362    13.8155 0.0000e+00  -61.55000  -54.87517 1152873047 195.438068    34.1585 0.0000e+00
     21.000    -1.6421   2.704125    -1.6430   2.704943    8.31751     0.1322    13.8155 0.0000e+00  -61.55000  -54.87517 1152873049 195.438085    34.1587 0.0000e+00
     22.000    -1.6232   2.705798    -1.6225   2.706708    8.31138     0.1509    13.8155 0.0000e+00  -61.55000  -54.87517 1152873051 195.438110    34.1590 0.0000e+00
     23.000    -1.6207   2.706067    -1.6225   2.706799    8.29372     0.1411    13.8155 0.0000e+00  -61.55000  -54.87517 1152873054 195.438141    34.1594 0.0000e+00
     24.000    -1.6228   2.705933    -1.6219   2.706803    8.28428     0.1402    13.8155 0.0000e+00  -61.55000  -54.87517 1152873056 195.438163    34.1595 0.0000e+00
     25.000    -1.6089   2.707183    -1.6095   2.707978    8.27559     0.1342    13.8155 0.0000e+00  -61.55000  -54.87517 1152873058 195.438189    34.1600 0.0000e+00
     26.000    -1.5982   2.708147    -1.5992   2.708916    8.26335     0.1383    13.8155 0.0000e+00  -61.55000  -54.87517 1152873060 195.438212    34.1601 0.0000e+00
     27.000    -1.6062   2.707488    -1.6051   2.708456    8.24905     0.1376    13.8155 0.0000e+00  -61.55000  -54.87517 1152873062 195.438244    34.1600 0.0000e+00
     28.000    -1.6031   2.707815    -1.6028   2.708704    8.23855     0.1461    13.8155 0.0000e+00  -61.55000  -54.87517 1152873064 195.438267    34.1602 0.0000e+00
     29.000    -1.6041   2.707778    -1.6054   2.708523    8.22966     0.1428    13.8155 0.0000e+00  -61.55000  -54.87517 1152873066 195.438284    34.1603 0.0000e+00
     30.000    -1.6055   2.707699    -1.6064   2.708470    8.21829     0.1418    13.8155 0.0000e+00  -61.55000  -54.87517 1152873068 195.438305    34.1603 0.0000e+00
     31.000    -1.6044   2.707839    -1.6055   2.708594    8.19249     0.1389    13.8155 0.0000e+00  -61.55000  -54.87517 1152873071 195.438348    34.1605 0.0000e+00
     32.000    -1.6070   2.707679    -1.6070   2.708515    8.17915     0.1206    13.8155 0.0000e+00  -61.55000  -54.87517 1152873073 195.438371    34.1605 0.0000e+00
     33.000    -1.6087   2.707591    -1.6072   2.708548    8.16845     0.1302    13.8155 0.0000e+00  -61.55000  -54.87517 1152873075 195.438388    34.1608 0.0000e+00
     34.000    -1.6092   2.707593    -1.6094   2.708393    8.15796     0.1493    13.8155 0.0000e+00  -61.55000  -54.87517 1152873077 195.438408    34.1607 0.0000e+00
     35.000    -1.6075   2.707793    -1.6081   2.708550    8.14477     0.1334    13.8155 0.0000e+00  -61.55000  -54.87517 1152873079 195.438433    34.1608 0.0000e+00
     36.000    -1.6078   2.707808    -1.6079   2.708610    8.12242     0.1268    13.8155 0.0000e+00  -61.55000  -54.87517 1152873082 195.438465    34.1607 0.0000e+00
     37.000    -1.6096   2.707705    -1.6099   2.708481    8.11101     0.1313    13.8155 0.0000e+00  -61.55000  -54.87517 1152873084 195.438493    34.1608 0.0000e+00
     38.000    -1.6078   2.707912    -1.6079   2.708706    8.10432     0.1337    13.8155 0.0000e+00  -61.55000  -54.87517 1152873086 195.438515    34.1610 0.0000e+00
     39.000    -1.6049   2.708221    -1.6048   2.709021    8.09580     0.1355    13.8155 0.0000e+00  -61.55000  -54.87517 1152873088 195.438536    34.1612 0.0000e+00
     40.000    -1.6082   2.707985    -1.6065   2.708909    8.08875     0.1274    13.8155 0.0000e+00  -61.55000  -54.87517 1152873090 195.438563    34.1611 0.0000e+00
     41.000    -1.6061   2.708218    -1.6051   2.709088    8.07791     0.1234    13.8155 0.0000e+00  -61.55000  -54.87517 1152873092 195.438589    34.1612 0.0000e+00
     42.000    -1.6069   2.708194    -1.6070   2.708956    8.06683     0.1224    13.8155 0.0000e+00  -61.55000  -54.87517 1152873094 195.438611    34.1612 0.0000e+00
     43.000    -1.6104   2.707933    -1.6105   2.708698    8.05516     0.1284    13.8155 0.0000e+00  -61.55000  -54.87517 1152873097 195.438645    34.1611 0.0000e+00
     44.000    -1.6106   2.707968    -1.6106   2.708739    8.05001     0.1246    13.8155 0.0000e+00  -61.55000  -54.87517 1152873099 195.438670    34.1612 0.0000e+00
     45.000    -1.6074   2.708303    -1.6071   2.709079    8.04869     0.1370    13.8155 0.0000e+00  -61.55000  -54.87517 1152873101 195.438686    34.1616 0.0000e+00
     46.000    -1.6068   2.708396    -1.6060   2.709217    8.04509     0.1315    13.8155 0.0000e+00  -61.55000  -54.87517 1152873103 195.438710    34.1614 0.0000e+00
     47.000    -1.6054   2.708566    -1.6051   2.709353    8.03837     0.1298    13.8155 0.0000e+00  -61.55000  -54.87517 1152873105 195.438741    34.1615 0.0000e+00
     48.000    -1.6050   2.708654    -1.6058   2.709341    8.03413     0.1252    13.8155 0.0000e+00  -61.55000  -54.87517 1152873107 195.438759    34.1616 0.0000e+00
     49.000    -1.6085   2.708389    -1.6086   2.709112    8.02517     0.1389    13.8155 0.0000e+00  -61.55000  -54.87517 1152873110 195.438793    34.1613 0.0000e+00
     50.000    -1.6076   2.708532    -1.6070   2.709303    8.02222     0.1231    13.8155 0.0000e+00  -61.55000  -54.87517 1152873112 195.438820    34.1617 0.0000e+00
     51.000    -1.6046   2.708836    -1.6054   2.709485    8.01981     0.1197    13.8155 0.0000e+00  -61.55000  -54.87517 1152873114 195.438835    34.1617 0.0000e+00
     52.000    -1.6028   2.709053    -1.6024   2.709781    8.00969     0.1385    13.8155 0.0000e+00  -61.55000  -54.87517 1152873116 195.438864    34.1620 0.0000e+00
     53.000    -1.5999   2.709369    -1.6000   2.710051    7.99800     0.1191    13.8155 0.0000e+00  -61.55000  -54.87517 1152873120 195.438903    34.1623 0.0000e+00
     54.000    -1.5996   2.709431    -1.5995   2.710149    7.99523     0.1422    13.8155 0.0000e+00  -61.55000  -54.87517 1152873120 195.438915    34.1623 0.0000e+00
     55.000    -1.5992   2.709506    -1.5990   2.710234    7.99545     0.1337    13.8155 0.0000e+00  -61.55000  -54.87517 1152873122 195.438930    34.1622 0.0000e+00
     56.000    -1.5996   2.709516    -1.5992   2.710254    7.99301     0.1515    13.8155 0.0000e+00  -61.55000  -54.87517 1152873125 195.438965    34.1623 0.0000e+00
     57.000    -1.5964   2.709850    -1.5967   2.710519    7.99091     0.1277    13.8155 0.0000e+00  -61.55000  -54.87517 1152873128 195.439004    34.1625 0.0000e+00
     58.000    -1.6020   2.709412    -1.6011   2.710182    7.99224     0.1243    13.8155 0.0000e+00  -61.55000  -54.87517 1152873130 195.439021    34.1624 0.0000e+00
     59.000    -1.5942   2.710178    -1.5945   2.710779    7.99373     0.1366    13.8155 0.0000e+00  -61.55000  -54.87517 1152873131 195.439035    34.1632 0.0000e+00
     60.000    -1.5960   2.710025    -1.5938   2.710885    7.99272     0.1433    13.8155 0.0000e+00  -61.55000  -54.87517 1152873132 195.439051    34.1624 0.0000e+00
     61.000    -1.5810   2.711427    -1.5826   2.711925    7.98788     0.1467    13.8155 0.0000e+00  -61.55000  -54.87517 1152873137 195.439107    34.1640 0.0000e+00
     62.000    -1.5970   2.710033    -1.5942   2.710997    7.98643     0.1376    13.8155 0.0000e+00  -61.55000  -54.87517 1152873138 195.439122    34.1626 0.0000e+00
     63.000    -1.5892   2.710794    -1.5921   2.711161    7.99564     0.1472    13.8155 0.0000e+00  -61.55000  -54.87517 1152873140 195.439137    34.1636 0.0000e+00
     64.000    -1.5824   2.711438    -1.5816   2.712106    7.99260     0.1549    13.8155 0.0000e+00  -61.55000  -54.87517 1152873142 195.439161    34.1638 0.0000e+00
     65.000    -1.5849   2.711247    -1.5871   2.711769    7.97985     0.1317    13.8155 0.0000e+00  -61.55000  -54.87517 1152873144 195.439192    34.1634 0.0000e+00
     66.000    -1.5926   2.710638    -1.5878   2.711645    7.98207     0.1370    13.8155 0.0000e+00  -61.55000  -54.87517 1152873147 195.439217    34.1638 0.0000e+00
     67.000    -1.5710   2.712587    -1.5726   2.713031    7.98480     0.1454    13.8155 0.0000e+00  -61.55000  -54.87517 1152873149 195.439244    34.1643 0.0000e+00
     68.000    -1.5669   2.713004    -1.5659   2.713706    7.98372     0.1429    13.8155 0.0000e+00  -61.55000  -54.87517 1152873151 195.439263    34.1649 0.0000e+00
     69.000    -1.5650   2.713208    -1.5639   2.713939    7.97927     0.1613    13.8155 0.0000e+00  -61.55000  -54.87517 1152873153 195.439286    34.1650 0.0000e+00
     70.000    -1.5672   2.713065    -1.5644   2.713946    7.97754     0.1543    13.8155 0.0000e+00  -61.55000  -54.87517 1152873155 195.439320    34.1654 0.0000e+00
     71.000    -1.5612   2.713657    -1.5601   2.714371    7.97590     0.1552    13.8155 0.0000e+00  -61.55000  -54.87517 1152873157 195.439339    34.1657 0.0000e+00
     72.000    -1.5579   2.713990    -1.5574   2.714665    7.97150     0.1581    13.8155 0.0000e+00  -61.55000  -54.87517 1152873159 195.439367    34.1659 0.0000e+00
     73.000    -1.5657   2.713354    -1.5619   2.714294    7.98077     0.1455    13.8155 0.0000e+00  -61.55000  -54.87517 1152873162 195.439393    34.1658 0.0000e+00
     74.000    -1.5528   2.714561    -1.5524   2.715196    7.97644     0.1493    13.8155 0.0000e+00  -61.55000  -54.87517 1152873164 195.439413    34.1667 0.0000e+00
     75.000    -1.5546   2.714436    -1.5539   2.715107    7.97210     0.1567    13.8155 0.0000e+00  -61.55000  -54.87517 1152873165 195.439435    34.1665 0.0000e+00
     76.000    -1.5552   2.714417    -1.5537   2.715150    7.96990     0.1564    13.8155 0.0000e+00  -61.55000  -54.87517 1152873168 195.439465    34.1664 0.0000e+00
     77.000    -1.5557   2.714436    -1.5547   2.715117    7.96793     0.1501    13.8155 0.0000e+00  -61.55000  -54.87517 1152873171 195.439496    34.1668 0.0000e+00
     78.000    -1.5528   2.714735    -1.5516   2.715437    7.96580     0.1606    13.8155 0.0000e+00  -61.55000  -54.87517 1152873172 195.439515    34.1668 0.0000e+00
     79.000    -1.5502   2.715047    -1.5497   2.715651    7.96325     0.1641    13.8155 0.0000e+00  -61.55000  -54.87517 1152873174 195.439536    34.1673 0.0000e+00
     80.000    -1.5502   2.715078    -1.5489   2.715770    7.96378     0.1558    13.8155 0.0000e+00  -61.55000  -54.87517 1152873176 195.439563    34.1673 0.0000e+00
     81.000    -1.5466   2.715445    -1.5461   2.716067    7.96361     0.1578    13.8155 0.0000e+00  -61.55000  -54.87517 1152873179 195.439593    34.1676 0.0000e+00
     82.000    -1.5452   2.715639    -1.5431   2.716385    7.96117     0.1541    13.8155 0.0000e+00  -61.55000  -54.87517 1152873181 195.439620    34.1680 0.0000e+00
     83.000    -1.5484   2.715432    -1.5470   2.716134    7.96447     0.1558    13.8155 0.0000e+00  -61.55000  -54.87517 1152873183 195.439638    34.1684 0.0000e+00
     84.000    -1.5475   2.715572    -1.5463   2.716251    7.96693     0.1520    13.8155 0.0000e+00  -61.55000  -54.87517 1152873184 195.439653    34.1685 0.0000e+00
     85.000    -1.5480   2.715570    -1.5475   2.716182    7.96647     0.1725    13.8155 0.0000e+00  -61.55000  -54.87517 1152873187 195.439689    34.1685 0.0000e+00
     86.000    -1.5473   2.715709    -1.5455   2.716421    7.96794     0.1632    13.8155 0.0000e+00  -61.55000  -54.87517 1152873191 195.439726    34.1691 0.0000e+00
     87.000    -1.5431   2.716215    -1.5416   2.716919    7.96753     0.1617    13.8155 0.0000e+00  -61.55000  -54.87517 1152873192 195.439745    34.1705 0.0000e+00
     88.000    -1.5375   2.716828    -1.5369   2.717423    7.96360     0.1403    13.8155 0.0000e+00  -61.55000  -54.87517 1152873194 195.439762    34.1718 0.0000e+00
     89.000    -1.5344   2.717152    -1.5334   2.717781    7.95872     0.1467    13.8155 0.0000e+00  -61.55000  -54.87517 1152873195 195.439778    34.1720 0.0000e+00
     90.000    -1.5329   2.717328    -1.5314   2.718010    7.95534     0.1687    13.8155 0.0000e+00  -61.55000  -54.87517 1152873198 195.439811    34.1722 0.0000e+00
     91.000    -1.5287   2.717773    -1.5280   2.718368    7.95136     0.1758    13.8155 0.0000e+00  -61.55000  -54.87517 1152873200 195.439837    34.1729 0.0000e+00
     92.000    -1.5256   2.718102    -1.5245   2.718737    7.95339     0.1860    13.8155 0.0000e+00  -61.55000  -54.87517 1152873203 195.439876    34.1732 0.0000e+00
     93.000    -1.5227   2.718451    -1.5216   2.719073    7.95639     0.1761    13.8155 0.0000e+00  -61.55000  -54.87517 1152873205 195.439899    34.1741 0.0000e+00
     94.000    -1.5193   2.718789    -1.5181   2.719431    7.95309     0.1823    13.8155 0.0000e+00  -61.55000  -54.87517 1152873207 195.439911    34.1742 0.0000e+00
     95.000    -1.5149   2.719244    -1.5140   2.719843    7.94956     0.1809    13.8155 0.0000e+00  -61.55000  -54.87517 1152873208 195.439925    34.1747 0.0000e+00
     96.000    -1.5108   2.719686    -1.5091   2.720356    7.94013     0.1960    13.8155 0.0000e+00  -61.55000  -54.87517 1152873211 195.439961    34.1755 0.0000e+00
     97.000    -1.4999   2.720776    -1.4985   2.721418    7.93253     0.1811    13.8155 0.0000e+00  -61.55000  -54.87517 1152873213 195.439989    34.1772 0.0000e+00
     98.000    -1.5015   2.720700    -1.5004   2.721335    7.92769     0.1899    13.8155 0.0000e+00  -61.55000  -54.87517 1152873216 195.440022    34.1775 0.0000e+00
     99.000    -1.5097   2.720090    -1.5095   2.720613    7.93056     0.1975    13.8155 0.0000e+00  -61.55000  -54.87517 1152873218 195.440049    34.1784 0.0000e+00
    100.000    -1.5092   2.720133    -1.5074   2.720869    7.93256     0.1686    13.8155 0.0000e+00  -61.55000  -54.87517 1152873220 195.440062    34.1775 0.0000e+00
    101.000    -1.5212   2.719193    -1.5182   2.719973    7.92983     0.2002    13.8155 0.0000e+00  -61.55000  -54.87517 1152873221 195.440077    34.1782 0.0000e+00
    102.000    -1.5270   2.718724    -1.5258   2.719382    7.93587     0.1964    13.8155 0.0000e+00  -61.55000  -54.87517 1152873223 195.440105    34.1778 0.0000e+00
    103.000    -1.5330   2.718282    -1.5319   2.718887    7.94154     0.1992    13.8155 0.0000e+00  -61.55000  -54.87517 1152873226 195.440133    34.1780 0.0000e+00
    104.000    -1.5283   2.718712    -1.5264   2.719393    7.94645     0.1943    13.8155 0.0000e+00  -61.55000  -54.87517 1152873228 195.440163    34.1776 0.0000e+00
    105.000    -1.5301   2.718716    -1.5282   2.719367    7.94558     0.1711    13.8155 0.0000e+00  -61.55000  -54.87517 1152873230 195.440183    34.1793 0.0000e+00
