product_data/regression_test/downloaded_data/MGDS/320620060703/ctd/p6611101.ros
* Sea-Bird SBE 9 Data File:
* FileName = D:\Data\Raw\p6611101.dat
* Software Version Seasave Win32 V 5.32
* Temperature SN = 1649
* Conductivity SN = 1431
* Number of Bytes Per Scan = 37
* Number of Voltage Words = 5
* Number of Scans Averaged by the Deck Unit = 1
* NMEA Latitude = 61 24.96 S
* NMEA Longitude = 054 52.52 W
* NMEA UTC (Time) = 04:45:09
** Ship:   Nathaniel B. Palmer 
** Cruise:    NBP0606 
# nquan = 17
# nvalues = 1176                    
# units = specified
# name 0 = prDM: Pressure, Digiquartz [db]
# name 1 = t090C: Temperature [ITS-90, deg C]
# name 2 = c0S/m: Conductivity [S/m]
# name 3 = t190C: Temperature, 2 [ITS-90, deg C]
# name 4 = c1S/m: Conductivity, 2 [S/m]
# name 5 = sbeox0ML/L: Oxygen, SBE 43 [ml/l]
# name 6 = flECO-AFL: Fluorescence, Wetlab ECO-AFL/FL [mg/m^3]
# name 7 = bat: Beam Attenuation, Chelsea/Seatech/Wetlab CStar [1/m]
# name 8 = spar: SPAR/Surface Irradiance
# name 9 = latitude: Latitude [deg]
# name 10 = longitude: Longitude [deg]
# name 11 = timeY: Time, System [seconds]
# name 12 = timeJ: Julian Days
# name 13 = sal00: Salinity [PSU]
# name 14 = scan: scan number
# name 15 = nbf: number of bottles fired
# name 16 = flag:  0.000e+00
# interval = seconds: 0.0416667                   
# start_time = Jul 14 2006 04:45:16
*END*
[from data line 766]
     99.857    -0.7805   2.789300    -0.7801   2.789743    7.08893    -0.0642    13.8155 0.0000e+00  -61.41600  -54.87533 1152855220 195.231732    34.2932      69736         16  0.000e+00
     99.886    -0.7800   2.789274    -0.7798   2.789784    7.08890    -0.0319    13.8155 0.0000e+00  -61.41600  -54.87533 1152855220 195.231732    34.2922      69737         16  0.000e+00
     99.857    -0.7803   2.789320    -0.7801   2.789749    7.08888    -0.0857    13.8155 0.0000e+00  -61.41600  -54.87533 1152855220 195.231733    34.2931      69738         16  0.000e+00
     99.857    -0.7802   2.789264    -0.7801   2.789755    7.08891    -0.1180    13.8155 0.0000e+00  -61.41600  -54.87533 1152855220 195.231733    34.2923      69739         16  0.000e+00
     99.857    -0.7804   2.789297    -0.7795   2.789743    7.08892    -0.0642    13.8155 0.0000e+00  -61.41600  -54.87533 1152855220 195.231734    34.2930      69740         16  0.000e+00
     99.857    -0.7803   2.789297    -0.7797   2.789760    7.08890    -0.0749    13.8155 0.0000e+00  -61.41600  -54.87533 1152855220 195.231734    34.2928      69741         16  0.000e+00
     99.857    -0.7800   2.789273    -0.7801   2.789766    7.08887    -0.0857    13.8155 0.0000e+00  -61.41600  -54.87533 1152855220 195.231735    34.2922      69742         16  0.000e+00
     99.781    -0.7805   2.789297    -0.7800   2.789766    7.08886    -0.0857    13.8155 0.0000e+00  -61.41600  -54.87533 1152855220 195.231735    34.2932      69743         16  0.000e+00
     99.857    -0.7803   2.789297    -0.7798   2.789766    7.08890    -0.0749    13.8155 0.0000e+00  -61.41600  -54.87533 1152855220 195.231736    34.2928      69744         16  0.000e+00
     99.819    -0.7803   2.789310    -0.7801   2.789766    7.08885    -0.0857    13.8155 0.0000e+00  -61.41600  -54.87533 1152855220 195.231736    34.2930      69745         16  0.000e+00
     99.857    -0.7801   2.789333    -0.7804   2.789743    7.08884    -0.0964    13.8155 0.0000e+00  -61.41600  -54.87533 1152855220 195.231737    34.2931      69746         16  0.000e+00
     99.781    -0.7801   2.789313    -0.7800   2.789755    7.08879    -0.0749    13.8155 0.0000e+00  -61.41600  -54.87533 1152855221 195.231737    34.2929      69747         16  0.000e+00
     99.857    -0.7803   2.789313    -0.7800   2.789743    7.08889    -0.0534    13.8155 0.0000e+00  -61.41600  -54.87533 1152855221 195.231738    34.2930      69748         16  0.000e+00
     99.781    -0.7799   2.789316    -0.7798   2.789760    7.08876    -0.0319    13.8155 0.0000e+00  -61.41600  -54.87533 1152855221 195.231738    34.2927      69749         16  0.000e+00
     99.857    -0.7801   2.789333    -0.7801   2.789766    7.08885    -0.0104    13.8155 0.0000e+00  -61.41600  -54.87533 1152855221 195.231739    34.2932      69750         16  0.000e+00
     99.781    -0.7803   2.789330    -0.7800   2.789784    7.09352    -0.0534    13.8155 0.0000e+00  -61.41600  -54.87533 1152855221 195.231739    34.2933      69751         16  0.000e+00
     99.781    -0.7801   2.789300    -0.7797   2.789772    7.09352    -0.0749    13.8155 0.0000e+00  -61.41600  -54.87533 1152855221 195.231739    34.2928      69752         16  0.000e+00
     99.819    -0.7802   2.789359    -0.7798   2.789766    7.08881    -0.0964    13.8155 0.0000e+00  -61.41600  -54.87533 1152855221 195.231740    34.2936      69753         16  0.000e+00
     74.828    -0.7470   2.789854    -0.7398   2.790659    7.16254    -0.0104    13.8155 0.0000e+00  -61.41600  -54.87533 1152855297 195.232620    34.2782      71577         17  0.000e+00
     74.990    -0.7480   2.789950    -0.7382   2.790747    7.16278    -0.0319    13.8155 0.0000e+00  -61.41600  -54.87533 1152855297 195.232620    34.2805      71578         17  0.000e+00
     74.923    -0.7456   2.790158    -0.7359   2.790886    7.16223    -0.0104    13.8155 0.0000e+00  -61.41600  -54.87533 1152855297 195.232621    34.2806      71579         17  0.000e+00
     74.971    -0.7414   2.790442    -0.7353   2.790967    7.16148    -0.0104    13.8155 0.0000e+00  -61.41600  -54.87533 1152855297 195.232621    34.2796      71580         17  0.000e+00
     74.923    -0.7385   2.790568    -0.7362   2.790985    7.16093     0.0004    13.8155 0.0000e+00  -61.41600  -54.87533 1152855297 195.232622    34.2781      71581         17  0.000e+00
     74.904    -0.7380   2.790551    -0.7365   2.790961    7.16086     0.0004    13.8155 0.0000e+00  -61.41600  -54.87533 1152855297 195.232622    34.2774      71582         17  0.000e+00
     74.990    -0.7381   2.790522    -0.7374   2.790915    7.16097    -0.0426    13.8155 0.0000e+00  -61.41600  -54.87533 1152855297 195.232622    34.2770      71583         17  0.000e+00
     74.904    -0.7373   2.790432    -0.7379   2.790863    7.16082    -0.0534    13.8155 0.0000e+00  -61.41600  -54.87533 1152855297 195.232623    34.2749      71584         17  0.000e+00
     74.990    -0.7375   2.790366    -0.7384   2.790828    7.16099    -0.0211    13.8155 0.0000e+00  -61.41600  -54.87533 1152855297 195.232623    34.2742      71585         17  0.000e+00
     74.904    -0.7377   2.790356    -0.7395   2.790781    7.16094     0.0219    13.8155 0.0000e+00  -61.41600  -54.87533 1152855297 195.232624    34.2744      71586         17  0.000e+00
     74.990    -0.7375   2.790376    -0.7400   2.790706    7.16098     0.0112    13.8155 0.0000e+00  -61.41600  -54.87533 1152855297 195.232624    34.2743      71587         17  0.000e+00
     74.990    -0.7371   2.790449    -0.7393   2.790723    7.16088    -0.0104    13.8155 0.0000e+00  -61.41600  -54.87533 1152855297 195.232625    34.2749      71588         17  0.000e+00
     74.971    -0.7369   2.790505    -0.7384   2.790758    7.16078    -0.0104    13.8155 0.0000e+00  -61.41600  -54.87533 1152855297 195.232625    34.2754      71589         17  0.000e+00
     74.990    -0.7363   2.790548    -0.7384   2.790805    7.16070     0.0004    13.8155 0.0000e+00  -61.41600  -54.87533 1152855297 195.232626    34.2753      71590         17  0.000e+00
     74.971    -0.7364   2.790545    -0.7386   2.790822    7.16069     0.0004    13.8155 0.0000e+00  -61.41600  -54.87533 1152855297 195.232626    34.2754      71591         17  0.000e+00
     74.990    -0.7360   2.790505    -0.7381   2.790805    7.16068    -0.0426    13.8155 0.0000e+00  -61.41600  -54.87533 1152855297 195.232627    34.2744      71592         17  0.000e+00
     74.971    -0.7351   2.790545    -0.7382   2.790874    7.16051    -0.0964    13.8155 0.0000e+00  -61.41600  -54.87533 1152855297 195.232627    34.2739      71593         17  0.000e+00
     74.990    -0.7350   2.790578    -0.7388   2.790822    7.16049    -0.0749    13.8155 0.0000e+00  -61.41600  -54.87533 1152855297 195.232628    34.2742      71594         17  0.000e+00
     74.971    -0.7353   2.790581    -0.7388   2.790834    7.16050    -0.0104    13.8155 0.0000e+00  -61.41600  -54.87533 1152855297 195.232628    34.2746      71595         17  0.000e+00
     75.057    -0.7350   2.790601    -0.7370   2.790927    7.16054    -0.0319    13.8155 0.0000e+00  -61.41600  -54.87533 1152855297 195.232629    34.2745      71596         17  0.000e+00
     74.971    -0.7356   2.790505    -0.7359   2.791031    7.16060    -0.0426    13.8155 0.0000e+00  -61.41600  -54.87533 1152855297 195.232629    34.2739      71597         17  0.000e+00
     74.990    -0.7372   2.790403    -0.7347   2.791118    7.16092    -0.0104    13.8155 0.0000e+00  -61.41600  -54.87533 1152855297 195.232630    34.2743      71598         17  0.000e+00
     75.057    -0.7377   2.790432    -0.7338   2.791200    7.16574     0.0004    13.8155 0.0000e+00  -61.41600  -54.87533 1152855298 195.232630    34.2753      71599         17  0.000e+00
     74.971    -0.7370   2.790482    -0.7349   2.791176    7.16083     0.0219    13.8155 0.0000e+00  -61.41600  -54.87533 1152855298 195.232631    34.2752      71600         17  0.000e+00
     75.057    -0.7360   2.790591    -0.7369   2.790944    7.16069    -0.0211    13.8155 0.0000e+00  -61.41600  -54.87533 1152855298 195.232631    34.2755      71601         17  0.000e+00
     74.971    -0.7336   2.790763    -0.7387   2.790834    7.16014    -0.0104    13.8155 0.0000e+00  -61.41600  -54.87533 1152855298 195.232632    34.2751      71602         17  0.000e+00
     75.057    -0.7327   2.790839    -0.7423   2.790683    7.16004     0.0219    13.8155 0.0000e+00  -61.41600  -54.87533 1152855298 195.232632    34.2751      71603         17  0.000e+00
     75.038    -0.7320   2.790868    -0.7445   2.790473    7.15991     0.0327    13.8155 0.0000e+00  -61.41600  -54.87533 1152855298 195.232633    34.2747      71604         17  0.000e+00
     74.990    -0.7310   2.790941    -0.7467   2.790299    7.15967     0.0112    13.8155 0.0000e+00  -61.41600  -54.87533 1152855298 195.232633    34.2746      71605         17  0.000e+00
     75.038    -0.7308   2.790981    -0.7487   2.790125    7.15966    -0.0426    13.8155 0.0000e+00  -61.41600  -54.87533 1152855298 195.232634    34.2748      71606         17  0.000e+00
     74.990    -0.7310   2.790951    -0.7499   2.790061    7.15966    -0.0534    13.8155 0.0000e+00  -61.41600  -54.87533 1152855298 195.232634    34.2747      71607         17  0.000e+00
     75.038    -0.7312   2.790858    -0.7494   2.790032    7.15981    -0.0104    13.8155 0.0000e+00  -61.41600  -54.87533 1152855298 195.232635    34.2737      71608         17  0.000e+00
     75.057    -0.7326   2.790730    -0.7499   2.790003    7.16481    -0.0426    13.8155 0.0000e+00  -61.41600  -54.87533 1152855298 195.232635    34.2736      71609         17  0.000e+00
     75.057    -0.7338   2.790611    -0.7493   2.790032    7.16035    -0.0426    13.8155 0.0000e+00  -61.41600  -54.87533 1152855298 195.232636    34.2732      71610         17  0.000e+00
     74.971    -0.7350   2.790551    -0.7491   2.790049    7.16048    -0.0426    13.8155 0.0000e+00  -61.41600  -54.87533 1152855298 195.232636    34.2738      71611         17  0.000e+00
     75.057    -0.7358   2.790502    -0.7484   2.790090    7.16072    -0.0211    13.8155 0.0000e+00  -61.41600  -54.87533 1152855298 195.232636    34.2740      71612         17  0.000e+00
     75.038    -0.7385   2.790409    -0.7476   2.790125    7.16585    -0.0211    13.8155 0.0000e+00  -61.41600  -54.87533 1152855298 195.232637    34.2759      71613         17  0.000e+00
     75.057    -0.7383   2.790333    -0.7468   2.790166    7.16589    -0.0104    13.8155 0.0000e+00  -61.41600  -54.87533 1152855298 195.232637    34.2746      71614         17  0.000e+00
     75.038    -0.7377   2.790214    -0.7468   2.790247    7.16587     0.0004    13.8155 0.0000e+00  -61.41600  -54.87533 1152855298 195.232638    34.2724      71615         17  0.000e+00
     74.991    -0.7396   2.790029    -0.7457   2.790305    7.16622     0.0004    13.8155 0.0000e+00  -61.41600  -54.87533 1152855298 195.232638    34.2721      71616         17  0.000e+00
     75.038    -0.7421   2.790026    -0.7427   2.790456    7.16662    -0.0211    13.8155 0.0000e+00  -61.41600  -54.87533 1152855298 195.232639    34.2747      71617         17  0.000e+00
     75.057    -0.7426   2.790079    -0.7405   2.790578    7.16668    -0.0426    13.8155 0.0000e+00  -61.41600  -54.87533 1152855298 195.232639    34.2761      71618         17  0.000e+00
     75.038    -0.7428   2.790043    -0.7385   2.790764    7.16202    -0.0211    13.8155 0.0000e+00  -61.41600  -54.87533 1152855298 195.232640    34.2758      71619         17  0.000e+00
     75.057    -0.7437   2.790056    -0.7384   2.790822    7.16686    -0.0319    13.8155 0.0000e+00  -61.41600  -54.87533 1152855298 195.232640    34.2770      71620         17  0.000e+00
     75.057    -0.7432   2.790000    -0.7384   2.790822    7.16681    -0.0319    13.8155 0.0000e+00  -61.41600  -54.87533 1152855298 195.232641    34.2756      71621         17  0.000e+00
     75.038    -0.7434   2.789960    -0.7378   2.790822    7.16215    -0.0104    13.8155 0.0000e+00  -61.41600  -54.87533 1152855298 195.232641    34.2753      71622         17  0.000e+00
     75.057    -0.7442   2.789887    -0.7383   2.790822    7.16704     0.0004    13.8155 0.0000e+00  -61.41600  -54.87533 1152855298 195.232642    34.2753      71623         17  0.000e+00
     75.038    -0.7442   2.789884    -0.7385   2.790805    7.16703    -0.0211    13.8155 0.0000e+00  -61.41600  -54.87533 1152855299 195.232642    34.2753      71624         17  0.000e+00
     75.057    -0.7435   2.790006    -0.7390   2.790735    7.16686    -0.0426    13.8155 0.0000e+00  -61.41600  -54.87533 1152855299 195.232643    34.2761      71625         17  0.000e+00
     74.641    -0.7291   2.791096    -0.7276   2.791629    7.15894    -0.0319    13.8155 0.0000e+00  -61.41600  -54.87533 1152855309 195.232760    34.2747      71868         18  0.000e+00
     74.908    -0.7291   2.791080    -0.7275   2.791658    7.15922    -0.0104    13.8155 0.0000e+00  -61.41600  -54.87533 1152855309 195.232760    34.2744      71869         18  0.000e+00
     74.784    -0.7289   2.791076    -0.7270   2.791629    7.16377    -0.0426    13.8155 0.0000e+00  -61.41600  -54.87533 1152855309 195.232761    34.2742      71870         18  0.000e+00
     74.832    -0.7289   2.791043    -0.7275   2.791658    7.16384    -0.0534    13.8155 0.0000e+00  -61.41600  -54.87533 1152855309 195.232761    34.2737      71871         18  0.000e+00
     74.717    -0.7291   2.791063    -0.7278   2.791653    7.16374    -0.0642    13.8155 0.0000e+00  -61.41600  -54.87533 1152855309 195.232762    34.2743      71872         18  0.000e+00
     74.698    -0.7292   2.791076    -0.7276   2.791641    7.15904    -0.0534    13.8155 0.0000e+00  -61.41600  -54.87533 1152855309 195.232762    34.2746      71873         18  0.000e+00
     74.784    -0.7301   2.791027    -0.7278   2.791641    7.15927    -0.0534    13.8155 0.0000e+00  -61.41600  -54.87533 1152855309 195.232763    34.2748      71874         18  0.000e+00
     74.717    -0.7294   2.791040    -0.7278   2.791623    7.15910    -0.0534    13.8155 0.0000e+00  -61.41600  -54.87533 1152855309 195.232763    34.2743      71875         18  0.000e+00
     74.698    -0.7296   2.791037    -0.7276   2.791635    7.15911    -0.0319    13.8155 0.0000e+00  -61.41600  -54.87533 1152855309 195.232764    34.2744      71876         18  0.000e+00
     74.717    -0.7299   2.791047    -0.7281   2.791623    7.16386     0.0004    13.8155 0.0000e+00  -61.41600  -54.87533 1152855309 195.232764    34.2749      71877         18  0.000e+00
     74.698    -0.7300   2.791053    -0.7281   2.791618    7.16386    -0.0426    13.8155 0.0000e+00  -61.41600  -54.87533 1152855309 195.232765    34.2752      71878         18  0.000e+00
     74.717    -0.7299   2.791070    -0.7284   2.791600    7.15915    -0.0426    13.8155 0.0000e+00  -61.41600  -54.87533 1152855309 195.232765    34.2752      71879         18  0.000e+00
     74.622    -0.7294   2.791076    -0.7276   2.791571    7.15898    -0.0319    13.8155 0.0000e+00  -61.41600  -54.87533 1152855309 195.232766    34.2748      71880         18  0.000e+00
     74.717    -0.7297   2.791090    -0.7284   2.791623    7.16381     0.0112    13.8155 0.0000e+00  -61.41600  -54.87533 1152855309 195.232766    34.2753      71881         18  0.000e+00
     74.622    -0.7294   2.791096    -0.7279   2.791623    7.15897    -0.0104    13.8155 0.0000e+00  -61.41600  -54.87533 1152855309 195.232767    34.2751      71882         18  0.000e+00
     74.641    -0.7288   2.791080    -0.7281   2.791618    7.15891    -0.0211    13.8155 0.0000e+00  -61.41600  -54.87533 1152855309 195.232767    34.2742      71883         18  0.000e+00
     74.641    -0.7291   2.791093    -0.7281   2.791618    7.15895    -0.0211    13.8155 0.0000e+00  -61.41600  -54.87533 1152855309 195.232768    34.2747      71884         18  0.000e+00
     74.622    -0.7291   2.791100    -0.7279   2.791600    7.15892    -0.0319    13.8155 0.0000e+00  -61.41600  -54.87533 1152855309 195.232768    34.2748      71885         18  0.000e+00
