product_data/regression_test/downloaded_data/MGDS/320620060703/ctd/p6617611.ros
* Sea-Bird SBE 9 Data File:
* FileName = D:\Data\Raw\p6617611.dat
* Software Version Seasave Win32 V 5.32
* Temperature SN = 1649
* Conductivity SN = 1431
* Number of Bytes Per Scan = 37
* Number of Voltage Words = 5
* Number of Scans Averaged by the Deck Unit = 1
* NMEA Latitude = 60 37.00 S
* NMEA Longitude = 054 43.23 W
* NMEA UTC (Time) = 14:47:03
** Ship:   Nathaniel B. Palmer 
** Cruise:    NBP0606 
# nquan = 17
# nvalues = 1176                    
# units = specified
# name 0 = prDM: Pressure, Digiquartz [db]
# name 1 = t090C: Temperature [ITS-90, deg C]
# name 2 = c0S/m: Conductivity [S/m]
# name 3 = t190C: Temperature, 2 [ITS-90, deg C]
# name 4 = c1S/m: Conductivity, 2 [S/m]
# name 5 = sbeox0ML/L: Oxygen, SBE 43 [ml/l]
# name 6 = flECO-AFL: Fluorescence, Wetlab ECO-AFL/FL [mg/m^3]
# name 7 = bat: Beam Attenuation, Chelsea/Seatech/Wetlab CStar [1/m]
# name 8 = spar: SPAR/Surface Irradiance
# name 9 = latitude: Latitude [deg]
# name 10 = longitude: Longitude [deg]
# name 11 = timeY: Time, System [seconds]
# name 12 = timeJ: Julian Days
# name 13 = sal00: Salinity [PSU]
# name 14 = scan: scan number
# name 15 = nbf: number of bottles fired
# name 16 = flag:  0.000e+00
# interval = seconds: 0.0416667                   
# start_time = Jul 21 2006 14:47:11
*END*
[from data line 341]
    751.456     0.9840   2.996770     0.9842   2.997123    5.15592    -0.0964    13.8155 6.2341e+01  -60.61667  -54.72050 1153494357 202.629151    34.6643      27064          7  0.000e+00
    751.456     0.9839   2.996811     0.9843   2.997123    5.15591    -0.1072    13.8155 6.2341e+01  -60.61667  -54.72050 1153494357 202.629151    34.6649      27065          7  0.000e+00
    752.527     0.9827   2.996740     0.9836   2.997165    5.15683    -0.0211    13.8155 6.0393e+01  -60.61667  -54.72050 1153494363 202.629226    34.6647      27219          8  0.000e+00
    752.672     0.9830   2.996736     0.9840   2.997159    5.15691    -0.0749    13.8155 6.2341e+01  -60.61667  -54.72050 1153494363 202.629226    34.6643      27220          8  0.000e+00
    752.527     0.9831   2.996726     0.9836   2.997135    5.16172    -0.1395    13.8155 6.2341e+01  -60.61667  -54.72050 1153494363 202.629226    34.6640      27221          8  0.000e+00
    752.527     0.9830   2.996767     0.9837   2.997129    5.16171    -0.1180    13.8155 6.0393e+01  -60.61667  -54.72050 1153494363 202.629227    34.6647      27222          8  0.000e+00
    752.604     0.9830   2.996763     0.9839   2.997165    5.15685    -0.0964    13.8155 6.0393e+01  -60.61667  -54.72050 1153494363 202.629227    34.6646      27223          8  0.000e+00
    752.604     0.9829   2.996760     0.9834   2.997118    5.16178    -0.1287    13.8155 6.0393e+01  -60.61667  -54.72050 1153494363 202.629228    34.6647      27224          8  0.000e+00
    752.604     0.9828   2.996760     0.9838   2.997118    5.16179    -0.1072    13.8155 6.0393e+01  -60.61667  -54.72050 1153494363 202.629228    34.6648      27225          8  0.000e+00
    752.604     0.9829   2.996767     0.9834   2.997147    5.16178    -0.0857    13.8155 6.0393e+01  -60.61667  -54.72050 1153494363 202.629229    34.6648      27226          8  0.000e+00
    752.527     0.9826   2.996760     0.9837   2.997159    5.16175    -0.1180    13.8155 6.0393e+01  -60.61667  -54.72050 1153494363 202.629229    34.6650      27227          8  0.000e+00
    752.604     0.9831   2.996760     0.9839   2.997159    5.15683    -0.1072    13.8155 6.0393e+01  -60.61667  -54.72050 1153494363 202.629230    34.6644      27228          8  0.000e+00
    752.604     0.9835   2.996794     0.9839   2.997177    5.15678    -0.0749    13.8155 6.0393e+01  -60.61667  -54.72050 1153494364 202.629230    34.6644      27229          8  0.000e+00
    752.614     0.9836   2.996808     0.9841   2.997183    5.15677    -0.0319    13.8155 6.0393e+01  -60.61667  -54.72050 1153494364 202.629231    34.6645      27230          8  0.000e+00
    752.527     0.9838   2.996825     0.9843   2.997183    5.16160    -0.1072    13.8155 6.0393e+01  -60.61667  -54.72050 1153494364 202.629231    34.6645      27231          8  0.000e+00
    752.527     0.9836   2.996821     0.9844   2.997165    5.16162    -0.1072    13.8155 6.2341e+01  -60.61667  -54.72050 1153494364 202.629232    34.6647      27232          8  0.000e+00
    752.604     0.9841   2.996828     0.9840   2.997159    5.16162    -0.1072    13.8155 6.0393e+01  -60.61667  -54.72050 1153494364 202.629232    34.6642      27233          8  0.000e+00
    752.527     0.9842   2.996811     0.9842   2.997177    5.16156    -0.0964    13.8155 6.2341e+01  -60.61667  -54.72050 1153494364 202.629233    34.6639      27234          8  0.000e+00
    752.527     0.9841   2.996825     0.9841   2.997165    5.16157    -0.0964    13.8155 6.0393e+01  -60.61667  -54.72050 1153494364 202.629233    34.6643      27235          8  0.000e+00
    752.527     0.9841   2.996832     0.9845   2.997177    5.15664    -0.0857    13.8155 6.0393e+01  -60.61667  -54.72050 1153494364 202.629234    34.6643      27236          8  0.000e+00
    752.460     0.9838   2.996801     0.9840   2.997165    5.16157    -0.1072    13.8155 6.0393e+01  -60.61667  -54.72050 1153494364 202.629234    34.6643      27237          8  0.000e+00
    752.460     0.9841   2.996821     0.9839   2.997159    5.16152    -0.0857    13.8155 6.0393e+01  -60.61667  -54.72050 1153494364 202.629235    34.6642      27238          8  0.000e+00
    752.460     0.9834   2.996849     0.9845   2.997159    5.15666    -0.0749    13.8155 6.0393e+01  -60.61667  -54.72050 1153494364 202.629235    34.6653      27239          8  0.000e+00
    752.392     0.9838   2.996818     0.9838   2.997195    5.16151    -0.0964    13.8155 6.0393e+01  -60.61667  -54.72050 1153494364 202.629236    34.6645      27240          8  0.000e+00
    752.460     0.9841   2.996825     0.9839   2.997147    5.16152    -0.1395    13.8155 6.0393e+01  -60.61667  -54.72050 1153494364 202.629236    34.6643      27241          8  0.000e+00
    752.392     0.9838   2.996801     0.9838   2.997147    5.16644    -0.1180    13.8155 6.0393e+01  -60.61667  -54.72050 1153494364 202.629237    34.6644      27242          8  0.000e+00
    752.392     0.9837   2.996804     0.9840   2.997135    5.16153    -0.0749    13.8155 6.0393e+01  -60.61667  -54.72050 1153494364 202.629237    34.6645      27243          8  0.000e+00
    752.315     0.9833   2.996787     0.9840   2.997147    5.16152    -0.0749    13.8155 6.2341e+01  -60.61667  -54.72050 1153494364 202.629238    34.6648      27244          8  0.000e+00
    752.315     0.9835   2.996763     0.9841   2.997135    5.16151    -0.1072    13.8155 6.4289e+01  -60.61667  -54.72050 1153494364 202.629238    34.6642      27245          8  0.000e+00
    752.315     0.9839   2.996832     0.9839   2.997129    5.16144    -0.0857    13.8155 6.4289e+01  -60.61667  -54.72050 1153494364 202.629239    34.6647      27246          8  0.000e+00
    752.248     0.9837   2.996791     0.9839   2.997129    5.16143    -0.0749    13.8155 6.4289e+01  -60.61667  -54.72050 1153494364 202.629239    34.6644      27247          8  0.000e+00
    752.248     0.9834   2.996797     0.9841   2.997129    5.16145    -0.0964    13.8155 6.4289e+01  -60.61667  -54.72050 1153494364 202.629239    34.6648      27248          8  0.000e+00
    752.171     0.9838   2.996808     0.9836   2.997129    5.15644    -0.0749    13.8155 6.4289e+01  -60.61667  -54.72050 1153494364 202.629240    34.6646      27249          8  0.000e+00
    752.171     0.9837   2.996787     0.9838   2.997129    5.15646    -0.0534    13.8155 6.4289e+01  -60.61667  -54.72050 1153494364 202.629240    34.6644      27250          8  0.000e+00
    752.171     0.9838   2.996801     0.9837   2.997129    5.16136    -0.0857    13.8155 6.2341e+01  -60.61667  -54.72050 1153494364 202.629241    34.6645      27251          8  0.000e+00
    752.103     0.9840   2.996787     0.9837   2.997147    5.16129    -0.0749    13.8155 6.2341e+01  -60.61667  -54.72050 1153494364 202.629241    34.6641      27252          8  0.000e+00
    752.104     0.9836   2.996808     0.9840   2.997135    5.16133    -0.1072    13.8155 6.2341e+01  -60.61667  -54.72050 1153494365 202.629242    34.6648      27253          8  0.000e+00
    752.104     0.9838   2.996808     0.9840   2.997129    5.16130    -0.0642    13.8155 6.4289e+01  -60.61667  -54.72050 1153494365 202.629242    34.6646      27254          8  0.000e+00
    751.959     0.9841   2.996825     0.9840   2.997129    5.16117    -0.0749    13.8155 6.4289e+01  -60.61667  -54.72050 1153494365 202.629243    34.6646      27255          8  0.000e+00
    752.036     0.9838   2.996794     0.9837   2.997129    5.16127    -0.1395    13.8155 6.4289e+01  -60.61667  -54.72050 1153494365 202.629243    34.6645      27256          8  0.000e+00
    751.978     0.9837   2.996784     0.9842   2.997165    5.16124    -0.1287    13.8155 6.4289e+01  -60.61667  -54.72050 1153494365 202.629244    34.6645      27257          8  0.000e+00
    751.959     0.9836   2.996808     0.9838   2.997117    5.16122    -0.0749    13.8155 6.4289e+01  -60.61667  -54.72050 1153494365 202.629244    34.6649      27258          8  0.000e+00
    751.892     0.9835   2.996790     0.9836   2.997141    5.16119    -0.0319    13.8155 6.4289e+01  -60.61667  -54.72050 1153494365 202.629245    34.6648      27259          8  0.000e+00
    751.892     0.9842   2.996801     0.9837   2.997111    5.16111    -0.0319    13.8155 6.2341e+01  -60.61667  -54.72050 1153494365 202.629245    34.6642      27260          8  0.000e+00
    751.892     0.9837   2.996787     0.9836   2.997117    5.16118    -0.0642    13.8155 6.4289e+01  -60.61667  -54.72050 1153494365 202.629246    34.6646      27261          8  0.000e+00
    751.815     0.9839   2.996801     0.9837   2.997105    5.16109    -0.0426    13.8155 6.4289e+01  -60.61667  -54.72050 1153494365 202.629246    34.6645      27262          8  0.000e+00
    751.747     0.9841   2.996797     0.9840   2.997117    5.16103    -0.0534    13.8155 6.4289e+01  -60.61667  -54.72050 1153494365 202.629247    34.6644      27263          8  0.000e+00
    751.815     0.9838   2.996784     0.9832   2.997105    5.15618    -0.0857    13.8155 6.4289e+01  -60.61667  -54.72050 1153494365 202.629247    34.6644      27264          8  0.000e+00
    751.670     0.9841   2.996801     0.9840   2.997099    5.16097    -0.0857    13.8155 6.4289e+01  -60.61667  -54.72050 1153494365 202.629248    34.6644      27265          8  0.000e+00
    751.747     0.9841   2.996787     0.9830   2.997099    5.16102    -0.0964    13.8155 6.4289e+01  -60.61667  -54.72050 1153494365 202.629248    34.6642      27266          8  0.000e+00
    751.603     0.9842   2.996763     0.9837   2.997099    5.16092    -0.0964    13.8155 6.4289e+01  -60.61667  -54.72050 1153494365 202.629249    34.6638      27267          8  0.000e+00
    749.967     0.9834   2.996674     0.9829   2.997027    5.15495    -0.0534    13.8155 6.0393e+01  -60.61667  -54.72050 1153494372 202.629328    34.6645      27431          9  0.000e+00
    750.102     0.9830   2.996695     0.9836   2.997045    5.15508    -0.0964    13.8155 6.0393e+01  -60.61667  -54.72050 1153494372 202.629328    34.6651      27432          9  0.000e+00
    750.044     0.9833   2.996654     0.9833   2.996998    5.15503    -0.1072    13.8155 6.0393e+01  -60.61667  -54.72050 1153494372 202.629329    34.6643      27433          9  0.000e+00
    750.034     0.9832   2.996674     0.9837   2.996986    5.15995    -0.0749    13.8155 6.0393e+01  -60.61667  -54.72050 1153494372 202.629329    34.6647      27434          9  0.000e+00
    750.034     0.9831   2.996667     0.9834   2.997003    5.15996    -0.0319    13.8155 6.0393e+01  -60.61667  -54.72050 1153494372 202.629330    34.6647      27435          9  0.000e+00
    750.102     0.9830   2.996735     0.9832   2.997015    5.15507    -0.0857    13.8155 6.0393e+01  -60.61667  -54.72050 1153494372 202.629330    34.6657      27436          9  0.000e+00
    750.034     0.9833   2.996688     0.9834   2.997015    5.15500    -0.1180    13.8155 6.0393e+01  -60.61667  -54.72050 1153494372 202.629331    34.6647      27437          9  0.000e+00
    750.102     0.9828   2.996633     0.9830   2.997015    5.15513    -0.1395    13.8155 6.0393e+01  -60.61667  -54.72050 1153494372 202.629331    34.6646      27438          9  0.000e+00
    750.102     0.9830   2.996671     0.9834   2.997015    5.15509    -0.1287    13.8155 6.0393e+01  -60.61667  -54.72050 1153494372 202.629332    34.6648      27439          9  0.000e+00
    750.034     0.9828   2.996688     0.9832   2.997057    5.15506    -0.1072    13.8155 6.0393e+01  -60.61667  -54.72050 1153494372 202.629332    34.6653      27440          9  0.000e+00
    750.179     0.9833   2.996667     0.9832   2.997027    5.15512    -0.0857    13.8155 6.0393e+01  -60.61667  -54.72050 1153494372 202.629333    34.6644      27441          9  0.000e+00
    750.102     0.9831   2.996664     0.9831   2.997015    5.15509    -0.0964    13.8155 6.0393e+01  -60.61667  -54.72050 1153494372 202.629333    34.6646      27442          9  0.000e+00
    750.102     0.9830   2.996654     0.9833   2.997015    5.15511    -0.0857    13.8155 6.0393e+01  -60.61667  -54.72050 1153494372 202.629334    34.6646      27443          9  0.000e+00
    750.102     0.9832   2.996712     0.9834   2.997033    5.15506    -0.0319    13.8155 6.0393e+01  -60.61667  -54.72050 1153494372 202.629334    34.6651      27444          9  0.000e+00
    750.179     0.9828   2.996681     0.9836   2.997021    5.15517    -0.0534    13.8155 6.0393e+01  -60.61667  -54.72050 1153494373 202.629334    34.6651      27445          9  0.000e+00
    750.121     0.9830   2.996664     0.9833   2.996992    5.15511    -0.0749    13.8155 6.0393e+01  -60.61667  -54.72050 1153494373 202.629335    34.6647      27446          9  0.000e+00
    750.246     0.9831   2.996681     0.9831   2.997004    5.15518    -0.0749    13.8155 6.0393e+01  -60.61667  -54.72050 1153494373 202.629335    34.6648      27447          9  0.000e+00
    750.179     0.9827   2.996678     0.9833   2.997033    5.15518    -0.0964    13.8155 6.0393e+01  -60.61667  -54.72050 1153494373 202.629336    34.6652      27448          9  0.000e+00
    750.179     0.9833   2.996701     0.9834   2.997045    5.15511    -0.1072    13.8155 6.0393e+01  -60.61667  -54.72050 1153494373 202.629336    34.6649      27449          9  0.000e+00
    750.246     0.9830   2.996657     0.9834   2.996998    5.15521    -0.0964    13.8155 6.0393e+01  -60.61667  -54.72050 1153494373 202.629337    34.6646      27450          9  0.000e+00
    750.246     0.9829   2.996674     0.9829   2.997004    5.15521    -0.0534    13.8155 6.0393e+01  -60.61667  -54.72050 1153494373 202.629337    34.6649      27451          9  0.000e+00
    750.246     0.9833   2.996688     0.9831   2.996992    5.15516    -0.0964    13.8155 6.0393e+01  -60.61667  -54.72050 1153494373 202.629338    34.6647      27452          9  0.000e+00
    750.246     0.9826   2.996678     0.9830   2.996986    5.15524    -0.0857    13.8155 6.0393e+01  -60.61667  -54.72050 1153494373 202.629338    34.6653      27453          9  0.000e+00
    750.324     0.9830   2.996701     0.9831   2.996986    5.15524    -0.0642    13.8155 6.0393e+01  -60.61667  -54.72050 1153494373 202.629339    34.6651      27454          9  0.000e+00
    750.324     0.9824   2.996691     0.9826   2.997004    5.15531    -0.0426    13.8155 6.0393e+01  -60.61667  -54.72050 1153494373 202.629339    34.6656      27455          9  0.000e+00
    750.324     0.9831   2.996650     0.9829   2.996992    5.15525    -0.0642    13.8155 6.0393e+01  -60.61667  -54.72050 1153494373 202.629340    34.6643      27456          9  0.000e+00
    750.324     0.9830   2.996657     0.9825   2.997004    5.15526    -0.0426    13.8155 6.0393e+01  -60.61667  -54.72050 1153494373 202.629340    34.6646      27457          9  0.000e+00
    750.391     0.9823   2.996654     0.9829   2.997010    5.15539    -0.0426    13.8155 6.0393e+01  -60.61667  -54.72050 1153494373 202.629341    34.6653      27458          9  0.000e+00
    750.391     0.9822   2.996661     0.9826   2.997010    5.15539    -0.0749    13.8155 6.2341e+01  -60.61667  -54.72050 1153494373 202.629341    34.6654      27459          9  0.000e+00
    750.401     0.9827   2.996643     0.9828   2.996974    5.16027    -0.1395    13.8155 6.0393e+01  -60.61667  -54.72050 1153494373 202.629342    34.6646      27460          9  0.000e+00
    750.458     0.9825   2.996620     0.9822   2.996962    5.15543    -0.1287    13.8155 6.0393e+01  -60.61667  -54.72050 1153494373 202.629342    34.6645      27461          9  0.000e+00
    750.391     0.9823   2.996633     0.9826   2.996962    5.15540    -0.1072    13.8155 6.0393e+01  -60.61667  -54.72050 1153494373 202.629343    34.6650      27462          9  0.000e+00
    750.459     0.9823   2.996630     0.9822   2.996980    5.15544    -0.1395    13.8155 6.2341e+01  -60.61667  -54.72050 1153494373 202.629343    34.6648      27463          9  0.000e+00
