product_data/regression_test/downloaded_data/MGDS/320620060703/ctd/p6618201.ros
* Sea-Bird SBE 9 Data File:
* FileName = D:\Data\Raw\p6618201.dat
* Software Version Seasave Win32 V 5.32
* Temperature SN = 1649
* Conductivity SN = 1431
* Number of Bytes Per Scan = 37
* Number of Voltage Words = 5
* Number of Scans Averaged by the Deck Unit = 1
* NMEA Latitude = 60 37.00 S
* NMEA Longitude = 054 09.03 W
* NMEA UTC (Time) = 08:45:16
** Ship:   Nathaniel B. Palmer 
** Cruise:    NBP0606 
# nquan = 17
# nvalues = 1176                    
# units = specified
# name 0 = prDM: Pressure, Digiquartz [db]
# name 1 = t090C: Temperature [ITS-90, deg C]
# name 2 = c0S/m: Conductivity [S/m]
# name 3 = t190C: Temperature, 2 [ITS-90, deg C]
# name 4 = c1S/m: Conductivity, 2 [S/m]
# name 5 = sbeox0ML/L: Oxygen, SBE 43 [ml/l]
# name 6 = flECO-AFL: Fluorescence, Wetlab ECO-AFL/FL [mg/m^3]
# name 7 = bat: Beam Attenuation, Chelsea/Seatech/Wetlab CStar [1/m]
# name 8 = spar: SPAR/Surface Irradiance
# name 9 = latitude: Latitude [deg]
# name 10 = longitude: Longitude [deg]
# name 11 = timeY: Time, System [seconds]
# name 12 = timeJ: Julian Days
# name 13 = sal00: Salinity [PSU]
# name 14 = scan: scan number
# name 15 = nbf: number of bottles fired
# name 16 = flag:  0.000e+00
# interval = seconds: 0.0416667                   
# start_time = Jul 22 2006 08:45:25
*END*
    999.588     0.9651   3.007308     0.9711   3.008147    5.11991    -0.0749    13.8155 0.0000e+00  -60.61667  -54.15050 1153560647 203.396400    34.6814      65376          1  0.000e+00
    999.279     0.9653   3.007314     0.9710   3.008159    5.11967    -0.0964    13.8155 0.0000e+00  -60.61667  -54.15050 1153560647 203.396400    34.6815      65377          1  0.000e+00
    999.347     0.9668   3.007352     0.9706   3.008111    5.11954    -0.1072    13.8155 0.0000e+00  -60.61667  -54.15050 1153560647 203.396401    34.6802      65378          1  0.000e+00
    999.202     0.9670   3.007417     0.9726   3.008147    5.11939    -0.1395    13.8155 0.0000e+00  -60.61667  -54.15050 1153560647 203.396401    34.6809      65379          1  0.000e+00
    999.202     0.9668   3.007342     0.9732   3.008182    5.11944    -0.0964    13.8155 0.0000e+00  -60.61667  -54.15050 1153560647 203.396402    34.6802      65380          1  0.000e+00
    999.279     0.9665   3.007335     0.9730   3.008266    5.11953    -0.0749    13.8155 0.0000e+00  -60.61667  -54.15050 1153560647 203.396402    34.6804      65381          1  0.000e+00
    999.134     0.9654   3.007393     0.9738   3.008320    5.11952    -0.0857    13.8155 0.0000e+00  -60.61667  -54.15050 1153560647 203.396403    34.6824      65382          1  0.000e+00
    999.153     0.9663   3.007604     0.9759   3.008415    5.11934    -0.1072    13.8155 0.0000e+00  -60.61667  -54.15050 1153560647 203.396403    34.6841      65383          1  0.000e+00
    999.202     0.9678   3.007673     0.9766   3.008529    5.11919    -0.1180    13.8155 0.0000e+00  -60.61667  -54.15050 1153560647 203.396404    34.6833      65384          1  0.000e+00
    999.134     0.9687   3.007673     0.9760   3.008541    5.11904    -0.1287    13.8155 0.0000e+00  -60.61667  -54.15050 1153560647 203.396404    34.6823      65385          1  0.000e+00
    999.057     0.9695   3.007724     0.9761   3.008487    5.11889    -0.1072    13.8155 0.0000e+00  -60.61667  -54.15050 1153560647 203.396405    34.6822      65386          1  0.000e+00
    999.134     0.9698   3.007727     0.9757   3.008475    5.11890    -0.1072    13.8155 0.0000e+00  -60.61667  -54.15050 1153560647 203.396405    34.6818      65387          1  0.000e+00
    999.057     0.9698   3.007738     0.9757   3.008565    5.11884    -0.1072    13.8155 0.0000e+00  -60.61667  -54.15050 1153560647 203.396406    34.6820      65388          1  0.000e+00
    999.134     0.9698   3.007744     0.9760   3.008541    5.11890    -0.1287    13.8155 0.0000e+00  -60.61667  -54.15050 1153560647 203.396406    34.6821      65389          1  0.000e+00
    999.008     0.9704   3.007799     0.9761   3.008529    5.11872    -0.1395    13.8155 0.0000e+00  -60.61667  -54.15050 1153560647 203.396407    34.6821      65390          1  0.000e+00
    999.057     0.9711   3.007799     0.9755   3.008547    5.11868    -0.0857    13.8155 0.0000e+00  -60.61667  -54.15050 1153560647 203.396407    34.6814      65391          1  0.000e+00
    999.057     0.9698   3.007772     0.9754   3.008523    5.11883    -0.0749    13.8155 0.0000e+00  -60.61667  -54.15050 1153560647 203.396408    34.6825      65392          1  0.000e+00
    998.989     0.9701   3.007806     0.9752   3.008505    5.11873    -0.0534    13.8155 0.0000e+00  -60.61667  -54.15050 1153560647 203.396408    34.6826      65393          1  0.000e+00
    998.989     0.9704   3.007833     0.9752   3.008481    5.11869    -0.1072    13.8155 0.0000e+00  -60.61667  -54.15050 1153560647 203.396409    34.6826      65394          1  0.000e+00
    998.989     0.9717   3.007874     0.9749   3.008481    5.11853    -0.0964    13.8155 0.0000e+00  -60.61667  -54.15050 1153560648 203.396409    34.6817      65395          1  0.000e+00
    998.989     0.9720   3.007871     0.9740   3.008451    5.11850    -0.0749    13.8155 0.0000e+00  -60.61667  -54.15050 1153560648 203.396410    34.6813      65396          1  0.000e+00
    999.057     0.9715   3.007847     0.9738   3.008445    5.11862    -0.1287    13.8155 0.0000e+00  -60.61667  -54.15050 1153560648 203.396410    34.6815      65397          1  0.000e+00
    998.941     0.9711   3.007840     0.9739   3.008427    5.11858    -0.1502    13.8155 0.0000e+00  -60.61667  -54.15050 1153560648 203.396411    34.6820      65398          1  0.000e+00
    998.989     0.9704   3.007823     0.9740   3.008421    5.11869    -0.1180    13.8155 0.0000e+00  -60.61667  -54.15050 1153560648 203.396411    34.6824      65399          1  0.000e+00
    998.912     0.9698   3.007799     0.9741   3.008421    5.11872    -0.0964    13.8155 0.0000e+00  -60.61667  -54.15050 1153560648 203.396412    34.6829      65400          1  0.000e+00
    998.912     0.9686   3.007792     0.9740   3.008439    5.11885    -0.0857    13.8155 0.0000e+00  -60.61667  -54.15050 1153560648 203.396412    34.6842      65401          1  0.000e+00
    998.989     0.9700   3.007741     0.9736   3.008409    5.11878    -0.0642    13.8155 0.0000e+00  -60.61667  -54.15050 1153560648 203.396413    34.6819      65402          1  0.000e+00
    998.912     0.9691   3.007683     0.9737   3.008415    5.11884    -0.0964    13.8155 0.0000e+00  -60.61667  -54.15050 1153560648 203.396413    34.6821      65403          1  0.000e+00
    998.989     0.9687   3.007635     0.9741   3.008457    5.11896    -0.0964    13.8155 0.0000e+00  -60.61667  -54.15050 1153560648 203.396413    34.6819      65404          1  0.000e+00
    998.941     0.9684   3.007662     0.9751   3.008511    5.11895    -0.0857    13.8155 0.0000e+00  -60.61667  -54.15050 1153560648 203.396414    34.6827      65405          1  0.000e+00
    998.912     0.9682   3.007656     0.9757   3.008535    5.11895    -0.0749    13.8155 0.0000e+00  -60.61667  -54.15050 1153560648 203.396414    34.6828      65406          1  0.000e+00
    998.912     0.9682   3.007611     0.9756   3.008595    5.11896    -0.0749    13.8155 0.0000e+00  -60.61667  -54.15050 1153560648 203.396415    34.6822      65407          1  0.000e+00
    998.912     0.9681   3.007618     0.9758   3.008618    5.11898    -0.0964    13.8155 0.0000e+00  -60.61667  -54.15050 1153560648 203.396415    34.6825      65408          1  0.000e+00
    998.989     0.9676   3.007574     0.9759   3.008618    5.11911    -0.1072    13.8155 0.0000e+00  -60.61667  -54.15050 1153560648 203.396416    34.6824      65409          1  0.000e+00
    998.912     0.9682   3.007608     0.9763   3.008595    5.11896    -0.0964    13.8155 0.0000e+00  -60.61667  -54.15050 1153560648 203.396416    34.6821      65410          1  0.000e+00
    998.912     0.9696   3.007676     0.9763   3.008606    5.11878    -0.0964    13.8155 0.0000e+00  -60.61667  -54.15050 1153560648 203.396417    34.6815      65411          1  0.000e+00
    998.941     0.9702   3.007840     0.9765   3.008636    5.11867    -0.0857    13.8155 0.0000e+00  -60.61667  -54.15050 1153560648 203.396417    34.6829      65412          1  0.000e+00
    998.990     0.9719   3.008014     0.9764   3.008624    5.11845    -0.0749    13.8155 0.0000e+00  -60.61667  -54.15050 1153560648 203.396418    34.6833      65413          1  0.000e+00
    998.912     0.9726   3.008089     0.9765   3.008660    5.11829    -0.0642    13.8155 0.0000e+00  -60.61667  -54.15050 1153560648 203.396418    34.6835      65414          1  0.000e+00
    998.990     0.9726   3.008086     0.9764   3.008648    5.11834    -0.1072    13.8155 0.0000e+00  -60.61667  -54.15050 1153560648 203.396419    34.6834      65415          1  0.000e+00
    998.912     0.9736   3.008113     0.9762   3.008648    5.11817    -0.0857    13.8155 0.0000e+00  -60.61667  -54.15050 1153560648 203.396419    34.6827      65416          1  0.000e+00
    998.990     0.9735   3.008127     0.9766   3.008666    5.11823    -0.0426    13.8155 0.0000e+00  -60.61667  -54.15050 1153560648 203.396420    34.6829      65417          1  0.000e+00
    998.990     0.9731   3.007946     0.9766   3.008648    5.11835    -0.0319    13.8155 0.0000e+00  -60.61667  -54.15050 1153560648 203.396420    34.6811      65418          1  0.000e+00
    998.990     0.9707   3.007761     0.9770   3.008690    5.11869    -0.0426    13.8155 0.0000e+00  -60.61667  -54.15050 1153560649 203.396421    34.6813      65419          1  0.000e+00
    998.941     0.9702   3.007720     0.9774   3.008720    5.11872    -0.0964    13.8155 0.0000e+00  -60.61667  -54.15050 1153560649 203.396421    34.6814      65420          1  0.000e+00
    998.990     0.9690   3.007594     0.9771   3.008726    5.11894    -0.0857    13.8155 0.0000e+00  -60.61667  -54.15050 1153560649 203.396422    34.6811      65421          1  0.000e+00
    999.057     0.9676   3.007516     0.9769   3.008684    5.11918    -0.1180    13.8155 0.0000e+00  -60.61667  -54.15050 1153560649 203.396422    34.6816      65422          1  0.000e+00
    998.990     0.9673   3.007468     0.9751   3.008612    5.11919    -0.1180    13.8155 0.0000e+00  -60.61667  -54.15050 1153560649 203.396423    34.6814      65423          1  0.000e+00
    998.990     0.9663   3.007423     0.9749   3.008505    5.11930    -0.1180    13.8155 0.0000e+00  -60.61667  -54.15050 1153560649 203.396423    34.6818      65424          1  0.000e+00
    899.649     1.0872   3.013890     1.0883   3.014271    5.04878    -0.1180    13.8155 0.0000e+00  -60.61667  -54.15050 1153560793 203.398093    34.6864      68886          2  0.000e+00
    899.697     1.0872   3.013839     1.0874   3.014253    5.04382    -0.1180    13.8155 0.0000e+00  -60.61667  -54.15050 1153560793 203.398093    34.6857      68887          2  0.000e+00
    899.571     1.0873   3.013866     1.0877   3.014217    5.04871    -0.1287    13.8155 0.0000e+00  -60.61667  -54.15050 1153560793 203.398094    34.6859      68888          2  0.000e+00
    899.620     1.0875   3.013863     1.0874   3.014199    5.04874    -0.0857    13.8155 0.0000e+00  -60.61667  -54.15050 1153560793 203.398094    34.6857      68889          2  0.000e+00
    899.552     1.0870   3.013870     1.0872   3.014163    5.04873    -0.0749    13.8155 0.0000e+00  -60.61667  -54.15050 1153560793 203.398095    34.6863      68890          2  0.000e+00
    899.571     1.0867   3.013825     1.0872   3.014163    5.04880    -0.0534    13.8155 0.0000e+00  -60.61667  -54.15050 1153560793 203.398095    34.6861      68891          2  0.000e+00
    899.485     1.0861   3.013822     1.0874   3.014181    5.04880    -0.0964    13.8155 0.0000e+00  -60.61667  -54.15050 1153560793 203.398096    34.6868      68892          2  0.000e+00
    899.504     1.0867   3.013815     1.0871   3.014169    5.04876    -0.0964    13.8155 0.0000e+00  -60.61667  -54.15050 1153560793 203.398096    34.6860      68893          2  0.000e+00
    899.485     1.0867   3.013812     1.0874   3.014133    5.04874    -0.1180    13.8155 0.0000e+00  -60.61667  -54.15050 1153560793 203.398097    34.6860      68894          2  0.000e+00
    899.436     1.0864   3.013822     1.0869   3.014127    5.04874    -0.0964    13.8155 0.0000e+00  -60.61667  -54.15050 1153560793 203.398097    34.6865      68895          2  0.000e+00
    899.407     1.0864   3.013795     1.0869   3.014157    5.04372    -0.1072    13.8155 0.0000e+00  -60.61667  -54.15050 1153560793 203.398098    34.6861      68896          2  0.000e+00
    899.359     1.0863   3.013805     1.0866   3.014133    5.04370    -0.1287    13.8155 0.0000e+00  -60.61667  -54.15050 1153560793 203.398098    34.6864      68897          2  0.000e+00
    899.340     1.0864   3.013784     1.0871   3.014092    5.04869    -0.0534    13.8155 0.0000e+00  -60.61667  -54.15050 1153560794 203.398098    34.6860      68898          2  0.000e+00
    899.292     1.0867   3.013767     1.0872   3.014074    5.04863    -0.0642    13.8155 0.0000e+00  -60.61667  -54.15050 1153560794 203.398099    34.6855      68899          2  0.000e+00
    899.263     1.0863   3.013774     1.0865   3.014080    5.04865    -0.0964    13.8155 0.0000e+00  -60.61667  -54.15050 1153560794 203.398099    34.6861      68900          2  0.000e+00
    899.292     1.0866   3.013767     1.0871   3.014074    5.04864    -0.1287    13.8155 0.0000e+00  -60.61667  -54.15050 1153560794 203.398100    34.6857      68901          2  0.000e+00
    899.195     1.0866   3.013798     1.0863   3.014080    5.04856    -0.1502    13.8155 0.0000e+00  -60.61667  -54.15050 1153560794 203.398100    34.6861      68902          2  0.000e+00
    899.195     1.0864   3.013784     1.0871   3.014074    5.04859    -0.1502    13.8155 0.0000e+00  -60.61667  -54.15050 1153560794 203.398101    34.6861      68903          2  0.000e+00
    899.147     1.0866   3.013767     1.0867   3.014091    5.04854    -0.1072    13.8155 0.0000e+00  -60.61667  -54.15050 1153560794 203.398101    34.6857      68904          2  0.000e+00
    899.118     1.0856   3.013764     1.0871   3.014085    5.04862    -0.1072    13.8155 0.0000e+00  -60.61667  -54.15050 1153560794 203.398102    34.6868      68905          2  0.000e+00
    899.070     1.0863   3.013736     1.0872   3.014073    5.04853    -0.1072    13.8155 0.0000e+00  -60.61667  -54.15050 1153560794 203.398102    34.6857      68906          2  0.000e+00
    899.050     1.0859   3.013736     1.0867   3.014103    5.04856    -0.0319    13.8155 0.0000e+00  -60.61667  -54.15050 1153560794 203.398103    34.6861      68907          2  0.000e+00
    899.070     1.0863   3.013730     1.0867   3.014079    5.04854    -0.0534    13.8155 0.0000e+00  -60.61667  -54.15050 1153560794 203.398103    34.6856      68908          2  0.000e+00
    899.050     1.0859   3.013754     1.0867   3.014038    5.04855    -0.0749    13.8155 0.0000e+00  -60.61667  -54.15050 1153560794 203.398104    34.6863      68909          2  0.000e+00
    899.002     1.0863   3.013726     1.0861   3.014014    5.04849    -0.1072    13.8155 0.0000e+00  -60.61667  -54.15050 1153560794 203.398104    34.6856      68910          2  0.000e+00
    898.983     1.0858   3.013706     1.0857   3.013996    5.04854    -0.0749    13.8155 0.0000e+00  -60.61667  -54.15050 1153560794 203.398105    34.6859      68911          2  0.000e+00
    898.983     1.0856   3.013675     1.0855   3.013972    5.04857    -0.0426    13.8155 0.0000e+00  -60.61667  -54.15050 1153560794 203.398105    34.6857      68912          2  0.000e+00
    898.935     1.0858   3.013624     1.0857   3.013960    5.04854    -0.0749    13.8155 0.0000e+00  -60.61667  -54.15050 1153560794 203.398106    34.6849      68913          2  0.000e+00
    898.906     1.0854   3.013651     1.0855   3.014014    5.04353    -0.1180    13.8155 0.0000e+00  -60.61667  -54.15050 1153560794 203.398106    34.6856      68914          2  0.000e+00
    898.935     1.0858   3.013668     1.0857   3.013978    5.04852    -0.1287    13.8155 0.0000e+00  -60.61667  -54.15050 1153560794 203.398107    34.6855      68915          2  0.000e+00
    898.906     1.0858   3.013658     1.0863   3.013990    5.04850    -0.1072    13.8155 0.0000e+00  -60.61667  -54.15050 1153560794 203.398107    34.6853      68916          2  0.000e+00
    898.935     1.0859   3.013665     1.0863   3.013966    5.04851    -0.0749    13.8155 0.0000e+00  -60.61667  -54.15050 1153560794 203.398108    34.6853      68917          2  0.000e+00
    898.906     1.0851   3.013678     1.0857   3.014014    5.04856    -0.0749    13.8155 0.0000e+00  -60.61667  -54.15050 1153560794 203.398108    34.6863      68918          2  0.000e+00
    898.858     1.0858   3.013617     1.0866   3.013996    5.04849    -0.0857    13.8155 0.0000e+00  -60.61667  -54.15050 1153560794 203.398109    34.6848      68919          2  0.000e+00
    898.838     1.0850   3.013559     1.0858   3.013990    5.04858    -0.1287    13.8155 0.0000e+00  -60.61667  -54.15050 1153560794 203.398109    34.6850      68920          2  0.000e+00
    898.858     1.0847   3.013538     1.0850   3.013912    5.04363    -0.1395    13.8155 0.0000e+00  -60.61667  -54.15050 1153560794 203.398110    34.6851      68921          2  0.000e+00
