product_data/regression_test/downloaded_data/MGDS/320620060703/ctd/p6615501.cnv
* Sea-Bird SBE 9 Data File:
* FileName = D:\Data\Raw\p6615501.dat
* Software Version Seasave Win32 V 5.32
* Temperature SN = 1649
* Conductivity SN = 1431
* Number of Bytes Per Scan = 37
* Number of Voltage Words = 5
* Number of Scans Averaged by the Deck Unit = 1
* NMEA Latitude = 60 48.92 S
* NMEA Longitude = 056 09.66 W
* NMEA UTC (Time) = 20:59:11
** Ship:   Nathaniel B. Palmer 
** Cruise:    NBP0606 
# nquan = 15
# nvalues = 1000                        
# units = specified
# name 0 = prDM: Pressure, Digiquartz [db]
# name 1 = t090C: Temperature [ITS-90, deg C]
# name 2 = c0S/m: Conductivity [S/m]
# name 3 = t190C: Temperature, 2 [ITS-90, deg C]
# name 4 = c1S/m: Conductivity, 2 [S/m]
# name 5 = sbeox0ML/L: Oxygen, SBE 43 [ml/l]
# name 6 = flECO-AFL: Fluorescence, Wetlab ECO-AFL/FL [mg/m^3]
# name 7 = bat: Beam Attenuation, Chelsea/Seatech/Wetlab CStar [1/m]
# name 8 = spar: SPAR/Surface Irradiance
# name 9 = latitude: Latitude [deg]
# name 10 = longitude: Longitude [deg]
# name 11 = timeY: Time, System [seconds]
# name 12 = timeJ: Julian Days
# name 13 = sal00: Salinity [PSU]
# name 14 = flag: flag
# span 0 =      2.000,   1001.000       
# span 1 =    -0.6975,     1.2725       
# span 2 =   2.792207,   3.034709       
# span 3 =    -0.6971,     1.2726       
# span 4 =   2.792749,   3.035003       
# span 5 =    4.87740,    7.39173       
# span 6 =    -0.1135,     0.1734       
# span 7 =    13.8155,    13.8155       
# span 8 = 0.0000e+00, 0.0000e+00       
# span 9 =  -60.81533,  -60.81533       
# span 10 =  -56.16100,  -56.16100      
# span 11 = 1153256352, 1153257726      
# span 12 = 199.874445, 199.890371      
# span 13 =    34.2954,    34.7233      
# span 14 = 0.0000e+00, 0.0000e+00      
# interval = decibars: 1                
# start_time = Jul 18 2006 20:59:19
# bad_flag = -9.990e-29
*END*
[from data line 675]
    677.000     0.6688   2.963114     0.6706   2.963419    5.44890    -0.0992    13.8155 0.0000e+00  -60.81533  -56.16100 1153257300 199.885443    34.6210 0.0000e+00
    678.000     0.6947   2.965568     0.6861   2.965057    5.42767    -0.0885    13.8155 0.0000e+00  -60.81533  -56.16100 1153257302 199.885462    34.6224 0.0000e+00
    679.000     0.6976   2.965867     0.6977   2.966162    5.41656    -0.0960    13.8155 0.0000e+00  -60.81533  -56.16100 1153257304 199.885481    34.6228 0.0000e+00
    680.000     0.6873   2.964931     0.6858   2.965079    5.40761    -0.0792    13.8155 0.0000e+00  -60.81533  -56.16100 1153257305 199.885495    34.6224 0.0000e+00
    681.000     0.7308   2.969331     0.7154   2.967772    5.39885    -0.0974    13.8155 0.0000e+00  -60.81533  -56.16100 1153257306 199.885507    34.6303 0.0000e+00
    682.000     0.7644   2.972420     0.7612   2.972313    5.38806    -0.0950    13.8155 0.0000e+00  -60.81533  -56.16100 1153257307 199.885517    34.6305 0.0000e+00
    683.000     0.7908   2.975047     0.7823   2.974304    5.37530    -0.0821    13.8155 0.0000e+00  -60.81533  -56.16100 1153257308 199.885527    34.6344 0.0000e+00
    684.000     0.8042   2.976298     0.8103   2.977031    5.36074    -0.0928    13.8155 0.0000e+00  -60.81533  -56.16100 1153257309 199.885537    34.6349 0.0000e+00
    685.000     0.8195   2.977798     0.8187   2.977938    5.35326    -0.0909    13.8155 0.0000e+00  -60.81533  -56.16100 1153257310 199.885550    34.6365 0.0000e+00
    686.000     0.8058   2.976527     0.8120   2.977386    5.33696    -0.0874    13.8155 0.0000e+00  -60.81533  -56.16100 1153257311 199.885571    34.6358 0.0000e+00
    687.000     0.8113   2.977015     0.8088   2.977139    5.33029    -0.0798    13.8155 0.0000e+00  -60.81533  -56.16100 1153257314 199.885595    34.6359 0.0000e+00
    688.000     0.8012   2.976256     0.8105   2.977244    5.33536    -0.0857    13.8155 0.0000e+00  -60.81533  -56.16100 1153257315 199.885611    34.6370 0.0000e+00
    689.000     0.8108   2.977035     0.8168   2.977913    5.33241    -0.0866    13.8155 0.0000e+00  -60.81533  -56.16100 1153257316 199.885623    34.6360 0.0000e+00
    690.000     0.8286   2.978917     0.8343   2.979586    5.32963    -0.0953    13.8155 0.0000e+00  -60.81533  -56.16100 1153257317 199.885634    34.6403 0.0000e+00
    691.000     0.8296   2.978878     0.8239   2.978722    5.33522    -0.0872    13.8155 0.0000e+00  -60.81533  -56.16100 1153257318 199.885644    34.6374 0.0000e+00
    692.000     0.8074   2.976775     0.7959   2.976118    5.33822    -0.1045    13.8155 0.0000e+00  -60.81533  -56.16100 1153257319 199.885657    34.6351 0.0000e+00
    693.000     0.7703   2.973374     0.7788   2.974487    5.35241    -0.0887    13.8155 0.0000e+00  -60.81533  -56.16100 1153257320 199.885674    34.6337 0.0000e+00
    694.000     0.7377   2.970239     0.7319   2.970141    5.36642    -0.1009    13.8155 0.0000e+00  -60.81533  -56.16100 1153257322 199.885690    34.6290 0.0000e+00
    695.000     0.7093   2.967646     0.7130   2.968353    5.37979    -0.0926    13.8155 0.0000e+00  -60.81533  -56.16100 1153257323 199.885705    34.6276 0.0000e+00
    696.000     0.6903   2.965840     0.6913   2.966410    5.39212    -0.0895    13.8155 0.0000e+00  -60.81533  -56.16100 1153257324 199.885718    34.6248 0.0000e+00
    697.000     0.6785   2.964867     0.6808   2.965429    5.39926    -0.0820    13.8155 0.0000e+00  -60.81533  -56.16100 1153257325 199.885730    34.6253 0.0000e+00
    698.000     0.6844   2.965532     0.6848   2.965831    5.39900    -0.0873    13.8155 0.0000e+00  -60.81533  -56.16100 1153257326 199.885743    34.6264 0.0000e+00
    699.000     0.6985   2.966908     0.6990   2.967268    5.39128    -0.0863    13.8155 0.0000e+00  -60.81533  -56.16100 1153257328 199.885761    34.6270 0.0000e+00
    700.000     0.6927   2.966410     0.6929   2.966789    5.39180    -0.0907    13.8155 0.0000e+00  -60.81533  -56.16100 1153257329 199.885780    34.6262 0.0000e+00
    701.000     0.7078   2.968002     0.7136   2.968759    5.38478    -0.0919    13.8155 0.0000e+00  -60.81533  -56.16100 1153257331 199.885796    34.6295 0.0000e+00
    702.000     0.7612   2.973313     0.7922   2.976091    5.36423    -0.0861    13.8155 0.0000e+00  -60.81533  -56.16100 1153257332 199.885809    34.6341 0.0000e+00
    703.000     0.8494   2.981603     0.8480   2.981576    5.34368    -0.1050    13.8155 0.0000e+00  -60.81533  -56.16100 1153257333 199.885820    34.6426 0.0000e+00
    704.000     0.8623   2.982773     0.8550   2.982310    5.32660    -0.0846    13.8155 0.0000e+00  -60.81533  -56.16100 1153257334 199.885830    34.6420 0.0000e+00
    705.000     0.8664   2.983220     0.8646   2.983299    5.31031    -0.0945    13.8155 0.0000e+00  -60.81533  -56.16100 1153257335 199.885842    34.6430 0.0000e+00
    706.000     0.8645   2.983137     0.8630   2.983190    5.29340    -0.0980    13.8155 0.0000e+00  -60.81533  -56.16100 1153257336 199.885860    34.6445 0.0000e+00
    707.000     0.8829   2.984899     0.8856   2.985343    5.27548    -0.0944    13.8155 0.0000e+00  -60.81533  -56.16100 1153257338 199.885879    34.6464 0.0000e+00
    708.000     0.9098   2.987473     0.9087   2.987594    5.26538    -0.0912    13.8155 0.0000e+00  -60.81533  -56.16100 1153257339 199.885895    34.6486 0.0000e+00
    709.000     0.9141   2.987953     0.9146   2.988195    5.25397    -0.0906    13.8155 0.0000e+00  -60.81533  -56.16100 1153257341 199.885909    34.6499 0.0000e+00
    710.000     0.9315   2.989659     0.9326   2.989956    5.24375    -0.0919    13.8155 0.0000e+00  -60.81533  -56.16100 1153257342 199.885922    34.6517 0.0000e+00
    711.000     0.9375   2.990241     0.9385   2.990584    5.23521    -0.0881    13.8155 0.0000e+00  -60.81533  -56.16100 1153257343 199.885935    34.6522 0.0000e+00
    712.000     0.9405   2.990581     0.9418   2.990930    5.22946    -0.0804    13.8155 0.0000e+00  -60.81533  -56.16100 1153257344 199.885948    34.6531 0.0000e+00
    713.000     0.9483   2.991369     0.9445   2.991240    5.22304    -0.0901    13.8155 0.0000e+00  -60.81533  -56.16100 1153257345 199.885960    34.6541 0.0000e+00
    714.000     0.9530   2.991816     0.9521   2.991992    5.21616    -0.0917    13.8155 0.0000e+00  -60.81533  -56.16100 1153257346 199.885973    34.6540 0.0000e+00
    715.000     0.9541   2.991995     0.9548   2.992304    5.21183    -0.1007    13.8155 0.0000e+00  -60.81533  -56.16100 1153257347 199.885986    34.6548 0.0000e+00
    716.000     0.9547   2.992072     0.9555   2.992405    5.21068    -0.0854    13.8155 0.0000e+00  -60.81533  -56.16100 1153257349 199.886003    34.6550 0.0000e+00
    717.000     0.9542   2.992056     0.9555   2.992450    5.20776    -0.0900    13.8155 0.0000e+00  -60.81533  -56.16100 1153257351 199.886024    34.6551 0.0000e+00
    718.000     0.9538   2.992058     0.9545   2.992392    5.20636    -0.0934    13.8155 0.0000e+00  -60.81533  -56.16100 1153257352 199.886042    34.6552 0.0000e+00
    719.000     0.9513   2.991854     0.9522   2.992241    5.20688    -0.0983    13.8155 0.0000e+00  -60.81533  -56.16100 1153257353 199.886054    34.6549 0.0000e+00
    720.000     0.9491   2.991699     0.9506   2.992116    5.20800    -0.0771    13.8155 0.0000e+00  -60.81533  -56.16100 1153257354 199.886065    34.6551 0.0000e+00
    721.000     0.9510   2.991924     0.9515   2.992236    5.21032    -0.0907    13.8155 0.0000e+00  -60.81533  -56.16100 1153257355 199.886076    34.6552 0.0000e+00
    722.000     0.9454   2.991411     0.9441   2.991623    5.21269    -0.0884    13.8155 0.0000e+00  -60.81533  -56.16100 1153257356 199.886090    34.6545 0.0000e+00
    723.000     0.9429   2.991244     0.9429   2.991526    5.21292    -0.0872    13.8155 0.0000e+00  -60.81533  -56.16100 1153257358 199.886104    34.6547 0.0000e+00
    724.000     0.9399   2.991006     0.9408   2.991370    5.22084    -0.0964    13.8155 0.0000e+00  -60.81533  -56.16100 1153257359 199.886119    34.6546 0.0000e+00
    725.000     0.9414   2.991189     0.9420   2.991527    5.22535    -0.0969    13.8155 0.0000e+00  -60.81533  -56.16100 1153257360 199.886137    34.6547 0.0000e+00
    726.000     0.9457   2.991642     0.9460   2.991950    5.23756    -0.0909    13.8155 0.0000e+00  -60.81533  -56.16100 1153257362 199.886155    34.6551 0.0000e+00
    727.000     0.9339   2.990462     0.9285   2.990483    5.22620    -0.1011    13.8155 0.0000e+00  -60.81533  -56.16100 1153257363 199.886167    34.6520 0.0000e+00
    728.000     0.8579   2.983302     0.8506   2.983185    5.23840    -0.1009    13.8155 0.0000e+00  -60.81533  -56.16100 1153257364 199.886176    34.6459 0.0000e+00
    729.000     0.8641   2.984127     0.8731   2.985177    5.27855    -0.0923    13.8155 0.0000e+00  -60.81533  -56.16100 1153257365 199.886186    34.6498 0.0000e+00
    730.000     0.7853   2.976562     0.7794   2.976911    5.29493    -0.0986    13.8155 0.0000e+00  -60.81533  -56.16100 1153257366 199.886203    34.6403 0.0000e+00
    731.000     0.7889   2.976643     0.8295   2.981497    5.33491    -0.0840    13.8155 0.0000e+00  -60.81533  -56.16100 1153257369 199.886233    34.6340 0.0000e+00
    732.000     0.6694   2.965938     0.6695   2.966416    5.35709    -0.0796    13.8155 0.0000e+00  -60.81533  -56.16100 1153257370 199.886247    34.6328 0.0000e+00
    733.000     0.7072   2.969686     0.7153   2.970606    5.36494    -0.0858    13.8155 0.0000e+00  -60.81533  -56.16100 1153257371 199.886258    34.6376 0.0000e+00
    734.000     0.6800   2.966789     0.6790   2.967436    5.37553    -0.0846    13.8155 0.0000e+00  -60.81533  -56.16100 1153257372 199.886267    34.6282 0.0000e+00
    735.000     0.6728   2.966406     0.6708   2.966601    5.38277    -0.0792    13.8155 0.0000e+00  -60.81533  -56.16100 1153257372 199.886277    34.6317 0.0000e+00
    736.000     0.6646   2.965616     0.6564   2.965321    5.39035    -0.1041    13.8155 0.0000e+00  -60.81533  -56.16100 1153257373 199.886287    34.6292 0.0000e+00
    737.000     0.6652   2.965817     0.6679   2.966377    5.39806    -0.0818    13.8155 0.0000e+00  -60.81533  -56.16100 1153257375 199.886302    34.6305 0.0000e+00
    738.000     0.6673   2.966034     0.6703   2.966737    5.40859    -0.0842    13.8155 0.0000e+00  -60.81533  -56.16100 1153257377 199.886324    34.6293 0.0000e+00
    739.000     0.6656   2.965983     0.6658   2.966325    5.41260    -0.0816    13.8155 0.0000e+00  -60.81533  -56.16100 1153257378 199.886340    34.6297 0.0000e+00
    740.000     0.6777   2.967196     0.6785   2.967550    5.41094    -0.0886    13.8155 0.0000e+00  -60.81533  -56.16100 1153257379 199.886353    34.6305 0.0000e+00
    741.000     0.6782   2.967287     0.6762   2.967424    5.41476    -0.0967    13.8155 0.0000e+00  -60.81533  -56.16100 1153257380 199.886369    34.6305 0.0000e+00
    742.000     0.6746   2.966975     0.6754   2.967395    5.41647    -0.0854    13.8155 0.0000e+00  -60.81533  -56.16100 1153257382 199.886386    34.6297 0.0000e+00
    743.000     0.6819   2.967729     0.6809   2.967950    5.41761    -0.0883    13.8155 0.0000e+00  -60.81533  -56.16100 1153257383 199.886399    34.6306 0.0000e+00
    744.000     0.6803   2.967606     0.6775   2.967698    5.41766    -0.0965    13.8155 0.0000e+00  -60.81533  -56.16100 1153257384 199.886410    34.6299 0.0000e+00
    745.000     0.6754   2.967187     0.6745   2.967446    5.41751    -0.0801    13.8155 0.0000e+00  -60.81533  -56.16100 1153257385 199.886420    34.6295 0.0000e+00
    746.000     0.6698   2.966789     0.6602   2.966206    5.42235    -0.0875    13.8155 0.0000e+00  -60.81533  -56.16100 1153257386 199.886432    34.6296 0.0000e+00
    747.000     0.6466   2.964611     0.6453   2.964829    5.43521    -0.0926    13.8155 0.0000e+00  -60.81533  -56.16100 1153257388 199.886452    34.6275 0.0000e+00
    748.000     0.6427   2.964267     0.6437   2.964707    5.44821    -0.0941    13.8155 0.0000e+00  -60.81533  -56.16100 1153257389 199.886472    34.6268 0.0000e+00
    749.000     0.6204   2.962109     0.6102   2.961701    5.45463    -0.0983    13.8155 0.0000e+00  -60.81533  -56.16100 1153257391 199.886487    34.6233 0.0000e+00
    750.000     0.5969   2.959987     0.5952   2.960297    5.46574    -0.0984    13.8155 0.0000e+00  -60.81533  -56.16100 1153257392 199.886499    34.6218 0.0000e+00
    751.000     0.5435   2.954925     0.5393   2.955227    5.48070    -0.0917    13.8155 0.0000e+00  -60.81533  -56.16100 1153257393 199.886511    34.6157 0.0000e+00
    752.000     0.5194   2.952945     0.5228   2.953664    5.49640    -0.0964    13.8155 0.0000e+00  -60.81533  -56.16100 1153257394 199.886522    34.6178 0.0000e+00
    753.000     0.5181   2.952860     0.5188   2.953296    5.50662    -0.0857    13.8155 0.0000e+00  -60.81533  -56.16100 1153257395 199.886535    34.6165 0.0000e+00
    754.000     0.5175   2.952845     0.5174   2.953218    5.51550    -0.0873    13.8155 0.0000e+00  -60.81533  -56.16100 1153257396 199.886550    34.6163 0.0000e+00
    755.000     0.5169   2.952849     0.5173   2.953262    5.52126    -0.0914    13.8155 0.0000e+00  -60.81533  -56.16100 1153257398 199.886569    34.6159 0.0000e+00
    756.000     0.5141   2.952669     0.5131   2.952981    5.52700    -0.0863    13.8155 0.0000e+00  -60.81533  -56.16100 1153257399 199.886589    34.6156 0.0000e+00
    757.000     0.5110   2.952507     0.5111   2.952864    5.52910    -0.0732    13.8155 0.0000e+00  -60.81533  -56.16100 1153257401 199.886602    34.6164 0.0000e+00
    758.000     0.5165   2.953081     0.5165   2.953458    5.52870    -0.0871    13.8155 0.0000e+00  -60.81533  -56.16100 1153257402 199.886613    34.6165 0.0000e+00
    759.000     0.5167   2.953184     0.5167   2.953519    5.52920    -0.0836    13.8155 0.0000e+00  -60.81533  -56.16100 1153257402 199.886624    34.6171 0.0000e+00
    760.000     0.5168   2.953229     0.5156   2.953511    5.52994    -0.0902    13.8155 0.0000e+00  -60.81533  -56.16100 1153257403 199.886636    34.6167 0.0000e+00
    761.000     0.5096   2.952611     0.5094   2.952966    5.52760    -0.0911    13.8155 0.0000e+00  -60.81533  -56.16100 1153257405 199.886651    34.6162 0.0000e+00
    762.000     0.5097   2.952669     0.5099   2.953044    5.52949    -0.0857    13.8155 0.0000e+00  -60.81533  -56.16100 1153257406 199.886670    34.6160 0.0000e+00
    763.000     0.5080   2.952558     0.5087   2.952966    5.52868    -0.0848    13.8155 0.0000e+00  -60.81533  -56.16100 1153257408 199.886689    34.6159 0.0000e+00
    764.000     0.5281   2.954582     0.5258   2.954618    5.52611    -0.0967    13.8155 0.0000e+00  -60.81533  -56.16100 1153257409 199.886703    34.6187 0.0000e+00
    765.000     0.5321   2.955033     0.5308   2.955169    5.51913    -0.0878    13.8155 0.0000e+00  -60.81533  -56.16100 1153257410 199.886715    34.6194 0.0000e+00
    766.000     0.5609   2.957779     0.5614   2.958030    5.51306    -0.0958    13.8155 0.0000e+00  -60.81533  -56.16100 1153257411 199.886726    34.6217 0.0000e+00
    767.000     0.5660   2.958313     0.5654   2.958590    5.50765    -0.0896    13.8155 0.0000e+00  -60.81533  -56.16100 1153257412 199.886738    34.6219 0.0000e+00
    768.000     0.5670   2.958487     0.5672   2.958835    5.49880    -0.0924    13.8155 0.0000e+00  -60.81533  -56.16100 1153257413 199.886752    34.6227 0.0000e+00
    769.000     0.5674   2.958575     0.5677   2.958936    5.49321    -0.0988    13.8155 0.0000e+00  -60.81533  -56.16100 1153257415 199.886771    34.6229 0.0000e+00
    770.000     0.5672   2.958598     0.5678   2.958980    5.49084    -0.0855    13.8155 0.0000e+00  -60.81533  -56.16100 1153257417 199.886790    34.6231 0.0000e+00
    771.000     0.5694   2.958855     0.5695   2.959171    5.48732    -0.0894    13.8155 0.0000e+00  -60.81533  -56.16100 1153257418 199.886805    34.6234 0.0000e+00
    772.000     0.5796   2.959838     0.5800   2.960171    5.48615    -0.0919    13.8155 0.0000e+00  -60.81533  -56.16100 1153257419 199.886818    34.6240 0.0000e+00
