product_data/regression_test/downloaded_data/MGDS/320620060703/ctd/p6619804.cnv
* Sea-Bird SBE 9 Data File:
* FileName = D:\Data\Raw\p6619804.dat
* Software Version Seasave Win32 V 5.32
* Temperature SN = 1649
* Conductivity SN = 1431
* Number of Bytes Per Scan = 37
* Number of Voltage Words = 5
* Number of Scans Averaged by the Deck Unit = 1
* NMEA Latitude = 60 45.03 S
* NMEA Longitude = 059 14.86 W
* NMEA UTC (Time) = 05:10:09
** Ship:   Nathaniel B. Palmer 
** Cruise:    NBP0606 
# nquan = 15
# nvalues = 992                         
# units = specified
# name 0 = prDM: Pressure, Digiquartz [db]
# name 1 = t090C: Temperature [ITS-90, deg C]
# name 2 = c0S/m: Conductivity [S/m]
# name 3 = t190C: Temperature, 2 [ITS-90, deg C]
# name 4 = c1S/m: Conductivity, 2 [S/m]
# name 5 = sbeox0ML/L: Oxygen, SBE 43 [ml/l]
# name 6 = flECO-AFL: Fluorescence, Wetlab ECO-AFL/FL [mg/m^3]
# name 7 = bat: Beam Attenuation, Chelsea/Seatech/Wetlab CStar [1/m]
# name 8 = spar: SPAR/Surface Irradiance
# name 9 = latitude: Latitude [deg]
# name 10 = longitude: Longitude [deg]
# name 11 = timeY: Time, System [seconds]
# name 12 = timeJ: Julian Days
# name 13 = sal00: Salinity [PSU]
# name 14 = flag: flag
# span 0 =     12.000,   1003.000       
# span 1 =    -1.1745,     2.0199       
# span 2 =   2.725940,   3.071907       
# span 3 =    -1.1752,     2.0204       
# span 4 =   2.726736,   3.072221       
# span 5 =    4.39146,    8.17905       
# span 6 =    -0.1071,     1.0790       
# span 7 =    13.8155,    13.8155       
# span 8 = 0.0000e+00, 0.0000e+00       
# span 9 =  -60.75050,  -60.75050       
# span 10 =  -59.24767,  -59.24767      
# span 11 = 1153890612, 1153892373      
# span 12 = 207.215430, 207.235825      
# span 13 =    33.9298,    34.7275      
# span 14 = 0.0000e+00, 0.0000e+00      
# interval = decibars: 1                
# start_time = Jul 26 2006 05:10:17
# bad_flag = -9.990e-29
*END*
[from data line 868]
    880.000     1.5570   3.056922     1.5571   3.057253    4.76894    -0.0758    13.8155 0.0000e+00  -60.75050  -59.24767 1153892134 207.233059    34.7271 0.0000e+00
    881.000     1.5561   3.056891     1.5563   3.057220    4.77001    -0.0738    13.8155 0.0000e+00  -60.75050  -59.24767 1153892135 207.233070    34.7271 0.0000e+00
    882.000     1.5562   3.056935     1.5561   3.057248    4.77117    -0.0835    13.8155 0.0000e+00  -60.75050  -59.24767 1153892137 207.233094    34.7270 0.0000e+00
    883.000     1.5555   3.056917     1.5554   3.057241    4.77177    -0.0833    13.8155 0.0000e+00  -60.75050  -59.24767 1153892140 207.233122    34.7270 0.0000e+00
    884.000     1.5541   3.056848     1.5542   3.057178    4.77158    -0.0757    13.8155 0.0000e+00  -60.75050  -59.24767 1153892141 207.233132    34.7272 0.0000e+00
    885.000     1.5541   3.056887     1.5541   3.057210    4.77232    -0.0928    13.8155 0.0000e+00  -60.75050  -59.24767 1153892142 207.233141    34.7270 0.0000e+00
    886.000     1.5536   3.056887     1.5536   3.057217    4.77307    -0.0889    13.8155 0.0000e+00  -60.75050  -59.24767 1153892142 207.233151    34.7270 0.0000e+00
    887.000     1.5534   3.056929     1.5535   3.057250    4.77479    -0.0839    13.8155 0.0000e+00  -60.75050  -59.24767 1153892146 207.233189    34.7272 0.0000e+00
    888.000     1.5528   3.056903     1.5526   3.057220    4.77530    -0.0768    13.8155 0.0000e+00  -60.75050  -59.24767 1153892148 207.233211    34.7269 0.0000e+00
    889.000     1.5502   3.056714     1.5501   3.057059    4.77523    -0.0746    13.8155 0.0000e+00  -60.75050  -59.24767 1153892148 207.233220    34.7270 0.0000e+00
    890.000     1.5492   3.056681     1.5490   3.057011    4.77543    -0.0839    13.8155 0.0000e+00  -60.75050  -59.24767 1153892149 207.233227    34.7271 0.0000e+00
    891.000     1.5487   3.056670     1.5487   3.056997    4.77588    -0.0830    13.8155 0.0000e+00  -60.75050  -59.24767 1153892150 207.233235    34.7269 0.0000e+00
    892.000     1.5495   3.056797     1.5493   3.057091    4.77670    -0.0795    13.8155 0.0000e+00  -60.75050  -59.24767 1153892152 207.233264    34.7270 0.0000e+00
    893.000     1.5499   3.056884     1.5491   3.057134    4.77780    -0.0814    13.8155 0.0000e+00  -60.75050  -59.24767 1153892155 207.233299    34.7271 0.0000e+00
    894.000     1.5473   3.056682     1.5473   3.057021    4.77835    -0.0886    13.8155 0.0000e+00  -60.75050  -59.24767 1153892156 207.233309    34.7268 0.0000e+00
    895.000     1.5463   3.056650     1.5463   3.056975    4.78000    -0.0883    13.8155 0.0000e+00  -60.75050  -59.24767 1153892157 207.233320    34.7271 0.0000e+00
    896.000     1.5461   3.056675     1.5462   3.057010    4.77925    -0.0801    13.8155 0.0000e+00  -60.75050  -59.24767 1153892159 207.233338    34.7271 0.0000e+00
    897.000     1.5458   3.056696     1.5458   3.057029    4.77776    -0.0656    13.8155 0.0000e+00  -60.75050  -59.24767 1153892160 207.233357    34.7271 0.0000e+00
    898.000     1.5453   3.056685     1.5453   3.057024    4.77865    -0.0856    13.8155 0.0000e+00  -60.75050  -59.24767 1153892161 207.233369    34.7269 0.0000e+00
    899.000     1.5438   3.056610     1.5439   3.056945    4.77838    -0.0812    13.8155 0.0000e+00  -60.75050  -59.24767 1153892162 207.233382    34.7271 0.0000e+00
    900.000     1.5427   3.056551     1.5426   3.056867    4.77863    -0.0864    13.8155 0.0000e+00  -60.75050  -59.24767 1153892165 207.233412    34.7271 0.0000e+00
    901.000     1.5386   3.056246     1.5384   3.056564    4.77888    -0.0808    13.8155 0.0000e+00  -60.75050  -59.24767 1153892166 207.233427    34.7272 0.0000e+00
    902.000     1.5361   3.056075     1.5362   3.056397    4.78016    -0.0771    13.8155 0.0000e+00  -60.75050  -59.24767 1153892168 207.233442    34.7272 0.0000e+00
    903.000     1.5365   3.056149     1.5356   3.056392    4.78558    -0.0916    13.8155 0.0000e+00  -60.75050  -59.24767 1153892171 207.233477    34.7271 0.0000e+00
    904.000     1.5341   3.055990     1.5341   3.056321    4.78663    -0.0670    13.8155 0.0000e+00  -60.75050  -59.24767 1153892171 207.233487    34.7273 0.0000e+00
    905.000     1.5335   3.055989     1.5335   3.056317    4.78511    -0.0787    13.8155 0.0000e+00  -60.75050  -59.24767 1153892172 207.233496    34.7274 0.0000e+00
    906.000     1.5326   3.055930     1.5325   3.056268    4.78306    -0.0736    13.8155 0.0000e+00  -60.75050  -59.24767 1153892173 207.233503    34.7270 0.0000e+00
    907.000     1.5292   3.055670     1.5289   3.056008    4.78242    -0.0797    13.8155 0.0000e+00  -60.75050  -59.24767 1153892173 207.233511    34.7270 0.0000e+00
    908.000     1.5290   3.055702     1.5291   3.056040    4.78481    -0.0837    13.8155 0.0000e+00  -60.75050  -59.24767 1153892175 207.233532    34.7271 0.0000e+00
    909.000     1.5312   3.055956     1.5307   3.056242    4.78904    -0.0833    13.8155 0.0000e+00  -60.75050  -59.24767 1153892179 207.233580    34.7271 0.0000e+00
    910.000     1.5278   3.055668     1.5277   3.056022    4.78930    -0.0750    13.8155 0.0000e+00  -60.75050  -59.24767 1153892180 207.233588    34.7267 0.0000e+00
    911.000     1.5256   3.055538     1.5256   3.055886    4.78968    -0.0883    13.8155 0.0000e+00  -60.75050  -59.24767 1153892181 207.233598    34.7271 0.0000e+00
    912.000     1.5264   3.055690     1.5254   3.055910    4.78965    -0.0813    13.8155 0.0000e+00  -60.75050  -59.24767 1153892184 207.233630    34.7275 0.0000e+00
    913.000     1.5257   3.055649     1.5251   3.055932    4.78867    -0.0884    13.8155 0.0000e+00  -60.75050  -59.24767 1153892185 207.233646    34.7271 0.0000e+00
    914.000     1.5239   3.055537     1.5239   3.055868    4.78964    -0.0868    13.8155 0.0000e+00  -60.75050  -59.24767 1153892186 207.233656    34.7272 0.0000e+00
    915.000     1.5225   3.055461     1.5226   3.055799    4.78983    -0.0869    13.8155 0.0000e+00  -60.75050  -59.24767 1153892187 207.233667    34.7273 0.0000e+00
    916.000     1.5231   3.055565     1.5229   3.055872    4.79071    -0.0775    13.8155 0.0000e+00  -60.75050  -59.24767 1153892190 207.233702    34.7273 0.0000e+00
    917.000     1.5229   3.055596     1.5227   3.055889    4.79108    -0.0836    13.8155 0.0000e+00  -60.75050  -59.24767 1153892192 207.233721    34.7273 0.0000e+00
    918.000     1.5227   3.055613     1.5228   3.055950    4.79120    -0.0790    13.8155 0.0000e+00  -60.75050  -59.24767 1153892192 207.233731    34.7272 0.0000e+00
    919.000     1.5226   3.055644     1.5226   3.055968    4.79174    -0.0896    13.8155 0.0000e+00  -60.75050  -59.24767 1153892194 207.233743    34.7271 0.0000e+00
    920.000     1.5226   3.055697     1.5228   3.056020    4.79197    -0.0800    13.8155 0.0000e+00  -60.75050  -59.24767 1153892196 207.233773    34.7272 0.0000e+00
    921.000     1.5218   3.055662     1.5217   3.055988    4.79337    -0.0821    13.8155 0.0000e+00  -60.75050  -59.24767 1153892198 207.233798    34.7272 0.0000e+00
    922.000     1.5207   3.055622     1.5209   3.055962    4.79238    -0.0678    13.8155 0.0000e+00  -60.75050  -59.24767 1153892199 207.233809    34.7272 0.0000e+00
    923.000     1.5202   3.055618     1.5203   3.055945    4.79189    -0.0909    13.8155 0.0000e+00  -60.75050  -59.24767 1153892200 207.233819    34.7272 0.0000e+00
    924.000     1.5200   3.055650     1.5202   3.055983    4.79364    -0.0803    13.8155 0.0000e+00  -60.75050  -59.24767 1153892203 207.233852    34.7273 0.0000e+00
    925.000     1.5193   3.055619     1.5188   3.055916    4.79463    -0.0759    13.8155 0.0000e+00  -60.75050  -59.24767 1153892205 207.233874    34.7271 0.0000e+00
    926.000     1.5176   3.055516     1.5176   3.055848    4.79475    -0.0610    13.8155 0.0000e+00  -60.75050  -59.24767 1153892206 207.233883    34.7271 0.0000e+00
    927.000     1.5157   3.055386     1.5154   3.055707    4.79392    -0.0778    13.8155 0.0000e+00  -60.75050  -59.24767 1153892206 207.233891    34.7271 0.0000e+00
    928.000     1.5142   3.055303     1.5143   3.055640    4.79294    -0.0767    13.8155 0.0000e+00  -60.75050  -59.24767 1153892207 207.233902    34.7272 0.0000e+00
    929.000     1.5173   3.055633     1.5166   3.055910    4.79469    -0.0768    13.8155 0.0000e+00  -60.75050  -59.24767 1153892212 207.233957    34.7272 0.0000e+00
    930.000     1.5142   3.055381     1.5141   3.055735    4.79512    -0.0716    13.8155 0.0000e+00  -60.75050  -59.24767 1153892213 207.233964    34.7270 0.0000e+00
    931.000     1.5121   3.055243     1.5122   3.055587    4.79723    -0.0791    13.8155 0.0000e+00  -60.75050  -59.24767 1153892213 207.233973    34.7270 0.0000e+00
    932.000     1.5172   3.055748     1.5158   3.055964    4.79983    -0.0863    13.8155 0.0000e+00  -60.75050  -59.24767 1153892217 207.234020    34.7271 0.0000e+00
    933.000     1.5127   3.055389     1.5126   3.055724    4.79788    -0.0942    13.8155 0.0000e+00  -60.75050  -59.24767 1153892218 207.234028    34.7271 0.0000e+00
    934.000     1.5117   3.055345     1.5117   3.055685    4.79725    -0.0730    13.8155 0.0000e+00  -60.75050  -59.24767 1153892219 207.234035    34.7271 0.0000e+00
    935.000     1.5113   3.055343     1.5112   3.055686    4.79742    -0.0924    13.8155 0.0000e+00  -60.75050  -59.24767 1153892219 207.234042    34.7270 0.0000e+00
    936.000     1.5113   3.055387     1.5112   3.055718    4.79879    -0.0735    13.8155 0.0000e+00  -60.75050  -59.24767 1153892221 207.234064    34.7270 0.0000e+00
    937.000     1.5120   3.055506     1.5121   3.055852    4.80117    -0.0876    13.8155 0.0000e+00  -60.75050  -59.24767 1153892225 207.234109    34.7271 0.0000e+00
    938.000     1.5103   3.055385     1.5102   3.055729    4.80236    -0.0781    13.8155 0.0000e+00  -60.75050  -59.24767 1153892226 207.234116    34.7270 0.0000e+00
    939.000     1.5083   3.055250     1.5080   3.055564    4.80333    -0.0893    13.8155 0.0000e+00  -60.75050  -59.24767 1153892226 207.234124    34.7268 0.0000e+00
    940.000     1.5104   3.055512     1.5096   3.055756    4.80408    -0.0854    13.8155 0.0000e+00  -60.75050  -59.24767 1153892230 207.234172    34.7273 0.0000e+00
    941.000     1.5072   3.055224     1.5064   3.055537    4.80392    -0.0778    13.8155 0.0000e+00  -60.75050  -59.24767 1153892232 207.234187    34.7267 0.0000e+00
    942.000     1.5029   3.054926     1.5027   3.055250    4.80390    -0.0963    13.8155 0.0000e+00  -60.75050  -59.24767 1153892233 207.234196    34.7272 0.0000e+00
    943.000     1.5009   3.054793     1.5006   3.055109    4.80420    -0.1018    13.8155 0.0000e+00  -60.75050  -59.24767 1153892234 207.234206    34.7272 0.0000e+00
    944.000     1.5023   3.054989     1.5022   3.055297    4.80762    -0.0834    13.8155 0.0000e+00  -60.75050  -59.24767 1153892237 207.234250    34.7274 0.0000e+00
    945.000     1.5005   3.054857     1.4992   3.055076    4.80732    -0.0767    13.8155 0.0000e+00  -60.75050  -59.24767 1153892238 207.234261    34.7271 0.0000e+00
    946.000     1.4984   3.054720     1.4984   3.055040    4.80687    -0.0814    13.8155 0.0000e+00  -60.75050  -59.24767 1153892239 207.234270    34.7273 0.0000e+00
    947.000     1.4982   3.054733     1.4981   3.055071    4.80680    -0.1071    13.8155 0.0000e+00  -60.75050  -59.24767 1153892240 207.234279    34.7272 0.0000e+00
    948.000     1.4988   3.054839     1.4985   3.055128    4.80815    -0.0791    13.8155 0.0000e+00  -60.75050  -59.24767 1153892242 207.234305    34.7273 0.0000e+00
    949.000     1.5000   3.054998     1.5002   3.055337    4.80826    -0.0713    13.8155 0.0000e+00  -60.75050  -59.24767 1153892246 207.234353    34.7272 0.0000e+00
    950.000     1.4984   3.054891     1.4980   3.055198    4.80732    -0.0733    13.8155 0.0000e+00  -60.75050  -59.24767 1153892247 207.234361    34.7272 0.0000e+00
    951.000     1.4972   3.054822     1.4971   3.055149    4.80983    -0.0696    13.8155 0.0000e+00  -60.75050  -59.24767 1153892248 207.234370    34.7271 0.0000e+00
    952.000     1.4961   3.054791     1.4962   3.055122    4.81004    -0.0821    13.8155 0.0000e+00  -60.75050  -59.24767 1153892250 207.234396    34.7274 0.0000e+00
    953.000     1.4962   3.054837     1.4965   3.055183    4.80952    -0.0913    13.8155 0.0000e+00  -60.75050  -59.24767 1153892252 207.234420    34.7272 0.0000e+00
    954.000     1.4952   3.054794     1.4951   3.055130    4.80924    -0.0830    13.8155 0.0000e+00  -60.75050  -59.24767 1153892253 207.234429    34.7272 0.0000e+00
    955.000     1.4951   3.054823     1.4951   3.055155    4.81088    -0.0870    13.8155 0.0000e+00  -60.75050  -59.24767 1153892254 207.234438    34.7272 0.0000e+00
    956.000     1.4953   3.054891     1.4955   3.055222    4.81232    -0.0780    13.8155 0.0000e+00  -60.75050  -59.24767 1153892255 207.234459    34.7272 0.0000e+00
    957.000     1.4964   3.055036     1.4962   3.055345    4.81297    -0.0781    13.8155 0.0000e+00  -60.75050  -59.24767 1153892259 207.234507    34.7272 0.0000e+00
    958.000     1.4951   3.054954     1.4949   3.055262    4.81214    -0.0922    13.8155 0.0000e+00  -60.75050  -59.24767 1153892260 207.234516    34.7272 0.0000e+00
    959.000     1.4939   3.054904     1.4939   3.055221    4.80943    -0.0776    13.8155 0.0000e+00  -60.75050  -59.24767 1153892261 207.234527    34.7273 0.0000e+00
    960.000     1.4931   3.054867     1.4933   3.055201    4.80838    -0.0800    13.8155 0.0000e+00  -60.75050  -59.24767 1153892262 207.234542    34.7272 0.0000e+00
    961.000     1.4925   3.054856     1.4925   3.055169    4.81061    -0.0719    13.8155 0.0000e+00  -60.75050  -59.24767 1153892265 207.234567    34.7271 0.0000e+00
    962.000     1.4913   3.054798     1.4913   3.055115    4.81031    -0.0758    13.8155 0.0000e+00  -60.75050  -59.24767 1153892266 207.234587    34.7272 0.0000e+00
    963.000     1.4883   3.054580     1.4884   3.054912    4.81359    -0.0785    13.8155 0.0000e+00  -60.75050  -59.24767 1153892268 207.234602    34.7272 0.0000e+00
    964.000     1.4868   3.054491     1.4869   3.054825    4.81502    -0.0712    13.8155 0.0000e+00  -60.75050  -59.24767 1153892269 207.234616    34.7273 0.0000e+00
    965.000     1.4875   3.054604     1.4879   3.054948    4.81492    -0.0811    13.8155 0.0000e+00  -60.75050  -59.24767 1153892272 207.234651    34.7273 0.0000e+00
    966.000     1.4869   3.054596     1.4868   3.054922    4.81555    -0.0757    13.8155 0.0000e+00  -60.75050  -59.24767 1153892274 207.234672    34.7273 0.0000e+00
    967.000     1.4868   3.054626     1.4867   3.054946    4.81556    -0.0821    13.8155 0.0000e+00  -60.75050  -59.24767 1153892275 207.234682    34.7272 0.0000e+00
    968.000     1.4862   3.054611     1.4862   3.054946    4.81631    -0.0669    13.8155 0.0000e+00  -60.75050  -59.24767 1153892275 207.234691    34.7271 0.0000e+00
    969.000     1.4849   3.054550     1.4850   3.054871    4.81702    -0.0888    13.8155 0.0000e+00  -60.75050  -59.24767 1153892277 207.234714    34.7272 0.0000e+00
    970.000     1.4849   3.054586     1.4850   3.054930    4.81705    -0.1023    13.8155 0.0000e+00  -60.75050  -59.24767 1153892280 207.234739    34.7271 0.0000e+00
    971.000     1.4829   3.054450     1.4827   3.054788    4.81695    -0.0859    13.8155 0.0000e+00  -60.75050  -59.24767 1153892280 207.234749    34.7271 0.0000e+00
    972.000     1.4816   3.054385     1.4816   3.054725    4.81722    -0.0869    13.8155 0.0000e+00  -60.75050  -59.24767 1153892281 207.234758    34.7272 0.0000e+00
    973.000     1.4786   3.054167     1.4786   3.054498    4.81834    -0.0842    13.8155 0.0000e+00  -60.75050  -59.24767 1153892282 207.234768    34.7272 0.0000e+00
    974.000     1.4787   3.054221     1.4781   3.054493    4.82015    -0.0808    13.8155 0.0000e+00  -60.75050  -59.24767 1153892285 207.234801    34.7271 0.0000e+00
