product_data/regression_test/downloaded_data/MGDS/320620060703/ctd/p6610701.ros
* Sea-Bird SBE 9 Data File:
* FileName = D:\Data\Raw\p6610701.dat
* Software Version Seasave Win32 V 5.32
* Temperature SN = 1649
* Conductivity SN = 1431
* Number of Bytes Per Scan = 37
* Number of Voltage Words = 5
* Number of Scans Averaged by the Deck Unit = 1
* NMEA Latitude = 61 11.45 S
* NMEA Longitude = 054 52.55 W
* NMEA UTC (Time) = 22:26:40
** Ship:   Nathaniel B. Palmer 
** Cruise:    NBP0606 
# nquan = 17
# nvalues = 1154                    
# units = specified
# name 0 = prDM: Pressure, Digiquartz [db]
# name 1 = t090C: Temperature [ITS-90, deg C]
# name 2 = c0S/m: Conductivity [S/m]
# name 3 = t190C: Temperature, 2 [ITS-90, deg C]
# name 4 = c1S/m: Conductivity, 2 [S/m]
# name 5 = sbeox0ML/L: Oxygen, SBE 43 [ml/l]
# name 6 = flECO-AFL: Fluorescence, Wetlab ECO-AFL/FL [mg/m^3]
# name 7 = bat: Beam Attenuation, Chelsea/Seatech/Wetlab CStar [1/m]
# name 8 = spar: SPAR/Surface Irradiance
# name 9 = latitude: Latitude [deg]
# name 10 = longitude: Longitude [deg]
# name 11 = timeY: Time, System [seconds]
# name 12 = timeJ: Julian Days
# name 13 = sal00: Salinity [PSU]
# name 14 = scan: scan number
# name 15 = nbf: number of bottles fired
# name 16 = flag:  0.000e+00
# interval = seconds: 0.0416667                   
# start_time = Jul 13 2006 22:26:47
*END*
[from data line 511]
     40.198    -0.6255   2.799096    -0.6263   2.799401    7.37044     0.0650    13.8155 0.0000e+00  -61.19083  -54.87583 1152830090 194.940879    34.2867      11640         11  0.000e+00
     40.265    -0.6257   2.799096    -0.6263   2.799390    7.37054     0.1295    13.8155 0.0000e+00  -61.19083  -54.87583 1152830090 194.940880    34.2870      11641         11  0.000e+00
     40.198    -0.6257   2.799112    -0.6263   2.799372    7.37046     0.1618    13.8155 0.0000e+00  -61.19083  -54.87583 1152830090 194.940880    34.2872      11642         11  0.000e+00
     40.198    -0.6257   2.799099    -0.6263   2.799384    7.37047     0.1618    13.8155 0.0000e+00  -61.19083  -54.87583 1152830090 194.940881    34.2870      11643         11  0.000e+00
     40.198    -0.6252   2.799112    -0.6264   2.799396    7.36573     0.1188    13.8155 0.0000e+00  -61.19083  -54.87583 1152830090 194.940881    34.2867      11644         11  0.000e+00
     40.198    -0.6256   2.799135    -0.6264   2.799390    7.36577     0.1188    13.8155 0.0000e+00  -61.19083  -54.87583 1152830090 194.940882    34.2874      11645         11  0.000e+00
     40.198    -0.6254   2.799122    -0.6266   2.799372    7.37041     0.1295    13.8155 0.0000e+00  -61.19083  -54.87583 1152830090 194.940882    34.2870      11646         11  0.000e+00
     40.132    -0.6254   2.799168    -0.6266   2.799401    7.37031     0.1295    13.8155 0.0000e+00  -61.19083  -54.87583 1152830090 194.940883    34.2877      11647         11  0.000e+00
     40.132    -0.6252   2.799168    -0.6268   2.799361    7.37029     0.0972    13.8155 0.0000e+00  -61.19083  -54.87583 1152830090 194.940883    34.2875      11648         11  0.000e+00
     40.132    -0.6251   2.799145    -0.6257   2.799396    7.37028     0.0650    13.8155 0.0000e+00  -61.19083  -54.87583 1152830090 194.940883    34.2870      11649         11  0.000e+00
     40.132    -0.6249   2.799175    -0.6257   2.799425    7.37024     0.1188    13.8155 0.0000e+00  -61.19083  -54.87583 1152830090 194.940884    34.2872      11650         11  0.000e+00
     40.122    -0.6245   2.799168    -0.6253   2.799454    7.37018     0.0972    13.8155 0.0000e+00  -61.19083  -54.87583 1152830091 194.940884    34.2867      11651         11  0.000e+00
     40.132    -0.6245   2.799178    -0.6252   2.799454    7.37017     0.0865    13.8155 0.0000e+00  -61.19083  -54.87583 1152830091 194.940885    34.2868      11652         11  0.000e+00
     40.055    -0.6248   2.799168    -0.6258   2.799442    7.37014     0.0650    13.8155 0.0000e+00  -61.19083  -54.87583 1152830091 194.940885    34.2870      11653         12  0.000e+00
     40.132    -0.6243   2.799145    -0.6258   2.799448    7.37017     0.0757    13.8155 0.0000e+00  -61.19083  -54.87583 1152830091 194.940886    34.2861      11654         12  0.000e+00
     40.055    -0.6241   2.799158    -0.6257   2.799442    7.37006     0.1188    13.8155 0.0000e+00  -61.19083  -54.87583 1152830091 194.940886    34.2862      11655         12  0.000e+00
     40.055    -0.6241   2.799178    -0.6257   2.799448    7.37003     0.0972    13.8155 0.0000e+00  -61.19083  -54.87583 1152830091 194.940887    34.2864      11656         12  0.000e+00
     39.989    -0.6241   2.799168    -0.6255   2.799442    7.36998     0.0865    13.8155 0.0000e+00  -61.19083  -54.87583 1152830091 194.940887    34.2864      11657         12  0.000e+00
     40.055    -0.6243   2.799165    -0.6250   2.799448    7.37008     0.1188    13.8155 0.0000e+00  -61.19083  -54.87583 1152830091 194.940888    34.2864      11658         12  0.000e+00
     40.055    -0.6245   2.799145    -0.6260   2.799460    7.37011     0.1618    13.8155 0.0000e+00  -61.19083  -54.87583 1152830091 194.940888    34.2864      11659         12  0.000e+00
     39.989    -0.6246   2.799172    -0.6253   2.799454    7.37005     0.1403    13.8155 0.0000e+00  -61.19083  -54.87583 1152830091 194.940889    34.2869      11660         12  0.000e+00
     39.989    -0.6243   2.799152    -0.6250   2.799454    7.37002     0.1295    13.8155 0.0000e+00  -61.19083  -54.87583 1152830091 194.940889    34.2863      11661         12  0.000e+00
     39.989    -0.6242   2.799158    -0.6257   2.799442    7.37000     0.1188    13.8155 0.0000e+00  -61.19083  -54.87583 1152830091 194.940890    34.2863      11662         12  0.000e+00
     39.989    -0.6243   2.799165    -0.6253   2.799471    7.37001     0.0972    13.8155 0.0000e+00  -61.19083  -54.87583 1152830091 194.940890    34.2865      11663         12  0.000e+00
     39.922    -0.6245   2.799145    -0.6252   2.799448    7.36998     0.0865    13.8155 0.0000e+00  -61.19083  -54.87583 1152830091 194.940891    34.2864      11664         12  0.000e+00
     39.989    -0.6241   2.799142    -0.6252   2.799471    7.37000     0.0865    13.8155 0.0000e+00  -61.19083  -54.87583 1152830091 194.940891    34.2860      11665         12  0.000e+00
     39.922    -0.6248   2.799158    -0.6252   2.799465    7.37001     0.0865    13.8155 0.0000e+00  -61.19083  -54.87583 1152830091 194.940892    34.2870      11666         12  0.000e+00
     39.846    -0.6244   2.799165    -0.6253   2.799477    7.36987     0.1080    13.8155 0.0000e+00  -61.19083  -54.87583 1152830091 194.940892    34.2867      11667         12  0.000e+00
     39.922    -0.6243   2.799165    -0.6252   2.799465    7.36994     0.1510    13.8155 0.0000e+00  -61.19083  -54.87583 1152830091 194.940893    34.2865      11668         12  0.000e+00
     39.922    -0.6245   2.799165    -0.6253   2.799494    7.36996     0.1403    13.8155 0.0000e+00  -61.19083  -54.87583 1152830091 194.940893    34.2867      11669         12  0.000e+00
     39.846    -0.6243   2.799165    -0.6253   2.799494    7.36986     0.1188    13.8155 0.0000e+00  -61.19083  -54.87583 1152830091 194.940894    34.2866      11670         12  0.000e+00
     39.846    -0.6246   2.799129    -0.6254   2.799483    7.36993     0.1188    13.8155 0.0000e+00  -61.19083  -54.87583 1152830091 194.940894    34.2864      11671         12  0.000e+00
     39.846    -0.6248   2.799099    -0.6250   2.799465    7.36999     0.0650    13.8155 0.0000e+00  -61.19083  -54.87583 1152830091 194.940895    34.2863      11672         12  0.000e+00
     39.779    -0.6246   2.799129    -0.6252   2.799477    7.36986     0.0757    13.8155 0.0000e+00  -61.19083  -54.87583 1152830091 194.940895    34.2865      11673         12  0.000e+00
     39.846    -0.6245   2.799122    -0.6252   2.799489    7.36991     0.0757    13.8155 0.0000e+00  -61.19083  -54.87583 1152830092 194.940896    34.2862      11674         12  0.000e+00
     39.779    -0.6251   2.799119    -0.6257   2.799500    7.36994     0.0865    13.8155 0.0000e+00  -61.19083  -54.87583 1152830092 194.940896    34.2869      11675         12  0.000e+00
     39.779    -0.6249   2.799099    -0.6258   2.799494    7.36993     0.1188    13.8155 0.0000e+00  -61.19083  -54.87583 1152830092 194.940897    34.2864      11676         12  0.000e+00
     39.712    -0.6249   2.799129    -0.6249   2.799500    7.36984     0.1188    13.8155 0.0000e+00  -61.19083  -54.87583 1152830092 194.940897    34.2869      11677         12  0.000e+00
     39.779    -0.6250   2.799142    -0.6252   2.799471    7.36991     0.0972    13.8155 0.0000e+00  -61.19083  -54.87583 1152830092 194.940897    34.2871      11678         12  0.000e+00
     39.712    -0.6249   2.799105    -0.6252   2.799494    7.36986     0.0757    13.8155 0.0000e+00  -61.19083  -54.87583 1152830092 194.940898    34.2866      11679         12  0.000e+00
     39.712    -0.6246   2.799095    -0.6255   2.799454    7.36982     0.1188    13.8155 0.0000e+00  -61.19083  -54.87583 1152830092 194.940898    34.2861      11680         12  0.000e+00
     39.703    -0.6255   2.799112    -0.6257   2.799471    7.36994     0.1295    13.8155 0.0000e+00  -61.19083  -54.87583 1152830092 194.940899    34.2874      11681         12  0.000e+00
     39.712    -0.6254   2.799119    -0.6253   2.799483    7.36991     0.1188    13.8155 0.0000e+00  -61.19083  -54.87583 1152830092 194.940899    34.2873      11682         12  0.000e+00
     39.636    -0.6245   2.799119    -0.6251   2.799465    7.36971     0.1080    13.8155 0.0000e+00  -61.19083  -54.87583 1152830092 194.940900    34.2863      11683         12  0.000e+00
     39.712    -0.6246   2.799119    -0.6255   2.799477    7.36980     0.1080    13.8155 0.0000e+00  -61.19083  -54.87583 1152830092 194.940900    34.2864      11684         12  0.000e+00
     39.636    -0.6249   2.799119    -0.6249   2.799448    7.36977     0.0972    13.8155 0.0000e+00  -61.19083  -54.87583 1152830092 194.940901    34.2868      11685         12  0.000e+00
     39.569    -0.6246   2.799119    -0.6252   2.799489    7.37432     0.1080    13.8155 0.0000e+00  -61.19083  -54.87583 1152830092 194.940901    34.2865      11686         12  0.000e+00
     39.636    -0.6252   2.799099    -0.6257   2.799471    7.37449     0.0865    13.8155 0.0000e+00  -61.19083  -54.87583 1152830092 194.940902    34.2869      11687         12  0.000e+00
     39.569    -0.6251   2.799079    -0.6253   2.799494    7.37441     0.0865    13.8155 0.0000e+00  -61.19083  -54.87583 1152830092 194.940902    34.2865      11688         12  0.000e+00
     39.569    -0.6255   2.799105    -0.6253   2.799471    7.37445     0.0757    13.8155 0.0000e+00  -61.19083  -54.87583 1152830092 194.940903    34.2873      11689         12  0.000e+00
     39.569    -0.6254   2.799069    -0.6247   2.799477    7.37447     0.0434    13.8155 0.0000e+00  -61.19083  -54.87583 1152830092 194.940903    34.2867      11690         12  0.000e+00
     39.569    -0.6254   2.799119    -0.6253   2.799465    7.37443     0.0434    13.8155 0.0000e+00  -61.19083  -54.87583 1152830092 194.940904    34.2873      11691         12  0.000e+00
     39.503    -0.6252   2.799092    -0.6253   2.799454    7.37436     0.1188    13.8155 0.0000e+00  -61.19083  -54.87583 1152830092 194.940904    34.2869      11692         12  0.000e+00
     39.503    -0.6254   2.799089    -0.6252   2.799459    7.37438     0.1080    13.8155 0.0000e+00  -61.19083  -54.87583 1152830092 194.940905    34.2870      11693         12  0.000e+00
     39.503    -0.6251   2.799095    -0.6249   2.799454    7.37435     0.0972    13.8155 0.0000e+00  -61.19083  -54.87583 1152830092 194.940905    34.2868      11694         12  0.000e+00
     39.503    -0.6252   2.799112    -0.6253   2.799506    7.37435     0.1188    13.8155 0.0000e+00  -61.19083  -54.87583 1152830092 194.940906    34.2871      11695         12  0.000e+00
     39.426    -0.6252   2.799099    -0.6253   2.799471    7.37428     0.1403    13.8155 0.0000e+00  -61.19083  -54.87583 1152830092 194.940906    34.2870      11696         12  0.000e+00
     39.426    -0.6254   2.799079    -0.6255   2.799459    7.36965     0.1080    13.8155 0.0000e+00  -61.19083  -54.87583 1152830092 194.940907    34.2869      11697         12  0.000e+00
     39.426    -0.6251   2.799105    -0.6255   2.799454    7.37425     0.0542    13.8155 0.0000e+00  -61.19083  -54.87583 1152830093 194.940907    34.2869      11698         12  0.000e+00
     39.426    -0.6252   2.799085    -0.6253   2.799483    7.37429     0.0757    13.8155 0.0000e+00  -61.19083  -54.87583 1152830093 194.940908    34.2868      11699         12  0.000e+00
     39.350    -0.6253   2.799089    -0.6250   2.799483    7.37421     0.1295    13.8155 0.0000e+00  -61.19083  -54.87583 1152830093 194.940908    34.2870      11700         12  0.000e+00
     30.257    -0.6378   2.797611    -0.6364   2.798073    7.37705     0.0865    13.8155 0.0000e+00  -61.19083  -54.87583 1152830124 194.941271    34.2869      12452         13  0.000e+00
     30.181    -0.6378   2.797598    -0.6365   2.798050    7.37697     0.0865    13.8155 0.0000e+00  -61.19083  -54.87583 1152830124 194.941271    34.2867      12453         13  0.000e+00
     30.381    -0.6378   2.797588    -0.6369   2.798044    7.37719     0.0542    13.8155 0.0000e+00  -61.19083  -54.87583 1152830124 194.941272    34.2864      12454         13  0.000e+00
     30.048    -0.6376   2.797621    -0.6366   2.798067    7.38146     0.0757    13.8155 0.0000e+00  -61.19083  -54.87583 1152830124 194.941272    34.2869      12455         13  0.000e+00
     30.324    -0.6375   2.797635    -0.6361   2.798073    7.37705     0.0650    13.8155 0.0000e+00  -61.19083  -54.87583 1152830124 194.941273    34.2868      12456         13  0.000e+00
     30.324    -0.6378   2.797618    -0.6364   2.798050    7.37711     0.0865    13.8155 0.0000e+00  -61.19083  -54.87583 1152830124 194.941273    34.2869      12457         13  0.000e+00
     30.248    -0.6378   2.797591    -0.6370   2.798044    7.37705     0.1618    13.8155 0.0000e+00  -61.19083  -54.87583 1152830124 194.941274    34.2866      12458         13  0.000e+00
     30.257    -0.6372   2.797605    -0.6367   2.798067    7.37696     0.1403    13.8155 0.0000e+00  -61.19083  -54.87583 1152830124 194.941274    34.2861      12459         13  0.000e+00
     30.181    -0.6378   2.797591    -0.6362   2.798073    7.37698     0.1080    13.8155 0.0000e+00  -61.19083  -54.87583 1152830124 194.941275    34.2866      12460         13  0.000e+00
     30.257    -0.6376   2.797605    -0.6356   2.798091    7.38169     0.1080    13.8155 0.0000e+00  -61.19083  -54.87583 1152830124 194.941275    34.2866      12461         13  0.000e+00
     30.248    -0.6376   2.797562    -0.6355   2.798096    7.38171     0.0972    13.8155 0.0000e+00  -61.19083  -54.87583 1152830124 194.941276    34.2860      12462         13  0.000e+00
     30.181    -0.6376   2.797595    -0.6358   2.798096    7.37696     0.1188    13.8155 0.0000e+00  -61.19083  -54.87583 1152830124 194.941276    34.2865      12463         13  0.000e+00
     30.257    -0.6378   2.797644    -0.6362   2.798079    7.37702     0.0865    13.8155 0.0000e+00  -61.19083  -54.87583 1152830124 194.941277    34.2873      12464         13  0.000e+00
     30.172    -0.6375   2.797588    -0.6364   2.798091    7.37693     0.0865    13.8155 0.0000e+00  -61.19083  -54.87583 1152830124 194.941277    34.2862      12465         13  0.000e+00
     30.181    -0.6379   2.797598    -0.6368   2.798062    7.37700     0.1080    13.8155 0.0000e+00  -61.19083  -54.87583 1152830125 194.941277    34.2869      12466         13  0.000e+00
     30.257    -0.6376   2.797628    -0.6364   2.798067    7.37701     0.0865    13.8155 0.0000e+00  -61.19083  -54.87583 1152830125 194.941278    34.2869      12467         13  0.000e+00
     30.181    -0.6372   2.797618    -0.6359   2.798137    7.37687     0.0865    13.8155 0.0000e+00  -61.19083  -54.87583 1152830125 194.941278    34.2863      12468         13  0.000e+00
     30.172    -0.6379   2.797595    -0.6358   2.798131    7.37699     0.1510    13.8155 0.0000e+00  -61.19083  -54.87583 1152830125 194.941279    34.2869      12469         13  0.000e+00
     30.181    -0.6378   2.797572    -0.6353   2.798149    7.37700     0.0972    13.8155 0.0000e+00  -61.19083  -54.87583 1152830125 194.941279    34.2864      12470         13  0.000e+00
     30.181    -0.6375   2.797582    -0.6349   2.798195    7.37694     0.0865    13.8155 0.0000e+00  -61.19083  -54.87583 1152830125 194.941280    34.2861      12471         13  0.000e+00
     30.181    -0.6375   2.797605    -0.6353   2.798149    7.37693     0.1080    13.8155 0.0000e+00  -61.19083  -54.87583 1152830125 194.941280    34.2865      12472         13  0.000e+00
     30.172    -0.6376   2.797611    -0.6354   2.798166    7.37693     0.0865    13.8155 0.0000e+00  -61.19083  -54.87583 1152830125 194.941281    34.2867      12473         13  0.000e+00
     30.257    -0.6373   2.797611    -0.6352   2.798178    7.37698     0.1080    13.8155 0.0000e+00  -61.19083  -54.87583 1152830125 194.941281    34.2863      12474         13  0.000e+00
