product_data/regression_test/downloaded_data/MGDS/320620060703/ctd/p6618701.ros
* Sea-Bird SBE 9 Data File:
* FileName = D:\Data\Raw\p6618701.dat
* Software Version Seasave Win32 V 5.32
* Temperature SN = 1649
* Conductivity SN = 1431
* Number of Bytes Per Scan = 37
* Number of Voltage Words = 5
* Number of Scans Averaged by the Deck Unit = 1
* NMEA Latitude = 60 48.00 S
* NMEA Longitude = 054 14.73 W
* NMEA UTC (Time) = 02:15:03
** Ship:   Nathaniel B. Palmer 
** Cruise:    NBP0606 
# nquan = 17
# nvalues = 1176                    
# units = specified
# name 0 = prDM: Pressure, Digiquartz [db]
# name 1 = t090C: Temperature [ITS-90, deg C]
# name 2 = c0S/m: Conductivity [S/m]
# name 3 = t190C: Temperature, 2 [ITS-90, deg C]
# name 4 = c1S/m: Conductivity, 2 [S/m]
# name 5 = sbeox0ML/L: Oxygen, SBE 43 [ml/l]
# name 6 = flECO-AFL: Fluorescence, Wetlab ECO-AFL/FL [mg/m^3]
# name 7 = bat: Beam Attenuation, Chelsea/Seatech/Wetlab CStar [1/m]
# name 8 = spar: SPAR/Surface Irradiance
# name 9 = latitude: Latitude [deg]
# name 10 = longitude: Longitude [deg]
# name 11 = timeY: Time, System [seconds]
# name 12 = timeJ: Julian Days
# name 13 = sal00: Salinity [PSU]
# name 14 = scan: scan number
# name 15 = nbf: number of bottles fired
# name 16 = flag:  0.000e+00
# interval = seconds: 0.0416667                   
# start_time = Jul 23 2006 02:15:11
*END*
[from data line 426]
    300.421     0.2838   2.903449     0.3030   2.905280    5.94470    -0.0857    13.8155 0.0000e+00  -60.80000  -54.24550 1153625880 204.151407    34.4937     119294          9  0.000e+00
    300.488     0.2907   2.903943     0.3026   2.905297    5.93894    -0.0319    13.8155 0.0000e+00  -60.80000  -54.24550 1153625880 204.151407    34.4924     119295          9  0.000e+00
    300.450     0.2960   2.904343     0.3038   2.905321    5.94278    -0.0319    13.8155 0.0000e+00  -60.80000  -54.24550 1153625880 204.151408    34.4918     119296          9  0.000e+00
    300.488     0.2996   2.904440     0.3051   2.905445    5.93762    -0.1072    13.8155 0.0000e+00  -60.80000  -54.24550 1153625880 204.151408    34.4890     119297          9  0.000e+00
    300.488     0.3007   2.904423     0.3060   2.905592    5.94221    -0.0964    13.8155 0.0000e+00  -60.80000  -54.24550 1153625880 204.151409    34.4875     119298          9  0.000e+00
    300.488     0.3000   2.904410     0.3074   2.905686    5.94230    -0.0642    13.8155 0.0000e+00  -60.80000  -54.24550 1153625880 204.151409    34.4881     119299          9  0.000e+00
    300.450     0.2998   2.904450     0.3078   2.905686    5.94227    -0.0857    13.8155 0.0000e+00  -60.80000  -54.24550 1153625880 204.151410    34.4890     119300          9  0.000e+00
    300.488     0.2994   2.904528     0.3074   2.905616    5.93759    -0.0857    13.8155 0.0000e+00  -60.80000  -54.24550 1153625880 204.151410    34.4904     119301          9  0.000e+00
    300.555     0.2998   2.904608     0.3069   2.905539    5.93756    -0.0534    13.8155 0.0000e+00  -60.80000  -54.24550 1153625880 204.151411    34.4910     119302          9  0.000e+00
    300.517     0.2994   2.904662     0.3067   2.905539    5.94226    -0.0642    13.8155 0.0000e+00  -60.80000  -54.24550 1153625880 204.151411    34.4921     119303          9  0.000e+00
    300.488     0.3001   2.904787     0.3060   2.905509    5.93737    -0.1072    13.8155 0.0000e+00  -60.80000  -54.24550 1153625880 204.151412    34.4930     119304          9  0.000e+00
    300.488     0.3028   2.904955     0.3067   2.905509    5.93695    -0.0964    13.8155 0.0000e+00  -60.80000  -54.24550 1153625880 204.151412    34.4921     119305          9  0.000e+00
    300.555     0.3033   2.904988     0.3063   2.905498    5.93693    -0.0749    13.8155 0.0000e+00  -60.80000  -54.24550 1153625880 204.151413    34.4920     119306          9  0.000e+00
    300.517     0.3043   2.905099     0.3056   2.905445    5.93673    -0.0319    13.8155 0.0000e+00  -60.80000  -54.24550 1153625880 204.151413    34.4924     119307          9  0.000e+00
    300.555     0.3061   2.905240     0.3044   2.905356    5.93646    -0.0749    13.8155 0.0000e+00  -60.80000  -54.24550 1153625880 204.151413    34.4921     119308          9  0.000e+00
    300.557     0.3088   2.905536     0.3093   2.905851    5.92656    -0.0534    13.8155 0.0000e+00  -60.80000  -54.24550 1153625886 204.151476    34.4931     119437         10  0.000e+00
    300.490     0.3088   2.905519     0.3091   2.905845    5.93123    -0.0211    13.8155 0.0000e+00  -60.80000  -54.24550 1153625886 204.151476    34.4929     119438         10  0.000e+00
    300.423     0.3085   2.905499     0.3095   2.905863    5.93122    -0.0857    13.8155 0.0000e+00  -60.80000  -54.24550 1153625886 204.151477    34.4930     119439         10  0.000e+00
    300.518     0.3089   2.905506     0.3095   2.905893    5.93124    -0.1287    13.8155 0.0000e+00  -60.80000  -54.24550 1153625886 204.151477    34.4925     119440         10  0.000e+00
    300.490     0.3088   2.905519     0.3087   2.905875    5.92651    -0.1072    13.8155 0.0000e+00  -60.80000  -54.24550 1153625886 204.151478    34.4929     119441         10  0.000e+00
    300.490     0.3086   2.905530     0.3092   2.905851    5.92653    -0.0426    13.8155 0.0000e+00  -60.80000  -54.24550 1153625886 204.151478    34.4932     119442         10  0.000e+00
    300.451     0.3088   2.905543     0.3093   2.905845    5.92647    -0.0426    13.8155 0.0000e+00  -60.80000  -54.24550 1153625886 204.151479    34.4932     119443         10  0.000e+00
    300.490     0.3082   2.905516     0.3091   2.905869    5.92659    -0.0857    13.8155 0.0000e+00  -60.80000  -54.24550 1153625886 204.151479    34.4935     119444         10  0.000e+00
    300.490     0.3088   2.905509     0.3091   2.905869    5.92652    -0.0749    13.8155 0.0000e+00  -60.80000  -54.24550 1153625886 204.151480    34.4927     119445         10  0.000e+00
    300.490     0.3083   2.905519     0.3094   2.905851    5.92657    -0.0211    13.8155 0.0000e+00  -60.80000  -54.24550 1153625886 204.151480    34.4934     119446         10  0.000e+00
    300.451     0.3086   2.905479     0.3089   2.905845    5.92652    -0.0319    13.8155 0.0000e+00  -60.80000  -54.24550 1153625886 204.151481    34.4926     119447         10  0.000e+00
    300.490     0.3089   2.905526     0.3095   2.905845    5.92649    -0.0426    13.8155 0.0000e+00  -60.80000  -54.24550 1153625886 204.151481    34.4928     119448         10  0.000e+00
    300.490     0.3089   2.905516     0.3091   2.905845    5.92649    -0.0642    13.8155 0.0000e+00  -60.80000  -54.24550 1153625886 204.151481    34.4926     119449         10  0.000e+00
    300.451     0.3089   2.905482     0.3091   2.905863    5.92648    -0.1072    13.8155 0.0000e+00  -60.80000  -54.24550 1153625886 204.151482    34.4923     119450         10  0.000e+00
    300.490     0.3086   2.905486     0.3095   2.905851    5.92655    -0.1287    13.8155 0.0000e+00  -60.80000  -54.24550 1153625886 204.151482    34.4926     119451         10  0.000e+00
    300.423     0.3089   2.905489     0.3091   2.905845    5.92646    -0.1180    13.8155 0.0000e+00  -60.80000  -54.24550 1153625886 204.151483    34.4924     119452         10  0.000e+00
    300.490     0.3086   2.905479     0.3091   2.905845    5.92655    -0.0857    13.8155 0.0000e+00  -60.80000  -54.24550 1153625886 204.151483    34.4925     119453         10  0.000e+00
    300.518     0.3082   2.905432     0.3091   2.905822    5.92666    -0.1180    13.8155 0.0000e+00  -60.80000  -54.24550 1153625887 204.151484    34.4924     119454         10  0.000e+00
    300.490     0.3083   2.905496     0.3094   2.905816    5.92658    -0.1072    13.8155 0.0000e+00  -60.80000  -54.24550 1153625887 204.151484    34.4931     119455         10  0.000e+00
    300.423     0.3085   2.905496     0.3091   2.905857    5.92651    -0.0964    13.8155 0.0000e+00  -60.80000  -54.24550 1153625887 204.151485    34.4930     119456         10  0.000e+00
    300.518     0.3083   2.905459     0.3092   2.905834    5.92663    -0.0749    13.8155 0.0000e+00  -60.80000  -54.24550 1153625887 204.151485    34.4926     119457         10  0.000e+00
    300.490     0.3089   2.905493     0.3090   2.905816    5.92179    -0.0642    13.8155 0.0000e+00  -60.80000  -54.24550 1153625887 204.151486    34.4923     119458         10  0.000e+00
    300.490     0.3083   2.905476     0.3086   2.905816    5.92188    -0.0964    13.8155 0.0000e+00  -60.80000  -54.24550 1153625887 204.151486    34.4928     119459         10  0.000e+00
    300.423     0.3086   2.905489     0.3091   2.905816    5.92178    -0.1072    13.8155 0.0000e+00  -60.80000  -54.24550 1153625887 204.151487    34.4927     119460         10  0.000e+00
    300.585     0.3080   2.905439     0.3088   2.905798    5.92673    -0.0749    13.8155 0.0000e+00  -60.80000  -54.24550 1153625887 204.151487    34.4926     119461         10  0.000e+00
    300.490     0.3085   2.905442     0.3084   2.905810    5.92659    -0.0642    13.8155 0.0000e+00  -60.80000  -54.24550 1153625887 204.151488    34.4922     119462         10  0.000e+00
    300.490     0.3083   2.905425     0.3088   2.905798    5.92662    -0.0319    13.8155 0.0000e+00  -60.80000  -54.24550 1153625887 204.151488    34.4922     119463         10  0.000e+00
    300.451     0.3080   2.905459     0.3085   2.905769    5.92189    -0.0211    13.8155 0.0000e+00  -60.80000  -54.24550 1153625887 204.151489    34.4930     119464         10  0.000e+00
    300.557     0.3082   2.905449     0.3088   2.905786    5.92197    -0.0642    13.8155 0.0000e+00  -60.80000  -54.24550 1153625887 204.151489    34.4926     119465         10  0.000e+00
    300.490     0.3078   2.905422     0.3082   2.905745    5.92196    -0.1072    13.8155 0.0000e+00  -60.80000  -54.24550 1153625887 204.151490    34.4926     119466         10  0.000e+00
    300.519     0.3078   2.905408     0.3085   2.905757    5.92199    -0.1072    13.8155 0.0000e+00  -60.80000  -54.24550 1153625887 204.151490    34.4924     119467         10  0.000e+00
    300.490     0.3080   2.905415     0.3085   2.905763    5.92195    -0.0749    13.8155 0.0000e+00  -60.80000  -54.24550 1153625887 204.151491    34.4924     119468         10  0.000e+00
    300.490     0.3082   2.905442     0.3082   2.905763    5.92191    -0.0426    13.8155 0.0000e+00  -60.80000  -54.24550 1153625887 204.151491    34.4926     119469         10  0.000e+00
    300.557     0.3075   2.905462     0.3081   2.905786    5.92203    -0.0857    13.8155 0.0000e+00  -60.80000  -54.24550 1153625887 204.151492    34.4935     119470         10  0.000e+00
    300.519     0.3080   2.905419     0.3082   2.905786    5.92197    -0.0534    13.8155 0.0000e+00  -60.80000  -54.24550 1153625887 204.151492    34.4924     119471         10  0.000e+00
    300.490     0.3072   2.905378     0.3085   2.905769    5.92206    -0.0857    13.8155 0.0000e+00  -60.80000  -54.24550 1153625887 204.151493    34.4928     119472         10  0.000e+00
    300.557     0.3074   2.905388     0.3086   2.905739    5.92209    -0.0964    13.8155 0.0000e+00  -60.80000  -54.24550 1153625887 204.151493    34.4927     119473         10  0.000e+00
    300.519     0.3074   2.905385     0.3076   2.905716    5.92206    -0.0642    13.8155 0.0000e+00  -60.80000  -54.24550 1153625887 204.151494    34.4927     119474         10  0.000e+00
    300.557     0.3069   2.905392     0.3077   2.905704    5.92215    -0.1072    13.8155 0.0000e+00  -60.80000  -54.24550 1153625887 204.151494    34.4932     119475         10  0.000e+00
    300.557     0.3077   2.905402     0.3071   2.905710    5.92205    -0.1072    13.8155 0.0000e+00  -60.80000  -54.24550 1153625887 204.151495    34.4925     119476         10  0.000e+00
    300.557     0.3075   2.905378     0.3074   2.905704    5.92208    -0.0642    13.8155 0.0000e+00  -60.80000  -54.24550 1153625887 204.151495    34.4924     119477         10  0.000e+00
    300.586     0.3078   2.905388     0.3073   2.905727    5.92206    -0.0211    13.8155 0.0000e+00  -60.80000  -54.24550 1153625888 204.151495    34.4921     119478         10  0.000e+00
    300.557     0.3077   2.905419     0.3075   2.905733    5.92204    -0.0426    13.8155 0.0000e+00  -60.80000  -54.24550 1153625888 204.151496    34.4927     119479         10  0.000e+00
    300.557     0.3075   2.905402     0.3076   2.905716    5.92207    -0.0104    13.8155 0.0000e+00  -60.80000  -54.24550 1153625888 204.151496    34.4927     119480         10  0.000e+00
    300.586     0.3077   2.905385     0.3077   2.905704    5.92208    -0.0534    13.8155 0.0000e+00  -60.80000  -54.24550 1153625888 204.151497    34.4923     119481         10  0.000e+00
    300.557     0.3074   2.905392     0.3076   2.905710    5.92209    -0.0857    13.8155 0.0000e+00  -60.80000  -54.24550 1153625888 204.151497    34.4927     119482         10  0.000e+00
    300.633     0.3077   2.905419     0.3072   2.905704    5.91739    -0.1287    13.8155 0.0000e+00  -60.80000  -54.24550 1153625888 204.151498    34.4927     119483         10  0.000e+00
    300.557     0.3077   2.905419     0.3078   2.905727    5.92204    -0.0749    13.8155 0.0000e+00  -60.80000  -54.24550 1153625888 204.151498    34.4927     119484         10  0.000e+00
    300.586     0.3074   2.905398     0.3074   2.905710    5.92211    -0.0642    13.8155 0.0000e+00  -60.80000  -54.24550 1153625888 204.151499    34.4928     119485         10  0.000e+00
    201.159    -0.0324   2.865841    -0.0224   2.867070    6.35271    -0.0642    13.8155 0.0000e+00  -60.80000  -54.24550 1153626030 204.153148    34.4117     122905         11  0.000e+00
    200.987    -0.0306   2.865938    -0.0228   2.866970    6.35228    -0.0642    13.8155 0.0000e+00  -60.80000  -54.24550 1153626030 204.153149    34.4111     122906         11  0.000e+00
    201.083    -0.0306   2.865995    -0.0227   2.866894    6.35701    -0.0749    13.8155 0.0000e+00  -60.80000  -54.24550 1153626030 204.153149    34.4117     122907         11  0.000e+00
    201.016    -0.0306   2.866062    -0.0226   2.866941    6.35692    -0.0319    13.8155 0.0000e+00  -60.80000  -54.24550 1153626030 204.153150    34.4127     122908         11  0.000e+00
    201.131    -0.0300   2.866162    -0.0232   2.866947    6.35689    -0.0534    13.8155 0.0000e+00  -60.80000  -54.24550 1153626030 204.153150    34.4133     122909         11  0.000e+00
    201.016    -0.0292   2.866262    -0.0232   2.866871    6.35662    -0.1180    13.8155 0.0000e+00  -60.80000  -54.24550 1153626030 204.153151    34.4137     122910         11  0.000e+00
    201.054    -0.0280   2.866266    -0.0239   2.866835    6.35650    -0.1072    13.8155 0.0000e+00  -60.80000  -54.24550 1153626031 204.153151    34.4124     122911         11  0.000e+00
    201.016    -0.0275   2.866342    -0.0243   2.866830    6.35166    -0.0749    13.8155 0.0000e+00  -60.80000  -54.24550 1153626031 204.153152    34.4128     122912         11  0.000e+00
    201.016    -0.0263   2.866393    -0.0245   2.866847    6.35148    -0.0104    13.8155 0.0000e+00  -60.80000  -54.24550 1153626031 204.153152    34.4122     122913         11  0.000e+00
    201.054    -0.0257   2.866433    -0.0243   2.866794    6.35142    -0.0319    13.8155 0.0000e+00  -60.80000  -54.24550 1153626031 204.153152    34.4120     122914         11  0.000e+00
    201.016    -0.0247   2.866479    -0.0245   2.866794    6.35592    -0.0642    13.8155 0.0000e+00  -60.80000  -54.24550 1153626031 204.153153    34.4115     122915         11  0.000e+00
    200.987    -0.0248   2.866469    -0.0240   2.866841    6.35591    -0.0642    13.8155 0.0000e+00  -60.80000  -54.24550 1153626031 204.153153    34.4115     122916         11  0.000e+00
    201.016    -0.0262   2.866399    -0.0235   2.866918    6.35147    -0.0642    13.8155 0.0000e+00  -60.80000  -54.24550 1153626031 204.153154    34.4122     122917         11  0.000e+00
    201.016    -0.0252   2.866426    -0.0234   2.866912    6.35133    -0.0749    13.8155 0.0000e+00  -60.80000  -54.24550 1153626031 204.153154    34.4114     122918         11  0.000e+00
    200.988    -0.0255   2.866376    -0.0241   2.866830    6.35606    -0.1072    13.8155 0.0000e+00  -60.80000  -54.24550 1153626031 204.153155    34.4111     122919         11  0.000e+00
    201.016    -0.0254   2.866453    -0.0256   2.866659    6.35603    -0.1072    13.8155 0.0000e+00  -60.80000  -54.24550 1153626031 204.153155    34.4120     122920         11  0.000e+00
    201.054    -0.0246   2.866473    -0.0275   2.866571    6.35125    -0.0534    13.8155 0.0000e+00  -60.80000  -54.24550 1153626031 204.153156    34.4113     122921         11  0.000e+00
    201.016    -0.0247   2.866500    -0.0290   2.866472    6.35121    -0.0642    13.8155 0.0000e+00  -60.80000  -54.24550 1153626031 204.153156    34.4118     122922         11  0.000e+00
    201.016    -0.0245   2.866479    -0.0308   2.866366    6.35589    -0.1072    13.8155 0.0000e+00  -60.80000  -54.24550 1153626031 204.153157    34.4113     122923         11  0.000e+00
    201.054    -0.0254   2.866376    -0.0323   2.866202    6.35141    -0.1395    13.8155 0.0000e+00  -60.80000  -54.24550 1153626031 204.153157    34.4109     122924         11  0.000e+00
