product_data/regression_test/downloaded_data/MGDS/320620060703/ctd/p6619804.cnv
* Sea-Bird SBE 9 Data File:
* FileName = D:\Data\Raw\p6619804.dat
* Software Version Seasave Win32 V 5.32
* Temperature SN = 1649
* Conductivity SN = 1431
* Number of Bytes Per Scan = 37
* Number of Voltage Words = 5
* Number of Scans Averaged by the Deck Unit = 1
* NMEA Latitude = 60 45.03 S
* NMEA Longitude = 059 14.86 W
* NMEA UTC (Time) = 05:10:09
** Ship:   Nathaniel B. Palmer 
** Cruise:    NBP0606 
# nquan = 15
# nvalues = 992                         
# units = specified
# name 0 = prDM: Pressure, Digiquartz [db]
# name 1 = t090C: Temperature [ITS-90, deg C]
# name 2 = c0S/m: Conductivity [S/m]
# name 3 = t190C: Temperature, 2 [ITS-90, deg C]
# name 4 = c1S/m: Conductivity, 2 [S/m]
# name 5 = sbeox0ML/L: Oxygen, SBE 43 [ml/l]
# name 6 = flECO-AFL: Fluorescence, Wetlab ECO-AFL/FL [mg/m^3]
# name 7 = bat: Beam Attenuation, Chelsea/Seatech/Wetlab CStar [1/m]
# name 8 = spar: SPAR/Surface Irradiance
# name 9 = latitude: Latitude [deg]
# name 10 = longitude: Longitude [deg]
# name 11 = timeY: Time, System [seconds]
# name 12 = timeJ: Julian Days
# name 13 = sal00: Salinity [PSU]
# name 14 = flag: flag
# span 0 =     12.000,   1003.000       
# span 1 =    -1.1745,     2.0199       
# span 2 =   2.725940,   3.071907       
# span 3 =    -1.1752,     2.0204       
# span 4 =   2.726736,   3.072221       
# span 5 =    4.39146,    8.17905       
# span 6 =    -0.1071,     1.0790       
# span 7 =    13.8155,    13.8155       
# span 8 = 0.0000e+00, 0.0000e+00       
# span 9 =  -60.75050,  -60.75050       
# span 10 =  -59.24767,  -59.24767      
# span 11 = 1153890612, 1153892373      
# span 12 = 207.215430, 207.235825      
# span 13 =    33.9298,    34.7275      
# span 14 = 0.0000e+00, 0.0000e+00      
# interval = decibars: 1                
# start_time = Jul 26 2006 05:10:17
# bad_flag = -9.990e-29
*END*
[from data line 386]
    398.000     1.9953   3.069899     1.9960   3.070247    4.44728    -0.0562    13.8155 0.0000e+00  -60.75050  -59.24767 1153891340 207.223865    34.6792 0.0000e+00
    399.000     1.9949   3.069912     1.9952   3.070216    4.44976    -0.0607    13.8155 0.0000e+00  -60.75050  -59.24767 1153891342 207.223892    34.6792 0.0000e+00
    400.000     1.9950   3.069988     1.9957   3.070318    4.45006    -0.0575    13.8155 0.0000e+00  -60.75050  -59.24767 1153891344 207.223911    34.6795 0.0000e+00
    401.000     1.9981   3.070358     1.9987   3.070671    4.45036    -0.0502    13.8155 0.0000e+00  -60.75050  -59.24767 1153891345 207.223923    34.6801 0.0000e+00
    402.000     1.9995   3.070535     2.0002   3.070858    4.45022    -0.0519    13.8155 0.0000e+00  -60.75050  -59.24767 1153891346 207.223936    34.6802 0.0000e+00
    403.000     1.9984   3.070483     1.9995   3.070836    4.45305    -0.0624    13.8155 0.0000e+00  -60.75050  -59.24767 1153891351 207.223991    34.6803 0.0000e+00
    404.000     2.0051   3.071234     2.0064   3.071609    4.45392    -0.0589    13.8155 0.0000e+00  -60.75050  -59.24767 1153891352 207.223999    34.6816 0.0000e+00
    405.000     2.0075   3.071477     2.0075   3.071756    4.45345    -0.0479    13.8155 0.0000e+00  -60.75050  -59.24767 1153891352 207.224006    34.6813 0.0000e+00
    406.000     2.0061   3.071357     2.0061   3.071657    4.45691    -0.0547    13.8155 0.0000e+00  -60.75050  -59.24767 1153891353 207.224013    34.6808 0.0000e+00
    407.000     2.0054   3.071334     2.0056   3.071650    4.45730    -0.0573    13.8155 0.0000e+00  -60.75050  -59.24767 1153891354 207.224030    34.6808 0.0000e+00
    408.000     2.0056   3.071418     2.0058   3.071720    4.45907    -0.0608    13.8155 0.0000e+00  -60.75050  -59.24767 1153891358 207.224072    34.6812 0.0000e+00
    409.000     2.0047   3.071361     2.0049   3.071661    4.45907    -0.0580    13.8155 0.0000e+00  -60.75050  -59.24767 1153891359 207.224081    34.6810 0.0000e+00
    410.000     2.0047   3.071446     2.0052   3.071757    4.45738    -0.0557    13.8155 0.0000e+00  -60.75050  -59.24767 1153891360 207.224096    34.6814 0.0000e+00
    411.000     2.0041   3.071424     2.0047   3.071760    4.45726    -0.0723    13.8155 0.0000e+00  -60.75050  -59.24767 1153891363 207.224135    34.6812 0.0000e+00
    412.000     2.0061   3.071715     2.0066   3.072025    4.45742    -0.0511    13.8155 0.0000e+00  -60.75050  -59.24767 1153891364 207.224147    34.6821 0.0000e+00
    413.000     2.0065   3.071824     2.0070   3.072134    4.45843    -0.0566    13.8155 0.0000e+00  -60.75050  -59.24767 1153891366 207.224160    34.6824 0.0000e+00
    414.000     2.0063   3.071852     2.0068   3.072168    4.46171    -0.0576    13.8155 0.0000e+00  -60.75050  -59.24767 1153891368 207.224191    34.6825 0.0000e+00
    415.000     2.0062   3.071907     2.0066   3.072221    4.46276    -0.0491    13.8155 0.0000e+00  -60.75050  -59.24767 1153891371 207.224218    34.6827 0.0000e+00
    416.000     2.0056   3.071905     2.0059   3.072219    4.46006    -0.0553    13.8155 0.0000e+00  -60.75050  -59.24767 1153891372 207.224232    34.6828 0.0000e+00
    417.000     2.0036   3.071832     2.0040   3.072145    4.46176    -0.0566    13.8155 0.0000e+00  -60.75050  -59.24767 1153891373 207.224250    34.6836 0.0000e+00
    418.000     2.0023   3.071799     2.0028   3.072108    4.46685    -0.0497    13.8155 0.0000e+00  -60.75050  -59.24767 1153891376 207.224278    34.6840 0.0000e+00
    419.000     2.0010   3.071776     2.0013   3.072066    4.46856    -0.0595    13.8155 0.0000e+00  -60.75050  -59.24767 1153891377 207.224297    34.6843 0.0000e+00
    420.000     1.9979   3.071523     1.9982   3.071853    4.47172    -0.0680    13.8155 0.0000e+00  -60.75050  -59.24767 1153891378 207.224310    34.6844 0.0000e+00
    421.000     1.9963   3.071437     1.9966   3.071753    4.47088    -0.0425    13.8155 0.0000e+00  -60.75050  -59.24767 1153891379 207.224321    34.6845 0.0000e+00
    422.000     1.9973   3.071575     1.9981   3.071907    4.46972    -0.0726    13.8155 0.0000e+00  -60.75050  -59.24767 1153891383 207.224362    34.6845 0.0000e+00
    423.000     1.9960   3.071502     1.9962   3.071803    4.46980    -0.0707    13.8155 0.0000e+00  -60.75050  -59.24767 1153891385 207.224389    34.6844 0.0000e+00
    424.000     1.9945   3.071414     1.9950   3.071736    4.46992    -0.0609    13.8155 0.0000e+00  -60.75050  -59.24767 1153891387 207.224404    34.6844 0.0000e+00
    425.000     1.9939   3.071423     1.9941   3.071722    4.46947    -0.0501    13.8155 0.0000e+00  -60.75050  -59.24767 1153891389 207.224426    34.6847 0.0000e+00
    426.000     1.9862   3.070711     1.9864   3.071107    4.46969    -0.0622    13.8155 0.0000e+00  -60.75050  -59.24767 1153891390 207.224444    34.6845 0.0000e+00
    427.000     1.9828   3.070563     1.9831   3.070893    4.47005    -0.0560    13.8155 0.0000e+00  -60.75050  -59.24767 1153891391 207.224456    34.6852 0.0000e+00
    428.000     1.9806   3.070407     1.9807   3.070707    4.46981    -0.0601    13.8155 0.0000e+00  -60.75050  -59.24767 1153891392 207.224470    34.6850 0.0000e+00
    429.000     1.9797   3.070350     1.9781   3.070507    4.46946    -0.0514    13.8155 0.0000e+00  -60.75050  -59.24767 1153891395 207.224503    34.6848 0.0000e+00
    430.000     1.9691   3.069460     1.9692   3.069780    4.46758    -0.0643    13.8155 0.0000e+00  -60.75050  -59.24767 1153891397 207.224520    34.6846 0.0000e+00
    431.000     1.9567   3.068356     1.9577   3.068756    4.46656    -0.0617    13.8155 0.0000e+00  -60.75050  -59.24767 1153891399 207.224542    34.6841 0.0000e+00
    432.000     1.9430   3.067104     1.9428   3.067415    4.45920    -0.0604    13.8155 0.0000e+00  -60.75050  -59.24767 1153891401 207.224573    34.6828 0.0000e+00
    433.000     1.9277   3.065762     1.9280   3.066094    4.45786    -0.0557    13.8155 0.0000e+00  -60.75050  -59.24767 1153891404 207.224599    34.6824 0.0000e+00
    434.000     1.9275   3.065828     1.9278   3.066158    4.46225    -0.0525    13.8155 0.0000e+00  -60.75050  -59.24767 1153891406 207.224625    34.6827 0.0000e+00
    435.000     1.9271   3.065851     1.9273   3.066181    4.46249    -0.0547    13.8155 0.0000e+00  -60.75050  -59.24767 1153891407 207.224635    34.6827 0.0000e+00
    436.000     1.9281   3.066021     1.9289   3.066381    4.46173    -0.0419    13.8155 0.0000e+00  -60.75050  -59.24767 1153891407 207.224644    34.6832 0.0000e+00
    437.000     1.9345   3.066759     1.9362   3.067158    4.46202    -0.0782    13.8155 0.0000e+00  -60.75050  -59.24767 1153891408 207.224651    34.6847 0.0000e+00
    438.000     1.9419   3.067519     1.9422   3.067855    4.46232    -0.0539    13.8155 0.0000e+00  -60.75050  -59.24767 1153891409 207.224658    34.6853 0.0000e+00
    439.000     1.9392   3.067269     1.9388   3.067500    4.45959    -0.0588    13.8155 0.0000e+00  -60.75050  -59.24767 1153891412 207.224702    34.6845 0.0000e+00
    440.000     1.9371   3.067175     1.9367   3.067441    4.46021    -0.0521    13.8155 0.0000e+00  -60.75050  -59.24767 1153891415 207.224735    34.6850 0.0000e+00
    441.000     1.9349   3.067063     1.9351   3.067366    4.45982    -0.0526    13.8155 0.0000e+00  -60.75050  -59.24767 1153891418 207.224763    34.6855 0.0000e+00
    442.000     1.9342   3.067074     1.9335   3.067306    4.46170    -0.0469    13.8155 0.0000e+00  -60.75050  -59.24767 1153891419 207.224778    34.6857 0.0000e+00
    443.000     1.9305   3.066766     1.9306   3.067083    4.46446    -0.0745    13.8155 0.0000e+00  -60.75050  -59.24767 1153891420 207.224789    34.6854 0.0000e+00
    444.000     1.9318   3.067029     1.9336   3.067423    4.46952    -0.0676    13.8155 0.0000e+00  -60.75050  -59.24767 1153891421 207.224800    34.6870 0.0000e+00
    445.000     1.9515   3.068982     1.9538   3.069482    4.47068    -0.0586    13.8155 0.0000e+00  -60.75050  -59.24767 1153891423 207.224821    34.6886 0.0000e+00
    446.000     1.9473   3.068589     1.9509   3.069195    4.47728    -0.0594    13.8155 0.0000e+00  -60.75050  -59.24767 1153891426 207.224857    34.6881 0.0000e+00
    447.000     1.9684   3.070770     1.9688   3.071096    4.48197    -0.0575    13.8155 0.0000e+00  -60.75050  -59.24767 1153891428 207.224883    34.6911 0.0000e+00
    448.000     1.9600   3.070046     1.9601   3.070358    4.48627    -0.0617    13.8155 0.0000e+00  -60.75050  -59.24767 1153891430 207.224907    34.6910 0.0000e+00
    449.000     1.9529   3.069455     1.9533   3.069795    4.48644    -0.0597    13.8155 0.0000e+00  -60.75050  -59.24767 1153891432 207.224924    34.6911 0.0000e+00
    450.000     1.9508   3.069297     1.9504   3.069557    4.48325    -0.0650    13.8155 0.0000e+00  -60.75050  -59.24767 1153891433 207.224935    34.6909 0.0000e+00
    451.000     1.9495   3.069238     1.9511   3.069666    4.48336    -0.0421    13.8155 0.0000e+00  -60.75050  -59.24767 1153891433 207.224945    34.6911 0.0000e+00
    452.000     1.9478   3.069103     1.9481   3.069440    4.48356    -0.0631    13.8155 0.0000e+00  -60.75050  -59.24767 1153891434 207.224955    34.6907 0.0000e+00
    453.000     1.9475   3.069130     1.9480   3.069452    4.48355    -0.0638    13.8155 0.0000e+00  -60.75050  -59.24767 1153891436 207.224980    34.6908 0.0000e+00
    454.000     1.9480   3.069199     1.9460   3.069325    4.48212    -0.0594    13.8155 0.0000e+00  -60.75050  -59.24767 1153891439 207.225012    34.6905 0.0000e+00
    455.000     1.9442   3.068919     1.9448   3.069258    4.48130    -0.0526    13.8155 0.0000e+00  -60.75050  -59.24767 1153891440 207.225024    34.6906 0.0000e+00
    456.000     1.9420   3.068735     1.9426   3.069091    4.48200    -0.0619    13.8155 0.0000e+00  -60.75050  -59.24767 1153891441 207.225035    34.6903 0.0000e+00
    457.000     1.9380   3.068428     1.9390   3.068786    4.48298    -0.0557    13.8155 0.0000e+00  -60.75050  -59.24767 1153891443 207.225060    34.6902 0.0000e+00
    458.000     1.9372   3.068403     1.9378   3.068742    4.48054    -0.0625    13.8155 0.0000e+00  -60.75050  -59.24767 1153891445 207.225083    34.6902 0.0000e+00
    459.000     1.9310   3.067852     1.9314   3.068214    4.47904    -0.0519    13.8155 0.0000e+00  -60.75050  -59.24767 1153891446 207.225096    34.6896 0.0000e+00
    460.000     1.9174   3.066613     1.9174   3.066941    4.47659    -0.0541    13.8155 0.0000e+00  -60.75050  -59.24767 1153891448 207.225113    34.6887 0.0000e+00
    461.000     1.9120   3.066170     1.9118   3.066457    4.47271    -0.0515    13.8155 0.0000e+00  -60.75050  -59.24767 1153891450 207.225138    34.6886 0.0000e+00
    462.000     1.9019   3.065268     1.9024   3.065642    4.47022    -0.0560    13.8155 0.0000e+00  -60.75050  -59.24767 1153891451 207.225154    34.6877 0.0000e+00
    463.000     1.9006   3.065193     1.9008   3.065532    4.46932    -0.0557    13.8155 0.0000e+00  -60.75050  -59.24767 1153891452 207.225165    34.6878 0.0000e+00
    464.000     1.8997   3.065157     1.8989   3.065402    4.47029    -0.0549    13.8155 0.0000e+00  -60.75050  -59.24767 1153891454 207.225182    34.6876 0.0000e+00
    465.000     1.9013   3.065354     1.9008   3.065628    4.46892    -0.0586    13.8155 0.0000e+00  -60.75050  -59.24767 1153891457 207.225222    34.6874 0.0000e+00
    466.000     1.8885   3.064221     1.8882   3.064544    4.46692    -0.0461    13.8155 0.0000e+00  -60.75050  -59.24767 1153891458 207.225235    34.6869 0.0000e+00
    467.000     1.8857   3.064034     1.8858   3.064382    4.46428    -0.0561    13.8155 0.0000e+00  -60.75050  -59.24767 1153891459 207.225245    34.6872 0.0000e+00
    468.000     1.8835   3.063898     1.8838   3.064242    4.46453    -0.0432    13.8155 0.0000e+00  -60.75050  -59.24767 1153891460 207.225254    34.6873 0.0000e+00
    469.000     1.8829   3.063911     1.8832   3.064235    4.46627    -0.0521    13.8155 0.0000e+00  -60.75050  -59.24767 1153891462 207.225275    34.6874 0.0000e+00
    470.000     1.8849   3.064132     1.8839   3.064355    4.46698    -0.0654    13.8155 0.0000e+00  -60.75050  -59.24767 1153891465 207.225305    34.6872 0.0000e+00
    471.000     1.8817   3.063936     1.8820   3.064264    4.46829    -0.0627    13.8155 0.0000e+00  -60.75050  -59.24767 1153891465 207.225316    34.6877 0.0000e+00
    472.000     1.8793   3.063857     1.8794   3.064179    4.46975    -0.0552    13.8155 0.0000e+00  -60.75050  -59.24767 1153891466 207.225326    34.6888 0.0000e+00
    473.000     1.8794   3.063935     1.8798   3.064272    4.47140    -0.0482    13.8155 0.0000e+00  -60.75050  -59.24767 1153891469 207.225353    34.6890 0.0000e+00
    474.000     1.8811   3.064088     1.8811   3.064410    4.47345    -0.0634    13.8155 0.0000e+00  -60.75050  -59.24767 1153891471 207.225385    34.6884 0.0000e+00
    475.000     1.8807   3.064191     1.8808   3.064494    4.47373    -0.0531    13.8155 0.0000e+00  -60.75050  -59.24767 1153891472 207.225397    34.6896 0.0000e+00
    476.000     1.8838   3.064540     1.8851   3.064947    4.47459    -0.0668    13.8155 0.0000e+00  -60.75050  -59.24767 1153891473 207.225409    34.6899 0.0000e+00
    477.000     1.8860   3.064831     1.8864   3.065154    4.47849    -0.0609    13.8155 0.0000e+00  -60.75050  -59.24767 1153891475 207.225425    34.6904 0.0000e+00
    478.000     1.8869   3.064981     1.8872   3.065297    4.47977    -0.0631    13.8155 0.0000e+00  -60.75050  -59.24767 1153891476 207.225442    34.6908 0.0000e+00
    479.000     1.8905   3.065418     1.8904   3.065690    4.48224    -0.0768    13.8155 0.0000e+00  -60.75050  -59.24767 1153891477 207.225454    34.6918 0.0000e+00
    480.000     1.8928   3.065721     1.8928   3.066002    4.48373    -0.0551    13.8155 0.0000e+00  -60.75050  -59.24767 1153891479 207.225471    34.6923 0.0000e+00
    481.000     1.8902   3.065519     1.8900   3.065786    4.48242    -0.0580    13.8155 0.0000e+00  -60.75050  -59.24767 1153891482 207.225503    34.6923 0.0000e+00
    482.000     1.8824   3.064852     1.8824   3.065155    4.48327    -0.0430    13.8155 0.0000e+00  -60.75050  -59.24767 1153891484 207.225529    34.6920 0.0000e+00
    483.000     1.8809   3.064756     1.8812   3.065089    4.48357    -0.0599    13.8155 0.0000e+00  -60.75050  -59.24767 1153891486 207.225549    34.6920 0.0000e+00
    484.000     1.8804   3.064783     1.8807   3.065107    4.48380    -0.0566    13.8155 0.0000e+00  -60.75050  -59.24767 1153891487 207.225564    34.6923 0.0000e+00
    485.000     1.8806   3.064843     1.8809   3.065171    4.48231    -0.0542    13.8155 0.0000e+00  -60.75050  -59.24767 1153891488 207.225578    34.6922 0.0000e+00
    486.000     1.8817   3.065008     1.8820   3.065339    4.48110    -0.0457    13.8155 0.0000e+00  -60.75050  -59.24767 1153891490 207.225596    34.6925 0.0000e+00
    487.000     1.8815   3.065052     1.8819   3.065377    4.48188    -0.0494    13.8155 0.0000e+00  -60.75050  -59.24767 1153891491 207.225613    34.6926 0.0000e+00
    488.000     1.8804   3.065008     1.8806   3.065320    4.48411    -0.0579    13.8155 0.0000e+00  -60.75050  -59.24767 1153891492 207.225625    34.6927 0.0000e+00
    489.000     1.8806   3.065057     1.8807   3.065356    4.48382    -0.0511    13.8155 0.0000e+00  -60.75050  -59.24767 1153891494 207.225641    34.6926 0.0000e+00
    490.000     1.8811   3.065154     1.8815   3.065476    4.48359    -0.0557    13.8155 0.0000e+00  -60.75050  -59.24767 1153891498 207.225688    34.6927 0.0000e+00
    491.000     1.8819   3.065294     1.8823   3.065624    4.48406    -0.0532    13.8155 0.0000e+00  -60.75050  -59.24767 1153891499 207.225700    34.6929 0.0000e+00
    492.000     1.8831   3.065460     1.8833   3.065776    4.48450    -0.0574    13.8155 0.0000e+00  -60.75050  -59.24767 1153891500 207.225710    34.6931 0.0000e+00
