product_data/regression_test/downloaded_data/MGDS/320620060703/ctd/p6619804.cnv
* Sea-Bird SBE 9 Data File:
* FileName = D:\Data\Raw\p6619804.dat
* Software Version Seasave Win32 V 5.32
* Temperature SN = 1649
* Conductivity SN = 1431
* Number of Bytes Per Scan = 37
* Number of Voltage Words = 5
* Number of Scans Averaged by the Deck Unit = 1
* NMEA Latitude = 60 45.03 S
* NMEA Longitude = 059 14.86 W
* NMEA UTC (Time) = 05:10:09
** Ship:   Nathaniel B. Palmer 
** Cruise:    NBP0606 
# nquan = 15
# nvalues = 992                         
# units = specified
# name 0 = prDM: Pressure, Digiquartz [db]
# name 1 = t090C: Temperature [ITS-90, deg C]
# name 2 = c0S/m: Conductivity [S/m]
# name 3 = t190C: Temperature, 2 [ITS-90, deg C]
# name 4 = c1S/m: Conductivity, 2 [S/m]
# name 5 = sbeox0ML/L: Oxygen, SBE 43 [ml/l]
# name 6 = flECO-AFL: Fluorescence, Wetlab ECO-AFL/FL [mg/m^3]
# name 7 = bat: Beam Attenuation, Chelsea/Seatech/Wetlab CStar [1/m]
# name 8 = spar: SPAR/Surface Irradiance
# name 9 = latitude: Latitude [deg]
# name 10 = longitude: Longitude [deg]
# name 11 = timeY: Time, System [seconds]
# name 12 = timeJ: Julian Days
# name 13 = sal00: Salinity [PSU]
# name 14 = flag: flag
# span 0 =     12.000,   1003.000       
# span 1 =    -1.1745,     2.0199       
# span 2 =   2.725940,   3.071907       
# span 3 =    -1.1752,     2.0204       
# span 4 =   2.726736,   3.072221       
# span 5 =    4.39146,    8.17905       
# span 6 =    -0.1071,     1.0790       
# span 7 =    13.8155,    13.8155       
# span 8 = 0.0000e+00, 0.0000e+00       
# span 9 =  -60.75050,  -60.75050       
# span 10 =  -59.24767,  -59.24767      
# span 11 = 1153890612, 1153892373      
# span 12 = 207.215430, 207.235825      
# span 13 =    33.9298,    34.7275      
# span 14 = 0.0000e+00, 0.0000e+00      
# interval = decibars: 1                
# start_time = Jul 26 2006 05:10:17
# bad_flag = -9.990e-29
*END*
[from data line 193]
    205.000     1.8146   3.035923     1.8160   3.036167    4.48193    -0.0200    13.8155 0.0000e+00  -60.75050  -59.24767 1153891009 207.220037    34.5592 0.0000e+00
    206.000     1.8163   3.036165     1.8182   3.036493    4.47951    -0.0207    13.8155 0.0000e+00  -60.75050  -59.24767 1153891012 207.220068    34.5598 0.0000e+00
    207.000     1.8175   3.036364     1.8190   3.036642    4.47700    -0.0133    13.8155 0.0000e+00  -60.75050  -59.24767 1153891014 207.220091    34.5606 0.0000e+00
    208.000     1.8188   3.036558     1.8203   3.036850    4.47668    -0.0198    13.8155 0.0000e+00  -60.75050  -59.24767 1153891015 207.220103    34.5610 0.0000e+00
    209.000     1.8224   3.037003     1.8244   3.037315    4.47081    -0.0238    13.8155 0.0000e+00  -60.75050  -59.24767 1153891016 207.220114    34.5621 0.0000e+00
    210.000     1.8309   3.037979     1.8326   3.038256    4.46723    -0.0242    13.8155 0.0000e+00  -60.75050  -59.24767 1153891018 207.220139    34.5646 0.0000e+00
    211.000     1.8434   3.039464     1.8425   3.039442    4.46720    -0.0316    13.8155 0.0000e+00  -60.75050  -59.24767 1153891021 207.220174    34.5687 0.0000e+00
    212.000     1.8415   3.039340     1.8427   3.039616    4.46341    -0.0099    13.8155 0.0000e+00  -60.75050  -59.24767 1153891022 207.220182    34.5685 0.0000e+00
    213.000     1.8415   3.039459     1.8427   3.039721    4.46095    -0.0263    13.8155 0.0000e+00  -60.75050  -59.24767 1153891023 207.220190    34.5697 0.0000e+00
    214.000     1.8452   3.039850     1.8465   3.040141    4.45943    -0.0224    13.8155 0.0000e+00  -60.75050  -59.24767 1153891023 207.220197    34.5699 0.0000e+00
    215.000     1.8481   3.040194     1.8494   3.040463    4.45601    -0.0110    13.8155 0.0000e+00  -60.75050  -59.24767 1153891024 207.220205    34.5704 0.0000e+00
    216.000     1.8491   3.040366     1.8544   3.040993    4.45156    -0.0323    13.8155 0.0000e+00  -60.75050  -59.24767 1153891028 207.220253    34.5711 0.0000e+00
    217.000     1.8672   3.042363     1.8710   3.042825    4.44751    -0.0376    13.8155 0.0000e+00  -60.75050  -59.24767 1153891030 207.220279    34.5755 0.0000e+00
    218.000     1.8808   3.043915     1.8823   3.044142    4.44445    -0.0238    13.8155 0.0000e+00  -60.75050  -59.24767 1153891031 207.220287    34.5794 0.0000e+00
    219.000     1.8837   3.044239     1.8857   3.044570    4.44216    -0.0204    13.8155 0.0000e+00  -60.75050  -59.24767 1153891032 207.220297    34.5795 0.0000e+00
    220.000     1.8834   3.044267     1.8878   3.044873    4.43819    -0.0372    13.8155 0.0000e+00  -60.75050  -59.24767 1153891034 207.220320    34.5799 0.0000e+00
    221.000     1.8885   3.044898     1.8899   3.045154    4.43491    -0.0322    13.8155 0.0000e+00  -60.75050  -59.24767 1153891035 207.220336    34.5817 0.0000e+00
    222.000     1.8894   3.045025     1.8909   3.045315    4.43351    -0.0311    13.8155 0.0000e+00  -60.75050  -59.24767 1153891036 207.220346    34.5819 0.0000e+00
    223.000     1.8898   3.045115     1.8910   3.045380    4.43374    -0.0342    13.8155 0.0000e+00  -60.75050  -59.24767 1153891037 207.220357    34.5821 0.0000e+00
    224.000     1.8891   3.045083     1.8907   3.045386    4.43187    -0.0317    13.8155 0.0000e+00  -60.75050  -59.24767 1153891040 207.220397    34.5821 0.0000e+00
    225.000     1.8906   3.045299     1.8919   3.045577    4.43024    -0.0252    13.8155 0.0000e+00  -60.75050  -59.24767 1153891042 207.220417    34.5827 0.0000e+00
    226.000     1.8907   3.045369     1.8919   3.045648    4.42804    -0.0414    13.8155 0.0000e+00  -60.75050  -59.24767 1153891043 207.220428    34.5829 0.0000e+00
    227.000     1.8907   3.045401     1.8919   3.045675    4.42853    -0.0277    13.8155 0.0000e+00  -60.75050  -59.24767 1153891045 207.220446    34.5828 0.0000e+00
    228.000     1.8906   3.045438     1.8919   3.045730    4.43759    -0.0379    13.8155 0.0000e+00  -60.75050  -59.24767 1153891048 207.220486    34.5829 0.0000e+00
    229.000     1.8902   3.045490     1.8914   3.045776    4.43461    -0.0405    13.8155 0.0000e+00  -60.75050  -59.24767 1153891049 207.220495    34.5834 0.0000e+00
    230.000     1.8901   3.045584     1.8912   3.045878    4.43217    -0.0245    13.8155 0.0000e+00  -60.75050  -59.24767 1153891050 207.220504    34.5842 0.0000e+00
    231.000     1.8879   3.045521     1.8887   3.045816    4.43102    -0.0411    13.8155 0.0000e+00  -60.75050  -59.24767 1153891050 207.220513    34.5852 0.0000e+00
    232.000     1.8754   3.044496     1.8762   3.044817    4.43108    -0.0416    13.8155 0.0000e+00  -60.75050  -59.24767 1153891051 207.220521    34.5857 0.0000e+00
    233.000     1.8729   3.044324     1.8735   3.044580    4.43576    -0.0294    13.8155 0.0000e+00  -60.75050  -59.24767 1153891053 207.220545    34.5859 0.0000e+00
    234.000     1.8640   3.043413     1.8599   3.043412    4.44743    -0.0421    13.8155 0.0000e+00  -60.75050  -59.24767 1153891057 207.220593    34.5842 0.0000e+00
    235.000     1.8390   3.041273     1.8405   3.041606    4.44826    -0.0386    13.8155 0.0000e+00  -60.75050  -59.24767 1153891059 207.220608    34.5841 0.0000e+00
    236.000     1.8366   3.041082     1.8370   3.041346    4.44899    -0.0427    13.8155 0.0000e+00  -60.75050  -59.24767 1153891060 207.220620    34.5837 0.0000e+00
    237.000     1.8147   3.038978     1.8081   3.038784    4.45717    -0.0316    13.8155 0.0000e+00  -60.75050  -59.24767 1153891061 207.220635    34.5815 0.0000e+00
    238.000     1.7421   3.032450     1.7402   3.032628    4.46512    -0.0343    13.8155 0.0000e+00  -60.75050  -59.24767 1153891062 207.220652    34.5794 0.0000e+00
    239.000     1.7378   3.032163     1.7388   3.032496    4.46604    -0.0217    13.8155 0.0000e+00  -60.75050  -59.24767 1153891064 207.220666    34.5799 0.0000e+00
    240.000     1.7403   3.032455     1.7413   3.032803    4.46627    -0.0316    13.8155 0.0000e+00  -60.75050  -59.24767 1153891065 207.220677    34.5798 0.0000e+00
    241.000     1.7380   3.032301     1.7389   3.032645    4.46386    -0.0397    13.8155 0.0000e+00  -60.75050  -59.24767 1153891066 207.220688    34.5795 0.0000e+00
    242.000     1.7429   3.032834     1.7408   3.032907    4.46944    -0.0378    13.8155 0.0000e+00  -60.75050  -59.24767 1153891069 207.220728    34.5795 0.0000e+00
    243.000     1.7418   3.032887     1.7421   3.033136    4.46791    -0.0281    13.8155 0.0000e+00  -60.75050  -59.24767 1153891072 207.220757    34.5802 0.0000e+00
    244.000     1.7448   3.033264     1.7459   3.033584    4.46636    -0.0358    13.8155 0.0000e+00  -60.75050  -59.24767 1153891072 207.220765    34.5811 0.0000e+00
    245.000     1.7458   3.033384     1.7464   3.033699    4.46494    -0.0346    13.8155 0.0000e+00  -60.75050  -59.24767 1153891073 207.220773    34.5806 0.0000e+00
    246.000     1.7454   3.033455     1.7462   3.033757    4.46442    -0.0319    13.8155 0.0000e+00  -60.75050  -59.24767 1153891074 207.220787    34.5813 0.0000e+00
    247.000     1.7487   3.033955     1.7509   3.034332    4.45632    -0.0368    13.8155 0.0000e+00  -60.75050  -59.24767 1153891078 207.220831    34.5833 0.0000e+00
    248.000     1.7547   3.034676     1.7569   3.035077    4.45314    -0.0344    13.8155 0.0000e+00  -60.75050  -59.24767 1153891079 207.220838    34.5851 0.0000e+00
    249.000     1.7647   3.035842     1.7654   3.036141    4.45094    -0.0294    13.8155 0.0000e+00  -60.75050  -59.24767 1153891079 207.220845    34.5877 0.0000e+00
    250.000     1.7708   3.036550     1.7708   3.036808    4.45159    -0.0446    13.8155 0.0000e+00  -60.75050  -59.24767 1153891080 207.220852    34.5894 0.0000e+00
    251.000     1.7680   3.036265     1.7719   3.036881    4.45050    -0.0359    13.8155 0.0000e+00  -60.75050  -59.24767 1153891084 207.220898    34.5886 0.0000e+00
    252.000     1.7763   3.037197     1.7800   3.037799    4.44999    -0.0175    13.8155 0.0000e+00  -60.75050  -59.24767 1153891086 207.220919    34.5904 0.0000e+00
    253.000     1.7854   3.038219     1.7861   3.038516    4.44805    -0.0252    13.8155 0.0000e+00  -60.75050  -59.24767 1153891086 207.220926    34.5924 0.0000e+00
    254.000     1.7878   3.038574     1.7885   3.038867    4.44761    -0.0416    13.8155 0.0000e+00  -60.75050  -59.24767 1153891087 207.220934    34.5936 0.0000e+00
    255.000     1.7860   3.038462     1.7881   3.038873    4.44674    -0.0324    13.8155 0.0000e+00  -60.75050  -59.24767 1153891089 207.220955    34.5939 0.0000e+00
    256.000     1.7832   3.038153     1.7882   3.038907    4.44542    -0.0435    13.8155 0.0000e+00  -60.75050  -59.24767 1153891092 207.220990    34.5927 0.0000e+00
    257.000     1.7974   3.039794     1.8001   3.040250    4.44149    -0.0381    13.8155 0.0000e+00  -60.75050  -59.24767 1153891096 207.221035    34.5970 0.0000e+00
    258.000     1.8038   3.040482     1.8045   3.040748    4.44378    -0.0449    13.8155 0.0000e+00  -60.75050  -59.24767 1153891097 207.221056    34.5979 0.0000e+00
    259.000     1.8031   3.040480     1.8041   3.040774    4.44007    -0.0396    13.8155 0.0000e+00  -60.75050  -59.24767 1153891098 207.221065    34.5981 0.0000e+00
    260.000     1.8058   3.040806     1.8067   3.041091    4.43895    -0.0306    13.8155 0.0000e+00  -60.75050  -59.24767 1153891099 207.221074    34.5988 0.0000e+00
    261.000     1.8073   3.040997     1.8081   3.041286    4.43768    -0.0426    13.8155 0.0000e+00  -60.75050  -59.24767 1153891100 207.221083    34.5989 0.0000e+00
    262.000     1.7994   3.040432     1.7996   3.040679    4.43597    -0.0365    13.8155 0.0000e+00  -60.75050  -59.24767 1153891101 207.221097    34.6001 0.0000e+00
    263.000     1.8015   3.040610     1.8015   3.040853    4.43994    -0.0226    13.8155 0.0000e+00  -60.75050  -59.24767 1153891107 207.221166    34.5996 0.0000e+00
    264.000     1.7976   3.040336     1.7971   3.040566    4.44086    -0.0251    13.8155 0.0000e+00  -60.75050  -59.24767 1153891108 207.221174    34.5999 0.0000e+00
    265.000     1.7964   3.040459     1.7971   3.040736    4.43864    -0.0288    13.8155 0.0000e+00  -60.75050  -59.24767 1153891109 207.221186    34.6024 0.0000e+00
    266.000     1.7980   3.040605     1.8008   3.041149    4.43691    -0.0367    13.8155 0.0000e+00  -60.75050  -59.24767 1153891112 207.221222    34.6018 0.0000e+00
    267.000     1.8047   3.041627     1.8069   3.042072    4.43618    -0.0410    13.8155 0.0000e+00  -60.75050  -59.24767 1153891113 207.221237    34.6068 0.0000e+00
    268.000     1.8041   3.041727     1.8051   3.042032    4.43383    -0.0489    13.8155 0.0000e+00  -60.75050  -59.24767 1153891114 207.221246    34.6079 0.0000e+00
    269.000     1.8041   3.041772     1.8049   3.042060    4.43276    -0.0355    13.8155 0.0000e+00  -60.75050  -59.24767 1153891115 207.221255    34.6080 0.0000e+00
    270.000     1.8045   3.041897     1.8054   3.042200    4.43211    -0.0300    13.8155 0.0000e+00  -60.75050  -59.24767 1153891118 207.221295    34.6086 0.0000e+00
    271.000     1.8044   3.041971     1.8053   3.042275    4.43099    -0.0421    13.8155 0.0000e+00  -60.75050  -59.24767 1153891120 207.221324    34.6091 0.0000e+00
    272.000     1.8045   3.042033     1.8056   3.042347    4.42856    -0.0341    13.8155 0.0000e+00  -60.75050  -59.24767 1153891122 207.221337    34.6092 0.0000e+00
    273.000     1.8053   3.042183     1.8064   3.042494    4.43005    -0.0359    13.8155 0.0000e+00  -60.75050  -59.24767 1153891124 207.221361    34.6096 0.0000e+00
    274.000     1.8081   3.042531     1.8090   3.042836    4.43064    -0.0373    13.8155 0.0000e+00  -60.75050  -59.24767 1153891126 207.221388    34.6104 0.0000e+00
    275.000     1.8101   3.042845     1.8106   3.043091    4.42831    -0.0371    13.8155 0.0000e+00  -60.75050  -59.24767 1153891127 207.221403    34.6115 0.0000e+00
    276.000     1.8095   3.042847     1.8101   3.043112    4.42692    -0.0404    13.8155 0.0000e+00  -60.75050  -59.24767 1153891129 207.221417    34.6116 0.0000e+00
    277.000     1.8092   3.042870     1.8100   3.043162    4.42786    -0.0418    13.8155 0.0000e+00  -60.75050  -59.24767 1153891131 207.221441    34.6117 0.0000e+00
    278.000     1.8103   3.043047     1.8113   3.043363    4.42752    -0.0369    13.8155 0.0000e+00  -60.75050  -59.24767 1153891133 207.221471    34.6121 0.0000e+00
    279.000     1.8128   3.043372     1.8141   3.043699    4.42579    -0.0495    13.8155 0.0000e+00  -60.75050  -59.24767 1153891135 207.221494    34.6129 0.0000e+00
    280.000     1.8154   3.043674     1.8163   3.043989    4.42448    -0.0434    13.8155 0.0000e+00  -60.75050  -59.24767 1153891137 207.221518    34.6133 0.0000e+00
    281.000     1.8161   3.043793     1.8168   3.044076    4.42363    -0.0463    13.8155 0.0000e+00  -60.75050  -59.24767 1153891139 207.221543    34.6135 0.0000e+00
    282.000     1.8162   3.043849     1.8168   3.044137    4.42402    -0.0414    13.8155 0.0000e+00  -60.75050  -59.24767 1153891142 207.221567    34.6135 0.0000e+00
    283.000     1.8164   3.043945     1.8173   3.044246    4.42394    -0.0576    13.8155 0.0000e+00  -60.75050  -59.24767 1153891143 207.221580    34.6140 0.0000e+00
    284.000     1.8173   3.044100     1.8180   3.044374    4.42387    -0.0513    13.8155 0.0000e+00  -60.75050  -59.24767 1153891144 207.221591    34.6143 0.0000e+00
    285.000     1.8173   3.044155     1.8183   3.044455    4.42284    -0.0493    13.8155 0.0000e+00  -60.75050  -59.24767 1153891144 207.221601    34.6144 0.0000e+00
    286.000     1.8178   3.044261     1.8188   3.044573    4.42389    -0.0394    13.8155 0.0000e+00  -60.75050  -59.24767 1153891149 207.221658    34.6146 0.0000e+00
    287.000     1.8219   3.044776     1.8231   3.045103    4.42516    -0.0286    13.8155 0.0000e+00  -60.75050  -59.24767 1153891151 207.221682    34.6161 0.0000e+00
    288.000     1.8270   3.045419     1.8279   3.045723    4.42464    -0.0451    13.8155 0.0000e+00  -60.75050  -59.24767 1153891152 207.221692    34.6179 0.0000e+00
    289.000     1.8303   3.045813     1.8314   3.046129    4.42127    -0.0518    13.8155 0.0000e+00  -60.75050  -59.24767 1153891153 207.221701    34.6186 0.0000e+00
    290.000     1.8315   3.045982     1.8325   3.046294    4.42105    -0.0490    13.8155 0.0000e+00  -60.75050  -59.24767 1153891154 207.221713    34.6187 0.0000e+00
    291.000     1.8317   3.046045     1.8346   3.046561    4.42008    -0.0420    13.8155 0.0000e+00  -60.75050  -59.24767 1153891156 207.221738    34.6188 0.0000e+00
    292.000     1.8382   3.046742     1.8419   3.047324    4.41932    -0.0466    13.8155 0.0000e+00  -60.75050  -59.24767 1153891160 207.221777    34.6199 0.0000e+00
    293.000     1.8493   3.047906     1.8507   3.048228    4.41367    -0.0366    13.8155 0.0000e+00  -60.75050  -59.24767 1153891162 207.221802    34.6216 0.0000e+00
    294.000     1.8564   3.048656     1.8569   3.048901    4.41039    -0.0423    13.8155 0.0000e+00  -60.75050  -59.24767 1153891164 207.221829    34.6226 0.0000e+00
    295.000     1.8632   3.049429     1.8664   3.049871    4.41333    -0.0503    13.8155 0.0000e+00  -60.75050  -59.24767 1153891166 207.221847    34.6245 0.0000e+00
    296.000     1.8839   3.051505     1.8835   3.051624    4.41360    -0.0380    13.8155 0.0000e+00  -60.75050  -59.24767 1153891167 207.221858    34.6268 0.0000e+00
    297.000     1.9194   3.055190     1.9166   3.054807    4.41450    -0.0489    13.8155 0.0000e+00  -60.75050  -59.24767 1153891167 207.221867    34.6335 0.0000e+00
    298.000     1.9421   3.057324     1.9431   3.057498    4.41113    -0.0439    13.8155 0.0000e+00  -60.75050  -59.24767 1153891170 207.221892    34.6341 0.0000e+00
    299.000     1.9508   3.058182     1.9509   3.058304    4.40507    -0.0324    13.8155 0.0000e+00  -60.75050  -59.24767 1153891174 207.221949    34.6354 0.0000e+00
    300.000     1.9583   3.059036     1.9601   3.059315    4.40334    -0.0536    13.8155 0.0000e+00  -60.75050  -59.24767 1153891175 207.221956    34.6374 0.0000e+00
