product_data/regression_test/downloaded_data/MGDS/320620060703/ctd/p6615501.cnv
* Sea-Bird SBE 9 Data File:
* FileName = D:\Data\Raw\p6615501.dat
* Software Version Seasave Win32 V 5.32
* Temperature SN = 1649
* Conductivity SN = 1431
* Number of Bytes Per Scan = 37
* Number of Voltage Words = 5
* Number of Scans Averaged by the Deck Unit = 1
* NMEA Latitude = 60 48.92 S
* NMEA Longitude = 056 09.66 W
* NMEA UTC (Time) = 20:59:11
** Ship:   Nathaniel B. Palmer 
** Cruise:    NBP0606 
# nquan = 15
# nvalues = 1000                        
# units = specified
# name 0 = prDM: Pressure, Digiquartz [db]
# name 1 = t090C: Temperature [ITS-90, deg C]
# name 2 = c0S/m: Conductivity [S/m]
# name 3 = t190C: Temperature, 2 [ITS-90, deg C]
# name 4 = c1S/m: Conductivity, 2 [S/m]
# name 5 = sbeox0ML/L: Oxygen, SBE 43 [ml/l]
# name 6 = flECO-AFL: Fluorescence, Wetlab ECO-AFL/FL [mg/m^3]
# name 7 = bat: Beam Attenuation, Chelsea/Seatech/Wetlab CStar [1/m]
# name 8 = spar: SPAR/Surface Irradiance
# name 9 = latitude: Latitude [deg]
# name 10 = longitude: Longitude [deg]
# name 11 = timeY: Time, System [seconds]
# name 12 = timeJ: Julian Days
# name 13 = sal00: Salinity [PSU]
# name 14 = flag: flag
# span 0 =      2.000,   1001.000       
# span 1 =    -0.6975,     1.2725       
# span 2 =   2.792207,   3.034709       
# span 3 =    -0.6971,     1.2726       
# span 4 =   2.792749,   3.035003       
# span 5 =    4.87740,    7.39173       
# span 6 =    -0.1135,     0.1734       
# span 7 =    13.8155,    13.8155       
# span 8 = 0.0000e+00, 0.0000e+00       
# span 9 =  -60.81533,  -60.81533       
# span 10 =  -56.16100,  -56.16100      
# span 11 = 1153256352, 1153257726      
# span 12 = 199.874445, 199.890371      
# span 13 =    34.2954,    34.7233      
# span 14 = 0.0000e+00, 0.0000e+00      
# interval = decibars: 1                
# start_time = Jul 18 2006 20:59:19
# bad_flag = -9.990e-29
*END*
[from data line 964]
    966.000     1.2415   3.032963     1.2422   3.033364    4.88710    -0.0708    13.8155 0.0000e+00  -60.81533  -56.16100 1153257664 199.889646    34.7229 0.0000e+00
    967.000     1.2375   3.032654     1.2385   3.033063    4.88710    -0.0808    13.8155 0.0000e+00  -60.81533  -56.16100 1153257665 199.889657    34.7229 0.0000e+00
    968.000     1.2360   3.032579     1.2365   3.032928    4.88502    -0.0859    13.8155 0.0000e+00  -60.81533  -56.16100 1153257666 199.889671    34.7230 0.0000e+00
    969.000     1.2376   3.032748     1.2371   3.033026    4.88657    -0.0936    13.8155 0.0000e+00  -60.81533  -56.16100 1153257668 199.889701    34.7227 0.0000e+00
    970.000     1.2357   3.032654     1.2360   3.032985    4.89077    -0.0963    13.8155 0.0000e+00  -60.81533  -56.16100 1153257670 199.889721    34.7230 0.0000e+00
    971.000     1.2364   3.032747     1.2367   3.033081    4.89152    -0.0950    13.8155 0.0000e+00  -60.81533  -56.16100 1153257671 199.889733    34.7229 0.0000e+00
    972.000     1.2364   3.032791     1.2368   3.033132    4.89299    -0.1007    13.8155 0.0000e+00  -60.81533  -56.16100 1153257672 199.889744    34.7229 0.0000e+00
    973.000     1.2367   3.032856     1.2369   3.033203    4.89292    -0.0925    13.8155 0.0000e+00  -60.81533  -56.16100 1153257673 199.889756    34.7228 0.0000e+00
    974.000     1.2366   3.032901     1.2368   3.033228    4.88972    -0.0918    13.8155 0.0000e+00  -60.81533  -56.16100 1153257674 199.889768    34.7228 0.0000e+00
    975.000     1.2365   3.032938     1.2369   3.033278    4.88853    -0.0967    13.8155 0.0000e+00  -60.81533  -56.16100 1153257675 199.889779    34.7229 0.0000e+00
    976.000     1.2346   3.032796     1.2347   3.033127    4.88851    -0.0820    13.8155 0.0000e+00  -60.81533  -56.16100 1153257676 199.889790    34.7226 0.0000e+00
    977.000     1.2321   3.032605     1.2320   3.032940    4.89006    -0.0851    13.8155 0.0000e+00  -60.81533  -56.16100 1153257677 199.889805    34.7226 0.0000e+00
    978.000     1.2331   3.032749     1.2335   3.033100    4.89311    -0.0808    13.8155 0.0000e+00  -60.81533  -56.16100 1153257681 199.889843    34.7225 0.0000e+00
    979.000     1.2283   3.032376     1.2289   3.032752    4.89452    -0.0909    13.8155 0.0000e+00  -60.81533  -56.16100 1153257682 199.889857    34.7227 0.0000e+00
    980.000     1.2261   3.032214     1.2265   3.032587    4.89847    -0.0839    13.8155 0.0000e+00  -60.81533  -56.16100 1153257683 199.889866    34.7226 0.0000e+00
    981.000     1.2258   3.032244     1.2259   3.032582    4.89779    -0.0777    13.8155 0.0000e+00  -60.81533  -56.16100 1153257683 199.889875    34.7227 0.0000e+00
    982.000     1.2251   3.032218     1.2250   3.032541    4.89825    -0.1018    13.8155 0.0000e+00  -60.81533  -56.16100 1153257684 199.889884    34.7226 0.0000e+00
    983.000     1.2246   3.032202     1.2249   3.032555    4.89843    -0.0930    13.8155 0.0000e+00  -60.81533  -56.16100 1153257685 199.889893    34.7224 0.0000e+00
    984.000     1.2238   3.032190     1.2244   3.032561    4.89715    -0.0902    13.8155 0.0000e+00  -60.81533  -56.16100 1153257686 199.889910    34.7225 0.0000e+00
    985.000     1.2232   3.032169     1.2232   3.032501    4.89846    -0.0814    13.8155 0.0000e+00  -60.81533  -56.16100 1153257689 199.889939    34.7224 0.0000e+00
    986.000     1.2155   3.031541     1.2155   3.031876    4.89921    -0.0834    13.8155 0.0000e+00  -60.81533  -56.16100 1153257690 199.889953    34.7224 0.0000e+00
    987.000     1.2137   3.031424     1.2142   3.031797    4.90028    -0.0919    13.8155 0.0000e+00  -60.81533  -56.16100 1153257691 199.889967    34.7225 0.0000e+00
    988.000     1.2133   3.031442     1.2133   3.031771    4.90095    -0.0971    13.8155 0.0000e+00  -60.81533  -56.16100 1153257693 199.889981    34.7225 0.0000e+00
    989.000     1.2136   3.031516     1.2140   3.031871    4.90134    -0.0965    13.8155 0.0000e+00  -60.81533  -56.16100 1153257694 199.889994    34.7225 0.0000e+00
    990.000     1.2134   3.031531     1.2137   3.031890    4.90037    -0.0887    13.8155 0.0000e+00  -60.81533  -56.16100 1153257695 199.890006    34.7223 0.0000e+00
    991.000     1.2118   3.031436     1.2122   3.031798    4.89892    -0.0920    13.8155 0.0000e+00  -60.81533  -56.16100 1153257696 199.890018    34.7223 0.0000e+00
    992.000     1.2114   3.031443     1.2116   3.031786    4.89936    -0.0975    13.8155 0.0000e+00  -60.81533  -56.16100 1153257697 199.890034    34.7223 0.0000e+00
    993.000     1.2111   3.031456     1.2113   3.031788    4.90178    -0.1001    13.8155 0.0000e+00  -60.81533  -56.16100 1153257699 199.890059    34.7222 0.0000e+00
    994.000     1.2099   3.031393     1.2101   3.031734    4.90213    -0.0897    13.8155 0.0000e+00  -60.81533  -56.16100 1153257701 199.890077    34.7222 0.0000e+00
    995.000     1.2097   3.031434     1.2103   3.031804    4.90499    -0.0832    13.8155 0.0000e+00  -60.81533  -56.16100 1153257706 199.890137    34.7224 0.0000e+00
    996.000     1.2081   3.031326     1.2085   3.031675    4.90548    -0.0923    13.8155 0.0000e+00  -60.81533  -56.16100 1153257708 199.890162    34.7221 0.0000e+00
    997.000     1.2068   3.031251     1.2070   3.031586    4.90527    -0.0848    13.8155 0.0000e+00  -60.81533  -56.16100 1153257710 199.890180    34.7221 0.0000e+00
    998.000     1.2078   3.031386     1.2079   3.031714    4.90748    -0.0898    13.8155 0.0000e+00  -60.81533  -56.16100 1153257714 199.890229    34.7221 0.0000e+00
    999.000     1.2061   3.031272     1.2054   3.031538    4.90852    -0.0789    13.8155 0.0000e+00  -60.81533  -56.16100 1153257717 199.890267    34.7219 0.0000e+00
   1000.000     1.1980   3.030597     1.1984   3.030969    4.90742    -0.0944    13.8155 0.0000e+00  -60.81533  -56.16100 1153257719 199.890286    34.7219 0.0000e+00
   1001.000     1.1951   3.030383     1.1961   3.030802    4.90627    -0.1029    13.8155 0.0000e+00  -60.81533  -56.16100 1153257726 199.890371    34.7218 0.0000e+00
