product_data/regression_test/downloaded_data/MGDS/320620060703/ctd/p6619703.cnv
* Sea-Bird SBE 9 Data File:
* FileName = D:\Data\Raw\p6619703.dat
* Software Version Seasave Win32 V 5.32
* Temperature SN = 1649
* Conductivity SN = 1431
* Number of Bytes Per Scan = 37
* Number of Voltage Words = 5
* Number of Scans Averaged by the Deck Unit = 1
* NMEA Latitude = 60 45.00 S
* NMEA Longitude = 058 22.50 W
* NMEA UTC (Time) = 10:38:44
** Ship:   Nathaniel B. Palmer 
** Cruise:    NBP0606 
# nquan = 15
# nvalues = 990                         
# units = specified
# name 0 = prDM: Pressure, Digiquartz [db]
# name 1 = t090C: Temperature [ITS-90, deg C]
# name 2 = c0S/m: Conductivity [S/m]
# name 3 = t190C: Temperature, 2 [ITS-90, deg C]
# name 4 = c1S/m: Conductivity, 2 [S/m]
# name 5 = sbeox0ML/L: Oxygen, SBE 43 [ml/l]
# name 6 = flECO-AFL: Fluorescence, Wetlab ECO-AFL/FL [mg/m^3]
# name 7 = bat: Beam Attenuation, Chelsea/Seatech/Wetlab CStar [1/m]
# name 8 = spar: SPAR/Surface Irradiance
# name 9 = latitude: Latitude [deg]
# name 10 = longitude: Longitude [deg]
# name 11 = timeY: Time, System [seconds]
# name 12 = timeJ: Julian Days
# name 13 = sal00: Salinity [PSU]
# name 14 = flag: flag
# span 0 =     13.000,   1002.000       
# span 1 =    -1.0829,     2.1166       
# span 2 =   2.734830,   3.080198       
# span 3 =    -1.0821,     2.1172       
# span 4 =   2.735323,   3.080565       
# span 5 =    4.36701,    8.19374       
# span 6 =    -0.1043,     1.0698       
# span 7 =    13.8155,    13.8155       
# span 8 = 0.0000e+00, 0.0000e+00       
# span 9 =  -60.75000,  -60.75000       
# span 10 =  -58.37500,  -58.37500      
# span 11 = 1153823978, 1153825524      
# span 12 = 206.444194, 206.462107      
# span 13 =    33.8518,    34.7254      
# span 14 = 0.0000e+00, 0.0000e+00      
# interval = decibars: 1                
# start_time = Jul 25 2006 10:38:52
# bad_flag = -9.990e-29
*END*
[from data line 675]
    688.000     1.9339   3.079559     1.9339   3.079956    4.56933    -0.0547    13.8155 0.0000e+00  -60.75000  -58.37500 1153825076 206.456913    34.7053 0.0000e+00
    689.000     1.9324   3.079502     1.9326   3.079884    4.56934    -0.0646    13.8155 0.0000e+00  -60.75000  -58.37500 1153825076 206.456921    34.7057 0.0000e+00
    690.000     1.9320   3.079502     1.9320   3.079884    4.56846    -0.0699    13.8155 0.0000e+00  -60.75000  -58.37500 1153825077 206.456931    34.7057 0.0000e+00
    691.000     1.9315   3.079519     1.9316   3.079896    4.56987    -0.0702    13.8155 0.0000e+00  -60.75000  -58.37500 1153825079 206.456947    34.7058 0.0000e+00
    692.000     1.9323   3.079625     1.9324   3.080002    4.57310    -0.0834    13.8155 0.0000e+00  -60.75000  -58.37500 1153825081 206.456979    34.7056 0.0000e+00
    693.000     1.9295   3.079468     1.9296   3.079841    4.57335    -0.0848    13.8155 0.0000e+00  -60.75000  -58.37500 1153825083 206.456994    34.7062 0.0000e+00
    694.000     1.9284   3.079436     1.9284   3.079819    4.57349    -0.0734    13.8155 0.0000e+00  -60.75000  -58.37500 1153825084 206.457004    34.7064 0.0000e+00
    695.000     1.9279   3.079432     1.9278   3.079818    4.57473    -0.0800    13.8155 0.0000e+00  -60.75000  -58.37500 1153825084 206.457013    34.7064 0.0000e+00
    696.000     1.9272   3.079419     1.9272   3.079801    4.57563    -0.0750    13.8155 0.0000e+00  -60.75000  -58.37500 1153825085 206.457024    34.7065 0.0000e+00
    697.000     1.9272   3.079498     1.9273   3.079858    4.57679    -0.0725    13.8155 0.0000e+00  -60.75000  -58.37500 1153825088 206.457054    34.7068 0.0000e+00
    698.000     1.9264   3.079454     1.9263   3.079832    4.57807    -0.0553    13.8155 0.0000e+00  -60.75000  -58.37500 1153825089 206.457069    34.7066 0.0000e+00
    699.000     1.9255   3.079452     1.9257   3.079836    4.57995    -0.0705    13.8155 0.0000e+00  -60.75000  -58.37500 1153825090 206.457079    34.7071 0.0000e+00
    700.000     1.9256   3.079503     1.9257   3.079879    4.58042    -0.0703    13.8155 0.0000e+00  -60.75000  -58.37500 1153825091 206.457087    34.7069 0.0000e+00
    701.000     1.9255   3.079530     1.9255   3.079914    4.57917    -0.0733    13.8155 0.0000e+00  -60.75000  -58.37500 1153825091 206.457095    34.7069 0.0000e+00
    702.000     1.9249   3.079519     1.9249   3.079899    4.57821    -0.0671    13.8155 0.0000e+00  -60.75000  -58.37500 1153825092 206.457106    34.7069 0.0000e+00
    703.000     1.9256   3.079627     1.9258   3.080026    4.58146    -0.0696    13.8155 0.0000e+00  -60.75000  -58.37500 1153825097 206.457154    34.7068 0.0000e+00
    704.000     1.9245   3.079600     1.9245   3.079981    4.58008    -0.0685    13.8155 0.0000e+00  -60.75000  -58.37500 1153825097 206.457162    34.7073 0.0000e+00
    705.000     1.9236   3.079571     1.9236   3.079949    4.57885    -0.0771    13.8155 0.0000e+00  -60.75000  -58.37500 1153825098 206.457171    34.7073 0.0000e+00
    706.000     1.9233   3.079580     1.9231   3.079974    4.57760    -0.0605    13.8155 0.0000e+00  -60.75000  -58.37500 1153825099 206.457178    34.7071 0.0000e+00
    707.000     1.9230   3.079606     1.9226   3.079976    4.57868    -0.0826    13.8155 0.0000e+00  -60.75000  -58.37500 1153825099 206.457185    34.7072 0.0000e+00
    708.000     1.9224   3.079590     1.9221   3.079966    4.57849    -0.0671    13.8155 0.0000e+00  -60.75000  -58.37500 1153825100 206.457192    34.7070 0.0000e+00
    709.000     1.9225   3.079653     1.9225   3.080026    4.58310    -0.0823    13.8155 0.0000e+00  -60.75000  -58.37500 1153825103 206.457225    34.7072 0.0000e+00
    710.000     1.9217   3.079642     1.9224   3.080044    4.58634    -0.0663    13.8155 0.0000e+00  -60.75000  -58.37500 1153825105 206.457251    34.7074 0.0000e+00
    711.000     1.9201   3.079595     1.9200   3.079957    4.58583    -0.0877    13.8155 0.0000e+00  -60.75000  -58.37500 1153825106 206.457261    34.7078 0.0000e+00
    712.000     1.9193   3.079566     1.9195   3.079944    4.58579    -0.0856    13.8155 0.0000e+00  -60.75000  -58.37500 1153825106 206.457269    34.7080 0.0000e+00
    713.000     1.9193   3.079601     1.9192   3.079981    4.58500    -0.0850    13.8155 0.0000e+00  -60.75000  -58.37500 1153825107 206.457277    34.7079 0.0000e+00
    714.000     1.9191   3.079616     1.9191   3.079993    4.58544    -0.0761    13.8155 0.0000e+00  -60.75000  -58.37500 1153825108 206.457286    34.7078 0.0000e+00
    715.000     1.9188   3.079652     1.9190   3.080031    4.58572    -0.0780    13.8155 0.0000e+00  -60.75000  -58.37500 1153825110 206.457305    34.7080 0.0000e+00
    716.000     1.9187   3.079679     1.9188   3.080067    4.58471    -0.0691    13.8155 0.0000e+00  -60.75000  -58.37500 1153825111 206.457326    34.7078 0.0000e+00
    717.000     1.9181   3.079676     1.9181   3.080057    4.58547    -0.0588    13.8155 0.0000e+00  -60.75000  -58.37500 1153825113 206.457340    34.7079 0.0000e+00
    718.000     1.9179   3.079713     1.9179   3.080082    4.58595    -0.0609    13.8155 0.0000e+00  -60.75000  -58.37500 1153825114 206.457351    34.7080 0.0000e+00
    719.000     1.9175   3.079719     1.9176   3.080095    4.58688    -0.0727    13.8155 0.0000e+00  -60.75000  -58.37500 1153825115 206.457366    34.7080 0.0000e+00
    720.000     1.9173   3.079779     1.9173   3.080136    4.59156    -0.0650    13.8155 0.0000e+00  -60.75000  -58.37500 1153825119 206.457412    34.7083 0.0000e+00
    721.000     1.9149   3.079624     1.9149   3.080006    4.59077    -0.0621    13.8155 0.0000e+00  -60.75000  -58.37500 1153825120 206.457420    34.7086 0.0000e+00
    722.000     1.9119   3.079434     1.9120   3.079823    4.58976    -0.0748    13.8155 0.0000e+00  -60.75000  -58.37500 1153825120 206.457428    34.7090 0.0000e+00
    723.000     1.9106   3.079379     1.9104   3.079778    4.58875    -0.0886    13.8155 0.0000e+00  -60.75000  -58.37500 1153825121 206.457436    34.7092 0.0000e+00
    724.000     1.9099   3.079367     1.9095   3.079758    4.58940    -0.0754    13.8155 0.0000e+00  -60.75000  -58.37500 1153825121 206.457443    34.7093 0.0000e+00
    725.000     1.9085   3.079314     1.9080   3.079703    4.59006    -0.0701    13.8155 0.0000e+00  -60.75000  -58.37500 1153825122 206.457449    34.7096 0.0000e+00
    726.000     1.9078   3.079301     1.9071   3.079669    4.59021    -0.0753    13.8155 0.0000e+00  -60.75000  -58.37500 1153825123 206.457456    34.7097 0.0000e+00
    727.000     1.9065   3.079251     1.9061   3.079609    4.59337    -0.0676    13.8155 0.0000e+00  -60.75000  -58.37500 1153825124 206.457470    34.7099 0.0000e+00
    728.000     1.9085   3.079458     1.9080   3.079785    4.59609    -0.0754    13.8155 0.0000e+00  -60.75000  -58.37500 1153825127 206.457504    34.7097 0.0000e+00
    729.000     1.9050   3.079240     1.9047   3.079591    4.59979    -0.0768    13.8155 0.0000e+00  -60.75000  -58.37500 1153825130 206.457535    34.7102 0.0000e+00
    730.000     1.9030   3.079136     1.9031   3.079512    4.60171    -0.0733    13.8155 0.0000e+00  -60.75000  -58.37500 1153825131 206.457549    34.7105 0.0000e+00
    731.000     1.9025   3.079139     1.9026   3.079526    4.60477    -0.0664    13.8155 0.0000e+00  -60.75000  -58.37500 1153825132 206.457560    34.7106 0.0000e+00
    732.000     1.9023   3.079170     1.9023   3.079553    4.60541    -0.0563    13.8155 0.0000e+00  -60.75000  -58.37500 1153825132 206.457569    34.7106 0.0000e+00
    733.000     1.9020   3.079203     1.9021   3.079584    4.60475    -0.0629    13.8155 0.0000e+00  -60.75000  -58.37500 1153825133 206.457576    34.7108 0.0000e+00
    734.000     1.9019   3.079218     1.9017   3.079591    4.60508    -0.0758    13.8155 0.0000e+00  -60.75000  -58.37500 1153825134 206.457584    34.7106 0.0000e+00
    735.000     1.9016   3.079233     1.9013   3.079612    4.60466    -0.0808    13.8155 0.0000e+00  -60.75000  -58.37500 1153825134 206.457591    34.7105 0.0000e+00
    736.000     1.9002   3.079173     1.9001   3.079543    4.60306    -0.0767    13.8155 0.0000e+00  -60.75000  -58.37500 1153825135 206.457603    34.7108 0.0000e+00
    737.000     1.9005   3.079254     1.8998   3.079569    4.60543    -0.0667    13.8155 0.0000e+00  -60.75000  -58.37500 1153825139 206.457650    34.7108 0.0000e+00
    738.000     1.8985   3.079137     1.8983   3.079494    4.60661    -0.0654    13.8155 0.0000e+00  -60.75000  -58.37500 1153825140 206.457662    34.7110 0.0000e+00
    739.000     1.8948   3.078887     1.8947   3.079272    4.60728    -0.0692    13.8155 0.0000e+00  -60.75000  -58.37500 1153825141 206.457674    34.7115 0.0000e+00
    740.000     1.8912   3.078654     1.8913   3.079036    4.60781    -0.0623    13.8155 0.0000e+00  -60.75000  -58.37500 1153825142 206.457685    34.7119 0.0000e+00
    741.000     1.8896   3.078576     1.8897   3.078954    4.61039    -0.0668    13.8155 0.0000e+00  -60.75000  -58.37500 1153825143 206.457695    34.7123 0.0000e+00
    742.000     1.8886   3.078537     1.8887   3.078922    4.61036    -0.0581    13.8155 0.0000e+00  -60.75000  -58.37500 1153825144 206.457707    34.7122 0.0000e+00
    743.000     1.8873   3.078477     1.8873   3.078859    4.61109    -0.0800    13.8155 0.0000e+00  -60.75000  -58.37500 1153825145 206.457720    34.7124 0.0000e+00
    744.000     1.8868   3.078490     1.8868   3.078873    4.61100    -0.0583    13.8155 0.0000e+00  -60.75000  -58.37500 1153825147 206.457734    34.7126 0.0000e+00
    745.000     1.8865   3.078514     1.8866   3.078887    4.61007    -0.0785    13.8155 0.0000e+00  -60.75000  -58.37500 1153825148 206.457747    34.7126 0.0000e+00
    746.000     1.8860   3.078520     1.8861   3.078900    4.61050    -0.0676    13.8155 0.0000e+00  -60.75000  -58.37500 1153825149 206.457759    34.7126 0.0000e+00
    747.000     1.8851   3.078497     1.8849   3.078846    4.61315    -0.0740    13.8155 0.0000e+00  -60.75000  -58.37500 1153825151 206.457780    34.7128 0.0000e+00
    748.000     1.8859   3.078611     1.8857   3.078970    4.61843    -0.0781    13.8155 0.0000e+00  -60.75000  -58.37500 1153825154 206.457814    34.7127 0.0000e+00
    749.000     1.8825   3.078383     1.8825   3.078774    4.61834    -0.0751    13.8155 0.0000e+00  -60.75000  -58.37500 1153825154 206.457824    34.7131 0.0000e+00
    750.000     1.8819   3.078386     1.8818   3.078772    4.61865    -0.0712    13.8155 0.0000e+00  -60.75000  -58.37500 1153825155 206.457833    34.7132 0.0000e+00
    751.000     1.8798   3.078264     1.8797   3.078642    4.61928    -0.0778    13.8155 0.0000e+00  -60.75000  -58.37500 1153825156 206.457841    34.7134 0.0000e+00
    752.000     1.8777   3.078135     1.8777   3.078524    4.61738    -0.0719    13.8155 0.0000e+00  -60.75000  -58.37500 1153825157 206.457850    34.7135 0.0000e+00
    753.000     1.8766   3.078089     1.8766   3.078480    4.61938    -0.0735    13.8155 0.0000e+00  -60.75000  -58.37500 1153825158 206.457861    34.7137 0.0000e+00
    754.000     1.8752   3.078015     1.8751   3.078384    4.62072    -0.0750    13.8155 0.0000e+00  -60.75000  -58.37500 1153825159 206.457881    34.7137 0.0000e+00
    755.000     1.8745   3.078017     1.8746   3.078402    4.62131    -0.0707    13.8155 0.0000e+00  -60.75000  -58.37500 1153825161 206.457899    34.7139 0.0000e+00
    756.000     1.8745   3.078062     1.8745   3.078448    4.62209    -0.0698    13.8155 0.0000e+00  -60.75000  -58.37500 1153825162 206.457912    34.7139 0.0000e+00
    757.000     1.8738   3.078064     1.8740   3.078444    4.62123    -0.0684    13.8155 0.0000e+00  -60.75000  -58.37500 1153825163 206.457924    34.7141 0.0000e+00
    758.000     1.8731   3.078039     1.8731   3.078417    4.62047    -0.0742    13.8155 0.0000e+00  -60.75000  -58.37500 1153825164 206.457936    34.7140 0.0000e+00
    759.000     1.8720   3.077987     1.8720   3.078365    4.61973    -0.0707    13.8155 0.0000e+00  -60.75000  -58.37500 1153825166 206.457953    34.7141 0.0000e+00
    760.000     1.8713   3.077975     1.8713   3.078351    4.62059    -0.0752    13.8155 0.0000e+00  -60.75000  -58.37500 1153825168 206.457978    34.7141 0.0000e+00
    761.000     1.8705   3.077965     1.8705   3.078347    4.61934    -0.0694    13.8155 0.0000e+00  -60.75000  -58.37500 1153825169 206.457994    34.7143 0.0000e+00
    762.000     1.8694   3.077924     1.8695   3.078309    4.62167    -0.0677    13.8155 0.0000e+00  -60.75000  -58.37500 1153825170 206.458005    34.7144 0.0000e+00
    763.000     1.8689   3.077921     1.8690   3.078308    4.62134    -0.0697    13.8155 0.0000e+00  -60.75000  -58.37500 1153825171 206.458016    34.7144 0.0000e+00
    764.000     1.8685   3.077939     1.8686   3.078316    4.62364    -0.0711    13.8155 0.0000e+00  -60.75000  -58.37500 1153825172 206.458027    34.7144 0.0000e+00
    765.000     1.8683   3.077968     1.8685   3.078351    4.62423    -0.0783    13.8155 0.0000e+00  -60.75000  -58.37500 1153825173 206.458042    34.7145 0.0000e+00
    766.000     1.8683   3.078011     1.8684   3.078389    4.62171    -0.0749    13.8155 0.0000e+00  -60.75000  -58.37500 1153825175 206.458058    34.7145 0.0000e+00
    767.000     1.8678   3.078014     1.8678   3.078391    4.62225    -0.0820    13.8155 0.0000e+00  -60.75000  -58.37500 1153825176 206.458073    34.7145 0.0000e+00
    768.000     1.8677   3.078049     1.8677   3.078432    4.62234    -0.0693    13.8155 0.0000e+00  -60.75000  -58.37500 1153825177 206.458088    34.7144 0.0000e+00
    769.000     1.8676   3.078092     1.8676   3.078468    4.62285    -0.0789    13.8155 0.0000e+00  -60.75000  -58.37500 1153825179 206.458103    34.7145 0.0000e+00
    770.000     1.8673   3.078108     1.8673   3.078485    4.62352    -0.0690    13.8155 0.0000e+00  -60.75000  -58.37500 1153825180 206.458117    34.7146 0.0000e+00
    771.000     1.8673   3.078159     1.8674   3.078530    4.62464    -0.0828    13.8155 0.0000e+00  -60.75000  -58.37500 1153825181 206.458133    34.7146 0.0000e+00
    772.000     1.8672   3.078193     1.8673   3.078570    4.62804    -0.0707    13.8155 0.0000e+00  -60.75000  -58.37500 1153825183 206.458151    34.7145 0.0000e+00
    773.000     1.8670   3.078216     1.8670   3.078595    4.62743    -0.0668    13.8155 0.0000e+00  -60.75000  -58.37500 1153825184 206.458166    34.7145 0.0000e+00
    774.000     1.8669   3.078254     1.8670   3.078634    4.62866    -0.0671    13.8155 0.0000e+00  -60.75000  -58.37500 1153825185 206.458178    34.7146 0.0000e+00
    775.000     1.8667   3.078289     1.8668   3.078677    4.62866    -0.0694    13.8155 0.0000e+00  -60.75000  -58.37500 1153825186 206.458189    34.7147 0.0000e+00
    776.000     1.8664   3.078305     1.8665   3.078692    4.62713    -0.0627    13.8155 0.0000e+00  -60.75000  -58.37500 1153825187 206.458201    34.7146 0.0000e+00
    777.000     1.8662   3.078334     1.8664   3.078710    4.62835    -0.0702    13.8155 0.0000e+00  -60.75000  -58.37500 1153825189 206.458219    34.7146 0.0000e+00
    778.000     1.8654   3.078318     1.8655   3.078687    4.63096    -0.0604    13.8155 0.0000e+00  -60.75000  -58.37500 1153825191 206.458244    34.7147 0.0000e+00
    779.000     1.8649   3.078326     1.8650   3.078707    4.63140    -0.0646    13.8155 0.0000e+00  -60.75000  -58.37500 1153825192 206.458259    34.7149 0.0000e+00
    780.000     1.8644   3.078342     1.8645   3.078724    4.63111    -0.0862    13.8155 0.0000e+00  -60.75000  -58.37500 1153825193 206.458269    34.7151 0.0000e+00
    781.000     1.8620   3.078188     1.8620   3.078564    4.63100    -0.0655    13.8155 0.0000e+00  -60.75000  -58.37500 1153825194 206.458278    34.7152 0.0000e+00
    782.000     1.8590   3.077984     1.8591   3.078384    4.63280    -0.0722    13.8155 0.0000e+00  -60.75000  -58.37500 1153825194 206.458286    34.7155 0.0000e+00
    783.000     1.8560   3.077781     1.8560   3.078164    4.63555    -0.0798    13.8155 0.0000e+00  -60.75000  -58.37500 1153825195 206.458296    34.7158 0.0000e+00
