product_data/regression_test/downloaded_data/MGDS/320620060703/ctd/p6611701.ros
* Sea-Bird SBE 9 Data File:
* FileName = D:\Data\Raw\p6611701.dat
* Software Version Seasave Win32 V 5.32
* Temperature SN = 1649
* Conductivity SN = 1431
* Number of Bytes Per Scan = 37
* Number of Voltage Words = 5
* Number of Scans Averaged by the Deck Unit = 1
* NMEA Latitude = 61 16.10 S
* NMEA Longitude = 054 17.11 W
* NMEA UTC (Time) = 18:41:16
** Ship:   Nathaniel B. Palmer 
** Cruise:    NBP0606 
# nquan = 17
# nvalues = 245                     
# units = specified
# name 0 = prDM: Pressure, Digiquartz [db]
# name 1 = t090C: Temperature [ITS-90, deg C]
# name 2 = c0S/m: Conductivity [S/m]
# name 3 = t190C: Temperature, 2 [ITS-90, deg C]
# name 4 = c1S/m: Conductivity, 2 [S/m]
# name 5 = sbeox0ML/L: Oxygen, SBE 43 [ml/l]
# name 6 = flECO-AFL: Fluorescence, Wetlab ECO-AFL/FL [mg/m^3]
# name 7 = bat: Beam Attenuation, Chelsea/Seatech/Wetlab CStar [1/m]
# name 8 = spar: SPAR/Surface Irradiance
# name 9 = latitude: Latitude [deg]
# name 10 = longitude: Longitude [deg]
# name 11 = timeY: Time, System [seconds]
# name 12 = timeJ: Julian Days
# name 13 = sal00: Salinity [PSU]
# name 14 = scan: scan number
# name 15 = nbf: number of bottles fired
# name 16 = flag:  0.000e+00
# interval = seconds: 0.0416667                   
# start_time = Jul 14 2006 18:41:23
*END*
     50.103    -0.8526   2.785586    -0.8505   2.786212    6.97754     0.0972    13.8155 1.1689e+01  -61.26833  -54.28517 1152902656 195.780758    34.3558       4189          1  0.000e+00
     50.103    -0.8530   2.785576    -0.8508   2.786200    6.97761     0.1188    13.8155 1.1689e+01  -61.26833  -54.28517 1152902656 195.780759    34.3562       4190          1  0.000e+00
     50.103    -0.8524   2.785570    -0.8511   2.786177    6.97284     0.1403    13.8155 9.7407e+00  -61.26833  -54.28517 1152902656 195.780759    34.3554       4191          1  0.000e+00
     50.027    -0.8524   2.785589    -0.8511   2.786142    6.97275     0.1510    13.8155 1.1689e+01  -61.26833  -54.28517 1152902656 195.780760    34.3558       4192          1  0.000e+00
     50.027    -0.8522   2.785576    -0.8522   2.786119    6.97742     0.1618    13.8155 1.1689e+01  -61.26833  -54.28517 1152902656 195.780760    34.3553       4193          1  0.000e+00
     50.103    -0.8526   2.785570    -0.8533   2.786032    6.97755     0.1618    13.8155 1.1689e+01  -61.26833  -54.28517 1152902656 195.780761    34.3556       4194          1  0.000e+00
     49.960    -0.8529   2.785553    -0.8536   2.785968    6.97747     0.1510    13.8155 1.1689e+01  -61.26833  -54.28517 1152902656 195.780761    34.3558       4195          1  0.000e+00
     50.027    -0.8529   2.785514    -0.8540   2.785933    6.97756     0.1080    13.8155 1.1689e+01  -61.26833  -54.28517 1152902656 195.780761    34.3552       4196          1  0.000e+00
     50.027    -0.8538   2.785454    -0.8545   2.785846    6.97773     0.1188    13.8155 1.1689e+01  -61.26833  -54.28517 1152902656 195.780762    34.3555       4197          1  0.000e+00
     50.027    -0.8543   2.785368    -0.8554   2.785782    6.97785     0.1403    13.8155 1.1689e+01  -61.26833  -54.28517 1152902656 195.780762    34.3548       4198          1  0.000e+00
     49.960    -0.8550   2.785299    -0.8551   2.785770    6.97794     0.1726    13.8155 1.1689e+01  -61.26833  -54.28517 1152902656 195.780763    34.3548       4199          1  0.000e+00
     49.960    -0.8555   2.785213    -0.8551   2.785730    6.97806     0.1726    13.8155 1.1689e+01  -61.26833  -54.28517 1152902657 195.780763    34.3542       4200          1  0.000e+00
     49.960    -0.8555   2.785190    -0.8545   2.785753    6.97807     0.1188    13.8155 1.1689e+01  -61.26833  -54.28517 1152902657 195.780764    34.3539       4201          1  0.000e+00
     49.960    -0.8554   2.785223    -0.8545   2.785788    6.97804     0.0972    13.8155 1.1689e+01  -61.26833  -54.28517 1152902657 195.780764    34.3542       4202          1  0.000e+00
     49.960    -0.8549   2.785236    -0.8547   2.785817    6.97796     0.1080    13.8155 1.1689e+01  -61.26833  -54.28517 1152902657 195.780765    34.3538       4203          1  0.000e+00
     49.893    -0.8552   2.785220    -0.8545   2.785782    6.97794     0.1403    13.8155 1.1689e+01  -61.26833  -54.28517 1152902657 195.780765    34.3540       4204          1  0.000e+00
     49.893    -0.8556   2.785197    -0.8545   2.785770    6.97802     0.1510    13.8155 1.1689e+01  -61.26833  -54.28517 1152902657 195.780766    34.3542       4205          1  0.000e+00
     49.893    -0.8552   2.785190    -0.8545   2.785788    6.97796     0.1403    13.8155 1.1689e+01  -61.26833  -54.28517 1152902657 195.780766    34.3536       4206          1  0.000e+00
     49.960    -0.8552   2.785223    -0.8543   2.785753    6.97801     0.1618    13.8155 1.1689e+01  -61.26833  -54.28517 1152902657 195.780767    34.3540       4207          1  0.000e+00
     49.817    -0.8556   2.785220    -0.8545   2.785741    6.97794     0.1618    13.8155 1.1689e+01  -61.26833  -54.28517 1152902657 195.780767    34.3545       4208          1  0.000e+00
     49.884    -0.8555   2.785180    -0.8545   2.785759    6.97801     0.1403    13.8155 1.1689e+01  -61.26833  -54.28517 1152902657 195.780768    34.3538       4209          1  0.000e+00
     49.893    -0.8562   2.785121    -0.8550   2.785788    6.97815     0.1510    13.8155 1.1689e+01  -61.26833  -54.28517 1152902657 195.780768    34.3538       4210          1  0.000e+00
     49.817    -0.8561   2.785084    -0.8547   2.785799    6.97809     0.1403    13.8155 1.1689e+01  -61.26833  -54.28517 1152902657 195.780769    34.3533       4211          1  0.000e+00
     49.893    -0.8563   2.785094    -0.8547   2.785817    6.97818     0.1295    13.8155 1.1689e+01  -61.26833  -54.28517 1152902657 195.780769    34.3535       4212          1  0.000e+00
     49.817    -0.8569   2.785084    -0.8542   2.785799    6.97820     0.1618    13.8155 1.1689e+01  -61.26833  -54.28517 1152902657 195.780770    34.3541       4213          1  0.000e+00
     49.817    -0.8566   2.785094    -0.8543   2.785753    6.97815     0.1726    13.8155 1.1689e+01  -61.26833  -54.28517 1152902657 195.780770    34.3539       4214          1  0.000e+00
     49.817    -0.8561   2.785117    -0.8553   2.785683    6.97807     0.1618    13.8155 1.1689e+01  -61.26833  -54.28517 1152902657 195.780771    34.3537       4215          1  0.000e+00
     49.817    -0.8564   2.785124    -0.8564   2.785643    6.97811     0.1618    13.8155 1.1689e+01  -61.26833  -54.28517 1152902657 195.780771    34.3541       4216          1  0.000e+00
     49.817    -0.8564   2.785091    -0.8574   2.785532    6.97813     0.1618    13.8155 1.1689e+01  -61.26833  -54.28517 1152902657 195.780772    34.3537       4217          1  0.000e+00
     49.750    -0.8565   2.785061    -0.8577   2.785422    6.97810     0.1403    13.8155 1.1689e+01  -61.26833  -54.28517 1152902657 195.780772    34.3534       4218          1  0.000e+00
     49.817    -0.8569   2.785058    -0.8579   2.785399    6.97822     0.1295    13.8155 1.1689e+01  -61.26833  -54.28517 1152902657 195.780773    34.3537       4219          1  0.000e+00
     49.817    -0.8566   2.785088    -0.8586   2.785376    6.97816     0.1403    13.8155 1.1689e+01  -61.26833  -54.28517 1152902657 195.780773    34.3538       4220          1  0.000e+00
     49.750    -0.8564   2.785051    -0.8581   2.785352    6.97809     0.1618    13.8155 1.1689e+01  -61.26833  -54.28517 1152902657 195.780774    34.3532       4221          1  0.000e+00
     49.817    -0.8569   2.785035    -0.8577   2.785382    6.97823     0.1833    13.8155 1.1689e+01  -61.26833  -54.28517 1152902657 195.780774    34.3534       4222          1  0.000e+00
     49.750    -0.8569   2.785051    -0.8576   2.785416    6.97816     0.1833    13.8155 1.1689e+01  -61.26833  -54.28517 1152902657 195.780774    34.3537       4223          1  0.000e+00
     49.817    -0.8572   2.785038    -0.8573   2.785463    6.97827     0.1833    13.8155 1.1689e+01  -61.26833  -54.28517 1152902658 195.780775    34.3538       4224          1  0.000e+00
     49.750    -0.8564   2.785035    -0.8567   2.785498    6.97810     0.1618    13.8155 1.1689e+01  -61.26833  -54.28517 1152902658 195.780775    34.3529       4225          1  0.000e+00
     49.817    -0.8568   2.785035    -0.8560   2.785503    6.97822     0.1510    13.8155 1.1689e+01  -61.26833  -54.28517 1152902658 195.780776    34.3533       4226          1  0.000e+00
     49.750    -0.8572   2.784999    -0.8561   2.785521    6.98293     0.1403    13.8155 1.1689e+01  -61.26833  -54.28517 1152902658 195.780776    34.3533       4227          1  0.000e+00
     49.817    -0.8567   2.784989    -0.8562   2.785532    6.97824     0.1403    13.8155 1.1689e+01  -61.26833  -54.28517 1152902658 195.780777    34.3526       4228          1  0.000e+00
     49.750    -0.8577   2.784939    -0.8567   2.785550    6.97834     0.1188    13.8155 1.1689e+01  -61.26833  -54.28517 1152902658 195.780777    34.3531       4229          1  0.000e+00
     49.674    -0.8583   2.784923    -0.8566   2.785515    6.97836     0.1188    13.8155 1.1689e+01  -61.26833  -54.28517 1152902658 195.780778    34.3536       4230          1  0.000e+00
     49.893    -0.8577   2.784873    -0.8568   2.785486    6.97852     0.1403    13.8155 1.1689e+01  -61.26833  -54.28517 1152902658 195.780778    34.3521       4231          1  0.000e+00
     49.750    -0.8586   2.784837    -0.8568   2.785480    6.97853     0.1080    13.8155 1.1689e+01  -61.26833  -54.28517 1152902658 195.780779    34.3527       4232          1  0.000e+00
     49.817    -0.8583   2.784801    -0.8576   2.785440    6.97859     0.1295    13.8155 1.3637e+01  -61.26833  -54.28517 1152902658 195.780779    34.3519       4233          1  0.000e+00
     49.750    -0.8586   2.784754    -0.8571   2.785445    6.97859     0.1833    13.8155 1.1689e+01  -61.26833  -54.28517 1152902658 195.780780    34.3516       4234          1  0.000e+00
     49.817    -0.8591   2.784712    -0.8571   2.785469    6.97875     0.1618    13.8155 1.3637e+01  -61.26833  -54.28517 1152902658 195.780780    34.3515       4235          1  0.000e+00
     49.817    -0.8597   2.784702    -0.8570   2.785480    6.97884     0.1726    13.8155 1.1689e+01  -61.26833  -54.28517 1152902658 195.780781    34.3521       4236          1  0.000e+00
     49.817    -0.8592   2.784682    -0.8566   2.785515    6.97879     0.1833    13.8155 1.3637e+01  -61.26833  -54.28517 1152902658 195.780781    34.3513       4237          1  0.000e+00
     40.703    -0.8770   2.781967    -0.8757   2.782629    7.05398     0.0757    13.8155 9.7407e+00  -61.26833  -54.28517 1152902744 195.781778    34.3403       6303          2  0.000e+00
     40.703    -0.8770   2.781934    -0.8768   2.782553    7.05400     0.1188    13.8155 9.7407e+00  -61.26833  -54.28517 1152902744 195.781778    34.3399       6304          2  0.000e+00
     40.703    -0.8777   2.781921    -0.8774   2.782431    7.05881     0.1403    13.8155 9.7407e+00  -61.26833  -54.28517 1152902744 195.781779    34.3406       6305          2  0.000e+00
     40.769    -0.8787   2.781911    -0.8786   2.782338    7.05901     0.1295    13.8155 9.7407e+00  -61.26833  -54.28517 1152902744 195.781779    34.3415       6306          2  0.000e+00
     40.560    -0.8787   2.781849    -0.8788   2.782298    7.05885     0.1295    13.8155 9.7407e+00  -61.26833  -54.28517 1152902744 195.781780    34.3408       6307          2  0.000e+00
     40.703    -0.8791   2.781806    -0.8812   2.782170    7.05908     0.1618    13.8155 9.7407e+00  -61.26833  -54.28517 1152902744 195.781780    34.3406       6308          2  0.000e+00
     40.626    -0.8802   2.781756    -0.8837   2.782014    7.05920     0.1403    13.8155 9.7407e+00  -61.26833  -54.28517 1152902744 195.781780    34.3412       6309          2  0.000e+00
     40.626    -0.8807   2.781694    -0.8831   2.781979    7.05930     0.0972    13.8155 9.7407e+00  -61.26833  -54.28517 1152902744 195.781781    34.3409       6310          2  0.000e+00
     40.626    -0.8805   2.781717    -0.8820   2.782054    7.05927     0.0650    13.8155 9.7407e+00  -61.26833  -54.28517 1152902744 195.781781    34.3411       6311          2  0.000e+00
     40.626    -0.8810   2.781690    -0.8814   2.782101    7.05466     0.0865    13.8155 9.7407e+00  -61.26833  -54.28517 1152902745 195.781782    34.3412       6312          2  0.000e+00
     40.560    -0.8819   2.781657    -0.8806   2.782164    7.05475     0.1403    13.8155 9.7407e+00  -61.26833  -54.28517 1152902745 195.781782    34.3419       6313          2  0.000e+00
     40.560    -0.8810   2.781644    -0.8804   2.782188    7.05932     0.1403    13.8155 9.7407e+00  -61.26833  -54.28517 1152902745 195.781783    34.3406       6314          2  0.000e+00
     40.560    -0.8807   2.781667    -0.8805   2.782188    7.05925     0.1295    13.8155 9.7407e+00  -61.26833  -54.28517 1152902745 195.781783    34.3406       6315          2  0.000e+00
     40.493    -0.8810   2.781667    -0.8803   2.782188    7.05923     0.1188    13.8155 9.7407e+00  -61.26833  -54.28517 1152902745 195.781784    34.3410       6316          2  0.000e+00
     40.560    -0.8815   2.781654    -0.8802   2.782188    7.05937     0.1080    13.8155 9.7407e+00  -61.26833  -54.28517 1152902745 195.781784    34.3413       6317          2  0.000e+00
     40.493    -0.8813   2.781654    -0.8805   2.782188    7.05459     0.0972    13.8155 9.7407e+00  -61.26833  -54.28517 1152902745 195.781785    34.3411       6318          2  0.000e+00
     40.493    -0.8810   2.781661    -0.8799   2.782188    7.05455     0.1403    13.8155 9.7407e+00  -61.26833  -54.28517 1152902745 195.781785    34.3409       6319          2  0.000e+00
     40.417    -0.8807   2.781604    -0.8802   2.782205    7.05916     0.1403    13.8155 9.7407e+00  -61.26833  -54.28517 1152902745 195.781786    34.3398       6320          2  0.000e+00
     40.493    -0.8813   2.781618    -0.8803   2.782193    7.05931     0.1295    13.8155 9.7407e+00  -61.26833  -54.28517 1152902745 195.781786    34.3406       6321          2  0.000e+00
     40.417    -0.8819   2.781604    -0.8807   2.782170    7.05933     0.1295    13.8155 9.7407e+00  -61.26833  -54.28517 1152902745 195.781787    34.3412       6322          2  0.000e+00
     40.417    -0.8810   2.781621    -0.8805   2.782182    7.05450     0.0972    13.8155 9.7407e+00  -61.26833  -54.28517 1152902745 195.781787    34.3404       6323          2  0.000e+00
     40.417    -0.8810   2.781621    -0.8802   2.782188    7.05919     0.0327    13.8155 9.7407e+00  -61.26833  -54.28517 1152902745 195.781788    34.3404       6324          2  0.000e+00
     40.417    -0.8815   2.781595    -0.8802   2.782199    7.05927     0.0757    13.8155 9.7407e+00  -61.26833  -54.28517 1152902745 195.781788    34.3406       6325          2  0.000e+00
     40.350    -0.8810   2.781568    -0.8802   2.782188    7.05916     0.1188    13.8155 9.7407e+00  -61.26833  -54.28517 1152902745 195.781789    34.3397       6326          2  0.000e+00
     40.350    -0.8811   2.781621    -0.8801   2.782170    7.05445     0.1403    13.8155 9.7407e+00  -61.26833  -54.28517 1152902745 195.781789    34.3406       6327          2  0.000e+00
     40.350    -0.8821   2.781601    -0.8802   2.782164    7.05929     0.1403    13.8155 9.7407e+00  -61.26833  -54.28517 1152902745 195.781790    34.3414       6328          2  0.000e+00
     40.350    -0.8813   2.781618    -0.8802   2.782199    7.05917     0.1403    13.8155 9.7407e+00  -61.26833  -54.28517 1152902745 195.781790    34.3407       6329          2  0.000e+00
     40.283    -0.8809   2.781621    -0.8803   2.782176    7.05904     0.1403    13.8155 9.7407e+00  -61.26833  -54.28517 1152902745 195.781791    34.3403       6330          2  0.000e+00
     40.350    -0.8821   2.781562    -0.8802   2.782164    7.05932     0.1295    13.8155 9.7407e+00  -61.26833  -54.28517 1152902745 195.781791    34.3409       6331          2  0.000e+00
     40.283    -0.8824   2.781499    -0.8801   2.782182    7.05934     0.1188    13.8155 9.7407e+00  -61.26833  -54.28517 1152902745 195.781792    34.3404       6332          2  0.000e+00
     40.274    -0.8824   2.781476    -0.8802   2.782187    7.05465     0.1188    13.8155 7.7926e+00  -61.26833  -54.28517 1152902745 195.781792    34.3401       6333          2  0.000e+00
     40.207    -0.8833   2.781439    -0.8802   2.782170    7.05474     0.1403    13.8155 9.7407e+00  -61.26833  -54.28517 1152902745 195.781793    34.3407       6334          2  0.000e+00
     40.207    -0.8832   2.781420    -0.8802   2.782164    7.05942     0.1295    13.8155 9.7407e+00  -61.26833  -54.28517 1152902745 195.781793    34.3403       6335          2  0.000e+00
     40.283    -0.8836   2.781443    -0.8799   2.782164    7.05955     0.1295    13.8155 9.7407e+00  -61.26833  -54.28517 1152902745 195.781793    34.3411       6336          2  0.000e+00
     40.207    -0.8837   2.781433    -0.8805   2.782182    7.05949     0.1295    13.8155 9.7407e+00  -61.26833  -54.28517 1152902746 195.781794    34.3410       6337          2  0.000e+00
     40.140    -0.8838   2.781453    -0.8800   2.782187    7.05942     0.0972    13.8155 9.7407e+00  -61.26833  -54.28517 1152902746 195.781794    34.3414       6338          2  0.000e+00
