product_data/regression_test/downloaded_data/MGDS/320620060703/ctd/p6619404.ros
* Sea-Bird SBE 9 Data File:
* FileName = D:\Data\Raw\p6619404.dat
* Software Version Seasave Win32 V 5.32
* Temperature SN = 1649
* Conductivity SN = 1431
* Number of Bytes Per Scan = 37
* Number of Voltage Words = 5
* Number of Scans Averaged by the Deck Unit = 1
* NMEA Latitude = 60 37.19 S
* NMEA Longitude = 055 40.25 W
* NMEA UTC (Time) = 04:56:00
** Ship:   Nathaniel B. Palmer 
** Cruise:    NBP0606 
# nquan = 17
# nvalues = 1176                    
# units = specified
# name 0 = prDM: Pressure, Digiquartz [db]
# name 1 = t090C: Temperature [ITS-90, deg C]
# name 2 = c0S/m: Conductivity [S/m]
# name 3 = t190C: Temperature, 2 [ITS-90, deg C]
# name 4 = c1S/m: Conductivity, 2 [S/m]
# name 5 = sbeox0ML/L: Oxygen, SBE 43 [ml/l]
# name 6 = flECO-AFL: Fluorescence, Wetlab ECO-AFL/FL [mg/m^3]
# name 7 = bat: Beam Attenuation, Chelsea/Seatech/Wetlab CStar [1/m]
# name 8 = spar: SPAR/Surface Irradiance
# name 9 = latitude: Latitude [deg]
# name 10 = longitude: Longitude [deg]
# name 11 = timeY: Time, System [seconds]
# name 12 = timeJ: Julian Days
# name 13 = sal00: Salinity [PSU]
# name 14 = scan: scan number
# name 15 = nbf: number of bottles fired
# name 16 = flag:  0.000e+00
# interval = seconds: 0.0416667                   
# start_time = Jul 24 2006 04:56:08
*END*
[from data line 256]
    150.024    -0.6479   2.803655    -0.6461   2.804271    7.23322    -0.0319    13.8155 0.0000e+00  -60.61983  -55.67083 1153719850 205.239030    34.3057      69221          6  0.000e+00
    150.024    -0.6455   2.804059    -0.6456   2.804399    7.23261    -0.0426    13.8155 0.0000e+00  -60.61983  -55.67083 1153719850 205.239030    34.3085      69222          6  0.000e+00
    150.034    -0.6424   2.804440    -0.6464   2.804352    7.23191    -0.0642    13.8155 0.0000e+00  -60.61983  -55.67083 1153719850 205.239031    34.3101      69223          6  0.000e+00
    150.101    -0.6398   2.804764    -0.6468   2.804323    7.22665    -0.0426    13.8155 0.0000e+00  -60.61983  -55.67083 1153719850 205.239031    34.3115      69224          6  0.000e+00
    149.957    -0.6382   2.804893    -0.6459   2.804341    7.22619    -0.0211    13.8155 0.0000e+00  -60.61983  -55.67083 1153719850 205.239032    34.3116      69225          6  0.000e+00
    150.024    -0.6375   2.804661    -0.6448   2.804416    7.22630    -0.0211    13.8155 0.0000e+00  -60.61983  -55.67083 1153719851 205.239032    34.3075      69226          6  0.000e+00
    150.034    -0.6406   2.804317    -0.6427   2.804544    7.22699    -0.0426    13.8155 0.0000e+00  -60.61983  -55.67083 1153719851 205.239033    34.3064      69227          6  0.000e+00
    149.957    -0.6441   2.804082    -0.6411   2.804707    7.22759    -0.0319    13.8155 0.0000e+00  -60.61983  -55.67083 1153719851 205.239033    34.3073      69228          6  0.000e+00
    150.024    -0.6461   2.803953    -0.6422   2.804731    7.22803    -0.0426    13.8155 0.0000e+00  -60.61983  -55.67083 1153719851 205.239034    34.3078      69229          6  0.000e+00
    149.957    -0.6479   2.803850    -0.6432   2.804643    7.22828    -0.0319    13.8155 0.0000e+00  -60.61983  -55.67083 1153719851 205.239034    34.3084      69230          6  0.000e+00
    149.967    -0.6461   2.803950    -0.6435   2.804632    7.23271    -0.0426    13.8155 0.0000e+00  -60.61983  -55.67083 1153719851 205.239035    34.3078      69231          6  0.000e+00
    149.958    -0.6454   2.804138    -0.6430   2.804690    7.23246    -0.0642    13.8155 0.0000e+00  -60.61983  -55.67083 1153719851 205.239035    34.3094      69232          6  0.000e+00
    150.024    -0.6446   2.804377    -0.6417   2.804760    7.23226    -0.0426    13.8155 0.0000e+00  -60.61983  -55.67083 1153719851 205.239035    34.3117      69233          6  0.000e+00
    149.958    -0.6434   2.804403    -0.6425   2.804672    7.23199    -0.0319    13.8155 0.0000e+00  -60.61983  -55.67083 1153719851 205.239036    34.3107      69234          6  0.000e+00
    149.967    -0.6432   2.804363    -0.6474   2.804248    7.23201    -0.0749    13.8155 0.0000e+00  -60.61983  -55.67083 1153719851 205.239036    34.3100      69235          6  0.000e+00
    150.024    -0.6424   2.804281    -0.6525   2.803765    7.23201    -0.0857    13.8155 0.0000e+00  -60.61983  -55.67083 1153719851 205.239037    34.3080      69236          6  0.000e+00
    149.958    -0.6421   2.804208    -0.6548   2.803474    7.23195    -0.0642    13.8155 0.0000e+00  -60.61983  -55.67083 1153719851 205.239037    34.3067      69237          6  0.000e+00
    150.024    -0.6421   2.804443    -0.6550   2.803439    7.23186    -0.0319    13.8155 0.0000e+00  -60.61983  -55.67083 1153719851 205.239038    34.3098      69238          6  0.000e+00
    150.034    -0.6406   2.804698    -0.6550   2.803543    7.23147    -0.0211    13.8155 0.0000e+00  -60.61983  -55.67083 1153719851 205.239038    34.3115      69239          6  0.000e+00
    150.025    -0.6387   2.804718    -0.6534   2.803701    7.23592    -0.0104    13.8155 0.0000e+00  -60.61983  -55.67083 1153719851 205.239039    34.3097      69240          6  0.000e+00
    150.025    -0.6395   2.804592    -0.6497   2.803974    7.23611    -0.0104    13.8155 0.0000e+00  -60.61983  -55.67083 1153719851 205.239039    34.3089      69241          6  0.000e+00
    150.101    -0.6401   2.804463    -0.6504   2.804131    7.23163    -0.0319    13.8155 0.0000e+00  -60.61983  -55.67083 1153719851 205.239040    34.3078      69242          6  0.000e+00
    150.101    -0.6415   2.804287    -0.6507   2.804085    7.23668    -0.0319    13.8155 0.0000e+00  -60.61983  -55.67083 1153719851 205.239040    34.3070      69243          6  0.000e+00
    150.101    -0.6438   2.803897    -0.6524   2.803939    7.23728    -0.0642    13.8155 0.0000e+00  -60.61983  -55.67083 1153719851 205.239041    34.3043      69244          6  0.000e+00
    150.168    -0.6483   2.803450    -0.6522   2.803834    7.23830    -0.0749    13.8155 0.0000e+00  -60.61983  -55.67083 1153719851 205.239041    34.3034      69245          6  0.000e+00
    150.168    -0.6527   2.803165    -0.6522   2.803899    7.23912    -0.0534    13.8155 0.0000e+00  -60.61983  -55.67083 1153719851 205.239042    34.3044      69246          6  0.000e+00
    150.177    -0.6545   2.803198    -0.6513   2.803904    7.24412    -0.0319    13.8155 0.0000e+00  -60.61983  -55.67083 1153719851 205.239042    34.3070      69247          6  0.000e+00
    150.168    -0.6528   2.803579    -0.6510   2.803974    7.23886    -0.0319    13.8155 0.0000e+00  -60.61983  -55.67083 1153719851 205.239043    34.3102      69248          6  0.000e+00
    150.244    -0.6497   2.803814    -0.6505   2.803986    7.23833    -0.0104    13.8155 0.0000e+00  -60.61983  -55.67083 1153719852 205.239043    34.3098      69249          6  0.000e+00
    150.244    -0.6483   2.803834    -0.6518   2.803899    7.23812    -0.0104    13.8155 0.0000e+00  -60.61983  -55.67083 1153719852 205.239044    34.3085      69250          6  0.000e+00
    150.244    -0.6483   2.803605    -0.6507   2.803887    7.23827    -0.0426    13.8155 0.0000e+00  -60.61983  -55.67083 1153719852 205.239044    34.3054      69251          6  0.000e+00
    150.311    -0.6525   2.803033    -0.6519   2.803817    7.23933    -0.0319    13.8155 0.0000e+00  -60.61983  -55.67083 1153719852 205.239045    34.3024      69252          6  0.000e+00
    150.244    -0.6578   2.802609    -0.6539   2.803689    7.24505    -0.0104    13.8155 0.0000e+00  -60.61983  -55.67083 1153719852 205.239045    34.3027      69253          6  0.000e+00
    150.311    -0.6604   2.802666    -0.6558   2.803491    7.24546    -0.0319    13.8155 0.0000e+00  -60.61983  -55.67083 1153719852 205.239046    34.3064      69254          6  0.000e+00
    150.311    -0.6585   2.802854    -0.6577   2.803346    7.24507    -0.0104    13.8155 0.0000e+00  -60.61983  -55.67083 1153719852 205.239046    34.3068      69255          6  0.000e+00
    150.388    -0.6574   2.802944    -0.6591   2.803212    7.24493    -0.0426    13.8155 0.0000e+00  -60.61983  -55.67083 1153719852 205.239047    34.3067      69256          6  0.000e+00
    150.311    -0.6574   2.802934    -0.6600   2.803119    7.24485    -0.0534    13.8155 0.0000e+00  -60.61983  -55.67083 1153719852 205.239047    34.3067      69257          6  0.000e+00
    150.378    -0.6578   2.802755    -0.6595   2.803218    7.24509    -0.0642    13.8155 0.0000e+00  -60.61983  -55.67083 1153719852 205.239048    34.3046      69258          6  0.000e+00
    150.735    -0.6697   2.801759    -0.6694   2.802200    7.28102    -0.0319    13.8155 0.0000e+00  -60.61983  -55.67083 1153719861 205.239155    34.3044      69480          7  0.000e+00
    150.802    -0.6700   2.801786    -0.6695   2.802194    7.27638    -0.0426    13.8155 0.0000e+00  -60.61983  -55.67083 1153719861 205.239155    34.3051      69481          7  0.000e+00
    150.879    -0.6697   2.801782    -0.6688   2.802229    7.27641    -0.0749    13.8155 0.0000e+00  -60.61983  -55.67083 1153719861 205.239156    34.3046      69482          7  0.000e+00
    150.745    -0.6698   2.801789    -0.6686   2.802247    7.28104    -0.0319    13.8155 0.0000e+00  -60.61983  -55.67083 1153719861 205.239156    34.3050      69483          7  0.000e+00
    150.802    -0.6695   2.801799    -0.6685   2.802247    7.28104    -0.0104    13.8155 0.0000e+00  -60.61983  -55.67083 1153719861 205.239157    34.3047      69484          7  0.000e+00
    150.735    -0.6692   2.801802    -0.6680   2.802305    7.28093     0.0219    13.8155 0.0000e+00  -60.61983  -55.67083 1153719861 205.239157    34.3045      69485          7  0.000e+00
    150.802    -0.6695   2.801795    -0.6680   2.802305    7.28104    -0.0534    13.8155 0.0000e+00  -60.61983  -55.67083 1153719861 205.239158    34.3046      69486          7  0.000e+00
    150.745    -0.6695   2.801782    -0.6681   2.802316    7.28099    -0.0426    13.8155 0.0000e+00  -60.61983  -55.67083 1153719861 205.239158    34.3045      69487          7  0.000e+00
    150.735    -0.6692   2.801795    -0.6680   2.802328    7.28093    -0.0319    13.8155 0.0000e+00  -60.61983  -55.67083 1153719861 205.239158    34.3044      69488          7  0.000e+00
    150.735    -0.6692   2.801829    -0.6668   2.802328    7.28091     0.0327    13.8155 0.0000e+00  -60.61983  -55.67083 1153719862 205.239159    34.3048      69489          7  0.000e+00
    150.735    -0.6695   2.801792    -0.6670   2.802363    7.28098    -0.0211    13.8155 0.0000e+00  -60.61983  -55.67083 1153719862 205.239159    34.3047      69490          7  0.000e+00
    150.745    -0.6695   2.801779    -0.6671   2.802363    7.28100    -0.0426    13.8155 0.0000e+00  -60.61983  -55.67083 1153719862 205.239160    34.3045      69491          7  0.000e+00
    150.669    -0.6698   2.801772    -0.6665   2.802357    7.28097    -0.0534    13.8155 0.0000e+00  -60.61983  -55.67083 1153719862 205.239160    34.3048      69492          7  0.000e+00
    150.736    -0.6697   2.801776    -0.6673   2.802357    7.28101    -0.0642    13.8155 0.0000e+00  -60.61983  -55.67083 1153719862 205.239161    34.3046      69493          7  0.000e+00
    150.669    -0.6695   2.801805    -0.6673   2.802334    7.28090    -0.0749    13.8155 0.0000e+00  -60.61983  -55.67083 1153719862 205.239161    34.3049      69494          7  0.000e+00
    150.736    -0.6689   2.801786    -0.6680   2.802305    7.28090    -0.0642    13.8155 0.0000e+00  -60.61983  -55.67083 1153719862 205.239162    34.3039      69495          7  0.000e+00
    150.602    -0.6697   2.801779    -0.6681   2.802281    7.28087    -0.0642    13.8155 0.0000e+00  -60.61983  -55.67083 1153719862 205.239162    34.3047      69496          7  0.000e+00
    150.669    -0.6697   2.801772    -0.6682   2.802293    7.28095    -0.1072    13.8155 0.0000e+00  -60.61983  -55.67083 1153719862 205.239163    34.3046      69497          7  0.000e+00
    150.669    -0.6697   2.801792    -0.6682   2.802258    7.28093    -0.1072    13.8155 0.0000e+00  -60.61983  -55.67083 1153719862 205.239163    34.3049      69498          7  0.000e+00
    150.669    -0.6697   2.801769    -0.6682   2.802247    7.28569    -0.0104    13.8155 0.0000e+00  -60.61983  -55.67083 1153719862 205.239164    34.3046      69499          7  0.000e+00
    150.602    -0.6698   2.801733    -0.6683   2.802229    7.28566    -0.0211    13.8155 0.0000e+00  -60.61983  -55.67083 1153719862 205.239164    34.3043      69500          7  0.000e+00
    150.592    -0.6698   2.801733    -0.6688   2.802200    7.28566    -0.0104    13.8155 0.0000e+00  -60.61983  -55.67083 1153719862 205.239165    34.3043      69501          7  0.000e+00
    150.592    -0.6702   2.801746    -0.6687   2.802212    7.28570    -0.0319    13.8155 0.0000e+00  -60.61983  -55.67083 1153719862 205.239165    34.3049      69502          7  0.000e+00
    150.592    -0.6702   2.801719    -0.6689   2.802200    7.28571    -0.0534    13.8155 0.0000e+00  -60.61983  -55.67083 1153719862 205.239166    34.3045      69503          7  0.000e+00
    150.602    -0.6703   2.801713    -0.6685   2.802212    7.28575    -0.0749    13.8155 0.0000e+00  -60.61983  -55.67083 1153719862 205.239166    34.3046      69504          7  0.000e+00
    150.526    -0.6702   2.801723    -0.6685   2.802223    7.28564    -0.1072    13.8155 0.0000e+00  -60.61983  -55.67083 1153719862 205.239167    34.3046      69505          7  0.000e+00
    150.526    -0.6702   2.801696    -0.6692   2.802159    7.28566    -0.1287    13.8155 0.0000e+00  -60.61983  -55.67083 1153719862 205.239167    34.3042      69506          7  0.000e+00
    150.592    -0.6703   2.801706    -0.6692   2.802177    7.28574    -0.0642    13.8155 0.0000e+00  -60.61983  -55.67083 1153719862 205.239168    34.3045      69507          7  0.000e+00
    150.459    -0.6704   2.801673    -0.6693   2.802194    7.28565    -0.0319    13.8155 0.0000e+00  -60.61983  -55.67083 1153719862 205.239168    34.3043      69508          7  0.000e+00
    150.526    -0.6703   2.801680    -0.6691   2.802212    7.28569    -0.0319    13.8155 0.0000e+00  -60.61983  -55.67083 1153719862 205.239169    34.3042      69509          7  0.000e+00
    150.526    -0.6706   2.801690    -0.6692   2.802136    7.28573    -0.0534    13.8155 0.0000e+00  -60.61983  -55.67083 1153719862 205.239169    34.3047      69510          7  0.000e+00
    150.459    -0.6703   2.801716    -0.6695   2.802171    7.28560    -0.0749    13.8155 0.0000e+00  -60.61983  -55.67083 1153719862 205.239170    34.3047      69511          7  0.000e+00
    150.459    -0.6702   2.801716    -0.6688   2.802171    7.28558    -0.0319    13.8155 0.0000e+00  -60.61983  -55.67083 1153719862 205.239170    34.3045      69512          7  0.000e+00
    150.459    -0.6697   2.801693    -0.6692   2.802148    7.28552     0.0004    13.8155 0.0000e+00  -60.61983  -55.67083 1153719863 205.239171    34.3037      69513          7  0.000e+00
    150.459    -0.6702   2.801666    -0.6692   2.802159    7.28563    -0.0104    13.8155 0.0000e+00  -60.61983  -55.67083 1153719863 205.239171    34.3040      69514          7  0.000e+00
    150.382    -0.6697   2.801716    -0.6699   2.802107    7.29017    -0.0211    13.8155 0.0000e+00  -60.61983  -55.67083 1153719863 205.239171    34.3040      69515          7  0.000e+00
    150.382    -0.6702   2.801713    -0.6696   2.802124    7.28551    -0.0211    13.8155 0.0000e+00  -60.61983  -55.67083 1153719863 205.239172    34.3045      69516          7  0.000e+00
    150.459    -0.6698   2.801693    -0.6697   2.802119    7.28555    -0.0534    13.8155 0.0000e+00  -60.61983  -55.67083 1153719863 205.239172    34.3039      69517          7  0.000e+00
    150.383    -0.6698   2.801689    -0.6691   2.802113    7.28547    -0.0534    13.8155 0.0000e+00  -60.61983  -55.67083 1153719863 205.239173    34.3039      69518          7  0.000e+00
    150.316    -0.6704   2.801716    -0.6692   2.802095    7.29022    -0.0319    13.8155 0.0000e+00  -60.61983  -55.67083 1153719863 205.239173    34.3050      69519          7  0.000e+00
    150.383    -0.6700   2.801732    -0.6696   2.802124    7.29021    -0.0534    13.8155 0.0000e+00  -60.61983  -55.67083 1153719863 205.239174    34.3046      69520          7  0.000e+00
    150.316    -0.6698   2.801736    -0.6692   2.802142    7.29011    -0.0319    13.8155 0.0000e+00  -60.61983  -55.67083 1153719863 205.239174    34.3045      69521          7  0.000e+00
    150.383    -0.6694   2.801726    -0.6695   2.802101    7.29012    -0.0319    13.8155 0.0000e+00  -60.61983  -55.67083 1153719863 205.239175    34.3038      69522          7  0.000e+00
    150.316    -0.6700   2.801732    -0.6697   2.802107    7.29014    -0.0319    13.8155 0.0000e+00  -60.61983  -55.67083 1153719863 205.239175    34.3047      69523          7  0.000e+00
    150.249    -0.6702   2.801736    -0.6697   2.802113    7.29009    -0.0642    13.8155 0.0000e+00  -60.61983  -55.67083 1153719863 205.239176    34.3049      69524          7  0.000e+00
    150.316    -0.6697   2.801726    -0.6695   2.802113    7.29010    -0.0749    13.8155 0.0000e+00  -60.61983  -55.67083 1153719863 205.239176    34.3042      69525          7  0.000e+00
