product_data/regression_test/downloaded_data/MGDS/320620060703/ctd/p6619103.cnv
* Sea-Bird SBE 9 Data File:
* FileName = D:\Data\Raw\p6619103.dat
* Software Version Seasave Win32 V 5.32
* Temperature SN = 1649
* Conductivity SN = 1431
* Number of Bytes Per Scan = 37
* Number of Voltage Words = 5
* Number of Scans Averaged by the Deck Unit = 1
* NMEA Latitude = 60 48.00 S
* NMEA Longitude = 055 00.25 W
* NMEA UTC (Time) = 16:10:00
** Ship:   Nathaniel B. Palmer 
** Cruise:    NBP0606 
# nquan = 15
# nvalues = 1001                        
# units = specified
# name 0 = prDM: Pressure, Digiquartz [db]
# name 1 = t090C: Temperature [ITS-90, deg C]
# name 2 = c0S/m: Conductivity [S/m]
# name 3 = t190C: Temperature, 2 [ITS-90, deg C]
# name 4 = c1S/m: Conductivity, 2 [S/m]
# name 5 = sbeox0ML/L: Oxygen, SBE 43 [ml/l]
# name 6 = flECO-AFL: Fluorescence, Wetlab ECO-AFL/FL [mg/m^3]
# name 7 = bat: Beam Attenuation, Chelsea/Seatech/Wetlab CStar [1/m]
# name 8 = spar: SPAR/Surface Irradiance
# name 9 = latitude: Latitude [deg]
# name 10 = longitude: Longitude [deg]
# name 11 = timeY: Time, System [seconds]
# name 12 = timeJ: Julian Days
# name 13 = sal00: Salinity [PSU]
# name 14 = flag: flag
# span 0 =      2.000,   1002.000       
# span 1 =    -1.0889,     0.5170       
# span 2 =   2.766357,   2.964633       
# span 3 =    -1.0883,     0.5172       
# span 4 =   2.766956,   2.964953       
# span 5 =    5.37715,    7.46280       
# span 6 =    -0.1049,     0.9169       
# span 7 =    13.8155,    13.8155       
# span 8 = 1.0153e+02, 1.5499e+02       
# span 9 =  -60.80000,  -60.80000       
# span 10 =  -55.00417,  -55.00417      
# span 11 = 1153671006, 1153672366      
# span 12 = 204.673695, 204.689450      
# span 13 =    34.2881,    34.6611      
# span 14 = 0.0000e+00, 0.0000e+00      
# interval = decibars: 1                
# start_time = Jul 23 2006 16:10:08
# bad_flag = -9.990e-29
*END*
[from data line 386]
    388.000    -0.2007   2.867583    -0.1992   2.867929    6.18089    -0.0425    13.8155 1.0239e+02  -60.80000  -55.00417 1153671578 204.680324    34.5112 0.0000e+00
    389.000    -0.1940   2.868239    -0.1927   2.868574    6.17982    -0.0552    13.8155 1.0240e+02  -60.80000  -55.00417 1153671580 204.680343    34.5117 0.0000e+00
    390.000    -0.1938   2.868309    -0.1955   2.868375    6.17605    -0.0483    13.8155 1.0153e+02  -60.80000  -55.00417 1153671581 204.680362    34.5120 0.0000e+00
    391.000    -0.1893   2.868776    -0.1876   2.869150    6.17441    -0.0442    13.8155 1.0245e+02  -60.80000  -55.00417 1153671582 204.680374    34.5124 0.0000e+00
    392.000    -0.1865   2.869050    -0.1866   2.869277    6.17235    -0.0456    13.8155 1.0290e+02  -60.80000  -55.00417 1153671583 204.680385    34.5122 0.0000e+00
    393.000    -0.1841   2.869346    -0.1834   2.869619    6.17041    -0.0481    13.8155 1.0302e+02  -60.80000  -55.00417 1153671584 204.680399    34.5129 0.0000e+00
    394.000    -0.1834   2.869441    -0.1814   2.869866    6.16746    -0.0513    13.8155 1.0426e+02  -60.80000  -55.00417 1153671586 204.680417    34.5129 0.0000e+00
    395.000    -0.1843   2.869419    -0.1835   2.869734    6.16688    -0.0506    13.8155 1.0402e+02  -60.80000  -55.00417 1153671587 204.680433    34.5131 0.0000e+00
    396.000    -0.1826   2.869624    -0.1813   2.869961    6.16532    -0.0503    13.8155 1.0504e+02  -60.80000  -55.00417 1153671588 204.680445    34.5134 0.0000e+00
    397.000    -0.1832   2.869585    -0.1778   2.870234    6.16193    -0.0409    13.8155 1.0520e+02  -60.80000  -55.00417 1153671589 204.680457    34.5130 0.0000e+00
    398.000    -0.1730   2.870612    -0.1691   2.871192    6.15766    -0.0462    13.8155 1.0520e+02  -60.80000  -55.00417 1153671590 204.680469    34.5144 0.0000e+00
    399.000    -0.1697   2.870968    -0.1688   2.871283    6.14846    -0.0408    13.8155 1.0520e+02  -60.80000  -55.00417 1153671592 204.680485    34.5147 0.0000e+00
    400.000    -0.1682   2.871164    -0.1674   2.871456    6.14771    -0.0512    13.8155 1.0520e+02  -60.80000  -55.00417 1153671593 204.680502    34.5151 0.0000e+00
    401.000    -0.1622   2.871754    -0.1623   2.871974    6.14620    -0.0526    13.8155 1.0520e+02  -60.80000  -55.00417 1153671594 204.680515    34.5154 0.0000e+00
    402.000    -0.1590   2.872131    -0.1581   2.872389    6.14312    -0.0518    13.8155 1.0520e+02  -60.80000  -55.00417 1153671595 204.680527    34.5163 0.0000e+00
    403.000    -0.1483   2.873162    -0.1473   2.873465    6.13941    -0.0376    13.8155 1.0520e+02  -60.80000  -55.00417 1153671597 204.680545    34.5171 0.0000e+00
    404.000    -0.1455   2.873498    -0.1449   2.873791    6.13740    -0.0376    13.8155 1.0520e+02  -60.80000  -55.00417 1153671599 204.680568    34.5179 0.0000e+00
    405.000    -0.1474   2.873364    -0.1467   2.873685    6.13742    -0.0603    13.8155 1.0520e+02  -60.80000  -55.00417 1153671600 204.680583    34.5177 0.0000e+00
    406.000    -0.1577   2.872480    -0.1559   2.872913    6.13898    -0.0451    13.8155 1.0520e+02  -60.80000  -55.00417 1153671601 204.680594    34.5174 0.0000e+00
    407.000    -0.1625   2.872091    -0.1619   2.872433    6.14124    -0.0516    13.8155 1.0520e+02  -60.80000  -55.00417 1153671602 204.680603    34.5165 0.0000e+00
    408.000    -0.1712   2.871356    -0.1700   2.871738    6.14384    -0.0508    13.8155 1.0520e+02  -60.80000  -55.00417 1153671603 204.680613    34.5169 0.0000e+00
    409.000    -0.1729   2.871246    -0.1724   2.871560    6.14607    -0.0468    13.8155 1.0520e+02  -60.80000  -55.00417 1153671604 204.680626    34.5169 0.0000e+00
    410.000    -0.1739   2.871211    -0.1728   2.871561    6.14736    -0.0533    13.8155 1.0470e+02  -60.80000  -55.00417 1153671606 204.680645    34.5170 0.0000e+00
    411.000    -0.1741   2.871251    -0.1732   2.871579    6.14985    -0.0463    13.8155 1.0486e+02  -60.80000  -55.00417 1153671607 204.680660    34.5171 0.0000e+00
    412.000    -0.1745   2.871247    -0.1736   2.871583    6.15081    -0.0499    13.8155 1.0495e+02  -60.80000  -55.00417 1153671608 204.680674    34.5168 0.0000e+00
    413.000    -0.1755   2.871213    -0.1748   2.871534    6.14911    -0.0486    13.8155 1.0499e+02  -60.80000  -55.00417 1153671609 204.680689    34.5170 0.0000e+00
    414.000    -0.1766   2.871155    -0.1750   2.871567    6.14782    -0.0445    13.8155 1.0413e+02  -60.80000  -55.00417 1153671611 204.680706    34.5168 0.0000e+00
    415.000    -0.1761   2.871273    -0.1741   2.871701    6.14685    -0.0427    13.8155 1.0479e+02  -60.80000  -55.00417 1153671612 204.680721    34.5172 0.0000e+00
    416.000    -0.1737   2.871533    -0.1736   2.871789    6.14586    -0.0536    13.8155 1.0440e+02  -60.80000  -55.00417 1153671613 204.680735    34.5172 0.0000e+00
    417.000    -0.1721   2.871716    -0.1720   2.871988    6.14654    -0.0378    13.8155 1.0613e+02  -60.80000  -55.00417 1153671615 204.680750    34.5172 0.0000e+00
    418.000    -0.1694   2.872029    -0.1690   2.872329    6.14198    -0.0405    13.8155 1.0703e+02  -60.80000  -55.00417 1153671616 204.680765    34.5176 0.0000e+00
    419.000    -0.1670   2.872327    -0.1662   2.872622    6.14069    -0.0450    13.8155 1.0550e+02  -60.80000  -55.00417 1153671617 204.680778    34.5183 0.0000e+00
    420.000    -0.1618   2.872861    -0.1609   2.873172    6.13722    -0.0433    13.8155 1.0690e+02  -60.80000  -55.00417 1153671618 204.680789    34.5187 0.0000e+00
    421.000    -0.1552   2.873536    -0.1538   2.873876    6.13195    -0.0452    13.8155 1.0667e+02  -60.80000  -55.00417 1153671619 204.680800    34.5196 0.0000e+00
    422.000    -0.1374   2.875292    -0.1360   2.875576    6.12514    -0.0508    13.8155 1.0676e+02  -60.80000  -55.00417 1153671620 204.680812    34.5219 0.0000e+00
    423.000    -0.1302   2.875992    -0.1289   2.876340    6.11809    -0.0472    13.8155 1.0592e+02  -60.80000  -55.00417 1153671621 204.680826    34.5221 0.0000e+00
    424.000    -0.1310   2.875967    -0.1301   2.876290    6.11498    -0.0514    13.8155 1.0643e+02  -60.80000  -55.00417 1153671623 204.680852    34.5223 0.0000e+00
    425.000    -0.1320   2.875925    -0.1316   2.876202    6.10737    -0.0509    13.8155 1.0564e+02  -60.80000  -55.00417 1153671626 204.680878    34.5226 0.0000e+00
    426.000    -0.1347   2.875712    -0.1339   2.876076    6.11001    -0.0626    13.8155 1.0619e+02  -60.80000  -55.00417 1153671627 204.680891    34.5222 0.0000e+00
    427.000    -0.1513   2.874264    -0.1515   2.874583    6.11384    -0.0377    13.8155 1.0574e+02  -60.80000  -55.00417 1153671628 204.680901    34.5215 0.0000e+00
    428.000    -0.1542   2.874106    -0.1545   2.874344    6.11036    -0.0459    13.8155 1.0646e+02  -60.80000  -55.00417 1153671628 204.680910    34.5226 0.0000e+00
    429.000    -0.1493   2.874709    -0.1481   2.874972    6.10421    -0.0691    13.8155 1.0703e+02  -60.80000  -55.00417 1153671629 204.680918    34.5246 0.0000e+00
    430.000    -0.1260   2.877053    -0.1248   2.877212    6.09565    -0.0439    13.8155 1.0675e+02  -60.80000  -55.00417 1153671630 204.680927    34.5285 0.0000e+00
    431.000    -0.0975   2.879919    -0.0968   2.880177    6.08616    -0.0575    13.8155 1.0683e+02  -60.80000  -55.00417 1153671631 204.680937    34.5322 0.0000e+00
    432.000    -0.0982   2.879956    -0.0969   2.880294    6.07412    -0.0493    13.8155 1.0643e+02  -60.80000  -55.00417 1153671632 204.680955    34.5331 0.0000e+00
    433.000    -0.0982   2.880013    -0.0967   2.880370    6.06173    -0.0512    13.8155 1.0643e+02  -60.80000  -55.00417 1153671635 204.680981    34.5336 0.0000e+00
    434.000    -0.0974   2.880141    -0.0966   2.880450    6.05813    -0.0505    13.8155 1.0603e+02  -60.80000  -55.00417 1153671636 204.680999    34.5339 0.0000e+00
    435.000    -0.0971   2.880197    -0.0964   2.880501    6.05800    -0.0568    13.8155 1.0665e+02  -60.80000  -55.00417 1153671638 204.681015    34.5339 0.0000e+00
    436.000    -0.0995   2.880018    -0.0994   2.880277    6.05982    -0.0481    13.8155 1.0601e+02  -60.80000  -55.00417 1153671639 204.681033    34.5338 0.0000e+00
    437.000    -0.1006   2.879992    -0.0994   2.880336    6.06006    -0.0594    13.8155 1.0579e+02  -60.80000  -55.00417 1153671640 204.681045    34.5342 0.0000e+00
    438.000    -0.0994   2.880138    -0.0980   2.880506    6.06032    -0.0505    13.8155 1.0623e+02  -60.80000  -55.00417 1153671641 204.681055    34.5342 0.0000e+00
    439.000    -0.0985   2.880253    -0.0975   2.880591    6.05921    -0.0488    13.8155 1.0680e+02  -60.80000  -55.00417 1153671642 204.681064    34.5341 0.0000e+00
    440.000    -0.0993   2.880224    -0.0985   2.880553    6.05723    -0.0354    13.8155 1.0668e+02  -60.80000  -55.00417 1153671643 204.681072    34.5340 0.0000e+00
    441.000    -0.1021   2.880014    -0.1014   2.880338    6.05763    -0.0617    13.8155 1.0692e+02  -60.80000  -55.00417 1153671643 204.681083    34.5340 0.0000e+00
    442.000    -0.1023   2.880050    -0.1015   2.880362    6.05815    -0.0535    13.8155 1.0680e+02  -60.80000  -55.00417 1153671645 204.681103    34.5341 0.0000e+00
    443.000    -0.1021   2.880112    -0.1014   2.880418    6.05866    -0.0562    13.8155 1.0690e+02  -60.80000  -55.00417 1153671647 204.681124    34.5341 0.0000e+00
    444.000    -0.1027   2.880126    -0.1018   2.880447    6.05646    -0.0453    13.8155 -9.990e-29  -60.80000  -55.00417 1153671648 204.681139    34.5345 0.0000e+00
    445.000    -0.1026   2.880183    -0.1016   2.880511    6.05604    -0.0495    13.8155 -9.990e-29  -60.80000  -55.00417 1153671650 204.681156    34.5344 0.0000e+00
    446.000    -0.1024   2.880257    -0.1015   2.880588    6.05751    -0.0460    13.8155 -9.990e-29  -60.80000  -55.00417 1153671651 204.681175    34.5346 0.0000e+00
    447.000    -0.1023   2.880343    -0.1014   2.880655    6.05702    -0.0488    13.8155 -9.990e-29  -60.80000  -55.00417 1153671653 204.681189    34.5350 0.0000e+00
    448.000    -0.1012   2.880512    -0.1004   2.880848    6.05426    -0.0529    13.8155 -9.990e-29  -60.80000  -55.00417 1153671654 204.681200    34.5354 0.0000e+00
    449.000    -0.1007   2.880608    -0.0999   2.880945    6.05387    -0.0425    13.8155 -9.990e-29  -60.80000  -55.00417 1153671654 204.681210    34.5356 0.0000e+00
    450.000    -0.1013   2.880595    -0.1006   2.880924    6.05423    -0.0507    13.8155 -9.990e-29  -60.80000  -55.00417 1153671655 204.681220    34.5355 0.0000e+00
    451.000    -0.1010   2.880673    -0.1005   2.880974    6.05381    -0.0526    13.8155 -9.990e-29  -60.80000  -55.00417 1153671656 204.681233    34.5356 0.0000e+00
    452.000    -0.1004   2.880788    -0.0996   2.881099    6.05133    -0.0454    13.8155 -9.990e-29  -60.80000  -55.00417 1153671658 204.681249    34.5358 0.0000e+00
    453.000    -0.1006   2.880819    -0.0996   2.881162    6.05163    -0.0483    13.8155 -9.990e-29  -60.80000  -55.00417 1153671659 204.681265    34.5359 0.0000e+00
    454.000    -0.0997   2.880969    -0.0991   2.881265    6.05180    -0.0518    13.8155 -9.990e-29  -60.80000  -55.00417 1153671661 204.681281    34.5363 0.0000e+00
    455.000    -0.0984   2.881162    -0.0987   2.881354    6.05125    -0.0387    13.8155 -9.990e-29  -60.80000  -55.00417 1153671662 204.681298    34.5367 0.0000e+00
    456.000    -0.0979   2.881265    -0.0973   2.881561    6.05094    -0.0498    13.8155 1.0910e+02  -60.80000  -55.00417 1153671664 204.681317    34.5369 0.0000e+00
    457.000    -0.0959   2.881540    -0.0941   2.881949    6.04651    -0.0554    13.8155 1.0958e+02  -60.80000  -55.00417 1153671665 204.681332    34.5376 0.0000e+00
    458.000    -0.0940   2.881772    -0.0932   2.882104    6.04706    -0.0504    13.8155 1.1089e+02  -60.80000  -55.00417 1153671666 204.681343    34.5379 0.0000e+00
    459.000    -0.0960   2.881618    -0.0958   2.881925    6.04724    -0.0542    13.8155 1.1084e+02  -60.80000  -55.00417 1153671667 204.681353    34.5375 0.0000e+00
    460.000    -0.1020   2.881151    -0.1008   2.881519    6.04745    -0.0481    13.8155 1.1065e+02  -60.80000  -55.00417 1153671668 204.681364    34.5379 0.0000e+00
    461.000    -0.1001   2.881376    -0.0984   2.881781    6.04722    -0.0468    13.8155 1.1073e+02  -60.80000  -55.00417 1153671669 204.681378    34.5380 0.0000e+00
    462.000    -0.1002   2.881414    -0.0970   2.881939    6.04304    -0.0454    13.8155 1.1014e+02  -60.80000  -55.00417 1153671671 204.681399    34.5381 0.0000e+00
    463.000    -0.0972   2.881740    -0.0963   2.882063    6.03834    -0.0550    13.8155 1.1083e+02  -60.80000  -55.00417 1153671672 204.681416    34.5383 0.0000e+00
    464.000    -0.0962   2.881892    -0.0954   2.882223    6.03872    -0.0437    13.8155 1.1097e+02  -60.80000  -55.00417 1153671673 204.681430    34.5386 0.0000e+00
    465.000    -0.0950   2.882067    -0.0940   2.882394    6.03983    -0.0441    13.8155 1.1090e+02  -60.80000  -55.00417 1153671675 204.681443    34.5389 0.0000e+00
    466.000    -0.0933   2.882292    -0.0921   2.882659    6.03664    -0.0549    13.8155 1.1253e+02  -60.80000  -55.00417 1153671676 204.681457    34.5394 0.0000e+00
    467.000    -0.0893   2.882758    -0.0874   2.883140    6.03578    -0.0593    13.8155 1.1285e+02  -60.80000  -55.00417 1153671677 204.681472    34.5403 0.0000e+00
    468.000    -0.0863   2.883072    -0.0854   2.883397    6.03426    -0.0472    13.8155 1.1299e+02  -60.80000  -55.00417 1153671678 204.681487    34.5404 0.0000e+00
    469.000    -0.0877   2.882979    -0.0866   2.883341    6.03359    -0.0427    13.8155 1.1299e+02  -60.80000  -55.00417 1153671680 204.681500    34.5403 0.0000e+00
    470.000    -0.0840   2.883393    -0.0821   2.883849    6.02988    -0.0499    13.8155 1.1299e+02  -60.80000  -55.00417 1153671680 204.681512    34.5413 0.0000e+00
    471.000    -0.0778   2.884049    -0.0763   2.884451    6.02485    -0.0496    13.8155 1.1294e+02  -60.80000  -55.00417 1153671682 204.681525    34.5419 0.0000e+00
    472.000    -0.0600   2.885837    -0.0597   2.886100    6.01598    -0.0471    13.8155 1.1426e+02  -60.80000  -55.00417 1153671684 204.681550    34.5445 0.0000e+00
    473.000    -0.0462   2.887250    -0.0467   2.887392    6.00839    -0.0415    13.8155 1.1469e+02  -60.80000  -55.00417 1153671685 204.681568    34.5470 0.0000e+00
    474.000    -0.0470   2.887200    -0.0464   2.887513    6.00355    -0.0530    13.8155 1.1491e+02  -60.80000  -55.00417 1153671686 204.681579    34.5466 0.0000e+00
    475.000    -0.0446   2.887485    -0.0444   2.887719    5.99675    -0.0471    13.8155 1.1488e+02  -60.80000  -55.00417 1153671687 204.681590    34.5471 0.0000e+00
    476.000    -0.0484   2.887143    -0.0470   2.887533    5.99311    -0.0523    13.8155 1.1525e+02  -60.80000  -55.00417 1153671688 204.681602    34.5465 0.0000e+00
    477.000    -0.0466   2.887380    -0.0460   2.887658    5.98930    -0.0543    13.8155 1.1681e+02  -60.80000  -55.00417 1153671689 204.681615    34.5472 0.0000e+00
    478.000    -0.0472   2.887352    -0.0467   2.887653    5.98855    -0.0512    13.8155 -9.990e-29  -60.80000  -55.00417 1153671691 204.681628    34.5470 0.0000e+00
    479.000    -0.0339   2.888711    -0.0305   2.889229    5.98250    -0.0813    13.8155 -9.990e-29  -60.80000  -55.00417 1153671692 204.681642    34.5491 0.0000e+00
    480.000    -0.0228   2.889818    -0.0207   2.890215    5.97438    -0.0576    13.8155 -9.990e-29  -60.80000  -55.00417 1153671693 204.681659    34.5506 0.0000e+00
    481.000    -0.0158   2.890521    -0.0151   2.890814    5.96343    -0.0493    13.8155 -9.990e-29  -60.80000  -55.00417 1153671695 204.681679    34.5513 0.0000e+00
    482.000    -0.0081   2.891286    -0.0122   2.891119    5.95501    -0.0569    13.8155 -9.990e-29  -60.80000  -55.00417 1153671696 204.681696    34.5519 0.0000e+00
