product_data/regression_test/downloaded_data/MGDS/320620060703/ctd/p6615501.ros
* Sea-Bird SBE 9 Data File:
* FileName = D:\Data\Raw\p6615501.dat
* Software Version Seasave Win32 V 5.32
* Temperature SN = 1649
* Conductivity SN = 1431
* Number of Bytes Per Scan = 37
* Number of Voltage Words = 5
* Number of Scans Averaged by the Deck Unit = 1
* NMEA Latitude = 60 48.92 S
* NMEA Longitude = 056 09.66 W
* NMEA UTC (Time) = 20:59:11
** Ship:   Nathaniel B. Palmer 
** Cruise:    NBP0606 
# nquan = 17
# nvalues = 1173                    
# units = specified
# name 0 = prDM: Pressure, Digiquartz [db]
# name 1 = t090C: Temperature [ITS-90, deg C]
# name 2 = c0S/m: Conductivity [S/m]
# name 3 = t190C: Temperature, 2 [ITS-90, deg C]
# name 4 = c1S/m: Conductivity, 2 [S/m]
# name 5 = sbeox0ML/L: Oxygen, SBE 43 [ml/l]
# name 6 = flECO-AFL: Fluorescence, Wetlab ECO-AFL/FL [mg/m^3]
# name 7 = bat: Beam Attenuation, Chelsea/Seatech/Wetlab CStar [1/m]
# name 8 = spar: SPAR/Surface Irradiance
# name 9 = latitude: Latitude [deg]
# name 10 = longitude: Longitude [deg]
# name 11 = timeY: Time, System [seconds]
# name 12 = timeJ: Julian Days
# name 13 = sal00: Salinity [PSU]
# name 14 = scan: scan number
# name 15 = nbf: number of bottles fired
# name 16 = flag:  0.000e+00
# interval = seconds: 0.0416667                   
# start_time = Jul 18 2006 20:59:19
*END*
[from data line 852]
     49.685    -0.6927   2.794760    -0.6920   2.795091    7.34631     0.0004    13.8155 0.0000e+00  -60.81533  -56.16100 1153259145 199.906798    34.2986      66922         18  0.000e+00
     49.618    -0.6931   2.794747    -0.6921   2.795091    7.34630    -0.0104    13.8155 0.0000e+00  -60.81533  -56.16100 1153259146 199.906799    34.2989      66923         18  0.000e+00
     49.551    -0.6926   2.794724    -0.6926   2.795097    7.34617     0.0542    13.8155 0.0000e+00  -60.81533  -56.16100 1153259146 199.906799    34.2980      66924         18  0.000e+00
     49.618    -0.6926   2.794737    -0.6924   2.795103    7.34155     0.0542    13.8155 0.0000e+00  -60.81533  -56.16100 1153259146 199.906800    34.2981      66925         18  0.000e+00
     49.551    -0.6926   2.794744    -0.6924   2.795097    7.34148     0.0542    13.8155 0.0000e+00  -60.81533  -56.16100 1153259146 199.906800    34.2983      66926         18  0.000e+00
     49.551    -0.6929   2.794744    -0.6927   2.795079    7.34153     0.1188    13.8155 0.0000e+00  -60.81533  -56.16100 1153259146 199.906801    34.2986      66927         18  0.000e+00
     49.551    -0.6922   2.794744    -0.6926   2.795091    7.34142     0.1188    13.8155 0.0000e+00  -60.81533  -56.16100 1153259146 199.906801    34.2978      66928         18  0.000e+00
     49.475    -0.6926   2.794744    -0.6927   2.795097    7.34140     0.0434    13.8155 0.0000e+00  -60.81533  -56.16100 1153259146 199.906802    34.2983      66929         18  0.000e+00
     49.475    -0.6929   2.794744    -0.6926   2.795079    7.34145     0.0327    13.8155 0.0000e+00  -60.81533  -56.16100 1153259146 199.906802    34.2987      66930         18  0.000e+00
     49.551    -0.6923   2.794724    -0.6924   2.795091    7.34145     0.0112    13.8155 0.0000e+00  -60.81533  -56.16100 1153259146 199.906803    34.2977      66931         18  0.000e+00
     49.408    -0.6926   2.794721    -0.6924   2.795103    7.34135     0.0219    13.8155 0.0000e+00  -60.81533  -56.16100 1153259146 199.906803    34.2980      66932         18  0.000e+00
     49.475    -0.6925   2.794754    -0.6921   2.795097    7.34606     0.0650    13.8155 0.0000e+00  -60.81533  -56.16100 1153259146 199.906804    34.2983      66933         18  0.000e+00
     49.475    -0.6927   2.794731    -0.6924   2.795079    7.34612     0.0650    13.8155 0.0000e+00  -60.81533  -56.16100 1153259146 199.906804    34.2983      66934         18  0.000e+00
     49.408    -0.6923   2.794737    -0.6922   2.795074    7.34598     0.0757    13.8155 0.0000e+00  -60.81533  -56.16100 1153259146 199.906805    34.2979      66935         18  0.000e+00
     49.408    -0.6924   2.794744    -0.6924   2.795091    7.34131     0.0757    13.8155 0.0000e+00  -60.81533  -56.16100 1153259146 199.906805    34.2982      66936         18  0.000e+00
     49.408    -0.6931   2.794777    -0.6923   2.795120    7.34606     0.0972    13.8155 0.0000e+00  -60.81533  -56.16100 1153259146 199.906806    34.2994      66937         18  0.000e+00
     49.408    -0.6925   2.794754    -0.6924   2.795126    7.34599     0.0865    13.8155 0.0000e+00  -60.81533  -56.16100 1153259146 199.906806    34.2984      66938         18  0.000e+00
     49.408    -0.6924   2.794744    -0.6921   2.795126    7.34131     0.0542    13.8155 0.0000e+00  -60.81533  -56.16100 1153259146 199.906807    34.2982      66939         18  0.000e+00
     49.332    -0.6927   2.794721    -0.6919   2.795103    7.34130     0.0650    13.8155 0.0000e+00  -60.81533  -56.16100 1153259146 199.906807    34.2983      66940         18  0.000e+00
     49.408    -0.6926   2.794717    -0.6924   2.795079    7.34135     0.0865    13.8155 0.0000e+00  -60.81533  -56.16100 1153259146 199.906807    34.2980      66941         18  0.000e+00
     49.332    -0.6923   2.794721    -0.6927   2.795097    7.34123     0.0972    13.8155 0.0000e+00  -60.81533  -56.16100 1153259146 199.906808    34.2978      66942         18  0.000e+00
     49.332    -0.6926   2.794737    -0.6926   2.795079    7.34127     0.0542    13.8155 0.0000e+00  -60.81533  -56.16100 1153259146 199.906808    34.2984      66943         18  0.000e+00
     49.332    -0.6923   2.794711    -0.6924   2.795097    7.34124     0.0327    13.8155 0.0000e+00  -60.81533  -56.16100 1153259146 199.906809    34.2976      66944         18  0.000e+00
     49.408    -0.6927   2.794751    -0.6921   2.795120    7.34136     0.0434    13.8155 0.0000e+00  -60.81533  -56.16100 1153259146 199.906809    34.2986      66945         18  0.000e+00
     49.265    -0.6921   2.794731    -0.6922   2.795085    7.34113     0.0327    13.8155 0.0000e+00  -60.81533  -56.16100 1153259147 199.906810    34.2977      66946         18  0.000e+00
     49.332    -0.6924   2.794704    -0.6924   2.795074    7.34126     0.0542    13.8155 0.0000e+00  -60.81533  -56.16100 1153259147 199.906810    34.2977      66947         18  0.000e+00
     49.332    -0.6928   2.794714    -0.6926   2.795091    7.34131     0.0757    13.8155 0.0000e+00  -60.81533  -56.16100 1153259147 199.906811    34.2982      66948         18  0.000e+00
     49.332    -0.6923   2.794721    -0.6924   2.795103    7.34123     0.0972    13.8155 0.0000e+00  -60.81533  -56.16100 1153259147 199.906811    34.2978      66949         18  0.000e+00
     49.332    -0.6927   2.794721    -0.6926   2.795079    7.34130     0.0865    13.8155 0.0000e+00  -60.81533  -56.16100 1153259147 199.906812    34.2983      66950         18  0.000e+00
     49.265    -0.6924   2.794721    -0.6924   2.795050    7.34118     0.0972    13.8155 0.0000e+00  -60.81533  -56.16100 1153259147 199.906812    34.2980      66951         18  0.000e+00
     49.266    -0.6926   2.794721    -0.6921   2.795103    7.34121     0.0757    13.8155 0.0000e+00  -60.81533  -56.16100 1153259148 199.906825    34.2981      66978         19  0.000e+00
     49.332    -0.6929   2.794721    -0.6927   2.795143    7.33664     0.0650    13.8155 0.0000e+00  -60.81533  -56.16100 1153259148 199.906826    34.2985      66979         19  0.000e+00
     49.266    -0.6924   2.794721    -0.6916   2.795132    7.34118     0.0434    13.8155 0.0000e+00  -60.81533  -56.16100 1153259148 199.906826    34.2980      66980         19  0.000e+00
     49.266    -0.6927   2.794704    -0.6922   2.795126    7.34124     0.0650    13.8155 0.0000e+00  -60.81533  -56.16100 1153259148 199.906827    34.2981      66981         19  0.000e+00
     49.332    -0.6929   2.794681    -0.6920   2.795108    7.34136     0.1188    13.8155 0.0000e+00  -60.81533  -56.16100 1153259148 199.906827    34.2980      66982         19  0.000e+00
     49.332    -0.6923   2.794694    -0.6918   2.795120    7.34125     0.1080    13.8155 0.0000e+00  -60.81533  -56.16100 1153259148 199.906828    34.2974      66983         19  0.000e+00
     49.266    -0.6927   2.794681    -0.6920   2.795126    7.34126     0.0757    13.8155 0.0000e+00  -60.81533  -56.16100 1153259148 199.906828    34.2978      66984         19  0.000e+00
     49.266    -0.6926   2.794744    -0.6919   2.795126    7.34119     0.0972    13.8155 0.0000e+00  -60.81533  -56.16100 1153259148 199.906829    34.2984      66985         19  0.000e+00
     49.332    -0.6929   2.794747    -0.6923   2.795103    7.34130     0.0972    13.8155 0.0000e+00  -60.81533  -56.16100 1153259148 199.906829    34.2988      66986         19  0.000e+00
     49.332    -0.6925   2.794724    -0.6926   2.795120    7.34125     0.0542    13.8155 0.0000e+00  -60.81533  -56.16100 1153259148 199.906830    34.2980      66987         19  0.000e+00
     49.266    -0.6927   2.794731    -0.6920   2.795103    7.34122     0.0972    13.8155 0.0000e+00  -60.81533  -56.16100 1153259148 199.906830    34.2985      66988         19  0.000e+00
     49.266    -0.6926   2.794724    -0.6922   2.795103    7.34120     0.1080    13.8155 0.0000e+00  -60.81533  -56.16100 1153259148 199.906831    34.2982      66989         19  0.000e+00
     49.332    -0.6921   2.794737    -0.6919   2.795120    7.34120     0.1080    13.8155 0.0000e+00  -60.81533  -56.16100 1153259148 199.906831    34.2978      66990         19  0.000e+00
     49.266    -0.6921   2.794760    -0.6916   2.795126    7.33643     0.0650    13.8155 0.0000e+00  -60.81533  -56.16100 1153259148 199.906832    34.2981      66991         19  0.000e+00
     49.266    -0.6925   2.794717    -0.6919   2.795126    7.33651    -0.0104    13.8155 0.0000e+00  -60.81533  -56.16100 1153259148 199.906832    34.2980      66992         19  0.000e+00
     49.332    -0.6924   2.794731    -0.6920   2.795103    7.34125     0.0542    13.8155 0.0000e+00  -60.81533  -56.16100 1153259148 199.906833    34.2981      66993         19  0.000e+00
     49.266    -0.6920   2.794724    -0.6922   2.795103    7.33644     0.0757    13.8155 0.0000e+00  -60.81533  -56.16100 1153259149 199.906833    34.2975      66994         19  0.000e+00
     49.266    -0.6921   2.794754    -0.6926   2.795097    7.33644     0.0650    13.8155 0.0000e+00  -60.81533  -56.16100 1153259149 199.906834    34.2981      66995         19  0.000e+00
     49.266    -0.6920   2.794731    -0.6921   2.795114    7.34111     0.0865    13.8155 0.0000e+00  -60.81533  -56.16100 1153259149 199.906834    34.2976      66996         19  0.000e+00
     49.266    -0.6926   2.794737    -0.6921   2.795126    7.34120     0.0542    13.8155 0.0000e+00  -60.81533  -56.16100 1153259149 199.906834    34.2984      66997         19  0.000e+00
     49.266    -0.6923   2.794724    -0.6919   2.795103    7.33648     0.0757    13.8155 0.0000e+00  -60.81533  -56.16100 1153259149 199.906835    34.2979      66998         19  0.000e+00
     49.266    -0.6923   2.794704    -0.6926   2.795103    7.33650     0.0865    13.8155 0.0000e+00  -60.81533  -56.16100 1153259149 199.906835    34.2976      66999         19  0.000e+00
     49.199    -0.6924   2.794750    -0.6921   2.795079    7.33642     0.0757    13.8155 0.0000e+00  -60.81533  -56.16100 1153259149 199.906836    34.2984      67000         19  0.000e+00
     49.266    -0.6927   2.794767    -0.6921   2.795108    7.33652     0.1080    13.8155 0.0000e+00  -60.81533  -56.16100 1153259149 199.906836    34.2990      67001         19  0.000e+00
     49.199    -0.6923   2.794717    -0.6922   2.795108    7.33642     0.0865    13.8155 0.0000e+00  -60.81533  -56.16100 1153259149 199.906837    34.2978      67002         19  0.000e+00
     49.199    -0.6923   2.794714    -0.6923   2.795079    7.33642     0.0865    13.8155 0.0000e+00  -60.81533  -56.16100 1153259149 199.906837    34.2978      67003         19  0.000e+00
     49.199    -0.6923   2.794704    -0.6918   2.795074    7.33643     0.0650    13.8155 0.0000e+00  -60.81533  -56.16100 1153259149 199.906838    34.2976      67004         19  0.000e+00
     49.199    -0.6924   2.794731    -0.6921   2.795091    7.33643     0.0650    13.8155 0.0000e+00  -60.81533  -56.16100 1153259149 199.906838    34.2981      67005         19  0.000e+00
     49.123    -0.6921   2.794711    -0.6918   2.795097    7.34100     0.0434    13.8155 0.0000e+00  -60.81533  -56.16100 1153259149 199.906839    34.2976      67006         19  0.000e+00
     49.123    -0.6925   2.794701    -0.6921   2.795103    7.34106     0.0434    13.8155 0.0000e+00  -60.81533  -56.16100 1153259149 199.906839    34.2978      67007         19  0.000e+00
     49.123    -0.6924   2.794731    -0.6918   2.795097    7.34103     0.0650    13.8155 0.0000e+00  -60.81533  -56.16100 1153259149 199.906840    34.2982      67008         19  0.000e+00
     49.123    -0.6923   2.794724    -0.6918   2.795103    7.34102     0.0865    13.8155 0.0000e+00  -60.81533  -56.16100 1153259149 199.906840    34.2979      67009         19  0.000e+00
     49.123    -0.6926   2.794737    -0.6922   2.795079    7.34105     0.0972    13.8155 0.0000e+00  -60.81533  -56.16100 1153259149 199.906841    34.2984      67010         19  0.000e+00
     49.056    -0.6923   2.794724    -0.6920   2.795108    7.34095     0.0865    13.8155 0.0000e+00  -60.81533  -56.16100 1153259149 199.906841    34.2980      67011         19  0.000e+00
     49.123    -0.6923   2.794721    -0.6921   2.795126    7.33634     0.0327    13.8155 0.0000e+00  -60.81533  -56.16100 1153259149 199.906842    34.2979      67012         19  0.000e+00
     49.056    -0.6923   2.794721    -0.6916   2.795103    7.34095     0.0434    13.8155 0.0000e+00  -60.81533  -56.16100 1153259149 199.906842    34.2979      67013         19  0.000e+00
     48.989    -0.6921   2.794688    -0.6919   2.795103    7.34088     0.0542    13.8155 0.0000e+00  -60.81533  -56.16100 1153259149 199.906843    34.2973      67014         19  0.000e+00
     48.913    -0.6920   2.794727    -0.6924   2.795097    7.34075     0.0650    13.8155 0.0000e+00  -60.81533  -56.16100 1153259149 199.906843    34.2978      67015         19  0.000e+00
     49.123    -0.6920   2.794694    -0.6923   2.795114    7.34099     0.0542    13.8155 0.0000e+00  -60.81533  -56.16100 1153259149 199.906844    34.2972      67016         19  0.000e+00
     48.913    -0.6922   2.794707    -0.6918   2.795073    7.34080     0.0434    13.8155 0.0000e+00  -60.81533  -56.16100 1153259150 199.906844    34.2977      67017         19  0.000e+00
     48.989    -0.6924   2.794721    -0.6923   2.795068    7.34090     0.0757    13.8155 0.0000e+00  -60.81533  -56.16100 1153259150 199.906845    34.2981      67018         19  0.000e+00
     48.913    -0.6924   2.794704    -0.6921   2.795097    7.34084     0.0327    13.8155 0.0000e+00  -60.81533  -56.16100 1153259150 199.906845    34.2980      67019         19  0.000e+00
     48.913    -0.6927   2.794714    -0.6920   2.795079    7.34087     0.0219    13.8155 0.0000e+00  -60.81533  -56.16100 1153259150 199.906846    34.2985      67020         19  0.000e+00
     48.913    -0.6924   2.794688    -0.6921   2.795091    7.33617     0.0542    13.8155 0.0000e+00  -60.81533  -56.16100 1153259150 199.906846    34.2977      67021         19  0.000e+00
     48.846    -0.6926   2.794694    -0.6921   2.795062    7.33613     0.0542    13.8155 0.0000e+00  -60.81533  -56.16100 1153259150 199.906847    34.2981      67022         19  0.000e+00
     48.846    -0.6920   2.794714    -0.6921   2.795068    7.33602     0.0219    13.8155 0.0000e+00  -60.81533  -56.16100 1153259150 199.906847    34.2976      67023         19  0.000e+00
     48.779    -0.6923   2.794721    -0.6918   2.795097    7.34067     0.0327    13.8155 0.0000e+00  -60.81533  -56.16100 1153259150 199.906848    34.2981      67024         19  0.000e+00
     48.779    -0.6920   2.794688    -0.6919   2.795079    7.34064     0.0434    13.8155 0.0000e+00  -60.81533  -56.16100 1153259150 199.906848    34.2973      67025         19  0.000e+00
     48.779    -0.6924   2.794694    -0.6921   2.795091    7.34071     0.0542    13.8155 0.0000e+00  -60.81533  -56.16100 1153259150 199.906848    34.2979      67026         19  0.000e+00
     30.358    -0.6932   2.793800    -0.6930   2.794179    7.34594     0.1403    13.8155 0.0000e+00  -60.81533  -56.16100 1153259203 199.907459    34.2982      68293         20  0.000e+00
     30.434    -0.6929   2.793780    -0.6932   2.794197    7.34600     0.0650    13.8155 0.0000e+00  -60.81533  -56.16100 1153259203 199.907460    34.2976      68294         20  0.000e+00
     30.415    -0.6932   2.793807    -0.6929   2.794168    7.34600     0.0757    13.8155 0.0000e+00  -60.81533  -56.16100 1153259203 199.907460    34.2982      68295         20  0.000e+00
     30.434    -0.6933   2.793837    -0.6930   2.794168    7.34602     0.0434    13.8155 0.0000e+00  -60.81533  -56.16100 1153259203 199.907461    34.2988      68296         20  0.000e+00
     30.434    -0.6935   2.793794    -0.6930   2.794203    7.34141     0.0757    13.8155 0.0000e+00  -60.81533  -56.16100 1153259203 199.907461    34.2984      68297         20  0.000e+00
