product_data/regression_test/downloaded_data/MGDS/320620060703/ctd/p6615501.ros
* Sea-Bird SBE 9 Data File:
* FileName = D:\Data\Raw\p6615501.dat
* Software Version Seasave Win32 V 5.32
* Temperature SN = 1649
* Conductivity SN = 1431
* Number of Bytes Per Scan = 37
* Number of Voltage Words = 5
* Number of Scans Averaged by the Deck Unit = 1
* NMEA Latitude = 60 48.92 S
* NMEA Longitude = 056 09.66 W
* NMEA UTC (Time) = 20:59:11
** Ship:   Nathaniel B. Palmer 
** Cruise:    NBP0606 
# nquan = 17
# nvalues = 1173                    
# units = specified
# name 0 = prDM: Pressure, Digiquartz [db]
# name 1 = t090C: Temperature [ITS-90, deg C]
# name 2 = c0S/m: Conductivity [S/m]
# name 3 = t190C: Temperature, 2 [ITS-90, deg C]
# name 4 = c1S/m: Conductivity, 2 [S/m]
# name 5 = sbeox0ML/L: Oxygen, SBE 43 [ml/l]
# name 6 = flECO-AFL: Fluorescence, Wetlab ECO-AFL/FL [mg/m^3]
# name 7 = bat: Beam Attenuation, Chelsea/Seatech/Wetlab CStar [1/m]
# name 8 = spar: SPAR/Surface Irradiance
# name 9 = latitude: Latitude [deg]
# name 10 = longitude: Longitude [deg]
# name 11 = timeY: Time, System [seconds]
# name 12 = timeJ: Julian Days
# name 13 = sal00: Salinity [PSU]
# name 14 = scan: scan number
# name 15 = nbf: number of bottles fired
# name 16 = flag:  0.000e+00
# interval = seconds: 0.0416667                   
# start_time = Jul 18 2006 20:59:19
*END*
[from data line 1022]
     29.033    -0.6931   2.793763    -0.6927   2.794144    7.34926     0.0972    13.8155 0.0000e+00  -60.81533  -56.16100 1153259206 199.907503    34.2983      68384         21  0.000e+00
     29.090    -0.6932   2.793757    -0.6929   2.794115    7.34934     0.0865    13.8155 0.0000e+00  -60.81533  -56.16100 1153259206 199.907504    34.2984      68385         21  0.000e+00
     29.033    -0.6935   2.793754    -0.6926   2.794086    7.34933     0.1080    13.8155 0.0000e+00  -60.81533  -56.16100 1153259207 199.907504    34.2987      68386         21  0.000e+00
     29.033    -0.6931   2.793734    -0.6927   2.794109    7.34928     0.1295    13.8155 0.0000e+00  -60.81533  -56.16100 1153259207 199.907505    34.2980      68387         21  0.000e+00
      9.839    -0.6943   2.792744    -0.6938   2.793140    7.34447     0.0757    13.8155 0.0000e+00  -60.81533  -56.16100 1153259277 199.908316    34.2979      70070         22  0.000e+00
     10.049    -0.6940   2.792741    -0.6939   2.793122    7.34464     0.0865    13.8155 0.0000e+00  -60.81533  -56.16100 1153259277 199.908317    34.2974      70071         22  0.000e+00
      9.725    -0.6941   2.792740    -0.6936   2.793151    7.33968     0.1188    13.8155 0.0000e+00  -60.81533  -56.16100 1153259277 199.908317    34.2977      70072         22  0.000e+00
      9.906    -0.6941   2.792740    -0.6941   2.793145    7.34452     0.1188    13.8155 0.0000e+00  -60.81533  -56.16100 1153259277 199.908318    34.2976      70073         22  0.000e+00
      9.763    -0.6935   2.792770    -0.6938   2.793122    7.34426     0.0865    13.8155 0.0000e+00  -60.81533  -56.16100 1153259277 199.908318    34.2974      70074         22  0.000e+00
      9.792    -0.6945   2.792764    -0.6942   2.793128    7.34444     0.0757    13.8155 0.0000e+00  -60.81533  -56.16100 1153259277 199.908319    34.2984      70075         22  0.000e+00
      9.839    -0.6941   2.792760    -0.6938   2.793140    7.33978     0.0757    13.8155 0.0000e+00  -60.81533  -56.16100 1153259277 199.908319    34.2979      70076         22  0.000e+00
      9.763    -0.6941   2.792760    -0.6942   2.793122    7.33970     0.0865    13.8155 0.0000e+00  -60.81533  -56.16100 1153259277 199.908320    34.2980      70077         22  0.000e+00
      9.792    -0.6941   2.792760    -0.6938   2.793111    7.33973     0.1295    13.8155 0.0000e+00  -60.81533  -56.16100 1153259277 199.908320    34.2980      70078         22  0.000e+00
      9.763    -0.6943   2.792744    -0.6936   2.793157    7.33974     0.1295    13.8155 0.0000e+00  -60.81533  -56.16100 1153259277 199.908321    34.2980      70079         22  0.000e+00
      9.763    -0.6940   2.792754    -0.6940   2.793110    7.33969     0.1080    13.8155 0.0000e+00  -60.81533  -56.16100 1153259277 199.908321    34.2978      70080         22  0.000e+00
      9.792    -0.6941   2.792727    -0.6935   2.793145    7.33975     0.1188    13.8155 0.0000e+00  -60.81533  -56.16100 1153259277 199.908322    34.2975      70081         22  0.000e+00
      9.763    -0.6940   2.792767    -0.6943   2.793169    7.33968     0.0542    13.8155 0.0000e+00  -60.81533  -56.16100 1153259277 199.908322    34.2979      70082         22  0.000e+00
      9.697    -0.6944   2.792800    -0.6939   2.793128    7.33965     0.0542    13.8155 0.0000e+00  -60.81533  -56.16100 1153259277 199.908323    34.2989      70083         22  0.000e+00
      9.725    -0.6946   2.792770    -0.6940   2.793110    7.34438     0.1403    13.8155 0.0000e+00  -60.81533  -56.16100 1153259277 199.908323    34.2987      70084         22  0.000e+00
      9.763    -0.6942   2.792760    -0.6933   2.793157    7.34436     0.0972    13.8155 0.0000e+00  -60.81533  -56.16100 1153259277 199.908324    34.2981      70085         22  0.000e+00
      9.697    -0.6944   2.792744    -0.6941   2.793140    7.33969     0.0865    13.8155 0.0000e+00  -60.81533  -56.16100 1153259277 199.908324    34.2982      70086         22  0.000e+00
      9.725    -0.6941   2.792740    -0.6939   2.793099    7.33968     0.0542    13.8155 0.0000e+00  -60.81533  -56.16100 1153259277 199.908325    34.2977      70087         22  0.000e+00
      9.697    -0.6941   2.792790    -0.6940   2.793128    7.33961     0.0327    13.8155 0.0000e+00  -60.81533  -56.16100 1153259277 199.908325    34.2984      70088         22  0.000e+00
      9.697    -0.6943   2.792770    -0.6936   2.793116    7.33965     0.0327    13.8155 0.0000e+00  -60.81533  -56.16100 1153259277 199.908326    34.2984      70089         22  0.000e+00
      9.649    -0.6942   2.792744    -0.6940   2.793134    7.34426     0.0757    13.8155 0.0000e+00  -60.81533  -56.16100 1153259278 199.908326    34.2979      70090         22  0.000e+00
      9.697    -0.6944   2.792721    -0.6941   2.793145    7.33971     0.0972    13.8155 0.0000e+00  -60.81533  -56.16100 1153259278 199.908327    34.2979      70091         22  0.000e+00
      9.620    -0.6940   2.792747    -0.6943   2.793134    7.33954     0.1080    13.8155 0.0000e+00  -60.81533  -56.16100 1153259278 199.908327    34.2977      70092         22  0.000e+00
      9.725    -0.6946   2.792760    -0.6939   2.793116    7.33973     0.1080    13.8155 0.0000e+00  -60.81533  -56.16100 1153259278 199.908328    34.2985      70093         22  0.000e+00
      9.620    -0.6942   2.792760    -0.6936   2.793134    7.33957     0.1188    13.8155 0.0000e+00  -60.81533  -56.16100 1153259278 199.908328    34.2981      70094         22  0.000e+00
      9.620    -0.6946   2.792744    -0.6935   2.793116    7.33964     0.1188    13.8155 0.0000e+00  -60.81533  -56.16100 1153259278 199.908329    34.2984      70095         22  0.000e+00
      9.649    -0.6941   2.792770    -0.6936   2.793134    7.33958     0.1188    13.8155 0.0000e+00  -60.81533  -56.16100 1153259278 199.908329    34.2982      70096         22  0.000e+00
      9.620    -0.6943   2.792734    -0.6941   2.793122    7.33960     0.1295    13.8155 0.0000e+00  -60.81533  -56.16100 1153259278 199.908329    34.2979      70097         22  0.000e+00
      9.621    -0.6946   2.792734    -0.6946   2.793110    7.33964     0.1080    13.8155 0.0000e+00  -60.81533  -56.16100 1153259278 199.908330    34.2982      70098         22  0.000e+00
      9.582    -0.6942   2.792740    -0.6938   2.793110    7.33954     0.1188    13.8155 0.0000e+00  -60.81533  -56.16100 1153259278 199.908330    34.2979      70099         22  0.000e+00
      9.621    -0.6943   2.792740    -0.6936   2.793134    7.33960     0.1403    13.8155 0.0000e+00  -60.81533  -56.16100 1153259278 199.908331    34.2980      70100         22  0.000e+00
      9.554    -0.6943   2.792754    -0.6939   2.793174    7.33952     0.1080    13.8155 0.0000e+00  -60.81533  -56.16100 1153259278 199.908331    34.2982      70101         22  0.000e+00
      9.582    -0.6941   2.792777    -0.6941   2.793116    7.33951     0.0972    13.8155 0.0000e+00  -60.81533  -56.16100 1153259278 199.908332    34.2983      70102         22  0.000e+00
      9.554    -0.6944   2.792734    -0.6944   2.793110    7.33955     0.0972    13.8155 0.0000e+00  -60.81533  -56.16100 1153259278 199.908332    34.2981      70103         22  0.000e+00
      9.621    -0.6942   2.792717    -0.6941   2.793110    7.33959     0.0542    13.8155 0.0000e+00  -60.81533  -56.16100 1153259278 199.908333    34.2976      70104         22  0.000e+00
      9.516    -0.6943   2.792747    -0.6941   2.793110    7.33948     0.0972    13.8155 0.0000e+00  -60.81533  -56.16100 1153259278 199.908333    34.2982      70105         22  0.000e+00
      9.411    -0.6941   2.792760    -0.6935   2.793134    7.33934     0.0972    13.8155 0.0000e+00  -60.81533  -56.16100 1153259278 199.908334    34.2982      70106         22  0.000e+00
      9.697    -0.6944   2.792744    -0.6942   2.793116    7.33969     0.0650    13.8155 0.0000e+00  -60.81533  -56.16100 1153259278 199.908334    34.2982      70107         22  0.000e+00
      9.582    -0.6949   2.792740    -0.6938   2.793134    7.33965     0.0327    13.8155 0.0000e+00  -60.81533  -56.16100 1153259278 199.908335    34.2987      70108         22  0.000e+00
      9.487    -0.6943   2.792754    -0.6944   2.793116    7.33945     0.0542    13.8155 0.0000e+00  -60.81533  -56.16100 1153259278 199.908335    34.2983      70109         22  0.000e+00
      9.554    -0.6941   2.792727    -0.6946   2.793134    7.33951     0.0542    13.8155 0.0000e+00  -60.81533  -56.16100 1153259278 199.908336    34.2977      70110         22  0.000e+00
      9.516    -0.6944   2.792747    -0.6939   2.793122    7.33951     0.0327    13.8155 0.0000e+00  -60.81533  -56.16100 1153259278 199.908336    34.2983      70111         22  0.000e+00
      9.554    -0.6944   2.792760    -0.6940   2.793110    7.33954     0.0650    13.8155 0.0000e+00  -60.81533  -56.16100 1153259278 199.908337    34.2985      70112         22  0.000e+00
      9.487    -0.6943   2.792727    -0.6941   2.793134    7.33947     0.1188    13.8155 0.0000e+00  -60.81533  -56.16100 1153259279 199.908337    34.2979      70113         22  0.000e+00
      9.516    -0.6943   2.792734    -0.6943   2.793105    7.33949     0.1510    13.8155 0.0000e+00  -60.81533  -56.16100 1153259279 199.908338    34.2980      70114         22  0.000e+00
      9.554    -0.6948   2.792754    -0.6938   2.793145    7.33959     0.1188    13.8155 0.0000e+00  -60.81533  -56.16100 1153259279 199.908338    34.2988      70115         22  0.000e+00
      9.487    -0.6944   2.792744    -0.6935   2.793128    7.33948     0.1188    13.8155 0.0000e+00  -60.81533  -56.16100 1153259279 199.908339    34.2983      70116         22  0.000e+00
      9.440    -0.6946   2.792740    -0.6944   2.793099    7.33945     0.1726    13.8155 0.0000e+00  -60.81533  -56.16100 1153259279 199.908339    34.2984      70117         22  0.000e+00
      9.487    -0.6945   2.792740    -0.6941   2.793122    7.33949     0.1403    13.8155 0.0000e+00  -60.81533  -56.16100 1153259279 199.908340    34.2983      70118         22  0.000e+00
      9.726    -0.6944   2.792747    -0.6936   2.793128    7.33972     0.0972    13.8155 0.0000e+00  -60.81533  -56.16100 1153259281 199.908365    34.2982      70171         23  0.000e+00
      9.841    -0.6948   2.792744    -0.6944   2.793116    7.33989     0.0865    13.8155 0.0000e+00  -60.81533  -56.16100 1153259281 199.908366    34.2984      70172         23  0.000e+00
      9.698    -0.6944   2.792740    -0.6946   2.793110    7.33970     0.0865    13.8155 0.0000e+00  -60.81533  -56.16100 1153259281 199.908366    34.2981      70173         23  0.000e+00
      9.860    -0.6943   2.792740    -0.6947   2.793093    7.33984     0.1080    13.8155 0.0000e+00  -60.81533  -56.16100 1153259281 199.908367    34.2979      70174         23  0.000e+00
      9.841    -0.6942   2.792740    -0.6947   2.793070    7.33515     0.0757    13.8155 0.0000e+00  -60.81533  -56.16100 1153259281 199.908367    34.2977      70175         23  0.000e+00
      9.764    -0.6944   2.792754    -0.6948   2.793058    7.33975     0.0650    13.8155 0.0000e+00  -60.81533  -56.16100 1153259281 199.908368    34.2983      70176         23  0.000e+00
      9.860    -0.6948   2.792760    -0.6943   2.793058    7.33989     0.0972    13.8155 0.0000e+00  -60.81533  -56.16100 1153259281 199.908368    34.2987      70177         23  0.000e+00
      9.841    -0.6946   2.792727    -0.6953   2.793047    7.33987     0.0757    13.8155 0.0000e+00  -60.81533  -56.16100 1153259281 199.908369    34.2980      70178         23  0.000e+00
      9.907    -0.6943   2.792717    -0.6950   2.793093    7.33991     0.0650    13.8155 0.0000e+00  -60.81533  -56.16100 1153259281 199.908369    34.2976      70179         23  0.000e+00
      9.860    -0.6949   2.792698    -0.6945   2.793076    7.33996     0.0972    13.8155 0.0000e+00  -60.81533  -56.16100 1153259281 199.908370    34.2980      70180         23  0.000e+00
      9.841    -0.6948   2.792727    -0.6946   2.793064    7.33990     0.0757    13.8155 0.0000e+00  -60.81533  -56.16100 1153259281 199.908370    34.2982      70181         23  0.000e+00
      9.907    -0.6949   2.792740    -0.6950   2.793076    7.33998     0.0650    13.8155 0.0000e+00  -60.81533  -56.16100 1153259281 199.908370    34.2985      70182         23  0.000e+00
      9.936    -0.6946   2.792721    -0.6946   2.793105    7.33997     0.0650    13.8155 0.0000e+00  -60.81533  -56.16100 1153259281 199.908371    34.2979      70183         23  0.000e+00
      9.908    -0.6950   2.792734    -0.6952   2.793087    7.33999     0.0434    13.8155 0.0000e+00  -60.81533  -56.16100 1153259281 199.908371    34.2985      70184         23  0.000e+00
      9.908    -0.6948   2.792740    -0.6943   2.793087    7.33996     0.0219    13.8155 0.0000e+00  -60.81533  -56.16100 1153259281 199.908372    34.2984      70185         23  0.000e+00
      9.936    -0.6951   2.792721    -0.6941   2.793093    7.34005     0.0327    13.8155 0.0000e+00  -60.81533  -56.16100 1153259282 199.908372    34.2984      70186         23  0.000e+00
      9.974    -0.6946   2.792681    -0.6943   2.793082    7.34004     0.0865    13.8155 0.0000e+00  -60.81533  -56.16100 1153259282 199.908373    34.2973      70187         23  0.000e+00
      9.908    -0.6954   2.792704    -0.6942   2.793087    7.34007     0.1080    13.8155 0.0000e+00  -60.81533  -56.16100 1153259282 199.908373    34.2985      70188         23  0.000e+00
     10.003    -0.6946   2.792734    -0.6946   2.793070    7.34004     0.1403    13.8155 0.0000e+00  -60.81533  -56.16100 1153259282 199.908374    34.2981      70189         23  0.000e+00
      9.908    -0.6951   2.792704    -0.6944   2.793099    7.34003     0.1403    13.8155 0.0000e+00  -60.81533  -56.16100 1153259282 199.908374    34.2982      70190         23  0.000e+00
      9.974    -0.6952   2.792744    -0.6947   2.793093    7.34009     0.1080    13.8155 0.0000e+00  -60.81533  -56.16100 1153259282 199.908375    34.2989      70191         23  0.000e+00
     10.003    -0.6948   2.792727    -0.6942   2.793111    7.34006     0.0757    13.8155 0.0000e+00  -60.81533  -56.16100 1153259282 199.908375    34.2981      70192         23  0.000e+00
      9.974    -0.6949   2.792717    -0.6946   2.793111    7.34006     0.0865    13.8155 0.0000e+00  -60.81533  -56.16100 1153259282 199.908376    34.2982      70193         23  0.000e+00
      9.974    -0.6948   2.792717    -0.6947   2.793093    7.34005     0.0757    13.8155 0.0000e+00  -60.81533  -56.16100 1153259282 199.908376    34.2981      70194         23  0.000e+00
     10.003    -0.6949   2.792681    -0.6947   2.793111    7.34012     0.0865    13.8155 0.0000e+00  -60.81533  -56.16100 1153259282 199.908377    34.2977      70195         23  0.000e+00
      9.974    -0.6951   2.792721    -0.6944   2.793070    7.34008     0.0972    13.8155 0.0000e+00  -60.81533  -56.16100 1153259282 199.908377    34.2984      70196         23  0.000e+00
     10.003    -0.6952   2.792704    -0.6944   2.793099    7.34015     0.1080    13.8155 0.0000e+00  -60.81533  -56.16100 1153259282 199.908378    34.2983      70197         23  0.000e+00
     10.051    -0.6951   2.792711    -0.6947   2.793134    7.34017     0.0972    13.8155 0.0000e+00  -60.81533  -56.16100 1153259282 199.908378    34.2983      70198         23  0.000e+00
      9.974    -0.6948   2.792717    -0.6946   2.793093    7.34004     0.1403    13.8155 0.0000e+00  -60.81533  -56.16100 1153259282 199.908379    34.2980      70199         23  0.000e+00
     10.003    -0.6951   2.792681    -0.6945   2.793105    7.34014     0.1080    13.8155 0.0000e+00  -60.81533  -56.16100 1153259282 199.908379    34.2978      70200         23  0.000e+00
     10.051    -0.6951   2.792688    -0.6946   2.793116    7.34019     0.0434    13.8155 0.0000e+00  -60.81533  -56.16100 1153259282 199.908380    34.2979      70201         23  0.000e+00
