product_data/regression_test/downloaded_data/MGDS/320620060703/ctd/p6611701.ros
* Sea-Bird SBE 9 Data File:
* FileName = D:\Data\Raw\p6611701.dat
* Software Version Seasave Win32 V 5.32
* Temperature SN = 1649
* Conductivity SN = 1431
* Number of Bytes Per Scan = 37
* Number of Voltage Words = 5
* Number of Scans Averaged by the Deck Unit = 1
* NMEA Latitude = 61 16.10 S
* NMEA Longitude = 054 17.11 W
* NMEA UTC (Time) = 18:41:16
** Ship:   Nathaniel B. Palmer 
** Cruise:    NBP0606 
# nquan = 17
# nvalues = 245                     
# units = specified
# name 0 = prDM: Pressure, Digiquartz [db]
# name 1 = t090C: Temperature [ITS-90, deg C]
# name 2 = c0S/m: Conductivity [S/m]
# name 3 = t190C: Temperature, 2 [ITS-90, deg C]
# name 4 = c1S/m: Conductivity, 2 [S/m]
# name 5 = sbeox0ML/L: Oxygen, SBE 43 [ml/l]
# name 6 = flECO-AFL: Fluorescence, Wetlab ECO-AFL/FL [mg/m^3]
# name 7 = bat: Beam Attenuation, Chelsea/Seatech/Wetlab CStar [1/m]
# name 8 = spar: SPAR/Surface Irradiance
# name 9 = latitude: Latitude [deg]
# name 10 = longitude: Longitude [deg]
# name 11 = timeY: Time, System [seconds]
# name 12 = timeJ: Julian Days
# name 13 = sal00: Salinity [PSU]
# name 14 = scan: scan number
# name 15 = nbf: number of bottles fired
# name 16 = flag:  0.000e+00
# interval = seconds: 0.0416667                   
# start_time = Jul 14 2006 18:41:23
*END*
[from data line 171]
     20.450    -0.8782   2.781028    -0.8753   2.781672    7.04893     0.1403    13.8155 7.7926e+00  -61.26833  -54.28517 1152902859 195.783101    34.3417       9048          4  0.000e+00
     20.431    -0.8773   2.781055    -0.8756   2.781631    7.04877     0.1510    13.8155 7.7926e+00  -61.26833  -54.28517 1152902859 195.783102    34.3410       9049          4  0.000e+00
     20.374    -0.8777   2.781048    -0.8770   2.781585    7.04878     0.1188    13.8155 7.7926e+00  -61.26833  -54.28517 1152902859 195.783102    34.3415       9050          4  0.000e+00
     20.450    -0.8774   2.781094    -0.8759   2.781556    7.04878     0.0542    13.8155 7.7926e+00  -61.26833  -54.28517 1152902859 195.783103    34.3417       9051          4  0.000e+00
     20.355    -0.8767   2.781121    -0.8751   2.781625    7.04856     0.0434    13.8155 7.7926e+00  -61.26833  -54.28517 1152902859 195.783103    34.3413       9052          4  0.000e+00
     20.450    -0.8768   2.781147    -0.8743   2.781689    7.04866     0.0757    13.8155 7.7926e+00  -61.26833  -54.28517 1152902859 195.783104    34.3417       9053          4  0.000e+00
     20.355    -0.8768   2.781121    -0.8740   2.781706    7.04858     0.0972    13.8155 7.7926e+00  -61.26833  -54.28517 1152902859 195.783104    34.3414       9054          4  0.000e+00
     20.374    -0.8768   2.781085    -0.8734   2.781706    7.04862     0.0972    13.8155 7.7926e+00  -61.26833  -54.28517 1152902859 195.783105    34.3409       9055          4  0.000e+00
     20.222    -0.8774   2.781068    -0.8738   2.781706    7.04857     0.0757    13.8155 7.7926e+00  -61.26833  -54.28517 1152902859 195.783105    34.3415       9056          4  0.000e+00
     20.517    -0.8777   2.781019    -0.8746   2.781706    7.04894     0.0757    13.8155 7.7926e+00  -61.26833  -54.28517 1152902859 195.783106    34.3410       9057          4  0.000e+00
     20.374    -0.8779   2.780976    -0.8746   2.781706    7.04885     0.0757    13.8155 5.8444e+00  -61.26833  -54.28517 1152902859 195.783106    34.3407       9058          4  0.000e+00
     20.355    -0.8791   2.780910    -0.8746   2.781683    7.04905     0.1295    13.8155 5.8444e+00  -61.26833  -54.28517 1152902859 195.783107    34.3412       9059          4  0.000e+00
     20.374    -0.8799   2.780897    -0.8746   2.781660    7.04919     0.0865    13.8155 5.8444e+00  -61.26833  -54.28517 1152902859 195.783107    34.3419       9060          4  0.000e+00
     20.355    -0.8802   2.780857    -0.8746   2.781689    7.04924     0.0542    13.8155 7.7926e+00  -61.26833  -54.28517 1152902859 195.783108    34.3417       9061          4  0.000e+00
     20.374    -0.8805   2.780824    -0.8746   2.781683    7.04932     0.0650    13.8155 7.7926e+00  -61.26833  -54.28517 1152902859 195.783108    34.3416       9062          4  0.000e+00
     20.288    -0.8804   2.780880    -0.8746   2.781677    7.04918     0.0865    13.8155 7.7926e+00  -61.26833  -54.28517 1152902859 195.783109    34.3422       9063          4  0.000e+00
     20.374    -0.8799   2.780890    -0.8746   2.781677    7.04919     0.0542    13.8155 7.7926e+00  -61.26833  -54.28517 1152902859 195.783109    34.3418       9064          4  0.000e+00
     20.355    -0.8791   2.780854    -0.8743   2.781660    7.04909     0.0542    13.8155 7.7926e+00  -61.26833  -54.28517 1152902859 195.783110    34.3404       9065          4  0.000e+00
     20.307    -0.8796   2.780883    -0.8748   2.781672    7.04909     0.0972    13.8155 7.7926e+00  -61.26833  -54.28517 1152902859 195.783110    34.3414       9066          4  0.000e+00
     20.307    -0.8791   2.780906    -0.8749   2.781660    7.05368     0.0972    13.8155 7.7926e+00  -61.26833  -54.28517 1152902859 195.783111    34.3412       9067          4  0.000e+00
     20.288    -0.8791   2.780926    -0.8748   2.781672    7.05365     0.0650    13.8155 5.8444e+00  -61.26833  -54.28517 1152902859 195.783111    34.3415       9068          4  0.000e+00
     20.307    -0.8782   2.780893    -0.8745   2.781695    7.04888     0.0757    13.8155 5.8444e+00  -61.26833  -54.28517 1152902859 195.783111    34.3399       9069          4  0.000e+00
     20.355    -0.8793   2.780870    -0.8749   2.781683    7.05378     0.0650    13.8155 7.7926e+00  -61.26833  -54.28517 1152902859 195.783112    34.3408       9070          4  0.000e+00
     20.307    -0.8796   2.780897    -0.8743   2.781718    7.04908     0.0434    13.8155 7.7926e+00  -61.26833  -54.28517 1152902859 195.783112    34.3416       9071          4  0.000e+00
     20.288    -0.8798   2.780900    -0.8743   2.781712    7.04908     0.0650    13.8155 7.7926e+00  -61.26833  -54.28517 1152902860 195.783113    34.3418       9072          4  0.000e+00
     10.891    -0.8757   2.780765    -0.8738   2.781257    7.03937     0.0972    13.8155 7.7926e+00  -61.26833  -54.28517 1152902912 195.783725    34.3413      10341          5  0.000e+00
     10.920    -0.8748   2.780805    -0.8736   2.781246    7.03924     0.0972    13.8155 7.7926e+00  -61.26833  -54.28517 1152902912 195.783725    34.3408      10342          5  0.000e+00
     10.825    -0.8751   2.780835    -0.8735   2.781269    7.03917     0.1188    13.8155 7.7926e+00  -61.26833  -54.28517 1152902913 195.783726    34.3416      10343          5  0.000e+00
     10.853    -0.8742   2.780868    -0.8739   2.781280    7.03905     0.1080    13.8155 7.7926e+00  -61.26833  -54.28517 1152902913 195.783726    34.3410      10344          5  0.000e+00
     10.891    -0.8744   2.780884    -0.8736   2.781298    7.03910     0.0757    13.8155 7.7926e+00  -61.26833  -54.28517 1152902913 195.783727    34.3413      10345          5  0.000e+00
     10.891    -0.8745   2.780901    -0.8733   2.781263    7.03911     0.0542    13.8155 7.7926e+00  -61.26833  -54.28517 1152902913 195.783727    34.3417      10346          5  0.000e+00
     10.920    -0.8742   2.780917    -0.8738   2.781286    7.03908     0.0650    13.8155 5.8444e+00  -61.26833  -54.28517 1152902913 195.783728    34.3416      10347          5  0.000e+00
     10.891    -0.8742   2.780894    -0.8736   2.781286    7.03907     0.0972    13.8155 5.8444e+00  -61.26833  -54.28517 1152902913 195.783728    34.3413      10348          5  0.000e+00
     10.986    -0.8737   2.780901    -0.8739   2.781257    7.03910     0.0757    13.8155 5.8444e+00  -61.26833  -54.28517 1152902913 195.783729    34.3408      10349          5  0.000e+00
     10.891    -0.8742   2.780884    -0.8738   2.781234    7.03908     0.0650    13.8155 7.7926e+00  -61.26833  -54.28517 1152902913 195.783729    34.3412      10350          5  0.000e+00
     10.967    -0.8745   2.780884    -0.8739   2.781228    7.03919     0.0757    13.8155 7.7926e+00  -61.26833  -54.28517 1152902913 195.783730    34.3414      10351          5  0.000e+00
     10.920    -0.8746   2.780851    -0.8740   2.781228    7.03919     0.1295    13.8155 5.8444e+00  -61.26833  -54.28517 1152902913 195.783730    34.3412      10352          5  0.000e+00
     10.967    -0.8747   2.780851    -0.8742   2.781228    7.03924     0.1188    13.8155 5.8444e+00  -61.26833  -54.28517 1152902913 195.783731    34.3412      10353          5  0.000e+00
     10.986    -0.8748   2.780861    -0.8744   2.781228    7.03927     0.0757    13.8155 5.8444e+00  -61.26833  -54.28517 1152902913 195.783731    34.3415      10354          5  0.000e+00
     10.967    -0.8750   2.780845    -0.8740   2.781205    7.03462     0.0865    13.8155 5.8444e+00  -61.26833  -54.28517 1152902913 195.783732    34.3415      10355          5  0.000e+00
     10.967    -0.8746   2.780831    -0.8741   2.781217    7.03925     0.1080    13.8155 5.8444e+00  -61.26833  -54.28517 1152902913 195.783732    34.3409      10356          5  0.000e+00
     10.986    -0.8747   2.780772    -0.8743   2.781246    7.03931     0.1295    13.8155 5.8444e+00  -61.26833  -54.28517 1152902913 195.783733    34.3401      10357          5  0.000e+00
     11.034    -0.8753   2.780769    -0.8746   2.781193    7.03945     0.0972    13.8155 5.8444e+00  -61.26833  -54.28517 1152902913 195.783733    34.3407      10358          5  0.000e+00
     10.986    -0.8754   2.780749    -0.8744   2.781211    7.03476     0.0972    13.8155 5.8444e+00  -61.26833  -54.28517 1152902913 195.783734    34.3407      10359          5  0.000e+00
     10.967    -0.8754   2.780732    -0.8743   2.781205    7.03475     0.0972    13.8155 5.8444e+00  -61.26833  -54.28517 1152902913 195.783734    34.3404      10360          5  0.000e+00
     11.034    -0.8759   2.780762    -0.8747   2.781217    7.03487     0.0972    13.8155 5.8444e+00  -61.26833  -54.28517 1152902913 195.783735    34.3414      10361          5  0.000e+00
     11.063    -0.8751   2.780798    -0.8731   2.781246    7.03943     0.1618    13.8155 5.8444e+00  -61.26833  -54.28517 1152902913 195.783735    34.3409      10362          5  0.000e+00
     11.034    -0.8753   2.780815    -0.8741   2.781269    7.03942     0.1403    13.8155 5.8444e+00  -61.26833  -54.28517 1152902913 195.783736    34.3413      10363          5  0.000e+00
     10.986    -0.8748   2.780802    -0.8739   2.781257    7.03931     0.1080    13.8155 7.7926e+00  -61.26833  -54.28517 1152902913 195.783736    34.3407      10364          5  0.000e+00
     11.034    -0.8750   2.780838    -0.8743   2.781211    7.03935     0.0650    13.8155 7.7926e+00  -61.26833  -54.28517 1152902913 195.783736    34.3413      10365          5  0.000e+00
     11.101    -0.8744   2.780845    -0.8738   2.781217    7.03933     0.0434    13.8155 7.7926e+00  -61.26833  -54.28517 1152902913 195.783737    34.3407      10366          5  0.000e+00
     11.063    -0.8748   2.780858    -0.8745   2.781228    7.03935     0.0865    13.8155 7.7926e+00  -61.26833  -54.28517 1152902914 195.783737    34.3414      10367          5  0.000e+00
     11.034    -0.8747   2.780854    -0.8744   2.781228    7.03930     0.0972    13.8155 7.7926e+00  -61.26833  -54.28517 1152902914 195.783738    34.3412      10368          5  0.000e+00
     11.063    -0.8746   2.780878    -0.8740   2.781205    7.03931     0.0972    13.8155 7.7926e+00  -61.26833  -54.28517 1152902914 195.783738    34.3415      10369          5  0.000e+00
     11.034    -0.8745   2.780835    -0.8741   2.781182    7.03929     0.0972    13.8155 7.7926e+00  -61.26833  -54.28517 1152902914 195.783739    34.3407      10370          5  0.000e+00
     11.101    -0.8751   2.780808    -0.8742   2.781130    7.03946     0.0650    13.8155 7.7926e+00  -61.26833  -54.28517 1152902914 195.783739    34.3411      10371          5  0.000e+00
     11.129    -0.8750   2.780765    -0.8744   2.781176    7.03950     0.0650    13.8155 5.8444e+00  -61.26833  -54.28517 1152902914 195.783740    34.3403      10372          5  0.000e+00
     11.034    -0.8756   2.780752    -0.8748   2.781182    7.03950     0.0757    13.8155 5.8444e+00  -61.26833  -54.28517 1152902914 195.783740    34.3409      10373          5  0.000e+00
     11.129    -0.8753   2.780726    -0.8745   2.781193    7.03957     0.0327    13.8155 7.7926e+00  -61.26833  -54.28517 1152902914 195.783741    34.3401      10374          5  0.000e+00
     11.101    -0.8756   2.780709    -0.8743   2.781182    7.03960     0.0650    13.8155 7.7926e+00  -61.26833  -54.28517 1152902914 195.783741    34.3402      10375          5  0.000e+00
     11.101    -0.8753   2.780739    -0.8748   2.781176    7.03953     0.1510    13.8155 7.7926e+00  -61.26833  -54.28517 1152902914 195.783742    34.3403      10376          5  0.000e+00
     11.062    -0.8748   2.780726    -0.8738   2.781176    7.03944     0.1188    13.8155 7.7926e+00  -61.26833  -54.28517 1152902914 195.783742    34.3396      10377          5  0.000e+00
     11.101    -0.8757   2.780759    -0.8745   2.781176    7.03958     0.0972    13.8155 7.7926e+00  -61.26833  -54.28517 1152902914 195.783743    34.3411      10378          5  0.000e+00
     11.129    -0.8754   2.780739    -0.8746   2.781176    7.03958     0.0650    13.8155 7.7926e+00  -61.26833  -54.28517 1152902914 195.783743    34.3405      10379          5  0.000e+00
     11.101    -0.8748   2.780772    -0.8743   2.781193    7.03944     0.0972    13.8155 7.7926e+00  -61.26833  -54.28517 1152902914 195.783744    34.3402      10380          5  0.000e+00
     11.034    -0.8753   2.780779    -0.8743   2.781182    7.03944     0.1403    13.8155 7.7926e+00  -61.26833  -54.28517 1152902914 195.783744    34.3409      10381          5  0.000e+00
     11.129    -0.8753   2.780805    -0.8742   2.781211    7.03951     0.1188    13.8155 7.7926e+00  -61.26833  -54.28517 1152902914 195.783745    34.3412      10382          5  0.000e+00
     11.100    -0.8750   2.780828    -0.8745   2.781228    7.03943     0.0972    13.8155 7.7926e+00  -61.26833  -54.28517 1152902914 195.783745    34.3412      10383          5  0.000e+00
     11.062    -0.8748   2.780805    -0.8743   2.781228    7.03938     0.0865    13.8155 7.7926e+00  -61.26833  -54.28517 1152902914 195.783746    34.3407      10384          5  0.000e+00
     11.100    -0.8748   2.780779    -0.8739   2.781228    7.03944     0.0865    13.8155 7.7926e+00  -61.26833  -54.28517 1152902914 195.783746    34.3403      10385          5  0.000e+00
     11.034    -0.8753   2.780785    -0.8741   2.781246    7.03943     0.0434    13.8155 7.7926e+00  -61.26833  -54.28517 1152902914 195.783747    34.3409      10386          5  0.000e+00
     11.062    -0.8753   2.780779    -0.8736   2.781251    7.03947     0.0434    13.8155 7.7926e+00  -61.26833  -54.28517 1152902914 195.783747    34.3408      10387          5  0.000e+00
     11.034    -0.8748   2.780792    -0.8735   2.781251    7.03936     0.0327    13.8155 7.7926e+00  -61.26833  -54.28517 1152902914 195.783748    34.3405      10388          5  0.000e+00
     11.062    -0.8751   2.780838    -0.8736   2.781286    7.03941     0.0542    13.8155 7.7926e+00  -61.26833  -54.28517 1152902914 195.783748    34.3415      10389          5  0.000e+00
