product_data/regression_test/downloaded_data/MGDS/320620060703/ctd/p6619804.ros
* Sea-Bird SBE 9 Data File:
* FileName = D:\Data\Raw\p6619804.dat
* Software Version Seasave Win32 V 5.32
* Temperature SN = 1649
* Conductivity SN = 1431
* Number of Bytes Per Scan = 37
* Number of Voltage Words = 5
* Number of Scans Averaged by the Deck Unit = 1
* NMEA Latitude = 60 45.03 S
* NMEA Longitude = 059 14.86 W
* NMEA UTC (Time) = 05:10:09
** Ship:   Nathaniel B. Palmer 
** Cruise:    NBP0606 
# nquan = 17
# nvalues = 1176                    
# units = specified
# name 0 = prDM: Pressure, Digiquartz [db]
# name 1 = t090C: Temperature [ITS-90, deg C]
# name 2 = c0S/m: Conductivity [S/m]
# name 3 = t190C: Temperature, 2 [ITS-90, deg C]
# name 4 = c1S/m: Conductivity, 2 [S/m]
# name 5 = sbeox0ML/L: Oxygen, SBE 43 [ml/l]
# name 6 = flECO-AFL: Fluorescence, Wetlab ECO-AFL/FL [mg/m^3]
# name 7 = bat: Beam Attenuation, Chelsea/Seatech/Wetlab CStar [1/m]
# name 8 = spar: SPAR/Surface Irradiance
# name 9 = latitude: Latitude [deg]
# name 10 = longitude: Longitude [deg]
# name 11 = timeY: Time, System [seconds]
# name 12 = timeJ: Julian Days
# name 13 = sal00: Salinity [PSU]
# name 14 = scan: scan number
# name 15 = nbf: number of bottles fired
# name 16 = flag:  0.000e+00
# interval = seconds: 0.0416667                   
# start_time = Jul 26 2006 05:10:17
*END*
[from data line 341]
    150.569    -0.7811   2.782919    -0.8013   2.781682    7.61436    -0.0642    13.8155 0.0000e+00  -60.75050  -59.24767 1153893718 207.251387    34.1760      74470          7  0.000e+00
    150.569    -0.7831   2.783032    -0.8025   2.781746    7.61458    -0.0104    13.8155 0.0000e+00  -60.75050  -59.24767 1153893718 207.251388    34.1797      74471          7  0.000e+00
    100.364    -0.7958   2.773293    -0.8094   2.772682    7.75946     0.0327    13.8155 0.0000e+00  -60.75050  -59.24767 1153893810 207.252456    34.0931      76686          8  0.000e+00
    100.479    -0.7963   2.773250    -0.8082   2.772711    7.75496     0.0112    13.8155 0.0000e+00  -60.75050  -59.24767 1153893810 207.252457    34.0930      76687          8  0.000e+00
    100.441    -0.7984   2.773098    -0.8067   2.772850    7.75536    -0.0211    13.8155 0.0000e+00  -60.75050  -59.24767 1153893810 207.252457    34.0934      76688          8  0.000e+00
    100.441    -0.7993   2.773122    -0.8056   2.773030    7.75549     0.0004    13.8155 0.0000e+00  -60.75050  -59.24767 1153893810 207.252458    34.0948      76689          8  0.000e+00
    100.441    -0.7972   2.773177    -0.8051   2.773157    7.75511     0.0434    13.8155 0.0000e+00  -60.75050  -59.24767 1153893811 207.252458    34.0931      76690          8  0.000e+00
    100.508    -0.7967   2.773138    -0.8053   2.773186    7.75514     0.0434    13.8155 0.0000e+00  -60.75050  -59.24767 1153893811 207.252459    34.0920      76691          8  0.000e+00
    100.441    -0.7970   2.772986    -0.8056   2.773146    7.75523     0.0542    13.8155 0.0000e+00  -60.75050  -59.24767 1153893811 207.252459    34.0903      76692          8  0.000e+00
    100.441    -0.8002   2.772842    -0.8053   2.773146    7.75583     0.0542    13.8155 0.0000e+00  -60.75050  -59.24767 1153893811 207.252459    34.0920      76693          8  0.000e+00
    100.441    -0.8029   2.772792    -0.8061   2.773093    7.75155     0.0327    13.8155 0.0000e+00  -60.75050  -59.24767 1153893811 207.252460    34.0943      76694          8  0.000e+00
    100.441    -0.8040   2.772739    -0.8052   2.773117    7.75176     0.0542    13.8155 0.0000e+00  -60.75050  -59.24767 1153893811 207.252460    34.0949      76695          8  0.000e+00
    100.508    -0.8051   2.772703    -0.8051   2.773134    7.75202    -0.0104    13.8155 0.0000e+00  -60.75050  -59.24767 1153893811 207.252461    34.0955      76696          8  0.000e+00
    100.508    -0.8046   2.772749    -0.8056   2.773134    7.75191     0.0112    13.8155 0.0000e+00  -60.75050  -59.24767 1153893811 207.252461    34.0956      76697          8  0.000e+00
    100.441    -0.8029   2.772848    -0.8055   2.773146    7.75151     0.0112    13.8155 0.0000e+00  -60.75050  -59.24767 1153893811 207.252462    34.0951      76698          8  0.000e+00
    100.508    -0.8032   2.772792    -0.8052   2.773175    7.75167    -0.0104    13.8155 0.0000e+00  -60.75050  -59.24767 1153893811 207.252462    34.0947      76699          8  0.000e+00
    100.441    -0.8047   2.772654    -0.8047   2.773261    7.74720     0.0112    13.8155 0.0000e+00  -60.75050  -59.24767 1153893811 207.252463    34.0945      76700          8  0.000e+00
    100.508    -0.8060   2.772627    -0.8038   2.773308    7.74749    -0.0104    13.8155 0.0000e+00  -60.75050  -59.24767 1153893811 207.252463    34.0956      76701          8  0.000e+00
    100.508    -0.8063   2.772634    -0.8032   2.773372    7.74753     0.0112    13.8155 0.0000e+00  -60.75050  -59.24767 1153893811 207.252464    34.0960      76702          8  0.000e+00
    100.479    -0.8060   2.772614    -0.8021   2.773412    7.74747    -0.0104    13.8155 0.0000e+00  -60.75050  -59.24767 1153893811 207.252464    34.0954      76703          8  0.000e+00
    100.508    -0.8060   2.772641    -0.8021   2.773424    7.74748     0.0542    13.8155 0.0000e+00  -60.75050  -59.24767 1153893811 207.252465    34.0957      76704          8  0.000e+00
    100.441    -0.8060   2.772670    -0.8019   2.773424    7.74739     0.0542    13.8155 0.0000e+00  -60.75050  -59.24767 1153893811 207.252465    34.0962      76705          8  0.000e+00
    100.508    -0.8063   2.772677    -0.8019   2.773401    7.74750    -0.0211    13.8155 0.0000e+00  -60.75050  -59.24767 1153893811 207.252466    34.0966      76706          8  0.000e+00
    100.508    -0.8057   2.772726    -0.8024   2.773372    7.74737    -0.0319    13.8155 0.0000e+00  -60.75050  -59.24767 1153893811 207.252466    34.0966      76707          8  0.000e+00
    100.508    -0.8049   2.772825    -0.8018   2.773383    7.74718    -0.0211    13.8155 0.0000e+00  -60.75050  -59.24767 1153893811 207.252467    34.0970      76708          8  0.000e+00
    100.508    -0.8046   2.772954    -0.8016   2.773430    7.74231     0.0327    13.8155 0.0000e+00  -60.75050  -59.24767 1153893811 207.252467    34.0984      76709          8  0.000e+00
    100.508    -0.8032   2.772990    -0.8021   2.773447    7.74206     0.0434    13.8155 0.0000e+00  -60.75050  -59.24767 1153893811 207.252468    34.0973      76710          8  0.000e+00
    100.441    -0.8015   2.773039    -0.8016   2.773464    7.74169     0.0542    13.8155 0.0000e+00  -60.75050  -59.24767 1153893811 207.252468    34.0961      76711          8  0.000e+00
    100.508    -0.8017   2.773056    -0.8016   2.773470    7.74178     0.0327    13.8155 0.0000e+00  -60.75050  -59.24767 1153893811 207.252469    34.0965      76712          8  0.000e+00
    100.508    -0.8018   2.773056    -0.8021   2.773435    7.74180     0.0327    13.8155 0.0000e+00  -60.75050  -59.24767 1153893811 207.252469    34.0966      76713          8  0.000e+00
    100.508    -0.8013   2.773036    -0.8032   2.773337    7.74175     0.0542    13.8155 0.0000e+00  -60.75050  -59.24767 1153893812 207.252470    34.0958      76714          8  0.000e+00
    100.508    -0.8013   2.773049    -0.8047   2.773151    7.74174     0.0327    13.8155 0.0000e+00  -60.75050  -59.24767 1153893812 207.252470    34.0960      76715          8  0.000e+00
    100.508    -0.8010   2.773089    -0.8088   2.772966    7.74166     0.0112    13.8155 0.0000e+00  -60.75050  -59.24767 1153893812 207.252471    34.0962      76716          8  0.000e+00
    100.508    -0.8012   2.773049    -0.8108   2.772815    7.74171     0.0112    13.8155 0.0000e+00  -60.75050  -59.24767 1153893812 207.252471    34.0959      76717          8  0.000e+00
    100.479    -0.8020   2.772986    -0.8107   2.772821    7.74185     0.0434    13.8155 0.0000e+00  -60.75050  -59.24767 1153893812 207.252472    34.0959      76718          8  0.000e+00
    100.508    -0.8026   2.772983    -0.8094   2.772798    7.74197     0.0004    13.8155 0.0000e+00  -60.75050  -59.24767 1153893812 207.252472    34.0965      76719          8  0.000e+00
    100.508    -0.8010   2.773171    -0.8088   2.772746    7.74160    -0.0426    13.8155 0.0000e+00  -60.75050  -59.24767 1153893812 207.252473    34.0973      76720          8  0.000e+00
    100.441    -0.8002   2.773184    -0.8093   2.772711    7.73667    -0.0211    13.8155 0.0000e+00  -60.75050  -59.24767 1153893812 207.252473    34.0967      76721          8  0.000e+00
    100.508    -0.8012   2.773098    -0.8104   2.772647    7.73695     0.0112    13.8155 0.0000e+00  -60.75050  -59.24767 1153893812 207.252473    34.0965      76722          8  0.000e+00
    100.508    -0.8015   2.772993    -0.8118   2.772607    7.73707    -0.0104    13.8155 0.0000e+00  -60.75050  -59.24767 1153893812 207.252474    34.0954      76723          8  0.000e+00
    100.508    -0.8029   2.772930    -0.8133   2.772560    7.73733    -0.0319    13.8155 0.0000e+00  -60.75050  -59.24767 1153893812 207.252474    34.0962      76724          8  0.000e+00
    100.508    -0.8035   2.772937    -0.8142   2.772531    7.73742    -0.0534    13.8155 0.0000e+00  -60.75050  -59.24767 1153893812 207.252475    34.0969      76725          8  0.000e+00
    100.508    -0.8030   2.772993    -0.8134   2.772473    7.74204    -0.0534    13.8155 0.0000e+00  -60.75050  -59.24767 1153893812 207.252475    34.0972      76726          8  0.000e+00
    100.508    -0.8015   2.773092    -0.8134   2.772508    7.73700    -0.0104    13.8155 0.0000e+00  -60.75050  -59.24767 1153893812 207.252476    34.0968      76727          8  0.000e+00
    100.298    -0.7981   2.773220    -0.8136   2.772578    7.73615     0.0219    13.8155 0.0000e+00  -60.75050  -59.24767 1153893812 207.252476    34.0948      76728          8  0.000e+00
    100.651    -0.7959   2.773372    -0.8124   2.772659    7.73609     0.0004    13.8155 0.0000e+00  -60.75050  -59.24767 1153893812 207.252477    34.0942      76729          8  0.000e+00
    100.508    -0.7962   2.773428    -0.8108   2.772751    7.73594    -0.0426    13.8155 0.0000e+00  -60.75050  -59.24767 1153893812 207.252477    34.0954      76730          8  0.000e+00
    100.508    -0.7973   2.773398    -0.8084   2.772780    7.73613    -0.0104    13.8155 0.0000e+00  -60.75050  -59.24767 1153893812 207.252478    34.0962      76731          8  0.000e+00
    100.441    -0.7981   2.773306    -0.8062   2.772844    7.73625    -0.0319    13.8155 0.0000e+00  -60.75050  -59.24767 1153893812 207.252478    34.0959      76732          8  0.000e+00
    100.508    -0.7989   2.773194    -0.8071   2.772885    7.73652    -0.0426    13.8155 0.0000e+00  -60.75050  -59.24767 1153893812 207.252479    34.0952      76733          8  0.000e+00
    100.546    -0.7998   2.773082    -0.8087   2.772867    7.73678    -0.0426    13.8155 0.0000e+00  -60.75050  -59.24767 1153893812 207.252479    34.0947      76734          8  0.000e+00
    100.863    -0.8307   2.770872    -0.8267   2.771402    7.69618    -0.0319    13.8155 0.0000e+00  -60.75050  -59.24767 1153893823 207.252597    34.0995      76979          9  0.000e+00
    100.863    -0.8266   2.771205    -0.8254   2.771552    7.69530    -0.0104    13.8155 0.0000e+00  -60.75050  -59.24767 1153893823 207.252598    34.0993      76980          9  0.000e+00
    100.930    -0.8255   2.771172    -0.8254   2.771576    7.69523    -0.0104    13.8155 0.0000e+00  -60.75050  -59.24767 1153893823 207.252598    34.0976      76981          9  0.000e+00
    100.863    -0.8275   2.770856    -0.8249   2.771645    7.69096    -0.0211    13.8155 0.0000e+00  -60.75050  -59.24767 1153893823 207.252599    34.0956      76982          9  0.000e+00
    100.930    -0.8312   2.770579    -0.8247   2.771674    7.69180    -0.0104    13.8155 0.0000e+00  -60.75050  -59.24767 1153893823 207.252599    34.0960      76983          9  0.000e+00
    100.996    -0.8340   2.770385    -0.8234   2.771738    7.69718    -0.0104    13.8155 0.0000e+00  -60.75050  -59.24767 1153893823 207.252600    34.0965      76984          9  0.000e+00
    100.930    -0.8355   2.770392    -0.8235   2.771761    7.69734     0.0219    13.8155 0.0000e+00  -60.75050  -59.24767 1153893823 207.252600    34.0984      76985          9  0.000e+00
    100.996    -0.8342   2.770625    -0.8226   2.771767    7.69703     0.0327    13.8155 0.0000e+00  -60.75050  -59.24767 1153893823 207.252601    34.1000      76986          9  0.000e+00
    100.930    -0.8303   2.771017    -0.8215   2.771860    7.69608    -0.0104    13.8155 0.0000e+00  -60.75050  -59.24767 1153893823 207.252601    34.1009      76987          9  0.000e+00
    100.996    -0.8253   2.771337    -0.8199   2.772010    7.69516    -0.0319    13.8155 0.0000e+00  -60.75050  -59.24767 1153893823 207.252602    34.0996      76988          9  0.000e+00
    100.996    -0.8229   2.771459    -0.8183   2.772126    7.68996    -0.0211    13.8155 0.0000e+00  -60.75050  -59.24767 1153893823 207.252602    34.0985      76989          9  0.000e+00
    100.996    -0.8219   2.771475    -0.8182   2.772225    7.68981     0.0112    13.8155 0.0000e+00  -60.75050  -59.24767 1153893823 207.252603    34.0977      76990          9  0.000e+00
    101.073    -0.8218   2.771406    -0.8190   2.772201    7.68991     0.0327    13.8155 0.0000e+00  -60.75050  -59.24767 1153893823 207.252603    34.0965      76991          9  0.000e+00
    100.996    -0.8225   2.771353    -0.8193   2.772120    7.68997     0.0327    13.8155 0.0000e+00  -60.75050  -59.24767 1153893823 207.252604    34.0966      76992          9  0.000e+00
    101.073    -0.8227   2.771356    -0.8190   2.772062    7.69009    -0.0104    13.8155 0.0000e+00  -60.75050  -59.24767 1153893823 207.252604    34.0969      76993          9  0.000e+00
    101.044    -0.8232   2.771412    -0.8191   2.772062    7.69009    -0.0426    13.8155 0.0000e+00  -60.75050  -59.24767 1153893823 207.252605    34.0982      76994          9  0.000e+00
    101.073    -0.8223   2.771432    -0.8193   2.772091    7.68997     0.0004    13.8155 0.0000e+00  -60.75050  -59.24767 1153893823 207.252605    34.0974      76995          9  0.000e+00
    101.140    -0.8215   2.771482    -0.8197   2.772062    7.68988     0.0327    13.8155 0.0000e+00  -60.75050  -59.24767 1153893823 207.252606    34.0972      76996          9  0.000e+00
    101.073    -0.8219   2.771498    -0.8208   2.771970    7.68987     0.0434    13.8155 0.0000e+00  -60.75050  -59.24767 1153893823 207.252606    34.0979      76997          9  0.000e+00
    101.073    -0.8215   2.771515    -0.8210   2.771894    7.68979     0.0112    13.8155 0.0000e+00  -60.75050  -59.24767 1153893823 207.252607    34.0976      76998          9  0.000e+00
    101.073    -0.8212   2.771521    -0.8199   2.771970    7.68974     0.0112    13.8155 0.0000e+00  -60.75050  -59.24767 1153893823 207.252607    34.0974      76999          9  0.000e+00
    101.140    -0.8208   2.771551    -0.8191   2.772091    7.68974     0.0327    13.8155 0.0000e+00  -60.75050  -59.24767 1153893823 207.252608    34.0974      77000          9  0.000e+00
    101.073    -0.8204   2.771580    -0.8182   2.772184    7.68957     0.0004    13.8155 0.0000e+00  -60.75050  -59.24767 1153893823 207.252608    34.0973      77001          9  0.000e+00
    101.140    -0.8205   2.771617    -0.8179   2.772219    7.68964    -0.0104    13.8155 0.0000e+00  -60.75050  -59.24767 1153893823 207.252609    34.0979      77002          9  0.000e+00
    101.140    -0.8202   2.771564    -0.8180   2.772190    7.68963     0.0327    13.8155 0.0000e+00  -60.75050  -59.24767 1153893824 207.252609    34.0969      77003          9  0.000e+00
    101.073    -0.8208   2.771491    -0.8187   2.772138    7.68971     0.0327    13.8155 0.0000e+00  -60.75050  -59.24767 1153893824 207.252609    34.0966      77004          9  0.000e+00
    101.140    -0.8219   2.771406    -0.8196   2.772045    7.69001     0.0004    13.8155 0.0000e+00  -60.75050  -59.24767 1153893824 207.252610    34.0966      77005          9  0.000e+00
    101.140    -0.8220   2.771366    -0.8205   2.771981    7.69005     0.0219    13.8155 0.0000e+00  -60.75050  -59.24767 1153893824 207.252610    34.0962      77006          9  0.000e+00
    101.140    -0.8230   2.771294    -0.8213   2.771981    7.69025     0.0542    13.8155 0.0000e+00  -60.75050  -59.24767 1153893824 207.252611    34.0963      77007          9  0.000e+00
    101.073    -0.8253   2.771123    -0.8222   2.771871    7.69066     0.0650    13.8155 0.0000e+00  -60.75050  -59.24767 1153893824 207.252611    34.0967      77008          9  0.000e+00
    101.140    -0.8273   2.770974    -0.8235   2.771778    7.69115     0.0542    13.8155 0.0000e+00  -60.75050  -59.24767 1153893824 207.252612    34.0969      77009          9  0.000e+00
    101.140    -0.8286   2.770958    -0.8245   2.771674    7.69135     0.0112    13.8155 0.0000e+00  -60.75050  -59.24767 1153893824 207.252612    34.0981      77010          9  0.000e+00
    101.140    -0.8280   2.771047    -0.8252   2.771581    7.69119     0.0327    13.8155 0.0000e+00  -60.75050  -59.24767 1153893824 207.252613    34.0986      77011          9  0.000e+00
