product_data/regression_test/downloaded_data/MGDS/320620060703/ctd/p6617607.ros
* Sea-Bird SBE 9 Data File:
* FileName = D:\Data\Raw\p6617607.dat
* Software Version Seasave Win32 V 5.32
* Temperature SN = 1649
* Conductivity SN = 1431
* Number of Bytes Per Scan = 37
* Number of Voltage Words = 5
* Number of Scans Averaged by the Deck Unit = 1
* NMEA Latitude = 60 36.97 S
* NMEA Longitude = 054 43.19 W
* NMEA UTC (Time) = 10:38:42
** Ship:   Nathaniel B. Palmer 
** Cruise:    NBP0606 
# nquan = 17
# nvalues = 1176                    
# units = specified
# name 0 = prDM: Pressure, Digiquartz [db]
# name 1 = t090C: Temperature [ITS-90, deg C]
# name 2 = c0S/m: Conductivity [S/m]
# name 3 = t190C: Temperature, 2 [ITS-90, deg C]
# name 4 = c1S/m: Conductivity, 2 [S/m]
# name 5 = sbeox0ML/L: Oxygen, SBE 43 [ml/l]
# name 6 = flECO-AFL: Fluorescence, Wetlab ECO-AFL/FL [mg/m^3]
# name 7 = bat: Beam Attenuation, Chelsea/Seatech/Wetlab CStar [1/m]
# name 8 = spar: SPAR/Surface Irradiance
# name 9 = latitude: Latitude [deg]
# name 10 = longitude: Longitude [deg]
# name 11 = timeY: Time, System [seconds]
# name 12 = timeJ: Julian Days
# name 13 = sal00: Salinity [PSU]
# name 14 = scan: scan number
# name 15 = nbf: number of bottles fired
# name 16 = flag:  0.000e+00
# interval = seconds: 0.0416667                   
# start_time = Jul 21 2006 10:38:50
*END*
[from data line 681]
    150.371    -0.2212   2.840558    -0.2200   2.840955    6.78239    -0.0426    13.8155 0.0000e+00  -60.61617  -54.71983 1153478791 202.448988    34.3186      11102         14  0.000e+00
    150.371    -0.2216   2.840575    -0.2203   2.840967    6.78244    -0.0749    13.8155 0.0000e+00  -60.61617  -54.71983 1153478791 202.448988    34.3193      11103         14  0.000e+00
    150.371    -0.2210   2.840519    -0.2206   2.840938    6.78239    -0.0426    13.8155 0.0000e+00  -60.61617  -54.71983 1153478791 202.448989    34.3179      11104         14  0.000e+00
    150.304    -0.2210   2.840552    -0.2202   2.840943    6.78230    -0.0319    13.8155 0.0000e+00  -60.61617  -54.71983 1153478791 202.448989    34.3183      11105         14  0.000e+00
    150.371    -0.2216   2.840582    -0.2203   2.840949    6.78244    -0.0211    13.8155 0.0000e+00  -60.61617  -54.71983 1153478791 202.448990    34.3194      11106         14  0.000e+00
    150.723    -0.2214   2.840569    -0.2193   2.841055    6.77807    -0.0104    13.8155 0.0000e+00  -60.61617  -54.71983 1153478798 202.449067    34.3188      11266         15  0.000e+00
    150.580    -0.2212   2.840559    -0.2194   2.841055    6.77790    -0.0426    13.8155 0.0000e+00  -60.61617  -54.71983 1153478798 202.449067    34.3185      11267         15  0.000e+00
    150.723    -0.2218   2.840525    -0.2192   2.841060    6.77814    -0.0211    13.8155 0.0000e+00  -60.61617  -54.71983 1153478798 202.449068    34.3186      11268         15  0.000e+00
    150.646    -0.2217   2.840552    -0.2194   2.841055    6.77805     0.0004    13.8155 0.0000e+00  -60.61617  -54.71983 1153478798 202.449068    34.3190      11269         15  0.000e+00
    150.646    -0.2215   2.840545    -0.2193   2.841055    6.77802    -0.0104    13.8155 0.0000e+00  -60.61617  -54.71983 1153478798 202.449069    34.3186      11270         15  0.000e+00
    150.656    -0.2213   2.840562    -0.2197   2.841043    6.77799     0.0327    13.8155 0.0000e+00  -60.61617  -54.71983 1153478798 202.449069    34.3186      11271         15  0.000e+00
    150.723    -0.2213   2.840602    -0.2194   2.841072    6.77803     0.0112    13.8155 0.0000e+00  -60.61617  -54.71983 1153478798 202.449070    34.3191      11272         15  0.000e+00
    150.723    -0.2214   2.840592    -0.2196   2.841066    6.78274     0.0219    13.8155 0.0000e+00  -60.61617  -54.71983 1153478798 202.449070    34.3191      11273         15  0.000e+00
    150.646    -0.2212   2.840608    -0.2194   2.841043    6.77793     0.0004    13.8155 0.0000e+00  -60.61617  -54.71983 1153478798 202.449071    34.3191      11274         15  0.000e+00
    150.723    -0.2213   2.840628    -0.2193   2.841055    6.77801    -0.0319    13.8155 0.0000e+00  -60.61617  -54.71983 1153478798 202.449071    34.3194      11275         15  0.000e+00
    150.646    -0.2210   2.840635    -0.2194   2.841055    6.77789    -0.0319    13.8155 0.0000e+00  -60.61617  -54.71983 1153478798 202.449072    34.3193      11276         15  0.000e+00
    150.646    -0.2210   2.840598    -0.2195   2.841055    6.77791    -0.0426    13.8155 0.0000e+00  -60.61617  -54.71983 1153478798 202.449072    34.3187      11277         15  0.000e+00
    150.723    -0.2205   2.840608    -0.2196   2.841043    6.77792    -0.0319    13.8155 0.0000e+00  -60.61617  -54.71983 1153478798 202.449073    34.3183      11278         15  0.000e+00
    150.656    -0.2206   2.840628    -0.2196   2.841049    6.77786     0.0004    13.8155 0.0000e+00  -60.61617  -54.71983 1153478798 202.449073    34.3188      11279         15  0.000e+00
    150.646    -0.2208   2.840598    -0.2197   2.841037    6.77790     0.0327    13.8155 0.0000e+00  -60.61617  -54.71983 1153478798 202.449074    34.3186      11280         15  0.000e+00
    150.646    -0.2203   2.840622    -0.2196   2.841055    6.77781     0.0004    13.8155 0.0000e+00  -60.61617  -54.71983 1153478798 202.449074    34.3183      11281         15  0.000e+00
    150.656    -0.2207   2.840635    -0.2197   2.841055    6.77786    -0.0104    13.8155 0.0000e+00  -60.61617  -54.71983 1153478799 202.449075    34.3189      11282         15  0.000e+00
    150.723    -0.2211   2.840618    -0.2192   2.841037    6.77799    -0.0104    13.8155 0.0000e+00  -60.61617  -54.71983 1153478799 202.449075    34.3191      11283         15  0.000e+00
    150.646    -0.2207   2.840575    -0.2196   2.841055    6.77789     0.0219    13.8155 0.0000e+00  -60.61617  -54.71983 1153478799 202.449076    34.3181      11284         15  0.000e+00
    150.646    -0.2208   2.840602    -0.2200   2.841078    6.77789     0.0327    13.8155 0.0000e+00  -60.61617  -54.71983 1153478799 202.449076    34.3186      11285         15  0.000e+00
    150.580    -0.2207   2.840645    -0.2197   2.841066    6.77779     0.0112    13.8155 0.0000e+00  -60.61617  -54.71983 1153478799 202.449076    34.3191      11286         15  0.000e+00
    150.646    -0.2208   2.840622    -0.2196   2.841043    6.77788    -0.0104    13.8155 0.0000e+00  -60.61617  -54.71983 1153478799 202.449077    34.3189      11287         15  0.000e+00
    150.646    -0.2207   2.840612    -0.2193   2.841072    6.78256    -0.0211    13.8155 0.0000e+00  -60.61617  -54.71983 1153478799 202.449077    34.3186      11288         15  0.000e+00
    150.579    -0.2200   2.840612    -0.2200   2.841025    6.77771    -0.0319    13.8155 0.0000e+00  -60.61617  -54.71983 1153478799 202.449078    34.3179      11289         15  0.000e+00
    150.656    -0.2205   2.840595    -0.2194   2.841043    6.77787    -0.0534    13.8155 0.0000e+00  -60.61617  -54.71983 1153478799 202.449078    34.3182      11290         15  0.000e+00
    150.579    -0.2206   2.840588    -0.2199   2.841078    6.77781    -0.0319    13.8155 0.0000e+00  -60.61617  -54.71983 1153478799 202.449079    34.3183      11291         15  0.000e+00
    150.579    -0.2207   2.840605    -0.2198   2.841084    6.77781    -0.0104    13.8155 0.0000e+00  -60.61617  -54.71983 1153478799 202.449079    34.3186      11292         15  0.000e+00
    150.656    -0.2203   2.840612    -0.2197   2.841049    6.77783    -0.0426    13.8155 0.0000e+00  -60.61617  -54.71983 1153478799 202.449080    34.3182      11293         15  0.000e+00
    150.579    -0.2213   2.840595    -0.2199   2.841037    6.77790    -0.0426    13.8155 0.0000e+00  -60.61617  -54.71983 1153478799 202.449080    34.3191      11294         15  0.000e+00
    150.579    -0.2206   2.840588    -0.2195   2.841008    6.77781    -0.0534    13.8155 0.0000e+00  -60.61617  -54.71983 1153478799 202.449081    34.3183      11295         15  0.000e+00
    150.513    -0.2208   2.840588    -0.2199   2.841025    6.77778    -0.0211    13.8155 0.0000e+00  -60.61617  -54.71983 1153478799 202.449081    34.3186      11296         15  0.000e+00
    150.579    -0.2213   2.840588    -0.2200   2.841014    6.77790     0.0434    13.8155 0.0000e+00  -60.61617  -54.71983 1153478799 202.449082    34.3190      11297         15  0.000e+00
    150.579    -0.2210   2.840588    -0.2201   2.841025    6.77786    -0.0104    13.8155 0.0000e+00  -60.61617  -54.71983 1153478799 202.449082    34.3186      11298         15  0.000e+00
    150.513    -0.2212   2.840588    -0.2199   2.841014    6.77782    -0.0642    13.8155 0.0000e+00  -60.61617  -54.71983 1153478799 202.449083    34.3189      11299         15  0.000e+00
    150.513    -0.2211   2.840575    -0.2196   2.841008    6.77782    -0.0426    13.8155 0.0000e+00  -60.61617  -54.71983 1153478799 202.449083    34.3187      11300         15  0.000e+00
    150.579    -0.2208   2.840565    -0.2201   2.841043    6.77786    -0.0426    13.8155 0.0000e+00  -60.61617  -54.71983 1153478799 202.449084    34.3182      11301         15  0.000e+00
    150.513    -0.2211   2.840565    -0.2202   2.841019    6.77783    -0.0534    13.8155 0.0000e+00  -60.61617  -54.71983 1153478799 202.449084    34.3185      11302         15  0.000e+00
    150.513    -0.2213   2.840529    -0.2200   2.841025    6.77788    -0.0426    13.8155 0.0000e+00  -60.61617  -54.71983 1153478799 202.449085    34.3183      11303         15  0.000e+00
    150.513    -0.2211   2.840572    -0.2198   2.841031    6.77782    -0.0749    13.8155 0.0000e+00  -60.61617  -54.71983 1153478799 202.449085    34.3186      11304         15  0.000e+00
    150.513    -0.2210   2.840572    -0.2194   2.841014    6.77781    -0.0426    13.8155 0.0000e+00  -60.61617  -54.71983 1153478799 202.449086    34.3185      11305         15  0.000e+00
    150.436    -0.2214   2.840545    -0.2199   2.841008    6.77781    -0.0319    13.8155 0.0000e+00  -60.61617  -54.71983 1153478800 202.449086    34.3187      11306         15  0.000e+00
    150.512    -0.2216   2.840558    -0.2198   2.841025    6.77790    -0.0642    13.8155 0.0000e+00  -60.61617  -54.71983 1153478800 202.449087    34.3190      11307         15  0.000e+00
    150.446    -0.2217   2.840552    -0.2197   2.840996    6.77786    -0.0211    13.8155 0.0000e+00  -60.61617  -54.71983 1153478800 202.449087    34.3191      11308         15  0.000e+00
    150.512    -0.2215   2.840542    -0.2200   2.840984    6.77789     0.0004    13.8155 0.0000e+00  -60.61617  -54.71983 1153478800 202.449088    34.3186      11309         15  0.000e+00
    150.436    -0.2210   2.840542    -0.2201   2.840996    6.77775    -0.0104    13.8155 0.0000e+00  -60.61617  -54.71983 1153478800 202.449088    34.3181      11310         15  0.000e+00
    150.436    -0.2213   2.840562    -0.2197   2.840984    6.77778    -0.0319    13.8155 0.0000e+00  -60.61617  -54.71983 1153478800 202.449089    34.3188      11311         15  0.000e+00
    150.446    -0.2214   2.840532    -0.2199   2.840984    6.77783    -0.0104    13.8155 0.0000e+00  -60.61617  -54.71983 1153478800 202.449089    34.3185      11312         15  0.000e+00
    150.436    -0.2215   2.840568    -0.2206   2.840984    6.77780     0.0112    13.8155 0.0000e+00  -60.61617  -54.71983 1153478800 202.449090    34.3190      11313         15  0.000e+00
    150.436    -0.2210   2.840552    -0.2200   2.840973    6.77774     0.0219    13.8155 0.0000e+00  -60.61617  -54.71983 1153478800 202.449090    34.3182      11314         15  0.000e+00
    149.805    -0.2210   2.840552    -0.2208   2.840943    6.77715     0.0219    13.8155 0.0000e+00  -60.61617  -54.71983 1153478807 202.449168    34.3187      11475         16  0.000e+00
    149.527    -0.2211   2.840508    -0.2212   2.840955    6.77693     0.0112    13.8155 0.0000e+00  -60.61617  -54.71983 1153478807 202.449168    34.3184      11476         16  0.000e+00
    149.804    -0.2212   2.840545    -0.2208   2.840926    6.77718    -0.0426    13.8155 0.0000e+00  -60.61617  -54.71983 1153478807 202.449169    34.3188      11477         16  0.000e+00
    149.527    -0.2213   2.840545    -0.2205   2.840902    6.77693    -0.0319    13.8155 0.0000e+00  -60.61617  -54.71983 1153478807 202.449169    34.3191      11478         16  0.000e+00
    149.738    -0.2210   2.840562    -0.2205   2.840902    6.77708    -0.0426    13.8155 0.0000e+00  -60.61617  -54.71983 1153478807 202.449170    34.3188      11479         16  0.000e+00
    149.594    -0.2214   2.840548    -0.2203   2.840914    6.77701    -0.0642    13.8155 0.0000e+00  -60.61617  -54.71983 1153478807 202.449170    34.3192      11480         16  0.000e+00
    149.738    -0.2212   2.840522    -0.2207   2.840943    6.77713    -0.0319    13.8155 0.0000e+00  -60.61617  -54.71983 1153478807 202.449171    34.3185      11481         16  0.000e+00
    149.671    -0.2213   2.840498    -0.2205   2.840914    6.77710    -0.0426    13.8155 0.0000e+00  -60.61617  -54.71983 1153478807 202.449171    34.3184      11482         16  0.000e+00
    149.661    -0.2216   2.840535    -0.2203   2.840914    6.77711    -0.0426    13.8155 0.0000e+00  -60.61617  -54.71983 1153478807 202.449171    34.3192      11483         16  0.000e+00
    149.661    -0.2216   2.840525    -0.2200   2.840920    6.77243    -0.0319    13.8155 0.0000e+00  -60.61617  -54.71983 1153478807 202.449172    34.3191      11484         16  0.000e+00
    149.671    -0.2214   2.840518    -0.2206   2.840926    6.77710    -0.0104    13.8155 0.0000e+00  -60.61617  -54.71983 1153478807 202.449172    34.3188      11485         16  0.000e+00
    149.738    -0.2219   2.840558    -0.2205   2.840920    6.77721    -0.0104    13.8155 0.0000e+00  -60.61617  -54.71983 1153478807 202.449173    34.3199      11486         16  0.000e+00
    149.661    -0.2214   2.840582    -0.2203   2.840920    6.77706    -0.0104    13.8155 0.0000e+00  -60.61617  -54.71983 1153478807 202.449173    34.3196      11487         16  0.000e+00
    149.738    -0.2215   2.840568    -0.2206   2.840943    6.77714    -0.0211    13.8155 0.0000e+00  -60.61617  -54.71983 1153478807 202.449174    34.3195      11488         16  0.000e+00
    149.671    -0.2211   2.840565    -0.2207   2.840972    6.77703    -0.0426    13.8155 0.0000e+00  -60.61617  -54.71983 1153478807 202.449174    34.3190      11489         16  0.000e+00
    149.738    -0.2212   2.840552    -0.2207   2.840932    6.77711     0.0004    13.8155 0.0000e+00  -60.61617  -54.71983 1153478807 202.449175    34.3189      11490         16  0.000e+00
    149.661    -0.2213   2.840595    -0.2203   2.840943    6.77703     0.0219    13.8155 0.0000e+00  -60.61617  -54.71983 1153478807 202.449175    34.3196      11491         16  0.000e+00
    149.738    -0.2210   2.840575    -0.2199   2.840972    6.77707    -0.0211    13.8155 0.0000e+00  -60.61617  -54.71983 1153478807 202.449176    34.3190      11492         16  0.000e+00
    149.738    -0.2213   2.840545    -0.2196   2.840996    6.77713    -0.0749    13.8155 0.0000e+00  -60.61617  -54.71983 1153478807 202.449176    34.3189      11493         16  0.000e+00
    149.738    -0.2210   2.840562    -0.2200   2.841002    6.77708    -0.0642    13.8155 0.0000e+00  -60.61617  -54.71983 1153478807 202.449177    34.3188      11494         16  0.000e+00
    149.738    -0.2211   2.840565    -0.2199   2.841008    6.77241     0.0004    13.8155 0.0000e+00  -60.61617  -54.71983 1153478807 202.449177    34.3190      11495         16  0.000e+00
    149.804    -0.2208   2.840582    -0.2203   2.840978    6.77711     0.0004    13.8155 0.0000e+00  -60.61617  -54.71983 1153478807 202.449178    34.3189      11496         16  0.000e+00
    149.737    -0.2213   2.840558    -0.2201   2.840955    6.77244    -0.0211    13.8155 0.0000e+00  -60.61617  -54.71983 1153478807 202.449178    34.3191      11497         16  0.000e+00
    149.804    -0.2212   2.840578    -0.2203   2.840990    6.77716    -0.0319    13.8155 0.0000e+00  -60.61617  -54.71983 1153478808 202.449179    34.3192      11498         16  0.000e+00
    149.737    -0.2210   2.840568    -0.2202   2.840978    6.77707    -0.0642    13.8155 0.0000e+00  -60.61617  -54.71983 1153478808 202.449179    34.3189      11499         16  0.000e+00
    149.804    -0.2213   2.840565    -0.2203   2.840996    6.77719    -0.0211    13.8155 0.0000e+00  -60.61617  -54.71983 1153478808 202.449180    34.3192      11500         16  0.000e+00
    149.804    -0.2211   2.840568    -0.2199   2.840990    6.77716     0.0004    13.8155 0.0000e+00  -60.61617  -54.71983 1153478808 202.449180    34.3190      11501         16  0.000e+00
    149.804    -0.2210   2.840602    -0.2202   2.840972    6.77712     0.0434    13.8155 0.0000e+00  -60.61617  -54.71983 1153478808 202.449181    34.3193      11502         16  0.000e+00
    149.804    -0.2210   2.840592    -0.2197   2.840978    6.77712    -0.0211    13.8155 0.0000e+00  -60.61617  -54.71983 1153478808 202.449181    34.3192      11503         16  0.000e+00
    149.871    -0.2208   2.840552    -0.2200   2.840961    6.77720    -0.0534    13.8155 0.0000e+00  -60.61617  -54.71983 1153478808 202.449182    34.3185      11504         16  0.000e+00
