product_data/regression_test/downloaded_data/MGDS/320620060703/ctd/p6619505.cnv
* Sea-Bird SBE 9 Data File:
* FileName = D:\Data\Raw\p6619505.dat
* Software Version Seasave Win32 V 5.32
* Temperature SN = 1649
* Conductivity SN = 1431
* Number of Bytes Per Scan = 37
* Number of Voltage Words = 5
* Number of Scans Averaged by the Deck Unit = 1
* NMEA Latitude = 60 45.25 S
* NMEA Longitude = 056 54.10 W
* NMEA UTC (Time) = 18:24:37
** Ship:   Nathaniel B. Palmer 
** Cruise:    NBP0606 
# nquan = 15
# nvalues = 1001                        
# units = specified
# name 0 = prDM: Pressure, Digiquartz [db]
# name 1 = t090C: Temperature [ITS-90, deg C]
# name 2 = c0S/m: Conductivity [S/m]
# name 3 = t190C: Temperature, 2 [ITS-90, deg C]
# name 4 = c1S/m: Conductivity, 2 [S/m]
# name 5 = sbeox0ML/L: Oxygen, SBE 43 [ml/l]
# name 6 = flECO-AFL: Fluorescence, Wetlab ECO-AFL/FL [mg/m^3]
# name 7 = bat: Beam Attenuation, Chelsea/Seatech/Wetlab CStar [1/m]
# name 8 = spar: SPAR/Surface Irradiance
# name 9 = latitude: Latitude [deg]
# name 10 = longitude: Longitude [deg]
# name 11 = timeY: Time, System [seconds]
# name 12 = timeJ: Julian Days
# name 13 = sal00: Salinity [PSU]
# name 14 = flag: flag
# span 0 =      2.000,   1002.000       
# span 1 =    -1.0137,     2.0792       
# span 2 =   2.738941,   3.081634       
# span 3 =    -1.0132,     2.0791       
# span 4 =   2.739338,   3.081967       
# span 5 =    4.37306,    8.14271       
# span 6 =    -0.1115,     0.4293       
# span 7 =    13.8155,    13.8155       
# span 8 = 4.7794e+01, 9.9853e+01       
# span 9 =  -60.75417,  -60.75417       
# span 10 =  -56.90167,  -56.90167      
# span 11 = 1153765488, 1153767078      
# span 12 = 205.767224, 205.785629      
# span 13 =    33.8624,    34.7211      
# span 14 = 0.0000e+00, 0.0000e+00      
# interval = decibars: 1                
# start_time = Jul 24 2006 18:24:45
# bad_flag = -9.990e-29
*END*
[from data line 97]
     99.000     0.5115   2.887042     0.5134   2.887198    6.47223     0.3445    13.8155 9.3549e+01  -60.75417  -56.90167 1153765749 205.770253    34.1384 0.0000e+00
    100.000     0.5340   2.889362     0.5384   2.889662    6.44354     0.3324    13.8155 9.3324e+01  -60.75417  -56.90167 1153765750 205.770268    34.1440 0.0000e+00
    101.000     0.6158   2.897535     0.6209   2.897825    6.39479     0.3424    13.8155 9.7392e+01  -60.75417  -56.90167 1153765751 205.770283    34.1584 0.0000e+00
    102.000     0.6635   2.902290     0.6799   2.903742    6.27655     0.3083    13.8155 9.6242e+01  -60.75417  -56.90167 1153765757 205.770349    34.1695 0.0000e+00
    103.000     0.7482   2.910791     0.7511   2.911029    6.21533     0.2991    13.8155 9.4829e+01  -60.75417  -56.90167 1153765759 205.770374    34.1843 0.0000e+00
    104.000     0.7605   2.912060     0.7617   2.912154    6.18143     0.2786    13.8155 9.3741e+01  -60.75417  -56.90167 1153765760 205.770388    34.1873 0.0000e+00
    105.000     0.7802   2.914042     0.7795   2.913920    6.15637     0.2278    13.8155 9.3252e+01  -60.75417  -56.90167 1153765761 205.770402    34.1910 0.0000e+00
    106.000     0.7958   2.915563     0.7957   2.915566    6.14404     0.2061    13.8155 9.3647e+01  -60.75417  -56.90167 1153765763 205.770417    34.1932 0.0000e+00
    107.000     0.8052   2.916552     0.8082   2.916758    6.11918     0.2321    13.8155 9.5116e+01  -60.75417  -56.90167 1153765764 205.770431    34.1958 0.0000e+00
    108.000     0.8528   2.921274     0.8568   2.921552    6.08056     0.2507    13.8155 9.6676e+01  -60.75417  -56.90167 1153765767 205.770468    34.2042 0.0000e+00
    109.000     0.9040   2.926370     0.9091   2.926735    6.02542     0.2623    13.8155 9.3535e+01  -60.75417  -56.90167 1153765772 205.770520    34.2133 0.0000e+00
    110.000     0.9400   2.929948     0.9434   2.930216    5.98773     0.2423    13.8155 9.3299e+01  -60.75417  -56.90167 1153765773 205.770538    34.2186 0.0000e+00
    111.000     0.9776   2.933851     0.9832   2.934246    5.94104     0.2444    13.8155 9.6528e+01  -60.75417  -56.90167 1153765775 205.770556    34.2273 0.0000e+00
    112.000     1.0352   2.939652     1.0374   2.939742    5.90946     0.2346    13.8155 9.3920e+01  -60.75417  -56.90167 1153765776 205.770569    34.2367 0.0000e+00
    113.000     1.0576   2.941997     1.0602   2.942073    5.88112     0.2270    13.8155 9.3311e+01  -60.75417  -56.90167 1153765777 205.770579    34.2419 0.0000e+00
    114.000     1.0913   2.945381     1.0938   2.945479    5.85792     0.2261    13.8155 9.2836e+01  -60.75417  -56.90167 1153765777 205.770588    34.2472 0.0000e+00
    115.000     1.1150   2.947799     1.1177   2.947894    5.83823     0.2141    13.8155 9.1840e+01  -60.75417  -56.90167 1153765778 205.770598    34.2517 0.0000e+00
    116.000     1.1393   2.950232     1.1473   2.950903    5.80841     0.2326    13.8155 9.4934e+01  -60.75417  -56.90167 1153765782 205.770638    34.2564 0.0000e+00
    117.000     1.1608   2.952275     1.1563   2.951835    5.75624     0.1948    13.8155 9.3560e+01  -60.75417  -56.90167 1153765787 205.770700    34.2590 0.0000e+00
    118.000     1.1843   2.954800     1.1884   2.955035    5.72864     0.1794    13.8155 9.7162e+01  -60.75417  -56.90167 1153765788 205.770707    34.2657 0.0000e+00
    119.000     1.2230   2.958526     1.2240   2.958604    5.69977     0.1651    13.8155 9.8814e+01  -60.75417  -56.90167 1153765788 205.770715    34.2687 0.0000e+00
    120.000     1.2347   2.959784     1.2351   2.959876    5.67937     0.1654    13.8155 9.8963e+01  -60.75417  -56.90167 1153765789 205.770721    34.2715 0.0000e+00
    121.000     1.2483   2.961234     1.2518   2.961610    5.66539     0.1714    13.8155 9.5854e+01  -60.75417  -56.90167 1153765790 205.770728    34.2746 0.0000e+00
    122.000     1.2543   2.961834     1.2549   2.961950    5.65725     0.2382    13.8155 9.5870e+01  -60.75417  -56.90167 1153765790 205.770735    34.2749 0.0000e+00
    123.000     1.2185   2.958217     1.2077   2.957341    5.63749     0.3507    13.8155 9.5070e+01  -60.75417  -56.90167 1153765796 205.770800    34.2707 0.0000e+00
    124.000     1.2123   2.957707     1.2116   2.957635    5.61142     0.3305    13.8155 9.4308e+01  -60.75417  -56.90167 1153765800 205.770852    34.2718 0.0000e+00
    125.000     1.2650   2.963277     1.2673   2.963340    5.57182     0.3012    13.8155 9.5132e+01  -60.75417  -56.90167 1153765802 205.770875    34.2838 0.0000e+00
    126.000     1.3062   2.967501     1.3087   2.967623    5.54440     0.3414    13.8155 9.7439e+01  -60.75417  -56.90167 1153765803 205.770886    34.2911 0.0000e+00
    127.000     1.3291   2.969766     1.3309   2.969923    5.52439     0.2948    13.8155 9.3509e+01  -60.75417  -56.90167 1153765804 205.770896    34.2936 0.0000e+00
    128.000     1.3411   2.971052     1.3422   2.971179    5.50715     0.2302    13.8155 9.3941e+01  -60.75417  -56.90167 1153765805 205.770909    34.2963 0.0000e+00
    129.000     1.3494   2.971937     1.3517   2.972240    5.49064     0.2482    13.8155 9.2660e+01  -60.75417  -56.90167 1153765807 205.770931    34.2983 0.0000e+00
    130.000     1.3455   2.971713     1.3509   2.972142    5.47649     0.2488    13.8155 9.1214e+01  -60.75417  -56.90167 1153765815 205.771025    34.3014 0.0000e+00
    131.000     1.3596   2.973074     1.3610   2.973284    5.46425     0.2245    13.8155 9.4584e+01  -60.75417  -56.90167 1153765816 205.771034    34.3016 0.0000e+00
    132.000     1.3686   2.974094     1.3698   2.974278    5.45366     0.1937    13.8155 9.1198e+01  -60.75417  -56.90167 1153765817 205.771045    34.3042 0.0000e+00
    133.000     1.3745   2.974743     1.3757   2.974934    5.44163     0.2015    13.8155 8.9500e+01  -60.75417  -56.90167 1153765818 205.771058    34.3054 0.0000e+00
    134.000     1.3731   2.974625     1.3744   2.974875    5.42903     0.1757    13.8155 9.1417e+01  -60.75417  -56.90167 1153765821 205.771089    34.3054 0.0000e+00
    135.000     1.3837   2.975777     1.3900   2.976517    5.40549     0.1075    13.8155 8.9772e+01  -60.75417  -56.90167 1153765826 205.771153    34.3085 0.0000e+00
    136.000     1.4115   2.978772     1.4126   2.978948    5.38490     0.1068    13.8155 9.3654e+01  -60.75417  -56.90167 1153765829 205.771186    34.3149 0.0000e+00
    137.000     1.4127   2.978929     1.4140   2.979170    5.37957     0.1183    13.8155 9.0229e+01  -60.75417  -56.90167 1153765830 205.771198    34.3153 0.0000e+00
    138.000     1.4144   2.979146     1.4155   2.979384    5.37323     0.1139    13.8155 8.9949e+01  -60.75417  -56.90167 1153765832 205.771217    34.3157 0.0000e+00
    139.000     1.4166   2.979412     1.4188   2.979742    5.36019     0.1108    13.8155 8.8143e+01  -60.75417  -56.90167 1153765835 205.771251    34.3165 0.0000e+00
    140.000     1.4186   2.979660     1.4212   2.980056    5.35475     0.1154    13.8155 8.9341e+01  -60.75417  -56.90167 1153765836 205.771264    34.3170 0.0000e+00
    141.000     1.4308   2.981022     1.4308   2.981046    5.34854     0.1281    13.8155 8.9184e+01  -60.75417  -56.90167 1153765837 205.771276    34.3204 0.0000e+00
    142.000     1.4413   2.982085     1.4420   2.982260    5.34162     0.1044    13.8155 9.1401e+01  -60.75417  -56.90167 1153765839 205.771296    34.3214 0.0000e+00
    143.000     1.4353   2.981518     1.4370   2.981779    5.31327     0.0750    13.8155 9.0558e+01  -60.75417  -56.90167 1153765846 205.771377    34.3201 0.0000e+00
    144.000     1.5055   2.988281     1.5061   2.989030    5.30014     0.0861    13.8155 8.9774e+01  -60.75417  -56.90167 1153765846 205.771383    34.3326 0.0000e+00
    145.000     1.5070   2.989036     1.5101   2.989533    5.28553     0.0890    13.8155 8.9941e+01  -60.75417  -56.90167 1153765847 205.771397    34.3353 0.0000e+00
    146.000     1.4802   2.986315     1.4931   2.987837    5.26508     0.0713    13.8155 8.7293e+01  -60.75417  -56.90167 1153765851 205.771442    34.3307 0.0000e+00
    147.000     1.5096   2.989495     1.5137   2.990018    5.24777     0.0563    13.8155 8.6793e+01  -60.75417  -56.90167 1153765854 205.771469    34.3379 0.0000e+00
    148.000     1.5187   2.990476     1.5193   2.990631    5.24082     0.0816    13.8155 8.8903e+01  -60.75417  -56.90167 1153765855 205.771484    34.3397 0.0000e+00
    149.000     1.5253   2.991235     1.5262   2.991399    5.22835     0.0336    13.8155 8.7092e+01  -60.75417  -56.90167 1153765859 205.771530    34.3419 0.0000e+00
    150.000     1.5335   2.992233     1.5343   2.992428    5.21631     0.0308    13.8155 8.5891e+01  -60.75417  -56.90167 1153765862 205.771567    34.3450 0.0000e+00
    151.000     1.5335   2.992412     1.5335   2.992599    5.20837     0.0203    13.8155 8.6472e+01  -60.75417  -56.90167 1153765863 205.771577    34.3468 0.0000e+00
    152.000     1.5317   2.992314     1.5324   2.992558    5.20254     0.0233    13.8155 8.4980e+01  -60.75417  -56.90167 1153765864 205.771587    34.3470 0.0000e+00
    153.000     1.5277   2.992091     1.5287   2.992314    5.19780     0.0126    13.8155 8.5386e+01  -60.75417  -56.90167 1153765865 205.771596    34.3482 0.0000e+00
    154.000     1.5275   2.992116     1.5282   2.992351    5.19303     0.0180    13.8155 8.6453e+01  -60.75417  -56.90167 1153765866 205.771609    34.3483 0.0000e+00
    155.000     1.5279   2.992164     1.5285   2.992396    5.18462    -0.0224    13.8155 8.4667e+01  -60.75417  -56.90167 1153765869 205.771649    34.3481 0.0000e+00
    156.000     1.5278   2.992219     1.5283   2.992456    5.18517    -0.0200    13.8155 8.4998e+01  -60.75417  -56.90167 1153765871 205.771670    34.3484 0.0000e+00
    157.000     1.5265   2.992150     1.5277   2.992449    5.17439    -0.0240    13.8155 8.3362e+01  -60.75417  -56.90167 1153765876 205.771724    34.3485 0.0000e+00
    158.000     1.5318   2.992902     1.5333   2.993186    5.16494    -0.0217    13.8155 8.4608e+01  -60.75417  -56.90167 1153765877 205.771737    34.3516 0.0000e+00
    159.000     1.5399   2.993860     1.5416   2.994115    5.15363    -0.0368    13.8155 8.3986e+01  -60.75417  -56.90167 1153765878 205.771746    34.3543 0.0000e+00
    160.000     1.5545   2.995517     1.5596   2.996128    5.14414    -0.0295    13.8155 8.2740e+01  -60.75417  -56.90167 1153765878 205.771754    34.3584 0.0000e+00
    161.000     1.5709   2.997376     1.5723   2.997596    5.13458    -0.0416    13.8155 8.6105e+01  -60.75417  -56.90167 1153765879 205.771763    34.3630 0.0000e+00
    162.000     1.5791   2.998285     1.5802   2.998499    5.12292    -0.0353    13.8155 8.4890e+01  -60.75417  -56.90167 1153765880 205.771772    34.3646 0.0000e+00
    163.000     1.5707   2.997381     1.5729   2.997740    5.10829    -0.0533    13.8155 8.3755e+01  -60.75417  -56.90167 1153765883 205.771814    34.3626 0.0000e+00
    164.000     1.5798   2.998423     1.5852   2.999093    5.08959    -0.0469    13.8155 8.2086e+01  -60.75417  -56.90167 1153765888 205.771864    34.3646 0.0000e+00
    165.000     1.6085   3.001569     1.6181   3.002622    5.07289    -0.0543    13.8155 8.2441e+01  -60.75417  -56.90167 1153765889 205.771876    34.3726 0.0000e+00
    166.000     1.6265   3.003491     1.6279   3.003687    5.05541    -0.0753    13.8155 8.2000e+01  -60.75417  -56.90167 1153765890 205.771888    34.3762 0.0000e+00
    167.000     1.6459   3.005570     1.6463   3.005661    5.04062    -0.0766    13.8155 8.1844e+01  -60.75417  -56.90167 1153765891 205.771900    34.3805 0.0000e+00
    168.000     1.6533   3.006389     1.6546   3.006634    5.02636    -0.0607    13.8155 8.2506e+01  -60.75417  -56.90167 1153765892 205.771911    34.3822 0.0000e+00
    169.000     1.6589   3.007037     1.6602   3.007257    5.01661    -0.0603    13.8155 8.2126e+01  -60.75417  -56.90167 1153765893 205.771923    34.3838 0.0000e+00
    170.000     1.6672   3.007920     1.6682   3.008142    5.00764    -0.0564    13.8155 8.3714e+01  -60.75417  -56.90167 1153765894 205.771937    34.3854 0.0000e+00
    171.000     1.6667   3.007881     1.6690   3.008277    5.00110    -0.0731    13.8155 8.1414e+01  -60.75417  -56.90167 1153765896 205.771963    34.3853 0.0000e+00
    172.000     1.6629   3.007548     1.6664   3.008047    4.99342    -0.0712    13.8155 7.9909e+01  -60.75417  -56.90167 1153765901 205.772015    34.3854 0.0000e+00
    173.000     1.6721   3.008550     1.6726   3.008768    4.98688    -0.0585    13.8155 7.9868e+01  -60.75417  -56.90167 1153765903 205.772039    34.3874 0.0000e+00
    174.000     1.6709   3.008474     1.6716   3.008713    4.98115    -0.0659    13.8155 7.9874e+01  -60.75417  -56.90167 1153765904 205.772053    34.3872 0.0000e+00
    175.000     1.6723   3.008702     1.6736   3.008974    4.97517    -0.0643    13.8155 7.9947e+01  -60.75417  -56.90167 1153765905 205.772067    34.3882 0.0000e+00
    176.000     1.6789   3.009449     1.6797   3.009671    4.97204    -0.0679    13.8155 7.9714e+01  -60.75417  -56.90167 1153765907 205.772081    34.3897 0.0000e+00
    177.000     1.6824   3.009854     1.6834   3.010092    4.97016    -0.0499    13.8155 7.9704e+01  -60.75417  -56.90167 1153765908 205.772093    34.3904 0.0000e+00
    178.000     1.6884   3.010541     1.6894   3.010783    4.96608    -0.0537    13.8155 7.9594e+01  -60.75417  -56.90167 1153765908 205.772103    34.3919 0.0000e+00
    179.000     1.6925   3.011029     1.6940   3.011335    4.96082    -0.0689    13.8155 7.9867e+01  -60.75417  -56.90167 1153765909 205.772114    34.3930 0.0000e+00
    180.000     1.6914   3.010941     1.6915   3.011120    4.95629    -0.0681    13.8155 7.9874e+01  -60.75417  -56.90167 1153765912 205.772146    34.3927 0.0000e+00
    181.000     1.6874   3.010577     1.6929   3.011289    4.94943    -0.0694    13.8155 7.9874e+01  -60.75417  -56.90167 1153765917 205.772199    34.3924 0.0000e+00
    182.000     1.7007   3.012112     1.7036   3.012478    4.94253    -0.0571    13.8155 7.9966e+01  -60.75417  -56.90167 1153765917 205.772207    34.3967 0.0000e+00
    183.000     1.7153   3.013743     1.7163   3.013956    4.93455    -0.0700    13.8155 7.9711e+01  -60.75417  -56.90167 1153765918 205.772218    34.4000 0.0000e+00
    184.000     1.7226   3.014549     1.7237   3.014801    4.92510    -0.0685    13.8155 7.8900e+01  -60.75417  -56.90167 1153765919 205.772232    34.4015 0.0000e+00
    185.000     1.7168   3.013945     1.7185   3.014331    4.91739    -0.0722    13.8155 7.8086e+01  -60.75417  -56.90167 1153765923 205.772274    34.4001 0.0000e+00
    186.000     1.7202   3.014430     1.7238   3.014914    4.91605    -0.0725    13.8155 7.7854e+01  -60.75417  -56.90167 1153765925 205.772295    34.4023 0.0000e+00
    187.000     1.7245   3.014868     1.7250   3.015116    4.91521    -0.0824    13.8155 7.7551e+01  -60.75417  -56.90167 1153765926 205.772304    34.4022 0.0000e+00
    188.000     1.7222   3.014666     1.7227   3.014947    4.91440    -0.0511    13.8155 7.7812e+01  -60.75417  -56.90167 1153765926 205.772312    34.4016 0.0000e+00
    189.000     1.7206   3.014564     1.7215   3.014835    4.91072    -0.0755    13.8155 7.7493e+01  -60.75417  -56.90167 1153765927 205.772322    34.4017 0.0000e+00
    190.000     1.7206   3.014611     1.7216   3.014887    4.90495    -0.0664    13.8155 7.6723e+01  -60.75417  -56.90167 1153765931 205.772361    34.4018 0.0000e+00
    191.000     1.7213   3.014732     1.7219   3.014982    4.89771    -0.0566    13.8155 7.7589e+01  -60.75417  -56.90167 1153765934 205.772397    34.4021 0.0000e+00
    192.000     1.7263   3.015353     1.7282   3.015643    4.88332    -0.0669    13.8155 7.7610e+01  -60.75417  -56.90167 1153765935 205.772409    34.4041 0.0000e+00
    193.000     1.7641   3.019559     1.7661   3.019772    4.87331    -0.0621    13.8155 7.5986e+01  -60.75417  -56.90167 1153765936 205.772420    34.4144 0.0000e+00
