product_data/regression_test/downloaded_data/MGDS/320620060703/ctd/p6615501.cnv
* Sea-Bird SBE 9 Data File:
* FileName = D:\Data\Raw\p6615501.dat
* Software Version Seasave Win32 V 5.32
* Temperature SN = 1649
* Conductivity SN = 1431
* Number of Bytes Per Scan = 37
* Number of Voltage Words = 5
* Number of Scans Averaged by the Deck Unit = 1
* NMEA Latitude = 60 48.92 S
* NMEA Longitude = 056 09.66 W
* NMEA UTC (Time) = 20:59:11
** Ship:   Nathaniel B. Palmer 
** Cruise:    NBP0606 
# nquan = 15
# nvalues = 1000                        
# units = specified
# name 0 = prDM: Pressure, Digiquartz [db]
# name 1 = t090C: Temperature [ITS-90, deg C]
# name 2 = c0S/m: Conductivity [S/m]
# name 3 = t190C: Temperature, 2 [ITS-90, deg C]
# name 4 = c1S/m: Conductivity, 2 [S/m]
# name 5 = sbeox0ML/L: Oxygen, SBE 43 [ml/l]
# name 6 = flECO-AFL: Fluorescence, Wetlab ECO-AFL/FL [mg/m^3]
# name 7 = bat: Beam Attenuation, Chelsea/Seatech/Wetlab CStar [1/m]
# name 8 = spar: SPAR/Surface Irradiance
# name 9 = latitude: Latitude [deg]
# name 10 = longitude: Longitude [deg]
# name 11 = timeY: Time, System [seconds]
# name 12 = timeJ: Julian Days
# name 13 = sal00: Salinity [PSU]
# name 14 = flag: flag
# span 0 =      2.000,   1001.000       
# span 1 =    -0.6975,     1.2725       
# span 2 =   2.792207,   3.034709       
# span 3 =    -0.6971,     1.2726       
# span 4 =   2.792749,   3.035003       
# span 5 =    4.87740,    7.39173       
# span 6 =    -0.1135,     0.1734       
# span 7 =    13.8155,    13.8155       
# span 8 = 0.0000e+00, 0.0000e+00       
# span 9 =  -60.81533,  -60.81533       
# span 10 =  -56.16100,  -56.16100      
# span 11 = 1153256352, 1153257726      
# span 12 = 199.874445, 199.890371      
# span 13 =    34.2954,    34.7233      
# span 14 = 0.0000e+00, 0.0000e+00      
# interval = decibars: 1                
# start_time = Jul 18 2006 20:59:19
# bad_flag = -9.990e-29
*END*
[from data line 290]
    292.000    -0.4715   2.832189    -0.4714   2.832544    6.67152    -0.0878    13.8155 0.0000e+00  -60.81533  -56.16100 1153256824 199.879924    34.4027 0.0000e+00
    293.000    -0.4728   2.832127    -0.4729   2.832446    6.66903    -0.0849    13.8155 0.0000e+00  -60.81533  -56.16100 1153256824 199.879935    34.4027 0.0000e+00
    294.000    -0.4742   2.832050    -0.4738   2.832418    6.66604    -0.0664    13.8155 0.0000e+00  -60.81533  -56.16100 1153256825 199.879945    34.4027 0.0000e+00
    295.000    -0.4750   2.832057    -0.4745   2.832415    6.66300    -0.0652    13.8155 0.0000e+00  -60.81533  -56.16100 1153256826 199.879957    34.4032 0.0000e+00
    296.000    -0.4737   2.832235    -0.4734   2.832593    6.65808    -0.0781    13.8155 0.0000e+00  -60.81533  -56.16100 1153256828 199.879972    34.4036 0.0000e+00
    297.000    -0.4746   2.832212    -0.4743   2.832582    6.65765    -0.0736    13.8155 0.0000e+00  -60.81533  -56.16100 1153256829 199.879990    34.4037 0.0000e+00
    298.000    -0.4746   2.832275    -0.4742   2.832651    6.66176    -0.0695    13.8155 0.0000e+00  -60.81533  -56.16100 1153256831 199.880015    34.4040 0.0000e+00
    299.000    -0.4747   2.832348    -0.4744   2.832702    6.66588    -0.0708    13.8155 0.0000e+00  -60.81533  -56.16100 1153256833 199.880037    34.4044 0.0000e+00
    300.000    -0.4746   2.832413    -0.4746   2.832771    6.66348    -0.0728    13.8155 0.0000e+00  -60.81533  -56.16100 1153256834 199.880049    34.4045 0.0000e+00
    301.000    -0.4757   2.832389    -0.4755   2.832758    6.66373    -0.0611    13.8155 0.0000e+00  -60.81533  -56.16100 1153256835 199.880058    34.4049 0.0000e+00
    302.000    -0.4782   2.832193    -0.4775   2.832621    6.66441    -0.0779    13.8155 0.0000e+00  -60.81533  -56.16100 1153256836 199.880066    34.4047 0.0000e+00
    303.000    -0.4834   2.831792    -0.4836   2.832172    6.66793    -0.0739    13.8155 0.0000e+00  -60.81533  -56.16100 1153256837 199.880074    34.4047 0.0000e+00
    304.000    -0.4855   2.831654    -0.4828   2.832264    6.66994    -0.0640    13.8155 0.0000e+00  -60.81533  -56.16100 1153256837 199.880082    34.4049 0.0000e+00
    305.000    -0.5004   2.830398    -0.5009   2.830740    6.66836    -0.0707    13.8155 0.0000e+00  -60.81533  -56.16100 1153256838 199.880096    34.4045 0.0000e+00
    306.000    -0.5120   2.829415    -0.5132   2.829684    6.66970    -0.0694    13.8155 0.0000e+00  -60.81533  -56.16100 1153256841 199.880121    34.4039 0.0000e+00
    307.000    -0.5376   2.827225    -0.5362   2.827771    6.67458    -0.0704    13.8155 0.0000e+00  -60.81533  -56.16100 1153256842 199.880138    34.4034 0.0000e+00
    308.000    -0.5519   2.826024    -0.5534   2.826291    6.68130    -0.0642    13.8155 0.0000e+00  -60.81533  -56.16100 1153256844 199.880155    34.4030 0.0000e+00
    309.000    -0.5618   2.825211    -0.5639   2.825415    6.68941    -0.0625    13.8155 0.0000e+00  -60.81533  -56.16100 1153256845 199.880174    34.4028 0.0000e+00
    310.000    -0.5661   2.824937    -0.5657   2.825328    6.69117    -0.0609    13.8155 0.0000e+00  -60.81533  -56.16100 1153256846 199.880188    34.4033 0.0000e+00
    311.000    -0.5637   2.825201    -0.5630   2.825626    6.69206    -0.0772    13.8155 0.0000e+00  -60.81533  -56.16100 1153256847 199.880199    34.4032 0.0000e+00
    312.000    -0.5654   2.825087    -0.5645   2.825553    6.69395    -0.0894    13.8155 0.0000e+00  -60.81533  -56.16100 1153256848 199.880208    34.4030 0.0000e+00
    313.000    -0.5663   2.825050    -0.5676   2.825316    6.69433    -0.0740    13.8155 0.0000e+00  -60.81533  -56.16100 1153256849 199.880217    34.4027 0.0000e+00
    314.000    -0.5748   2.824352    -0.5750   2.824745    6.69336    -0.0718    13.8155 0.0000e+00  -60.81533  -56.16100 1153256850 199.880227    34.4025 0.0000e+00
    315.000    -0.5775   2.824185    -0.5771   2.824592    6.69220    -0.0686    13.8155 0.0000e+00  -60.81533  -56.16100 1153256851 199.880238    34.4027 0.0000e+00
    316.000    -0.5774   2.824244    -0.5770   2.824632    6.69068    -0.0627    13.8155 0.0000e+00  -60.81533  -56.16100 1153256852 199.880257    34.4025 0.0000e+00
    317.000    -0.5721   2.824802    -0.5718   2.825168    6.68576    -0.0728    13.8155 0.0000e+00  -60.81533  -56.16100 1153256855 199.880285    34.4030 0.0000e+00
    318.000    -0.5703   2.825031    -0.5701   2.825378    6.68354    -0.0828    13.8155 0.0000e+00  -60.81533  -56.16100 1153256856 199.880301    34.4032 0.0000e+00
    319.000    -0.5696   2.825181    -0.5694   2.825548    6.68021    -0.0762    13.8155 0.0000e+00  -60.81533  -56.16100 1153256857 199.880313    34.4037 0.0000e+00
    320.000    -0.5714   2.825119    -0.5719   2.825460    6.68256    -0.0762    13.8155 0.0000e+00  -60.81533  -56.16100 1153256858 199.880326    34.4045 0.0000e+00
    321.000    -0.5815   2.824288    -0.5815   2.824696    6.68305    -0.0647    13.8155 0.0000e+00  -60.81533  -56.16100 1153256859 199.880341    34.4042 0.0000e+00
    322.000    -0.5878   2.823911    -0.5873   2.824277    6.67962    -0.0910    13.8155 0.0000e+00  -60.81533  -56.16100 1153256860 199.880353    34.4060 0.0000e+00
    323.000    -0.5801   2.824884    -0.5794   2.825293    6.67473    -0.0828    13.8155 0.0000e+00  -60.81533  -56.16100 1153256861 199.880363    34.4094 0.0000e+00
    324.000    -0.5779   2.825176    -0.5777   2.825579    6.67239    -0.0826    13.8155 0.0000e+00  -60.81533  -56.16100 1153256862 199.880372    34.4102 0.0000e+00
    325.000    -0.5779   2.825242    -0.5778   2.825605    6.66931    -0.0621    13.8155 0.0000e+00  -60.81533  -56.16100 1153256863 199.880381    34.4103 0.0000e+00
    326.000    -0.5784   2.825233    -0.5781   2.825621    6.66658    -0.0687    13.8155 0.0000e+00  -60.81533  -56.16100 1153256864 199.880397    34.4102 0.0000e+00
    327.000    -0.5790   2.825194    -0.5787   2.825574    6.66461    -0.0711    13.8155 0.0000e+00  -60.81533  -56.16100 1153256867 199.880427    34.4097 0.0000e+00
    328.000    -0.5785   2.825336    -0.5783   2.825702    6.66399    -0.0681    13.8155 0.0000e+00  -60.81533  -56.16100 1153256869 199.880446    34.4104 0.0000e+00
    329.000    -0.5771   2.825668    -0.5768   2.826014    6.65921    -0.0763    13.8155 0.0000e+00  -60.81533  -56.16100 1153256870 199.880459    34.4125 0.0000e+00
    330.000    -0.5763   2.825793    -0.5757   2.826219    6.65465    -0.0656    13.8155 0.0000e+00  -60.81533  -56.16100 1153256871 199.880470    34.4127 0.0000e+00
    331.000    -0.5720   2.826346    -0.5706   2.826785    6.64930    -0.0701    13.8155 0.0000e+00  -60.81533  -56.16100 1153256872 199.880480    34.4147 0.0000e+00
    332.000    -0.5624   2.827341    -0.5618   2.827728    6.64600    -0.0732    13.8155 0.0000e+00  -60.81533  -56.16100 1153256872 199.880490    34.4162 0.0000e+00
    333.000    -0.5586   2.827796    -0.5581   2.828158    6.64176    -0.0704    13.8155 0.0000e+00  -60.81533  -56.16100 1153256873 199.880500    34.4173 0.0000e+00
    334.000    -0.5547   2.828221    -0.5542   2.828589    6.63695    -0.0733    13.8155 0.0000e+00  -60.81533  -56.16100 1153256874 199.880511    34.4179 0.0000e+00
    335.000    -0.5518   2.828581    -0.5513   2.828961    6.63084    -0.0772    13.8155 0.0000e+00  -60.81533  -56.16100 1153256875 199.880526    34.4188 0.0000e+00
    336.000    -0.5466   2.829145    -0.5461   2.829512    6.62387    -0.0711    13.8155 0.0000e+00  -60.81533  -56.16100 1153256877 199.880547    34.4198 0.0000e+00
    337.000    -0.5450   2.829365    -0.5452   2.829685    6.62231    -0.0807    13.8155 0.0000e+00  -60.81533  -56.16100 1153256879 199.880569    34.4205 0.0000e+00
    338.000    -0.5428   2.829638    -0.5419   2.830051    6.61999    -0.0720    13.8155 0.0000e+00  -60.81533  -56.16100 1153256881 199.880586    34.4210 0.0000e+00
    339.000    -0.5422   2.829738    -0.5424   2.830064    6.61990    -0.0777    13.8155 0.0000e+00  -60.81533  -56.16100 1153256882 199.880599    34.4212 0.0000e+00
    340.000    -0.5471   2.829355    -0.5466   2.829754    6.61730    -0.0724    13.8155 0.0000e+00  -60.81533  -56.16100 1153256883 199.880610    34.4211 0.0000e+00
    341.000    -0.5458   2.829546    -0.5456   2.829898    6.61556    -0.0734    13.8155 0.0000e+00  -60.81533  -56.16100 1153256884 199.880620    34.4216 0.0000e+00
    342.000    -0.5434   2.829814    -0.5432   2.830167    6.61446    -0.0800    13.8155 0.0000e+00  -60.81533  -56.16100 1153256885 199.880631    34.4220 0.0000e+00
    343.000    -0.5465   2.829572    -0.5461   2.829960    6.61196    -0.0749    13.8155 0.0000e+00  -60.81533  -56.16100 1153256886 199.880646    34.4217 0.0000e+00
    344.000    -0.5453   2.829732    -0.5449   2.830115    6.60740    -0.0768    13.8155 0.0000e+00  -60.81533  -56.16100 1153256887 199.880661    34.4218 0.0000e+00
    345.000    -0.5426   2.830015    -0.5424   2.830382    6.60832    -0.0793    13.8155 0.0000e+00  -60.81533  -56.16100 1153256888 199.880675    34.4219 0.0000e+00
    346.000    -0.5526   2.829157    -0.5520   2.829588    6.60967    -0.0723    13.8155 0.0000e+00  -60.81533  -56.16100 1153256889 199.880688    34.4214 0.0000e+00
    347.000    -0.5492   2.829525    -0.5490   2.829867    6.60988    -0.0730    13.8155 0.0000e+00  -60.81533  -56.16100 1153256891 199.880703    34.4219 0.0000e+00
    348.000    -0.5458   2.829858    -0.5464   2.830151    6.61290    -0.0790    13.8155 0.0000e+00  -60.81533  -56.16100 1153256893 199.880724    34.4217 0.0000e+00
    349.000    -0.5493   2.829603    -0.5468   2.830165    6.61273    -0.0676    13.8155 0.0000e+00  -60.81533  -56.16100 1153256894 199.880739    34.4217 0.0000e+00
    350.000    -0.5462   2.829928    -0.5455   2.830330    6.61277    -0.0797    13.8155 0.0000e+00  -60.81533  -56.16100 1153256895 199.880752    34.4219 0.0000e+00
    351.000    -0.5436   2.830218    -0.5425   2.830654    6.61320    -0.0833    13.8155 0.0000e+00  -60.81533  -56.16100 1153256896 199.880764    34.4222 0.0000e+00
    352.000    -0.5494   2.829743    -0.5488   2.830154    6.61053    -0.0871    13.8155 0.0000e+00  -60.81533  -56.16100 1153256897 199.880777    34.4219 0.0000e+00
    353.000    -0.5493   2.829813    -0.5490   2.830181    6.60892    -0.0699    13.8155 0.0000e+00  -60.81533  -56.16100 1153256898 199.880792    34.4223 0.0000e+00
    354.000    -0.5478   2.830034    -0.5470   2.830455    6.60556    -0.0781    13.8155 0.0000e+00  -60.81533  -56.16100 1153256900 199.880805    34.4228 0.0000e+00
    355.000    -0.5475   2.830155    -0.5468   2.830548    6.60404    -0.0765    13.8155 0.0000e+00  -60.81533  -56.16100 1153256901 199.880816    34.4235 0.0000e+00
    356.000    -0.5414   2.830790    -0.5408   2.831184    6.60204    -0.0754    13.8155 0.0000e+00  -60.81533  -56.16100 1153256902 199.880828    34.4243 0.0000e+00
    357.000    -0.5393   2.831090    -0.5390   2.831452    6.60276    -0.0685    13.8155 0.0000e+00  -60.81533  -56.16100 1153256904 199.880851    34.4254 0.0000e+00
    358.000    -0.5376   2.831315    -0.5375   2.831675    6.60438    -0.0907    13.8155 0.0000e+00  -60.81533  -56.16100 1153256905 199.880873    34.4258 0.0000e+00
    359.000    -0.5376   2.831364    -0.5374   2.831727    6.60468    -0.0956    13.8155 0.0000e+00  -60.81533  -56.16100 1153256906 199.880883    34.4259 0.0000e+00
    360.000    -0.5377   2.831375    -0.5376   2.831737    6.60520    -0.0854    13.8155 0.0000e+00  -60.81533  -56.16100 1153256907 199.880892    34.4256 0.0000e+00
    361.000    -0.5384   2.831345    -0.5381   2.831739    6.60518    -0.0831    13.8155 0.0000e+00  -60.81533  -56.16100 1153256908 199.880900    34.4254 0.0000e+00
    362.000    -0.5378   2.831436    -0.5372   2.831836    6.60289    -0.0640    13.8155 0.0000e+00  -60.81533  -56.16100 1153256909 199.880909    34.4254 0.0000e+00
    363.000    -0.5374   2.831533    -0.5368   2.831936    6.59824    -0.0777    13.8155 0.0000e+00  -60.81533  -56.16100 1153256910 199.880923    34.4256 0.0000e+00
    364.000    -0.5374   2.831584    -0.5369   2.831965    6.59714    -0.0708    13.8155 0.0000e+00  -60.81533  -56.16100 1153256912 199.880951    34.4257 0.0000e+00
    365.000    -0.5348   2.831962    -0.5337   2.832406    6.59801    -0.0842    13.8155 0.0000e+00  -60.81533  -56.16100 1153256914 199.880976    34.4271 0.0000e+00
    366.000    -0.5332   2.832159    -0.5330   2.832522    6.59645    -0.0777    13.8155 0.0000e+00  -60.81533  -56.16100 1153256915 199.880988    34.4273 0.0000e+00
    367.000    -0.5325   2.832273    -0.5321   2.832650    6.59374    -0.0921    13.8155 0.0000e+00  -60.81533  -56.16100 1153256916 199.880998    34.4276 0.0000e+00
    368.000    -0.5299   2.832627    -0.5303   2.832910    6.59110    -0.0803    13.8155 0.0000e+00  -60.81533  -56.16100 1153256917 199.881007    34.4286 0.0000e+00
    369.000    -0.5298   2.832682    -0.5292   2.833061    6.59004    -0.0966    13.8155 0.0000e+00  -60.81533  -56.16100 1153256918 199.881015    34.4287 0.0000e+00
    370.000    -0.5283   2.832880    -0.5281   2.833242    6.58868    -0.0778    13.8155 0.0000e+00  -60.81533  -56.16100 1153256919 199.881024    34.4290 0.0000e+00
    371.000    -0.5298   2.832779    -0.5297   2.833138    6.58741    -0.0801    13.8155 0.0000e+00  -60.81533  -56.16100 1153256920 199.881037    34.4288 0.0000e+00
    372.000    -0.5288   2.832947    -0.5284   2.833324    6.58305    -0.0825    13.8155 0.0000e+00  -60.81533  -56.16100 1153256921 199.881054    34.4294 0.0000e+00
    373.000    -0.5274   2.833164    -0.5265   2.833590    6.56745    -0.0811    13.8155 0.0000e+00  -60.81533  -56.16100 1153256923 199.881075    34.4300 0.0000e+00
    374.000    -0.5228   2.833719    -0.5226   2.834071    6.55808    -0.0823    13.8155 0.0000e+00  -60.81533  -56.16100 1153256925 199.881104    34.4316 0.0000e+00
    375.000    -0.5242   2.833662    -0.5240   2.834021    6.54497    -0.0827    13.8155 0.0000e+00  -60.81533  -56.16100 1153256927 199.881118    34.4319 0.0000e+00
    376.000    -0.4920   2.837064    -0.4780   2.838106    6.53010    -0.0858    13.8155 0.0000e+00  -60.81533  -56.16100 1153256927 199.881128    34.4334 0.0000e+00
    377.000    -0.3543   2.849749    -0.3526   2.850039    6.51103    -0.0867    13.8155 0.0000e+00  -60.81533  -56.16100 1153256928 199.881137    34.4505 0.0000e+00
    378.000    -0.3284   2.852166    -0.3176   2.853251    6.48367    -0.1019    13.8155 0.0000e+00  -60.81533  -56.16100 1153256929 199.881145    34.4507 0.0000e+00
    379.000    -0.3212   2.852827    -0.3087   2.854239    6.46531    -0.0807    13.8155 0.0000e+00  -60.81533  -56.16100 1153256930 199.881155    34.4510 0.0000e+00
    380.000    -0.3384   2.851155    -0.3437   2.851140    6.39795    -0.0791    13.8155 0.0000e+00  -60.81533  -56.16100 1153256931 199.881172    34.4486 0.0000e+00
    381.000    -0.3973   2.845909    -0.3862   2.847142    6.38297    -0.0845    13.8155 0.0000e+00  -60.81533  -56.16100 1153256933 199.881192    34.4480 0.0000e+00
    382.000    -0.3838   2.847058    -0.3901   2.846865    6.37993    -0.0910    13.8155 0.0000e+00  -60.81533  -56.16100 1153256934 199.881207    34.4466 0.0000e+00
    383.000    -0.3501   2.850271    -0.3570   2.849616    6.38580    -0.0830    13.8155 0.0000e+00  -60.81533  -56.16100 1153256935 199.881219    34.4624 0.0000e+00
    384.000     0.1571   2.897608     0.1887   2.899956    6.28804    -0.0936    13.8155 0.0000e+00  -60.81533  -56.16100 1153256936 199.881231    34.4885 0.0000e+00
    385.000     0.2117   2.902600     0.2059   2.902069    6.20680    -0.0797    13.8155 0.0000e+00  -60.81533  -56.16100 1153256938 199.881244    34.4953 0.0000e+00
    386.000     0.0805   2.889826     0.0262   2.886461    6.18853    -0.0873    13.8155 0.0000e+00  -60.81533  -56.16100 1153256939 199.881260    34.4786 0.0000e+00
