product_data/regression_test/downloaded_data/MGDS/320620060703/ctd/p6619103.cnv
* Sea-Bird SBE 9 Data File:
* FileName = D:\Data\Raw\p6619103.dat
* Software Version Seasave Win32 V 5.32
* Temperature SN = 1649
* Conductivity SN = 1431
* Number of Bytes Per Scan = 37
* Number of Voltage Words = 5
* Number of Scans Averaged by the Deck Unit = 1
* NMEA Latitude = 60 48.00 S
* NMEA Longitude = 055 00.25 W
* NMEA UTC (Time) = 16:10:00
** Ship:   Nathaniel B. Palmer 
** Cruise:    NBP0606 
# nquan = 15
# nvalues = 1001                        
# units = specified
# name 0 = prDM: Pressure, Digiquartz [db]
# name 1 = t090C: Temperature [ITS-90, deg C]
# name 2 = c0S/m: Conductivity [S/m]
# name 3 = t190C: Temperature, 2 [ITS-90, deg C]
# name 4 = c1S/m: Conductivity, 2 [S/m]
# name 5 = sbeox0ML/L: Oxygen, SBE 43 [ml/l]
# name 6 = flECO-AFL: Fluorescence, Wetlab ECO-AFL/FL [mg/m^3]
# name 7 = bat: Beam Attenuation, Chelsea/Seatech/Wetlab CStar [1/m]
# name 8 = spar: SPAR/Surface Irradiance
# name 9 = latitude: Latitude [deg]
# name 10 = longitude: Longitude [deg]
# name 11 = timeY: Time, System [seconds]
# name 12 = timeJ: Julian Days
# name 13 = sal00: Salinity [PSU]
# name 14 = flag: flag
# span 0 =      2.000,   1002.000       
# span 1 =    -1.0889,     0.5170       
# span 2 =   2.766357,   2.964633       
# span 3 =    -1.0883,     0.5172       
# span 4 =   2.766956,   2.964953       
# span 5 =    5.37715,    7.46280       
# span 6 =    -0.1049,     0.9169       
# span 7 =    13.8155,    13.8155       
# span 8 = 1.0153e+02, 1.5499e+02       
# span 9 =  -60.80000,  -60.80000       
# span 10 =  -55.00417,  -55.00417      
# span 11 = 1153671006, 1153672366      
# span 12 = 204.673695, 204.689450      
# span 13 =    34.2881,    34.6611      
# span 14 = 0.0000e+00, 0.0000e+00      
# interval = decibars: 1                
# start_time = Jul 23 2006 16:10:08
# bad_flag = -9.990e-29
*END*
[from data line 579]
    581.000     0.3918   2.934609     0.3925   2.934913    5.57243    -0.0652    13.8155 -9.990e-29  -60.80000  -55.00417 1153671821 204.683136    34.6154 0.0000e+00
    582.000     0.3885   2.934364     0.3884   2.934634    5.56763    -0.0730    13.8155 -9.990e-29  -60.80000  -55.00417 1153671822 204.683153    34.6154 0.0000e+00
    583.000     0.3871   2.934310     0.3872   2.934560    5.56751    -0.0696    13.8155 -9.990e-29  -60.80000  -55.00417 1153671824 204.683167    34.6158 0.0000e+00
    584.000     0.3861   2.934252     0.3859   2.934499    5.56812    -0.0642    13.8155 -9.990e-29  -60.80000  -55.00417 1153671825 204.683181    34.6156 0.0000e+00
    585.000     0.3803   2.933742     0.3794   2.933936    5.57211    -0.0825    13.8155 -9.990e-29  -60.80000  -55.00417 1153671826 204.683198    34.6151 0.0000e+00
    586.000     0.3775   2.933529     0.3789   2.933943    5.57372    -0.0668    13.8155 -9.990e-29  -60.80000  -55.00417 1153671827 204.683212    34.6149 0.0000e+00
    587.000     0.3760   2.933465     0.3777   2.933856    5.57377    -0.0659    13.8155 -9.990e-29  -60.80000  -55.00417 1153671829 204.683225    34.6153 0.0000e+00
    588.000     0.3784   2.933724     0.3786   2.934003    5.57408    -0.0671    13.8155 -9.990e-29  -60.80000  -55.00417 1153671830 204.683238    34.6151 0.0000e+00
    589.000     0.3763   2.933593     0.3765   2.933860    5.57430    -0.0554    13.8155 -9.990e-29  -60.80000  -55.00417 1153671831 204.683251    34.6153 0.0000e+00
    590.000     0.3784   2.933853     0.3785   2.934086    5.57332    -0.0626    13.8155 -9.990e-29  -60.80000  -55.00417 1153671832 204.683263    34.6157 0.0000e+00
    591.000     0.3819   2.934223     0.3827   2.934535    5.57102    -0.0626    13.8155 -9.990e-29  -60.80000  -55.00417 1153671833 204.683277    34.6160 0.0000e+00
    592.000     0.3827   2.934356     0.3828   2.934617    5.56987    -0.0678    13.8155 -9.990e-29  -60.80000  -55.00417 1153671835 204.683298    34.6161 0.0000e+00
    593.000     0.3826   2.934410     0.3832   2.934731    5.57016    -0.0699    13.8155 -9.990e-29  -60.80000  -55.00417 1153671837 204.683318    34.6164 0.0000e+00
    594.000     0.3802   2.934243     0.3806   2.934539    5.56851    -0.0749    13.8155 -9.990e-29  -60.80000  -55.00417 1153671838 204.683332    34.6165 0.0000e+00
    595.000     0.3825   2.934510     0.3837   2.934870    5.56843    -0.0831    13.8155 1.3053e+02  -60.80000  -55.00417 1153671839 204.683344    34.6168 0.0000e+00
    596.000     0.3840   2.934713     0.3863   2.935177    5.56971    -0.0570    13.8155 1.3038e+02  -60.80000  -55.00417 1153671840 204.683356    34.6171 0.0000e+00
    597.000     0.3837   2.934703     0.3832   2.934926    5.56991    -0.0694    13.8155 1.3045e+02  -60.80000  -55.00417 1153671841 204.683369    34.6167 0.0000e+00
    598.000     0.3849   2.934899     0.3853   2.935162    5.56800    -0.0792    13.8155 1.2874e+02  -60.80000  -55.00417 1153671842 204.683380    34.6174 0.0000e+00
    599.000     0.3875   2.935165     0.3884   2.935498    5.56614    -0.0731    13.8155 1.2848e+02  -60.80000  -55.00417 1153671843 204.683391    34.6172 0.0000e+00
    600.000     0.3878   2.935230     0.3878   2.935491    5.56438    -0.0687    13.8155 -9.990e-29  -60.80000  -55.00417 1153671844 204.683407    34.6172 0.0000e+00
    601.000     0.3863   2.935130     0.3864   2.935398    5.56106    -0.0545    13.8155 -9.990e-29  -60.80000  -55.00417 1153671847 204.683436    34.6170 0.0000e+00
    602.000     0.3906   2.935595     0.3910   2.935867    5.55981    -0.0680    13.8155 -9.990e-29  -60.80000  -55.00417 1153671848 204.683450    34.6177 0.0000e+00
    603.000     0.3890   2.935482     0.3895   2.935785    5.55767    -0.0716    13.8155 -9.990e-29  -60.80000  -55.00417 1153671849 204.683461    34.6175 0.0000e+00
    604.000     0.3950   2.936124     0.3958   2.936422    5.55760    -0.0815    13.8155 -9.990e-29  -60.80000  -55.00417 1153671850 204.683472    34.6184 0.0000e+00
    605.000     0.3987   2.936518     0.3993   2.936816    5.55484    -0.0566    13.8155 -9.990e-29  -60.80000  -55.00417 1153671851 204.683486    34.6187 0.0000e+00
    606.000     0.3987   2.936565     0.3992   2.936854    5.55200    -0.0664    13.8155 -9.990e-29  -60.80000  -55.00417 1153671853 204.683503    34.6188 0.0000e+00
    607.000     0.4024   2.936993     0.4024   2.937214    5.55142    -0.0540    13.8155 -9.990e-29  -60.80000  -55.00417 1153671854 204.683518    34.6197 0.0000e+00
    608.000     0.4047   2.937235     0.4054   2.937559    5.54949    -0.0722    13.8155 -9.990e-29  -60.80000  -55.00417 1153671855 204.683530    34.6196 0.0000e+00
    609.000     0.4044   2.937263     0.4053   2.937608    5.54659    -0.0574    13.8155 1.2672e+02  -60.80000  -55.00417 1153671856 204.683541    34.6198 0.0000e+00
    610.000     0.4060   2.937457     0.4064   2.937739    5.54445    -0.0631    13.8155 1.2663e+02  -60.80000  -55.00417 1153671857 204.683553    34.6200 0.0000e+00
    611.000     0.4082   2.937736     0.4088   2.938037    5.54256    -0.0722    13.8155 1.2663e+02  -60.80000  -55.00417 1153671858 204.683569    34.6206 0.0000e+00
    612.000     0.4097   2.937922     0.4106   2.938256    5.54158    -0.0731    13.8155 1.2658e+02  -60.80000  -55.00417 1153671860 204.683589    34.6208 0.0000e+00
    613.000     0.4158   2.938599     0.4171   2.938958    5.53847    -0.0694    13.8155 1.2669e+02  -60.80000  -55.00417 1153671861 204.683606    34.6220 0.0000e+00
    614.000     0.4183   2.938896     0.4190   2.939220    5.53321    -0.0670    13.8155 1.2561e+02  -60.80000  -55.00417 1153671863 204.683621    34.6226 0.0000e+00
    615.000     0.4198   2.939103     0.4203   2.939403    5.53121    -0.0696    13.8155 1.2450e+02  -60.80000  -55.00417 1153671864 204.683636    34.6231 0.0000e+00
    616.000     0.4200   2.939168     0.4204   2.939463    5.52956    -0.0627    13.8155 -9.990e-29  -60.80000  -55.00417 1153671865 204.683649    34.6232 0.0000e+00
    617.000     0.4202   2.939245     0.4206   2.939533    5.52949    -0.0733    13.8155 -9.990e-29  -60.80000  -55.00417 1153671866 204.683664    34.6234 0.0000e+00
    618.000     0.4203   2.939310     0.4209   2.939612    5.52940    -0.0751    13.8155 1.2454e+02  -60.80000  -55.00417 1153671868 204.683681    34.6236 0.0000e+00
    619.000     0.4212   2.939430     0.4216   2.939727    5.52728    -0.0716    13.8155 1.2451e+02  -60.80000  -55.00417 1153671869 204.683694    34.6237 0.0000e+00
    620.000     0.4228   2.939663     0.4231   2.939950    5.52377    -0.0630    13.8155 1.2328e+02  -60.80000  -55.00417 1153671870 204.683705    34.6243 0.0000e+00
    621.000     0.4242   2.939849     0.4245   2.940143    5.52294    -0.0622    13.8155 1.2209e+02  -60.80000  -55.00417 1153671871 204.683713    34.6246 0.0000e+00
    622.000     0.4237   2.939831     0.4240   2.940129    5.52298    -0.0791    13.8155 1.2071e+02  -60.80000  -55.00417 1153671871 204.683722    34.6243 0.0000e+00
    623.000     0.4232   2.939826     0.4237   2.940127    5.52435    -0.0678    13.8155 1.2090e+02  -60.80000  -55.00417 1153671873 204.683740    34.6242 0.0000e+00
    624.000     0.4234   2.939895     0.4239   2.940202    5.52644    -0.0641    13.8155 -9.990e-29  -60.80000  -55.00417 1153671876 204.683780    34.6245 0.0000e+00
    625.000     0.4217   2.939754     0.4222   2.940061    5.52208    -0.0713    13.8155 1.1993e+02  -60.80000  -55.00417 1153671877 204.683788    34.6240 0.0000e+00
    626.000     0.4222   2.939847     0.4224   2.940133    5.52242    -0.0711    13.8155 1.1959e+02  -60.80000  -55.00417 1153671878 204.683798    34.6241 0.0000e+00
    627.000     0.4231   2.940005     0.4234   2.940288    5.52308    -0.0702    13.8155 1.1980e+02  -60.80000  -55.00417 1153671879 204.683809    34.6245 0.0000e+00
    628.000     0.4232   2.940049     0.4237   2.940355    5.52392    -0.0736    13.8155 1.2001e+02  -60.80000  -55.00417 1153671880 204.683825    34.6245 0.0000e+00
    629.000     0.4235   2.940125     0.4240   2.940427    5.52385    -0.0662    13.8155 1.1910e+02  -60.80000  -55.00417 1153671882 204.683841    34.6245 0.0000e+00
    630.000     0.4237   2.940197     0.4243   2.940502    5.52303    -0.0672    13.8155 1.1940e+02  -60.80000  -55.00417 1153671883 204.683854    34.6246 0.0000e+00
    631.000     0.4237   2.940242     0.4242   2.940548    5.52274    -0.0738    13.8155 1.1913e+02  -60.80000  -55.00417 1153671884 204.683868    34.6246 0.0000e+00
    632.000     0.4242   2.940336     0.4246   2.940632    5.52151    -0.0551    13.8155 1.1690e+02  -60.80000  -55.00417 1153671885 204.683880    34.6248 0.0000e+00
    633.000     0.4247   2.940421     0.4251   2.940723    5.52194    -0.0807    13.8155 -9.990e-29  -60.80000  -55.00417 1153671886 204.683891    34.6247 0.0000e+00
    634.000     0.4240   2.940392     0.4245   2.940699    5.52168    -0.0782    13.8155 -9.990e-29  -60.80000  -55.00417 1153671887 204.683901    34.6245 0.0000e+00
    635.000     0.4236   2.940401     0.4242   2.940710    5.52179    -0.0598    13.8155 -9.990e-29  -60.80000  -55.00417 1153671888 204.683913    34.6245 0.0000e+00
    636.000     0.4238   2.940469     0.4243   2.940775    5.52077    -0.0699    13.8155 -9.990e-29  -60.80000  -55.00417 1153671891 204.683948    34.6246 0.0000e+00
    637.000     0.4240   2.940516     0.4245   2.940824    5.52151    -0.0531    13.8155 -9.990e-29  -60.80000  -55.00417 1153671893 204.683973    34.6244 0.0000e+00
    638.000     0.4244   2.940616     0.4249   2.940922    5.52193    -0.0742    13.8155 -9.990e-29  -60.80000  -55.00417 1153671894 204.683983    34.6248 0.0000e+00
    639.000     0.4244   2.940666     0.4249   2.940975    5.52216    -0.0513    13.8155 -9.990e-29  -60.80000  -55.00417 1153671895 204.683993    34.6247 0.0000e+00
    640.000     0.4249   2.940746     0.4252   2.941048    5.51966    -0.0814    13.8155 -9.990e-29  -60.80000  -55.00417 1153671896 204.684002    34.6248 0.0000e+00
    641.000     0.4252   2.940838     0.4258   2.941147    5.51880    -0.0599    13.8155 -9.990e-29  -60.80000  -55.00417 1153671896 204.684011    34.6251 0.0000e+00
    642.000     0.4270   2.941083     0.4277   2.941406    5.51838    -0.0773    13.8155 -9.990e-29  -60.80000  -55.00417 1153671897 204.684020    34.6255 0.0000e+00
    643.000     0.4282   2.941251     0.4283   2.941508    5.51831    -0.0581    13.8155 -9.990e-29  -60.80000  -55.00417 1153671898 204.684032    34.6257 0.0000e+00
    644.000     0.4293   2.941403     0.4298   2.941707    5.51721    -0.0647    13.8155 -9.990e-29  -60.80000  -55.00417 1153671900 204.684054    34.6260 0.0000e+00
    645.000     0.4308   2.941632     0.4316   2.941958    5.51556    -0.0785    13.8155 1.1790e+02  -60.80000  -55.00417 1153671902 204.684075    34.6267 0.0000e+00
    646.000     0.4331   2.941921     0.4335   2.942218    5.51443    -0.0747    13.8155 1.1863e+02  -60.80000  -55.00417 1153671903 204.684090    34.6272 0.0000e+00
    647.000     0.4332   2.941966     0.4336   2.942269    5.51170    -0.0870    13.8155 1.1851e+02  -60.80000  -55.00417 1153671904 204.684103    34.6272 0.0000e+00
    648.000     0.4329   2.941981     0.4333   2.942294    5.50959    -0.0681    13.8155 1.1741e+02  -60.80000  -55.00417 1153671906 204.684120    34.6271 0.0000e+00
    649.000     0.4327   2.942020     0.4330   2.942303    5.50735    -0.0753    13.8155 1.1788e+02  -60.80000  -55.00417 1153671907 204.684136    34.6273 0.0000e+00
    650.000     0.4325   2.942020     0.4328   2.942326    5.50704    -0.0734    13.8155 1.1808e+02  -60.80000  -55.00417 1153671908 204.684149    34.6270 0.0000e+00
    651.000     0.4322   2.942051     0.4328   2.942357    5.50566    -0.0666    13.8155 1.1704e+02  -60.80000  -55.00417 1153671909 204.684159    34.6271 0.0000e+00
    652.000     0.4327   2.942128     0.4331   2.942433    5.50533    -0.0770    13.8155 1.1721e+02  -60.80000  -55.00417 1153671910 204.684170    34.6270 0.0000e+00
    653.000     0.4328   2.942178     0.4331   2.942485    5.50556    -0.0817    13.8155 1.1779e+02  -60.80000  -55.00417 1153671911 204.684183    34.6271 0.0000e+00
    654.000     0.4329   2.942242     0.4333   2.942548    5.50664    -0.0678    13.8155 1.1812e+02  -60.80000  -55.00417 1153671913 204.684205    34.6272 0.0000e+00
    655.000     0.4341   2.942436     0.4345   2.942725    5.50787    -0.0680    13.8155 1.1828e+02  -60.80000  -55.00417 1153671915 204.684223    34.6277 0.0000e+00
    656.000     0.4363   2.942704     0.4370   2.943045    5.50769    -0.0697    13.8155 1.1854e+02  -60.80000  -55.00417 1153671916 204.684236    34.6282 0.0000e+00
    657.000     0.4367   2.942808     0.4375   2.943146    5.50737    -0.0618    13.8155 1.1829e+02  -60.80000  -55.00417 1153671917 204.684248    34.6285 0.0000e+00
    658.000     0.4371   2.942883     0.4375   2.943201    5.50510    -0.0771    13.8155 1.1704e+02  -60.80000  -55.00417 1153671918 204.684260    34.6284 0.0000e+00
    659.000     0.4373   2.942961     0.4378   2.943269    5.50515    -0.0749    13.8155 1.1690e+02  -60.80000  -55.00417 1153671919 204.684273    34.6286 0.0000e+00
    660.000     0.4381   2.943088     0.4384   2.943370    5.50422    -0.0665    13.8155 1.1857e+02  -60.80000  -55.00417 1153671920 204.684285    34.6289 0.0000e+00
    661.000     0.4392   2.943243     0.4394   2.943530    5.50247    -0.0758    13.8155 1.1856e+02  -60.80000  -55.00417 1153671921 204.684300    34.6290 0.0000e+00
    662.000     0.4400   2.943374     0.4404   2.943669    5.50216    -0.0721    13.8155 1.1812e+02  -60.80000  -55.00417 1153671923 204.684320    34.6293 0.0000e+00
    663.000     0.4405   2.943475     0.4411   2.943789    5.50319    -0.0733    13.8155 1.1762e+02  -60.80000  -55.00417 1153671925 204.684344    34.6295 0.0000e+00
    664.000     0.4411   2.943585     0.4415   2.943897    5.50291    -0.0913    13.8155 1.1814e+02  -60.80000  -55.00417 1153671926 204.684359    34.6296 0.0000e+00
    665.000     0.4416   2.943676     0.4421   2.943999    5.50258    -0.0731    13.8155 1.1833e+02  -60.80000  -55.00417 1153671927 204.684370    34.6297 0.0000e+00
    666.000     0.4413   2.943699     0.4418   2.944019    5.50020    -0.0775    13.8155 1.1676e+02  -60.80000  -55.00417 1153671928 204.684379    34.6297 0.0000e+00
    667.000     0.4414   2.943750     0.4418   2.944052    5.50034    -0.0683    13.8155 1.1607e+02  -60.80000  -55.00417 1153671929 204.684388    34.6297 0.0000e+00
    668.000     0.4417   2.943820     0.4423   2.944135    5.49966    -0.0740    13.8155 1.1500e+02  -60.80000  -55.00417 1153671930 204.684399    34.6297 0.0000e+00
    669.000     0.4418   2.943877     0.4423   2.944178    5.50014    -0.0669    13.8155 1.1494e+02  -60.80000  -55.00417 1153671931 204.684416    34.6298 0.0000e+00
    670.000     0.4420   2.943940     0.4425   2.944250    5.49982    -0.0708    13.8155 1.1494e+02  -60.80000  -55.00417 1153671933 204.684436    34.6299 0.0000e+00
    671.000     0.4427   2.944052     0.4432   2.944368    5.49799    -0.0698    13.8155 1.1494e+02  -60.80000  -55.00417 1153671934 204.684451    34.6300 0.0000e+00
    672.000     0.4428   2.944110     0.4432   2.944424    5.49821    -0.0598    13.8155 1.1486e+02  -60.80000  -55.00417 1153671935 204.684463    34.6300 0.0000e+00
    673.000     0.4428   2.944160     0.4433   2.944469    5.49615    -0.0477    13.8155 1.1554e+02  -60.80000  -55.00417 1153671937 204.684477    34.6301 0.0000e+00
    674.000     0.4431   2.944244     0.4435   2.944544    5.49617    -0.0721    13.8155 1.1484e+02  -60.80000  -55.00417 1153671938 204.684496    34.6303 0.0000e+00
    675.000     0.4434   2.944315     0.4437   2.944617    5.49606    -0.0781    13.8155 1.1295e+02  -60.80000  -55.00417 1153671940 204.684516    34.6303 0.0000e+00
