product_data/regression_test/downloaded_data/MGDS/320620060703/ctd/p6619703.cnv
* Sea-Bird SBE 9 Data File:
* FileName = D:\Data\Raw\p6619703.dat
* Software Version Seasave Win32 V 5.32
* Temperature SN = 1649
* Conductivity SN = 1431
* Number of Bytes Per Scan = 37
* Number of Voltage Words = 5
* Number of Scans Averaged by the Deck Unit = 1
* NMEA Latitude = 60 45.00 S
* NMEA Longitude = 058 22.50 W
* NMEA UTC (Time) = 10:38:44
** Ship:   Nathaniel B. Palmer 
** Cruise:    NBP0606 
# nquan = 15
# nvalues = 990                         
# units = specified
# name 0 = prDM: Pressure, Digiquartz [db]
# name 1 = t090C: Temperature [ITS-90, deg C]
# name 2 = c0S/m: Conductivity [S/m]
# name 3 = t190C: Temperature, 2 [ITS-90, deg C]
# name 4 = c1S/m: Conductivity, 2 [S/m]
# name 5 = sbeox0ML/L: Oxygen, SBE 43 [ml/l]
# name 6 = flECO-AFL: Fluorescence, Wetlab ECO-AFL/FL [mg/m^3]
# name 7 = bat: Beam Attenuation, Chelsea/Seatech/Wetlab CStar [1/m]
# name 8 = spar: SPAR/Surface Irradiance
# name 9 = latitude: Latitude [deg]
# name 10 = longitude: Longitude [deg]
# name 11 = timeY: Time, System [seconds]
# name 12 = timeJ: Julian Days
# name 13 = sal00: Salinity [PSU]
# name 14 = flag: flag
# span 0 =     13.000,   1002.000       
# span 1 =    -1.0829,     2.1166       
# span 2 =   2.734830,   3.080198       
# span 3 =    -1.0821,     2.1172       
# span 4 =   2.735323,   3.080565       
# span 5 =    4.36701,    8.19374       
# span 6 =    -0.1043,     1.0698       
# span 7 =    13.8155,    13.8155       
# span 8 = 0.0000e+00, 0.0000e+00       
# span 9 =  -60.75000,  -60.75000       
# span 10 =  -58.37500,  -58.37500      
# span 11 = 1153823978, 1153825524      
# span 12 = 206.444194, 206.462107      
# span 13 =    33.8518,    34.7254      
# span 14 = 0.0000e+00, 0.0000e+00      
# interval = decibars: 1                
# start_time = Jul 25 2006 10:38:52
# bad_flag = -9.990e-29
*END*
[from data line 482]
    495.000     2.0540   3.078445     2.0540   3.078818    4.43286    -0.0724    13.8155 0.0000e+00  -60.75000  -58.37500 1153824826 206.454022    34.6676 0.0000e+00
    496.000     2.0540   3.078502     2.0540   3.078872    4.43299    -0.0497    13.8155 0.0000e+00  -60.75000  -58.37500 1153824827 206.454030    34.6677 0.0000e+00
    497.000     2.0543   3.078577     2.0540   3.078946    4.43380    -0.0406    13.8155 0.0000e+00  -60.75000  -58.37500 1153824827 206.454037    34.6678 0.0000e+00
    498.000     2.0544   3.078663     2.0538   3.079011    4.43231    -0.0433    13.8155 0.0000e+00  -60.75000  -58.37500 1153824828 206.454044    34.6682 0.0000e+00
    499.000     2.0540   3.078680     2.0541   3.079046    4.43285    -0.0676    13.8155 0.0000e+00  -60.75000  -58.37500 1153824829 206.454064    34.6683 0.0000e+00
    500.000     2.0543   3.078803     2.0547   3.079184    4.43493    -0.0685    13.8155 0.0000e+00  -60.75000  -58.37500 1153824832 206.454087    34.6690 0.0000e+00
    501.000     2.0548   3.078932     2.0551   3.079298    4.43425    -0.0572    13.8155 0.0000e+00  -60.75000  -58.37500 1153824832 206.454098    34.6694 0.0000e+00
    502.000     2.0552   3.078996     2.0554   3.079364    4.43518    -0.0668    13.8155 0.0000e+00  -60.75000  -58.37500 1153824833 206.454108    34.6692 0.0000e+00
    503.000     2.0548   3.079026     2.0550   3.079391    4.43945    -0.0518    13.8155 0.0000e+00  -60.75000  -58.37500 1153824837 206.454147    34.6695 0.0000e+00
    504.000     2.0536   3.079005     2.0534   3.079367    4.44058    -0.0636    13.8155 0.0000e+00  -60.75000  -58.37500 1153824838 206.454165    34.6701 0.0000e+00
    505.000     2.0504   3.078871     2.0505   3.079257    4.44077    -0.0535    13.8155 0.0000e+00  -60.75000  -58.37500 1153824839 206.454174    34.6713 0.0000e+00
    506.000     2.0505   3.078940     2.0507   3.079312    4.44100    -0.0649    13.8155 0.0000e+00  -60.75000  -58.37500 1153824840 206.454182    34.6715 0.0000e+00
    507.000     2.0505   3.078985     2.0505   3.079344    4.44123    -0.0443    13.8155 0.0000e+00  -60.75000  -58.37500 1153824840 206.454190    34.6715 0.0000e+00
    508.000     2.0502   3.079004     2.0504   3.079372    4.44149    -0.0521    13.8155 0.0000e+00  -60.75000  -58.37500 1153824841 206.454197    34.6715 0.0000e+00
    509.000     2.0497   3.079006     2.0500   3.079377    4.44191    -0.0705    13.8155 0.0000e+00  -60.75000  -58.37500 1153824842 206.454207    34.6715 0.0000e+00
    510.000     2.0494   3.079025     2.0497   3.079403    4.44279    -0.0644    13.8155 0.0000e+00  -60.75000  -58.37500 1153824843 206.454224    34.6715 0.0000e+00
    511.000     2.0493   3.079055     2.0493   3.079399    4.44155    -0.0555    13.8155 0.0000e+00  -60.75000  -58.37500 1153824845 206.454245    34.6714 0.0000e+00
    512.000     2.0470   3.078923     2.0470   3.079281    4.43849    -0.0696    13.8155 0.0000e+00  -60.75000  -58.37500 1153824847 206.454265    34.6717 0.0000e+00
    513.000     2.0445   3.078785     2.0444   3.079137    4.44042    -0.0705    13.8155 0.0000e+00  -60.75000  -58.37500 1153824849 206.454291    34.6722 0.0000e+00
    514.000     2.0426   3.078708     2.0429   3.079083    4.44192    -0.0585    13.8155 0.0000e+00  -60.75000  -58.37500 1153824851 206.454313    34.6728 0.0000e+00
    515.000     2.0425   3.078762     2.0429   3.079142    4.44328    -0.0643    13.8155 0.0000e+00  -60.75000  -58.37500 1153824852 206.454325    34.6730 0.0000e+00
    516.000     2.0428   3.078821     2.0430   3.079198    4.44341    -0.0660    13.8155 0.0000e+00  -60.75000  -58.37500 1153824853 206.454334    34.6729 0.0000e+00
    517.000     2.0428   3.078871     2.0430   3.079244    4.44250    -0.0449    13.8155 0.0000e+00  -60.75000  -58.37500 1153824854 206.454343    34.6729 0.0000e+00
    518.000     2.0430   3.078915     2.0429   3.079290    4.44192    -0.0637    13.8155 0.0000e+00  -60.75000  -58.37500 1153824854 206.454350    34.6726 0.0000e+00
    519.000     2.0423   3.078937     2.0423   3.079299    4.44069    -0.0549    13.8155 0.0000e+00  -60.75000  -58.37500 1153824855 206.454358    34.6731 0.0000e+00
    520.000     2.0407   3.078889     2.0408   3.079258    4.44229    -0.0658    13.8155 0.0000e+00  -60.75000  -58.37500 1153824856 206.454369    34.6738 0.0000e+00
    521.000     2.0419   3.079010     2.0417   3.079345    4.44534    -0.0647    13.8155 0.0000e+00  -60.75000  -58.37500 1153824859 206.454404    34.6733 0.0000e+00
    522.000     2.0404   3.078967     2.0404   3.079334    4.44756    -0.0520    13.8155 0.0000e+00  -60.75000  -58.37500 1153824861 206.454430    34.6738 0.0000e+00
    523.000     2.0396   3.078962     2.0397   3.079332    4.44813    -0.0770    13.8155 0.0000e+00  -60.75000  -58.37500 1153824862 206.454443    34.6742 0.0000e+00
    524.000     2.0391   3.078979     2.0393   3.079351    4.44849    -0.0432    13.8155 0.0000e+00  -60.75000  -58.37500 1153824863 206.454453    34.6743 0.0000e+00
    525.000     2.0390   3.079021     2.0391   3.079393    4.44868    -0.0544    13.8155 0.0000e+00  -60.75000  -58.37500 1153824864 206.454462    34.6744 0.0000e+00
    526.000     2.0389   3.079064     2.0392   3.079428    4.44838    -0.0771    13.8155 0.0000e+00  -60.75000  -58.37500 1153824865 206.454471    34.6745 0.0000e+00
    527.000     2.0386   3.079092     2.0389   3.079466    4.44827    -0.0738    13.8155 0.0000e+00  -60.75000  -58.37500 1153824866 206.454482    34.6746 0.0000e+00
    528.000     2.0383   3.079108     2.0384   3.079477    4.44853    -0.0599    13.8155 0.0000e+00  -60.75000  -58.37500 1153824867 206.454496    34.6746 0.0000e+00
    529.000     2.0382   3.079160     2.0383   3.079525    4.44865    -0.0613    13.8155 0.0000e+00  -60.75000  -58.37500 1153824869 206.454525    34.6748 0.0000e+00
    530.000     2.0371   3.079151     2.0372   3.079526    4.45064    -0.0606    13.8155 0.0000e+00  -60.75000  -58.37500 1153824872 206.454550    34.6753 0.0000e+00
    531.000     2.0359   3.079131     2.0360   3.079505    4.45135    -0.0480    13.8155 0.0000e+00  -60.75000  -58.37500 1153824872 206.454561    34.6759 0.0000e+00
    532.000     2.0352   3.079133     2.0354   3.079504    4.45012    -0.0657    13.8155 0.0000e+00  -60.75000  -58.37500 1153824873 206.454571    34.6761 0.0000e+00
    533.000     2.0347   3.079146     2.0348   3.079522    4.45059    -0.0663    13.8155 0.0000e+00  -60.75000  -58.37500 1153824874 206.454584    34.6763 0.0000e+00
    534.000     2.0338   3.079161     2.0341   3.079536    4.45402    -0.0632    13.8155 0.0000e+00  -60.75000  -58.37500 1153824876 206.454601    34.6768 0.0000e+00
    535.000     2.0332   3.079184     2.0334   3.079556    4.45455    -0.0587    13.8155 0.0000e+00  -60.75000  -58.37500 1153824877 206.454613    34.6772 0.0000e+00
    536.000     2.0328   3.079221     2.0331   3.079595    4.45464    -0.0510    13.8155 0.0000e+00  -60.75000  -58.37500 1153824878 206.454622    34.6776 0.0000e+00
    537.000     2.0331   3.079266     2.0331   3.079634    4.45493    -0.0586    13.8155 0.0000e+00  -60.75000  -58.37500 1153824879 206.454631    34.6773 0.0000e+00
    538.000     2.0331   3.079317     2.0332   3.079682    4.45645    -0.0724    13.8155 0.0000e+00  -60.75000  -58.37500 1153824881 206.454666    34.6773 0.0000e+00
    539.000     2.0326   3.079339     2.0328   3.079714    4.45622    -0.0617    13.8155 0.0000e+00  -60.75000  -58.37500 1153824884 206.454692    34.6775 0.0000e+00
    540.000     2.0319   3.079352     2.0321   3.079732    4.45737    -0.0609    13.8155 0.0000e+00  -60.75000  -58.37500 1153824885 206.454702    34.6779 0.0000e+00
    541.000     2.0317   3.079383     2.0316   3.079750    4.45826    -0.0360    13.8155 0.0000e+00  -60.75000  -58.37500 1153824885 206.454710    34.6780 0.0000e+00
    542.000     2.0314   3.079407     2.0315   3.079781    4.45789    -0.0438    13.8155 0.0000e+00  -60.75000  -58.37500 1153824886 206.454719    34.6781 0.0000e+00
    543.000     2.0311   3.079440     2.0313   3.079809    4.45842    -0.0416    13.8155 0.0000e+00  -60.75000  -58.37500 1153824887 206.454730    34.6782 0.0000e+00
    544.000     2.0308   3.079463     2.0310   3.079838    4.45744    -0.0584    13.8155 0.0000e+00  -60.75000  -58.37500 1153824888 206.454743    34.6783 0.0000e+00
    545.000     2.0306   3.079492     2.0307   3.079867    4.45613    -0.0722    13.8155 0.0000e+00  -60.75000  -58.37500 1153824889 206.454758    34.6783 0.0000e+00
    546.000     2.0305   3.079527     2.0307   3.079911    4.45695    -0.0629    13.8155 0.0000e+00  -60.75000  -58.37500 1153824891 206.454774    34.6783 0.0000e+00
    547.000     2.0304   3.079584     2.0306   3.079950    4.46234    -0.0660    13.8155 0.0000e+00  -60.75000  -58.37500 1153824894 206.454804    34.6786 0.0000e+00
    548.000     2.0287   3.079538     2.0289   3.079915    4.46893    -0.0671    13.8155 0.0000e+00  -60.75000  -58.37500 1153824896 206.454831    34.6793 0.0000e+00
    549.000     2.0281   3.079558     2.0283   3.079933    4.46851    -0.0574    13.8155 0.0000e+00  -60.75000  -58.37500 1153824897 206.454840    34.6797 0.0000e+00
    550.000     2.0279   3.079590     2.0280   3.079966    4.46678    -0.0795    13.8155 0.0000e+00  -60.75000  -58.37500 1153824897 206.454849    34.6797 0.0000e+00
    551.000     2.0277   3.079625     2.0277   3.079993    4.46656    -0.0536    13.8155 0.0000e+00  -60.75000  -58.37500 1153824898 206.454856    34.6798 0.0000e+00
    552.000     2.0277   3.079651     2.0275   3.080026    4.46687    -0.0590    13.8155 0.0000e+00  -60.75000  -58.37500 1153824899 206.454863    34.6796 0.0000e+00
    553.000     2.0275   3.079688     2.0275   3.080054    4.46634    -0.0682    13.8155 0.0000e+00  -60.75000  -58.37500 1153824900 206.454877    34.6797 0.0000e+00
    554.000     2.0276   3.079756     2.0277   3.080124    4.46331    -0.0705    13.8155 0.0000e+00  -60.75000  -58.37500 1153824903 206.454917    34.6798 0.0000e+00
    555.000     2.0269   3.079744     2.0270   3.080116    4.46465    -0.0560    13.8155 0.0000e+00  -60.75000  -58.37500 1153824904 206.454929    34.6799 0.0000e+00
    556.000     2.0266   3.079783     2.0269   3.080156    4.46517    -0.0530    13.8155 0.0000e+00  -60.75000  -58.37500 1153824905 206.454939    34.6801 0.0000e+00
    557.000     2.0263   3.079815     2.0266   3.080192    4.46517    -0.0557    13.8155 0.0000e+00  -60.75000  -58.37500 1153824906 206.454949    34.6803 0.0000e+00
    558.000     2.0260   3.079839     2.0262   3.080211    4.46512    -0.0530    13.8155 0.0000e+00  -60.75000  -58.37500 1153824907 206.454958    34.6804 0.0000e+00
    559.000     2.0253   3.079847     2.0255   3.080222    4.46501    -0.0586    13.8155 0.0000e+00  -60.75000  -58.37500 1153824908 206.454968    34.6807 0.0000e+00
    560.000     2.0241   3.079817     2.0242   3.080190    4.46495    -0.0647    13.8155 0.0000e+00  -60.75000  -58.37500 1153824909 206.454979    34.6811 0.0000e+00
    561.000     2.0236   3.079834     2.0237   3.080200    4.46736    -0.0599    13.8155 0.0000e+00  -60.75000  -58.37500 1153824911 206.455001    34.6812 0.0000e+00
    562.000     2.0234   3.079876     2.0234   3.080240    4.47433    -0.0657    13.8155 0.0000e+00  -60.75000  -58.37500 1153824915 206.455052    34.6814 0.0000e+00
    563.000     2.0222   3.079844     2.0224   3.080221    4.47216    -0.0515    13.8155 0.0000e+00  -60.75000  -58.37500 1153824916 206.455061    34.6819 0.0000e+00
    564.000     2.0215   3.079849     2.0217   3.080233    4.47127    -0.0582    13.8155 0.0000e+00  -60.75000  -58.37500 1153824916 206.455070    34.6821 0.0000e+00
    565.000     2.0202   3.079801     2.0204   3.080188    4.47107    -0.0714    13.8155 0.0000e+00  -60.75000  -58.37500 1153824917 206.455078    34.6824 0.0000e+00
    566.000     2.0194   3.079788     2.0195   3.080168    4.47134    -0.0659    13.8155 0.0000e+00  -60.75000  -58.37500 1153824918 206.455086    34.6826 0.0000e+00
    567.000     2.0178   3.079731     2.0178   3.080101    4.47217    -0.0701    13.8155 0.0000e+00  -60.75000  -58.37500 1153824919 206.455095    34.6831 0.0000e+00
    568.000     2.0172   3.079737     2.0174   3.080106    4.47378    -0.0680    13.8155 0.0000e+00  -60.75000  -58.37500 1153824920 206.455109    34.6833 0.0000e+00
    569.000     2.0171   3.079772     2.0174   3.080154    4.47567    -0.0784    13.8155 0.0000e+00  -60.75000  -58.37500 1153824921 206.455122    34.6832 0.0000e+00
    570.000     2.0168   3.079796     2.0169   3.080169    4.47640    -0.0474    13.8155 0.0000e+00  -60.75000  -58.37500 1153824922 206.455134    34.6833 0.0000e+00
    571.000     2.0161   3.079795     2.0163   3.080169    4.47676    -0.0610    13.8155 0.0000e+00  -60.75000  -58.37500 1153824924 206.455156    34.6835 0.0000e+00
    572.000     2.0158   3.079840     2.0157   3.080206    4.48242    -0.0572    13.8155 0.0000e+00  -60.75000  -58.37500 1153824929 206.455210    34.6838 0.0000e+00
    573.000     2.0152   3.079845     2.0152   3.080227    4.48275    -0.0663    13.8155 0.0000e+00  -60.75000  -58.37500 1153824929 206.455218    34.6839 0.0000e+00
    574.000     2.0151   3.079893     2.0151   3.080272    4.47921    -0.0684    13.8155 0.0000e+00  -60.75000  -58.37500 1153824930 206.455226    34.6841 0.0000e+00
    575.000     2.0144   3.079877     2.0141   3.080266    4.47725    -0.0758    13.8155 0.0000e+00  -60.75000  -58.37500 1153824931 206.455233    34.6841 0.0000e+00
    576.000     2.0133   3.079868     2.0130   3.080244    4.47618    -0.0815    13.8155 0.0000e+00  -60.75000  -58.37500 1153824931 206.455240    34.6846 0.0000e+00
    577.000     2.0128   3.079864     2.0122   3.080243    4.47536    -0.0613    13.8155 0.0000e+00  -60.75000  -58.37500 1153824932 206.455247    34.6846 0.0000e+00
    578.000     2.0111   3.079807     2.0105   3.080185    4.47579    -0.0606    13.8155 0.0000e+00  -60.75000  -58.37500 1153824932 206.455253    34.6852 0.0000e+00
    579.000     2.0096   3.079781     2.0093   3.080141    4.47664    -0.0451    13.8155 0.0000e+00  -60.75000  -58.37500 1153824933 206.455260    34.6860 0.0000e+00
    580.000     2.0106   3.079869     2.0104   3.080263    4.48565    -0.0618    13.8155 0.0000e+00  -60.75000  -58.37500 1153824937 206.455304    34.6853 0.0000e+00
    581.000     2.0082   3.079781     2.0077   3.080149    4.48874    -0.0683    13.8155 0.0000e+00  -60.75000  -58.37500 1153824939 206.455333    34.6864 0.0000e+00
    582.000     2.0061   3.079687     2.0056   3.080067    4.48663    -0.0733    13.8155 0.0000e+00  -60.75000  -58.37500 1153824940 206.455341    34.6870 0.0000e+00
    583.000     2.0053   3.079688     2.0047   3.080059    4.48511    -0.0735    13.8155 0.0000e+00  -60.75000  -58.37500 1153824941 206.455349    34.6873 0.0000e+00
    584.000     2.0049   3.079710     2.0044   3.080078    4.48586    -0.0934    13.8155 0.0000e+00  -60.75000  -58.37500 1153824941 206.455356    34.6874 0.0000e+00
    585.000     2.0047   3.079749     2.0043   3.080116    4.48723    -0.0784    13.8155 0.0000e+00  -60.75000  -58.37500 1153824942 206.455363    34.6876 0.0000e+00
    586.000     2.0044   3.079783     2.0043   3.080158    4.48775    -0.0876    13.8155 0.0000e+00  -60.75000  -58.37500 1153824942 206.455369    34.6878 0.0000e+00
    587.000     2.0046   3.079825     2.0045   3.080198    4.48880    -0.0610    13.8155 0.0000e+00  -60.75000  -58.37500 1153824944 206.455392    34.6875 0.0000e+00
    588.000     2.0055   3.079916     2.0052   3.080290    4.49196    -0.0600    13.8155 0.0000e+00  -60.75000  -58.37500 1153824948 206.455430    34.6873 0.0000e+00
    589.000     2.0039   3.079879     2.0041   3.080255    4.49214    -0.0631    13.8155 0.0000e+00  -60.75000  -58.37500 1153824949 206.455442    34.6878 0.0000e+00
    590.000     2.0032   3.079876     2.0033   3.080255    4.49249    -0.0614    13.8155 0.0000e+00  -60.75000  -58.37500 1153824950 206.455454    34.6880 0.0000e+00
