product_data/regression_test/downloaded_data/MGDS/320620060703/ctd/p6611901.ros
* Sea-Bird SBE 9 Data File:
* FileName = D:\Data\Raw\p6611901.dat
* Software Version Seasave Win32 V 5.32
* Temperature SN = 1649
* Conductivity SN = 1431
* Number of Bytes Per Scan = 37
* Number of Voltage Words = 5
* Number of Scans Averaged by the Deck Unit = 1
* NMEA Latitude = 61 13.55 S
* NMEA Longitude = 054 24.71 W
* NMEA UTC (Time) = 20:24:51
** Ship:   Nathaniel B. Palmer 
** Cruise:    NBP0606 
# nquan = 17
# nvalues = 1152                    
# units = specified
# name 0 = prDM: Pressure, Digiquartz [db]
# name 1 = t090C: Temperature [ITS-90, deg C]
# name 2 = c0S/m: Conductivity [S/m]
# name 3 = t190C: Temperature, 2 [ITS-90, deg C]
# name 4 = c1S/m: Conductivity, 2 [S/m]
# name 5 = sbeox0ML/L: Oxygen, SBE 43 [ml/l]
# name 6 = flECO-AFL: Fluorescence, Wetlab ECO-AFL/FL [mg/m^3]
# name 7 = bat: Beam Attenuation, Chelsea/Seatech/Wetlab CStar [1/m]
# name 8 = spar: SPAR/Surface Irradiance
# name 9 = latitude: Latitude [deg]
# name 10 = longitude: Longitude [deg]
# name 11 = timeY: Time, System [seconds]
# name 12 = timeJ: Julian Days
# name 13 = sal00: Salinity [PSU]
# name 14 = scan: scan number
# name 15 = nbf: number of bottles fired
# name 16 = flag:  0.000e+00
# interval = seconds: 0.0416667                   
# start_time = Jul 14 2006 20:24:59
*END*
[from data line 86]
    499.511    -0.4867   2.849128    -0.4864   2.849553    6.34769    -0.0534    13.8155 0.0000e+00  -61.22583  -54.41183 1152909506 195.860039    34.5219      19401          2  0.000e+00
    499.722    -0.4870   2.849141    -0.4863   2.849553    6.34791    -0.0749    13.8155 0.0000e+00  -61.22583  -54.41183 1152909506 195.860039    34.5223      19402          2  0.000e+00
    499.626    -0.4870   2.849131    -0.4864   2.849570    6.34783    -0.0749    13.8155 0.0000e+00  -61.22583  -54.41183 1152909506 195.860040    34.5222      19403          2  0.000e+00
    499.655    -0.4867   2.849128    -0.4864   2.849541    6.34782    -0.0642    13.8155 0.0000e+00  -61.22583  -54.41183 1152909506 195.860040    34.5218      19404          2  0.000e+00
    499.655    -0.4867   2.849124    -0.4866   2.849564    6.34782    -0.0642    13.8155 0.0000e+00  -61.22583  -54.41183 1152909506 195.860041    34.5217      19405          2  0.000e+00
    499.655    -0.4871   2.849108    -0.4860   2.849564    6.34789    -0.0749    13.8155 0.0000e+00  -61.22583  -54.41183 1152909506 195.860041    34.5221      19406          2  0.000e+00
    499.694    -0.4865   2.849121    -0.4867   2.849576    6.34784    -0.0642    13.8155 0.0000e+00  -61.22583  -54.41183 1152909506 195.860041    34.5215      19407          2  0.000e+00
    499.655    -0.4865   2.849128    -0.4864   2.849582    6.34780    -0.0211    13.8155 0.0000e+00  -61.22583  -54.41183 1152909506 195.860042    34.5216      19408          2  0.000e+00
    499.723    -0.4871   2.849124    -0.4863   2.849559    6.34794    -0.0319    13.8155 0.0000e+00  -61.22583  -54.41183 1152909506 195.860042    34.5223      19409          2  0.000e+00
    499.694    -0.4867   2.849144    -0.4861   2.849570    6.35278    -0.0426    13.8155 0.0000e+00  -61.22583  -54.41183 1152909506 195.860043    34.5220      19410          2  0.000e+00
    499.790    -0.4868   2.849164    -0.4866   2.849582    6.34794    -0.0749    13.8155 0.0000e+00  -61.22583  -54.41183 1152909506 195.860043    34.5224      19411          2  0.000e+00
    499.723    -0.4868   2.849151    -0.4863   2.849559    6.34789    -0.1072    13.8155 0.0000e+00  -61.22583  -54.41183 1152909506 195.860044    34.5223      19412          2  0.000e+00
    450.088    -0.4282   2.851057    -0.4298   2.851336    6.34451    -0.0749    13.8155 0.0000e+00  -61.22583  -54.41183 1152909606 195.861197    34.5111      21804          3  0.000e+00
    450.011    -0.4288   2.851051    -0.4300   2.851324    6.33963    -0.0642    13.8155 0.0000e+00  -61.22583  -54.41183 1152909606 195.861198    34.5118      21805          3  0.000e+00
    450.020    -0.4289   2.851031    -0.4298   2.851336    6.33966    -0.0964    13.8155 0.0000e+00  -61.22583  -54.41183 1152909606 195.861198    34.5116      21806          3  0.000e+00
    450.011    -0.4290   2.851027    -0.4297   2.851383    6.33966    -0.0857    13.8155 0.0000e+00  -61.22583  -54.41183 1152909606 195.861199    34.5117      21807          3  0.000e+00
    449.944    -0.4287   2.851027    -0.4289   2.851400    6.33956    -0.1072    13.8155 0.0000e+00  -61.22583  -54.41183 1152909606 195.861199    34.5114      21808          3  0.000e+00
    450.088    -0.4289   2.851027    -0.4287   2.851418    6.33972    -0.1180    13.8155 0.0000e+00  -61.22583  -54.41183 1152909606 195.861200    34.5116      21809          3  0.000e+00
    449.944    -0.4287   2.850977    -0.4286   2.851430    6.33959    -0.0964    13.8155 0.0000e+00  -61.22583  -54.41183 1152909606 195.861200    34.5107      21810          3  0.000e+00
    449.944    -0.4287   2.850961    -0.4285   2.851406    6.33960    -0.0964    13.8155 0.0000e+00  -61.22583  -54.41183 1152909606 195.861201    34.5105      21811          3  0.000e+00
    449.944    -0.4293   2.850974    -0.4286   2.851400    6.33968    -0.1072    13.8155 0.0000e+00  -61.22583  -54.41183 1152909606 195.861201    34.5114      21812          3  0.000e+00
    449.877    -0.4297   2.850931    -0.4289   2.851418    6.33969    -0.1180    13.8155 0.0000e+00  -61.22583  -54.41183 1152909606 195.861202    34.5113      21813          3  0.000e+00
    449.944    -0.4294   2.850981    -0.4288   2.851430    6.34459    -0.0749    13.8155 0.0000e+00  -61.22583  -54.41183 1152909606 195.861202    34.5116      21814          3  0.000e+00
    449.867    -0.4299   2.850984    -0.4291   2.851447    6.34458    -0.0534    13.8155 0.0000e+00  -61.22583  -54.41183 1152909606 195.861203    34.5122      21815          3  0.000e+00
    449.944    -0.4295   2.850947    -0.4283   2.851412    6.33972    -0.0749    13.8155 0.0000e+00  -61.22583  -54.41183 1152909606 195.861203    34.5113      21816          3  0.000e+00
    449.800    -0.4293   2.850974    -0.4294   2.851383    6.33955    -0.0964    13.8155 0.0000e+00  -61.22583  -54.41183 1152909606 195.861204    34.5115      21817          3  0.000e+00
    449.867    -0.4299   2.850947    -0.4295   2.851359    6.33970    -0.0964    13.8155 0.0000e+00  -61.22583  -54.41183 1152909606 195.861204    34.5118      21818          3  0.000e+00
    449.800    -0.4301   2.850901    -0.4295   2.851371    6.33970    -0.0964    13.8155 0.0000e+00  -61.22583  -54.41183 1152909606 195.861205    34.5114      21819          3  0.000e+00
    449.867    -0.4313   2.850891    -0.4294   2.851353    6.34481    -0.0964    13.8155 0.0000e+00  -61.22583  -54.41183 1152909607 195.861205    34.5126      21820          3  0.000e+00
    449.810    -0.4310   2.850874    -0.4299   2.851348    6.33983    -0.1395    13.8155 0.0000e+00  -61.22583  -54.41183 1152909607 195.861206    34.5120      21821          3  0.000e+00
    449.800    -0.4307   2.850867    -0.4303   2.851324    6.33979    -0.1395    13.8155 0.0000e+00  -61.22583  -54.41183 1152909607 195.861206    34.5116      21822          3  0.000e+00
    449.800    -0.4309   2.850867    -0.4304   2.851336    6.33982    -0.1072    13.8155 0.0000e+00  -61.22583  -54.41183 1152909607 195.861207    34.5119      21823          3  0.000e+00
    449.733    -0.4310   2.850901    -0.4301   2.851307    6.33975    -0.1395    13.8155 0.0000e+00  -61.22583  -54.41183 1152909607 195.861207    34.5124      21824          3  0.000e+00
    449.800    -0.4311   2.850894    -0.4306   2.851312    6.33984    -0.1287    13.8155 0.0000e+00  -61.22583  -54.41183 1152909607 195.861208    34.5125      21825          3  0.000e+00
    449.733    -0.4305   2.850874    -0.4306   2.851318    6.33971    -0.0642    13.8155 0.0000e+00  -61.22583  -54.41183 1152909607 195.861208    34.5116      21826          3  0.000e+00
    449.800    -0.4310   2.850884    -0.4306   2.851301    6.33983    -0.0319    13.8155 0.0000e+00  -61.22583  -54.41183 1152909607 195.861209    34.5122      21827          3  0.000e+00
    449.742    -0.4308   2.850871    -0.4307   2.851295    6.33976    -0.0857    13.8155 0.0000e+00  -61.22583  -54.41183 1152909607 195.861209    34.5119      21828          3  0.000e+00
    449.733    -0.4313   2.850884    -0.4307   2.851295    6.34470    -0.1287    13.8155 0.0000e+00  -61.22583  -54.41183 1152909607 195.861209    34.5126      21829          3  0.000e+00
    449.656    -0.4312   2.850874    -0.4304   2.851312    6.33973    -0.0857    13.8155 0.0000e+00  -61.22583  -54.41183 1152909607 195.861210    34.5124      21830          3  0.000e+00
    449.733    -0.4313   2.850901    -0.4306   2.851318    6.34469    -0.0211    13.8155 0.0000e+00  -61.22583  -54.41183 1152909607 195.861210    34.5128      21831          3  0.000e+00
    449.733    -0.4307   2.850877    -0.4306   2.851318    6.33972    -0.0319    13.8155 0.0000e+00  -61.22583  -54.41183 1152909607 195.861211    34.5118      21832          3  0.000e+00
    449.656    -0.4304   2.850884    -0.4301   2.851277    6.34451    -0.0857    13.8155 0.0000e+00  -61.22583  -54.41183 1152909607 195.861211    34.5116      21833          3  0.000e+00
    449.733    -0.4307   2.850874    -0.4308   2.851283    6.34464    -0.0749    13.8155 0.0000e+00  -61.22583  -54.41183 1152909607 195.861212    34.5118      21834          3  0.000e+00
    449.666    -0.4311   2.850851    -0.4307   2.851295    6.33974    -0.0642    13.8155 0.0000e+00  -61.22583  -54.41183 1152909607 195.861212    34.5120      21835          3  0.000e+00
    449.656    -0.4311   2.850861    -0.4303   2.851295    6.33973    -0.0426    13.8155 0.0000e+00  -61.22583  -54.41183 1152909607 195.861213    34.5121      21836          3  0.000e+00
    449.656    -0.4310   2.850884    -0.4307   2.851312    6.33970    -0.1287    13.8155 0.0000e+00  -61.22583  -54.41183 1152909607 195.861213    34.5123      21837          3  0.000e+00
    449.656    -0.4315   2.850854    -0.4307   2.851301    6.33977    -0.1395    13.8155 0.0000e+00  -61.22583  -54.41183 1152909607 195.861214    34.5124      21838          3  0.000e+00
    449.656    -0.4319   2.850864    -0.4311   2.851295    6.34473    -0.0964    13.8155 0.0000e+00  -61.22583  -54.41183 1152909607 195.861214    34.5131      21839          3  0.000e+00
    449.589    -0.4313   2.850834    -0.4311   2.851271    6.33970    -0.0857    13.8155 0.0000e+00  -61.22583  -54.41183 1152909607 195.861215    34.5120      21840          3  0.000e+00
    449.656    -0.4313   2.850824    -0.4307   2.851248    6.33978    -0.0964    13.8155 0.0000e+00  -61.22583  -54.41183 1152909607 195.861215    34.5119      21841          3  0.000e+00
    449.599    -0.4317   2.850837    -0.4309   2.851260    6.33977    -0.0857    13.8155 0.0000e+00  -61.22583  -54.41183 1152909607 195.861216    34.5125      21842          3  0.000e+00
    449.656    -0.4315   2.850844    -0.4306   2.851283    6.33978    -0.1072    13.8155 0.0000e+00  -61.22583  -54.41183 1152909608 195.861216    34.5123      21843          3  0.000e+00
    449.589    -0.4315   2.850827    -0.4311   2.851254    6.33974    -0.0642    13.8155 0.0000e+00  -61.22583  -54.41183 1152909608 195.861217    34.5122      21844          3  0.000e+00
    449.589    -0.4315   2.850824    -0.4306   2.851260    6.33973    -0.0749    13.8155 0.0000e+00  -61.22583  -54.41183 1152909608 195.861217    34.5120      21845          3  0.000e+00
    449.589    -0.4315   2.850824    -0.4311   2.851266    6.33973    -0.0749    13.8155 0.0000e+00  -61.22583  -54.41183 1152909608 195.861218    34.5120      21846          3  0.000e+00
    449.589    -0.4317   2.850807    -0.4312   2.851266    6.34468    -0.0426    13.8155 0.0000e+00  -61.22583  -54.41183 1152909608 195.861218    34.5121      21847          3  0.000e+00
    449.589    -0.4317   2.850817    -0.4307   2.851230    6.34466    -0.0534    13.8155 0.0000e+00  -61.22583  -54.41183 1152909608 195.861219    34.5122      21848          3  0.000e+00
    449.532    -0.4313   2.850837    -0.4311   2.851254    6.33965    -0.0857    13.8155 0.0000e+00  -61.22583  -54.41183 1152909608 195.861219    34.5121      21849          3  0.000e+00
    449.589    -0.4316   2.850844    -0.4309   2.851248    6.34464    -0.0857    13.8155 0.0000e+00  -61.22583  -54.41183 1152909608 195.861220    34.5125      21850          3  0.000e+00
    449.512    -0.4317   2.850860    -0.4312   2.851219    6.34457    -0.0857    13.8155 0.0000e+00  -61.22583  -54.41183 1152909608 195.861220    34.5128      21851          3  0.000e+00
    449.512    -0.4315   2.850837    -0.4309   2.851248    6.34455    -0.0749    13.8155 0.0000e+00  -61.22583  -54.41183 1152909608 195.861221    34.5123      21852          3  0.000e+00
    449.512    -0.4321   2.850824    -0.4309   2.851248    6.34464    -0.0857    13.8155 0.0000e+00  -61.22583  -54.41183 1152909608 195.861221    34.5128      21853          4  0.000e+00
    449.589    -0.4321   2.850804    -0.4312   2.851277    6.33982    -0.0964    13.8155 0.0000e+00  -61.22583  -54.41183 1152909608 195.861222    34.5125      21854          4  0.000e+00
    449.513    -0.4320   2.850780    -0.4315   2.851271    6.33976    -0.1395    13.8155 0.0000e+00  -61.22583  -54.41183 1152909608 195.861222    34.5121      21855          4  0.000e+00
    449.455    -0.4324   2.850797    -0.4309   2.851225    6.33975    -0.1502    13.8155 0.0000e+00  -61.22583  -54.41183 1152909608 195.861223    34.5128      21856          4  0.000e+00
    449.513    -0.4317   2.850784    -0.4311   2.851230    6.33973    -0.0857    13.8155 0.0000e+00  -61.22583  -54.41183 1152909608 195.861223    34.5119      21857          4  0.000e+00
    449.513    -0.4323   2.850794    -0.4312   2.851219    6.33979    -0.0642    13.8155 0.0000e+00  -61.22583  -54.41183 1152909608 195.861223    34.5126      21858          4  0.000e+00
    449.445    -0.4324   2.850780    -0.4311   2.851230    6.33975    -0.0857    13.8155 0.0000e+00  -61.22583  -54.41183 1152909608 195.861224    34.5126      21859          4  0.000e+00
    449.513    -0.4317   2.850777    -0.4317   2.851219    6.33973    -0.0319    13.8155 0.0000e+00  -61.22583  -54.41183 1152909608 195.861224    34.5118      21860          4  0.000e+00
    449.378    -0.4321   2.850794    -0.4311   2.851248    6.34454    -0.0857    13.8155 0.0000e+00  -61.22583  -54.41183 1152909608 195.861225    34.5124      21861          4  0.000e+00
    449.513    -0.4320   2.850780    -0.4312   2.851225    6.34465    -0.1395    13.8155 0.0000e+00  -61.22583  -54.41183 1152909608 195.861225    34.5121      21862          4  0.000e+00
    449.388    -0.4321   2.850794    -0.4307   2.851230    6.33965    -0.0857    13.8155 0.0000e+00  -61.22583  -54.41183 1152909608 195.861226    34.5124      21863          4  0.000e+00
    449.445    -0.4322   2.850767    -0.4309   2.851242    6.33974    -0.0964    13.8155 0.0000e+00  -61.22583  -54.41183 1152909608 195.861226    34.5122      21864          4  0.000e+00
    449.445    -0.4321   2.850807    -0.4311   2.851260    6.33969    -0.0749    13.8155 0.0000e+00  -61.22583  -54.41183 1152909608 195.861227    34.5126      21865          4  0.000e+00
    449.445    -0.4318   2.850804    -0.4309   2.851225    6.33967    -0.0749    13.8155 0.0000e+00  -61.22583  -54.41183 1152909608 195.861227    34.5123      21866          4  0.000e+00
    449.378    -0.4319   2.850780    -0.4311   2.851248    6.33963    -0.0749    13.8155 0.0000e+00  -61.22583  -54.41183 1152909608 195.861228    34.5121      21867          4  0.000e+00
    449.378    -0.4317   2.850777    -0.4307   2.851224    6.33961    -0.1180    13.8155 0.0000e+00  -61.22583  -54.41183 1152909609 195.861228    34.5119      21868          4  0.000e+00
    449.446    -0.4317   2.850777    -0.4311   2.851230    6.33966    -0.0964    13.8155 0.0000e+00  -61.22583  -54.41183 1152909609 195.861229    34.5117      21869          4  0.000e+00
    449.388    -0.4324   2.850794    -0.4309   2.851242    6.34459    -0.0534    13.8155 0.0000e+00  -61.22583  -54.41183 1152909609 195.861229    34.5128      21870          4  0.000e+00
    449.378    -0.4321   2.850800    -0.4309   2.851242    6.34454    -0.0642    13.8155 0.0000e+00  -61.22583  -54.41183 1152909609 195.861230    34.5125      21871          4  0.000e+00
    449.378    -0.4322   2.850800    -0.4312   2.851260    6.34456    -0.0964    13.8155 0.0000e+00  -61.22583  -54.41183 1152909609 195.861230    34.5127      21872          4  0.000e+00
    449.378    -0.4320   2.850750    -0.4314   2.851224    6.34455    -0.0857    13.8155 0.0000e+00  -61.22583  -54.41183 1152909609 195.861231    34.5118      21873          4  0.000e+00
    449.302    -0.4316   2.850800    -0.4314   2.851189    6.34441    -0.0964    13.8155 0.0000e+00  -61.22583  -54.41183 1152909609 195.861231    34.5121      21874          4  0.000e+00
    449.378    -0.4322   2.850787    -0.4313   2.851201    6.33967    -0.1072    13.8155 0.0000e+00  -61.22583  -54.41183 1152909609 195.861232    34.5126      21875          4  0.000e+00
