product_data/regression_test/downloaded_data/MGDS/320620060703/ctd/p6619001.ros
* Sea-Bird SBE 9 Data File:
* FileName = D:\Data\Raw\p6619001.dat
* Software Version Seasave Win32 V 5.32
* Temperature SN = 1649
* Conductivity SN = 1431
* Number of Bytes Per Scan = 37
* Number of Voltage Words = 5
* Number of Scans Averaged by the Deck Unit = 1
* NMEA Latitude = 60 48.00 S
* NMEA Longitude = 054 48.87 W
* NMEA UTC (Time) = 13:24:52
** Ship:   Nathaniel B. Palmer 
** Cruise:    NBP0606 
# nquan = 17
# nvalues = 1176                    
# units = specified
# name 0 = prDM: Pressure, Digiquartz [db]
# name 1 = t090C: Temperature [ITS-90, deg C]
# name 2 = c0S/m: Conductivity [S/m]
# name 3 = t190C: Temperature, 2 [ITS-90, deg C]
# name 4 = c1S/m: Conductivity, 2 [S/m]
# name 5 = sbeox0ML/L: Oxygen, SBE 43 [ml/l]
# name 6 = flECO-AFL: Fluorescence, Wetlab ECO-AFL/FL [mg/m^3]
# name 7 = bat: Beam Attenuation, Chelsea/Seatech/Wetlab CStar [1/m]
# name 8 = spar: SPAR/Surface Irradiance
# name 9 = latitude: Latitude [deg]
# name 10 = longitude: Longitude [deg]
# name 11 = timeY: Time, System [seconds]
# name 12 = timeJ: Julian Days
# name 13 = sal00: Salinity [PSU]
# name 14 = scan: scan number
# name 15 = nbf: number of bottles fired
# name 16 = flag:  0.000e+00
# interval = seconds: 0.0416667                   
# start_time = Jul 23 2006 13:25:01
*END*
[from data line 681]
     99.700    -0.9092   2.781419    -0.9084   2.781815    7.10772    -0.0319    13.8155 1.3247e+02  -60.80000  -54.81450 1153664013 204.592767    34.3328      69938         14  0.000e+00
     99.700    -0.9091   2.781416    -0.9081   2.781844    7.10770    -0.0426    13.8155 1.3247e+02  -60.80000  -54.81450 1153664013 204.592767    34.3325      69939         14  0.000e+00
     99.624    -0.9095   2.781403    -0.9083   2.781838    7.10770    -0.0319    13.8155 1.3053e+02  -60.80000  -54.81450 1153664013 204.592768    34.3329      69940         14  0.000e+00
     99.700    -0.9089   2.781409    -0.9080   2.781850    7.10769    -0.0534    13.8155 1.3053e+02  -60.80000  -54.81450 1153664013 204.592768    34.3323      69941         14  0.000e+00
     99.700    -0.9092   2.781423    -0.9079   2.781861    7.10772    -0.0534    13.8155 1.3053e+02  -60.80000  -54.81450 1153664013 204.592769    34.3328      69942         14  0.000e+00
     99.772    -0.9099   2.781330    -0.9094   2.781710    7.11268    -0.0319    13.8155 1.3247e+02  -60.80000  -54.81450 1153664025 204.592906    34.3322      70227         15  0.000e+00
     99.628    -0.9097   2.781383    -0.9101   2.781681    7.11248    -0.0319    13.8155 1.3247e+02  -60.80000  -54.81450 1153664025 204.592907    34.3328      70228         15  0.000e+00
     99.705    -0.9096   2.781360    -0.9100   2.781676    7.11255    -0.0534    13.8155 1.3247e+02  -60.80000  -54.81450 1153664025 204.592907    34.3323      70229         15  0.000e+00
     99.772    -0.9098   2.781337    -0.9097   2.781693    7.11267    -0.0426    13.8155 1.3247e+02  -60.80000  -54.81450 1153664025 204.592908    34.3323      70230         15  0.000e+00
     99.629    -0.9091   2.781350    -0.9097   2.781699    7.11241    -0.0642    13.8155 1.3247e+02  -60.80000  -54.81450 1153664025 204.592908    34.3317      70231         15  0.000e+00
     99.629    -0.9098   2.781347    -0.9095   2.781699    7.11252    -0.0642    13.8155 1.3053e+02  -60.80000  -54.81450 1153664025 204.592908    34.3325      70232         15  0.000e+00
     99.705    -0.9099   2.781337    -0.9100   2.781681    7.11261    -0.0964    13.8155 1.3053e+02  -60.80000  -54.81450 1153664025 204.592909    34.3324      70233         15  0.000e+00
     99.629    -0.9096   2.781333    -0.9095   2.781693    7.11249    -0.0319    13.8155 1.3053e+02  -60.80000  -54.81450 1153664025 204.592909    34.3320      70234         15  0.000e+00
     99.676    -0.9095   2.781324    -0.9095   2.781716    7.11254    -0.0534    13.8155 1.3247e+02  -60.80000  -54.81450 1153664025 204.592910    34.3318      70235         15  0.000e+00
     99.705    -0.9102   2.781297    -0.9096   2.781728    7.11268    -0.1072    13.8155 1.3247e+02  -60.80000  -54.81450 1153664025 204.592910    34.3322      70236         15  0.000e+00
     99.629    -0.9098   2.781330    -0.9094   2.781687    7.11253    -0.0964    13.8155 1.3247e+02  -60.80000  -54.81450 1153664025 204.592911    34.3323      70237         15  0.000e+00
     99.629    -0.9105   2.781320    -0.9100   2.781652    7.11263    -0.0534    13.8155 1.3247e+02  -60.80000  -54.81450 1153664025 204.592911    34.3329      70238         15  0.000e+00
     99.629    -0.9097   2.781314    -0.9094   2.781647    7.11726    -0.0857    13.8155 1.3247e+02  -60.80000  -54.81450 1153664026 204.592912    34.3319      70239         15  0.000e+00
     99.629    -0.9099   2.781304    -0.9099   2.781647    7.11255    -0.0857    13.8155 1.3247e+02  -60.80000  -54.81450 1153664026 204.592912    34.3320      70240         15  0.000e+00
     99.705    -0.9099   2.781360    -0.9100   2.781664    7.11733    -0.0642    13.8155 1.3247e+02  -60.80000  -54.81450 1153664026 204.592913    34.3327      70241         15  0.000e+00
     99.629    -0.9098   2.781343    -0.9101   2.781652    7.11726    -0.1072    13.8155 1.3247e+02  -60.80000  -54.81450 1153664026 204.592913    34.3325      70242         15  0.000e+00
     99.629    -0.9094   2.781360    -0.9104   2.781647    7.11245    -0.0749    13.8155 1.3247e+02  -60.80000  -54.81450 1153664026 204.592914    34.3322      70243         15  0.000e+00
     99.629    -0.9095   2.781340    -0.9106   2.781629    7.11248    -0.0211    13.8155 1.3247e+02  -60.80000  -54.81450 1153664026 204.592914    34.3321      70244         15  0.000e+00
     99.629    -0.9097   2.781366    -0.9101   2.781641    7.11249    -0.0749    13.8155 1.3247e+02  -60.80000  -54.81450 1153664026 204.592915    34.3326      70245         15  0.000e+00
     99.629    -0.9098   2.781370    -0.9098   2.781658    7.11724    -0.0857    13.8155 1.3247e+02  -60.80000  -54.81450 1153664026 204.592915    34.3328      70246         15  0.000e+00
     99.600    -0.9093   2.781360    -0.9097   2.781647    7.11713    -0.0642    13.8155 1.3247e+02  -60.80000  -54.81450 1153664026 204.592916    34.3320      70247         15  0.000e+00
     99.629    -0.9097   2.781330    -0.9100   2.781664    7.11725    -0.0749    13.8155 1.3247e+02  -60.80000  -54.81450 1153664026 204.592916    34.3321      70248         15  0.000e+00
     99.629    -0.9097   2.781314    -0.9100   2.781652    7.11252    -0.1180    13.8155 1.3247e+02  -60.80000  -54.81450 1153664026 204.592917    34.3319      70249         15  0.000e+00
     99.629    -0.9093   2.781294    -0.9103   2.781647    7.11721    -0.0749    13.8155 1.3247e+02  -60.80000  -54.81450 1153664026 204.592917    34.3311      70250         15  0.000e+00
     99.705    -0.9105   2.781314    -0.9098   2.781629    7.11744    -0.0534    13.8155 1.3247e+02  -60.80000  -54.81450 1153664026 204.592918    34.3327      70251         15  0.000e+00
     99.629    -0.9103   2.781314    -0.9100   2.781658    7.11735    -0.0104    13.8155 1.3247e+02  -60.80000  -54.81450 1153664026 204.592918    34.3326      70252         15  0.000e+00
     99.629    -0.9098   2.781294    -0.9099   2.781652    7.11729    -0.0319    13.8155 1.3247e+02  -60.80000  -54.81450 1153664026 204.592919    34.3318      70253         15  0.000e+00
     99.629    -0.9108   2.781314    -0.9101   2.781664    7.11741    -0.0749    13.8155 1.3247e+02  -60.80000  -54.81450 1153664026 204.592919    34.3331      70254         15  0.000e+00
     99.629    -0.9100   2.781314    -0.9100   2.781652    7.11731    -0.0857    13.8155 1.3247e+02  -60.80000  -54.81450 1153664026 204.592920    34.3323      70255         15  0.000e+00
     99.705    -0.9100   2.781314    -0.9100   2.781647    7.11738    -0.0857    13.8155 1.3247e+02  -60.80000  -54.81450 1153664026 204.592920    34.3322      70256         15  0.000e+00
     99.629    -0.9094   2.781370    -0.9101   2.781647    7.11244    -0.0642    13.8155 1.3053e+02  -60.80000  -54.81450 1153664026 204.592921    34.3323      70257         15  0.000e+00
     99.677    -0.9095   2.781347    -0.9100   2.781647    7.11726    -0.1072    13.8155 1.3053e+02  -60.80000  -54.81450 1153664026 204.592921    34.3321      70258         15  0.000e+00
     99.705    -0.9094   2.781317    -0.9100   2.781647    7.11729    -0.0964    13.8155 1.3247e+02  -60.80000  -54.81450 1153664026 204.592921    34.3316      70259         15  0.000e+00
     99.705    -0.9098   2.781320    -0.9098   2.781664    7.11735    -0.0964    13.8155 1.3247e+02  -60.80000  -54.81450 1153664026 204.592922    34.3321      70260         15  0.000e+00
     99.562    -0.9103   2.781314    -0.9104   2.781676    7.11728    -0.0534    13.8155 1.3247e+02  -60.80000  -54.81450 1153664026 204.592922    34.3327      70261         15  0.000e+00
     99.772    -0.9100   2.781337    -0.9094   2.781676    7.11743    -0.0749    13.8155 1.3247e+02  -60.80000  -54.81450 1153664026 204.592923    34.3325      70262         15  0.000e+00
     99.772    -0.9100   2.781353    -0.9097   2.781676    7.11268    -0.0749    13.8155 1.3247e+02  -60.80000  -54.81450 1153664027 204.592923    34.3327      70263         15  0.000e+00
     99.705    -0.9096   2.781373    -0.9097   2.781693    7.11254    -0.0534    13.8155 1.3247e+02  -60.80000  -54.81450 1153664027 204.592924    34.3325      70264         15  0.000e+00
     99.705    -0.9098   2.781386    -0.9094   2.781681    7.11730    -0.0104    13.8155 1.3247e+02  -60.80000  -54.81450 1153664027 204.592924    34.3330      70265         15  0.000e+00
     99.772    -0.9093   2.781380    -0.9094   2.781710    7.11729    -0.0426    13.8155 1.3247e+02  -60.80000  -54.81450 1153664027 204.592925    34.3322      70266         15  0.000e+00
     99.705    -0.9089   2.781413    -0.9098   2.781687    7.11715    -0.0964    13.8155 1.3247e+02  -60.80000  -54.81450 1153664027 204.592925    34.3323      70267         15  0.000e+00
     99.772    -0.9093   2.781432    -0.9101   2.781693    7.11726    -0.1287    13.8155 1.3247e+02  -60.80000  -54.81450 1153664027 204.592926    34.3329      70268         15  0.000e+00
     99.744    -0.9088   2.781409    -0.9095   2.781699    7.11718    -0.0749    13.8155 1.3247e+02  -60.80000  -54.81450 1153664027 204.592926    34.3321      70269         15  0.000e+00
     99.772    -0.9094   2.781367    -0.9089   2.781699    7.11732    -0.0642    13.8155 1.3247e+02  -60.80000  -54.81450 1153664027 204.592927    34.3322      70270         15  0.000e+00
     99.772    -0.9089   2.781367    -0.9094   2.781699    7.11725    -0.0749    13.8155 1.3247e+02  -60.80000  -54.81450 1153664027 204.592927    34.3317      70271         15  0.000e+00
     99.839    -0.9094   2.781376    -0.9097   2.781716    7.11738    -0.1072    13.8155 1.3247e+02  -60.80000  -54.81450 1153664027 204.592928    34.3323      70272         15  0.000e+00
     99.772    -0.9097   2.781370    -0.9094   2.781745    7.11736    -0.0534    13.8155 1.3247e+02  -60.80000  -54.81450 1153664027 204.592928    34.3326      70273         15  0.000e+00
     99.839    -0.9094   2.781393    -0.9089   2.781734    7.11737    -0.0534    13.8155 1.3247e+02  -60.80000  -54.81450 1153664027 204.592929    34.3325      70274         15  0.000e+00
     99.772    -0.9093   2.781403    -0.9090   2.781728    7.11728    -0.0642    13.8155 1.3247e+02  -60.80000  -54.81450 1153664027 204.592929    34.3325      70275         15  0.000e+00
     75.459    -0.9656   2.774302    -0.9655   2.774682    7.25724    -0.0857    13.8155 1.3637e+02  -60.80000  -54.81450 1153664094 204.593707    34.3152      71888         16  0.000e+00
     75.412    -0.9658   2.774299    -0.9656   2.774665    7.25722    -0.0534    13.8155 1.3637e+02  -60.80000  -54.81450 1153664094 204.593708    34.3154      71889         16  0.000e+00
     75.249    -0.9658   2.774299    -0.9653   2.774659    7.25706    -0.0534    13.8155 1.3637e+02  -60.80000  -54.81450 1153664094 204.593708    34.3155      71890         16  0.000e+00
     75.412    -0.9658   2.774299    -0.9652   2.774659    7.25722    -0.0426    13.8155 1.3637e+02  -60.80000  -54.81450 1153664094 204.593709    34.3154      71891         16  0.000e+00
     75.316    -0.9654   2.774279    -0.9659   2.774636    7.25709    -0.0104    13.8155 1.3637e+02  -60.80000  -54.81450 1153664094 204.593709    34.3148      71892         16  0.000e+00
     75.412    -0.9656   2.774276    -0.9653   2.774647    7.25721    -0.0319    13.8155 1.3637e+02  -60.80000  -54.81450 1153664094 204.593709    34.3149      71893         16  0.000e+00
     75.316    -0.9656   2.774306    -0.9655   2.774699    7.25709    -0.0642    13.8155 1.3637e+02  -60.80000  -54.81450 1153664094 204.593710    34.3154      71894         16  0.000e+00
     75.345    -0.9654   2.774302    -0.9655   2.774688    7.25710    -0.1072    13.8155 1.3832e+02  -60.80000  -54.81450 1153664095 204.593710    34.3152      71895         16  0.000e+00
     75.316    -0.9657   2.774299    -0.9655   2.774699    7.26184    -0.0857    13.8155 1.3832e+02  -60.80000  -54.81450 1153664095 204.593711    34.3154      71896         16  0.000e+00
     75.345    -0.9658   2.774312    -0.9647   2.774728    7.26187    -0.0534    13.8155 1.3832e+02  -60.80000  -54.81450 1153664095 204.593711    34.3157      71897         16  0.000e+00
     75.316    -0.9653   2.774302    -0.9649   2.774734    7.26178    -0.0642    13.8155 1.4027e+02  -60.80000  -54.81450 1153664095 204.593712    34.3150      71898         16  0.000e+00
     75.345    -0.9658   2.774299    -0.9645   2.774734    7.26188    -0.0319    13.8155 1.4027e+02  -60.80000  -54.81450 1153664095 204.593712    34.3155      71899         16  0.000e+00
     75.316    -0.9656   2.774329    -0.9649   2.774734    7.26180    -0.0642    13.8155 1.4027e+02  -60.80000  -54.81450 1153664095 204.593713    34.3157      71900         16  0.000e+00
     75.269    -0.9658   2.774322    -0.9647   2.774734    7.26178    -0.0642    13.8155 1.4027e+02  -60.80000  -54.81450 1153664095 204.593713    34.3158      71901         16  0.000e+00
     75.316    -0.9658   2.774319    -0.9652   2.774734    7.26184    -0.0211    13.8155 1.4027e+02  -60.80000  -54.81450 1153664095 204.593714    34.3158      71902         16  0.000e+00
     75.345    -0.9654   2.774319    -0.9645   2.774734    7.26182     0.0112    13.8155 1.3832e+02  -60.80000  -54.81450 1153664095 204.593714    34.3154      71903         16  0.000e+00
     75.250    -0.9654   2.774368    -0.9644   2.774717    7.26168    -0.0211    13.8155 1.4027e+02  -60.80000  -54.81450 1153664095 204.593715    34.3161      71904         16  0.000e+00
     75.345    -0.9656   2.774388    -0.9649   2.774711    7.26179    -0.0426    13.8155 1.4027e+02  -60.80000  -54.81450 1153664095 204.593715    34.3165      71905         16  0.000e+00
     75.316    -0.9658   2.774418    -0.9650   2.774728    7.26177    -0.0104    13.8155 1.4027e+02  -60.80000  -54.81450 1153664095 204.593716    34.3171      71906         16  0.000e+00
     75.345    -0.9647   2.774414    -0.9644   2.774757    7.26164    -0.0534    13.8155 1.4027e+02  -60.80000  -54.81450 1153664095 204.593716    34.3158      71907         16  0.000e+00
     75.317    -0.9652   2.774424    -0.9644   2.774763    7.26169    -0.0426    13.8155 1.4027e+02  -60.80000  -54.81450 1153664095 204.593717    34.3166      71908         16  0.000e+00
     75.412    -0.9645   2.774414    -0.9642   2.774798    7.26169    -0.0426    13.8155 1.4027e+02  -60.80000  -54.81450 1153664095 204.593717    34.3156      71909         16  0.000e+00
     75.317    -0.9648   2.774358    -0.9642   2.774798    7.26167    -0.0211    13.8155 1.4027e+02  -60.80000  -54.81450 1153664095 204.593718    34.3152      71910         16  0.000e+00
     75.412    -0.9651   2.774342    -0.9642   2.774769    7.26182    -0.0211    13.8155 1.3832e+02  -60.80000  -54.81450 1153664095 204.593718    34.3153      71911         16  0.000e+00
     75.393    -0.9646   2.774408    -0.9641   2.774781    7.26169    -0.0964    13.8155 1.3832e+02  -60.80000  -54.81450 1153664095 204.593719    34.3157      71912         16  0.000e+00
     75.412    -0.9647   2.774414    -0.9649   2.774769    7.26643    -0.0749    13.8155 1.4027e+02  -60.80000  -54.81450 1153664095 204.593719    34.3158      71913         16  0.000e+00
     75.460    -0.9647   2.774375    -0.9647   2.774781    7.26651    -0.0426    13.8155 1.4027e+02  -60.80000  -54.81450 1153664095 204.593720    34.3152      71914         16  0.000e+00
     75.412    -0.9648   2.774398    -0.9645   2.774769    7.26646    -0.0104    13.8155 1.4027e+02  -60.80000  -54.81450 1153664095 204.593720    34.3157      71915         16  0.000e+00
     75.460    -0.9645   2.774365    -0.9644   2.774763    7.26176    -0.0534    13.8155 1.4027e+02  -60.80000  -54.81450 1153664095 204.593721    34.3149      71916         16  0.000e+00
     75.412    -0.9651   2.774362    -0.9642   2.774781    7.26181    -0.0319    13.8155 1.4027e+02  -60.80000  -54.81450 1153664095 204.593721    34.3156      71917         16  0.000e+00
