product_data/regression_test/downloaded_data/MGDS/320620060703/ctd/p6619001.ros
* Sea-Bird SBE 9 Data File:
* FileName = D:\Data\Raw\p6619001.dat
* Software Version Seasave Win32 V 5.32
* Temperature SN = 1649
* Conductivity SN = 1431
* Number of Bytes Per Scan = 37
* Number of Voltage Words = 5
* Number of Scans Averaged by the Deck Unit = 1
* NMEA Latitude = 60 48.00 S
* NMEA Longitude = 054 48.87 W
* NMEA UTC (Time) = 13:24:52
** Ship:   Nathaniel B. Palmer 
** Cruise:    NBP0606 
# nquan = 17
# nvalues = 1176                    
# units = specified
# name 0 = prDM: Pressure, Digiquartz [db]
# name 1 = t090C: Temperature [ITS-90, deg C]
# name 2 = c0S/m: Conductivity [S/m]
# name 3 = t190C: Temperature, 2 [ITS-90, deg C]
# name 4 = c1S/m: Conductivity, 2 [S/m]
# name 5 = sbeox0ML/L: Oxygen, SBE 43 [ml/l]
# name 6 = flECO-AFL: Fluorescence, Wetlab ECO-AFL/FL [mg/m^3]
# name 7 = bat: Beam Attenuation, Chelsea/Seatech/Wetlab CStar [1/m]
# name 8 = spar: SPAR/Surface Irradiance
# name 9 = latitude: Latitude [deg]
# name 10 = longitude: Longitude [deg]
# name 11 = timeY: Time, System [seconds]
# name 12 = timeJ: Julian Days
# name 13 = sal00: Salinity [PSU]
# name 14 = scan: scan number
# name 15 = nbf: number of bottles fired
# name 16 = flag:  0.000e+00
# interval = seconds: 0.0416667                   
# start_time = Jul 23 2006 13:25:01
*END*
[from data line 766]
     75.412    -0.9649   2.774411    -0.9644   2.774775    7.26175    -0.0319    13.8155 1.4027e+02  -60.80000  -54.81450 1153664096 204.593722    34.3161      71919         16  0.000e+00
     75.460    -0.9648   2.774391    -0.9644   2.774792    7.26179    -0.0319    13.8155 1.4027e+02  -60.80000  -54.81450 1153664096 204.593723    34.3156      71920         16  0.000e+00
     75.412    -0.9647   2.774388    -0.9644   2.774769    7.26172    -0.0319    13.8155 1.4027e+02  -60.80000  -54.81450 1153664096 204.593723    34.3154      71921         16  0.000e+00
     75.393    -0.9645   2.774405    -0.9645   2.774781    7.26167    -0.0642    13.8155 1.4027e+02  -60.80000  -54.81450 1153664096 204.593723    34.3155      71922         16  0.000e+00
     75.412    -0.9646   2.774411    -0.9644   2.774810    7.26643    -0.0857    13.8155 1.4027e+02  -60.80000  -54.81450 1153664096 204.593724    34.3157      71923         16  0.000e+00
     75.393    -0.9645   2.774424    -0.9644   2.774781    7.26638    -0.0857    13.8155 1.4027e+02  -60.80000  -54.81450 1153664096 204.593724    34.3157      71924         16  0.000e+00
     75.412    -0.9647   2.774431    -0.9645   2.774804    7.26642    -0.0857    13.8155 1.4027e+02  -60.80000  -54.81450 1153664096 204.593725    34.3160      71925         16  0.000e+00
     75.393    -0.9648   2.774414    -0.9644   2.774798    7.26643    -0.0642    13.8155 1.4027e+02  -60.80000  -54.81450 1153664096 204.593725    34.3159      71926         16  0.000e+00
     75.345    -0.9646   2.774441    -0.9638   2.774810    7.26162    -0.0534    13.8155 1.4027e+02  -60.80000  -54.81450 1153664096 204.593726    34.3161      71927         16  0.000e+00
     75.460    -0.9643   2.774434    -0.9644   2.774798    7.26642    -0.0749    13.8155 1.4027e+02  -60.80000  -54.81450 1153664096 204.593726    34.3156      71928         16  0.000e+00
     75.345    -0.9639   2.774447    -0.9644   2.774792    7.26623    -0.0211    13.8155 1.4027e+02  -60.80000  -54.81450 1153664096 204.593727    34.3154      71929         16  0.000e+00
     75.393    -0.9642   2.774454    -0.9642   2.774792    7.26632     0.0112    13.8155 1.4027e+02  -60.80000  -54.81450 1153664096 204.593727    34.3158      71930         16  0.000e+00
     75.412    -0.9642   2.774421    -0.9641   2.774810    7.26636    -0.0319    13.8155 1.4027e+02  -60.80000  -54.81450 1153664096 204.593728    34.3153      71931         16  0.000e+00
     75.460    -0.9642   2.774461    -0.9642   2.774815    7.26638    -0.0534    13.8155 1.4027e+02  -60.80000  -54.81450 1153664096 204.593728    34.3158      71932         16  0.000e+00
     75.412    -0.9641   2.774493    -0.9639   2.774798    7.26629    -0.0964    13.8155 1.4027e+02  -60.80000  -54.81450 1153664096 204.593729    34.3162      71933         16  0.000e+00
     75.460    -0.9645   2.774447    -0.9638   2.774810    7.26644    -0.0749    13.8155 1.4027e+02  -60.80000  -54.81450 1153664096 204.593729    34.3160      71934         16  0.000e+00
     75.412    -0.9642   2.774447    -0.9642   2.774815    7.26634    -0.0319    13.8155 1.3832e+02  -60.80000  -54.81450 1153664096 204.593730    34.3157      71935         16  0.000e+00
     75.460    -0.9642   2.774454    -0.9638   2.774798    7.26639    -0.0211    13.8155 1.3832e+02  -60.80000  -54.81450 1153664096 204.593730    34.3157      71936         16  0.000e+00
     75.273    -0.9648   2.774375    -0.9649   2.774699    7.26161    -0.0642    13.8155 1.4221e+02  -60.80000  -54.81450 1153664106 204.593841    34.3154      72166         17  0.000e+00
     75.254    -0.9651   2.774388    -0.9645   2.774740    7.26163    -0.0749    13.8155 1.4221e+02  -60.80000  -54.81450 1153664106 204.593842    34.3160      72167         17  0.000e+00
     75.416    -0.9650   2.774368    -0.9650   2.774740    7.26651    -0.0749    13.8155 1.4221e+02  -60.80000  -54.81450 1153664106 204.593842    34.3155      72168         17  0.000e+00
     75.254    -0.9648   2.774365    -0.9650   2.774717    7.26633    -0.0534    13.8155 1.4221e+02  -60.80000  -54.81450 1153664106 204.593843    34.3154      72169         17  0.000e+00
     75.140    -0.9652   2.774365    -0.9653   2.774711    7.26155    -0.0534    13.8155 1.4221e+02  -60.80000  -54.81450 1153664106 204.593843    34.3159      72170         17  0.000e+00
     75.321    -0.9653   2.774365    -0.9647   2.774670    7.26647    -0.0534    13.8155 1.4221e+02  -60.80000  -54.81450 1153664106 204.593844    34.3159      72171         17  0.000e+00
     75.207    -0.9650   2.774381    -0.9652   2.774676    7.26157    -0.0211    13.8155 1.4221e+02  -60.80000  -54.81450 1153664106 204.593844    34.3158      72172         17  0.000e+00
     75.254    -0.9647   2.774368    -0.9652   2.774723    7.26630    -0.0534    13.8155 1.4221e+02  -60.80000  -54.81450 1153664106 204.593845    34.3152      72173         17  0.000e+00
     75.350    -0.9651   2.774365    -0.9649   2.774734    7.26647    -0.0749    13.8155 1.4221e+02  -60.80000  -54.81450 1153664106 204.593845    34.3156      72174         17  0.000e+00
     75.188    -0.9651   2.774365    -0.9645   2.774717    7.26158    -0.1180    13.8155 1.4221e+02  -60.80000  -54.81450 1153664106 204.593845    34.3158      72175         17  0.000e+00
     75.273    -0.9651   2.774365    -0.9653   2.774688    7.26167    -0.0857    13.8155 1.4221e+02  -60.80000  -54.81450 1153664106 204.593846    34.3157      72176         17  0.000e+00
     75.321    -0.9648   2.774398    -0.9649   2.774717    7.26165    -0.0426    13.8155 1.4221e+02  -60.80000  -54.81450 1153664106 204.593846    34.3158      72177         17  0.000e+00
     75.207    -0.9649   2.774375    -0.9653   2.774699    7.26157    -0.0319    13.8155 1.4221e+02  -60.80000  -54.81450 1153664106 204.593847    34.3157      72178         17  0.000e+00
     75.188    -0.9648   2.774414    -0.9650   2.774705    7.26150    -0.0534    13.8155 1.4027e+02  -60.80000  -54.81450 1153664106 204.593847    34.3161      72179         17  0.000e+00
     75.350    -0.9647   2.774431    -0.9652   2.774688    7.26163    -0.0534    13.8155 1.4027e+02  -60.80000  -54.81450 1153664106 204.593848    34.3160      72180         17  0.000e+00
     75.254    -0.9647   2.774414    -0.9647   2.774682    7.26155    -0.0319    13.8155 1.4221e+02  -60.80000  -54.81450 1153664106 204.593848    34.3159      72181         17  0.000e+00
     75.274    -0.9645   2.774391    -0.9653   2.774699    7.26156    -0.0104    13.8155 1.4221e+02  -60.80000  -54.81450 1153664107 204.593849    34.3153      72182         17  0.000e+00
     75.254    -0.9650   2.774368    -0.9653   2.774711    7.26162    -0.0749    13.8155 1.4221e+02  -60.80000  -54.81450 1153664107 204.593849    34.3156      72183         17  0.000e+00
     75.274    -0.9650   2.774381    -0.9649   2.774694    7.26164    -0.0642    13.8155 1.4221e+02  -60.80000  -54.81450 1153664107 204.593850    34.3158      72184         17  0.000e+00
     75.255    -0.9649   2.774352    -0.9650   2.774705    7.26163    -0.0857    13.8155 1.4221e+02  -60.80000  -54.81450 1153664107 204.593850    34.3153      72185         17  0.000e+00
     75.274    -0.9645   2.774358    -0.9653   2.774688    7.26158    -0.0642    13.8155 1.4221e+02  -60.80000  -54.81450 1153664107 204.593851    34.3149      72186         17  0.000e+00
     75.255    -0.9648   2.774345    -0.9650   2.774682    7.26162    -0.0319    13.8155 1.4221e+02  -60.80000  -54.81450 1153664107 204.593851    34.3151      72187         17  0.000e+00
     75.274    -0.9651   2.774375    -0.9655   2.774699    7.26166     0.0112    13.8155 1.4221e+02  -60.80000  -54.81450 1153664107 204.593852    34.3158      72188         17  0.000e+00
     75.255    -0.9651   2.774388    -0.9652   2.774711    7.26163     0.0004    13.8155 1.4221e+02  -60.80000  -54.81450 1153664107 204.593852    34.3160      72189         17  0.000e+00
     75.274    -0.9650   2.774388    -0.9650   2.774694    7.26163    -0.0426    13.8155 1.4221e+02  -60.80000  -54.81450 1153664107 204.593853    34.3159      72190         17  0.000e+00
     75.255    -0.9654   2.774368    -0.9652   2.774705    7.26169    -0.0211    13.8155 1.4221e+02  -60.80000  -54.81450 1153664107 204.593853    34.3161      72191         17  0.000e+00
     75.274    -0.9653   2.774381    -0.9650   2.774688    7.26168    -0.0104    13.8155 1.4221e+02  -60.80000  -54.81450 1153664107 204.593854    34.3161      72192         17  0.000e+00
     75.255    -0.9651   2.774378    -0.9655   2.774717    7.26164    -0.0211    13.8155 1.4221e+02  -60.80000  -54.81450 1153664107 204.593854    34.3159      72193         17  0.000e+00
     75.274    -0.9650   2.774365    -0.9652   2.774717    7.26165     0.0004    13.8155 1.4221e+02  -60.80000  -54.81450 1153664107 204.593855    34.3155      72194         17  0.000e+00
     75.274    -0.9650   2.774345    -0.9649   2.774728    7.26166     0.0219    13.8155 1.4221e+02  -60.80000  -54.81450 1153664107 204.593855    34.3153      72195         17  0.000e+00
     75.255    -0.9645   2.774358    -0.9653   2.774699    7.26156    -0.0104    13.8155 1.4221e+02  -60.80000  -54.81450 1153664107 204.593856    34.3149      72196         17  0.000e+00
     75.274    -0.9651   2.774365    -0.9652   2.774705    7.26166    -0.0642    13.8155 1.4221e+02  -60.80000  -54.81450 1153664107 204.593856    34.3157      72197         17  0.000e+00
     75.255    -0.9648   2.774345    -0.9650   2.774688    7.26162    -0.0534    13.8155 1.4221e+02  -60.80000  -54.81450 1153664107 204.593857    34.3151      72198         17  0.000e+00
     75.274    -0.9650   2.774358    -0.9652   2.774699    7.26165    -0.0211    13.8155 1.4221e+02  -60.80000  -54.81450 1153664107 204.593857    34.3155      72199         17  0.000e+00
     75.255    -0.9653   2.774398    -0.9650   2.774728    7.26165    -0.0211    13.8155 1.4221e+02  -60.80000  -54.81450 1153664107 204.593858    34.3164      72200         17  0.000e+00
     75.350    -0.9651   2.774375    -0.9652   2.774717    7.26173    -0.0426    13.8155 1.4221e+02  -60.80000  -54.81450 1153664107 204.593858    34.3158      72201         17  0.000e+00
     75.255    -0.9650   2.774365    -0.9650   2.774711    7.26163    -0.0749    13.8155 1.4221e+02  -60.80000  -54.81450 1153664107 204.593859    34.3156      72202         17  0.000e+00
     75.274    -0.9653   2.774365    -0.9650   2.774711    7.26169    -0.0964    13.8155 1.4027e+02  -60.80000  -54.81450 1153664107 204.593859    34.3159      72203         17  0.000e+00
     75.322    -0.9650   2.774329    -0.9649   2.774688    7.26172    -0.0319    13.8155 1.4027e+02  -60.80000  -54.81450 1153664107 204.593859    34.3150      72204         17  0.000e+00
     75.274    -0.9646   2.774368    -0.9647   2.774682    7.26159    -0.0534    13.8155 1.4027e+02  -60.80000  -54.81450 1153664107 204.593860    34.3152      72205         17  0.000e+00
     75.322    -0.9651   2.774352    -0.9647   2.774699    7.26173    -0.0319    13.8155 1.4221e+02  -60.80000  -54.81450 1153664107 204.593860    34.3155      72206         17  0.000e+00
     75.274    -0.9651   2.774375    -0.9649   2.774711    7.26166     0.0112    13.8155 1.4221e+02  -60.80000  -54.81450 1153664108 204.593861    34.3158      72207         17  0.000e+00
     75.322    -0.9651   2.774368    -0.9655   2.774711    7.26171    -0.0211    13.8155 1.4221e+02  -60.80000  -54.81450 1153664108 204.593861    34.3157      72208         17  0.000e+00
     75.274    -0.9651   2.774365    -0.9655   2.774711    7.26166    -0.0642    13.8155 1.4221e+02  -60.80000  -54.81450 1153664108 204.593862    34.3157      72209         17  0.000e+00
     75.322    -0.9647   2.774345    -0.9649   2.774688    7.26166    -0.0857    13.8155 1.4221e+02  -60.80000  -54.81450 1153664108 204.593862    34.3149      72210         17  0.000e+00
     75.350    -0.9650   2.774358    -0.9647   2.774682    7.26645    -0.0426    13.8155 1.4221e+02  -60.80000  -54.81450 1153664108 204.593863    34.3154      72211         17  0.000e+00
     75.322    -0.9650   2.774365    -0.9653   2.774682    7.26642     0.0004    13.8155 1.4221e+02  -60.80000  -54.81450 1153664108 204.593863    34.3155      72212         17  0.000e+00
     75.274    -0.9652   2.774345    -0.9650   2.774682    7.26642     0.0004    13.8155 1.4221e+02  -60.80000  -54.81450 1153664108 204.593864    34.3156      72213         17  0.000e+00
     75.322    -0.9651   2.774342    -0.9653   2.774665    7.26173    -0.0319    13.8155 1.4221e+02  -60.80000  -54.81450 1153664108 204.593864    34.3154      72214         17  0.000e+00
     50.127    -1.0623   2.763847    -1.0621   2.764256    7.42763     0.0542    13.8155 1.5001e+02  -60.80000  -54.81450 1153664165 204.594525    34.2989      73584         18  0.000e+00
     49.984    -1.0625   2.763828    -1.0622   2.764268    7.43224     0.0542    13.8155 1.5001e+02  -60.80000  -54.81450 1153664165 204.594525    34.2989      73585         18  0.000e+00
     50.060    -1.0626   2.763838    -1.0625   2.764221    7.43233     0.0542    13.8155 1.5001e+02  -60.80000  -54.81450 1153664165 204.594526    34.2991      73586         18  0.000e+00
     49.984    -1.0623   2.763811    -1.0624   2.764215    7.42751     0.0112    13.8155 1.5001e+02  -60.80000  -54.81450 1153664165 204.594526    34.2985      73587         18  0.000e+00
     49.984    -1.0628   2.763801    -1.0621   2.764233    7.42759     0.0112    13.8155 1.5001e+02  -60.80000  -54.81450 1153664165 204.594527    34.2989      73588         18  0.000e+00
     49.984    -1.0624   2.763801    -1.0623   2.764204    7.42753     0.0219    13.8155 1.5001e+02  -60.80000  -54.81450 1153664165 204.594527    34.2985      73589         18  0.000e+00
     49.984    -1.0629   2.763814    -1.0621   2.764227    7.42760    -0.0104    13.8155 1.4806e+02  -60.80000  -54.81450 1153664165 204.594528    34.2992      73590         18  0.000e+00
     49.984    -1.0625   2.763805    -1.0618   2.764239    7.42754     0.0004    13.8155 1.5001e+02  -60.80000  -54.81450 1153664165 204.594528    34.2986      73591         18  0.000e+00
     49.984    -1.0626   2.763831    -1.0619   2.764221    7.42754     0.0434    13.8155 1.5001e+02  -60.80000  -54.81450 1153664165 204.594529    34.2991      73592         18  0.000e+00
     49.917    -1.0626   2.763844    -1.0619   2.764210    7.43218    -0.0104    13.8155 1.5001e+02  -60.80000  -54.81450 1153664165 204.594529    34.2993      73593         18  0.000e+00
     49.984    -1.0626   2.763824    -1.0616   2.764215    7.43227    -0.0642    13.8155 1.5196e+02  -60.80000  -54.81450 1153664165 204.594530    34.2990      73594         18  0.000e+00
     49.984    -1.0625   2.763821    -1.0620   2.764233    7.43225    -0.0319    13.8155 1.5196e+02  -60.80000  -54.81450 1153664165 204.594530    34.2988      73595         18  0.000e+00
     49.917    -1.0626   2.763805    -1.0622   2.764221    7.43221     0.0327    13.8155 1.5196e+02  -60.80000  -54.81450 1153664165 204.594531    34.2987      73596         18  0.000e+00
     49.917    -1.0628   2.763782    -1.0625   2.764210    7.42753     0.0327    13.8155 1.5196e+02  -60.80000  -54.81450 1153664165 204.594531    34.2987      73597         18  0.000e+00
     49.917    -1.0625   2.763808    -1.0627   2.764192    7.43219     0.0219    13.8155 1.5196e+02  -60.80000  -54.81450 1153664165 204.594532    34.2987      73598         18  0.000e+00
     49.917    -1.0626   2.763805    -1.0628   2.764187    7.42748     0.0112    13.8155 1.5196e+02  -60.80000  -54.81450 1153664166 204.594532    34.2987      73599         18  0.000e+00
     49.984    -1.0626   2.763814    -1.0631   2.764169    7.43228    -0.0426    13.8155 1.5196e+02  -60.80000  -54.81450 1153664166 204.594533    34.2989      73600         18  0.000e+00
     49.917    -1.0629   2.763821    -1.0631   2.764158    7.43225    -0.0104    13.8155 1.5196e+02  -60.80000  -54.81450 1153664166 204.594533    34.2994      73601         18  0.000e+00
