product_data/regression_test/downloaded_data/MGDS/320620060703/ctd/p6614701.ros
* Sea-Bird SBE 9 Data File:
* FileName = D:\Data\Raw\p6614701.dat
* Software Version Seasave Win32 V 5.32
* Temperature SN = 1649
* Conductivity SN = 1431
* Number of Bytes Per Scan = 37
* Number of Voltage Words = 5
* Number of Scans Averaged by the Deck Unit = 1
* NMEA Latitude = 60 22.22 S
* NMEA Longitude = 057 14.26 W
* NMEA UTC (Time) = 00:31:15
** Ship:   Nathaniel B. Palmer 
** Cruise:    NBP0606 
# nquan = 17
# nvalues = 1157                    
# units = specified
# name 0 = prDM: Pressure, Digiquartz [db]
# name 1 = t090C: Temperature [ITS-90, deg C]
# name 2 = c0S/m: Conductivity [S/m]
# name 3 = t190C: Temperature, 2 [ITS-90, deg C]
# name 4 = c1S/m: Conductivity, 2 [S/m]
# name 5 = sbeox0ML/L: Oxygen, SBE 43 [ml/l]
# name 6 = flECO-AFL: Fluorescence, Wetlab ECO-AFL/FL [mg/m^3]
# name 7 = bat: Beam Attenuation, Chelsea/Seatech/Wetlab CStar [1/m]
# name 8 = spar: SPAR/Surface Irradiance
# name 9 = latitude: Latitude [deg]
# name 10 = longitude: Longitude [deg]
# name 11 = timeY: Time, System [seconds]
# name 12 = timeJ: Julian Days
# name 13 = sal00: Salinity [PSU]
# name 14 = scan: scan number
# name 15 = nbf: number of bottles fired
# name 16 = flag:  0.000e+00
# interval = seconds: 0.0416667                   
# start_time = Jul 18 2006 00:31:23
*END*
[from data line 341]
    449.429     2.1230   3.075211     2.1233   3.075627    4.33854    -0.0749    13.8155 0.0000e+00  -60.37033  -57.23767 1153184921 199.047720    34.5776      53761          7  0.000e+00
    449.429     2.1235   3.075197     2.1234   3.075597    4.33850    -0.0749    13.8155 0.0000e+00  -60.37033  -57.23767 1153184921 199.047720    34.5770      53762          7  0.000e+00
    398.839     2.1075   3.069254     2.1075   3.069640    4.36201    -0.0642    13.8155 0.0000e+00  -60.37033  -57.23767 1153185018 199.048849    34.5484      56102          8  0.000e+00
    398.762     2.1069   3.069254     2.1070   3.069634    4.36202    -0.0749    13.8155 0.0000e+00  -60.37033  -57.23767 1153185018 199.048849    34.5492      56103          8  0.000e+00
    398.695     2.1069   3.069258     2.1071   3.069610    4.36198    -0.1502    13.8155 0.0000e+00  -60.37033  -57.23767 1153185018 199.048850    34.5492      56104          8  0.000e+00
    398.628     2.1067   3.069258     2.1070   3.069604    4.36196    -0.1072    13.8155 0.0000e+00  -60.37033  -57.23767 1153185018 199.048850    34.5494      56105          8  0.000e+00
    398.628     2.1066   3.069227     2.1067   3.069604    4.36198    -0.0642    13.8155 0.0000e+00  -60.37033  -57.23767 1153185018 199.048851    34.5492      56106          8  0.000e+00
    398.695     2.1067   3.069209     2.1069   3.069562    4.36201    -0.0642    13.8155 0.0000e+00  -60.37033  -57.23767 1153185018 199.048851    34.5488      56107          8  0.000e+00
    398.551     2.1067   3.069227     2.1067   3.069550    4.36192    -0.0857    13.8155 0.0000e+00  -60.37033  -57.23767 1153185018 199.048852    34.5491      56108          8  0.000e+00
    398.551     2.1063   3.069251     2.1064   3.069526    4.36195    -0.0964    13.8155 0.0000e+00  -60.37033  -57.23767 1153185018 199.048852    34.5499      56109          8  0.000e+00
    398.484     2.1063   3.069247     2.1064   3.069520    4.36191    -0.0642    13.8155 0.0000e+00  -60.37033  -57.23767 1153185019 199.048853    34.5499      56110          8  0.000e+00
    398.407     2.1069   3.069254     2.1067   3.069538    4.36638    -0.0749    13.8155 0.0000e+00  -60.37033  -57.23767 1153185019 199.048853    34.5493      56111          8  0.000e+00
    398.484     2.1067   3.069237     2.1067   3.069568    4.36188    -0.0749    13.8155 0.0000e+00  -60.37033  -57.23767 1153185019 199.048854    34.5493      56112          8  0.000e+00
    398.340     2.1067   3.069213     2.1066   3.069532    4.36180    -0.0534    13.8155 0.0000e+00  -60.37033  -57.23767 1153185019 199.048854    34.5491      56113          8  0.000e+00
    398.407     2.1066   3.069251     2.1070   3.069538    4.36184    -0.0642    13.8155 0.0000e+00  -60.37033  -57.23767 1153185019 199.048855    34.5496      56114          8  0.000e+00
    398.340     2.1072   3.069240     2.1064   3.069532    4.36632    -0.0426    13.8155 0.0000e+00  -60.37033  -57.23767 1153185019 199.048855    34.5489      56115          8  0.000e+00
    398.273     2.1069   3.069271     2.1062   3.069502    4.36172    -0.0534    13.8155 0.0000e+00  -60.37033  -57.23767 1153185019 199.048856    34.5496      56116          8  0.000e+00
    398.273     2.1072   3.069244     2.1061   3.069496    4.36170    -0.0964    13.8155 0.0000e+00  -60.37033  -57.23767 1153185019 199.048856    34.5489      56117          8  0.000e+00
    398.273     2.1069   3.069223     2.1059   3.069423    4.36174    -0.0964    13.8155 0.0000e+00  -60.37033  -57.23767 1153185019 199.048857    34.5490      56118          8  0.000e+00
    398.196     2.1071   3.069209     2.1064   3.069423    4.36168    -0.0642    13.8155 0.0000e+00  -60.37033  -57.23767 1153185019 199.048857    34.5487      56119          8  0.000e+00
    398.196     2.1064   3.069227     2.1062   3.069453    4.36173    -0.0534    13.8155 0.0000e+00  -60.37033  -57.23767 1153185019 199.048858    34.5496      56120          8  0.000e+00
    398.129     2.1064   3.069178     2.1064   3.069484    4.36171    -0.0749    13.8155 0.0000e+00  -60.37033  -57.23767 1153185019 199.048858    34.5491      56121          8  0.000e+00
    398.129     2.1063   3.069168     2.1066   3.069514    4.36173    -0.1180    13.8155 0.0000e+00  -60.37033  -57.23767 1153185019 199.048859    34.5491      56122          8  0.000e+00
    398.129     2.1068   3.069161     2.1064   3.069538    4.36168    -0.0964    13.8155 0.0000e+00  -60.37033  -57.23767 1153185019 199.048859    34.5484      56123          8  0.000e+00
    398.052     2.1064   3.069140     2.1070   3.069586    4.36168    -0.0642    13.8155 0.0000e+00  -60.37033  -57.23767 1153185019 199.048859    34.5486      56124          8  0.000e+00
    398.052     2.1063   3.069154     2.1068   3.069562    4.36169    -0.0426    13.8155 0.0000e+00  -60.37033  -57.23767 1153185019 199.048860    34.5490      56125          8  0.000e+00
    398.052     2.1063   3.069130     2.1070   3.069550    4.36170    -0.0319    13.8155 0.0000e+00  -60.37033  -57.23767 1153185019 199.048860    34.5487      56126          8  0.000e+00
    397.985     2.1058   3.069133     2.1068   3.069508    4.36170    -0.0426    13.8155 0.0000e+00  -60.37033  -57.23767 1153185019 199.048861    34.5493      56127          8  0.000e+00
    397.985     2.1061   3.069137     2.1063   3.069495    4.36166    -0.0749    13.8155 0.0000e+00  -60.37033  -57.23767 1153185019 199.048861    34.5490      56128          8  0.000e+00
    397.985     2.1064   3.069154     2.1064   3.069495    4.36620    -0.1072    13.8155 0.0000e+00  -60.37033  -57.23767 1153185019 199.048862    34.5488      56129          8  0.000e+00
    397.985     2.1067   3.069168     2.1063   3.069447    4.36160    -0.0534    13.8155 0.0000e+00  -60.37033  -57.23767 1153185019 199.048862    34.5487      56130          8  0.000e+00
    397.918     2.1067   3.069182     2.1064   3.069453    4.36155    -0.0749    13.8155 0.0000e+00  -60.37033  -57.23767 1153185019 199.048863    34.5489      56131          8  0.000e+00
    397.918     2.1067   3.069147     2.1066   3.069465    4.36157    -0.0749    13.8155 0.0000e+00  -60.37033  -57.23767 1153185019 199.048863    34.5485      56132          8  0.000e+00
    397.841     2.1066   3.069154     2.1057   3.069441    4.36153    -0.0749    13.8155 0.0000e+00  -60.37033  -57.23767 1153185020 199.048864    34.5487      56133          8  0.000e+00
    397.841     2.1064   3.069151     2.1061   3.069435    4.36155    -0.0534    13.8155 0.0000e+00  -60.37033  -57.23767 1153185020 199.048864    34.5489      56134          8  0.000e+00
    397.918     2.1064   3.069102     2.1060   3.069417    4.36161    -0.0534    13.8155 0.0000e+00  -60.37033  -57.23767 1153185020 199.048865    34.5482      56135          8  0.000e+00
    397.774     2.1061   3.069123     2.1064   3.069405    4.36154    -0.0642    13.8155 0.0000e+00  -60.37033  -57.23767 1153185020 199.048865    34.5489      56136          8  0.000e+00
    397.841     2.1061   3.069116     2.1057   3.069423    4.36159    -0.0534    13.8155 0.0000e+00  -60.37033  -57.23767 1153185020 199.048866    34.5488      56137          8  0.000e+00
    397.774     2.1060   3.069120     2.1055   3.069411    4.36156    -0.0749    13.8155 0.0000e+00  -60.37033  -57.23767 1153185020 199.048866    34.5490      56138          8  0.000e+00
    397.841     2.1063   3.069113     2.1060   3.069423    4.36157    -0.1287    13.8155 0.0000e+00  -60.37033  -57.23767 1153185020 199.048867    34.5486      56139          8  0.000e+00
    397.774     2.1060   3.069092     2.1064   3.069435    4.36157    -0.1395    13.8155 0.0000e+00  -60.37033  -57.23767 1153185020 199.048867    34.5487      56140          8  0.000e+00
    397.707     2.1066   3.069106     2.1062   3.069411    4.36147    -0.1180    13.8155 0.0000e+00  -60.37033  -57.23767 1153185020 199.048868    34.5482      56141          8  0.000e+00
    397.774     2.1064   3.069102     2.1059   3.069423    4.36152    -0.0749    13.8155 0.0000e+00  -60.37033  -57.23767 1153185020 199.048868    34.5483      56142          8  0.000e+00
    397.707     2.1060   3.069089     2.1060   3.069435    4.36610    -0.0857    13.8155 0.0000e+00  -60.37033  -57.23767 1153185020 199.048869    34.5487      56143          8  0.000e+00
    397.774     2.1060   3.069089     2.1055   3.069411    4.36157    -0.0964    13.8155 0.0000e+00  -60.37033  -57.23767 1153185020 199.048869    34.5487      56144          8  0.000e+00
    397.707     2.1056   3.069051     2.1059   3.069405    4.36157    -0.0964    13.8155 0.0000e+00  -60.37033  -57.23767 1153185020 199.048870    34.5486      56145          8  0.000e+00
    397.707     2.1056   3.069064     2.1061   3.069405    4.36157    -0.0426    13.8155 0.0000e+00  -60.37033  -57.23767 1153185020 199.048870    34.5487      56146          8  0.000e+00
    397.707     2.1058   3.069064     2.1056   3.069423    4.36155    -0.0211    13.8155 0.0000e+00  -60.37033  -57.23767 1153185020 199.048871    34.5486      56147          8  0.000e+00
    397.707     2.1058   3.069082     2.1061   3.069453    4.36155    -0.0426    13.8155 0.0000e+00  -60.37033  -57.23767 1153185020 199.048871    34.5488      56148          8  0.000e+00
    397.630     2.1060   3.069051     2.1062   3.069417    4.36150    -0.0426    13.8155 0.0000e+00  -60.37033  -57.23767 1153185020 199.048872    34.5483      56149          8  0.000e+00
    397.707     2.1056   3.069047     2.1067   3.069471    4.36157    -0.0534    13.8155 0.0000e+00  -60.37033  -57.23767 1153185020 199.048872    34.5485      56150          8  0.000e+00
    349.687     2.0625   3.060351     2.0627   3.060749    4.43512    -0.0964    13.8155 0.0000e+00  -60.37033  -57.23767 1153185116 199.049978    34.5138      58443          9  0.000e+00
    349.677     2.0622   3.060379     2.0626   3.060725    4.43513    -0.0426    13.8155 0.0000e+00  -60.37033  -57.23767 1153185116 199.049978    34.5144      58444          9  0.000e+00
    349.610     2.0623   3.060372     2.0631   3.060761    4.43508    -0.0534    13.8155 0.0000e+00  -60.37033  -57.23767 1153185116 199.049979    34.5143      58445          9  0.000e+00
    349.687     2.0627   3.060386     2.0627   3.060731    4.43055    -0.0534    13.8155 0.0000e+00  -60.37033  -57.23767 1153185116 199.049979    34.5140      58446          9  0.000e+00
    349.543     2.0623   3.060355     2.0629   3.060755    4.43505    -0.0319    13.8155 0.0000e+00  -60.37033  -57.23767 1153185116 199.049980    34.5141      58447          9  0.000e+00
    349.610     2.0622   3.060317     2.0629   3.060731    4.43512    -0.0964    13.8155 0.0000e+00  -60.37033  -57.23767 1153185116 199.049980    34.5137      58448          9  0.000e+00
    349.610     2.0619   3.060372     2.0626   3.060737    4.43057    -0.0964    13.8155 0.0000e+00  -60.37033  -57.23767 1153185116 199.049981    34.5147      58449          9  0.000e+00
    349.534     2.0622   3.060337     2.0626   3.060724    4.43506    -0.0964    13.8155 0.0000e+00  -60.37033  -57.23767 1153185116 199.049981    34.5140      58450          9  0.000e+00
    349.610     2.0620   3.060320     2.0626   3.060737    4.43513    -0.0857    13.8155 0.0000e+00  -60.37033  -57.23767 1153185116 199.049982    34.5139      58451          9  0.000e+00
    349.543     2.0623   3.060320     2.0624   3.060724    4.43506    -0.0749    13.8155 0.0000e+00  -60.37033  -57.23767 1153185116 199.049982    34.5136      58452          9  0.000e+00
    349.543     2.0622   3.060337     2.0624   3.060718    4.43506    -0.0857    13.8155 0.0000e+00  -60.37033  -57.23767 1153185116 199.049983    34.5140      58453          9  0.000e+00
    349.543     2.0620   3.060317     2.0622   3.060718    4.43509    -0.0964    13.8155 0.0000e+00  -60.37033  -57.23767 1153185116 199.049983    34.5139      58454          9  0.000e+00
    349.476     2.0622   3.060299     2.0622   3.060694    4.43504    -0.0749    13.8155 0.0000e+00  -60.37033  -57.23767 1153185116 199.049984    34.5136      58455          9  0.000e+00
    349.533     2.0620   3.060275     2.0621   3.060670    4.43510    -0.0534    13.8155 0.0000e+00  -60.37033  -57.23767 1153185116 199.049984    34.5134      58456          9  0.000e+00
    349.543     2.0622   3.060306     2.0617   3.060640    4.43053    -0.0319    13.8155 0.0000e+00  -60.37033  -57.23767 1153185116 199.049985    34.5136      58457          9  0.000e+00
    349.476     2.0617   3.060299     2.0622   3.060634    4.43054    -0.0534    13.8155 0.0000e+00  -60.37033  -57.23767 1153185116 199.049985    34.5141      58458          9  0.000e+00
    349.476     2.0616   3.060258     2.0621   3.060634    4.43511    -0.0964    13.8155 0.0000e+00  -60.37033  -57.23767 1153185116 199.049986    34.5137      58459          9  0.000e+00
    349.476     2.0620   3.060255     2.0619   3.060652    4.43507    -0.0857    13.8155 0.0000e+00  -60.37033  -57.23767 1153185116 199.049986    34.5132      58460          9  0.000e+00
    349.476     2.0619   3.060303     2.0619   3.060640    4.43506    -0.0964    13.8155 0.0000e+00  -60.37033  -57.23767 1153185117 199.049986    34.5139      58461          9  0.000e+00
    349.466     2.0617   3.060265     2.0618   3.060652    4.43509    -0.0749    13.8155 0.0000e+00  -60.37033  -57.23767 1153185117 199.049987    34.5137      58462          9  0.000e+00
    349.476     2.0616   3.060248     2.0619   3.060640    4.43512    -0.0426    13.8155 0.0000e+00  -60.37033  -57.23767 1153185117 199.049987    34.5136      58463          9  0.000e+00
    349.476     2.0614   3.060265     2.0619   3.060652    4.43513    -0.0534    13.8155 0.0000e+00  -60.37033  -57.23767 1153185117 199.049988    34.5140      58464          9  0.000e+00
    349.399     2.0614   3.060234     2.0621   3.060640    4.43509    -0.0319    13.8155 0.0000e+00  -60.37033  -57.23767 1153185117 199.049988    34.5137      58465          9  0.000e+00
    349.476     2.0613   3.060231     2.0621   3.060610    4.43515    -0.0964    13.8155 0.0000e+00  -60.37033  -57.23767 1153185117 199.049989    34.5137      58466          9  0.000e+00
    349.399     2.0617   3.060244     2.0619   3.060646    4.43506    -0.1287    13.8155 0.0000e+00  -60.37033  -57.23767 1153185117 199.049989    34.5135      58467          9  0.000e+00
    349.390     2.0614   3.060248     2.0621   3.060640    4.43508    -0.0749    13.8155 0.0000e+00  -60.37033  -57.23767 1153185117 199.049990    34.5138      58468          9  0.000e+00
    349.476     2.0611   3.060227     2.0618   3.060652    4.43517    -0.0749    13.8155 0.0000e+00  -60.37033  -57.23767 1153185117 199.049990    34.5139      58469          9  0.000e+00
    349.399     2.0618   3.060241     2.0618   3.060616    4.43505    -0.0964    13.8155 0.0000e+00  -60.37033  -57.23767 1153185117 199.049991    34.5133      58470          9  0.000e+00
    349.399     2.0616   3.060227     2.0616   3.060622    4.43508    -0.0642    13.8155 0.0000e+00  -60.37033  -57.23767 1153185117 199.049991    34.5134      58471          9  0.000e+00
    349.332     2.0614   3.060231     2.0615   3.060634    4.43505    -0.0857    13.8155 0.0000e+00  -60.37033  -57.23767 1153185117 199.049992    34.5137      58472          9  0.000e+00
    349.399     2.0614   3.060224     2.0618   3.060634    4.43509    -0.0857    13.8155 0.0000e+00  -60.37033  -57.23767 1153185117 199.049992    34.5135      58473          9  0.000e+00
    349.389     2.0614   3.060241     2.0618   3.060586    4.43508    -0.0749    13.8155 0.0000e+00  -60.37033  -57.23767 1153185117 199.049993    34.5137      58474          9  0.000e+00
    349.332     2.0619   3.060227     2.0615   3.060574    4.43501    -0.0534    13.8155 0.0000e+00  -60.37033  -57.23767 1153185117 199.049993    34.5131      58475          9  0.000e+00
