product_data/regression_test/downloaded_data/MGDS/320620060703/ctd/p6618001.cnv
* Sea-Bird SBE 9 Data File:
* FileName = D:\Data\Raw\p6618001.dat
* Software Version Seasave Win32 V 5.32
* Temperature SN = 1649
* Conductivity SN = 1431
* Number of Bytes Per Scan = 37
* Number of Voltage Words = 5
* Number of Scans Averaged by the Deck Unit = 1
* NMEA Latitude = 60 36.98 S
* NMEA Longitude = 054 20.46 W
* NMEA UTC (Time) = 04:50:41
** Ship:   Nathaniel B. Palmer 
** Cruise:    NBP0606 
# nquan = 15
# nvalues = 1002                        
# units = specified
# name 0 = prDM: Pressure, Digiquartz [db]
# name 1 = t090C: Temperature [ITS-90, deg C]
# name 2 = c0S/m: Conductivity [S/m]
# name 3 = t190C: Temperature, 2 [ITS-90, deg C]
# name 4 = c1S/m: Conductivity, 2 [S/m]
# name 5 = sbeox0ML/L: Oxygen, SBE 43 [ml/l]
# name 6 = flECO-AFL: Fluorescence, Wetlab ECO-AFL/FL [mg/m^3]
# name 7 = bat: Beam Attenuation, Chelsea/Seatech/Wetlab CStar [1/m]
# name 8 = spar: SPAR/Surface Irradiance
# name 9 = latitude: Latitude [deg]
# name 10 = longitude: Longitude [deg]
# name 11 = timeY: Time, System [seconds]
# name 12 = timeJ: Julian Days
# name 13 = sal00: Salinity [PSU]
# name 14 = flag: flag
# span 0 =      1.000,   1002.000       
# span 1 =    -0.8529,     1.7349       
# span 2 =   2.766985,   3.047664       
# span 3 =    -0.8533,     1.7458       
# span 4 =   2.767695,   3.048743       
# span 5 =    4.67234,    7.77513       
# span 6 =    -0.1062,     0.3969       
# span 7 =    13.8155,    13.8155       
# span 8 = 0.0000e+00, 0.0000e+00       
# span 9 =  -60.61633,  -60.61633       
# span 10 =  -54.34100,  -54.34100      
# span 11 = 1153543850, 1153545235      
# span 12 = 203.201986, 203.218028      
# span 13 =    34.1321,    34.7172      
# span 14 = 0.0000e+00, 0.0000e+00      
# interval = decibars: 1                
# start_time = Jul 22 2006 04:50:49
# bad_flag = -9.990e-29
*END*
      1.000    -0.8480   2.767855    -0.8494   2.768554    7.69582     0.2071    13.8155 0.0000e+00  -60.61633  -54.34100 1153543850 203.201986    34.1403 0.0000e+00
      2.000    -0.8501   2.767719    -0.8505   2.768451    7.72256     0.2287    13.8155 0.0000e+00  -60.61633  -54.34100 1153543872 203.202251    34.1401 0.0000e+00
      3.000    -0.8529   2.766985    -0.8533   2.767695    7.73331     0.1962    13.8155 0.0000e+00  -60.61633  -54.34100 1153543877 203.202305    34.1329 0.0000e+00
      4.000    -0.8510   2.767276    -0.8511   2.767959    7.73639     0.2041    13.8155 0.0000e+00  -60.61633  -54.34100 1153543878 203.202316    34.1339 0.0000e+00
      5.000    -0.8504   2.767269    -0.8508   2.767931    7.74167     0.2099    13.8155 0.0000e+00  -60.61633  -54.34100 1153543879 203.202327    34.1326 0.0000e+00
      6.000    -0.8502   2.767320    -0.8509   2.767963    7.74753     0.2180    13.8155 0.0000e+00  -60.61633  -54.34100 1153543881 203.202347    34.1324 0.0000e+00
      7.000    -0.8501   2.767444    -0.8502   2.768099    7.74962     0.2065    13.8155 0.0000e+00  -60.61633  -54.34100 1153543884 203.202385    34.1333 0.0000e+00
      8.000    -0.8461   2.767739    -0.8468   2.768364    7.74484     0.2043    13.8155 0.0000e+00  -60.61633  -54.34100 1153543886 203.202410    34.1321 0.0000e+00
      9.000    -0.8461   2.767802    -0.8462   2.768439    7.74699     0.2043    13.8155 0.0000e+00  -60.61633  -54.34100 1153543889 203.202440    34.1323 0.0000e+00
     10.000    -0.8455   2.767911    -0.8462   2.768519    7.75046     0.1887    13.8155 0.0000e+00  -60.61633  -54.34100 1153543890 203.202460    34.1325 0.0000e+00
     11.000    -0.8484   2.767716    -0.8488   2.768332    7.75398     0.2059    13.8155 0.0000e+00  -60.61633  -54.34100 1153543892 203.202475    34.1326 0.0000e+00
     12.000    -0.8494   2.767716    -0.8496   2.768350    7.75778     0.2063    13.8155 0.0000e+00  -60.61633  -54.34100 1153543893 203.202493    34.1332 0.0000e+00
     13.000    -0.8510   2.767970    -0.8512   2.768529    7.76434     0.2178    13.8155 0.0000e+00  -60.61633  -54.34100 1153543896 203.202524    34.1376 0.0000e+00
     14.000    -0.8522   2.768778    -0.8524   2.769093    7.76714     0.2179    13.8155 0.0000e+00  -60.61633  -54.34100 1153543898 203.202550    34.1496 0.0000e+00
     15.000    -0.8527   2.769062    -0.8529   2.769572    7.76523     0.2116    13.8155 0.0000e+00  -60.61633  -54.34100 1153543901 203.202577    34.1534 0.0000e+00
     16.000    -0.8528   2.769204    -0.8528   2.769793    7.76864     0.2154    13.8155 0.0000e+00  -60.61633  -54.34100 1153543903 203.202605    34.1548 0.0000e+00
     17.000    -0.8496   2.769777    -0.8491   2.770544    7.76745     0.2166    13.8155 0.0000e+00  -60.61633  -54.34100 1153543905 203.202626    34.1591 0.0000e+00
     18.000    -0.8480   2.770909    -0.8480   2.771388    7.76773     0.1968    13.8155 0.0000e+00  -60.61633  -54.34100 1153543906 203.202642    34.1712 0.0000e+00
     19.000    -0.8362   2.772451    -0.8364   2.772992    7.77068     0.2131    13.8155 0.0000e+00  -60.61633  -54.34100 1153543908 203.202659    34.1777 0.0000e+00
     20.000    -0.8263   2.773513    -0.8263   2.774054    7.77513     0.2185    13.8155 0.0000e+00  -60.61633  -54.34100 1153543910 203.202682    34.1800 0.0000e+00
     21.000    -0.8225   2.773945    -0.8224   2.774516    7.77261     0.2107    13.8155 0.0000e+00  -60.61633  -54.34100 1153543913 203.202722    34.1811 0.0000e+00
     22.000    -0.8228   2.773999    -0.8227   2.774563    7.77157     0.2120    13.8155 0.0000e+00  -60.61633  -54.34100 1153543915 203.202748    34.1817 0.0000e+00
     23.000    -0.8208   2.774252    -0.8208   2.774797    7.76788     0.2177    13.8155 0.0000e+00  -60.61633  -54.34100 1153543917 203.202763    34.1822 0.0000e+00
     24.000    -0.8180   2.774551    -0.8179   2.775121    7.76557     0.2181    13.8155 0.0000e+00  -60.61633  -54.34100 1153543918 203.202780    34.1825 0.0000e+00
     25.000    -0.8150   2.774887    -0.8150   2.775430    7.76878     0.2185    13.8155 0.0000e+00  -60.61633  -54.34100 1153543920 203.202805    34.1831 0.0000e+00
     26.000    -0.8106   2.775360    -0.8102   2.775930    7.77146     0.2158    13.8155 0.0000e+00  -60.61633  -54.34100 1153543923 203.202840    34.1838 0.0000e+00
     27.000    -0.8063   2.775814    -0.8061   2.776367    7.76732     0.2199    13.8155 0.0000e+00  -60.61633  -54.34100 1153543925 203.202864    34.1845 0.0000e+00
     28.000    -0.8051   2.775976    -0.8049   2.776520    7.76672     0.2065    13.8155 0.0000e+00  -60.61633  -54.34100 1153543927 203.202882    34.1847 0.0000e+00
     29.000    -0.8028   2.776214    -0.8026   2.776785    7.76717     0.2083    13.8155 0.0000e+00  -60.61633  -54.34100 1153543928 203.202899    34.1847 0.0000e+00
     30.000    -0.7997   2.776560    -0.7995   2.777098    7.76584     0.2278    13.8155 0.0000e+00  -60.61633  -54.34100 1153543930 203.202917    34.1853 0.0000e+00
     31.000    -0.7985   2.776716    -0.7985   2.777241    7.76213     0.2249    13.8155 0.0000e+00  -60.61633  -54.34100 1153543933 203.202954    34.1854 0.0000e+00
     32.000    -0.8002   2.776626    -0.8002   2.777138    7.75903     0.2106    13.8155 0.0000e+00  -60.61633  -54.34100 1153543936 203.202986    34.1857 0.0000e+00
     33.000    -0.8000   2.776683    -0.8000   2.777220    7.75887     0.2234    13.8155 0.0000e+00  -60.61633  -54.34100 1153543938 203.203008    34.1857 0.0000e+00
     34.000    -0.7998   2.776755    -0.7995   2.777301    7.75590     0.2129    13.8155 0.0000e+00  -60.61633  -54.34100 1153543939 203.203025    34.1859 0.0000e+00
     35.000    -0.7986   2.776904    -0.7979   2.777500    7.75158     0.2064    13.8155 0.0000e+00  -60.61633  -54.34100 1153543941 203.203039    34.1858 0.0000e+00
     36.000    -0.7990   2.776926    -0.7986   2.777475    7.74984     0.2307    13.8155 0.0000e+00  -60.61633  -54.34100 1153543942 203.203055    34.1860 0.0000e+00
     37.000    -0.7996   2.776913    -0.7991   2.777470    7.75135     0.2486    13.8155 0.0000e+00  -60.61633  -54.34100 1153543945 203.203087    34.1859 0.0000e+00
     38.000    -0.7997   2.776961    -0.7993   2.777505    7.75851     0.2280    13.8155 0.0000e+00  -60.61633  -54.34100 1153543948 203.203125    34.1860 0.0000e+00
     39.000    -0.7986   2.777109    -0.7974   2.777704    7.75637     0.2246    13.8155 0.0000e+00  -60.61633  -54.34100 1153543950 203.203155    34.1862 0.0000e+00
     40.000    -0.7942   2.777559    -0.7934   2.778129    7.75494     0.2254    13.8155 0.0000e+00  -60.61633  -54.34100 1153543952 203.203175    34.1866 0.0000e+00
     41.000    -0.7943   2.777591    -0.7938   2.778141    7.75490     0.2110    13.8155 0.0000e+00  -60.61633  -54.34100 1153543953 203.203189    34.1865 0.0000e+00
     42.000    -0.7914   2.777904    -0.7913   2.778405    7.75392     0.2064    13.8155 0.0000e+00  -60.61633  -54.34100 1153543954 203.203200    34.1868 0.0000e+00
     43.000    -0.7911   2.777968    -0.7917   2.778411    7.75141     0.2281    13.8155 0.0000e+00  -60.61633  -54.34100 1153543956 203.203214    34.1867 0.0000e+00
     44.000    -0.7910   2.778029    -0.7906   2.778548    7.74914     0.2613    13.8155 0.0000e+00  -60.61633  -54.34100 1153543960 203.203267    34.1869 0.0000e+00
     45.000    -0.7898   2.778175    -0.7894   2.778690    7.74469     0.2253    13.8155 0.0000e+00  -60.61633  -54.34100 1153543963 203.203301    34.1872 0.0000e+00
     46.000    -0.7895   2.778253    -0.7894   2.778755    7.74654     0.2271    13.8155 0.0000e+00  -60.61633  -54.34100 1153543965 203.203318    34.1869 0.0000e+00
     47.000    -0.7905   2.778232    -0.7896   2.778785    7.74837     0.2087    13.8155 0.0000e+00  -60.61633  -54.34100 1153543966 203.203332    34.1872 0.0000e+00
     48.000    -0.7893   2.778374    -0.7889   2.778899    7.74569     0.2212    13.8155 0.0000e+00  -60.61633  -54.34100 1153543967 203.203346    34.1871 0.0000e+00
     49.000    -0.7860   2.778718    -0.7862   2.779175    7.74368     0.2489    13.8155 0.0000e+00  -60.61633  -54.34100 1153543969 203.203364    34.1874 0.0000e+00
     50.000    -0.7864   2.778718    -0.7851   2.779326    7.74553     0.2454    13.8155 0.0000e+00  -60.61633  -54.34100 1153543973 203.203411    34.1873 0.0000e+00
     51.000    -0.7827   2.779130    -0.7821   2.779635    7.74570     0.2305    13.8155 0.0000e+00  -60.61633  -54.34100 1153543975 203.203437    34.1880 0.0000e+00
     52.000    -0.7781   2.779597    -0.7775   2.780105    7.74397     0.2094    13.8155 0.0000e+00  -60.61633  -54.34100 1153543976 203.203450    34.1884 0.0000e+00
     53.000    -0.7763   2.779804    -0.7757   2.780315    7.74447     0.2337    13.8155 0.0000e+00  -60.61633  -54.34100 1153543977 203.203465    34.1884 0.0000e+00
     54.000    -0.7748   2.779981    -0.7743   2.780480    7.73647     0.2434    13.8155 0.0000e+00  -60.61633  -54.34100 1153543981 203.203503    34.1886 0.0000e+00
     55.000    -0.7728   2.780227    -0.7714   2.780782    7.73208     0.2194    13.8155 0.0000e+00  -60.61633  -54.34100 1153543982 203.203524    34.1891 0.0000e+00
     56.000    -0.7680   2.780706    -0.7669   2.781248    7.73101     0.2306    13.8155 0.0000e+00  -60.61633  -54.34100 1153543984 203.203538    34.1893 0.0000e+00
     57.000    -0.7652   2.781009    -0.7634   2.781607    7.72350     0.2368    13.8155 0.0000e+00  -60.61633  -54.34100 1153543986 203.203571    34.1897 0.0000e+00
     58.000    -0.7417   2.783327    -0.7415   2.783613    7.71277     0.2163    13.8155 0.0000e+00  -60.61633  -54.34100 1153543989 203.203605    34.1937 0.0000e+00
     59.000    -0.7310   2.784243    -0.7350   2.784331    7.70179     0.2152    13.8155 0.0000e+00  -60.61633  -54.34100 1153543990 203.203616    34.1926 0.0000e+00
     60.000    -0.7331   2.784128    -0.7321   2.784616    7.69546     0.2202    13.8155 0.0000e+00  -60.61633  -54.34100 1153543991 203.203630    34.1933 0.0000e+00
     61.000    -0.7415   2.783360    -0.7433   2.783643    7.68739     0.2487    13.8155 0.0000e+00  -60.61633  -54.34100 1153543995 203.203668    34.1919 0.0000e+00
     62.000    -0.7397   2.783624    -0.7380   2.784179    7.68686     0.2243    13.8155 0.0000e+00  -60.61633  -54.34100 1153543997 203.203695    34.1933 0.0000e+00
     63.000    -0.7269   2.784831    -0.7286   2.785090    7.67922     0.2269    13.8155 0.0000e+00  -60.61633  -54.34100 1153543998 203.203711    34.1940 0.0000e+00
     64.000    -0.7272   2.784842    -0.7282   2.785183    7.67404     0.2325    13.8155 0.0000e+00  -60.61633  -54.34100 1153544000 203.203729    34.1940 0.0000e+00
     65.000    -0.7205   2.785525    -0.7193   2.786039    7.66943     0.2349    13.8155 0.0000e+00  -60.61633  -54.34100 1153544002 203.203756    34.1950 0.0000e+00
     66.000    -0.7002   2.787549    -0.6983   2.788107    7.65525     0.2393    13.8155 0.0000e+00  -60.61633  -54.34100 1153544005 203.203784    34.1985 0.0000e+00
     67.000    -0.6858   2.788981    -0.6854   2.789404    7.63653     0.2299    13.8155 0.0000e+00  -60.61633  -54.34100 1153544008 203.203817    34.2007 0.0000e+00
     68.000    -0.6825   2.789333    -0.6816   2.789821    7.62872     0.2232    13.8155 0.0000e+00  -60.61633  -54.34100 1153544009 203.203835    34.2012 0.0000e+00
     69.000    -0.6753   2.790134    -0.6733   2.790652    7.61976     0.2391    13.8155 0.0000e+00  -60.61633  -54.34100 1153544010 203.203849    34.2034 0.0000e+00
     70.000    -0.6610   2.791558    -0.6597   2.792040    7.60980     0.2249    13.8155 0.0000e+00  -60.61633  -54.34100 1153544012 203.203862    34.2054 0.0000e+00
     71.000    -0.6587   2.791819    -0.6575   2.792315    7.59280     0.2503    13.8155 0.0000e+00  -60.61633  -54.34100 1153544015 203.203902    34.2058 0.0000e+00
     72.000    -0.6525   2.792470    -0.6513   2.792932    7.57464     0.2293    13.8155 0.0000e+00  -60.61633  -54.34100 1153544018 203.203938    34.2076 0.0000e+00
     73.000    -0.6415   2.793584    -0.6406   2.793988    7.56229     0.2312    13.8155 0.0000e+00  -60.61633  -54.34100 1153544019 203.203949    34.2095 0.0000e+00
     74.000    -0.6167   2.795969    -0.6181   2.796163    7.54958     0.2365    13.8155 0.0000e+00  -60.61633  -54.34100 1153544020 203.203963    34.2121 0.0000e+00
     75.000    -0.6115   2.796473    -0.6116   2.796835    7.51808     0.2593    13.8155 0.0000e+00  -60.61633  -54.34100 1153544023 203.203990    34.2126 0.0000e+00
     76.000    -0.6078   2.796874    -0.6072   2.797258    7.48878     0.2321    13.8155 0.0000e+00  -60.61633  -54.34100 1153544025 203.204020    34.2136 0.0000e+00
     77.000    -0.4987   2.807000    -0.5480   2.802497    7.44033     0.2412    13.8155 0.0000e+00  -60.61633  -54.34100 1153544027 203.204037    34.2217 0.0000e+00
     78.000    -0.4787   2.809000    -0.4821   2.808895    7.40277     0.2298    13.8155 0.0000e+00  -60.61633  -54.34100 1153544028 203.204051    34.2264 0.0000e+00
     79.000    -0.4582   2.810961    -0.4564   2.811376    7.36726     0.2309    13.8155 0.0000e+00  -60.61633  -54.34100 1153544029 203.204067    34.2290 0.0000e+00
     80.000    -0.4343   2.813236    -0.4251   2.814290    7.32483     0.2463    13.8155 0.0000e+00  -60.61633  -54.34100 1153544031 203.204086    34.2323 0.0000e+00
     81.000    -0.4315   2.813432    -0.4230   2.814611    7.27870     0.2572    13.8155 0.0000e+00  -60.61633  -54.34100 1153544034 203.204116    34.2317 0.0000e+00
     82.000    -0.3567   2.820569    -0.3416   2.822053    7.21836     0.2442    13.8155 0.0000e+00  -60.61633  -54.34100 1153544037 203.204151    34.2424 0.0000e+00
     83.000    -0.3292   2.823064    -0.3307   2.823177    7.18706     0.2309    13.8155 0.0000e+00  -60.61633  -54.34100 1153544038 203.204165    34.2433 0.0000e+00
     84.000    -0.3224   2.823732    -0.3229   2.823955    7.16180     0.2298    13.8155 0.0000e+00  -60.61633  -54.34100 1153544039 203.204176    34.2446 0.0000e+00
     85.000    -0.3005   2.825851    -0.3028   2.825828    7.14273     0.2221    13.8155 0.0000e+00  -60.61633  -54.34100 1153544040 203.204187    34.2475 0.0000e+00
     86.000    -0.2921   2.826625    -0.2916   2.826931    7.12670     0.2410    13.8155 0.0000e+00  -60.61633  -54.34100 1153544041 203.204199    34.2478 0.0000e+00
     87.000    -0.2857   2.827242    -0.2843   2.827646    7.10394     0.2812    13.8155 0.0000e+00  -60.61633  -54.34100 1153544042 203.204219    34.2488 0.0000e+00
     88.000    -0.2784   2.827971    -0.2649   2.829413    7.05583     0.3124    13.8155 0.0000e+00  -60.61633  -54.34100 1153544047 203.204266    34.2511 0.0000e+00
     89.000    -0.2382   2.831727    -0.2358   2.832161    7.01761     0.2957    13.8155 0.0000e+00  -60.61633  -54.34100 1153544049 203.204291    34.2549 0.0000e+00
     90.000    -0.1822   2.837058    -0.1783   2.837464    6.98832     0.2876    13.8155 0.0000e+00  -60.61633  -54.34100 1153544050 203.204305    34.2614 0.0000e+00
     91.000    -0.1539   2.839720    -0.1528   2.840010    6.96102     0.2841    13.8155 0.0000e+00  -60.61633  -54.34100 1153544051 203.204317    34.2637 0.0000e+00
     92.000    -0.1530   2.839855    -0.1519   2.840206    6.94587     0.2998    13.8155 0.0000e+00  -60.61633  -54.34100 1153544052 203.204330    34.2643 0.0000e+00
     93.000    -0.1578   2.839463    -0.1578   2.839758    6.92739     0.3182    13.8155 0.0000e+00  -60.61633  -54.34100 1153544053 203.204346    34.2646 0.0000e+00
     94.000    -0.1675   2.838652    -0.1689   2.838866    6.92494     0.3219    13.8155 0.0000e+00  -60.61633  -54.34100 1153544055 203.204366    34.2650 0.0000e+00
     95.000    -0.2101   2.834885    -0.2063   2.835608    6.94428     0.3238    13.8155 0.0000e+00  -60.61633  -54.34100 1153544058 203.204397    34.2642 0.0000e+00
     96.000    -0.2340   2.833093    -0.2371   2.833302    6.97110     0.2944    13.8155 0.0000e+00  -60.61633  -54.34100 1153544061 203.204433    34.2669 0.0000e+00
