product_data/regression_test/downloaded_data/MGDS/320620060703/ctd/p6610701.ros
* Sea-Bird SBE 9 Data File:
* FileName = D:\Data\Raw\p6610701.dat
* Software Version Seasave Win32 V 5.32
* Temperature SN = 1649
* Conductivity SN = 1431
* Number of Bytes Per Scan = 37
* Number of Voltage Words = 5
* Number of Scans Averaged by the Deck Unit = 1
* NMEA Latitude = 61 11.45 S
* NMEA Longitude = 054 52.55 W
* NMEA UTC (Time) = 22:26:40
** Ship:   Nathaniel B. Palmer 
** Cruise:    NBP0606 
# nquan = 17
# nvalues = 1154                    
# units = specified
# name 0 = prDM: Pressure, Digiquartz [db]
# name 1 = t090C: Temperature [ITS-90, deg C]
# name 2 = c0S/m: Conductivity [S/m]
# name 3 = t190C: Temperature, 2 [ITS-90, deg C]
# name 4 = c1S/m: Conductivity, 2 [S/m]
# name 5 = sbeox0ML/L: Oxygen, SBE 43 [ml/l]
# name 6 = flECO-AFL: Fluorescence, Wetlab ECO-AFL/FL [mg/m^3]
# name 7 = bat: Beam Attenuation, Chelsea/Seatech/Wetlab CStar [1/m]
# name 8 = spar: SPAR/Surface Irradiance
# name 9 = latitude: Latitude [deg]
# name 10 = longitude: Longitude [deg]
# name 11 = timeY: Time, System [seconds]
# name 12 = timeJ: Julian Days
# name 13 = sal00: Salinity [PSU]
# name 14 = scan: scan number
# name 15 = nbf: number of bottles fired
# name 16 = flag:  0.000e+00
# interval = seconds: 0.0416667                   
# start_time = Jul 13 2006 22:26:47
*END*
[from data line 596]
     30.181    -0.6376   2.797611    -0.6353   2.798131    7.37694     0.1403    13.8155 0.0000e+00  -61.19083  -54.87583 1152830125 194.941282    34.2867      12476         13  0.000e+00
     30.172    -0.6378   2.797628    -0.6352   2.798143    7.37229     0.1188    13.8155 0.0000e+00  -61.19083  -54.87583 1152830125 194.941283    34.2871      12477         13  0.000e+00
     30.181    -0.6372   2.797634    -0.6355   2.798172    7.37686     0.0865    13.8155 0.0000e+00  -61.19083  -54.87583 1152830125 194.941283    34.2865      12478         13  0.000e+00
     30.181    -0.6378   2.797634    -0.6350   2.798184    7.37695     0.1403    13.8155 0.0000e+00  -61.19083  -54.87583 1152830125 194.941284    34.2872      12479         13  0.000e+00
     30.248    -0.6378   2.797671    -0.6350   2.798219    7.37699     0.0865    13.8155 0.0000e+00  -61.19083  -54.87583 1152830125 194.941284    34.2876      12480         13  0.000e+00
     30.181    -0.6364   2.797730    -0.6349   2.798213    7.37668     0.0434    13.8155 0.0000e+00  -61.19083  -54.87583 1152830125 194.941285    34.2869      12481         13  0.000e+00
     30.114    -0.6362   2.797710    -0.6350   2.798207    7.37194     0.0757    13.8155 0.0000e+00  -61.19083  -54.87583 1152830125 194.941285    34.2865      12482         13  0.000e+00
     30.181    -0.6362   2.797734    -0.6355   2.798172    7.37665     0.1188    13.8155 0.0000e+00  -61.19083  -54.87583 1152830125 194.941286    34.2868      12483         13  0.000e+00
     30.172    -0.6354   2.797763    -0.6355   2.798172    7.37651     0.1510    13.8155 0.0000e+00  -61.19083  -54.87583 1152830125 194.941286    34.2863      12484         13  0.000e+00
     30.181    -0.6354   2.797783    -0.6347   2.798201    7.37651     0.0865    13.8155 0.0000e+00  -61.19083  -54.87583 1152830125 194.941287    34.2866      12485         13  0.000e+00
     30.181    -0.6353   2.797810    -0.6347   2.798224    7.37647     0.0865    13.8155 0.0000e+00  -61.19083  -54.87583 1152830125 194.941287    34.2868      12486         13  0.000e+00
     30.181    -0.6352   2.797830    -0.6343   2.798213    7.37644     0.0542    13.8155 0.0000e+00  -61.19083  -54.87583 1152830125 194.941288    34.2869      12487         13  0.000e+00
     30.172    -0.6354   2.797853    -0.6350   2.798224    7.37645     0.0757    13.8155 0.0000e+00  -61.19083  -54.87583 1152830125 194.941288    34.2875      12488         13  0.000e+00
     30.181    -0.6352   2.797823    -0.6353   2.798178    7.37644     0.1080    13.8155 0.0000e+00  -61.19083  -54.87583 1152830126 194.941289    34.2868      12489         13  0.000e+00
     30.181    -0.6348   2.797793    -0.6350   2.798149    7.37641     0.0865    13.8155 0.0000e+00  -61.19083  -54.87583 1152830126 194.941289    34.2860      12490         13  0.000e+00
     30.181    -0.6350   2.797757    -0.6352   2.798155    7.37646     0.0865    13.8155 0.0000e+00  -61.19083  -54.87583 1152830126 194.941290    34.2857      12491         13  0.000e+00
     30.172    -0.6354   2.797796    -0.6356   2.798149    7.37649     0.1726    13.8155 0.0000e+00  -61.19083  -54.87583 1152830126 194.941290    34.2867      12492         13  0.000e+00
     30.181    -0.6356   2.797747    -0.6356   2.798155    7.37656     0.1726    13.8155 0.0000e+00  -61.19083  -54.87583 1152830126 194.941291    34.2863      12493         13  0.000e+00
     30.181    -0.6354   2.797757    -0.6359   2.798149    7.37652     0.0865    13.8155 0.0000e+00  -61.19083  -54.87583 1152830126 194.941291    34.2862      12494         13  0.000e+00
     30.172    -0.6350   2.797783    -0.6359   2.798131    7.37643     0.0865    13.8155 0.0000e+00  -61.19083  -54.87583 1152830126 194.941291    34.2861      12495         13  0.000e+00
     30.181    -0.6354   2.797757    -0.6352   2.798143    7.37652     0.0972    13.8155 0.0000e+00  -61.19083  -54.87583 1152830126 194.941292    34.2862      12496         13  0.000e+00
     30.257    -0.6356   2.797747    -0.6356   2.798114    7.37663     0.1403    13.8155 0.0000e+00  -61.19083  -54.87583 1152830126 194.941292    34.2862      12497         13  0.000e+00
     30.181    -0.6356   2.797747    -0.6359   2.798120    7.37656     0.1403    13.8155 0.0000e+00  -61.19083  -54.87583 1152830126 194.941293    34.2863      12498         13  0.000e+00
     30.172    -0.6353   2.797747    -0.6353   2.798149    7.37650     0.1618    13.8155 0.0000e+00  -61.19083  -54.87583 1152830126 194.941293    34.2859      12499         13  0.000e+00
     30.181    -0.6354   2.797747    -0.6353   2.798131    7.37653     0.1403    13.8155 0.0000e+00  -61.19083  -54.87583 1152830126 194.941294    34.2861      12500         13  0.000e+00
     30.248    -0.6362   2.797737    -0.6349   2.798236    7.37206     0.0972    13.8155 0.0000e+00  -61.19083  -54.87583 1152830126 194.941299    34.2868      12510         14  0.000e+00
     30.257    -0.6361   2.797674    -0.6347   2.798253    7.37209     0.1295    13.8155 0.0000e+00  -61.19083  -54.87583 1152830126 194.941299    34.2858      12511         14  0.000e+00
     30.257    -0.6362   2.797658    -0.6349   2.798219    7.37679     0.1188    13.8155 0.0000e+00  -61.19083  -54.87583 1152830126 194.941300    34.2857      12512         14  0.000e+00
     30.181    -0.6365   2.797687    -0.6352   2.798224    7.37673     0.0650    13.8155 0.0000e+00  -61.19083  -54.87583 1152830126 194.941300    34.2865      12513         14  0.000e+00
     30.248    -0.6370   2.797681    -0.6355   2.798190    7.37687     0.0757    13.8155 0.0000e+00  -61.19083  -54.87583 1152830127 194.941301    34.2869      12514         14  0.000e+00
     30.181    -0.6367   2.797711    -0.6357   2.798143    7.37674     0.1080    13.8155 0.0000e+00  -61.19083  -54.87583 1152830127 194.941301    34.2870      12515         14  0.000e+00
     30.257    -0.6365   2.797724    -0.6356   2.798143    7.37213     0.1295    13.8155 0.0000e+00  -61.19083  -54.87583 1152830127 194.941302    34.2869      12516         14  0.000e+00
     30.257    -0.6367   2.797724    -0.6358   2.798131    7.37681     0.1080    13.8155 0.0000e+00  -61.19083  -54.87583 1152830127 194.941302    34.2871      12517         14  0.000e+00
     30.248    -0.6367   2.797704    -0.6352   2.798166    7.37681     0.0650    13.8155 0.0000e+00  -61.19083  -54.87583 1152830127 194.941303    34.2869      12518         14  0.000e+00
     30.257    -0.6368   2.797717    -0.6352   2.798178    7.37684     0.1080    13.8155 0.0000e+00  -61.19083  -54.87583 1152830127 194.941303    34.2872      12519         14  0.000e+00
     30.257    -0.6361   2.797740    -0.6356   2.798201    7.37671     0.1403    13.8155 0.0000e+00  -61.19083  -54.87583 1152830127 194.941304    34.2867      12520         14  0.000e+00
     30.257    -0.6364   2.797727    -0.6353   2.798172    7.37676     0.1080    13.8155 0.0000e+00  -61.19083  -54.87583 1152830127 194.941304    34.2868      12521         14  0.000e+00
     30.248    -0.6364   2.797724    -0.6354   2.798160    7.37210     0.1080    13.8155 0.0000e+00  -61.19083  -54.87583 1152830127 194.941304    34.2868      12522         14  0.000e+00
     30.324    -0.6367   2.797707    -0.6350   2.798149    7.37689     0.0865    13.8155 0.0000e+00  -61.19083  -54.87583 1152830127 194.941305    34.2869      12523         14  0.000e+00
     30.257    -0.6367   2.797701    -0.6356   2.798155    7.37683     0.1295    13.8155 0.0000e+00  -61.19083  -54.87583 1152830127 194.941305    34.2868      12524         14  0.000e+00
     30.248    -0.6370   2.797681    -0.6361   2.798131    7.37687     0.1188    13.8155 0.0000e+00  -61.19083  -54.87583 1152830127 194.941306    34.2869      12525         14  0.000e+00
     30.324    -0.6372   2.797677    -0.6358   2.798126    7.37232     0.1080    13.8155 0.0000e+00  -61.19083  -54.87583 1152830127 194.941306    34.2870      12526         14  0.000e+00
     30.324    -0.6368   2.797677    -0.6358   2.798126    7.37693     0.1188    13.8155 0.0000e+00  -61.19083  -54.87583 1152830127 194.941307    34.2866      12527         14  0.000e+00
     30.258    -0.6364   2.797664    -0.6358   2.798108    7.37215     0.1618    13.8155 0.0000e+00  -61.19083  -54.87583 1152830127 194.941307    34.2860      12528         14  0.000e+00
     30.315    -0.6366   2.797671    -0.6359   2.798120    7.37223     0.1833    13.8155 0.0000e+00  -61.19083  -54.87583 1152830127 194.941308    34.2862      12529         14  0.000e+00
     30.324    -0.6365   2.797711    -0.6364   2.798108    7.37686     0.1726    13.8155 0.0000e+00  -61.19083  -54.87583 1152830127 194.941308    34.2867      12530         14  0.000e+00
     30.324    -0.6362   2.797704    -0.6362   2.798137    7.37216     0.1618    13.8155 0.0000e+00  -61.19083  -54.87583 1152830127 194.941309    34.2863      12531         14  0.000e+00
     30.324    -0.6364   2.797750    -0.6359   2.798114    7.37216     0.1510    13.8155 0.0000e+00  -61.19083  -54.87583 1152830127 194.941309    34.2871      12532         14  0.000e+00
     30.315    -0.6362   2.797701    -0.6362   2.798120    7.37215     0.0972    13.8155 0.0000e+00  -61.19083  -54.87583 1152830127 194.941310    34.2862      12533         14  0.000e+00
     30.324    -0.6372   2.797664    -0.6364   2.798108    7.37233     0.0757    13.8155 0.0000e+00  -61.19083  -54.87583 1152830127 194.941310    34.2868      12534         14  0.000e+00
     30.324    -0.6367   2.797671    -0.6367   2.798096    7.37226     0.0865    13.8155 0.0000e+00  -61.19083  -54.87583 1152830127 194.941311    34.2864      12535         14  0.000e+00
     30.324    -0.6364   2.797727    -0.6359   2.798120    7.37217     0.0757    13.8155 0.0000e+00  -61.19083  -54.87583 1152830127 194.941311    34.2868      12536         14  0.000e+00
     30.381    -0.6362   2.797747    -0.6362   2.798085    7.37686     0.0865    13.8155 0.0000e+00  -61.19083  -54.87583 1152830127 194.941312    34.2869      12537         14  0.000e+00
     30.391    -0.6361   2.797727    -0.6361   2.798137    7.37685     0.1080    13.8155 0.0000e+00  -61.19083  -54.87583 1152830128 194.941312    34.2864      12538         14  0.000e+00
     30.324    -0.6365   2.797724    -0.6359   2.798131    7.37685     0.0542    13.8155 0.0000e+00  -61.19083  -54.87583 1152830128 194.941313    34.2869      12539         14  0.000e+00
     30.391    -0.6364   2.797724    -0.6359   2.798108    7.37690     0.1080    13.8155 0.0000e+00  -61.19083  -54.87583 1152830128 194.941313    34.2867      12540         14  0.000e+00
     30.381    -0.6365   2.797704    -0.6356   2.798120    7.37227     0.1726    13.8155 0.0000e+00  -61.19083  -54.87583 1152830128 194.941314    34.2866      12541         14  0.000e+00
     30.324    -0.6367   2.797681    -0.6362   2.798108    7.37225     0.1510    13.8155 0.0000e+00  -61.19083  -54.87583 1152830128 194.941314    34.2865      12542         14  0.000e+00
     30.391    -0.6364   2.797677    -0.6359   2.798120    7.37227     0.1403    13.8155 0.0000e+00  -61.19083  -54.87583 1152830128 194.941315    34.2861      12543         14  0.000e+00
     30.381    -0.6373   2.797678    -0.6359   2.798126    7.37240     0.0865    13.8155 0.0000e+00  -61.19083  -54.87583 1152830128 194.941315    34.2871      12544         14  0.000e+00
     30.391    -0.6367   2.797664    -0.6359   2.798102    7.37233     0.0972    13.8155 0.0000e+00  -61.19083  -54.87583 1152830128 194.941316    34.2863      12545         14  0.000e+00
     30.467    -0.6369   2.797658    -0.6355   2.798143    7.37244     0.1188    13.8155 0.0000e+00  -61.19083  -54.87583 1152830128 194.941316    34.2863      12546         14  0.000e+00
     30.391    -0.6372   2.797658    -0.6353   2.798172    7.37240     0.1080    13.8155 0.0000e+00  -61.19083  -54.87583 1152830128 194.941317    34.2867      12547         14  0.000e+00
     30.381    -0.6370   2.797658    -0.6358   2.798120    7.37237     0.1295    13.8155 0.0000e+00  -61.19083  -54.87583 1152830128 194.941317    34.2865      12548         14  0.000e+00
     30.467    -0.6365   2.797707    -0.6356   2.798120    7.37235     0.1403    13.8155 0.0000e+00  -61.19083  -54.87583 1152830128 194.941318    34.2866      12549         14  0.000e+00
     30.391    -0.6368   2.797704    -0.6359   2.798149    7.37698     0.1080    13.8155 0.0000e+00  -61.19083  -54.87583 1152830128 194.941318    34.2870      12550         14  0.000e+00
     30.467    -0.6368   2.797721    -0.6358   2.798131    7.37239     0.1080    13.8155 0.0000e+00  -61.19083  -54.87583 1152830128 194.941318    34.2871      12551         14  0.000e+00
     30.458    -0.6367   2.797707    -0.6355   2.798149    7.37237     0.1295    13.8155 0.0000e+00  -61.19083  -54.87583 1152830128 194.941319    34.2868      12552         14  0.000e+00
     30.391    -0.6365   2.797717    -0.6358   2.798149    7.37227     0.1080    13.8155 0.0000e+00  -61.19083  -54.87583 1152830128 194.941319    34.2868      12553         14  0.000e+00
     30.467    -0.6365   2.797704    -0.6358   2.798155    7.37236     0.0972    13.8155 0.0000e+00  -61.19083  -54.87583 1152830128 194.941320    34.2866      12554         14  0.000e+00
     30.467    -0.6362   2.797681    -0.6359   2.798149    7.37233     0.0972    13.8155 0.0000e+00  -61.19083  -54.87583 1152830128 194.941320    34.2859      12555         14  0.000e+00
     30.458    -0.6368   2.797678    -0.6359   2.798155    7.37241     0.0650    13.8155 0.0000e+00  -61.19083  -54.87583 1152830128 194.941321    34.2866      12556         14  0.000e+00
     30.467    -0.6367   2.797697    -0.6356   2.798172    7.37239     0.0865    13.8155 0.0000e+00  -61.19083  -54.87583 1152830128 194.941321    34.2867      12557         14  0.000e+00
     30.467    -0.6367   2.797684    -0.6355   2.798143    7.37239     0.0972    13.8155 0.0000e+00  -61.19083  -54.87583 1152830128 194.941322    34.2865      12558         14  0.000e+00
     30.534    -0.6361   2.797711    -0.6358   2.798172    7.37235     0.0865    13.8155 0.0000e+00  -61.19083  -54.87583 1152830129 194.941335    34.2861      12585         15  0.000e+00
     30.525    -0.6362   2.797717    -0.6356   2.798137    7.37236     0.0542    13.8155 0.0000e+00  -61.19083  -54.87583 1152830130 194.941335    34.2863      12586         15  0.000e+00
     30.467    -0.6365   2.797711    -0.6355   2.798166    7.37235     0.0972    13.8155 0.0000e+00  -61.19083  -54.87583 1152830130 194.941336    34.2866      12587         15  0.000e+00
     30.534    -0.6364   2.797737    -0.6356   2.798155    7.37238     0.1188    13.8155 0.0000e+00  -61.19083  -54.87583 1152830130 194.941336    34.2868      12588         15  0.000e+00
     30.467    -0.6362   2.797694    -0.6356   2.798155    7.37232     0.1295    13.8155 0.0000e+00  -61.19083  -54.87583 1152830130 194.941337    34.2861      12589         15  0.000e+00
     30.525    -0.6362   2.797694    -0.6354   2.798149    7.37703     0.1295    13.8155 0.0000e+00  -61.19083  -54.87583 1152830130 194.941337    34.2860      12590         15  0.000e+00
     30.467    -0.6367   2.797681    -0.6355   2.798172    7.37706     0.1510    13.8155 0.0000e+00  -61.19083  -54.87583 1152830130 194.941338    34.2864      12591         15  0.000e+00
     30.534    -0.6365   2.797711    -0.6356   2.798155    7.37242     0.1080    13.8155 0.0000e+00  -61.19083  -54.87583 1152830130 194.941338    34.2866      12592         15  0.000e+00
     30.467    -0.6368   2.797724    -0.6358   2.798155    7.37239     0.0650    13.8155 0.0000e+00  -61.19083  -54.87583 1152830130 194.941339    34.2872      12593         15  0.000e+00
     30.525    -0.6365   2.797687    -0.6359   2.798172    7.37709     0.1080    13.8155 0.0000e+00  -61.19083  -54.87583 1152830130 194.941339    34.2863      12594         15  0.000e+00
