product_data/regression_test/downloaded_data/MGDS/320620060703/ctd/p6617608.ros
* Sea-Bird SBE 9 Data File:
* FileName = D:\Data\Raw\p6617608.dat
* Software Version Seasave Win32 V 5.32
* Temperature SN = 1649
* Conductivity SN = 1431
* Number of Bytes Per Scan = 37
* Number of Voltage Words = 5
* Number of Scans Averaged by the Deck Unit = 1
* NMEA Latitude = 60 36.97 S
* NMEA Longitude = 054 43.19 W
* NMEA UTC (Time) = 11:17:29
** Ship:   Nathaniel B. Palmer 
** Cruise:    NBP0606 
# nquan = 17
# nvalues = 1176                    
# units = specified
# name 0 = prDM: Pressure, Digiquartz [db]
# name 1 = t090C: Temperature [ITS-90, deg C]
# name 2 = c0S/m: Conductivity [S/m]
# name 3 = t190C: Temperature, 2 [ITS-90, deg C]
# name 4 = c1S/m: Conductivity, 2 [S/m]
# name 5 = sbeox0ML/L: Oxygen, SBE 43 [ml/l]
# name 6 = flECO-AFL: Fluorescence, Wetlab ECO-AFL/FL [mg/m^3]
# name 7 = bat: Beam Attenuation, Chelsea/Seatech/Wetlab CStar [1/m]
# name 8 = spar: SPAR/Surface Irradiance
# name 9 = latitude: Latitude [deg]
# name 10 = longitude: Longitude [deg]
# name 11 = timeY: Time, System [seconds]
# name 12 = timeJ: Julian Days
# name 13 = sal00: Salinity [PSU]
# name 14 = scan: scan number
# name 15 = nbf: number of bottles fired
# name 16 = flag:  0.000e+00
# interval = seconds: 0.0416667                   
# start_time = Jul 21 2006 11:17:36
*END*
[from data line 426]
   1111.147     0.9552   3.012685     0.9565   3.013114    5.07434    -0.0964    13.8155 0.0000e+00  -60.61617  -54.71983 1153482606 202.493144    34.6995      46840          9  0.000e+00
   1111.147     0.9557   3.012678     0.9568   3.013096    5.07430    -0.0749    13.8155 0.0000e+00  -60.61617  -54.71983 1153482606 202.493144    34.6989      46841          9  0.000e+00
   1111.215     0.9557   3.012702     0.9565   3.013102    5.07950    -0.0534    13.8155 0.0000e+00  -60.61617  -54.71983 1153482606 202.493145    34.6992      46842          9  0.000e+00
   1111.147     0.9562   3.012723     0.9566   3.013114    5.07939    -0.1180    13.8155 0.0000e+00  -60.61617  -54.71983 1153482606 202.493145    34.6990      46843          9  0.000e+00
   1111.215     0.9556   3.012688     0.9568   3.013132    5.07953    -0.1610    13.8155 0.0000e+00  -60.61617  -54.71983 1153482606 202.493146    34.6992      46844          9  0.000e+00
   1111.215     0.9563   3.012719     0.9566   3.013102    5.07943    -0.1287    13.8155 0.0000e+00  -60.61617  -54.71983 1153482607 202.493146    34.6987      46845          9  0.000e+00
   1111.127     0.9559   3.012692     0.9568   3.013126    5.06909    -0.0749    13.8155 0.0000e+00  -60.61617  -54.71983 1153482607 202.493147    34.6989      46846          9  0.000e+00
   1111.292     0.9562   3.012685     0.9571   3.013102    5.07435    -0.0534    13.8155 0.0000e+00  -60.61617  -54.71983 1153482607 202.493147    34.6984      46847          9  0.000e+00
   1111.215     0.9559   3.012699     0.9568   3.013090    5.07949     0.0004    13.8155 0.0000e+00  -60.61617  -54.71983 1153482607 202.493148    34.6990      46848          9  0.000e+00
   1111.215     0.9560   3.012654     0.9569   3.013102    5.07949    -0.0319    13.8155 0.0000e+00  -60.61617  -54.71983 1153482607 202.493148    34.6982      46849          9  0.000e+00
   1111.215     0.9563   3.012668     0.9567   3.013138    5.07945    -0.0534    13.8155 0.0000e+00  -60.61617  -54.71983 1153482607 202.493149    34.6981      46850          9  0.000e+00
   1111.215     0.9559   3.012695     0.9565   3.013114    5.07432    -0.0857    13.8155 0.0000e+00  -60.61617  -54.71983 1153482607 202.493149    34.6990      46851          9  0.000e+00
   1111.215     0.9556   3.012654     0.9567   3.013138    5.07954    -0.1180    13.8155 0.0000e+00  -60.61617  -54.71983 1153482607 202.493150    34.6988      46852          9  0.000e+00
   1111.215     0.9557   3.012651     0.9566   3.013126    5.07952    -0.0857    13.8155 0.0000e+00  -60.61617  -54.71983 1153482607 202.493150    34.6985      46853          9  0.000e+00
   1111.292     0.9562   3.012661     0.9571   3.013132    5.07952    -0.0857    13.8155 0.0000e+00  -60.61617  -54.71983 1153482607 202.493151    34.6981      46854          9  0.000e+00
   1111.505     0.9566   3.012774     0.9565   3.013084    5.07958    -0.0857    13.8155 0.0000e+00  -60.61617  -54.71983 1153482616 202.493254    34.6989      47069         10  0.000e+00
   1111.437     0.9568   3.012794     0.9566   3.013084    5.07950    -0.0857    13.8155 0.0000e+00  -60.61617  -54.71983 1153482616 202.493255    34.6990      47070         10  0.000e+00
   1111.583     0.9571   3.012767     0.9569   3.013102    5.07958    -0.1502    13.8155 0.0000e+00  -60.61617  -54.71983 1153482616 202.493255    34.6983      47071         10  0.000e+00
   1111.360     0.9568   3.012788     0.9569   3.013138    5.07945    -0.1072    13.8155 0.0000e+00  -60.61617  -54.71983 1153482616 202.493256    34.6990      47072         10  0.000e+00
   1111.505     0.9568   3.012726     0.9567   3.013150    5.07958    -0.0857    13.8155 0.0000e+00  -60.61617  -54.71983 1153482616 202.493256    34.6981      47073         10  0.000e+00
   1111.360     0.9565   3.012743     0.9569   3.013162    5.07950    -0.0964    13.8155 0.0000e+00  -60.61617  -54.71983 1153482616 202.493257    34.6988      47074         10  0.000e+00
   1111.437     0.9566   3.012733     0.9574   3.013150    5.07955    -0.0749    13.8155 0.0000e+00  -60.61617  -54.71983 1153482616 202.493257    34.6984      47075         10  0.000e+00
   1111.360     0.9571   3.012750     0.9572   3.013114    5.07944    -0.0534    13.8155 0.0000e+00  -60.61617  -54.71983 1153482616 202.493258    34.6982      47076         10  0.000e+00
   1111.360     0.9566   3.012750     0.9571   3.013114    5.07949    -0.0857    13.8155 0.0000e+00  -60.61617  -54.71983 1153482616 202.493258    34.6987      47077         10  0.000e+00
   1111.360     0.9574   3.012774     0.9569   3.013132    5.07422    -0.1072    13.8155 0.0000e+00  -60.61617  -54.71983 1153482616 202.493259    34.6982      47078         10  0.000e+00
   1111.360     0.9568   3.012794     0.9568   3.013120    5.07945    -0.1072    13.8155 0.0000e+00  -60.61617  -54.71983 1153482616 202.493259    34.6991      47079         10  0.000e+00
   1111.292     0.9570   3.012777     0.9574   3.013138    5.07939    -0.1180    13.8155 0.0000e+00  -60.61617  -54.71983 1153482616 202.493260    34.6988      47080         10  0.000e+00
   1111.292     0.9573   3.012764     0.9571   3.013138    5.07936    -0.1180    13.8155 0.0000e+00  -60.61617  -54.71983 1153482616 202.493260    34.6982      47081         10  0.000e+00
   1111.292     0.9566   3.012770     0.9572   3.013144    5.07943    -0.1072    13.8155 0.0000e+00  -60.61617  -54.71983 1153482616 202.493261    34.6990      47082         10  0.000e+00
   1111.292     0.9565   3.012781     0.9575   3.013162    5.07944    -0.1072    13.8155 0.0000e+00  -60.61617  -54.71983 1153482616 202.493261    34.6993      47083         10  0.000e+00
   1111.215     0.9570   3.012774     0.9571   3.013150    5.07934    -0.0857    13.8155 0.0000e+00  -60.61617  -54.71983 1153482616 202.493261    34.6988      47084         10  0.000e+00
   1111.215     0.9566   3.012798     0.9575   3.013168    5.07936    -0.0964    13.8155 0.0000e+00  -60.61617  -54.71983 1153482617 202.493262    34.6994      47085         10  0.000e+00
   1111.147     0.9566   3.012781     0.9572   3.013144    5.07415    -0.1287    13.8155 0.0000e+00  -60.61617  -54.71983 1153482617 202.493262    34.6992      47086         10  0.000e+00
   1111.215     0.9568   3.012774     0.9574   3.013168    5.07935    -0.0749    13.8155 0.0000e+00  -60.61617  -54.71983 1153482617 202.493263    34.6989      47087         10  0.000e+00
   1111.147     0.9571   3.012798     0.9574   3.013186    5.07926    -0.0534    13.8155 0.0000e+00  -60.61617  -54.71983 1153482617 202.493263    34.6989      47088         10  0.000e+00
   1111.069     0.9571   3.012764     0.9572   3.013198    5.07922    -0.0857    13.8155 0.0000e+00  -60.61617  -54.71983 1153482617 202.493264    34.6985      47089         10  0.000e+00
   1111.147     0.9573   3.012774     0.9575   3.013174    5.06892    -0.1287    13.8155 0.0000e+00  -60.61617  -54.71983 1153482617 202.493264    34.6984      47090         10  0.000e+00
   1111.069     0.9568   3.012757     0.9572   3.013174    5.07409    -0.0857    13.8155 0.0000e+00  -60.61617  -54.71983 1153482617 202.493265    34.6988      47091         10  0.000e+00
   1111.069     0.9570   3.012757     0.9572   3.013156    5.07925    -0.0749    13.8155 0.0000e+00  -60.61617  -54.71983 1153482617 202.493265    34.6986      47092         10  0.000e+00
   1111.002     0.9571   3.012733     0.9577   3.013162    5.07919    -0.0857    13.8155 0.0000e+00  -60.61617  -54.71983 1153482617 202.493266    34.6982      47093         10  0.000e+00
   1111.002     0.9570   3.012750     0.9572   3.013174    5.07920    -0.0857    13.8155 0.0000e+00  -60.61617  -54.71983 1153482617 202.493266    34.6985      47094         10  0.000e+00
   1111.002     0.9568   3.012750     0.9575   3.013168    5.07922    -0.0642    13.8155 0.0000e+00  -60.61617  -54.71983 1153482617 202.493267    34.6987      47095         10  0.000e+00
   1111.002     0.9566   3.012729     0.9569   3.013150    5.07924    -0.0642    13.8155 0.0000e+00  -60.61617  -54.71983 1153482617 202.493267    34.6986      47096         10  0.000e+00
   1110.934     0.9565   3.012750     0.9568   3.013150    5.07920    -0.0857    13.8155 0.0000e+00  -60.61617  -54.71983 1153482617 202.493268    34.6991      47097         10  0.000e+00
   1110.934     0.9568   3.012716     0.9567   3.013138    5.06884    -0.1180    13.8155 0.0000e+00  -60.61617  -54.71983 1153482617 202.493268    34.6983      47098         10  0.000e+00
   1110.856     0.9563   3.012763     0.9568   3.013144    5.07399    -0.1072    13.8155 0.0000e+00  -60.61617  -54.71983 1153482617 202.493269    34.6995      47099         10  0.000e+00
   1110.934     0.9563   3.012740     0.9574   3.013138    5.07405    -0.0642    13.8155 0.0000e+00  -60.61617  -54.71983 1153482617 202.493269    34.6991      47100         10  0.000e+00
   1110.788     0.9563   3.012750     0.9566   3.013120    5.07912    -0.0426    13.8155 0.0000e+00  -60.61617  -54.71983 1153482617 202.493270    34.6994      47101         10  0.000e+00
   1110.856     0.9566   3.012733     0.9569   3.013132    5.07914    -0.0857    13.8155 0.0000e+00  -60.61617  -54.71983 1153482617 202.493270    34.6988      47102         10  0.000e+00
   1110.788     0.9562   3.012743     0.9571   3.013120    5.07914    -0.0964    13.8155 0.0000e+00  -60.61617  -54.71983 1153482617 202.493271    34.6995      47103         10  0.000e+00
   1110.788     0.9568   3.012757     0.9568   3.013120    5.07906    -0.1180    13.8155 0.0000e+00  -60.61617  -54.71983 1153482617 202.493271    34.6989      47104         10  0.000e+00
   1110.788     0.9568   3.012750     0.9572   3.013132    5.07907    -0.1180    13.8155 0.0000e+00  -60.61617  -54.71983 1153482617 202.493272    34.6988      47105         10  0.000e+00
   1110.788     0.9568   3.012757     0.9568   3.013120    5.07906    -0.1180    13.8155 0.0000e+00  -60.61617  -54.71983 1153482617 202.493272    34.6989      47106         10  0.000e+00
   1110.711     0.9568   3.012733     0.9572   3.013132    5.07902    -0.1072    13.8155 0.0000e+00  -60.61617  -54.71983 1153482617 202.493273    34.6987      47107         10  0.000e+00
   1110.711     0.9568   3.012767     0.9566   3.013120    5.06866    -0.1395    13.8155 0.0000e+00  -60.61617  -54.71983 1153482617 202.493273    34.6991      47108         10  0.000e+00
   1110.643     0.9568   3.012774     0.9572   3.013120    5.07378    -0.1610    13.8155 0.0000e+00  -60.61617  -54.71983 1153482618 202.493274    34.6992      47109         10  0.000e+00
   1110.643     0.9568   3.012774     0.9569   3.013132    5.07895    -0.1825    13.8155 0.0000e+00  -60.61617  -54.71983 1153482618 202.493274    34.6992      47110         10  0.000e+00
   1110.711     0.9570   3.012798     0.9572   3.013120    5.07897    -0.1502    13.8155 0.0000e+00  -60.61617  -54.71983 1153482618 202.493274    34.6993      47111         10  0.000e+00
   1110.566     0.9571   3.012780     0.9571   3.013156    5.07886    -0.1072    13.8155 0.0000e+00  -60.61617  -54.71983 1153482618 202.493275    34.6990      47112         10  0.000e+00
   1110.643     0.9576   3.012780     0.9575   3.013150    5.07887    -0.1180    13.8155 0.0000e+00  -60.61617  -54.71983 1153482618 202.493275    34.6984      47113         10  0.000e+00
   1110.624     0.9576   3.012811     0.9575   3.013138    5.07884    -0.1072    13.8155 0.0000e+00  -60.61617  -54.71983 1153482618 202.493276    34.6988      47114         10  0.000e+00
   1110.566     0.9573   3.012774     0.9580   3.013144    5.07885    -0.0857    13.8155 0.0000e+00  -60.61617  -54.71983 1153482618 202.493276    34.6987      47115         10  0.000e+00
   1110.566     0.9576   3.012787     0.9577   3.013185    5.06847    -0.0857    13.8155 0.0000e+00  -60.61617  -54.71983 1153482618 202.493277    34.6986      47116         10  0.000e+00
   1110.498     0.9568   3.012804     0.9575   3.013150    5.07367    -0.0642    13.8155 0.0000e+00  -60.61617  -54.71983 1153482618 202.493277    34.6997      47117         10  0.000e+00
   1110.711     0.9579   3.012832     0.9580   3.013186    5.07886    -0.0749    13.8155 0.0000e+00  -60.61617  -54.71983 1153482625 202.493360    34.6987      47288         11  0.000e+00
   1110.353     0.9576   3.012811     0.9575   3.013197    5.07865    -0.0964    13.8155 0.0000e+00  -60.61617  -54.71983 1153482625 202.493360    34.6990      47289         11  0.000e+00
   1110.566     0.9573   3.012818     0.9574   3.013191    5.07883    -0.0534    13.8155 0.0000e+00  -60.61617  -54.71983 1153482625 202.493361    34.6993      47290         11  0.000e+00
   1110.643     0.9576   3.012828     0.9578   3.013156    5.07885    -0.0857    13.8155 0.0000e+00  -60.61617  -54.71983 1153482625 202.493361    34.6991      47291         11  0.000e+00
   1110.498     0.9576   3.012842     0.9572   3.013162    5.07357    -0.1395    13.8155 0.0000e+00  -60.61617  -54.71983 1153482625 202.493362    34.6993      47292         11  0.000e+00
   1110.643     0.9576   3.012815     0.9574   3.013150    5.06851    -0.1287    13.8155 0.0000e+00  -60.61617  -54.71983 1153482625 202.493362    34.6989      47293         11  0.000e+00
   1110.566     0.9571   3.012818     0.9575   3.013185    5.07368    -0.1072    13.8155 0.0000e+00  -60.61617  -54.71983 1153482625 202.493363    34.6995      47294         11  0.000e+00
   1110.624     0.9570   3.012801     0.9575   3.013191    5.07891    -0.0857    13.8155 0.0000e+00  -60.61617  -54.71983 1153482625 202.493363    34.6994      47295         11  0.000e+00
   1110.643     0.9571   3.012839     0.9578   3.013221    5.07889    -0.0749    13.8155 0.0000e+00  -60.61617  -54.71983 1153482625 202.493364    34.6997      47296         11  0.000e+00
   1110.711     0.9571   3.012845     0.9575   3.013245    5.07894    -0.0642    13.8155 0.0000e+00  -60.61617  -54.71983 1153482625 202.493364    34.6998      47297         11  0.000e+00
   1110.643     0.9570   3.012835     0.9585   3.013257    5.07891    -0.1072    13.8155 0.0000e+00  -60.61617  -54.71983 1153482625 202.493365    34.6999      47298         11  0.000e+00
   1110.711     0.9574   3.012842     0.9585   3.013227    5.07890    -0.0749    13.8155 0.0000e+00  -60.61617  -54.71983 1153482625 202.493365    34.6994      47299         11  0.000e+00
   1110.711     0.9575   3.012852     0.9580   3.013203    5.07373    -0.0642    13.8155 0.0000e+00  -60.61617  -54.71983 1153482625 202.493366    34.6995      47300         11  0.000e+00
   1110.711     0.9573   3.012811     0.9572   3.013221    5.07893    -0.1072    13.8155 0.0000e+00  -60.61617  -54.71983 1153482626 202.493366    34.6991      47301         11  0.000e+00
   1110.711     0.9579   3.012832     0.9575   3.013221    5.07886    -0.1072    13.8155 0.0000e+00  -60.61617  -54.71983 1153482626 202.493367    34.6987      47302         11  0.000e+00
   1110.711     0.9575   3.012835     0.9575   3.013227    5.07890    -0.1072    13.8155 0.0000e+00  -60.61617  -54.71983 1153482626 202.493367    34.6993      47303         11  0.000e+00
   1110.788     0.9574   3.012822     0.9574   3.013197    5.07897    -0.1502    13.8155 0.0000e+00  -60.61617  -54.71983 1153482626 202.493368    34.6991      47304         11  0.000e+00
   1110.788     0.9577   3.012774     0.9577   3.013180    5.07896    -0.1287    13.8155 0.0000e+00  -60.61617  -54.71983 1153482626 202.493368    34.6981      47305         11  0.000e+00
   1110.788     0.9573   3.012842     0.9572   3.013180    5.07897    -0.0857    13.8155 0.0000e+00  -60.61617  -54.71983 1153482626 202.493369    34.6995      47306         11  0.000e+00
   1110.788     0.9576   3.012839     0.9574   3.013168    5.07894    -0.1287    13.8155 0.0000e+00  -60.61617  -54.71983 1153482626 202.493369    34.6991      47307         11  0.000e+00
