product_data/regression_test/downloaded_data/MGDS/320620060703/ctd/p6615501.ros
* Sea-Bird SBE 9 Data File:
* FileName = D:\Data\Raw\p6615501.dat
* Software Version Seasave Win32 V 5.32
* Temperature SN = 1649
* Conductivity SN = 1431
* Number of Bytes Per Scan = 37
* Number of Voltage Words = 5
* Number of Scans Averaged by the Deck Unit = 1
* NMEA Latitude = 60 48.92 S
* NMEA Longitude = 056 09.66 W
* NMEA UTC (Time) = 20:59:11
** Ship:   Nathaniel B. Palmer 
** Cruise:    NBP0606 
# nquan = 17
# nvalues = 1173                    
# units = specified
# name 0 = prDM: Pressure, Digiquartz [db]
# name 1 = t090C: Temperature [ITS-90, deg C]
# name 2 = c0S/m: Conductivity [S/m]
# name 3 = t190C: Temperature, 2 [ITS-90, deg C]
# name 4 = c1S/m: Conductivity, 2 [S/m]
# name 5 = sbeox0ML/L: Oxygen, SBE 43 [ml/l]
# name 6 = flECO-AFL: Fluorescence, Wetlab ECO-AFL/FL [mg/m^3]
# name 7 = bat: Beam Attenuation, Chelsea/Seatech/Wetlab CStar [1/m]
# name 8 = spar: SPAR/Surface Irradiance
# name 9 = latitude: Latitude [deg]
# name 10 = longitude: Longitude [deg]
# name 11 = timeY: Time, System [seconds]
# name 12 = timeJ: Julian Days
# name 13 = sal00: Salinity [PSU]
# name 14 = scan: scan number
# name 15 = nbf: number of bottles fired
# name 16 = flag:  0.000e+00
# interval = seconds: 0.0416667                   
# start_time = Jul 18 2006 20:59:19
*END*
[from data line 511]
    250.228    -0.5045   2.825731    -0.5134   2.825104    6.70130    -0.1072    13.8155 0.0000e+00  -60.81533  -56.16100 1153258792 199.902707    34.3791      58438         11  0.000e+00
    250.219    -0.5057   2.825601    -0.5143   2.825034    6.70154    -0.0749    13.8155 0.0000e+00  -60.81533  -56.16100 1153258792 199.902707    34.3788      58439         11  0.000e+00
    250.228    -0.5063   2.825538    -0.5148   2.825022    6.69689    -0.0534    13.8155 0.0000e+00  -60.81533  -56.16100 1153258792 199.902708    34.3786      58440         11  0.000e+00
    250.219    -0.5074   2.825422    -0.5149   2.824941    6.69709    -0.0534    13.8155 0.0000e+00  -60.81533  -56.16100 1153258792 199.902708    34.3782      58441         11  0.000e+00
    250.228    -0.5087   2.825156    -0.5156   2.824876    6.69744    -0.0749    13.8155 0.0000e+00  -60.81533  -56.16100 1153258792 199.902709    34.3761      58442         11  0.000e+00
    250.152    -0.5113   2.824937    -0.5166   2.824801    6.69786    -0.0857    13.8155 0.0000e+00  -60.81533  -56.16100 1153258792 199.902709    34.3762      58443         11  0.000e+00
    250.152    -0.5128   2.824741    -0.5169   2.824760    6.70297    -0.0964    13.8155 0.0000e+00  -60.81533  -56.16100 1153258792 199.902710    34.3753      58444         11  0.000e+00
    250.152    -0.5152   2.824462    -0.5179   2.824736    6.70346    -0.0857    13.8155 0.0000e+00  -60.81533  -56.16100 1153258792 199.902710    34.3742      58445         11  0.000e+00
    250.075    -0.5169   2.824296    -0.5178   2.824707    6.70372    -0.0534    13.8155 0.0000e+00  -60.81533  -56.16100 1153258792 199.902711    34.3739      58446         11  0.000e+00
    250.152    -0.5184   2.824223    -0.5183   2.824678    6.69926    -0.0642    13.8155 0.0000e+00  -60.81533  -56.16100 1153258792 199.902711    34.3746      58447         11  0.000e+00
    250.076    -0.5187   2.824167    -0.5180   2.824655    6.70406    -0.0857    13.8155 0.0000e+00  -60.81533  -56.16100 1153258792 199.902712    34.3743      58448         11  0.000e+00
    250.085    -0.5192   2.824160    -0.5182   2.824649    6.70413    -0.0964    13.8155 0.0000e+00  -60.81533  -56.16100 1153258792 199.902712    34.3747      58449         11  0.000e+00
    250.076    -0.5186   2.824137    -0.5180   2.824649    6.70406    -0.0749    13.8155 0.0000e+00  -60.81533  -56.16100 1153258792 199.902713    34.3737      58450         11  0.000e+00
    250.018    -0.5187   2.824137    -0.5174   2.824626    6.70402    -0.1072    13.8155 0.0000e+00  -60.81533  -56.16100 1153258792 199.902713    34.3739      58451         11  0.000e+00
    250.085    -0.5192   2.824167    -0.5171   2.824637    6.70413    -0.1072    13.8155 0.0000e+00  -60.81533  -56.16100 1153258793 199.902714    34.3748      58452         11  0.000e+00
    250.009    -0.5187   2.824117    -0.5169   2.824666    6.70402    -0.0426    13.8155 0.0000e+00  -60.81533  -56.16100 1153258793 199.902714    34.3737      58453         11  0.000e+00
    250.018    -0.5194   2.824170    -0.5169   2.824655    6.70409     0.0004    13.8155 0.0000e+00  -60.81533  -56.16100 1153258793 199.902715    34.3751      58454         11  0.000e+00
    249.942    -0.5189   2.824186    -0.5171   2.824585    6.70394    -0.0749    13.8155 0.0000e+00  -60.81533  -56.16100 1153258793 199.902715    34.3748      58455         11  0.000e+00
    250.018    -0.5186   2.824253    -0.5180   2.824585    6.70393    -0.1180    13.8155 0.0000e+00  -60.81533  -56.16100 1153258793 199.902716    34.3753      58456         11  0.000e+00
    249.942    -0.5178   2.824266    -0.5175   2.824614    6.70375    -0.0642    13.8155 0.0000e+00  -60.81533  -56.16100 1153258793 199.902716    34.3747      58457         11  0.000e+00
    249.942    -0.5171   2.824289    -0.5185   2.824555    6.70363    -0.0426    13.8155 0.0000e+00  -60.81533  -56.16100 1153258793 199.902717    34.3741      58458         11  0.000e+00
    249.942    -0.5172   2.824256    -0.5189   2.824538    6.70367    -0.0749    13.8155 0.0000e+00  -60.81533  -56.16100 1153258793 199.902717    34.3738      58459         11  0.000e+00
    249.865    -0.5178   2.824216    -0.5194   2.824497    6.70849    -0.1072    13.8155 0.0000e+00  -60.81533  -56.16100 1153258793 199.902717    34.3741      58460         11  0.000e+00
    249.942    -0.5181   2.824216    -0.5191   2.824468    6.70859    -0.0964    13.8155 0.0000e+00  -60.81533  -56.16100 1153258793 199.902718    34.3743      58461         11  0.000e+00
    249.865    -0.5181   2.824193    -0.5194   2.824462    6.70854    -0.0857    13.8155 0.0000e+00  -60.81533  -56.16100 1153258793 199.902718    34.3741      58462         11  0.000e+00
    249.875    -0.5181   2.824263    -0.5194   2.824439    6.70851    -0.0964    13.8155 0.0000e+00  -60.81533  -56.16100 1153258793 199.902719    34.3750      58463         11  0.000e+00
    249.865    -0.5173   2.824329    -0.5194   2.824450    6.70835    -0.0642    13.8155 0.0000e+00  -60.81533  -56.16100 1153258793 199.902719    34.3750      58464         11  0.000e+00
    249.808    -0.5163   2.824369    -0.5199   2.824462    6.70813    -0.0642    13.8155 0.0000e+00  -60.81533  -56.16100 1153258793 199.902720    34.3744      58465         11  0.000e+00
    200.168    -0.4847   2.823186    -0.4843   2.823597    6.83404    -0.0964    13.8155 0.0000e+00  -60.81533  -56.16100 1153258865 199.903556    34.3531      60199         12  0.000e+00
    200.140    -0.4845   2.823210    -0.4839   2.823597    6.83398    -0.0642    13.8155 0.0000e+00  -60.81533  -56.16100 1153258865 199.903557    34.3532      60200         12  0.000e+00
    200.101    -0.4845   2.823213    -0.4838   2.823591    6.83394    -0.0642    13.8155 0.0000e+00  -60.81533  -56.16100 1153258865 199.903557    34.3533      60201         12  0.000e+00
    200.168    -0.4843   2.823203    -0.4843   2.823591    6.83398    -0.0642    13.8155 0.0000e+00  -60.81533  -56.16100 1153258865 199.903558    34.3529      60202         12  0.000e+00
    200.063    -0.4842   2.823200    -0.4841   2.823591    6.83387    -0.0749    13.8155 0.0000e+00  -60.81533  -56.16100 1153258866 199.903558    34.3528      60203         12  0.000e+00
    200.101    -0.4842   2.823190    -0.4841   2.823591    6.83391    -0.0749    13.8155 0.0000e+00  -60.81533  -56.16100 1153258866 199.903559    34.3526      60204         12  0.000e+00
    200.140    -0.4847   2.823210    -0.4838   2.823591    6.83400    -0.0642    13.8155 0.0000e+00  -60.81533  -56.16100 1153258866 199.903559    34.3534      60205         12  0.000e+00
    200.101    -0.4842   2.823213    -0.4840   2.823591    6.83390    -0.0319    13.8155 0.0000e+00  -60.81533  -56.16100 1153258866 199.903560    34.3529      60206         12  0.000e+00
    200.025    -0.4848   2.823203    -0.4841   2.823608    6.83391    -0.0426    13.8155 0.0000e+00  -60.81533  -56.16100 1153258866 199.903560    34.3535      60207         12  0.000e+00
    200.063    -0.4840   2.823180    -0.4838   2.823614    6.83386    -0.0534    13.8155 0.0000e+00  -60.81533  -56.16100 1153258866 199.903560    34.3523      60208         12  0.000e+00
    200.102    -0.4842   2.823186    -0.4843   2.823614    6.83391    -0.0426    13.8155 0.0000e+00  -60.81533  -56.16100 1153258866 199.903561    34.3526      60209         12  0.000e+00
    200.063    -0.4845   2.823210    -0.4838   2.823579    6.83390    -0.0534    13.8155 0.0000e+00  -60.81533  -56.16100 1153258866 199.903561    34.3533      60210         12  0.000e+00
    200.025    -0.4845   2.823180    -0.4843   2.823602    6.83389    -0.0857    13.8155 0.0000e+00  -60.81533  -56.16100 1153258866 199.903562    34.3529      60211         12  0.000e+00
    200.063    -0.4840   2.823190    -0.4842   2.823597    6.83385    -0.0749    13.8155 0.0000e+00  -60.81533  -56.16100 1153258866 199.903562    34.3525      60212         12  0.000e+00
    200.102    -0.4842   2.823210    -0.4840   2.823591    6.83390    -0.0426    13.8155 0.0000e+00  -60.81533  -56.16100 1153258866 199.903563    34.3529      60213         12  0.000e+00
    200.025    -0.4842   2.823203    -0.4841   2.823591    6.83383    -0.0319    13.8155 0.0000e+00  -60.81533  -56.16100 1153258866 199.903563    34.3529      60214         12  0.000e+00
    200.063    -0.4845   2.823230    -0.4843   2.823591    6.83389    -0.0534    13.8155 0.0000e+00  -60.81533  -56.16100 1153258866 199.903564    34.3535      60215         12  0.000e+00
    200.102    -0.4843   2.823203    -0.4842   2.823591    6.83392    -0.0534    13.8155 0.0000e+00  -60.81533  -56.16100 1153258866 199.903564    34.3530      60216         12  0.000e+00
    200.063    -0.4845   2.823196    -0.4840   2.823591    6.83391    -0.0319    13.8155 0.0000e+00  -60.81533  -56.16100 1153258866 199.903565    34.3531      60217         12  0.000e+00
    200.025    -0.4842   2.823226    -0.4846   2.823567    6.83381    -0.0426    13.8155 0.0000e+00  -60.81533  -56.16100 1153258866 199.903565    34.3532      60218         12  0.000e+00
    200.102    -0.4845   2.823223    -0.4841   2.823562    6.83393    -0.0642    13.8155 0.0000e+00  -60.81533  -56.16100 1153258866 199.903566    34.3534      60219         12  0.000e+00
    199.996    -0.4843   2.823186    -0.4844   2.823562    6.83383    -0.0642    13.8155 0.0000e+00  -60.81533  -56.16100 1153258866 199.903566    34.3528      60220         12  0.000e+00
    200.102    -0.4843   2.823203    -0.4840   2.823602    6.83392    -0.0426    13.8155 0.0000e+00  -60.81533  -56.16100 1153258866 199.903567    34.3530      60221         12  0.000e+00
    200.063    -0.4845   2.823216    -0.4841   2.823597    6.83390    -0.0211    13.8155 0.0000e+00  -60.81533  -56.16100 1153258866 199.903567    34.3534      60222         12  0.000e+00
    200.025    -0.4843   2.823246    -0.4843   2.823608    6.83382    -0.0104    13.8155 0.0000e+00  -60.81533  -56.16100 1153258866 199.903568    34.3536      60223         12  0.000e+00
    200.063    -0.4847   2.823246    -0.4840   2.823614    6.83390    -0.0534    13.8155 0.0000e+00  -60.81533  -56.16100 1153258866 199.903568    34.3539      60224         12  0.000e+00
    200.102    -0.4842   2.823286    -0.4838   2.823637    6.83385    -0.0749    13.8155 0.0000e+00  -60.81533  -56.16100 1153258866 199.903569    34.3539      60225         12  0.000e+00
    200.102    -0.4842   2.823256    -0.4840   2.823620    6.83387    -0.0964    13.8155 0.0000e+00  -60.81533  -56.16100 1153258866 199.903569    34.3535      60226         12  0.000e+00
    200.063    -0.4843   2.823260    -0.4840   2.823632    6.83385    -0.0426    13.8155 0.0000e+00  -60.81533  -56.16100 1153258867 199.903570    34.3538      60227         12  0.000e+00
    200.025    -0.4845   2.823276    -0.4840   2.823643    6.83383    -0.0426    13.8155 0.0000e+00  -60.81533  -56.16100 1153258867 199.903570    34.3542      60228         12  0.000e+00
    200.140    -0.4845   2.823286    -0.4842   2.823602    6.83393    -0.0534    13.8155 0.0000e+00  -60.81533  -56.16100 1153258867 199.903571    34.3543      60229         12  0.000e+00
    200.102    -0.4845   2.823263    -0.4843   2.823632    6.83391    -0.0426    13.8155 0.0000e+00  -60.81533  -56.16100 1153258867 199.903571    34.3540      60230         12  0.000e+00
    200.102    -0.4842   2.823279    -0.4841   2.823620    6.83385    -0.0642    13.8155 0.0000e+00  -60.81533  -56.16100 1153258867 199.903572    34.3538      60231         12  0.000e+00
    200.064    -0.4843   2.823279    -0.4843   2.823614    6.83384    -0.0857    13.8155 0.0000e+00  -60.81533  -56.16100 1153258867 199.903572    34.3540      60232         12  0.000e+00
    200.102    -0.4847   2.823269    -0.4842   2.823632    6.83392    -0.0857    13.8155 0.0000e+00  -60.81533  -56.16100 1153258867 199.903573    34.3542      60233         12  0.000e+00
    200.140    -0.4842   2.823266    -0.4836   2.823661    6.83390    -0.0857    13.8155 0.0000e+00  -60.81533  -56.16100 1153258867 199.903573    34.3536      60234         12  0.000e+00
    200.102    -0.4845   2.823256    -0.4836   2.823672    6.83391    -0.0211    13.8155 0.0000e+00  -60.81533  -56.16100 1153258867 199.903573    34.3539      60235         12  0.000e+00
    200.140    -0.4843   2.823246    -0.4835   2.823667    6.83393    -0.0534    13.8155 0.0000e+00  -60.81533  -56.16100 1153258867 199.903574    34.3535      60236         12  0.000e+00
    200.102    -0.4847   2.823253    -0.4836   2.823667    6.83393    -0.0857    13.8155 0.0000e+00  -60.81533  -56.16100 1153258867 199.903574    34.3540      60237         12  0.000e+00
    200.169    -0.4840   2.823279    -0.4844   2.823649    6.83864    -0.0426    13.8155 0.0000e+00  -60.81533  -56.16100 1153258867 199.903575    34.3536      60238         12  0.000e+00
    200.140    -0.4843   2.823269    -0.4836   2.823620    6.83392    -0.0426    13.8155 0.0000e+00  -60.81533  -56.16100 1153258867 199.903575    34.3538      60239         12  0.000e+00
    200.169    -0.4840   2.823293    -0.4836   2.823637    6.83863    -0.0642    13.8155 0.0000e+00  -60.81533  -56.16100 1153258867 199.903576    34.3538      60240         12  0.000e+00
    200.140    -0.4839   2.823256    -0.4838   2.823661    6.83386    -0.0749    13.8155 0.0000e+00  -60.81533  -56.16100 1153258867 199.903576    34.3531      60241         12  0.000e+00
    200.169    -0.4845   2.823269    -0.4840   2.823667    6.83397    -0.0642    13.8155 0.0000e+00  -60.81533  -56.16100 1153258867 199.903577    34.3540      60242         12  0.000e+00
    200.169    -0.4837   2.823269    -0.4836   2.823649    6.83386    -0.0534    13.8155 0.0000e+00  -60.81533  -56.16100 1153258867 199.903577    34.3531      60243         12  0.000e+00
    200.207    -0.4845   2.823256    -0.4847   2.823643    6.83876    -0.0534    13.8155 0.0000e+00  -60.81533  -56.16100 1153258867 199.903578    34.3538      60244         12  0.000e+00
    200.169    -0.4845   2.823246    -0.4844   2.823643    6.83398    -0.0534    13.8155 0.0000e+00  -60.81533  -56.16100 1153258867 199.903578    34.3537      60245         12  0.000e+00
    200.207    -0.4842   2.823260    -0.4841   2.823643    6.83397    -0.0426    13.8155 0.0000e+00  -60.81533  -56.16100 1153258867 199.903579    34.3535      60246         12  0.000e+00
    200.236    -0.4840   2.823276    -0.4836   2.823643    6.83396    -0.0857    13.8155 0.0000e+00  -60.81533  -56.16100 1153258867 199.903579    34.3535      60247         12  0.000e+00
    150.213    -0.5725   2.811229    -0.5737   2.811466    6.99055    -0.0104    13.8155 0.0000e+00  -60.81533  -56.16100 1153258946 199.904489    34.3223      62134         13  0.000e+00
    150.356    -0.5746   2.811206    -0.5743   2.811477    6.99101    -0.0211    13.8155 0.0000e+00  -60.81533  -56.16100 1153258946 199.904490    34.3243      62135         13  0.000e+00
    150.146    -0.5756   2.811193    -0.5734   2.811524    6.99567    -0.0211    13.8155 0.0000e+00  -60.81533  -56.16100 1153258946 199.904490    34.3254      62136         13  0.000e+00
    150.280    -0.5746   2.811222    -0.5718   2.811600    6.99565    -0.0534    13.8155 0.0000e+00  -60.81533  -56.16100 1153258946 199.904491    34.3246      62137         13  0.000e+00
    150.213    -0.5750   2.811236    -0.5722   2.811640    6.99563    -0.0426    13.8155 0.0000e+00  -60.81533  -56.16100 1153258946 199.904491    34.3252      62138         13  0.000e+00
    150.146    -0.5752   2.811216    -0.5737   2.811588    6.99088    -0.0426    13.8155 0.0000e+00  -60.81533  -56.16100 1153258946 199.904492    34.3253      62139         13  0.000e+00
    150.213    -0.5753   2.811212    -0.5752   2.811483    6.99568    -0.0642    13.8155 0.0000e+00  -60.81533  -56.16100 1153258946 199.904492    34.3252      62140         13  0.000e+00
