product_data/regression_test/downloaded_data/MGDS/320620060703/ctd/p6610901.ros
* Sea-Bird SBE 9 Data File:
* FileName = D:\Data\Raw\p6610901.dat
* Software Version Seasave Win32 V 5.32
* Temperature SN = 1649
* Conductivity SN = 1431
* Number of Bytes Per Scan = 37
* Number of Voltage Words = 5
* Number of Scans Averaged by the Deck Unit = 1
* NMEA Latitude = 61 18.97 S
* NMEA Longitude = 054 52.55 W
* NMEA UTC (Time) = 01:40:04
** Ship:   Nathaniel B. Palmer 
** Cruise:    NBP0606 
# nquan = 17
# nvalues = 1170                    
# units = specified
# name 0 = prDM: Pressure, Digiquartz [db]
# name 1 = t090C: Temperature [ITS-90, deg C]
# name 2 = c0S/m: Conductivity [S/m]
# name 3 = t190C: Temperature, 2 [ITS-90, deg C]
# name 4 = c1S/m: Conductivity, 2 [S/m]
# name 5 = sbeox0ML/L: Oxygen, SBE 43 [ml/l]
# name 6 = flECO-AFL: Fluorescence, Wetlab ECO-AFL/FL [mg/m^3]
# name 7 = bat: Beam Attenuation, Chelsea/Seatech/Wetlab CStar [1/m]
# name 8 = spar: SPAR/Surface Irradiance
# name 9 = latitude: Latitude [deg]
# name 10 = longitude: Longitude [deg]
# name 11 = timeY: Time, System [seconds]
# name 12 = timeJ: Julian Days
# name 13 = sal00: Salinity [PSU]
# name 14 = scan: scan number
# name 15 = nbf: number of bottles fired
# name 16 = flag:  0.000e+00
# interval = seconds: 0.0416667                   
# start_time = Jul 14 2006 01:40:12
*END*
[from data line 341]
    299.180     0.1765   2.890860     0.1761   2.891227    6.09577    -0.0964    13.8155 0.0000e+00  -61.31617  -54.87583 1152842813 195.088134    34.4491      38468          7  0.000e+00
    299.209     0.1765   2.890856     0.1764   2.891232    6.09580    -0.0749    13.8155 0.0000e+00  -61.31617  -54.87583 1152842813 195.088135    34.4490      38469          7  0.000e+00
    299.257     0.1783   2.891074     0.1764   2.891303    6.09549    -0.0534    13.8155 0.0000e+00  -61.31617  -54.87583 1152842814 195.088145    34.4497      38490          8  0.000e+00
    299.257     0.1782   2.891037     0.1769   2.891338    6.09553    -0.0319    13.8155 0.0000e+00  -61.31617  -54.87583 1152842814 195.088145    34.4494      38491          8  0.000e+00
    299.324     0.1781   2.891001     0.1772   2.891356    6.09561    -0.0319    13.8155 0.0000e+00  -61.31617  -54.87583 1152842814 195.088146    34.4490      38492          8  0.000e+00
    299.209     0.1775   2.890974     0.1771   2.891356    6.09560    -0.0534    13.8155 0.0000e+00  -61.31617  -54.87583 1152842814 195.088146    34.4493      38493          8  0.000e+00
    299.324     0.1774   2.890970     0.1776   2.891356    6.09572    -0.0642    13.8155 0.0000e+00  -61.31617  -54.87583 1152842814 195.088147    34.4494      38494          8  0.000e+00
    299.257     0.1772   2.890944     0.1770   2.891344    6.09570    -0.0642    13.8155 0.0000e+00  -61.31617  -54.87583 1152842814 195.088147    34.4493      38495          8  0.000e+00
    299.276     0.1770   2.890960     0.1770   2.891327    6.09573    -0.1072    13.8155 0.0000e+00  -61.31617  -54.87583 1152842814 195.088148    34.4497      38496          8  0.000e+00
    299.257     0.1782   2.890987     0.1775   2.891327    6.09556    -0.0964    13.8155 0.0000e+00  -61.31617  -54.87583 1152842814 195.088148    34.4488      38497          8  0.000e+00
    299.324     0.1774   2.890967     0.1775   2.891362    6.09572    -0.0749    13.8155 0.0000e+00  -61.31617  -54.87583 1152842814 195.088149    34.4493      38498          8  0.000e+00
    299.324     0.1771   2.891001     0.1773   2.891380    6.10047    -0.0534    13.8155 0.0000e+00  -61.31617  -54.87583 1152842814 195.088149    34.4501      38499          8  0.000e+00
    299.276     0.1777   2.890997     0.1775   2.891380    6.10036    -0.0749    13.8155 0.0000e+00  -61.31617  -54.87583 1152842814 195.088150    34.4494      38500          8  0.000e+00
    299.324     0.1777   2.891027     0.1783   2.891397    6.09566    -0.0749    13.8155 0.0000e+00  -61.31617  -54.87583 1152842814 195.088150    34.4498      38501          8  0.000e+00
    299.324     0.1779   2.891031     0.1778   2.891385    6.09563    -0.0964    13.8155 0.0000e+00  -61.31617  -54.87583 1152842814 195.088151    34.4497      38502          8  0.000e+00
    299.353     0.1782   2.891071     0.1783   2.891380    6.09560    -0.1072    13.8155 0.0000e+00  -61.31617  -54.87583 1152842814 195.088151    34.4498      38503          8  0.000e+00
    299.391     0.1785   2.891088     0.1781   2.891380    6.09558    -0.0749    13.8155 0.0000e+00  -61.31617  -54.87583 1152842815 195.088152    34.4497      38504          8  0.000e+00
    299.324     0.1788   2.891068     0.1778   2.891421    6.09550    -0.0642    13.8155 0.0000e+00  -61.31617  -54.87583 1152842815 195.088152    34.4491      38505          8  0.000e+00
    299.420     0.1785   2.891054     0.1781   2.891391    6.09562    -0.0857    13.8155 0.0000e+00  -61.31617  -54.87583 1152842815 195.088152    34.4492      38506          8  0.000e+00
    299.391     0.1782   2.891044     0.1783   2.891397    6.09564    -0.0426    13.8155 0.0000e+00  -61.31617  -54.87583 1152842815 195.088153    34.4495      38507          8  0.000e+00
    299.391     0.1783   2.891074     0.1783   2.891444    6.09561    -0.0964    13.8155 0.0000e+00  -61.31617  -54.87583 1152842815 195.088153    34.4497      38508          8  0.000e+00
    299.391     0.1783   2.891044     0.1783   2.891462    6.09563    -0.1180    13.8155 0.0000e+00  -61.31617  -54.87583 1152842815 195.088154    34.4493      38509          8  0.000e+00
    299.420     0.1779   2.891021     0.1786   2.891444    6.09572    -0.1180    13.8155 0.0000e+00  -61.31617  -54.87583 1152842815 195.088154    34.4495      38510          8  0.000e+00
    299.391     0.1779   2.891084     0.1785   2.891438    6.09566    -0.1180    13.8155 0.0000e+00  -61.31617  -54.87583 1152842815 195.088155    34.4503      38511          8  0.000e+00
    299.468     0.1782   2.891074     0.1779   2.891456    6.09569    -0.1180    13.8155 0.0000e+00  -61.31617  -54.87583 1152842815 195.088155    34.4498      38512          8  0.000e+00
    299.420     0.1783   2.891074     0.1779   2.891421    6.09563    -0.1395    13.8155 0.0000e+00  -61.31617  -54.87583 1152842815 195.088156    34.4496      38513          8  0.000e+00
    299.468     0.1784   2.891048     0.1779   2.891427    6.09567    -0.1395    13.8155 0.0000e+00  -61.31617  -54.87583 1152842815 195.088156    34.4491      38514          8  0.000e+00
    299.468     0.1780   2.891058     0.1783   2.891438    6.09572    -0.1180    13.8155 0.0000e+00  -61.31617  -54.87583 1152842815 195.088157    34.4497      38515          8  0.000e+00
    299.497     0.1779   2.891115     0.1784   2.891456    6.10046    -0.0749    13.8155 0.0000e+00  -61.31617  -54.87583 1152842815 195.088157    34.4507      38516          8  0.000e+00
    299.535     0.1788   2.891125     0.1787   2.891462    6.10037    -0.0534    13.8155 0.0000e+00  -61.31617  -54.87583 1152842815 195.088158    34.4497      38517          8  0.000e+00
    299.468     0.1784   2.891111     0.1789   2.891480    6.10037    -0.0964    13.8155 0.0000e+00  -61.31617  -54.87583 1152842815 195.088158    34.4500      38518          8  0.000e+00
    299.535     0.1790   2.891108     0.1789   2.891503    6.10036    -0.0964    13.8155 0.0000e+00  -61.31617  -54.87583 1152842815 195.088159    34.4493      38519          8  0.000e+00
    299.497     0.1785   2.891101     0.1787   2.891533    6.10039    -0.0749    13.8155 0.0000e+00  -61.31617  -54.87583 1152842815 195.088159    34.4498      38520          8  0.000e+00
    299.535     0.1786   2.891105     0.1792   2.891544    6.10040    -0.0534    13.8155 0.0000e+00  -61.31617  -54.87583 1152842815 195.088160    34.4496      38521          8  0.000e+00
    299.535     0.1791   2.891142     0.1792   2.891527    6.09560    -0.0964    13.8155 0.0000e+00  -61.31617  -54.87583 1152842815 195.088160    34.4496      38522          8  0.000e+00
    299.564     0.1790   2.891135     0.1790   2.891521    6.09564    -0.0857    13.8155 0.0000e+00  -61.31617  -54.87583 1152842815 195.088161    34.4497      38523          8  0.000e+00
    299.535     0.1793   2.891142     0.1790   2.891538    6.09558    -0.0964    13.8155 0.0000e+00  -61.31617  -54.87583 1152842815 195.088161    34.4494      38524          8  0.000e+00
    299.602     0.1793   2.891168     0.1793   2.891562    6.09562    -0.0749    13.8155 0.0000e+00  -61.31617  -54.87583 1152842815 195.088162    34.4497      38525          8  0.000e+00
    299.564     0.1793   2.891158     0.1794   2.891550    6.10032    -0.0749    13.8155 0.0000e+00  -61.31617  -54.87583 1152842815 195.088162    34.4496      38526          8  0.000e+00
    299.535     0.1789   2.891155     0.1798   2.891586    6.10034    -0.0749    13.8155 0.0000e+00  -61.31617  -54.87583 1152842815 195.088163    34.4500      38527          8  0.000e+00
    299.602     0.1791   2.891095     0.1798   2.891556    6.10041    -0.0642    13.8155 0.0000e+00  -61.31617  -54.87583 1152842816 195.088163    34.4489      38528          8  0.000e+00
    299.602     0.1788   2.891098     0.1802   2.891586    6.10045    -0.0749    13.8155 0.0000e+00  -61.31617  -54.87583 1152842816 195.088164    34.4493      38529          8  0.000e+00
    299.564     0.1793   2.891125     0.1796   2.891539    6.10034    -0.0319    13.8155 0.0000e+00  -61.31617  -54.87583 1152842816 195.088164    34.4492      38530          8  0.000e+00
    299.602     0.1786   2.891142     0.1796   2.891550    6.10045    -0.0642    13.8155 0.0000e+00  -61.31617  -54.87583 1152842816 195.088165    34.4501      38531          8  0.000e+00
    299.602     0.1791   2.891118     0.1792   2.891568    6.10040    -0.0964    13.8155 0.0000e+00  -61.31617  -54.87583 1152842816 195.088165    34.4493      38532          8  0.000e+00
    299.631     0.1790   2.891125     0.1798   2.891591    6.10043    -0.1072    13.8155 0.0000e+00  -61.31617  -54.87583 1152842816 195.088166    34.4495      38533          8  0.000e+00
    299.602     0.1788   2.891132     0.1798   2.891580    6.10043    -0.0857    13.8155 0.0000e+00  -61.31617  -54.87583 1152842816 195.088166    34.4498      38534          8  0.000e+00
    299.602     0.1786   2.891142     0.1798   2.891550    6.10044    -0.1072    13.8155 0.0000e+00  -61.31617  -54.87583 1152842816 195.088166    34.4501      38535          8  0.000e+00
    299.631     0.1786   2.891118     0.1796   2.891586    6.10048    -0.1180    13.8155 0.0000e+00  -61.31617  -54.87583 1152842816 195.088167    34.4498      38536          8  0.000e+00
    299.602     0.1786   2.891142     0.1800   2.891580    6.10044    -0.1180    13.8155 0.0000e+00  -61.31617  -54.87583 1152842816 195.088167    34.4501      38537          8  0.000e+00
    299.602     0.1786   2.891105     0.1799   2.891591    6.10046    -0.0749    13.8155 0.0000e+00  -61.31617  -54.87583 1152842816 195.088168    34.4496      38538          8  0.000e+00
    200.358     0.2581   2.892107     0.2565   2.892311    6.08584    -0.0534    13.8155 0.0000e+00  -61.31617  -54.87583 1152842953 195.089756    34.4332      41832          9  0.000e+00
    200.263     0.2574   2.892056     0.2572   2.892293    6.09052    -0.0749    13.8155 0.0000e+00  -61.31617  -54.87583 1152842953 195.089757    34.4333      41833          9  0.000e+00
    200.358     0.2579   2.892083     0.2576   2.892270    6.08588    -0.0964    13.8155 0.0000e+00  -61.31617  -54.87583 1152842953 195.089757    34.4331      41834          9  0.000e+00
    200.329     0.2578   2.892076     0.2567   2.892252    6.08587    -0.1180    13.8155 0.0000e+00  -61.31617  -54.87583 1152842953 195.089758    34.4331      41835          9  0.000e+00
    200.291     0.2574   2.892107     0.2575   2.892269    6.08586    -0.0964    13.8155 0.0000e+00  -61.31617  -54.87583 1152842953 195.089758    34.4339      41836          9  0.000e+00
    200.358     0.2574   2.892130     0.2567   2.892299    6.08590    -0.0749    13.8155 0.0000e+00  -61.31617  -54.87583 1152842953 195.089759    34.4342      41837          9  0.000e+00
    200.263     0.2574   2.892107     0.2569   2.892264    6.08584    -0.0534    13.8155 0.0000e+00  -61.31617  -54.87583 1152842953 195.089759    34.4339      41838          9  0.000e+00
    200.291     0.2574   2.892130     0.2572   2.892252    6.08585    -0.0749    13.8155 0.0000e+00  -61.31617  -54.87583 1152842953 195.089760    34.4342      41839          9  0.000e+00
    200.330     0.2578   2.892123     0.2564   2.892234    6.08584    -0.0964    13.8155 0.0000e+00  -61.31617  -54.87583 1152842954 195.089760    34.4337      41840          9  0.000e+00
    200.291     0.2576   2.892100     0.2559   2.892246    6.08585    -0.1180    13.8155 0.0000e+00  -61.31617  -54.87583 1152842954 195.089761    34.4337      41841          9  0.000e+00
    200.291     0.2574   2.892056     0.2567   2.892269    6.08589    -0.0642    13.8155 0.0000e+00  -61.31617  -54.87583 1152842954 195.089761    34.4333      41842          9  0.000e+00
    200.263     0.2576   2.892046     0.2562   2.892246    6.08585    -0.0211    13.8155 0.0000e+00  -61.31617  -54.87583 1152842954 195.089762    34.4330      41843          9  0.000e+00
    200.291     0.2572   2.892033     0.2555   2.892146    6.08594    -0.0749    13.8155 0.0000e+00  -61.31617  -54.87583 1152842954 195.089762    34.4333      41844          9  0.000e+00
    200.224     0.2573   2.892009     0.2547   2.892075    6.08588    -0.0964    13.8155 0.0000e+00  -61.31617  -54.87583 1152842954 195.089763    34.4329      41845          9  0.000e+00
    200.406     0.2573   2.892086     0.2544   2.892022    6.08599    -0.1072    13.8155 0.0000e+00  -61.31617  -54.87583 1152842954 195.089763    34.4338      41846          9  0.000e+00
    200.291     0.2570   2.892083     0.2542   2.891963    6.08593    -0.1180    13.8155 0.0000e+00  -61.31617  -54.87583 1152842954 195.089764    34.4342      41847          9  0.000e+00
    200.330     0.2578   2.892123     0.2539   2.891952    6.08584    -0.0749    13.8155 0.0000e+00  -61.31617  -54.87583 1152842954 195.089764    34.4337      41848          9  0.000e+00
    200.291     0.2579   2.892194     0.2542   2.891952    6.08576    -0.0964    13.8155 0.0000e+00  -61.31617  -54.87583 1152842954 195.089765    34.4346      41849          9  0.000e+00
    200.291     0.2587   2.892227     0.2547   2.891952    6.08564    -0.0749    13.8155 0.0000e+00  -61.31617  -54.87583 1152842954 195.089765    34.4341      41850          9  0.000e+00
    200.330     0.2584   2.892231     0.2542   2.891993    6.08571    -0.0319    13.8155 0.0000e+00  -61.31617  -54.87583 1152842954 195.089766    34.4345      41851          9  0.000e+00
    200.291     0.2590   2.892217     0.2550   2.892069    6.08561    -0.0319    13.8155 0.0000e+00  -61.31617  -54.87583 1152842954 195.089766    34.4336      41852          9  0.000e+00
    200.330     0.2586   2.892227     0.2555   2.892181    6.08569    -0.0749    13.8155 0.0000e+00  -61.31617  -54.87583 1152842954 195.089767    34.4342      41853          9  0.000e+00
    200.358     0.2582   2.892268     0.2562   2.892305    6.08108    -0.0749    13.8155 0.0000e+00  -61.31617  -54.87583 1152842954 195.089767    34.4351      41854          9  0.000e+00
    200.291     0.2590   2.892294     0.2565   2.892334    6.08557    -0.0964    13.8155 0.0000e+00  -61.31617  -54.87583 1152842954 195.089768    34.4347      41855          9  0.000e+00
    200.330     0.2591   2.892405     0.2568   2.892375    6.08552    -0.0749    13.8155 0.0000e+00  -61.31617  -54.87583 1152842954 195.089768    34.4359      41856          9  0.000e+00
    200.358     0.2603   2.892529     0.2579   2.892511    6.08068    -0.1072    13.8155 0.0000e+00  -61.31617  -54.87583 1152842954 195.089769    34.4363      41857          9  0.000e+00
    200.330     0.2612   2.892627     0.2595   2.892693    6.08049    -0.0964    13.8155 0.0000e+00  -61.31617  -54.87583 1152842954 195.089769    34.4366      41858          9  0.000e+00
    200.358     0.2623   2.892667     0.2606   2.892846    6.08036    -0.0534    13.8155 0.0000e+00  -61.31617  -54.87583 1152842954 195.089769    34.4358      41859          9  0.000e+00
    200.358     0.2626   2.892690     0.2615   2.892940    6.08031    -0.0534    13.8155 0.0000e+00  -61.31617  -54.87583 1152842954 195.089770    34.4358      41860          9  0.000e+00
    200.406     0.2623   2.892623     0.2621   2.892940    6.08042    -0.0749    13.8155 0.0000e+00  -61.31617  -54.87583 1152842954 195.089770    34.4352      41861          9  0.000e+00
    200.358     0.2613   2.892570     0.2620   2.892964    6.08053    -0.0857    13.8155 0.0000e+00  -61.31617  -54.87583 1152842954 195.089771    34.4356      41862          9  0.000e+00
    200.359     0.2615   2.892523     0.2620   2.892964    6.08054    -0.1395    13.8155 0.0000e+00  -61.31617  -54.87583 1152842954 195.089771    34.4348      41863          9  0.000e+00
    200.406     0.2615   2.892563     0.2627   2.892982    6.08056    -0.0964    13.8155 0.0000e+00  -61.31617  -54.87583 1152842955 195.089772    34.4353      41864          9  0.000e+00
