product_data/regression_test/downloaded_data/MGDS/320620060703/ctd/p6611901.ros
* Sea-Bird SBE 9 Data File:
* FileName = D:\Data\Raw\p6611901.dat
* Software Version Seasave Win32 V 5.32
* Temperature SN = 1649
* Conductivity SN = 1431
* Number of Bytes Per Scan = 37
* Number of Voltage Words = 5
* Number of Scans Averaged by the Deck Unit = 1
* NMEA Latitude = 61 13.55 S
* NMEA Longitude = 054 24.71 W
* NMEA UTC (Time) = 20:24:51
** Ship:   Nathaniel B. Palmer 
** Cruise:    NBP0606 
# nquan = 17
# nvalues = 1152                    
# units = specified
# name 0 = prDM: Pressure, Digiquartz [db]
# name 1 = t090C: Temperature [ITS-90, deg C]
# name 2 = c0S/m: Conductivity [S/m]
# name 3 = t190C: Temperature, 2 [ITS-90, deg C]
# name 4 = c1S/m: Conductivity, 2 [S/m]
# name 5 = sbeox0ML/L: Oxygen, SBE 43 [ml/l]
# name 6 = flECO-AFL: Fluorescence, Wetlab ECO-AFL/FL [mg/m^3]
# name 7 = bat: Beam Attenuation, Chelsea/Seatech/Wetlab CStar [1/m]
# name 8 = spar: SPAR/Surface Irradiance
# name 9 = latitude: Latitude [deg]
# name 10 = longitude: Longitude [deg]
# name 11 = timeY: Time, System [seconds]
# name 12 = timeJ: Julian Days
# name 13 = sal00: Salinity [PSU]
# name 14 = scan: scan number
# name 15 = nbf: number of bottles fired
# name 16 = flag:  0.000e+00
# interval = seconds: 0.0416667                   
# start_time = Jul 14 2006 20:24:59
*END*
[from data line 596]
    200.733    -0.4369   2.826810    -0.4371   2.827267    6.81150    -0.0964    13.8155 0.0000e+00  -61.22583  -54.41183 1152909998 195.865741    34.3474      31225         13  0.000e+00
    200.733    -0.4366   2.826806    -0.4363   2.827243    6.81146    -0.0964    13.8155 0.0000e+00  -61.22583  -54.41183 1152909999 195.865741    34.3469      31226         13  0.000e+00
    200.771    -0.4370   2.826803    -0.4371   2.827255    6.81156    -0.1287    13.8155 0.0000e+00  -61.22583  -54.41183 1152909999 195.865742    34.3474      31227         13  0.000e+00
    200.733    -0.4364   2.826786    -0.4363   2.827255    6.81145    -0.0964    13.8155 0.0000e+00  -61.22583  -54.41183 1152909999 195.865742    34.3465      31228         13  0.000e+00
    200.800    -0.4366   2.826796    -0.4371   2.827255    6.81153    -0.0642    13.8155 0.0000e+00  -61.22583  -54.41183 1152909999 195.865743    34.3468      31229         13  0.000e+00
    200.771    -0.4369   2.826803    -0.4371   2.827243    6.81154    -0.0534    13.8155 0.0000e+00  -61.22583  -54.41183 1152909999 195.865743    34.3472      31230         13  0.000e+00
    200.733    -0.4366   2.826806    -0.4368   2.827226    6.81146    -0.0319    13.8155 0.0000e+00  -61.22583  -54.41183 1152909999 195.865744    34.3469      31231         13  0.000e+00
    200.771    -0.4366   2.826820    -0.4368   2.827249    6.81149    -0.0857    13.8155 0.0000e+00  -61.22583  -54.41183 1152909999 195.865744    34.3471      31232         13  0.000e+00
    200.733    -0.4367   2.826846    -0.4363   2.827243    6.81145    -0.1180    13.8155 0.0000e+00  -61.22583  -54.41183 1152909999 195.865745    34.3476      31233         13  0.000e+00
    200.800    -0.4363   2.826849    -0.4368   2.827255    6.81145    -0.0964    13.8155 0.0000e+00  -61.22583  -54.41183 1152909999 195.865745    34.3471      31234         13  0.000e+00
    200.771    -0.4367   2.826833    -0.4365   2.827272    6.81150    -0.0534    13.8155 0.0000e+00  -61.22583  -54.41183 1152909999 195.865746    34.3474      31235         13  0.000e+00
    200.800    -0.4368   2.826810    -0.4361   2.827243    6.81155    -0.0642    13.8155 0.0000e+00  -61.22583  -54.41183 1152909999 195.865746    34.3472      31236         13  0.000e+00
    200.733    -0.4369   2.826856    -0.4368   2.827272    6.80673    -0.0857    13.8155 0.0000e+00  -61.22583  -54.41183 1152909999 195.865747    34.3480      31237         13  0.000e+00
    200.771    -0.4370   2.826839    -0.4366   2.827261    6.81153    -0.0211    13.8155 0.0000e+00  -61.22583  -54.41183 1152909999 195.865747    34.3479      31238         13  0.000e+00
    200.800    -0.4369   2.826810    -0.4368   2.827255    6.80682    -0.0426    13.8155 0.0000e+00  -61.22583  -54.41183 1152909999 195.865747    34.3473      31239         13  0.000e+00
    200.771    -0.4368   2.826803    -0.4366   2.827278    6.80678    -0.0857    13.8155 0.0000e+00  -61.22583  -54.41183 1152909999 195.865748    34.3471      31240         13  0.000e+00
    200.733    -0.4367   2.826823    -0.4365   2.827237    6.81147    -0.0749    13.8155 0.0000e+00  -61.22583  -54.41183 1152909999 195.865748    34.3473      31241         13  0.000e+00
    200.800    -0.4372   2.826843    -0.4372   2.827232    6.81158    -0.0426    13.8155 0.0000e+00  -61.22583  -54.41183 1152909999 195.865749    34.3481      31242         13  0.000e+00
    200.771    -0.4370   2.826816    -0.4371   2.827272    6.81155    -0.0857    13.8155 0.0000e+00  -61.22583  -54.41183 1152909999 195.865749    34.3476      31243         13  0.000e+00
    200.733    -0.4374   2.826803    -0.4368   2.827249    6.81157    -0.0857    13.8155 0.0000e+00  -61.22583  -54.41183 1152909999 195.865750    34.3478      31244         13  0.000e+00
    200.800    -0.4372   2.826803    -0.4368   2.827226    6.81160    -0.0964    13.8155 0.0000e+00  -61.22583  -54.41183 1152909999 195.865750    34.3475      31245         13  0.000e+00
    200.705    -0.4372   2.826823    -0.4369   2.827231    6.81150    -0.0642    13.8155 0.0000e+00  -61.22583  -54.41183 1152909999 195.865751    34.3478      31246         13  0.000e+00
    200.800    -0.4373   2.826843    -0.4371   2.827237    6.81160    -0.1180    13.8155 0.0000e+00  -61.22583  -54.41183 1152909999 195.865751    34.3483      31247         13  0.000e+00
    200.771    -0.4374   2.826833    -0.4363   2.827249    6.80684    -0.1072    13.8155 0.0000e+00  -61.22583  -54.41183 1152909999 195.865752    34.3482      31248         13  0.000e+00
    200.733    -0.4367   2.826826    -0.4369   2.827255    6.80672    -0.0319    13.8155 0.0000e+00  -61.22583  -54.41183 1152909999 195.865752    34.3474      31249         13  0.000e+00
    200.733    -0.4373   2.826826    -0.4371   2.827220    6.80681    -0.0642    13.8155 0.0000e+00  -61.22583  -54.41183 1152910000 195.865753    34.3481      31250         13  0.000e+00
    200.772    -0.4370   2.826810    -0.4369   2.827243    6.81155    -0.0857    13.8155 0.0000e+00  -61.22583  -54.41183 1152910000 195.865753    34.3475      31251         13  0.000e+00
    200.733    -0.4374   2.826819    -0.4368   2.827237    6.81156    -0.0964    13.8155 0.0000e+00  -61.22583  -54.41183 1152910000 195.865754    34.3480      31252         13  0.000e+00
    200.733    -0.4372   2.826793    -0.4366   2.827214    6.81155    -0.0749    13.8155 0.0000e+00  -61.22583  -54.41183 1152910000 195.865754    34.3474      31253         13  0.000e+00
    200.705    -0.4377   2.826796    -0.4371   2.827226    6.81158    -0.0426    13.8155 0.0000e+00  -61.22583  -54.41183 1152910000 195.865755    34.3480      31254         13  0.000e+00
    200.733    -0.4370   2.826839    -0.4371   2.827249    6.81150    -0.0642    13.8155 0.0000e+00  -61.22583  -54.41183 1152910000 195.865755    34.3479      31255         13  0.000e+00
    200.705    -0.4371   2.826796    -0.4369   2.827255    6.80676    -0.0857    13.8155 0.0000e+00  -61.22583  -54.41183 1152910000 195.865756    34.3474      31256         13  0.000e+00
    200.666    -0.4373   2.826780    -0.4369   2.827261    6.80677    -0.0319    13.8155 0.0000e+00  -61.22583  -54.41183 1152910000 195.865756    34.3475      31257         13  0.000e+00
    200.733    -0.4373   2.826833    -0.4371   2.827232    6.81155    -0.0104    13.8155 0.0000e+00  -61.22583  -54.41183 1152910000 195.865757    34.3482      31258         13  0.000e+00
    200.705    -0.4373   2.826813    -0.4369   2.827208    6.80679    -0.0642    13.8155 0.0000e+00  -61.22583  -54.41183 1152910000 195.865757    34.3479      31259         13  0.000e+00
    200.667    -0.4371   2.826786    -0.4366   2.827243    6.80673    -0.0642    13.8155 0.0000e+00  -61.22583  -54.41183 1152910000 195.865758    34.3473      31260         13  0.000e+00
    200.667    -0.4369   2.826813    -0.4369   2.827255    6.81143    -0.0857    13.8155 0.0000e+00  -61.22583  -54.41183 1152910000 195.865758    34.3474      31261         13  0.000e+00
    200.638    -0.4372   2.826826    -0.4368   2.827278    6.81144    -0.0642    13.8155 0.0000e+00  -61.22583  -54.41183 1152910000 195.865759    34.3479      31262         13  0.000e+00
    200.667    -0.4369   2.826810    -0.4374   2.827249    6.81143    -0.0426    13.8155 0.0000e+00  -61.22583  -54.41183 1152910000 195.865759    34.3474      31263         13  0.000e+00
    200.638    -0.4366   2.826803    -0.4369   2.827214    6.81137    -0.0426    13.8155 0.0000e+00  -61.22583  -54.41183 1152910000 195.865760    34.3470      31264         13  0.000e+00
    200.428    -0.4366   2.826786    -0.4363   2.827243    6.81118    -0.0857    13.8155 0.0000e+00  -61.22583  -54.41183 1152910001 195.865766    34.3468      31278         14  0.000e+00
    200.456    -0.4366   2.826780    -0.4363   2.827237    6.81121    -0.1072    13.8155 0.0000e+00  -61.22583  -54.41183 1152910001 195.865767    34.3467      31279         14  0.000e+00
    200.428    -0.4369   2.826780    -0.4368   2.827237    6.81123    -0.1180    13.8155 0.0000e+00  -61.22583  -54.41183 1152910001 195.865767    34.3471      31280         14  0.000e+00
    200.380    -0.4366   2.826796    -0.4368   2.827226    6.81113    -0.0964    13.8155 0.0000e+00  -61.22583  -54.41183 1152910001 195.865768    34.3470      31281         14  0.000e+00
    200.380    -0.4369   2.826803    -0.4363   2.827231    6.81117    -0.0749    13.8155 0.0000e+00  -61.22583  -54.41183 1152910001 195.865768    34.3475      31282         14  0.000e+00
    200.428    -0.4370   2.826786    -0.4369   2.827237    6.81124    -0.0319    13.8155 0.0000e+00  -61.22583  -54.41183 1152910001 195.865769    34.3474      31283         14  0.000e+00
    200.380    -0.4369   2.826796    -0.4366   2.827237    6.81117    -0.0642    13.8155 0.0000e+00  -61.22583  -54.41183 1152910001 195.865769    34.3474      31284         14  0.000e+00
    200.313    -0.4372   2.826803    -0.4368   2.827249    6.81114    -0.0426    13.8155 0.0000e+00  -61.22583  -54.41183 1152910001 195.865770    34.3478      31285         14  0.000e+00
    200.351    -0.4369   2.826786    -0.4371   2.827220    6.81115    -0.0104    13.8155 0.0000e+00  -61.22583  -54.41183 1152910001 195.865770    34.3473      31286         14  0.000e+00
    200.313    -0.4366   2.826799    -0.4368   2.827226    6.81106    -0.0426    13.8155 0.0000e+00  -61.22583  -54.41183 1152910001 195.865771    34.3471      31287         14  0.000e+00
    200.285    -0.4368   2.826806    -0.4366   2.827226    6.81106    -0.0426    13.8155 0.0000e+00  -61.22583  -54.41183 1152910001 195.865771    34.3474      31288         14  0.000e+00
    200.313    -0.4372   2.826819    -0.4369   2.827208    6.81113    -0.0642    13.8155 0.0000e+00  -61.22583  -54.41183 1152910001 195.865772    34.3480      31289         14  0.000e+00
    200.237    -0.4369   2.826809    -0.4371   2.827208    6.81103    -0.0857    13.8155 0.0000e+00  -61.22583  -54.41183 1152910001 195.865772    34.3476      31290         14  0.000e+00
    200.285    -0.4369   2.826786    -0.4368   2.827220    6.81109    -0.0857    13.8155 0.0000e+00  -61.22583  -54.41183 1152910001 195.865773    34.3473      31291         14  0.000e+00
    200.237    -0.4368   2.826779    -0.4368   2.827231    6.81103    -0.0642    13.8155 0.0000e+00  -61.22583  -54.41183 1152910001 195.865773    34.3471      31292         14  0.000e+00
    200.237    -0.4367   2.826799    -0.4366   2.827237    6.81101    -0.0642    13.8155 0.0000e+00  -61.22583  -54.41183 1152910001 195.865774    34.3473      31293         14  0.000e+00
    200.208    -0.4366   2.826766    -0.4360   2.827214    6.81098    -0.0534    13.8155 0.0000e+00  -61.22583  -54.41183 1152910001 195.865774    34.3467      31294         14  0.000e+00
    200.170    -0.4373   2.826793    -0.4366   2.827202    6.81104    -0.0426    13.8155 0.0000e+00  -61.22583  -54.41183 1152910001 195.865774    34.3480      31295         14  0.000e+00
    200.141    -0.4368   2.826786    -0.4365   2.827226    6.81094    -0.0319    13.8155 0.0000e+00  -61.22583  -54.41183 1152910001 195.865775    34.3472      31296         14  0.000e+00
    200.170    -0.4369   2.826763    -0.4366   2.827214    6.81099    -0.0426    13.8155 0.0000e+00  -61.22583  -54.41183 1152910001 195.865775    34.3470      31297         14  0.000e+00
    200.170    -0.4370   2.826773    -0.4365   2.827202    6.81101    -0.0642    13.8155 0.0000e+00  -61.22583  -54.41183 1152910001 195.865776    34.3473      31298         14  0.000e+00
    200.141    -0.4372   2.826799    -0.4366   2.827202    6.81098    -0.0749    13.8155 0.0000e+00  -61.22583  -54.41183 1152910002 195.865776    34.3479      31299         14  0.000e+00
    200.103    -0.4371   2.826806    -0.4366   2.827208    6.81567    -0.0319    13.8155 0.0000e+00  -61.22583  -54.41183 1152910002 195.865777    34.3479      31300         14  0.000e+00
    200.074    -0.4367   2.826766    -0.4361   2.827220    6.81562    -0.0426    13.8155 0.0000e+00  -61.22583  -54.41183 1152910002 195.865777    34.3470      31301         14  0.000e+00
    200.103    -0.4370   2.826776    -0.4360   2.827208    6.81094    -0.0749    13.8155 0.0000e+00  -61.22583  -54.41183 1152910002 195.865778    34.3474      31302         14  0.000e+00
    200.027    -0.4369   2.826779    -0.4363   2.827208    6.81085    -0.0857    13.8155 0.0000e+00  -61.22583  -54.41183 1152910002 195.865778    34.3474      31303         14  0.000e+00
    200.074    -0.4371   2.826763    -0.4369   2.827208    6.81093    -0.0857    13.8155 0.0000e+00  -61.22583  -54.41183 1152910002 195.865779    34.3473      31304         14  0.000e+00
    200.027    -0.4373   2.826776    -0.4360   2.827179    6.81091    -0.0749    13.8155 0.0000e+00  -61.22583  -54.41183 1152910002 195.865779    34.3478      31305         14  0.000e+00
    200.027    -0.4369   2.826779    -0.4363   2.827220    6.81559    -0.0534    13.8155 0.0000e+00  -61.22583  -54.41183 1152910002 195.865780    34.3474      31306         14  0.000e+00
    199.931    -0.4369   2.826779    -0.4365   2.827237    6.81550    -0.0426    13.8155 0.0000e+00  -61.22583  -54.41183 1152910002 195.865780    34.3474      31307         14  0.000e+00
    200.027    -0.4371   2.826763    -0.4360   2.827225    6.81562    -0.0749    13.8155 0.0000e+00  -61.22583  -54.41183 1152910002 195.865781    34.3473      31308         14  0.000e+00
    199.931    -0.4370   2.826743    -0.4362   2.827208    6.81554    -0.0749    13.8155 0.0000e+00  -61.22583  -54.41183 1152910002 195.865781    34.3471      31309         14  0.000e+00
    199.960    -0.4372   2.826769    -0.4363   2.827190    6.81557    -0.0749    13.8155 0.0000e+00  -61.22583  -54.41183 1152910002 195.865782    34.3476      31310         14  0.000e+00
    199.960    -0.4366   2.826796    -0.4365   2.827214    6.81547    -0.0534    13.8155 0.0000e+00  -61.22583  -54.41183 1152910002 195.865782    34.3473      31311         14  0.000e+00
    199.931    -0.4371   2.826803    -0.4363   2.827231    6.81551    -0.0426    13.8155 0.0000e+00  -61.22583  -54.41183 1152910002 195.865783    34.3479      31312         14  0.000e+00
    199.893    -0.4367   2.826753    -0.4361   2.827196    6.81545    -0.0749    13.8155 0.0000e+00  -61.22583  -54.41183 1152910002 195.865783    34.3469      31313         14  0.000e+00
    199.931    -0.4372   2.826769    -0.4368   2.827202    6.81554    -0.0642    13.8155 0.0000e+00  -61.22583  -54.41183 1152910002 195.865784    34.3476      31314         14  0.000e+00
    199.893    -0.4372   2.826763    -0.4363   2.827202    6.81551    -0.0534    13.8155 0.0000e+00  -61.22583  -54.41183 1152910002 195.865784    34.3475      31315         14  0.000e+00
    199.893    -0.4369   2.826740    -0.4357   2.827225    6.81075    -0.0642    13.8155 0.0000e+00  -61.22583  -54.41183 1152910002 195.865785    34.3469      31316         14  0.000e+00
    199.864    -0.4372   2.826786    -0.4366   2.827214    6.81547    -0.0642    13.8155 0.0000e+00  -61.22583  -54.41183 1152910002 195.865785    34.3479      31317         14  0.000e+00
    199.817    -0.4370   2.826803    -0.4361   2.827179    6.81539    -0.0534    13.8155 0.0000e+00  -61.22583  -54.41183 1152910002 195.865786    34.3480      31318         14  0.000e+00
    199.864    -0.4380   2.826769    -0.4365   2.827196    6.81559    -0.0642    13.8155 0.0000e+00  -61.22583  -54.41183 1152910002 195.865786    34.3486      31319         14  0.000e+00
    199.817    -0.4375   2.826776    -0.4363   2.827208    6.81548    -0.0857    13.8155 0.0000e+00  -61.22583  -54.41183 1152910002 195.865787    34.3482      31320         14  0.000e+00
    199.817    -0.4377   2.826763    -0.4361   2.827208    6.81551    -0.0857    13.8155 0.0000e+00  -61.22583  -54.41183 1152910002 195.865787    34.3481      31321         14  0.000e+00
