product_data/regression_test/downloaded_data/MGDS/320620060703/ctd/p6618001.cnv
* Sea-Bird SBE 9 Data File:
* FileName = D:\Data\Raw\p6618001.dat
* Software Version Seasave Win32 V 5.32
* Temperature SN = 1649
* Conductivity SN = 1431
* Number of Bytes Per Scan = 37
* Number of Voltage Words = 5
* Number of Scans Averaged by the Deck Unit = 1
* NMEA Latitude = 60 36.98 S
* NMEA Longitude = 054 20.46 W
* NMEA UTC (Time) = 04:50:41
** Ship:   Nathaniel B. Palmer 
** Cruise:    NBP0606 
# nquan = 15
# nvalues = 1002                        
# units = specified
# name 0 = prDM: Pressure, Digiquartz [db]
# name 1 = t090C: Temperature [ITS-90, deg C]
# name 2 = c0S/m: Conductivity [S/m]
# name 3 = t190C: Temperature, 2 [ITS-90, deg C]
# name 4 = c1S/m: Conductivity, 2 [S/m]
# name 5 = sbeox0ML/L: Oxygen, SBE 43 [ml/l]
# name 6 = flECO-AFL: Fluorescence, Wetlab ECO-AFL/FL [mg/m^3]
# name 7 = bat: Beam Attenuation, Chelsea/Seatech/Wetlab CStar [1/m]
# name 8 = spar: SPAR/Surface Irradiance
# name 9 = latitude: Latitude [deg]
# name 10 = longitude: Longitude [deg]
# name 11 = timeY: Time, System [seconds]
# name 12 = timeJ: Julian Days
# name 13 = sal00: Salinity [PSU]
# name 14 = flag: flag
# span 0 =      1.000,   1002.000       
# span 1 =    -0.8529,     1.7349       
# span 2 =   2.766985,   3.047664       
# span 3 =    -0.8533,     1.7458       
# span 4 =   2.767695,   3.048743       
# span 5 =    4.67234,    7.77513       
# span 6 =    -0.1062,     0.3969       
# span 7 =    13.8155,    13.8155       
# span 8 = 0.0000e+00, 0.0000e+00       
# span 9 =  -60.61633,  -60.61633       
# span 10 =  -54.34100,  -54.34100      
# span 11 = 1153543850, 1153545235      
# span 12 = 203.201986, 203.218028      
# span 13 =    34.1321,    34.7172      
# span 14 = 0.0000e+00, 0.0000e+00      
# interval = decibars: 1                
# start_time = Jul 22 2006 04:50:49
# bad_flag = -9.990e-29
*END*
[from data line 97]
     98.000    -0.2520   2.832353    -0.2464   2.833115    6.98701     0.2615    13.8155 0.0000e+00  -60.61633  -54.34100 1153544063 203.204457    34.2770 0.0000e+00
     99.000    -0.2920   2.829314    -0.2899   2.829997    6.99202     0.3006    13.8155 0.0000e+00  -60.61633  -54.34100 1153544064 203.204469    34.2820 0.0000e+00
    100.000    -0.3001   2.829041    -0.3016   2.829284    6.99470     0.3701    13.8155 0.0000e+00  -60.61633  -54.34100 1153544065 203.204485    34.2864 0.0000e+00
    101.000    -0.3258   2.826969    -0.3261   2.827341    7.00066     0.3469    13.8155 0.0000e+00  -60.61633  -54.34100 1153544068 203.204512    34.2871 0.0000e+00
    102.000    -0.3219   2.827492    -0.3196   2.828018    6.99560     0.2938    13.8155 0.0000e+00  -60.61633  -54.34100 1153544070 203.204544    34.2884 0.0000e+00
    103.000    -0.3007   2.829557    -0.2986   2.830009    6.95548     0.2759    13.8155 0.0000e+00  -60.61633  -54.34100 1153544072 203.204565    34.2911 0.0000e+00
    104.000    -0.2784   2.831627    -0.2884   2.831071    6.93193     0.2635    13.8155 0.0000e+00  -60.61633  -54.34100 1153544074 203.204585    34.2913 0.0000e+00
    105.000    -0.2527   2.834243    -0.2693   2.832753    6.88540     0.2538    13.8155 0.0000e+00  -60.61633  -54.34100 1153544076 203.204602    34.2972 0.0000e+00
    106.000    -0.1204   2.846640    -0.1091   2.847305    6.81762     0.2682    13.8155 0.0000e+00  -60.61633  -54.34100 1153544077 203.204616    34.3101 0.0000e+00
    107.000    -0.0291   2.854913    -0.0260   2.855213    6.75635     0.2616    13.8155 0.0000e+00  -60.61633  -54.34100 1153544078 203.204629    34.3133 0.0000e+00
    108.000    -0.0077   2.856980    -0.0067   2.857260    6.70362     0.2891    13.8155 0.0000e+00  -60.61633  -54.34100 1153544079 203.204645    34.3161 0.0000e+00
    109.000    -0.0056   2.857279    -0.0047   2.857586    6.65143     0.3795    13.8155 0.0000e+00  -60.61633  -54.34100 1153544081 203.204669    34.3188 0.0000e+00
    110.000    -0.0150   2.856542    -0.0137   2.856976    6.62529     0.3945    13.8155 0.0000e+00  -60.61633  -54.34100 1153544084 203.204699    34.3210 0.0000e+00
    111.000    -0.0372   2.854615    -0.0378   2.854887    6.63087     0.3969    13.8155 0.0000e+00  -60.61633  -54.34100 1153544087 203.204733    34.3211 0.0000e+00
    112.000    -0.0553   2.853079    -0.0542   2.853508    6.64511     0.3827    13.8155 0.0000e+00  -60.61633  -54.34100 1153544089 203.204753    34.3214 0.0000e+00
    113.000    -0.0574   2.853072    -0.0566   2.853428    6.64827     0.3602    13.8155 0.0000e+00  -60.61633  -54.34100 1153544090 203.204764    34.3233 0.0000e+00
    114.000    -0.0524   2.853663    -0.0520   2.853992    6.64861     0.2833    13.8155 0.0000e+00  -60.61633  -54.34100 1153544090 203.204773    34.3248 0.0000e+00
    115.000    -0.0561   2.853419    -0.0554   2.853792    6.64758     0.2829    13.8155 0.0000e+00  -60.61633  -54.34100 1153544091 203.204782    34.3253 0.0000e+00
    116.000    -0.0540   2.853749    -0.0530   2.854110    6.64680     0.2759    13.8155 0.0000e+00  -60.61633  -54.34100 1153544092 203.204791    34.3268 0.0000e+00
    117.000    -0.0608   2.853204    -0.0599   2.853630    6.64461     0.2464    13.8155 0.0000e+00  -60.61633  -54.34100 1153544093 203.204802    34.3266 0.0000e+00
    118.000    -0.0652   2.852940    -0.0656   2.853263    6.63166     0.2471    13.8155 0.0000e+00  -60.61633  -54.34100 1153544095 203.204831    34.3278 0.0000e+00
    119.000    -0.0441   2.854957    -0.0447   2.855021    6.59325     0.2267    13.8155 0.0000e+00  -60.61633  -54.34100 1153544099 203.204873    34.3301 0.0000e+00
    120.000     0.0336   2.862482     0.0427   2.863342    6.57710     0.2299    13.8155 0.0000e+00  -60.61633  -54.34100 1153544100 203.204888    34.3398 0.0000e+00
    121.000     0.0613   2.865044     0.0628   2.865391    6.55403     0.2086    13.8155 0.0000e+00  -60.61633  -54.34100 1153544101 203.204900    34.3410 0.0000e+00
    122.000     0.0721   2.866334     0.0730   2.866408    6.52996     0.2123    13.8155 0.0000e+00  -60.61633  -54.34100 1153544102 203.204910    34.3464 0.0000e+00
    123.000     0.1292   2.871602     0.1332   2.872154    6.52007     0.1936    13.8155 0.0000e+00  -60.61633  -54.34100 1153544103 203.204920    34.3485 0.0000e+00
    124.000     0.0738   2.866589     0.0762   2.867342    6.52937     0.2187    13.8155 0.0000e+00  -60.61633  -54.34100 1153544104 203.204930    34.3452 0.0000e+00
    125.000    -0.0017   2.859829     0.0107   2.861855    6.55344     0.2016    13.8155 0.0000e+00  -60.61633  -54.34100 1153544105 203.204940    34.3423 0.0000e+00
    126.000    -0.0958   2.851669    -0.0953   2.852162    6.57913     0.1850    13.8155 0.0000e+00  -60.61633  -54.34100 1153544106 203.204954    34.3416 0.0000e+00
    127.000    -0.1141   2.850041    -0.1137   2.850452    6.60041     0.1813    13.8155 0.0000e+00  -60.61633  -54.34100 1153544107 203.204970    34.3418 0.0000e+00
    128.000    -0.1382   2.847955    -0.1338   2.848673    6.62678     0.1536    13.8155 0.0000e+00  -60.61633  -54.34100 1153544109 203.204995    34.3403 0.0000e+00
    129.000    -0.0477   2.856344    -0.0436   2.856928    6.61711     0.1344    13.8155 0.0000e+00  -60.61633  -54.34100 1153544112 203.205022    34.3463 0.0000e+00
    130.000    -0.0492   2.856275    -0.0526   2.856247    6.61348     0.1267    13.8155 0.0000e+00  -60.61633  -54.34100 1153544114 203.205043    34.3464 0.0000e+00
    131.000    -0.0617   2.855109    -0.0600   2.855710    6.61564     0.0967    13.8155 0.0000e+00  -60.61633  -54.34100 1153544115 203.205057    34.3442 0.0000e+00
    132.000    -0.0854   2.853144    -0.0811   2.853855    6.61369     0.1038    13.8155 0.0000e+00  -60.61633  -54.34100 1153544116 203.205068    34.3454 0.0000e+00
    133.000    -0.0908   2.852739    -0.0894   2.853211    6.62361     0.0828    13.8155 0.0000e+00  -60.61633  -54.34100 1153544117 203.205078    34.3457 0.0000e+00
    134.000    -0.0813   2.853810    -0.0802   2.854112    6.62966     0.0812    13.8155 0.0000e+00  -60.61633  -54.34100 1153544117 203.205087    34.3486 0.0000e+00
    135.000    -0.1223   2.850072    -0.1216   2.850769    6.62949     0.0854    13.8155 0.0000e+00  -60.61633  -54.34100 1153544118 203.205095    34.3478 0.0000e+00
    136.000    -0.1196   2.850712    -0.1178   2.851188    6.62821     0.1196    13.8155 0.0000e+00  -60.61633  -54.34100 1153544119 203.205104    34.3500 0.0000e+00
    137.000    -0.0926   2.853322    -0.0901   2.853698    6.62004     0.1534    13.8155 0.0000e+00  -60.61633  -54.34100 1153544120 203.205113    34.3532 0.0000e+00
    138.000    -0.0713   2.855219    -0.0638   2.856176    6.60267     0.1930    13.8155 0.0000e+00  -60.61633  -54.34100 1153544121 203.205132    34.3525 0.0000e+00
    139.000    -0.0699   2.855267    -0.0634   2.856271    6.52902     0.1889    13.8155 0.0000e+00  -60.61633  -54.34100 1153544125 203.205175    34.3509 0.0000e+00
    140.000     0.0099   2.863393     0.0324   2.864978    6.49557     0.1778    13.8155 0.0000e+00  -60.61633  -54.34100 1153544126 203.205190    34.3666 0.0000e+00
    141.000     0.1133   2.872623     0.1149   2.872880    6.43320     0.1829    13.8155 0.0000e+00  -60.61633  -54.34100 1153544127 203.205202    34.3687 0.0000e+00
    142.000     0.2832   2.889158     0.2973   2.889402    6.36164     0.1650    13.8155 0.0000e+00  -60.61633  -54.34100 1153544128 203.205212    34.3951 0.0000e+00
    143.000     0.3777   2.897172     0.3804   2.897593    6.30839     0.1564    13.8155 0.0000e+00  -60.61633  -54.34100 1153544129 203.205223    34.3876 0.0000e+00
    144.000     0.3751   2.897277     0.3773   2.897537    6.30237     0.1682    13.8155 0.0000e+00  -60.61633  -54.34100 1153544130 203.205233    34.3935 0.0000e+00
    145.000     0.2711   2.887463     0.2737   2.888662    6.30969     0.1623    13.8155 0.0000e+00  -60.61633  -54.34100 1153544131 203.205243    34.3818 0.0000e+00
    146.000     0.1390   2.875794     0.1364   2.876408    6.33924     0.1733    13.8155 0.0000e+00  -60.61633  -54.34100 1153544132 203.205253    34.3813 0.0000e+00
    147.000     0.0359   2.866651     0.0301   2.866742    6.38497     0.1736    13.8155 0.0000e+00  -60.61633  -54.34100 1153544133 203.205265    34.3799 0.0000e+00
    148.000    -0.0564   2.858292    -0.0617   2.858531    6.44656     0.1518    13.8155 0.0000e+00  -60.61633  -54.34100 1153544134 203.205280    34.3744 0.0000e+00
    149.000    -0.1509   2.849946    -0.1534   2.850261    6.52403     0.1465    13.8155 0.0000e+00  -60.61633  -54.34100 1153544136 203.205301    34.3714 0.0000e+00
    150.000    -0.1872   2.846775    -0.1864   2.847286    6.60997     0.1123    13.8155 0.0000e+00  -60.61633  -54.34100 1153544138 203.205331    34.3689 0.0000e+00
    151.000    -0.2021   2.845576    -0.2042   2.845802    6.63238     0.1124    13.8155 0.0000e+00  -60.61633  -54.34100 1153544140 203.205346    34.3687 0.0000e+00
    152.000    -0.2039   2.845488    -0.2039   2.845872    6.64350     0.0828    13.8155 0.0000e+00  -60.61633  -54.34100 1153544140 203.205356    34.3684 0.0000e+00
    153.000    -0.2035   2.845573    -0.2030   2.846003    6.65405     0.0713    13.8155 0.0000e+00  -60.61633  -54.34100 1153544141 203.205365    34.3680 0.0000e+00
    154.000    -0.2116   2.844874    -0.2110   2.845367    6.66019     0.0635    13.8155 0.0000e+00  -60.61633  -54.34100 1153544142 203.205373    34.3668 0.0000e+00
    155.000    -0.2330   2.843147    -0.2337   2.843593    6.66516     0.0518    13.8155 0.0000e+00  -60.61633  -54.34100 1153544143 203.205383    34.3680 0.0000e+00
    156.000    -0.2520   2.841709    -0.2529   2.842055    6.67940     0.0309    13.8155 0.0000e+00  -60.61633  -54.34100 1153544145 203.205403    34.3690 0.0000e+00
    157.000    -0.2677   2.840548    -0.2666   2.840998    6.69338     0.0179    13.8155 0.0000e+00  -60.61633  -54.34100 1153544147 203.205426    34.3704 0.0000e+00
    158.000    -0.2595   2.841360    -0.2577   2.841876    6.71733     0.0079    13.8155 0.0000e+00  -60.61633  -54.34100 1153544148 203.205442    34.3704 0.0000e+00
    159.000    -0.2415   2.843104    -0.2425   2.843297    6.70416     0.0101    13.8155 0.0000e+00  -60.61633  -54.34100 1153544149 203.205456    34.3720 0.0000e+00
    160.000    -0.2235   2.844853    -0.2193   2.845457    6.70693     0.0093    13.8155 0.0000e+00  -60.61633  -54.34100 1153544150 203.205469    34.3732 0.0000e+00
    161.000    -0.2584   2.841473    -0.2610   2.842103    6.72969     0.0000    13.8155 0.0000e+00  -60.61633  -54.34100 1153544151 203.205481    34.3665 0.0000e+00
    162.000    -0.3995   2.829135    -0.4026   2.829693    6.74877     0.0128    13.8155 0.0000e+00  -60.61633  -54.34100 1153544152 203.205492    34.3649 0.0000e+00
    163.000    -0.4424   2.825520    -0.4424   2.826071    6.76838    -0.0001    13.8155 0.0000e+00  -60.61633  -54.34100 1153544153 203.205504    34.3659 0.0000e+00
    164.000    -0.4526   2.824706    -0.4524   2.825214    6.78861     0.0056    13.8155 0.0000e+00  -60.61633  -54.34100 1153544154 203.205517    34.3654 0.0000e+00
    165.000    -0.4754   2.822875    -0.4756   2.823343    6.80410     0.0030    13.8155 0.0000e+00  -60.61633  -54.34100 1153544156 203.205533    34.3655 0.0000e+00
    166.000    -0.4750   2.823122    -0.4746   2.823574    6.80951    -0.0207    13.8155 0.0000e+00  -60.61633  -54.34100 1153544158 203.205556    34.3665 0.0000e+00
    167.000    -0.4615   2.824528    -0.4600   2.824998    6.79906    -0.0247    13.8155 0.0000e+00  -60.61633  -54.34100 1153544159 203.205575    34.3684 0.0000e+00
    168.000    -0.4264   2.827977    -0.4193   2.828781    6.78917    -0.0240    13.8155 0.0000e+00  -60.61633  -54.34100 1153544161 203.205590    34.3732 0.0000e+00
    169.000    -0.3970   2.830673    -0.3979   2.830941    6.77670    -0.0227    13.8155 0.0000e+00  -60.61633  -54.34100 1153544162 203.205602    34.3737 0.0000e+00
    170.000    -0.3773   2.832656    -0.3734   2.833213    6.74553    -0.0334    13.8155 0.0000e+00  -60.61633  -54.34100 1153544163 203.205613    34.3772 0.0000e+00
    171.000    -0.3255   2.837480    -0.3193   2.838133    6.73457    -0.0520    13.8155 0.0000e+00  -60.61633  -54.34100 1153544164 203.205625    34.3811 0.0000e+00
    172.000    -0.3026   2.839550    -0.3005   2.839996    6.71265    -0.0396    13.8155 0.0000e+00  -60.61633  -54.34100 1153544165 203.205640    34.3813 0.0000e+00
    173.000    -0.3042   2.839585    -0.3047   2.839727    6.68547    -0.0341    13.8155 0.0000e+00  -60.61633  -54.34100 1153544166 203.205655    34.3827 0.0000e+00
    174.000    -0.2397   2.845408    -0.2491   2.844806    6.67107    -0.0440    13.8155 0.0000e+00  -60.61633  -54.34100 1153544167 203.205668    34.3867 0.0000e+00
    175.000    -0.2682   2.842894    -0.2625   2.843745    6.65875    -0.0357    13.8155 0.0000e+00  -60.61633  -54.34100 1153544169 203.205680    34.3858 0.0000e+00
    176.000    -0.2609   2.843624    -0.2591   2.844071    6.65163    -0.0306    13.8155 0.0000e+00  -60.61633  -54.34100 1153544170 203.205695    34.3865 0.0000e+00
    177.000    -0.2592   2.843815    -0.2587   2.844174    6.64436    -0.0284    13.8155 0.0000e+00  -60.61633  -54.34100 1153544171 203.205714    34.3869 0.0000e+00
    178.000    -0.2700   2.842867    -0.2681   2.843379    6.64367    -0.0358    13.8155 0.0000e+00  -60.61633  -54.34100 1153544173 203.205730    34.3864 0.0000e+00
    179.000    -0.2818   2.841817    -0.2793   2.842453    6.64875    -0.0399    13.8155 0.0000e+00  -60.61633  -54.34100 1153544174 203.205743    34.3855 0.0000e+00
    180.000    -0.2903   2.841141    -0.2902   2.841498    6.65035    -0.0451    13.8155 0.0000e+00  -60.61633  -54.34100 1153544175 203.205757    34.3860 0.0000e+00
    181.000    -0.2956   2.840697    -0.2929   2.841266    6.65267    -0.0316    13.8155 0.0000e+00  -60.61633  -54.34100 1153544177 203.205774    34.3857 0.0000e+00
    182.000    -0.2995   2.840368    -0.2994   2.840746    6.65877    -0.0402    13.8155 0.0000e+00  -60.61633  -54.34100 1153544178 203.205794    34.3851 0.0000e+00
    183.000    -0.3049   2.839940    -0.3041   2.840374    6.66419    -0.0478    13.8155 0.0000e+00  -60.61633  -54.34100 1153544180 203.205809    34.3850 0.0000e+00
    184.000    -0.3058   2.839913    -0.3059   2.840244    6.66144    -0.0296    13.8155 0.0000e+00  -60.61633  -54.34100 1153544181 203.205822    34.3852 0.0000e+00
    185.000    -0.3058   2.839961    -0.3051   2.840347    6.66590    -0.0565    13.8155 0.0000e+00  -60.61633  -54.34100 1153544182 203.205833    34.3853 0.0000e+00
    186.000    -0.3040   2.840159    -0.3058   2.840374    6.66782    -0.0483    13.8155 0.0000e+00  -60.61633  -54.34100 1153544183 203.205844    34.3854 0.0000e+00
    187.000    -0.3123   2.839464    -0.3086   2.840164    6.66635    -0.0454    13.8155 0.0000e+00  -60.61633  -54.34100 1153544184 203.205856    34.3847 0.0000e+00
    188.000    -0.2974   2.841001    -0.2965   2.841236    6.66397    -0.0422    13.8155 0.0000e+00  -60.61633  -54.34100 1153544185 203.205866    34.3859 0.0000e+00
    189.000    -0.2935   2.841285    -0.2940   2.841585    6.66041    -0.0401    13.8155 0.0000e+00  -60.61633  -54.34100 1153544186 203.205877    34.3859 0.0000e+00
    190.000    -0.2971   2.841034    -0.2971   2.841364    6.65674    -0.0333    13.8155 0.0000e+00  -60.61633  -54.34100 1153544187 203.205893    34.3863 0.0000e+00
    191.000    -0.2981   2.840978    -0.2974   2.841357    6.67361    -0.0413    13.8155 0.0000e+00  -60.61633  -54.34100 1153544190 203.205932    34.3862 0.0000e+00
    192.000    -0.2942   2.841460    -0.2940   2.841798    6.67389    -0.0490    13.8155 0.0000e+00  -60.61633  -54.34100 1153544192 203.205950    34.3875 0.0000e+00
