product_data/regression_test/downloaded_data/MGDS/320620060703/ctd/p6619103.cnv
* Sea-Bird SBE 9 Data File:
* FileName = D:\Data\Raw\p6619103.dat
* Software Version Seasave Win32 V 5.32
* Temperature SN = 1649
* Conductivity SN = 1431
* Number of Bytes Per Scan = 37
* Number of Voltage Words = 5
* Number of Scans Averaged by the Deck Unit = 1
* NMEA Latitude = 60 48.00 S
* NMEA Longitude = 055 00.25 W
* NMEA UTC (Time) = 16:10:00
** Ship:   Nathaniel B. Palmer 
** Cruise:    NBP0606 
# nquan = 15
# nvalues = 1001                        
# units = specified
# name 0 = prDM: Pressure, Digiquartz [db]
# name 1 = t090C: Temperature [ITS-90, deg C]
# name 2 = c0S/m: Conductivity [S/m]
# name 3 = t190C: Temperature, 2 [ITS-90, deg C]
# name 4 = c1S/m: Conductivity, 2 [S/m]
# name 5 = sbeox0ML/L: Oxygen, SBE 43 [ml/l]
# name 6 = flECO-AFL: Fluorescence, Wetlab ECO-AFL/FL [mg/m^3]
# name 7 = bat: Beam Attenuation, Chelsea/Seatech/Wetlab CStar [1/m]
# name 8 = spar: SPAR/Surface Irradiance
# name 9 = latitude: Latitude [deg]
# name 10 = longitude: Longitude [deg]
# name 11 = timeY: Time, System [seconds]
# name 12 = timeJ: Julian Days
# name 13 = sal00: Salinity [PSU]
# name 14 = flag: flag
# span 0 =      2.000,   1002.000       
# span 1 =    -1.0889,     0.5170       
# span 2 =   2.766357,   2.964633       
# span 3 =    -1.0883,     0.5172       
# span 4 =   2.766956,   2.964953       
# span 5 =    5.37715,    7.46280       
# span 6 =    -0.1049,     0.9169       
# span 7 =    13.8155,    13.8155       
# span 8 = 1.0153e+02, 1.5499e+02       
# span 9 =  -60.80000,  -60.80000       
# span 10 =  -55.00417,  -55.00417      
# span 11 = 1153671006, 1153672366      
# span 12 = 204.673695, 204.689450      
# span 13 =    34.2881,    34.6611      
# span 14 = 0.0000e+00, 0.0000e+00      
# interval = decibars: 1                
# start_time = Jul 23 2006 16:10:08
# bad_flag = -9.990e-29
*END*
[from data line 193]
    195.000    -0.8704   2.791929    -0.8673   2.792511    7.03869    -0.0048    13.8155 1.2663e+02  -60.80000  -55.00417 1153671336 204.677526    34.3705 0.0000e+00
    196.000    -0.8679   2.792199    -0.8655   2.792721    7.03230    -0.0160    13.8155 1.2663e+02  -60.80000  -55.00417 1153671337 204.677536    34.3709 0.0000e+00
    197.000    -0.8725   2.791879    -0.8700   2.792412    7.02850    -0.0123    13.8155 1.2663e+02  -60.80000  -55.00417 1153671338 204.677546    34.3714 0.0000e+00
    198.000    -0.8729   2.791902    -0.8719   2.792289    7.02061    -0.0176    13.8155 1.2653e+02  -60.80000  -55.00417 1153671339 204.677561    34.3718 0.0000e+00
    199.000    -0.8705   2.792209    -0.8703   2.792526    7.01432    -0.0188    13.8155 1.2647e+02  -60.80000  -55.00417 1153671341 204.677580    34.3728 0.0000e+00
    200.000    -0.8702   2.792283    -0.8690   2.792705    7.00852    -0.0110    13.8155 1.2473e+02  -60.80000  -55.00417 1153671342 204.677596    34.3728 0.0000e+00
    201.000    -0.8649   2.792840    -0.8662   2.793014    7.00149     0.0007    13.8155 1.2315e+02  -60.80000  -55.00417 1153671343 204.677608    34.3738 0.0000e+00
    202.000    -0.8610   2.793244    -0.8590   2.793785    6.99105     0.0006    13.8155 1.2294e+02  -60.80000  -55.00417 1153671344 204.677623    34.3744 0.0000e+00
    203.000    -0.8573   2.793645    -0.8580   2.793886    6.95697    -0.0103    13.8155 1.2320e+02  -60.80000  -55.00417 1153671347 204.677648    34.3748 0.0000e+00
    204.000    -0.8447   2.794938    -0.8415   2.795448    6.95608    -0.0071    13.8155 1.2256e+02  -60.80000  -55.00417 1153671348 204.677666    34.3775 0.0000e+00
    205.000    -0.8262   2.796704    -0.8257   2.796948    6.93300    -0.0035    13.8155 1.2291e+02  -60.80000  -55.00417 1153671349 204.677677    34.3791 0.0000e+00
    206.000    -0.7531   2.803619    -0.7313   2.805549    6.89956    -0.0105    13.8155 1.2338e+02  -60.80000  -55.00417 1153671350 204.677688    34.3880 0.0000e+00
    207.000    -0.6420   2.814198    -0.6410   2.813840    6.86294     0.0045    13.8155 1.2308e+02  -60.80000  -55.00417 1153671351 204.677698    34.4018 0.0000e+00
    208.000    -0.5936   2.818397    -0.5922   2.818651    6.83263    -0.0164    13.8155 1.2260e+02  -60.80000  -55.00417 1153671352 204.677709    34.3998 0.0000e+00
    209.000    -0.5829   2.819443    -0.5819   2.819690    6.80020    -0.0160    13.8155 1.2251e+02  -60.80000  -55.00417 1153671353 204.677723    34.4020 0.0000e+00
    210.000    -0.5564   2.821961    -0.5554   2.822206    6.76155    -0.0111    13.8155 1.2246e+02  -60.80000  -55.00417 1153671355 204.677743    34.4061 0.0000e+00
    211.000    -0.5410   2.823451    -0.5397   2.823763    6.73296    -0.0216    13.8155 1.2320e+02  -60.80000  -55.00417 1153671357 204.677765    34.4088 0.0000e+00
    212.000    -0.5381   2.823763    -0.5368   2.824092    6.71901    -0.0171    13.8155 1.2243e+02  -60.80000  -55.00417 1153671358 204.677782    34.4099 0.0000e+00
    213.000    -0.5328   2.824343    -0.5308   2.824717    6.70835    -0.0212    13.8155 1.2273e+02  -60.80000  -55.00417 1153671359 204.677795    34.4116 0.0000e+00
    214.000    -0.5271   2.824931    -0.5239   2.825414    6.69618    -0.0088    13.8155 1.2281e+02  -60.80000  -55.00417 1153671360 204.677807    34.4128 0.0000e+00
    215.000    -0.5164   2.825973    -0.5140   2.826392    6.68606    -0.0174    13.8155 1.2250e+02  -60.80000  -55.00417 1153671361 204.677819    34.4141 0.0000e+00
    216.000    -0.5154   2.826095    -0.5134   2.826494    6.67631    -0.0188    13.8155 1.2290e+02  -60.80000  -55.00417 1153671362 204.677831    34.4143 0.0000e+00
    217.000    -0.5132   2.826326    -0.5113   2.826723    6.66658    -0.0189    13.8155 1.2136e+02  -60.80000  -55.00417 1153671364 204.677845    34.4149 0.0000e+00
    218.000    -0.4943   2.828155    -0.4928   2.828467    6.65865    -0.0169    13.8155 -9.990e-29  -60.80000  -55.00417 1153671365 204.677862    34.4173 0.0000e+00
    219.000    -0.4857   2.829015    -0.4848   2.829316    6.64808    -0.0272    13.8155 -9.990e-29  -60.80000  -55.00417 1153671367 204.677882    34.4187 0.0000e+00
    220.000    -0.4823   2.829408    -0.4808   2.829777    6.64087    -0.0171    13.8155 -9.990e-29  -60.80000  -55.00417 1153671368 204.677897    34.4197 0.0000e+00
    221.000    -0.4829   2.829440    -0.4814   2.829799    6.63741    -0.0172    13.8155 -9.990e-29  -60.80000  -55.00417 1153671369 204.677910    34.4205 0.0000e+00
    222.000    -0.4831   2.829503    -0.4819   2.829859    6.63336    -0.0241    13.8155 -9.990e-29  -60.80000  -55.00417 1153671370 204.677922    34.4213 0.0000e+00
    223.000    -0.4859   2.829352    -0.4839   2.829760    6.63108    -0.0224    13.8155 -9.990e-29  -60.80000  -55.00417 1153671372 204.677938    34.4222 0.0000e+00
    224.000    -0.4871   2.829303    -0.4861   2.829645    6.62843    -0.0063    13.8155 -9.990e-29  -60.80000  -55.00417 1153671373 204.677955    34.4226 0.0000e+00
    225.000    -0.4880   2.829298    -0.4866   2.829676    6.62694    -0.0211    13.8155 -9.990e-29  -60.80000  -55.00417 1153671374 204.677970    34.4231 0.0000e+00
    226.000    -0.4879   2.829395    -0.4862   2.829805    6.62446    -0.0245    13.8155 -9.990e-29  -60.80000  -55.00417 1153671376 204.677985    34.4238 0.0000e+00
    227.000    -0.4882   2.829458    -0.4869   2.829826    6.62247    -0.0110    13.8155 1.2066e+02  -60.80000  -55.00417 1153671377 204.678002    34.4244 0.0000e+00
    228.000    -0.4923   2.829196    -0.4916   2.829548    6.62280    -0.0199    13.8155 1.1972e+02  -60.80000  -55.00417 1153671379 204.678017    34.4252 0.0000e+00
    229.000    -0.5005   2.828594    -0.4982   2.829085    6.62739    -0.0290    13.8155 1.1874e+02  -60.80000  -55.00417 1153671380 204.678029    34.4259 0.0000e+00
    230.000    -0.5069   2.828139    -0.5045   2.828613    6.62167    -0.0234    13.8155 1.1867e+02  -60.80000  -55.00417 1153671380 204.678040    34.4268 0.0000e+00
    231.000    -0.5030   2.828480    -0.5005   2.828980    6.61661    -0.0211    13.8155 -9.990e-29  -60.80000  -55.00417 1153671381 204.678051    34.4262 0.0000e+00
    232.000    -0.5116   2.827929    -0.5073   2.828597    6.62478    -0.0140    13.8155 -9.990e-29  -60.80000  -55.00417 1153671383 204.678065    34.4281 0.0000e+00
    233.000    -0.5421   2.825487    -0.5409   2.825816    6.62119    -0.0136    13.8155 -9.990e-29  -60.80000  -55.00417 1153671385 204.678089    34.4302 0.0000e+00
    234.000    -0.5835   2.821862    -0.5797   2.822672    6.62871    -0.0171    13.8155 -9.990e-29  -60.80000  -55.00417 1153671387 204.678114    34.4281 0.0000e+00
    235.000    -0.6038   2.820203    -0.6035   2.820629    6.63214    -0.0168    13.8155 -9.990e-29  -60.80000  -55.00417 1153671388 204.678126    34.4289 0.0000e+00
    236.000    -0.6101   2.819860    -0.6105   2.820094    6.63358    -0.0262    13.8155 -9.990e-29  -60.80000  -55.00417 1153671389 204.678136    34.4312 0.0000e+00
    237.000    -0.6074   2.820151    -0.6064   2.820559    6.63532    -0.0332    13.8155 -9.990e-29  -60.80000  -55.00417 1153671390 204.678147    34.4308 0.0000e+00
    238.000    -0.6080   2.820162    -0.6077   2.820491    6.63681    -0.0185    13.8155 -9.990e-29  -60.80000  -55.00417 1153671391 204.678158    34.4308 0.0000e+00
    239.000    -0.6092   2.820130    -0.6083   2.820515    6.63799    -0.0218    13.8155 -9.990e-29  -60.80000  -55.00417 1153671392 204.678173    34.4309 0.0000e+00
    240.000    -0.6108   2.820057    -0.6096   2.820468    6.63854    -0.0152    13.8155 1.1859e+02  -60.80000  -55.00417 1153671393 204.678189    34.4309 0.0000e+00
    241.000    -0.6128   2.819959    -0.6110   2.820423    6.63896    -0.0245    13.8155 1.1745e+02  -60.80000  -55.00417 1153671395 204.678206    34.4310 0.0000e+00
    242.000    -0.6138   2.819941    -0.6125   2.820370    6.63808    -0.0325    13.8155 1.1670e+02  -60.80000  -55.00417 1153671396 204.678224    34.4311 0.0000e+00
    243.000    -0.6134   2.820053    -0.6119   2.820460    6.63571    -0.0332    13.8155 1.1688e+02  -60.80000  -55.00417 1153671398 204.678239    34.4314 0.0000e+00
    244.000    -0.6116   2.820266    -0.6113   2.820589    6.63510    -0.0275    13.8155 -9.990e-29  -60.80000  -55.00417 1153671399 204.678254    34.4314 0.0000e+00
    245.000    -0.6110   2.820410    -0.6097   2.820795    6.63661    -0.0248    13.8155 -9.990e-29  -60.80000  -55.00417 1153671400 204.678271    34.4320 0.0000e+00
    246.000    -0.6015   2.821346    -0.5972   2.821983    6.63470    -0.0300    13.8155 1.1689e+02  -60.80000  -55.00417 1153671402 204.678285    34.4328 0.0000e+00
    247.000    -0.5877   2.822681    -0.5854   2.823112    6.62725    -0.0277    13.8155 1.1688e+02  -60.80000  -55.00417 1153671403 204.678295    34.4343 0.0000e+00
    248.000    -0.5830   2.823120    -0.5808   2.823584    6.62285    -0.0166    13.8155 1.1672e+02  -60.80000  -55.00417 1153671403 204.678306    34.4339 0.0000e+00
    249.000    -0.5833   2.823121    -0.5791   2.823812    6.62239    -0.0294    13.8155 1.1588e+02  -60.80000  -55.00417 1153671405 204.678319    34.4333 0.0000e+00
    250.000    -0.5990   2.821813    -0.5990   2.822083    6.62097    -0.0271    13.8155 1.1494e+02  -60.80000  -55.00417 1153671406 204.678339    34.4340 0.0000e+00
    251.000    -0.5819   2.823389    -0.5788   2.823885    6.62122    -0.0171    13.8155 1.1494e+02  -60.80000  -55.00417 1153671408 204.678358    34.4346 0.0000e+00
    252.000    -0.5782   2.823738    -0.5774   2.824070    6.62282    -0.0225    13.8155 1.1494e+02  -60.80000  -55.00417 1153671409 204.678374    34.4344 0.0000e+00
    253.000    -0.5797   2.823623    -0.5826   2.823687    6.61892    -0.0282    13.8155 1.1418e+02  -60.80000  -55.00417 1153671411 204.678389    34.4339 0.0000e+00
    254.000    -0.5723   2.824406    -0.5726   2.824653    6.61524    -0.0263    13.8155 1.1294e+02  -60.80000  -55.00417 1153671412 204.678401    34.4354 0.0000e+00
    255.000    -0.5833   2.823522    -0.5823   2.823955    6.61426    -0.0246    13.8155 1.1292e+02  -60.80000  -55.00417 1153671413 204.678411    34.4355 0.0000e+00
    256.000    -0.5893   2.823150    -0.5874   2.823594    6.61125    -0.0344    13.8155 1.1281e+02  -60.80000  -55.00417 1153671413 204.678421    34.4371 0.0000e+00
    257.000    -0.5913   2.823036    -0.5906   2.823373    6.61179    -0.0246    13.8155 1.1291e+02  -60.80000  -55.00417 1153671414 204.678433    34.4373 0.0000e+00
    258.000    -0.5882   2.823285    -0.5867   2.823681    6.61643    -0.0298    13.8155 1.1186e+02  -60.80000  -55.00417 1153671416 204.678451    34.4363 0.0000e+00
    259.000    -0.5838   2.823654    -0.5811   2.824129    6.61072    -0.0131    13.8155 1.1083e+02  -60.80000  -55.00417 1153671418 204.678477    34.4356 0.0000e+00
    260.000    -0.6046   2.822082    -0.6092   2.822118    6.60832    -0.0381    13.8155 -9.990e-29  -60.80000  -55.00417 1153671420 204.678495    34.4377 0.0000e+00
    261.000    -0.6306   2.820231    -0.6298   2.820674    6.60575    -0.0268    13.8155 -9.990e-29  -60.80000  -55.00417 1153671421 204.678506    34.4428 0.0000e+00
    262.000    -0.6308   2.820417    -0.6290   2.820900    6.60582    -0.0412    13.8155 -9.990e-29  -60.80000  -55.00417 1153671422 204.678517    34.4449 0.0000e+00
    263.000    -0.6297   2.820561    -0.6296   2.820879    6.60397    -0.0455    13.8155 -9.990e-29  -60.80000  -55.00417 1153671423 204.678527    34.4447 0.0000e+00
    264.000    -0.6309   2.820505    -0.6303   2.820848    6.60025    -0.0265    13.8155 -9.990e-29  -60.80000  -55.00417 1153671424 204.678538    34.4447 0.0000e+00
    265.000    -0.6247   2.821142    -0.6231   2.821541    6.59645    -0.0236    13.8155 -9.990e-29  -60.80000  -55.00417 1153671425 204.678551    34.4453 0.0000e+00
    266.000    -0.6230   2.821316    -0.6222   2.821674    6.59222    -0.0328    13.8155 -9.990e-29  -60.80000  -55.00417 1153671426 204.678564    34.4448 0.0000e+00
    267.000    -0.6230   2.821363    -0.6223   2.821717    6.58521    -0.0165    13.8155 -9.990e-29  -60.80000  -55.00417 1153671427 204.678582    34.4448 0.0000e+00
    268.000    -0.6233   2.821422    -0.6218   2.821811    6.58681    -0.0234    13.8155 -9.990e-29  -60.80000  -55.00417 1153671429 204.678607    34.4453 0.0000e+00
    269.000    -0.6132   2.822326    -0.6120   2.822683    6.58802    -0.0326    13.8155 -9.990e-29  -60.80000  -55.00417 1153671431 204.678624    34.4448 0.0000e+00
    270.000    -0.6139   2.822302    -0.6132   2.822653    6.58802    -0.0156    13.8155 -9.990e-29  -60.80000  -55.00417 1153671432 204.678636    34.4448 0.0000e+00
    271.000    -0.6189   2.821938    -0.6199   2.822163    6.58856    -0.0489    13.8155 -9.990e-29  -60.80000  -55.00417 1153671433 204.678646    34.4452 0.0000e+00
    272.000    -0.6191   2.821983    -0.6164   2.822471    6.58906    -0.0384    13.8155 -9.990e-29  -60.80000  -55.00417 1153671434 204.678656    34.4454 0.0000e+00
    273.000    -0.6187   2.822040    -0.6160   2.822559    6.58816    -0.0270    13.8155 -9.990e-29  -60.80000  -55.00417 1153671435 204.678668    34.4450 0.0000e+00
    274.000    -0.6205   2.821959    -0.6177   2.822474    6.58711    -0.0361    13.8155 -9.990e-29  -60.80000  -55.00417 1153671436 204.678684    34.4455 0.0000e+00
    275.000    -0.6210   2.821948    -0.6197   2.822340    6.58647    -0.0306    13.8155 -9.990e-29  -60.80000  -55.00417 1153671438 204.678701    34.4453 0.0000e+00
    276.000    -0.6151   2.822468    -0.6131   2.822893    6.58591    -0.0277    13.8155 -9.990e-29  -60.80000  -55.00417 1153671439 204.678716    34.4448 0.0000e+00
    277.000    -0.6199   2.822122    -0.6137   2.822914    6.58544    -0.0198    13.8155 -9.990e-29  -60.80000  -55.00417 1153671440 204.678731    34.4451 0.0000e+00
    278.000    -0.6174   2.822401    -0.6158   2.822839    6.58403    -0.0246    13.8155 -9.990e-29  -60.80000  -55.00417 1153671441 204.678745    34.4453 0.0000e+00
    279.000    -0.6191   2.822314    -0.6178   2.822704    6.58555    -0.0409    13.8155 -9.990e-29  -60.80000  -55.00417 1153671443 204.678760    34.4456 0.0000e+00
    280.000    -0.6233   2.822051    -0.6225   2.822426    6.58061    -0.0197    13.8155 -9.990e-29  -60.80000  -55.00417 1153671444 204.678777    34.4462 0.0000e+00
    281.000    -0.6295   2.821532    -0.6271   2.822053    6.58132    -0.0330    13.8155 -9.990e-29  -60.80000  -55.00417 1153671445 204.678791    34.4459 0.0000e+00
    282.000    -0.6177   2.822752    -0.6139   2.823345    6.58127    -0.0303    13.8155 -9.990e-29  -60.80000  -55.00417 1153671446 204.678803    34.4480 0.0000e+00
    283.000    -0.6216   2.822382    -0.6238   2.822479    6.57332    -0.0339    13.8155 -9.990e-29  -60.80000  -55.00417 1153671448 204.678816    34.4468 0.0000e+00
    284.000    -0.5875   2.825815    -0.5914   2.825562    6.56568    -0.0270    13.8155 -9.990e-29  -60.80000  -55.00417 1153671449 204.678832    34.4530 0.0000e+00
    285.000    -0.5960   2.824958    -0.5944   2.825451    6.55909    -0.0421    13.8155 -9.990e-29  -60.80000  -55.00417 1153671450 204.678847    34.4505 0.0000e+00
    286.000    -0.6045   2.824212    -0.6023   2.824675    6.55378    -0.0285    13.8155 -9.990e-29  -60.80000  -55.00417 1153671451 204.678861    34.4500 0.0000e+00
    287.000    -0.5944   2.825261    -0.5936   2.825557    6.54912    -0.0424    13.8155 -9.990e-29  -60.80000  -55.00417 1153671453 204.678875    34.4519 0.0000e+00
    288.000    -0.5864   2.826064    -0.5823   2.826717    6.54500    -0.0298    13.8155 -9.990e-29  -60.80000  -55.00417 1153671454 204.678889    34.4527 0.0000e+00
    289.000    -0.5756   2.827208    -0.5751   2.827457    6.53982    -0.0297    13.8155 -9.990e-29  -60.80000  -55.00417 1153671455 204.678904    34.4551 0.0000e+00
    290.000    -0.5682   2.827978    -0.5652   2.828452    6.53439    -0.0311    13.8155 -9.990e-29  -60.80000  -55.00417 1153671456 204.678917    34.4563 0.0000e+00
