product_data/regression_test/downloaded_data/MGDS/320620060703/ctd/p6618701.ros
* Sea-Bird SBE 9 Data File:
* FileName = D:\Data\Raw\p6618701.dat
* Software Version Seasave Win32 V 5.32
* Temperature SN = 1649
* Conductivity SN = 1431
* Number of Bytes Per Scan = 37
* Number of Voltage Words = 5
* Number of Scans Averaged by the Deck Unit = 1
* NMEA Latitude = 60 48.00 S
* NMEA Longitude = 054 14.73 W
* NMEA UTC (Time) = 02:15:03
** Ship:   Nathaniel B. Palmer 
** Cruise:    NBP0606 
# nquan = 17
# nvalues = 1176                    
# units = specified
# name 0 = prDM: Pressure, Digiquartz [db]
# name 1 = t090C: Temperature [ITS-90, deg C]
# name 2 = c0S/m: Conductivity [S/m]
# name 3 = t190C: Temperature, 2 [ITS-90, deg C]
# name 4 = c1S/m: Conductivity, 2 [S/m]
# name 5 = sbeox0ML/L: Oxygen, SBE 43 [ml/l]
# name 6 = flECO-AFL: Fluorescence, Wetlab ECO-AFL/FL [mg/m^3]
# name 7 = bat: Beam Attenuation, Chelsea/Seatech/Wetlab CStar [1/m]
# name 8 = spar: SPAR/Surface Irradiance
# name 9 = latitude: Latitude [deg]
# name 10 = longitude: Longitude [deg]
# name 11 = timeY: Time, System [seconds]
# name 12 = timeJ: Julian Days
# name 13 = sal00: Salinity [PSU]
# name 14 = scan: scan number
# name 15 = nbf: number of bottles fired
# name 16 = flag:  0.000e+00
# interval = seconds: 0.0416667                   
# start_time = Jul 23 2006 02:15:11
*END*
[from data line 596]
    150.218    -0.7433   2.797631    -0.7385   2.798095    7.03776    -0.0426    13.8155 0.0000e+00  -60.80000  -54.24550 1153626117 204.154156    34.3325     124995         13  0.000e+00
    150.285    -0.7434   2.797456    -0.7399   2.798106    7.03320    -0.0104    13.8155 0.0000e+00  -60.80000  -54.24550 1153626117 204.154157    34.3302     124996         13  0.000e+00
    150.218    -0.7455   2.797244    -0.7413   2.798071    7.03832    -0.0426    13.8155 0.0000e+00  -60.80000  -54.24550 1153626117 204.154157    34.3297     124997         13  0.000e+00
    150.218    -0.7477   2.797082    -0.7456   2.797856    7.03875    -0.0642    13.8155 0.0000e+00  -60.80000  -54.24550 1153626117 204.154158    34.3301     124998         13  0.000e+00
    150.218    -0.7503   2.796953    -0.7501   2.797490    7.03919    -0.0534    13.8155 0.0000e+00  -60.80000  -54.24550 1153626118 204.154158    34.3312     124999         13  0.000e+00
    150.218    -0.7510   2.796841    -0.7531   2.797124    7.03937    -0.0104    13.8155 0.0000e+00  -60.80000  -54.24550 1153626118 204.154158    34.3305     125000         13  0.000e+00
    150.285    -0.7513   2.796765    -0.7543   2.796822    7.03953    -0.0211    13.8155 0.0000e+00  -60.80000  -54.24550 1153626118 204.154159    34.3298     125001         13  0.000e+00
    150.285    -0.7528   2.796778    -0.7571   2.796572    7.03974     0.0004    13.8155 0.0000e+00  -60.80000  -54.24550 1153626118 204.154159    34.3317     125002         13  0.000e+00
    150.218    -0.7530   2.796689    -0.7596   2.796351    7.03976     0.0004    13.8155 0.0000e+00  -60.80000  -54.24550 1153626118 204.154160    34.3308     125003         13  0.000e+00
    150.285    -0.7544   2.796553    -0.7599   2.796298    7.04485     0.0112    13.8155 0.0000e+00  -60.80000  -54.24550 1153626118 204.154160    34.3305     125004         13  0.000e+00
    150.351    -0.7556   2.796421    -0.7591   2.796438    7.04518    -0.0211    13.8155 0.0000e+00  -60.80000  -54.24550 1153626118 204.154161    34.3300     125005         13  0.000e+00
    150.285    -0.7569   2.796418    -0.7588   2.796502    7.04055    -0.0534    13.8155 0.0000e+00  -60.80000  -54.24550 1153626118 204.154161    34.3315     125006         13  0.000e+00
    150.352    -0.7561   2.796438    -0.7597   2.796473    7.04049    -0.0749    13.8155 0.0000e+00  -60.80000  -54.24550 1153626118 204.154162    34.3308     125007         13  0.000e+00
    150.285    -0.7578   2.796147    -0.7623   2.796281    7.04561    -0.0964    13.8155 0.0000e+00  -60.80000  -54.24550 1153626118 204.154162    34.3288     125008         13  0.000e+00
    150.428    -0.7618   2.795763    -0.7667   2.795921    7.04657    -0.0749    13.8155 0.0000e+00  -60.80000  -54.24550 1153626118 204.154163    34.3281     125009         13  0.000e+00
    150.361    -0.7637   2.795869    -0.7702   2.795659    7.04670    -0.0319    13.8155 0.0000e+00  -60.80000  -54.24550 1153626118 204.154163    34.3317     125010         13  0.000e+00
    150.352    -0.7601   2.796428    -0.7722   2.795444    7.04582    -0.0211    13.8155 0.0000e+00  -60.80000  -54.24550 1153626118 204.154164    34.3353     125011         13  0.000e+00
    150.352    -0.7549   2.796960    -0.7748   2.795235    7.04472    -0.0642    13.8155 0.0000e+00  -60.80000  -54.24550 1153626118 204.154164    34.3365     125012         13  0.000e+00
    150.428    -0.7507   2.797231    -0.7739   2.795299    7.04403    -0.0642    13.8155 0.0000e+00  -60.80000  -54.24550 1153626118 204.154165    34.3354     125013         13  0.000e+00
    150.428    -0.7485   2.797334    -0.7717   2.795496    7.04365    -0.0642    13.8155 0.0000e+00  -60.80000  -54.24550 1153626118 204.154165    34.3342     125014         13  0.000e+00
    150.352    -0.7471   2.797453    -0.7708   2.795613    7.03855    -0.0534    13.8155 0.0000e+00  -60.80000  -54.24550 1153626118 204.154166    34.3344     125015         13  0.000e+00
    150.428    -0.7445   2.797539    -0.7691   2.795711    7.04294    -0.0426    13.8155 0.0000e+00  -60.80000  -54.24550 1153626118 204.154166    34.3324     125016         13  0.000e+00
    150.428    -0.7441   2.797469    -0.7665   2.795862    7.04293     0.0112    13.8155 0.0000e+00  -60.80000  -54.24550 1153626118 204.154167    34.3310     125017         13  0.000e+00
    150.428    -0.7449   2.797291    -0.7680   2.795816    7.04317    -0.0211    13.8155 0.0000e+00  -60.80000  -54.24550 1153626118 204.154167    34.3296     125018         13  0.000e+00
    150.352    -0.7471   2.797089    -0.7700   2.795653    7.04354    -0.0211    13.8155 0.0000e+00  -60.80000  -54.24550 1153626118 204.154168    34.3294     125019         13  0.000e+00
    150.428    -0.7485   2.797020    -0.7709   2.795572    7.04385    -0.0104    13.8155 0.0000e+00  -60.80000  -54.24550 1153626118 204.154168    34.3300     125020         13  0.000e+00
    150.352    -0.7487   2.797082    -0.7695   2.795694    7.04376    -0.0857    13.8155 0.0000e+00  -60.80000  -54.24550 1153626118 204.154169    34.3311     125021         13  0.000e+00
    150.428    -0.7477   2.797106    -0.7668   2.795862    7.04843    -0.0749    13.8155 0.0000e+00  -60.80000  -54.24550 1153626118 204.154169    34.3303     125022         13  0.000e+00
    150.352    -0.7481   2.796973    -0.7653   2.796019    7.04375    -0.0104    13.8155 0.0000e+00  -60.80000  -54.24550 1153626118 204.154170    34.3290     125023         13  0.000e+00
    150.428    -0.7501   2.796861    -0.7642   2.796060    7.04418    -0.0319    13.8155 0.0000e+00  -60.80000  -54.24550 1153626119 204.154170    34.3296     125024         13  0.000e+00
    150.361    -0.7510   2.796867    -0.7641   2.795979    7.04424    -0.0534    13.8155 0.0000e+00  -60.80000  -54.24550 1153626119 204.154171    34.3308     125025         13  0.000e+00
    150.352    -0.7505   2.796930    -0.7671   2.795729    7.04412    -0.0534    13.8155 0.0000e+00  -60.80000  -54.24550 1153626119 204.154171    34.3311     125026         13  0.000e+00
    150.352    -0.7501   2.796914    -0.7718   2.795363    7.04407    -0.0642    13.8155 0.0000e+00  -60.80000  -54.24550 1153626119 204.154171    34.3304     125027         13  0.000e+00
    150.428    -0.7507   2.796904    -0.7751   2.795101    7.04424    -0.0642    13.8155 0.0000e+00  -60.80000  -54.24550 1153626119 204.154172    34.3309     125028         13  0.000e+00
    150.361    -0.7506   2.796867    -0.7768   2.794973    7.04418    -0.0104    13.8155 0.0000e+00  -60.80000  -54.24550 1153626119 204.154172    34.3303     125029         13  0.000e+00
    150.352    -0.7501   2.796897    -0.7778   2.794880    7.04408     0.0112    13.8155 0.0000e+00  -60.80000  -54.24550 1153626119 204.154173    34.3301     125030         13  0.000e+00
    150.352    -0.7507   2.796904    -0.7782   2.794880    7.04891    -0.0857    13.8155 0.0000e+00  -60.80000  -54.24550 1153626119 204.154173    34.3310     125031         13  0.000e+00
    150.352    -0.7508   2.796867    -0.7788   2.794909    7.04895    -0.1072    13.8155 0.0000e+00  -60.80000  -54.24550 1153626119 204.154174    34.3306     125032         13  0.000e+00
    150.361    -0.7517   2.796606    -0.7777   2.795014    7.04927    -0.0857    13.8155 0.0000e+00  -60.80000  -54.24550 1153626119 204.154174    34.3281     125033         13  0.000e+00
    150.352    -0.7569   2.796064    -0.7760   2.795130    7.05034    -0.0319    13.8155 0.0000e+00  -60.80000  -54.24550 1153626119 204.154175    34.3266     125034         13  0.000e+00
    150.352    -0.7625   2.795509    -0.7762   2.795212    7.05150    -0.0104    13.8155 0.0000e+00  -60.80000  -54.24550 1153626119 204.154175    34.3255     125035         13  0.000e+00
    150.142    -0.7575   2.796292    -0.7637   2.796072    7.05007    -0.1287    13.8155 0.0000e+00  -60.80000  -54.24550 1153626120 204.154191    34.3305     125068         14  0.000e+00
    150.075    -0.7574   2.796299    -0.7643   2.796043    7.05473    -0.0857    13.8155 0.0000e+00  -60.80000  -54.24550 1153626120 204.154192    34.3305     125069         14  0.000e+00
    150.218    -0.7570   2.796315    -0.7650   2.796014    7.05482    -0.0534    13.8155 0.0000e+00  -60.80000  -54.24550 1153626120 204.154192    34.3303     125070         14  0.000e+00
    150.142    -0.7574   2.796286    -0.7648   2.795967    7.05481    -0.0319    13.8155 0.0000e+00  -60.80000  -54.24550 1153626121 204.154193    34.3303     125071         14  0.000e+00
    150.075    -0.7575   2.796282    -0.7653   2.795973    7.05476     0.0112    13.8155 0.0000e+00  -60.80000  -54.24550 1153626121 204.154193    34.3304     125072         14  0.000e+00
    150.218    -0.7574   2.796295    -0.7656   2.795996    7.05962    -0.0319    13.8155 0.0000e+00  -60.80000  -54.24550 1153626121 204.154194    34.3304     125073         14  0.000e+00
    150.075    -0.7580   2.796279    -0.7654   2.796043    7.05484    -0.0319    13.8155 0.0000e+00  -60.80000  -54.24550 1153626121 204.154194    34.3310     125074         14  0.000e+00
    150.142    -0.7578   2.796292    -0.7646   2.796095    7.05487     0.0004    13.8155 0.0000e+00  -60.80000  -54.24550 1153626121 204.154195    34.3309     125075         14  0.000e+00
    150.075    -0.7578   2.796299    -0.7644   2.796171    7.05480     0.0004    13.8155 0.0000e+00  -60.80000  -54.24550 1153626121 204.154195    34.3310     125076         14  0.000e+00
    150.142    -0.7570   2.796299    -0.7636   2.796293    7.05475    -0.0857    13.8155 0.0000e+00  -60.80000  -54.24550 1153626121 204.154196    34.3301     125077         14  0.000e+00
    150.075    -0.7574   2.796299    -0.7616   2.796426    7.05473    -0.0749    13.8155 0.0000e+00  -60.80000  -54.24550 1153626121 204.154196    34.3305     125078         14  0.000e+00
    150.142    -0.7577   2.796299    -0.7600   2.796514    7.05484    -0.0642    13.8155 0.0000e+00  -60.80000  -54.24550 1153626121 204.154197    34.3308     125079         14  0.000e+00
    150.008    -0.7581   2.796279    -0.7580   2.796618    7.05479    -0.0642    13.8155 0.0000e+00  -60.80000  -54.24550 1153626121 204.154197    34.3311     125080         14  0.000e+00
    150.151    -0.7574   2.796239    -0.7563   2.796665    7.05485    -0.0211    13.8155 0.0000e+00  -60.80000  -54.24550 1153626121 204.154198    34.3297     125081         14  0.000e+00
    150.008    -0.7576   2.796213    -0.7548   2.796705    7.05476    -0.0749    13.8155 0.0000e+00  -60.80000  -54.24550 1153626121 204.154198    34.3297     125082         14  0.000e+00
    150.075    -0.7580   2.796196    -0.7556   2.796723    7.05489    -0.0642    13.8155 0.0000e+00  -60.80000  -54.24550 1153626121 204.154198    34.3298     125083         14  0.000e+00
    150.075    -0.7583   2.796186    -0.7560   2.796781    7.05494    -0.0426    13.8155 0.0000e+00  -60.80000  -54.24550 1153626121 204.154199    34.3300     125084         14  0.000e+00
    150.075    -0.7584   2.796186    -0.7548   2.796822    7.05971    -0.0749    13.8155 0.0000e+00  -60.80000  -54.24550 1153626121 204.154199    34.3302     125085         14  0.000e+00
    150.008    -0.7580   2.796166    -0.7557   2.796810    7.05959    -0.0642    13.8155 0.0000e+00  -60.80000  -54.24550 1153626121 204.154200    34.3295     125086         14  0.000e+00
    150.075    -0.7578   2.796180    -0.7568   2.796723    7.05962    -0.0426    13.8155 0.0000e+00  -60.80000  -54.24550 1153626121 204.154200    34.3294     125087         14  0.000e+00
    150.008    -0.7584   2.796150    -0.7576   2.796700    7.05967    -0.0642    13.8155 0.0000e+00  -60.80000  -54.24550 1153626121 204.154201    34.3298     125088         14  0.000e+00
    150.075    -0.7592   2.796107    -0.7588   2.796636    7.05987    -0.0857    13.8155 0.0000e+00  -60.80000  -54.24550 1153626121 204.154201    34.3300     125089         14  0.000e+00
    150.075    -0.7590   2.796077    -0.7602   2.796537    7.05512    -0.0857    13.8155 0.0000e+00  -60.80000  -54.24550 1153626121 204.154202    34.3294     125090         14  0.000e+00
    150.008    -0.7597   2.796054    -0.7621   2.796333    7.05515    -0.0964    13.8155 0.0000e+00  -60.80000  -54.24550 1153626121 204.154202    34.3298     125091         14  0.000e+00
    150.075    -0.7597   2.795965    -0.7648   2.796008    7.05528    -0.0426    13.8155 0.0000e+00  -60.80000  -54.24550 1153626121 204.154203    34.3286     125092         14  0.000e+00
    150.008    -0.7607   2.795869    -0.7656   2.795746    7.05543    -0.0534    13.8155 0.0000e+00  -60.80000  -54.24550 1153626121 204.154203    34.3286     125093         14  0.000e+00
    150.008    -0.7626   2.795819    -0.7712   2.795444    7.06048    -0.0534    13.8155 0.0000e+00  -60.80000  -54.24550 1153626121 204.154204    34.3300     125094         14  0.000e+00
    150.075    -0.7640   2.795790    -0.7765   2.795101    7.05601    -0.0104    13.8155 0.0000e+00  -60.80000  -54.24550 1153626122 204.154204    34.3312     125095         14  0.000e+00
    150.008    -0.7635   2.795783    -0.7775   2.795020    7.06063     0.0004    13.8155 0.0000e+00  -60.80000  -54.24550 1153626122 204.154205    34.3306     125096         14  0.000e+00
    150.008    -0.7634   2.795763    -0.7775   2.795119    7.06063    -0.0104    13.8155 0.0000e+00  -60.80000  -54.24550 1153626122 204.154205    34.3302     125097         14  0.000e+00
    150.075    -0.7638   2.795790    -0.7778   2.795153    7.06074    -0.0426    13.8155 0.0000e+00  -60.80000  -54.24550 1153626122 204.154206    34.3310     125098         14  0.000e+00
    150.008    -0.7632   2.795872    -0.7809   2.795090    7.06053    -0.0534    13.8155 0.0000e+00  -60.80000  -54.24550 1153626122 204.154206    34.3314     125099         14  0.000e+00
    150.075    -0.7623   2.795895    -0.7824   2.794869    7.06045    -0.0642    13.8155 0.0000e+00  -60.80000  -54.24550 1153626122 204.154207    34.3307     125100         14  0.000e+00
    150.075    -0.7611   2.795925    -0.7849   2.794491    7.06025    -0.0426    13.8155 0.0000e+00  -60.80000  -54.24550 1153626122 204.154207    34.3297     125101         14  0.000e+00
    150.008    -0.7603   2.796021    -0.7878   2.794125    7.06001    -0.0211    13.8155 0.0000e+00  -60.80000  -54.24550 1153626122 204.154208    34.3301     125102         14  0.000e+00
    150.075    -0.7598   2.796067    -0.7895   2.793881    7.05998    -0.0426    13.8155 0.0000e+00  -60.80000  -54.24550 1153626122 204.154208    34.3302     125103         14  0.000e+00
    150.075    -0.7600   2.796004    -0.7916   2.793701    7.06005     0.0004    13.8155 0.0000e+00  -60.80000  -54.24550 1153626122 204.154209    34.3295     125104         14  0.000e+00
    150.075    -0.7606   2.795932    -0.7936   2.793520    7.06018     0.0112    13.8155 0.0000e+00  -60.80000  -54.24550 1153626122 204.154209    34.3292     125105         14  0.000e+00
    150.075    -0.7612   2.795899    -0.7979   2.793265    7.06029     0.0219    13.8155 0.0000e+00  -60.80000  -54.24550 1153626122 204.154210    34.3295     125106         14  0.000e+00
    150.075    -0.7620   2.795816    -0.8087   2.792568    7.06046     0.0004    13.8155 0.0000e+00  -60.80000  -54.24550 1153626122 204.154210    34.3292     125107         14  0.000e+00
    150.075    -0.7638   2.795429    -0.8151   2.791795    7.06098    -0.0211    13.8155 0.0000e+00  -60.80000  -54.24550 1153626122 204.154211    34.3261     125108         14  0.000e+00
    150.075    -0.7704   2.794768    -0.8176   2.791493    7.06234    -0.0211    13.8155 0.0000e+00  -60.80000  -54.24550 1153626122 204.154211    34.3246     125109         14  0.000e+00
    150.075    -0.7757   2.794421    -0.8142   2.791510    7.06333    -0.0642    13.8155 0.0000e+00  -60.80000  -54.24550 1153626122 204.154212    34.3260     125110         14  0.000e+00
