product_data/regression_test/downloaded_data/MGDS/320620060703/ctd/p6617611.ros
* Sea-Bird SBE 9 Data File:
* FileName = D:\Data\Raw\p6617611.dat
* Software Version Seasave Win32 V 5.32
* Temperature SN = 1649
* Conductivity SN = 1431
* Number of Bytes Per Scan = 37
* Number of Voltage Words = 5
* Number of Scans Averaged by the Deck Unit = 1
* NMEA Latitude = 60 37.00 S
* NMEA Longitude = 054 43.23 W
* NMEA UTC (Time) = 14:47:03
** Ship:   Nathaniel B. Palmer 
** Cruise:    NBP0606 
# nquan = 17
# nvalues = 1176                    
# units = specified
# name 0 = prDM: Pressure, Digiquartz [db]
# name 1 = t090C: Temperature [ITS-90, deg C]
# name 2 = c0S/m: Conductivity [S/m]
# name 3 = t190C: Temperature, 2 [ITS-90, deg C]
# name 4 = c1S/m: Conductivity, 2 [S/m]
# name 5 = sbeox0ML/L: Oxygen, SBE 43 [ml/l]
# name 6 = flECO-AFL: Fluorescence, Wetlab ECO-AFL/FL [mg/m^3]
# name 7 = bat: Beam Attenuation, Chelsea/Seatech/Wetlab CStar [1/m]
# name 8 = spar: SPAR/Surface Irradiance
# name 9 = latitude: Latitude [deg]
# name 10 = longitude: Longitude [deg]
# name 11 = timeY: Time, System [seconds]
# name 12 = timeJ: Julian Days
# name 13 = sal00: Salinity [PSU]
# name 14 = scan: scan number
# name 15 = nbf: number of bottles fired
# name 16 = flag:  0.000e+00
# interval = seconds: 0.0416667                   
# start_time = Jul 21 2006 14:47:11
*END*
[from data line 511]
    751.677     0.9816   2.996613     0.9813   2.996968    5.16625    -0.0749    13.8155 6.2341e+01  -60.61667  -54.72050 1153494391 202.629543    34.6648      27877         11  0.000e+00
    751.677     0.9809   2.996617     0.9817   2.996938    5.16139    -0.0857    13.8155 6.4289e+01  -60.61667  -54.72050 1153494391 202.629543    34.6655      27878         11  0.000e+00
    751.754     0.9813   2.996617     0.9813   2.996950    5.16140    -0.0534    13.8155 6.4289e+01  -60.61667  -54.72050 1153494391 202.629544    34.6651      27879         11  0.000e+00
    751.677     0.9809   2.996634     0.9811   2.996938    5.16138    -0.0534    13.8155 6.4289e+01  -60.61667  -54.72050 1153494391 202.629544    34.6658      27880         11  0.000e+00
    751.677     0.9813   2.996593     0.9817   2.996950    5.16628    -0.0857    13.8155 6.4289e+01  -60.61667  -54.72050 1153494391 202.629545    34.6648      27881         11  0.000e+00
    751.677     0.9811   2.996569     0.9816   2.996938    5.16632    -0.0857    13.8155 6.4289e+01  -60.61667  -54.72050 1153494391 202.629545    34.6648      27882         11  0.000e+00
    751.677     0.9812   2.996586     0.9817   2.996932    5.16137    -0.0749    13.8155 6.4289e+01  -60.61667  -54.72050 1153494391 202.629546    34.6648      27883         11  0.000e+00
    751.754     0.9810   2.996593     0.9816   2.996932    5.16637    -0.0642    13.8155 6.2341e+01  -60.61667  -54.72050 1153494391 202.629546    34.6651      27884         11  0.000e+00
    751.677     0.9809   2.996593     0.9811   2.996968    5.16632    -0.0964    13.8155 6.2341e+01  -60.61667  -54.72050 1153494391 202.629547    34.6652      27885         11  0.000e+00
    751.677     0.9813   2.996600     0.9809   2.996968    5.16628    -0.1180    13.8155 6.2341e+01  -60.61667  -54.72050 1153494391 202.629547    34.6649      27886         11  0.000e+00
    751.754     0.9814   2.996593     0.9812   2.996938    5.16633    -0.0857    13.8155 6.4289e+01  -60.61667  -54.72050 1153494391 202.629548    34.6647      27887         11  0.000e+00
    751.677     0.9810   2.996627     0.9811   2.996932    5.16630    -0.0964    13.8155 6.4289e+01  -60.61667  -54.72050 1153494391 202.629548    34.6656      27888         11  0.000e+00
    751.677     0.9811   2.996569     0.9821   2.996909    5.16632    -0.0964    13.8155 6.4289e+01  -60.61667  -54.72050 1153494391 202.629549    34.6648      27889         11  0.000e+00
    751.754     0.9809   2.996562     0.9812   2.996944    5.16147    -0.0642    13.8155 6.4289e+01  -60.61667  -54.72050 1153494391 202.629549    34.6648      27890         11  0.000e+00
    751.677     0.9807   2.996593     0.9815   2.996915    5.16635    -0.0534    13.8155 6.4289e+01  -60.61667  -54.72050 1153494391 202.629550    34.6655      27891         11  0.000e+00
    751.754     0.9814   2.996613     0.9815   2.996944    5.16632    -0.0642    13.8155 6.4289e+01  -60.61667  -54.72050 1153494391 202.629550    34.6649      27892         11  0.000e+00
    751.677     0.9816   2.996617     0.9809   2.996938    5.16624    -0.0749    13.8155 6.4289e+01  -60.61667  -54.72050 1153494391 202.629551    34.6648      27893         11  0.000e+00
    751.754     0.9814   2.996634     0.9816   2.996968    5.16631    -0.1395    13.8155 6.4289e+01  -60.61667  -54.72050 1153494391 202.629551    34.6652      27894         11  0.000e+00
    751.677     0.9816   2.996586     0.9815   2.996962    5.16134    -0.1072    13.8155 6.4289e+01  -60.61667  -54.72050 1153494391 202.629552    34.6645      27895         11  0.000e+00
    751.754     0.9809   2.996576     0.9815   2.996962    5.16147    -0.0749    13.8155 6.4289e+01  -60.61667  -54.72050 1153494391 202.629552    34.6651      27896         11  0.000e+00
    751.697     0.9806   2.996589     0.9815   2.996938    5.16145    -0.0857    13.8155 6.4289e+01  -60.61667  -54.72050 1153494391 202.629552    34.6655      27897         11  0.000e+00
    751.754     0.9810   2.996593     0.9815   2.996932    5.16637    -0.1180    13.8155 6.4289e+01  -60.61667  -54.72050 1153494391 202.629553    34.6651      27898         11  0.000e+00
    751.677     0.9812   2.996593     0.9813   2.996932    5.16629    -0.1395    13.8155 6.4289e+01  -60.61667  -54.72050 1153494391 202.629553    34.6649      27899         11  0.000e+00
    751.755     0.9809   2.996610     0.9817   2.996932    5.16638    -0.1287    13.8155 6.4289e+01  -60.61667  -54.72050 1153494392 202.629554    34.6655      27900         11  0.000e+00
    751.755     0.9811   2.996586     0.9812   2.996968    5.16637    -0.0964    13.8155 6.2341e+01  -60.61667  -54.72050 1153494392 202.629554    34.6649      27901         11  0.000e+00
    751.677     0.9812   2.996589     0.9814   2.996944    5.16629    -0.0319    13.8155 6.2341e+01  -60.61667  -54.72050 1153494392 202.629555    34.6648      27902         11  0.000e+00
    751.755     0.9810   2.996593     0.9815   2.996950    5.16637    -0.0534    13.8155 6.2341e+01  -60.61667  -54.72050 1153494392 202.629555    34.6651      27903         11  0.000e+00
    751.755     0.9808   2.996593     0.9815   2.996998    5.16147    -0.0749    13.8155 6.0393e+01  -60.61667  -54.72050 1153494392 202.629556    34.6654      27904         11  0.000e+00
    749.897     0.9820   2.996596     0.9821   2.996938    5.16001    -0.0749    13.8155 6.2341e+01  -60.61667  -54.72050 1153494398 202.629634    34.6651      28066         12  0.000e+00
    749.974     0.9818   2.996568     0.9819   2.996950    5.16010    -0.1072    13.8155 6.0393e+01  -60.61667  -54.72050 1153494398 202.629634    34.6650      28067         12  0.000e+00
    750.041     0.9822   2.996599     0.9822   2.996938    5.16009    -0.1287    13.8155 6.2341e+01  -60.61667  -54.72050 1153494398 202.629635    34.6648      28068         12  0.000e+00
    749.974     0.9823   2.996579     0.9822   2.996908    5.16004    -0.1180    13.8155 6.2341e+01  -60.61667  -54.72050 1153494399 202.629635    34.6645      28069         12  0.000e+00
    749.974     0.9819   2.996568     0.9819   2.996920    5.16008    -0.0964    13.8155 6.2341e+01  -60.61667  -54.72050 1153494399 202.629636    34.6648      28070         12  0.000e+00
    750.042     0.9817   2.996585     0.9818   2.996932    5.16015    -0.0749    13.8155 6.2341e+01  -60.61667  -54.72050 1153494399 202.629636    34.6652      28071         12  0.000e+00
    750.042     0.9821   2.996582     0.9819   2.996932    5.16011    -0.0964    13.8155 6.2341e+01  -60.61667  -54.72050 1153494399 202.629637    34.6647      28072         12  0.000e+00
    749.974     0.9814   2.996589     0.9822   2.996932    5.16013    -0.1072    13.8155 6.2341e+01  -60.61667  -54.72050 1153494399 202.629637    34.6656      28073         12  0.000e+00
    750.042     0.9815   2.996609     0.9824   2.996932    5.16016    -0.0964    13.8155 6.2341e+01  -60.61667  -54.72050 1153494399 202.629638    34.6658      28074         12  0.000e+00
    750.042     0.9816   2.996579     0.9822   2.996932    5.16017    -0.1180    13.8155 6.2341e+01  -60.61667  -54.72050 1153494399 202.629638    34.6653      28075         12  0.000e+00
    750.051     0.9817   2.996568     0.9819   2.996932    5.16016    -0.0857    13.8155 6.2341e+01  -60.61667  -54.72050 1153494399 202.629639    34.6650      28076         12  0.000e+00
    750.042     0.9816   2.996609     0.9828   2.996932    5.16015    -0.0534    13.8155 6.0393e+01  -60.61667  -54.72050 1153494399 202.629639    34.6656      28077         12  0.000e+00
    750.109     0.9819   2.996582     0.9822   2.996932    5.16018    -0.0964    13.8155 6.0393e+01  -60.61667  -54.72050 1153494399 202.629640    34.6650      28078         12  0.000e+00
    750.042     0.9818   2.996568     0.9819   2.996932    5.16015    -0.1072    13.8155 6.0393e+01  -60.61667  -54.72050 1153494399 202.629640    34.6649      28079         12  0.000e+00
    750.109     0.9819   2.996620     0.9820   2.996950    5.16017    -0.0749    13.8155 6.0393e+01  -60.61667  -54.72050 1153494399 202.629641    34.6654      28080         12  0.000e+00
    750.109     0.9817   2.996620     0.9824   2.996938    5.16018    -0.0426    13.8155 6.2341e+01  -60.61667  -54.72050 1153494399 202.629641    34.6656      28081         12  0.000e+00
    750.109     0.9821   2.996585     0.9823   2.996908    5.16016    -0.0426    13.8155 6.0393e+01  -60.61667  -54.72050 1153494399 202.629642    34.6647      28082         12  0.000e+00
    750.186     0.9819   2.996606     0.9819   2.996944    5.16023    -0.0857    13.8155 6.2341e+01  -60.61667  -54.72050 1153494399 202.629642    34.6652      28083         12  0.000e+00
    750.109     0.9819   2.996633     0.9826   2.996962    5.16015    -0.0857    13.8155 6.2341e+01  -60.61667  -54.72050 1153494399 202.629643    34.6655      28084         12  0.000e+00
    750.186     0.9820   2.996620     0.9822   2.996980    5.16020    -0.0964    13.8155 6.2341e+01  -60.61667  -54.72050 1153494399 202.629643    34.6652      28085         12  0.000e+00
    750.186     0.9816   2.996596     0.9824   2.996944    5.16026    -0.0534    13.8155 6.2341e+01  -60.61667  -54.72050 1153494399 202.629644    34.6653      28086         12  0.000e+00
    750.186     0.9823   2.996599     0.9822   2.996932    5.16018    -0.0964    13.8155 6.0393e+01  -60.61667  -54.72050 1153494399 202.629644    34.6646      28087         12  0.000e+00
    750.186     0.9820   2.996613     0.9819   2.996932    5.15529    -0.0857    13.8155 6.0393e+01  -60.61667  -54.72050 1153494399 202.629645    34.6651      28088         12  0.000e+00
    750.254     0.9819   2.996596     0.9820   2.996950    5.16027    -0.0964    13.8155 6.0393e+01  -60.61667  -54.72050 1153494399 202.629645    34.6650      28089         12  0.000e+00
    750.273     0.9816   2.996572     0.9817   2.996980    5.16034    -0.0749    13.8155 6.0393e+01  -60.61667  -54.72050 1153494399 202.629646    34.6651      28090         12  0.000e+00
    750.254     0.9816   2.996568     0.9821   2.996944    5.16032    -0.1287    13.8155 6.0393e+01  -60.61667  -54.72050 1153494399 202.629646    34.6649      28091         12  0.000e+00
    750.254     0.9814   2.996558     0.9820   2.996950    5.16035    -0.1502    13.8155 6.0393e+01  -60.61667  -54.72050 1153494400 202.629647    34.6651      28092         12  0.000e+00
    750.331     0.9816   2.996582     0.9822   2.996962    5.16037    -0.0534    13.8155 6.0393e+01  -60.61667  -54.72050 1153494400 202.629647    34.6651      28093         12  0.000e+00
    750.254     0.9814   2.996592     0.9819   2.996962    5.16033    -0.0534    13.8155 6.0393e+01  -60.61667  -54.72050 1153494400 202.629647    34.6655      28094         12  0.000e+00
    750.398     0.9812   2.996572     0.9815   2.996962    5.16046    -0.1072    13.8155 6.0393e+01  -60.61667  -54.72050 1153494400 202.629648    34.6653      28095         12  0.000e+00
    750.331     0.9816   2.996568     0.9822   2.996980    5.16037    -0.0749    13.8155 6.0393e+01  -60.61667  -54.72050 1153494400 202.629648    34.6649      28096         12  0.000e+00
    750.398     0.9817   2.996609     0.9820   2.996944    5.15547    -0.0319    13.8155 6.0393e+01  -60.61667  -54.72050 1153494400 202.629649    34.6653      28097         12  0.000e+00
    750.331     0.9815   2.996582     0.9818   2.996932    5.15546    -0.0534    13.8155 6.0393e+01  -60.61667  -54.72050 1153494400 202.629649    34.6653      28098         12  0.000e+00
    750.466     0.9814   2.996569     0.9819   2.996950    5.15557    -0.0426    13.8155 6.0393e+01  -60.61667  -54.72050 1153494400 202.629650    34.6651      28099         12  0.000e+00
    750.466     0.9817   2.996603     0.9820   2.996938    5.16045    -0.0319    13.8155 6.0393e+01  -60.61667  -54.72050 1153494400 202.629650    34.6652      28100         12  0.000e+00
    750.466     0.9815   2.996606     0.9819   2.996932    5.15555    -0.0642    13.8155 6.0393e+01  -60.61667  -54.72050 1153494400 202.629651    34.6655      28101         12  0.000e+00
    750.466     0.9816   2.996613     0.9823   2.996950    5.16046    -0.0749    13.8155 6.0393e+01  -60.61667  -54.72050 1153494400 202.629651    34.6655      28102         12  0.000e+00
    750.466     0.9816   2.996596     0.9819   2.996962    5.15554    -0.0857    13.8155 5.8444e+01  -60.61667  -54.72050 1153494400 202.629652    34.6652      28103         12  0.000e+00
    750.553     0.9816   2.996572     0.9817   2.996962    5.15562    -0.1072    13.8155 5.8444e+01  -60.61667  -54.72050 1153494400 202.629652    34.6649      28104         12  0.000e+00
    750.610     0.9812   2.996569     0.9826   2.996962    5.15570    -0.1395    13.8155 6.0393e+01  -60.61667  -54.72050 1153494400 202.629653    34.6653      28105         12  0.000e+00
    750.543     0.9814   2.996609     0.9818   2.996938    5.15561    -0.1287    13.8155 6.0393e+01  -60.61667  -54.72050 1153494400 202.629653    34.6656      28106         12  0.000e+00
    750.610     0.9816   2.996599     0.9822   2.996932    5.15565    -0.1180    13.8155 6.0393e+01  -60.61667  -54.72050 1153494400 202.629654    34.6652      28107         12  0.000e+00
    750.688     0.9813   2.996572     0.9813   2.996926    5.16066    -0.1180    13.8155 6.0393e+01  -60.61667  -54.72050 1153494400 202.629654    34.6651      28108         12  0.000e+00
    750.611     0.9812   2.996569     0.9809   2.996908    5.15569    -0.1072    13.8155 6.0393e+01  -60.61667  -54.72050 1153494400 202.629655    34.6652      28109         12  0.000e+00
    750.755     0.9815   2.996569     0.9812   2.996861    5.15577    -0.0964    13.8155 6.0393e+01  -60.61667  -54.72050 1153494400 202.629655    34.6649      28110         12  0.000e+00
    750.688     0.9809   2.996575     0.9813   2.996849    5.15578    -0.0534    13.8155 6.0393e+01  -60.61667  -54.72050 1153494400 202.629656    34.6656      28111         12  0.000e+00
    750.755     0.9811   2.996569     0.9809   2.996884    5.15581    -0.0426    13.8155 6.0393e+01  -60.61667  -54.72050 1153494400 202.629656    34.6653      28112         12  0.000e+00
    750.755     0.9810   2.996603     0.9808   2.996884    5.15580    -0.0642    13.8155 6.0393e+01  -60.61667  -54.72050 1153494400 202.629657    34.6658      28113         12  0.000e+00
    750.832     0.9806   2.996579     0.9811   2.996896    5.16083    -0.0534    13.8155 6.0393e+01  -60.61667  -54.72050 1153494400 202.629657    34.6659      28114         12  0.000e+00
    750.333     0.9819   2.996575     0.9817   2.996932    5.15543    -0.0964    13.8155 6.2341e+01  -60.61667  -54.72050 1153494407 202.629733    34.6647      28272         13  0.000e+00
    750.400     0.9818   2.996606     0.9818   2.996932    5.15547    -0.0857    13.8155 6.2341e+01  -60.61667  -54.72050 1153494407 202.629734    34.6652      28273         13  0.000e+00
    750.333     0.9817   2.996616     0.9822   2.996926    5.15542    -0.0534    13.8155 6.0393e+01  -60.61667  -54.72050 1153494407 202.629734    34.6654      28274         13  0.000e+00
    750.333     0.9820   2.996562     0.9820   2.996908    5.15541    -0.0642    13.8155 6.2341e+01  -60.61667  -54.72050 1153494407 202.629735    34.6644      28275         13  0.000e+00
    750.256     0.9823   2.996562     0.9821   2.996902    5.15533    -0.0642    13.8155 6.2341e+01  -60.61667  -54.72050 1153494407 202.629735    34.6642      28276         13  0.000e+00
    750.256     0.9820   2.996575     0.9820   2.996902    5.15535    -0.0749    13.8155 6.2341e+01  -60.61667  -54.72050 1153494407 202.629736    34.6646      28277         13  0.000e+00
    750.189     0.9819   2.996568     0.9815   2.996902    5.15532    -0.1072    13.8155 6.2341e+01  -60.61667  -54.72050 1153494407 202.629736    34.6646      28278         13  0.000e+00
