product_data/regression_test/downloaded_data/MGDS/320620060703/ctd/p6619001.ros
* Sea-Bird SBE 9 Data File:
* FileName = D:\Data\Raw\p6619001.dat
* Software Version Seasave Win32 V 5.32
* Temperature SN = 1649
* Conductivity SN = 1431
* Number of Bytes Per Scan = 37
* Number of Voltage Words = 5
* Number of Scans Averaged by the Deck Unit = 1
* NMEA Latitude = 60 48.00 S
* NMEA Longitude = 054 48.87 W
* NMEA UTC (Time) = 13:24:52
** Ship:   Nathaniel B. Palmer 
** Cruise:    NBP0606 
# nquan = 17
# nvalues = 1176                    
# units = specified
# name 0 = prDM: Pressure, Digiquartz [db]
# name 1 = t090C: Temperature [ITS-90, deg C]
# name 2 = c0S/m: Conductivity [S/m]
# name 3 = t190C: Temperature, 2 [ITS-90, deg C]
# name 4 = c1S/m: Conductivity, 2 [S/m]
# name 5 = sbeox0ML/L: Oxygen, SBE 43 [ml/l]
# name 6 = flECO-AFL: Fluorescence, Wetlab ECO-AFL/FL [mg/m^3]
# name 7 = bat: Beam Attenuation, Chelsea/Seatech/Wetlab CStar [1/m]
# name 8 = spar: SPAR/Surface Irradiance
# name 9 = latitude: Latitude [deg]
# name 10 = longitude: Longitude [deg]
# name 11 = timeY: Time, System [seconds]
# name 12 = timeJ: Julian Days
# name 13 = sal00: Salinity [PSU]
# name 14 = scan: scan number
# name 15 = nbf: number of bottles fired
# name 16 = flag:  0.000e+00
# interval = seconds: 0.0416667                   
# start_time = Jul 23 2006 13:25:01
*END*
[from data line 937]
     30.955    -1.0706   2.762188    -1.0702   2.762526    7.48087     0.0327    13.8155 1.5390e+02  -60.80000  -54.81450 1153664241 204.595409    34.2978      75418         20  0.000e+00
     31.032    -1.0699   2.762195    -1.0705   2.762521    7.48083     0.0650    13.8155 1.5390e+02  -60.80000  -54.81450 1153664241 204.595410    34.2969      75419         20  0.000e+00
     30.955    -1.0704   2.762178    -1.0707   2.762521    7.47612     0.0542    13.8155 1.5390e+02  -60.80000  -54.81450 1153664241 204.595410    34.2973      75420         20  0.000e+00
     31.089    -1.0705   2.762175    -1.0705   2.762555    7.47629     0.0972    13.8155 1.5390e+02  -60.80000  -54.81450 1153664241 204.595411    34.2974      75421         20  0.000e+00
     30.955    -1.0702   2.762208    -1.0707   2.762515    7.47608     0.0865    13.8155 1.5390e+02  -60.80000  -54.81450 1153664242 204.595411    34.2975      75422         20  0.000e+00
     31.032    -1.0702   2.762182    -1.0704   2.762550    7.47618     0.1080    13.8155 1.5390e+02  -60.80000  -54.81450 1153664242 204.595412    34.2971      75423         20  0.000e+00
     31.032    -1.0706   2.762175    -1.0702   2.762515    7.47625     0.0757    13.8155 1.5390e+02  -60.80000  -54.81450 1153664242 204.595412    34.2976      75424         20  0.000e+00
     31.022    -1.0705   2.762172    -1.0702   2.762497    7.47622     0.1080    13.8155 1.5390e+02  -60.80000  -54.81450 1153664242 204.595413    34.2974      75425         20  0.000e+00
     31.032    -1.0699   2.762191    -1.0707   2.762515    7.47612     0.0865    13.8155 1.5390e+02  -60.80000  -54.81450 1153664242 204.595413    34.2969      75426         20  0.000e+00
     31.098    -1.0702   2.762195    -1.0703   2.762521    7.47624     0.0219    13.8155 1.5390e+02  -60.80000  -54.81450 1153664242 204.595414    34.2973      75427         20  0.000e+00
     31.032    -1.0705   2.762162    -1.0702   2.762521    7.47624     0.0327    13.8155 1.5390e+02  -60.80000  -54.81450 1153664242 204.595414    34.2972      75428         20  0.000e+00
     31.022    -1.0702   2.762172    -1.0702   2.762538    7.47617     0.0865    13.8155 1.5390e+02  -60.80000  -54.81450 1153664242 204.595415    34.2970      75429         20  0.000e+00
     31.032    -1.0704   2.762172    -1.0706   2.762526    7.47621     0.0865    13.8155 1.5390e+02  -60.80000  -54.81450 1153664242 204.595415    34.2972      75430         20  0.000e+00
     31.032    -1.0702   2.762208    -1.0707   2.762521    7.47616     0.0650    13.8155 1.5390e+02  -60.80000  -54.81450 1153664242 204.595416    34.2975      75431         20  0.000e+00
     31.032    -1.0704   2.762201    -1.0702   2.762521    7.47619     0.0650    13.8155 1.5390e+02  -60.80000  -54.81450 1153664242 204.595416    34.2976      75432         20  0.000e+00
     31.022    -1.0702   2.762182    -1.0700   2.762538    7.47617     0.0112    13.8155 1.5390e+02  -60.80000  -54.81450 1153664242 204.595417    34.2971      75433         20  0.000e+00
     31.099    -1.0708   2.762188    -1.0703   2.762526    7.47633     0.0112    13.8155 1.5390e+02  -60.80000  -54.81450 1153664242 204.595417    34.2979      75434         20  0.000e+00
     31.032    -1.0704   2.762175    -1.0705   2.762521    7.47621     0.0865    13.8155 1.5390e+02  -60.80000  -54.81450 1153664242 204.595418    34.2972      75435         20  0.000e+00
     31.032    -1.0704   2.762175    -1.0704   2.762561    7.47621     0.1080    13.8155 1.5390e+02  -60.80000  -54.81450 1153664242 204.595418    34.2972      75436         20  0.000e+00
     31.022    -1.0705   2.762188    -1.0700   2.762555    7.48092     0.0757    13.8155 1.5390e+02  -60.80000  -54.81450 1153664242 204.595419    34.2976      75437         20  0.000e+00
     31.099    -1.0704   2.762195    -1.0706   2.762550    7.47626     0.0327    13.8155 1.5196e+02  -60.80000  -54.81450 1153664242 204.595419    34.2975      75438         20  0.000e+00
     31.032    -1.0702   2.762195    -1.0704   2.762526    7.47617     0.0650    13.8155 1.5196e+02  -60.80000  -54.81450 1153664242 204.595420    34.2973      75439         20  0.000e+00
     31.022    -1.0703   2.762211    -1.0699   2.762538    7.47617     0.0972    13.8155 1.5390e+02  -60.80000  -54.81450 1153664242 204.595420    34.2977      75440         20  0.000e+00
     31.099    -1.0704   2.762201    -1.0703   2.762550    7.47626     0.0865    13.8155 1.5390e+02  -60.80000  -54.81450 1153664242 204.595421    34.2976      75441         20  0.000e+00
     31.032    -1.0705   2.762178    -1.0704   2.762550    7.48094     0.0434    13.8155 1.5390e+02  -60.80000  -54.81450 1153664242 204.595421    34.2974      75442         20  0.000e+00
     31.032    -1.0702   2.762208    -1.0702   2.762526    7.47616     0.0434    13.8155 1.5390e+02  -60.80000  -54.81450 1153664242 204.595421    34.2975      75443         20  0.000e+00
     31.089    -1.0705   2.762182    -1.0700   2.762538    7.47628     0.0650    13.8155 1.5390e+02  -60.80000  -54.81450 1153664242 204.595422    34.2975      75444         20  0.000e+00
     31.032    -1.0706   2.762191    -1.0700   2.762550    7.47624     0.0865    13.8155 1.5390e+02  -60.80000  -54.81450 1153664242 204.595422    34.2978      75445         20  0.000e+00
     31.032    -1.0708   2.762178    -1.0702   2.762550    7.47627     0.0757    13.8155 1.5390e+02  -60.80000  -54.81450 1153664242 204.595423    34.2978      75446         20  0.000e+00
     31.099    -1.0702   2.762172    -1.0704   2.762526    7.47625     0.0542    13.8155 1.5390e+02  -60.80000  -54.81450 1153664243 204.595423    34.2970      75447         20  0.000e+00
     31.023    -1.0704   2.762208    -1.0701   2.762538    7.48088     0.0542    13.8155 1.5390e+02  -60.80000  -54.81450 1153664243 204.595424    34.2977      75448         20  0.000e+00
     31.032    -1.0706   2.762182    -1.0704   2.762550    7.47625     0.0650    13.8155 1.5390e+02  -60.80000  -54.81450 1153664243 204.595424    34.2977      75449         20  0.000e+00
     31.099    -1.0704   2.762175    -1.0704   2.762526    7.47628     0.1080    13.8155 1.5390e+02  -60.80000  -54.81450 1153664243 204.595425    34.2972      75450         20  0.000e+00
     31.032    -1.0705   2.762188    -1.0700   2.762503    7.47622     0.1188    13.8155 1.5390e+02  -60.80000  -54.81450 1153664243 204.595425    34.2976      75451         20  0.000e+00
     31.023    -1.0702   2.762162    -1.0703   2.762550    7.47618     0.0327    13.8155 1.5390e+02  -60.80000  -54.81450 1153664243 204.595426    34.2969      75452         20  0.000e+00
     31.032    -1.0705   2.762185    -1.0704   2.762515    7.47622     0.0112    13.8155 1.5390e+02  -60.80000  -54.81450 1153664243 204.595426    34.2975      75453         20  0.000e+00
     31.032    -1.0705   2.762178    -1.0702   2.762532    7.47623     0.0219    13.8155 1.5390e+02  -60.80000  -54.81450 1153664243 204.595427    34.2974      75454         20  0.000e+00
     31.099    -1.0702   2.762191    -1.0701   2.762526    7.47624     0.0327    13.8155 1.5390e+02  -60.80000  -54.81450 1153664243 204.595427    34.2972      75455         20  0.000e+00
     31.023    -1.0699   2.762178    -1.0704   2.762538    7.47612     0.0434    13.8155 1.5390e+02  -60.80000  -54.81450 1153664243 204.595428    34.2968      75456         20  0.000e+00
     31.032    -1.0702   2.762175    -1.0704   2.762526    7.47618     0.0327    13.8155 1.5390e+02  -60.80000  -54.81450 1153664243 204.595428    34.2970      75457         20  0.000e+00
     31.032    -1.0705   2.762224    -1.0700   2.762521    7.47619     0.0542    13.8155 1.5390e+02  -60.80000  -54.81450 1153664243 204.595429    34.2981      75458         20  0.000e+00
     31.023    -1.0704   2.762188    -1.0701   2.762538    7.47619     0.0542    13.8155 1.5390e+02  -60.80000  -54.81450 1153664243 204.595429    34.2974      75459         20  0.000e+00
     31.032    -1.0702   2.762191    -1.0702   2.762550    7.48088     0.0757    13.8155 1.5390e+02  -60.80000  -54.81450 1153664243 204.595430    34.2973      75460         20  0.000e+00
     30.827    -1.0710   2.762116    -1.0715   2.762445    7.48084     0.0757    13.8155 1.5390e+02  -60.80000  -54.81450 1153664253 204.595546    34.2972      75702         21  0.000e+00
     30.827    -1.0705   2.762122    -1.0710   2.762422    7.48076     0.0434    13.8155 1.5390e+02  -60.80000  -54.81450 1153664253 204.595547    34.2968      75703         21  0.000e+00
     30.960    -1.0708   2.762129    -1.0708   2.762434    7.48565     0.0542    13.8155 1.5390e+02  -60.80000  -54.81450 1153664253 204.595547    34.2971      75704         21  0.000e+00
     30.817    -1.0714   2.762129    -1.0710   2.762463    7.48560     0.0434    13.8155 1.5390e+02  -60.80000  -54.81450 1153664253 204.595548    34.2980      75705         21  0.000e+00
     30.894    -1.0708   2.762129    -1.0712   2.762428    7.48087     0.0650    13.8155 1.5390e+02  -60.80000  -54.81450 1153664253 204.595548    34.2972      75706         21  0.000e+00
     30.894    -1.0710   2.762149    -1.0714   2.762451    7.48088     0.0542    13.8155 1.5390e+02  -60.80000  -54.81450 1153664253 204.595549    34.2977      75707         21  0.000e+00
     30.894    -1.0711   2.762135    -1.0710   2.762451    7.48091     0.0434    13.8155 1.5390e+02  -60.80000  -54.81450 1153664253 204.595549    34.2976      75708         21  0.000e+00
     30.884    -1.0708   2.762116    -1.0714   2.762463    7.48087     0.0327    13.8155 1.5390e+02  -60.80000  -54.81450 1153664253 204.595550    34.2970      75709         21  0.000e+00
     30.894    -1.0710   2.762142    -1.0710   2.762468    7.48089     0.0112    13.8155 1.5390e+02  -60.80000  -54.81450 1153664254 204.595550    34.2976      75710         21  0.000e+00
     30.961    -1.0706   2.762122    -1.0710   2.762468    7.48092     0.0327    13.8155 1.5390e+02  -60.80000  -54.81450 1153664254 204.595551    34.2969      75711         21  0.000e+00
     30.884    -1.0708   2.762122    -1.0708   2.762486    7.48558     0.0650    13.8155 1.5390e+02  -60.80000  -54.81450 1153664254 204.595551    34.2971      75712         21  0.000e+00
     30.961    -1.0711   2.762129    -1.0710   2.762497    7.48570     0.0972    13.8155 1.5390e+02  -60.80000  -54.81450 1153664254 204.595552    34.2975      75713         21  0.000e+00
     30.894    -1.0708   2.762116    -1.0708   2.762497    7.48559     0.0972    13.8155 1.5390e+02  -60.80000  -54.81450 1153664254 204.595552    34.2970      75714         21  0.000e+00
     30.961    -1.0706   2.762122    -1.0708   2.762457    7.48563     0.0865    13.8155 1.5390e+02  -60.80000  -54.81450 1153664254 204.595553    34.2969      75715         21  0.000e+00
     30.951    -1.0711   2.762149    -1.0708   2.762480    7.48567     0.0757    13.8155 1.5390e+02  -60.80000  -54.81450 1153664254 204.595553    34.2978      75716         21  0.000e+00
     30.961    -1.0708   2.762135    -1.0712   2.762497    7.48565     0.0650    13.8155 1.5390e+02  -60.80000  -54.81450 1153664254 204.595554    34.2973      75717         21  0.000e+00
     30.961    -1.0712   2.762145    -1.0708   2.762515    7.48571     0.0650    13.8155 1.5390e+02  -60.80000  -54.81450 1153664254 204.595554    34.2979      75718         21  0.000e+00
     30.961    -1.0710   2.762152    -1.0704   2.762503    7.48095     0.0757    13.8155 1.5390e+02  -60.80000  -54.81450 1153664254 204.595555    34.2977      75719         21  0.000e+00
     30.951    -1.0708   2.762135    -1.0711   2.762474    7.48564     0.0865    13.8155 1.5390e+02  -60.80000  -54.81450 1153664254 204.595555    34.2973      75720         21  0.000e+00
     30.961    -1.0710   2.762129    -1.0709   2.762486    7.48568     0.0865    13.8155 1.5390e+02  -60.80000  -54.81450 1153664254 204.595556    34.2973      75721         21  0.000e+00
     30.961    -1.0706   2.762145    -1.0704   2.762474    7.48562     0.0757    13.8155 1.5390e+02  -60.80000  -54.81450 1153664254 204.595556    34.2972      75722         21  0.000e+00
     30.961    -1.0705   2.762152    -1.0707   2.762468    7.48088     0.0650    13.8155 1.5390e+02  -60.80000  -54.81450 1153664254 204.595557    34.2971      75723         21  0.000e+00
     31.028    -1.0708   2.762152    -1.0704   2.762469    7.48099     0.0865    13.8155 1.5390e+02  -60.80000  -54.81450 1153664254 204.595557    34.2974      75724         21  0.000e+00
     30.961    -1.0710   2.762135    -1.0710   2.762486    7.48567     0.0650    13.8155 1.5390e+02  -60.80000  -54.81450 1153664254 204.595557    34.2974      75725         21  0.000e+00
     30.961    -1.0706   2.762165    -1.0708   2.762497    7.48560     0.0434    13.8155 1.5390e+02  -60.80000  -54.81450 1153664254 204.595558    34.2975      75726         21  0.000e+00
     31.037    -1.0705   2.762159    -1.0707   2.762497    7.48567     0.0327    13.8155 1.5390e+02  -60.80000  -54.81450 1153664254 204.595558    34.2972      75727         21  0.000e+00
     31.028    -1.0710   2.762135    -1.0704   2.762497    7.48574     0.0542    13.8155 1.5390e+02  -60.80000  -54.81450 1153664254 204.595559    34.2974      75728         21  0.000e+00
     30.961    -1.0708   2.762162    -1.0708   2.762474    7.48092     0.0542    13.8155 1.5390e+02  -60.80000  -54.81450 1153664254 204.595559    34.2976      75729         21  0.000e+00
     31.037    -1.0708   2.762155    -1.0705   2.762486    7.48571     0.0650    13.8155 1.5390e+02  -60.80000  -54.81450 1153664254 204.595560    34.2975      75730         21  0.000e+00
     30.951    -1.0706   2.762135    -1.0704   2.762515    7.48561     0.0865    13.8155 1.5390e+02  -60.80000  -54.81450 1153664254 204.595560    34.2971      75731         21  0.000e+00
     31.037    -1.0706   2.762145    -1.0711   2.762503    7.48570     0.0757    13.8155 1.5390e+02  -60.80000  -54.81450 1153664254 204.595561    34.2972      75732         21  0.000e+00
     31.037    -1.0710   2.762135    -1.0707   2.762474    7.48575     0.0972    13.8155 1.5390e+02  -60.80000  -54.81450 1153664254 204.595561    34.2974      75733         21  0.000e+00
     31.037    -1.0708   2.762129    -1.0710   2.762503    7.48573     0.0972    13.8155 1.5390e+02  -60.80000  -54.81450 1153664255 204.595562    34.2971      75734         21  0.000e+00
     31.028    -1.0705   2.762129    -1.0714   2.762503    7.48568     0.0650    13.8155 1.5390e+02  -60.80000  -54.81450 1153664255 204.595562    34.2968      75735         21  0.000e+00
     30.961    -1.0706   2.762129    -1.0705   2.762497    7.48563     0.0865    13.8155 1.5390e+02  -60.80000  -54.81450 1153664255 204.595563    34.2970      75736         21  0.000e+00
     31.037    -1.0711   2.762112    -1.0705   2.762497    7.48579     0.1295    13.8155 1.5390e+02  -60.80000  -54.81450 1153664255 204.595563    34.2972      75737         21  0.000e+00
     31.037    -1.0706   2.762126    -1.0706   2.762474    7.48571     0.0757    13.8155 1.5390e+02  -60.80000  -54.81450 1153664255 204.595564    34.2969      75738         21  0.000e+00
     31.028    -1.0711   2.762129    -1.0710   2.762486    7.48577     0.0757    13.8155 1.5390e+02  -60.80000  -54.81450 1153664255 204.595564    34.2975      75739         21  0.000e+00
     31.037    -1.0710   2.762129    -1.0707   2.762515    7.48576     0.0219    13.8155 1.5390e+02  -60.80000  -54.81450 1153664255 204.595565    34.2973      75740         21  0.000e+00
     31.037    -1.0710   2.762165    -1.0707   2.762503    7.48573     0.0434    13.8155 1.5390e+02  -60.80000  -54.81450 1153664255 204.595565    34.2978      75741         21  0.000e+00
     31.037    -1.0705   2.762122    -1.0709   2.762515    7.48098     0.0650    13.8155 1.5390e+02  -60.80000  -54.81450 1153664255 204.595566    34.2967      75742         21  0.000e+00
