product_data/regression_test/downloaded_data/MGDS/320620060703/ctd/p6617607.ros
* Sea-Bird SBE 9 Data File:
* FileName = D:\Data\Raw\p6617607.dat
* Software Version Seasave Win32 V 5.32
* Temperature SN = 1649
* Conductivity SN = 1431
* Number of Bytes Per Scan = 37
* Number of Voltage Words = 5
* Number of Scans Averaged by the Deck Unit = 1
* NMEA Latitude = 60 36.97 S
* NMEA Longitude = 054 43.19 W
* NMEA UTC (Time) = 10:38:42
** Ship:   Nathaniel B. Palmer 
** Cruise:    NBP0606 
# nquan = 17
# nvalues = 1176                    
# units = specified
# name 0 = prDM: Pressure, Digiquartz [db]
# name 1 = t090C: Temperature [ITS-90, deg C]
# name 2 = c0S/m: Conductivity [S/m]
# name 3 = t190C: Temperature, 2 [ITS-90, deg C]
# name 4 = c1S/m: Conductivity, 2 [S/m]
# name 5 = sbeox0ML/L: Oxygen, SBE 43 [ml/l]
# name 6 = flECO-AFL: Fluorescence, Wetlab ECO-AFL/FL [mg/m^3]
# name 7 = bat: Beam Attenuation, Chelsea/Seatech/Wetlab CStar [1/m]
# name 8 = spar: SPAR/Surface Irradiance
# name 9 = latitude: Latitude [deg]
# name 10 = longitude: Longitude [deg]
# name 11 = timeY: Time, System [seconds]
# name 12 = timeJ: Julian Days
# name 13 = sal00: Salinity [PSU]
# name 14 = scan: scan number
# name 15 = nbf: number of bottles fired
# name 16 = flag:  0.000e+00
# interval = seconds: 0.0416667                   
# start_time = Jul 21 2006 10:38:50
*END*
[from data line 341]
    149.891    -0.2248   2.840189    -0.2233   2.840692    6.78267    -0.0104    13.8155 0.0000e+00  -60.61617  -54.71983 1153478738 202.448375    34.3181       9831          7  0.000e+00
    149.815    -0.2257   2.840149    -0.2237   2.840633    6.78273     0.0004    13.8155 0.0000e+00  -60.61617  -54.71983 1153478738 202.448375    34.3185       9832          7  0.000e+00
    150.588    -0.2225   2.840499    -0.2222   2.840815    6.78281    -0.0104    13.8155 0.0000e+00  -60.61617  -54.71983 1153478744 202.448440    34.3192       9966          8  0.000e+00
    150.655    -0.2229   2.840449    -0.2217   2.840838    6.78296    -0.0426    13.8155 0.0000e+00  -60.61617  -54.71983 1153478744 202.448440    34.3189       9967          8  0.000e+00
    150.731    -0.2228   2.840375    -0.2217   2.840868    6.78307    -0.0857    13.8155 0.0000e+00  -60.61617  -54.71983 1153478744 202.448441    34.3178       9968          8  0.000e+00
    150.521    -0.2232   2.840359    -0.2214   2.840908    6.78293    -0.0534    13.8155 0.0000e+00  -60.61617  -54.71983 1153478744 202.448441    34.3181       9969          8  0.000e+00
    150.588    -0.2233   2.840375    -0.2215   2.840903    6.78300    -0.0534    13.8155 0.0000e+00  -60.61617  -54.71983 1153478744 202.448442    34.3184       9970          8  0.000e+00
    150.588    -0.2238   2.840369    -0.2214   2.840920    6.78307    -0.0104    13.8155 0.0000e+00  -60.61617  -54.71983 1153478744 202.448442    34.3189       9971          8  0.000e+00
    150.588    -0.2236   2.840345    -0.2214   2.840879    6.78306     0.0004    13.8155 0.0000e+00  -60.61617  -54.71983 1153478744 202.448443    34.3184       9972          8  0.000e+00
    150.588    -0.2236   2.840339    -0.2213   2.840908    6.78306    -0.0319    13.8155 0.0000e+00  -60.61617  -54.71983 1153478744 202.448443    34.3183       9973          8  0.000e+00
    150.521    -0.2239   2.840369    -0.2214   2.840908    6.78303    -0.0426    13.8155 0.0000e+00  -60.61617  -54.71983 1153478744 202.448444    34.3191       9974          8  0.000e+00
    150.588    -0.2239   2.840369    -0.2213   2.840914    6.78308    -0.0211    13.8155 0.0000e+00  -60.61617  -54.71983 1153478744 202.448444    34.3190       9975          8  0.000e+00
    150.521    -0.2233   2.840395    -0.2212   2.840903    6.78293    -0.0319    13.8155 0.0000e+00  -60.61617  -54.71983 1153478744 202.448445    34.3188       9976          8  0.000e+00
    150.521    -0.2236   2.840385    -0.2211   2.840920    6.78297    -0.0426    13.8155 0.0000e+00  -60.61617  -54.71983 1153478744 202.448445    34.3189       9977          8  0.000e+00
    150.521    -0.2236   2.840415    -0.2210   2.840897    6.78296    -0.0104    13.8155 0.0000e+00  -60.61617  -54.71983 1153478744 202.448446    34.3194       9978          8  0.000e+00
    150.588    -0.2231   2.840449    -0.2208   2.840914    6.78293     0.0004    13.8155 0.0000e+00  -60.61617  -54.71983 1153478744 202.448446    34.3192       9979          8  0.000e+00
    150.454    -0.2230   2.840435    -0.2210   2.840926    6.78280    -0.0104    13.8155 0.0000e+00  -60.61617  -54.71983 1153478744 202.448447    34.3190       9980          8  0.000e+00
    150.521    -0.2230   2.840445    -0.2213   2.840920    6.78285    -0.0211    13.8155 0.0000e+00  -60.61617  -54.71983 1153478744 202.448447    34.3191       9981          8  0.000e+00
    150.521    -0.2226   2.840505    -0.2212   2.840920    6.78276    -0.0319    13.8155 0.0000e+00  -60.61617  -54.71983 1153478744 202.448448    34.3194       9982          8  0.000e+00
    150.454    -0.2225   2.840469    -0.2207   2.840926    6.78271    -0.0319    13.8155 0.0000e+00  -60.61617  -54.71983 1153478744 202.448448    34.3189       9983          8  0.000e+00
    150.378    -0.2224   2.840452    -0.2207   2.840961    6.78263     0.0112    13.8155 0.0000e+00  -60.61617  -54.71983 1153478744 202.448449    34.3186       9984          8  0.000e+00
    150.588    -0.2225   2.840469    -0.2209   2.840955    6.78283     0.0004    13.8155 0.0000e+00  -60.61617  -54.71983 1153478744 202.448449    34.3188       9985          8  0.000e+00
    150.444    -0.2221   2.840462    -0.2205   2.840955    6.78265    -0.0426    13.8155 0.0000e+00  -60.61617  -54.71983 1153478745 202.448450    34.3183       9986          8  0.000e+00
    150.454    -0.2219   2.840469    -0.2208   2.840967    6.78263    -0.0749    13.8155 0.0000e+00  -60.61617  -54.71983 1153478745 202.448450    34.3182       9987          8  0.000e+00
    150.444    -0.2224   2.840489    -0.2203   2.840955    6.78267    -0.0319    13.8155 0.0000e+00  -60.61617  -54.71983 1153478745 202.448451    34.3190       9988          8  0.000e+00
    150.377    -0.2224   2.840479    -0.2208   2.840914    6.78262    -0.0211    13.8155 0.0000e+00  -60.61617  -54.71983 1153478745 202.448451    34.3189       9989          8  0.000e+00
    150.454    -0.2224   2.840475    -0.2205   2.840914    6.78268    -0.0104    13.8155 0.0000e+00  -60.61617  -54.71983 1153478745 202.448451    34.3188       9990          8  0.000e+00
    150.377    -0.2216   2.840509    -0.2208   2.840943    6.78249    -0.0426    13.8155 0.0000e+00  -60.61617  -54.71983 1153478745 202.448452    34.3184       9991          8  0.000e+00
    150.444    -0.2222   2.840499    -0.2203   2.840914    6.78264    -0.0104    13.8155 0.0000e+00  -60.61617  -54.71983 1153478745 202.448452    34.3189       9992          8  0.000e+00
    150.377    -0.2222   2.840495    -0.2208   2.840920    6.78258    -0.0104    13.8155 0.0000e+00  -60.61617  -54.71983 1153478745 202.448453    34.3190       9993          8  0.000e+00
    150.377    -0.2217   2.840499    -0.2206   2.840961    6.78251    -0.0426    13.8155 0.0000e+00  -60.61617  -54.71983 1153478745 202.448453    34.3184       9994          8  0.000e+00
    150.377    -0.2218   2.840495    -0.2210   2.840938    6.78252    -0.0319    13.8155 0.0000e+00  -60.61617  -54.71983 1153478745 202.448454    34.3185       9995          8  0.000e+00
    150.301    -0.2224   2.840528    -0.2203   2.840967    6.78251     0.0112    13.8155 0.0000e+00  -60.61617  -54.71983 1153478745 202.448454    34.3196       9996          8  0.000e+00
    150.377    -0.2218   2.840522    -0.2209   2.840955    6.78251    -0.0104    13.8155 0.0000e+00  -60.61617  -54.71983 1153478745 202.448455    34.3188       9997          8  0.000e+00
    150.377    -0.2224   2.840489    -0.2202   2.840949    6.78260    -0.0104    13.8155 0.0000e+00  -60.61617  -54.71983 1153478745 202.448455    34.3190       9998          8  0.000e+00
    150.301    -0.2218   2.840525    -0.2205   2.840955    6.78243    -0.0104    13.8155 0.0000e+00  -60.61617  -54.71983 1153478745 202.448456    34.3189       9999          8  0.000e+00
    150.301    -0.2225   2.840505    -0.2205   2.840949    6.78254     0.0219    13.8155 0.0000e+00  -60.61617  -54.71983 1153478745 202.448456    34.3194      10000          8  0.000e+00
    150.311    -0.2219   2.840515    -0.2205   2.840932    6.78247     0.0542    13.8155 0.0000e+00  -60.61617  -54.71983 1153478745 202.448457    34.3189      10001          8  0.000e+00
    150.301    -0.2219   2.840535    -0.2205   2.840943    6.78244    -0.0211    13.8155 0.0000e+00  -60.61617  -54.71983 1153478745 202.448457    34.3192      10002          8  0.000e+00
    150.301    -0.2216   2.840522    -0.2208   2.840949    6.78241    -0.0211    13.8155 0.0000e+00  -60.61617  -54.71983 1153478745 202.448458    34.3187      10003          8  0.000e+00
    150.301    -0.2220   2.840535    -0.2203   2.840932    6.78246     0.0112    13.8155 0.0000e+00  -60.61617  -54.71983 1153478745 202.448458    34.3193      10004          8  0.000e+00
    150.310    -0.2216   2.840528    -0.2202   2.840943    6.78241    -0.0104    13.8155 0.0000e+00  -60.61617  -54.71983 1153478745 202.448459    34.3188      10005          8  0.000e+00
    150.234    -0.2227   2.840452    -0.2205   2.840949    6.78253    -0.0104    13.8155 0.0000e+00  -60.61617  -54.71983 1153478745 202.448459    34.3190      10006          8  0.000e+00
    150.301    -0.2229   2.840392    -0.2203   2.840914    6.78266    -0.0426    13.8155 0.0000e+00  -60.61617  -54.71983 1153478745 202.448460    34.3183      10007          8  0.000e+00
    150.234    -0.2235   2.840399    -0.2207   2.840938    6.78268    -0.0319    13.8155 0.0000e+00  -60.61617  -54.71983 1153478745 202.448460    34.3192      10008          8  0.000e+00
    150.234    -0.2236   2.840392    -0.2206   2.840926    6.78269    -0.0319    13.8155 0.0000e+00  -60.61617  -54.71983 1153478745 202.448461    34.3192      10009          8  0.000e+00
    150.234    -0.2232   2.840365    -0.2211   2.840920    6.78266    -0.0319    13.8155 0.0000e+00  -60.61617  -54.71983 1153478746 202.448461    34.3184      10010          8  0.000e+00
    150.234    -0.2233   2.840375    -0.2205   2.840926    6.78267    -0.0104    13.8155 0.0000e+00  -60.61617  -54.71983 1153478746 202.448462    34.3186      10011          8  0.000e+00
    150.234    -0.2238   2.840362    -0.2203   2.840943    6.78274    -0.0211    13.8155 0.0000e+00  -60.61617  -54.71983 1153478746 202.448462    34.3190      10012          8  0.000e+00
    150.234    -0.2239   2.840312    -0.2205   2.840932    6.78279    -0.0319    13.8155 0.0000e+00  -60.61617  -54.71983 1153478746 202.448463    34.3185      10013          8  0.000e+00
    150.167    -0.2241   2.840239    -0.2208   2.840908    6.78280    -0.0319    13.8155 0.0000e+00  -60.61617  -54.71983 1153478746 202.448463    34.3178      10014          8  0.000e+00
    149.813    -0.2221   2.840405    -0.2216   2.840861    6.78209     0.0004    13.8155 0.0000e+00  -60.61617  -54.71983 1153478751 202.448527    34.3180      10147          9  0.000e+00
    149.746    -0.2225   2.840425    -0.2216   2.840832    6.78207     0.0004    13.8155 0.0000e+00  -60.61617  -54.71983 1153478751 202.448528    34.3187      10148          9  0.000e+00
    149.746    -0.2219   2.840428    -0.2209   2.840820    6.78199    -0.0211    13.8155 0.0000e+00  -60.61617  -54.71983 1153478751 202.448528    34.3181      10149          9  0.000e+00
    149.813    -0.2227   2.840428    -0.2211   2.840815    6.78215    -0.0319    13.8155 0.0000e+00  -60.61617  -54.71983 1153478751 202.448529    34.3189      10150          9  0.000e+00
    149.813    -0.2226   2.840428    -0.2217   2.840815    6.78213    -0.0104    13.8155 0.0000e+00  -60.61617  -54.71983 1153478751 202.448529    34.3188      10151          9  0.000e+00
    149.746    -0.2217   2.840415    -0.2218   2.840797    6.78197     0.0004    13.8155 0.0000e+00  -60.61617  -54.71983 1153478751 202.448530    34.3177      10152          9  0.000e+00
    149.669    -0.2221   2.840405    -0.2217   2.840785    6.78195     0.0327    13.8155 0.0000e+00  -60.61617  -54.71983 1153478751 202.448530    34.3180      10153          9  0.000e+00
    149.813    -0.2224   2.840422    -0.2214   2.840785    6.78211     0.0219    13.8155 0.0000e+00  -60.61617  -54.71983 1153478752 202.448531    34.3185      10154          9  0.000e+00
    149.746    -0.2219   2.840392    -0.2221   2.840774    6.78201     0.0004    13.8155 0.0000e+00  -60.61617  -54.71983 1153478752 202.448531    34.3176      10155          9  0.000e+00
    149.746    -0.2220   2.840385    -0.2221   2.840715    6.78203    -0.0426    13.8155 0.0000e+00  -60.61617  -54.71983 1153478752 202.448532    34.3177      10156          9  0.000e+00
    149.746    -0.2219   2.840382    -0.2224   2.840686    6.78201    -0.0211    13.8155 0.0000e+00  -60.61617  -54.71983 1153478752 202.448532    34.3175      10157          9  0.000e+00
    149.669    -0.2227   2.840362    -0.2232   2.840645    6.78206     0.0327    13.8155 0.0000e+00  -60.61617  -54.71983 1153478752 202.448533    34.3181      10158          9  0.000e+00
    149.746    -0.2226   2.840375    -0.2236   2.840645    6.78210     0.0112    13.8155 0.0000e+00  -60.61617  -54.71983 1153478752 202.448533    34.3181      10159          9  0.000e+00
    149.746    -0.2227   2.840369    -0.2242   2.840633    6.78212    -0.0319    13.8155 0.0000e+00  -60.61617  -54.71983 1153478752 202.448533    34.3181      10160          9  0.000e+00
    149.746    -0.2235   2.840345    -0.2243   2.840610    6.78225     0.0112    13.8155 0.0000e+00  -60.61617  -54.71983 1153478752 202.448534    34.3188      10161          9  0.000e+00
    149.746    -0.2230   2.840339    -0.2237   2.840598    6.78218     0.0219    13.8155 0.0000e+00  -60.61617  -54.71983 1153478752 202.448534    34.3181      10162          9  0.000e+00
    149.669    -0.2229   2.840325    -0.2236   2.840622    6.78211    -0.0211    13.8155 0.0000e+00  -60.61617  -54.71983 1153478752 202.448535    34.3178      10163          9  0.000e+00
    149.746    -0.2235   2.840282    -0.2234   2.840610    6.78229    -0.0211    13.8155 0.0000e+00  -60.61617  -54.71983 1153478752 202.448535    34.3179      10164          9  0.000e+00
    149.669    -0.2236   2.840319    -0.2235   2.840622    6.78221     0.0219    13.8155 0.0000e+00  -60.61617  -54.71983 1153478752 202.448536    34.3186      10165          9  0.000e+00
    149.746    -0.2233   2.840352    -0.2236   2.840622    6.78691     0.0219    13.8155 0.0000e+00  -60.61617  -54.71983 1153478752 202.448536    34.3187      10166          9  0.000e+00
    149.669    -0.2234   2.840312    -0.2236   2.840604    6.78219     0.0219    13.8155 0.0000e+00  -60.61617  -54.71983 1153478752 202.448537    34.3183      10167          9  0.000e+00
    149.669    -0.2238   2.840292    -0.2237   2.840622    6.78225    -0.0104    13.8155 0.0000e+00  -60.61617  -54.71983 1153478752 202.448537    34.3185      10168          9  0.000e+00
    149.679    -0.2236   2.840272    -0.2234   2.840622    6.78224    -0.0104    13.8155 0.0000e+00  -60.61617  -54.71983 1153478752 202.448538    34.3179      10169          9  0.000e+00
    149.746    -0.2238   2.840232    -0.2234   2.840651    6.78236    -0.0319    13.8155 0.0000e+00  -60.61617  -54.71983 1153478752 202.448538    34.3176      10170          9  0.000e+00
    149.669    -0.2241   2.840242    -0.2234   2.840616    6.78232    -0.0319    13.8155 0.0000e+00  -60.61617  -54.71983 1153478752 202.448539    34.3181      10171          9  0.000e+00
    149.669    -0.2244   2.840245    -0.2233   2.840639    6.78237    -0.0211    13.8155 0.0000e+00  -60.61617  -54.71983 1153478752 202.448539    34.3185      10172          9  0.000e+00
    149.679    -0.2245   2.840225    -0.2233   2.840633    6.78709    -0.0211    13.8155 0.0000e+00  -60.61617  -54.71983 1153478752 202.448540    34.3184      10173          9  0.000e+00
    149.669    -0.2241   2.840222    -0.2237   2.840651    6.78703     0.0004    13.8155 0.0000e+00  -60.61617  -54.71983 1153478752 202.448540    34.3179      10174          9  0.000e+00
    149.669    -0.2242   2.840225    -0.2233   2.840628    6.78703     0.0434    13.8155 0.0000e+00  -60.61617  -54.71983 1153478752 202.448541    34.3180      10175          9  0.000e+00
    149.679    -0.2243   2.840239    -0.2231   2.840651    6.78704     0.0650    13.8155 0.0000e+00  -60.61617  -54.71983 1153478752 202.448541    34.3183      10176          9  0.000e+00
    149.669    -0.2241   2.840245    -0.2226   2.840663    6.78700     0.0542    13.8155 0.0000e+00  -60.61617  -54.71983 1153478752 202.448542    34.3181      10177          9  0.000e+00
    149.669    -0.2238   2.840212    -0.2225   2.840692    6.78699     0.0434    13.8155 0.0000e+00  -60.61617  -54.71983 1153478753 202.448542    34.3174      10178          9  0.000e+00
    149.602    -0.2238   2.840189    -0.2225   2.840686    6.78694     0.0219    13.8155 0.0000e+00  -60.61617  -54.71983 1153478753 202.448543    34.3171      10179          9  0.000e+00
