product_data/regression_test/downloaded_data/MGDS/320620060703/ctd/p6619305.ros
* Sea-Bird SBE 9 Data File:
* FileName = D:\Data\Raw\p6619305.dat
* Software Version Seasave Win32 V 5.32
* Temperature SN = 1649
* Conductivity SN = 1431
* Number of Bytes Per Scan = 37
* Number of Voltage Words = 5
* Number of Scans Averaged by the Deck Unit = 1
* NMEA Latitude = 60 47.92 S
* NMEA Longitude = 055 23.15 W
* NMEA UTC (Time) = 23:08:25
** Ship:   Nathaniel B. Palmer 
** Cruise:    NBP0606 
# nquan = 17
# nvalues = 1176                    
# units = specified
# name 0 = prDM: Pressure, Digiquartz [db]
# name 1 = t090C: Temperature [ITS-90, deg C]
# name 2 = c0S/m: Conductivity [S/m]
# name 3 = t190C: Temperature, 2 [ITS-90, deg C]
# name 4 = c1S/m: Conductivity, 2 [S/m]
# name 5 = sbeox0ML/L: Oxygen, SBE 43 [ml/l]
# name 6 = flECO-AFL: Fluorescence, Wetlab ECO-AFL/FL [mg/m^3]
# name 7 = bat: Beam Attenuation, Chelsea/Seatech/Wetlab CStar [1/m]
# name 8 = spar: SPAR/Surface Irradiance
# name 9 = latitude: Latitude [deg]
# name 10 = longitude: Longitude [deg]
# name 11 = timeY: Time, System [seconds]
# name 12 = timeJ: Julian Days
# name 13 = sal00: Salinity [PSU]
# name 14 = scan: scan number
# name 15 = nbf: number of bottles fired
# name 16 = flag:  0.000e+00
# interval = seconds: 0.0416667                   
# start_time = Jul 23 2006 23:08:34
*END*
    749.587     0.1891   2.922574     0.1878   2.922835    5.75170    -0.1180    13.8155 0.0000e+00  -60.79867  -55.38583 1153697927 204.985286    34.5874      43555          1  0.000e+00
    749.587     0.1889   2.922503     0.1875   2.922858    5.75176    -0.1287    13.8155 0.0000e+00  -60.79867  -55.38583 1153697927 204.985287    34.5866      43556          1  0.000e+00
    749.741     0.1880   2.922409     0.1880   2.922888    5.75204    -0.1180    13.8155 0.0000e+00  -60.79867  -55.38583 1153697927 204.985287    34.5863      43557          1  0.000e+00
    749.520     0.1869   2.922331     0.1884   2.922894    5.75203    -0.1072    13.8155 0.0000e+00  -60.79867  -55.38583 1153697927 204.985288    34.5867      43558          1  0.000e+00
    749.732     0.1855   2.922331     0.1881   2.922876    5.75237    -0.1287    13.8155 0.0000e+00  -60.79867  -55.38583 1153697927 204.985288    34.5881      43559          1  0.000e+00
    749.587     0.1863   2.922358     0.1874   2.922829    5.75215    -0.1072    13.8155 0.0000e+00  -60.79867  -55.38583 1153697927 204.985289    34.5877      43560          1  0.000e+00
    749.587     0.1859   2.922362     0.1872   2.922793    5.75218    -0.0319    13.8155 0.0000e+00  -60.79867  -55.38583 1153697927 204.985289    34.5881      43561          1  0.000e+00
    749.664     0.1866   2.922379     0.1871   2.922764    5.75216     0.0004    13.8155 0.0000e+00  -60.79867  -55.38583 1153697927 204.985290    34.5876      43562          1  0.000e+00
    749.587     0.1858   2.922385     0.1879   2.922776    5.75219    -0.0857    13.8155 0.0000e+00  -60.79867  -55.38583 1153697927 204.985290    34.5886      43563          1  0.000e+00
    749.664     0.1861   2.922365     0.1877   2.922805    5.75222    -0.0964    13.8155 0.0000e+00  -60.79867  -55.38583 1153697927 204.985291    34.5879      43564          1  0.000e+00
    749.587     0.1861   2.922331     0.1871   2.922793    5.75218    -0.0964    13.8155 0.0000e+00  -60.79867  -55.38583 1153697927 204.985291    34.5875      43565          1  0.000e+00
    749.587     0.1842   2.922106     0.1863   2.922663    5.75251    -0.1072    13.8155 0.0000e+00  -60.79867  -55.38583 1153697927 204.985292    34.5866      43566          1  0.000e+00
    749.664     0.1819   2.921860     0.1858   2.922557    5.75298    -0.0749    13.8155 0.0000e+00  -60.79867  -55.38583 1153697927 204.985292    34.5860      43567          1  0.000e+00
    749.587     0.1811   2.921782     0.1857   2.922575    5.75305    -0.0534    13.8155 0.0000e+00  -60.79867  -55.38583 1153697928 204.985293    34.5859      43568          1  0.000e+00
    749.587     0.1805   2.921748     0.1861   2.922634    5.75314    -0.0749    13.8155 0.0000e+00  -60.79867  -55.38583 1153697928 204.985293    34.5861      43569          1  0.000e+00
    749.587     0.1790   2.921701     0.1877   2.922758    5.75335    -0.0964    13.8155 0.0000e+00  -60.79867  -55.38583 1153697928 204.985294    34.5872      43570          1  0.000e+00
    749.587     0.1791   2.921701     0.1871   2.922787    5.75333    -0.1180    13.8155 0.0000e+00  -60.79867  -55.38583 1153697928 204.985294    34.5871      43571          1  0.000e+00
    749.587     0.1791   2.921657     0.1860   2.922746    5.75336    -0.1180    13.8155 0.0000e+00  -60.79867  -55.38583 1153697928 204.985295    34.5865      43572          1  0.000e+00
    749.664     0.1791   2.921587     0.1852   2.922628    5.75346    -0.1072    13.8155 0.0000e+00  -60.79867  -55.38583 1153697928 204.985295    34.5856      43573          1  0.000e+00
    749.587     0.1785   2.921610     0.1824   2.922427    5.75345    -0.0749    13.8155 0.0000e+00  -60.79867  -55.38583 1153697928 204.985296    34.5866      43574          1  0.000e+00
    749.587     0.1771   2.921775     0.1836   2.922409    5.75856    -0.0642    13.8155 0.0000e+00  -60.79867  -55.38583 1153697928 204.985296    34.5903      43575          1  0.000e+00
    749.664     0.1794   2.921981     0.1857   2.922592    5.75321    -0.0964    13.8155 0.0000e+00  -60.79867  -55.38583 1153697928 204.985297    34.5904      43576          1  0.000e+00
    749.587     0.1809   2.921930     0.1867   2.922711    5.75300    -0.1072    13.8155 0.0000e+00  -60.79867  -55.38583 1153697928 204.985297    34.5880      43577          1  0.000e+00
    749.664     0.1808   2.921860     0.1867   2.922770    5.75311    -0.0642    13.8155 0.0000e+00  -60.79867  -55.38583 1153697928 204.985298    34.5872      43578          1  0.000e+00
    749.664     0.1797   2.921715     0.1871   2.922787    5.75331    -0.0534    13.8155 0.0000e+00  -60.79867  -55.38583 1153697928 204.985298    34.5865      43579          1  0.000e+00
    749.674     0.1782   2.921732     0.1863   2.922764    5.75852    -0.0964    13.8155 0.0000e+00  -60.79867  -55.38583 1153697928 204.985299    34.5885      43580          1  0.000e+00
    749.664     0.1790   2.921914     0.1860   2.922693    5.75330    -0.1180    13.8155 0.0000e+00  -60.79867  -55.38583 1153697928 204.985299    34.5900      43581          1  0.000e+00
    749.664     0.1819   2.922176     0.1855   2.922634    5.75282    -0.1180    13.8155 0.0000e+00  -60.79867  -55.38583 1153697928 204.985299    34.5902      43582          1  0.000e+00
    749.664     0.1842   2.922193     0.1844   2.922581    5.75253    -0.1072    13.8155 0.0000e+00  -60.79867  -55.38583 1153697928 204.985300    34.5877      43583          1  0.000e+00
    749.732     0.1835   2.921900     0.1838   2.922480    5.75785    -0.0964    13.8155 0.0000e+00  -60.79867  -55.38583 1153697928 204.985300    34.5847      43584          1  0.000e+00
    749.664     0.1797   2.921573     0.1846   2.922492    5.75841    -0.1180    13.8155 0.0000e+00  -60.79867  -55.38583 1153697928 204.985301    34.5847      43585          1  0.000e+00
    749.732     0.1763   2.921182     0.1846   2.922539    5.75907    -0.1180    13.8155 0.0000e+00  -60.79867  -55.38583 1153697928 204.985301    34.5834      43586          1  0.000e+00
    749.732     0.1740   2.921027     0.1852   2.922563    5.75440    -0.0964    13.8155 0.0000e+00  -60.79867  -55.38583 1153697928 204.985302    34.5839      43587          1  0.000e+00
    749.732     0.1727   2.921027     0.1854   2.922628    5.75455    -0.1287    13.8155 0.0000e+00  -60.79867  -55.38583 1153697928 204.985302    34.5853      43588          1  0.000e+00
    749.732     0.1737   2.921179     0.1859   2.922687    5.75939    -0.1395    13.8155 0.0000e+00  -60.79867  -55.38583 1153697928 204.985303    34.5862      43589          1  0.000e+00
    749.732     0.1750   2.921573     0.1841   2.922539    5.75902    -0.1395    13.8155 0.0000e+00  -60.79867  -55.38583 1153697928 204.985303    34.5899      43590          1  0.000e+00
    749.732     0.1783   2.921738     0.1830   2.922362    5.75854    -0.1180    13.8155 0.0000e+00  -60.79867  -55.38583 1153697929 204.985304    34.5883      43591          1  0.000e+00
    749.799     0.1783   2.921543     0.1806   2.922173    5.75870    -0.0964    13.8155 0.0000e+00  -60.79867  -55.38583 1153697929 204.985304    34.5857      43592          1  0.000e+00
    749.799     0.1768   2.921351     0.1798   2.922061    5.75396    -0.0964    13.8155 0.0000e+00  -60.79867  -55.38583 1153697929 204.985305    34.5850      43593          1  0.000e+00
    749.732     0.1768   2.921250     0.1804   2.922084    5.75898    -0.0857    13.8155 0.0000e+00  -60.79867  -55.38583 1153697929 204.985305    34.5837      43594          1  0.000e+00
    749.799     0.1752   2.921132     0.1796   2.922120    5.75929    -0.0857    13.8155 0.0000e+00  -60.79867  -55.38583 1153697929 204.985306    34.5839      43595          1  0.000e+00
    749.799     0.1733   2.921051     0.1778   2.922019    5.75954    -0.0749    13.8155 0.0000e+00  -60.79867  -55.38583 1153697929 204.985306    34.5849      43596          1  0.000e+00
    749.799     0.1721   2.920926     0.1791   2.922025    5.75975    -0.0857    13.8155 0.0000e+00  -60.79867  -55.38583 1153697929 204.985307    34.5846      43597          1  0.000e+00
    749.799     0.1708   2.921014     0.1803   2.922126    5.75986    -0.0642    13.8155 0.0000e+00  -60.79867  -55.38583 1153697929 204.985307    34.5872      43598          1  0.000e+00
    749.799     0.1730   2.921266     0.1783   2.922008    5.75947    -0.0749    13.8155 0.0000e+00  -60.79867  -55.38583 1153697929 204.985308    34.5880      43599          1  0.000e+00
    749.876     0.1735   2.921290     0.1772   2.921777    5.75946    -0.0964    13.8155 0.0000e+00  -60.79867  -55.38583 1153697929 204.985308    34.5878      43600          1  0.000e+00
    749.799     0.1727   2.921196     0.1770   2.921695    5.75954    -0.1072    13.8155 0.0000e+00  -60.79867  -55.38583 1153697929 204.985309    34.5875      43601          1  0.000e+00
    749.799     0.1730   2.921344     0.1753   2.921624    5.75943    -0.0857    13.8155 0.0000e+00  -60.79867  -55.38583 1153697929 204.985309    34.5891      43602          1  0.000e+00
    749.876     0.1763   2.921772     0.1732   2.921517    5.75386    -0.1072    13.8155 0.0000e+00  -60.79867  -55.38583 1153697929 204.985310    34.5910      43603          1  0.000e+00
    400.827    -0.5533   2.835751    -0.5537   2.836093    6.42386    -0.0534    13.8155 0.0000e+00  -60.79867  -55.38583 1153698393 204.990685    34.4774      54750          2  0.000e+00
    400.827    -0.5533   2.835764    -0.5534   2.836087    6.42385    -0.0857    13.8155 0.0000e+00  -60.79867  -55.38583 1153698393 204.990686    34.4776      54751          2  0.000e+00
    400.760    -0.5537   2.835734    -0.5532   2.836105    6.42387    -0.1072    13.8155 0.0000e+00  -60.79867  -55.38583 1153698394 204.990686    34.4777      54752          2  0.000e+00
    400.827    -0.5530   2.835741    -0.5532   2.836093    6.42383    -0.0964    13.8155 0.0000e+00  -60.79867  -55.38583 1153698394 204.990687    34.4769      54753          2  0.000e+00
    400.760    -0.5535   2.835747    -0.5536   2.836087    6.41896    -0.0749    13.8155 0.0000e+00  -60.79867  -55.38583 1153698394 204.990687    34.4777      54754          2  0.000e+00
    400.760    -0.5537   2.835728    -0.5533   2.836064    6.41900    -0.0749    13.8155 0.0000e+00  -60.79867  -55.38583 1153698394 204.990688    34.4777      54755          2  0.000e+00
    400.683    -0.5532   2.835724    -0.5531   2.836076    6.41886    -0.0749    13.8155 0.0000e+00  -60.79867  -55.38583 1153698394 204.990688    34.4771      54756          2  0.000e+00
    400.827    -0.5533   2.835757    -0.5534   2.836087    6.42386    -0.0749    13.8155 0.0000e+00  -60.79867  -55.38583 1153698394 204.990689    34.4775      54757          2  0.000e+00
    400.760    -0.5536   2.835751    -0.5536   2.836087    6.42384    -0.0534    13.8155 0.0000e+00  -60.79867  -55.38583 1153698394 204.990689    34.4778      54758          2  0.000e+00
    400.760    -0.5535   2.835728    -0.5531   2.836087    6.41897    -0.0642    13.8155 0.0000e+00  -60.79867  -55.38583 1153698394 204.990690    34.4774      54759          2  0.000e+00
    400.760    -0.5531   2.835741    -0.5534   2.836046    6.42379    -0.0749    13.8155 0.0000e+00  -60.79867  -55.38583 1153698394 204.990690    34.4771      54760          2  0.000e+00
    400.683    -0.5535   2.835764    -0.5533   2.836052    6.41888    -0.0642    13.8155 0.0000e+00  -60.79867  -55.38583 1153698394 204.990691    34.4780      54761          2  0.000e+00
    400.683    -0.5531   2.835771    -0.5531   2.836099    6.41882    -0.0534    13.8155 0.0000e+00  -60.79867  -55.38583 1153698394 204.990691    34.4776      54762          2  0.000e+00
    400.683    -0.5534   2.835771    -0.5534   2.836052    6.41886    -0.0534    13.8155 0.0000e+00  -60.79867  -55.38583 1153698394 204.990692    34.4779      54763          2  0.000e+00
    400.683    -0.5534   2.835718    -0.5536   2.836052    6.41889    -0.0749    13.8155 0.0000e+00  -60.79867  -55.38583 1153698394 204.990692    34.4772      54764          2  0.000e+00
    400.645    -0.5531   2.835734    -0.5531   2.836076    6.42369    -0.1180    13.8155 0.0000e+00  -60.79867  -55.38583 1153698394 204.990693    34.4771      54765          2  0.000e+00
    400.683    -0.5535   2.835781    -0.5536   2.836087    6.42375    -0.1072    13.8155 0.0000e+00  -60.79867  -55.38583 1153698394 204.990693    34.4782      54766          2  0.000e+00
    400.683    -0.5536   2.835774    -0.5530   2.836070    6.42376    -0.1180    13.8155 0.0000e+00  -60.79867  -55.38583 1153698394 204.990693    34.4781      54767          2  0.000e+00
    400.616    -0.5533   2.835751    -0.5532   2.836058    6.41879    -0.0964    13.8155 0.0000e+00  -60.79867  -55.38583 1153698394 204.990694    34.4775      54768          2  0.000e+00
    400.616    -0.5541   2.835764    -0.5534   2.836058    6.42378    -0.1072    13.8155 0.0000e+00  -60.79867  -55.38583 1153698394 204.990694    34.4787      54769          2  0.000e+00
    400.683    -0.5536   2.835787    -0.5535   2.836099    6.41887    -0.0749    13.8155 0.0000e+00  -60.79867  -55.38583 1153698394 204.990695    34.4783      54770          2  0.000e+00
    400.683    -0.5538   2.835757    -0.5531   2.836076    6.42380    -0.0749    13.8155 0.0000e+00  -60.79867  -55.38583 1153698394 204.990695    34.4782      54771          2  0.000e+00
    400.616    -0.5537   2.835764    -0.5534   2.836081    6.41885    -0.0964    13.8155 0.0000e+00  -60.79867  -55.38583 1153698394 204.990696    34.4782      54772          2  0.000e+00
    400.683    -0.5531   2.835771    -0.5533   2.836087    6.41881    -0.0964    13.8155 0.0000e+00  -60.79867  -55.38583 1153698394 204.990696    34.4775      54773          2  0.000e+00
    400.683    -0.5534   2.835751    -0.5531   2.836070    6.41887    -0.0857    13.8155 0.0000e+00  -60.79867  -55.38583 1153698394 204.990697    34.4777      54774          2  0.000e+00
    400.683    -0.5533   2.835747    -0.5535   2.836099    6.41885    -0.0749    13.8155 0.0000e+00  -60.79867  -55.38583 1153698394 204.990697    34.4774      54775          2  0.000e+00
    400.683    -0.5532   2.835728    -0.5536   2.836076    6.41886    -0.0534    13.8155 0.0000e+00  -60.79867  -55.38583 1153698395 204.990698    34.4771      54776          2  0.000e+00
    400.760    -0.5533   2.835741    -0.5532   2.836099    6.41893    -0.0749    13.8155 0.0000e+00  -60.79867  -55.38583 1153698395 204.990698    34.4773      54777          2  0.000e+00
    400.683    -0.5531   2.835764    -0.5532   2.836076    6.41882    -0.0749    13.8155 0.0000e+00  -60.79867  -55.38583 1153698395 204.990699    34.4774      54778          2  0.000e+00
    400.683    -0.5537   2.835767    -0.5529   2.836099    6.41891    -0.0749    13.8155 0.0000e+00  -60.79867  -55.38583 1153698395 204.990699    34.4782      54779          2  0.000e+00
    400.760    -0.5534   2.835767    -0.5532   2.836093    6.41893    -0.1180    13.8155 0.0000e+00  -60.79867  -55.38583 1153698395 204.990700    34.4778      54780          2  0.000e+00
    400.760    -0.5535   2.835751    -0.5532   2.836064    6.41896    -0.1180    13.8155 0.0000e+00  -60.79867  -55.38583 1153698395 204.990700    34.4778      54781          2  0.000e+00
    400.760    -0.5531   2.835728    -0.5534   2.836058    6.41891    -0.0749    13.8155 0.0000e+00  -60.79867  -55.38583 1153698395 204.990701    34.4770      54782          2  0.000e+00
    400.683    -0.5534   2.835757    -0.5531   2.836081    6.41886    -0.0749    13.8155 0.0000e+00  -60.79867  -55.38583 1153698395 204.990701    34.4777      54783          2  0.000e+00
    400.760    -0.5534   2.835751    -0.5533   2.836087    6.41894    -0.0857    13.8155 0.0000e+00  -60.79867  -55.38583 1153698395 204.990702    34.4776      54784          2  0.000e+00
    400.760    -0.5536   2.835748    -0.5539   2.836070    6.41896    -0.0857    13.8155 0.0000e+00  -60.79867  -55.38583 1153698395 204.990702    34.4777      54785          2  0.000e+00
