product_data/regression_test/downloaded_data/MGDS/320620060703/ctd/p6615501.ros
* Sea-Bird SBE 9 Data File:
* FileName = D:\Data\Raw\p6615501.dat
* Software Version Seasave Win32 V 5.32
* Temperature SN = 1649
* Conductivity SN = 1431
* Number of Bytes Per Scan = 37
* Number of Voltage Words = 5
* Number of Scans Averaged by the Deck Unit = 1
* NMEA Latitude = 60 48.92 S
* NMEA Longitude = 056 09.66 W
* NMEA UTC (Time) = 20:59:11
** Ship:   Nathaniel B. Palmer 
** Cruise:    NBP0606 
# nquan = 17
# nvalues = 1173                    
# units = specified
# name 0 = prDM: Pressure, Digiquartz [db]
# name 1 = t090C: Temperature [ITS-90, deg C]
# name 2 = c0S/m: Conductivity [S/m]
# name 3 = t190C: Temperature, 2 [ITS-90, deg C]
# name 4 = c1S/m: Conductivity, 2 [S/m]
# name 5 = sbeox0ML/L: Oxygen, SBE 43 [ml/l]
# name 6 = flECO-AFL: Fluorescence, Wetlab ECO-AFL/FL [mg/m^3]
# name 7 = bat: Beam Attenuation, Chelsea/Seatech/Wetlab CStar [1/m]
# name 8 = spar: SPAR/Surface Irradiance
# name 9 = latitude: Latitude [deg]
# name 10 = longitude: Longitude [deg]
# name 11 = timeY: Time, System [seconds]
# name 12 = timeJ: Julian Days
# name 13 = sal00: Salinity [PSU]
# name 14 = scan: scan number
# name 15 = nbf: number of bottles fired
# name 16 = flag:  0.000e+00
# interval = seconds: 0.0416667                   
# start_time = Jul 18 2006 20:59:19
*END*
   1000.168     1.2075   3.031441     1.2081   3.031771    4.90691    -0.1072    13.8155 0.0000e+00  -60.81533  -56.16100 1153257725 199.890353    34.7218      32820          1  0.000e+00
   1000.120     1.2067   3.031431     1.2084   3.031759    4.90696    -0.0642    13.8155 0.0000e+00  -60.81533  -56.16100 1153257725 199.890353    34.7226      32821          1  0.000e+00
   1000.168     1.2077   3.031407     1.2081   3.031789    4.90691    -0.0857    13.8155 0.0000e+00  -60.81533  -56.16100 1153257725 199.890353    34.7212      32822          1  0.000e+00
   1000.168     1.2070   3.031400     1.2084   3.031807    4.90191    -0.0964    13.8155 0.0000e+00  -60.81533  -56.16100 1153257725 199.890354    34.7218      32823          1  0.000e+00
   1000.091     1.2067   3.031362     1.2082   3.031783    4.90697    -0.0749    13.8155 0.0000e+00  -60.81533  -56.16100 1153257725 199.890354    34.7217      32824          1  0.000e+00
   1000.236     1.2074   3.031332     1.2076   3.031783    4.90701    -0.0534    13.8155 0.0000e+00  -60.81533  -56.16100 1153257725 199.890355    34.7206      32825          1  0.000e+00
   1000.168     1.2059   3.031383     1.2073   3.031735    4.90709    -0.0857    13.8155 0.0000e+00  -60.81533  -56.16100 1153257725 199.890355    34.7228      32826          1  0.000e+00
   1000.168     1.2059   3.031328     1.2070   3.031741    4.90711    -0.1395    13.8155 0.0000e+00  -60.81533  -56.16100 1153257725 199.890356    34.7221      32827          1  0.000e+00
   1000.168     1.2059   3.031325     1.2074   3.031729    4.90712    -0.1395    13.8155 0.0000e+00  -60.81533  -56.16100 1153257725 199.890356    34.7221      32828          1  0.000e+00
   1000.187     1.2055   3.031328     1.2073   3.031723    4.90718    -0.1395    13.8155 0.0000e+00  -60.81533  -56.16100 1153257725 199.890357    34.7226      32829          1  0.000e+00
   1000.236     1.2055   3.031294     1.2081   3.031783    4.90722    -0.0749    13.8155 0.0000e+00  -60.81533  -56.16100 1153257725 199.890357    34.7222      32830          1  0.000e+00
   1000.236     1.2055   3.031280     1.2082   3.031783    4.90723    -0.0749    13.8155 0.0000e+00  -60.81533  -56.16100 1153257725 199.890358    34.7220      32831          1  0.000e+00
   1000.236     1.2049   3.031301     1.2078   3.031759    4.90728    -0.0857    13.8155 0.0000e+00  -60.81533  -56.16100 1153257725 199.890358    34.7229      32832          1  0.000e+00
   1000.236     1.2056   3.031287     1.2074   3.031753    4.90721    -0.0964    13.8155 0.0000e+00  -60.81533  -56.16100 1153257725 199.890359    34.7219      32833          1  0.000e+00
   1000.236     1.2053   3.031280     1.2071   3.031753    4.90725    -0.1072    13.8155 0.0000e+00  -60.81533  -56.16100 1153257725 199.890359    34.7222      32834          1  0.000e+00
   1000.236     1.2055   3.031301     1.2071   3.031729    4.90722    -0.1072    13.8155 0.0000e+00  -60.81533  -56.16100 1153257725 199.890360    34.7222      32835          1  0.000e+00
   1000.265     1.2052   3.031287     1.2073   3.031723    4.90728    -0.0642    13.8155 0.0000e+00  -60.81533  -56.16100 1153257725 199.890360    34.7224      32836          1  0.000e+00
   1000.313     1.2052   3.031246     1.2070   3.031705    4.90733    -0.0857    13.8155 0.0000e+00  -60.81533  -56.16100 1153257725 199.890361    34.7218      32837          1  0.000e+00
   1000.313     1.2050   3.031232     1.2068   3.031717    4.90735    -0.0857    13.8155 0.0000e+00  -60.81533  -56.16100 1153257725 199.890361    34.7219      32838          1  0.000e+00
   1000.168     1.2053   3.031215     1.2070   3.031741    4.90723    -0.0534    13.8155 0.0000e+00  -60.81533  -56.16100 1153257725 199.890362    34.7214      32839          1  0.000e+00
   1000.381     1.2047   3.031188     1.2065   3.031705    4.90745    -0.0534    13.8155 0.0000e+00  -60.81533  -56.16100 1153257725 199.890362    34.7216      32840          1  0.000e+00
   1000.313     1.2045   3.031201     1.2065   3.031693    4.90741    -0.0534    13.8155 0.0000e+00  -60.81533  -56.16100 1153257726 199.890363    34.7220      32841          1  0.000e+00
   1000.381     1.2040   3.031133     1.2070   3.031711    4.90754    -0.1072    13.8155 0.0000e+00  -60.81533  -56.16100 1153257726 199.890363    34.7216      32842          1  0.000e+00
   1000.313     1.2039   3.031143     1.2068   3.031723    4.90750    -0.1072    13.8155 0.0000e+00  -60.81533  -56.16100 1153257726 199.890364    34.7219      32843          1  0.000e+00
   1000.333     1.2037   3.031143     1.2068   3.031699    4.90753    -0.0642    13.8155 0.0000e+00  -60.81533  -56.16100 1153257726 199.890364    34.7221      32844          1  0.000e+00
   1000.313     1.2039   3.031133     1.2070   3.031669    4.90751    -0.0534    13.8155 0.0000e+00  -60.81533  -56.16100 1153257726 199.890365    34.7218      32845          1  0.000e+00
   1000.381     1.2037   3.031136     1.2062   3.031681    4.90757    -0.0964    13.8155 0.0000e+00  -60.81533  -56.16100 1153257726 199.890365    34.7220      32846          1  0.000e+00
   1000.313     1.2037   3.031150     1.2068   3.031693    4.90751    -0.0964    13.8155 0.0000e+00  -60.81533  -56.16100 1153257726 199.890366    34.7222      32847          1  0.000e+00
   1000.381     1.2039   3.031160     1.2068   3.031693    4.90754    -0.0857    13.8155 0.0000e+00  -60.81533  -56.16100 1153257726 199.890366    34.7221      32848          1  0.000e+00
   1000.381     1.2040   3.031157     1.2068   3.031693    4.90753    -0.1180    13.8155 0.0000e+00  -60.81533  -56.16100 1153257726 199.890367    34.7219      32849          1  0.000e+00
   1000.381     1.2037   3.031143     1.2068   3.031699    4.90756    -0.1072    13.8155 0.0000e+00  -60.81533  -56.16100 1153257726 199.890367    34.7221      32850          1  0.000e+00
   1000.410     1.2042   3.031171     1.2067   3.031669    4.90752    -0.0857    13.8155 0.0000e+00  -60.81533  -56.16100 1153257726 199.890367    34.7219      32851          1  0.000e+00
   1000.381     1.2047   3.031181     1.2068   3.031663    4.90745    -0.1072    13.8155 0.0000e+00  -60.81533  -56.16100 1153257726 199.890368    34.7215      32852          1  0.000e+00
   1000.381     1.2042   3.031167     1.2063   3.031681    4.90750    -0.1072    13.8155 0.0000e+00  -60.81533  -56.16100 1153257726 199.890368    34.7218      32853          1  0.000e+00
   1000.381     1.2037   3.031157     1.2062   3.031651    4.90250    -0.1072    13.8155 0.0000e+00  -60.81533  -56.16100 1153257726 199.890369    34.7222      32854          1  0.000e+00
   1000.381     1.2039   3.031160     1.2061   3.031657    4.90754    -0.0857    13.8155 0.0000e+00  -60.81533  -56.16100 1153257726 199.890369    34.7221      32855          1  0.000e+00
   1000.381     1.2039   3.031140     1.2059   3.031681    4.90755    -0.0964    13.8155 0.0000e+00  -60.81533  -56.16100 1153257726 199.890370    34.7219      32856          1  0.000e+00
   1000.458     1.2037   3.031154     1.2063   3.031669    4.90761    -0.1072    13.8155 0.0000e+00  -60.81533  -56.16100 1153257726 199.890370    34.7222      32857          1  0.000e+00
   1000.410     1.2037   3.031157     1.2065   3.031645    4.90252    -0.0964    13.8155 0.0000e+00  -60.81533  -56.16100 1153257726 199.890371    34.7222      32858          1  0.000e+00
   1000.381     1.2041   3.031178     1.2063   3.031675    4.90751    -0.1180    13.8155 0.0000e+00  -60.81533  -56.16100 1153257726 199.890371    34.7221      32859          1  0.000e+00
   1000.459     1.2047   3.031181     1.2061   3.031651    4.90750    -0.0964    13.8155 0.0000e+00  -60.81533  -56.16100 1153257726 199.890372    34.7215      32860          1  0.000e+00
   1000.381     1.2044   3.031202     1.2061   3.031657    4.90747    -0.0964    13.8155 0.0000e+00  -60.81533  -56.16100 1153257726 199.890372    34.7221      32861          1  0.000e+00
   1000.381     1.2042   3.031191     1.2056   3.031663    4.90749    -0.0964    13.8155 0.0000e+00  -60.81533  -56.16100 1153257726 199.890373    34.7222      32862          1  0.000e+00
   1000.459     1.2044   3.031202     1.2059   3.031627    4.90753    -0.0964    13.8155 0.0000e+00  -60.81533  -56.16100 1153257726 199.890373    34.7221      32863          1  0.000e+00
   1000.381     1.2044   3.031191     1.2058   3.031633    4.90748    -0.0964    13.8155 0.0000e+00  -60.81533  -56.16100 1153257726 199.890374    34.7220      32864          1  0.000e+00
   1000.381     1.2044   3.031219     1.2057   3.031615    4.90747    -0.0964    13.8155 0.0000e+00  -60.81533  -56.16100 1153257726 199.890374    34.7223      32865          1  0.000e+00
   1000.410     1.2047   3.031198     1.2057   3.031627    4.90746    -0.0857    13.8155 0.0000e+00  -60.81533  -56.16100 1153257727 199.890375    34.7217      32866          1  0.000e+00
   1000.459     1.2047   3.031219     1.2059   3.031657    4.90749    -0.0964    13.8155 0.0000e+00  -60.81533  -56.16100 1153257727 199.890375    34.7219      32867          1  0.000e+00
   1000.381     1.2050   3.031215     1.2059   3.031645    4.90740    -0.0857    13.8155 0.0000e+00  -60.81533  -56.16100 1153257727 199.890376    34.7216      32868          1  0.000e+00
    897.833     1.2627   3.031702     1.2626   3.032034    4.86697    -0.1180    13.8155 0.0000e+00  -60.81533  -56.16100 1153257871 199.892044    34.7210      36328          2  0.000e+00
    897.862     1.2630   3.031716     1.2633   3.032046    4.87194    -0.1072    13.8155 0.0000e+00  -60.81533  -56.16100 1153257871 199.892045    34.7208      36329          2  0.000e+00
    897.766     1.2634   3.031730     1.2626   3.032034    4.86684    -0.0857    13.8155 0.0000e+00  -60.81533  -56.16100 1153257871 199.892045    34.7205      36330          2  0.000e+00
    897.862     1.2628   3.031713     1.2632   3.032070    4.86697    -0.0964    13.8155 0.0000e+00  -60.81533  -56.16100 1153257871 199.892046    34.7209      36331          2  0.000e+00
    897.833     1.2630   3.031726     1.2628   3.032040    4.87192    -0.0534    13.8155 0.0000e+00  -60.81533  -56.16100 1153257871 199.892046    34.7209      36332          2  0.000e+00
    897.688     1.2630   3.031747     1.2628   3.032028    4.87181    -0.0857    13.8155 0.0000e+00  -60.81533  -56.16100 1153257871 199.892047    34.7213      36333          2  0.000e+00
    897.785     1.2628   3.031754     1.2634   3.032028    4.87189    -0.1072    13.8155 0.0000e+00  -60.81533  -56.16100 1153257871 199.892047    34.7215      36334          2  0.000e+00
    897.766     1.2630   3.031754     1.2634   3.032046    4.87186    -0.1180    13.8155 0.0000e+00  -60.81533  -56.16100 1153257871 199.892048    34.7213      36335          2  0.000e+00
    897.717     1.2634   3.031736     1.2631   3.032100    4.86680    -0.0749    13.8155 0.0000e+00  -60.81533  -56.16100 1153257871 199.892048    34.7206      36336          2  0.000e+00
    897.688     1.2636   3.031712     1.2631   3.032028    4.87176    -0.0857    13.8155 0.0000e+00  -60.81533  -56.16100 1153257871 199.892049    34.7201      36337          2  0.000e+00
    897.688     1.2631   3.031726     1.2636   3.032028    4.87181    -0.1072    13.8155 0.0000e+00  -60.81533  -56.16100 1153257871 199.892049    34.7209      36338          2  0.000e+00
    897.640     1.2631   3.031712     1.2630   3.032052    4.87178    -0.0749    13.8155 0.0000e+00  -60.81533  -56.16100 1153257871 199.892050    34.7207      36339          2  0.000e+00
    897.621     1.2633   3.031726     1.2634   3.032100    4.87174    -0.0426    13.8155 0.0000e+00  -60.81533  -56.16100 1153257871 199.892050    34.7207      36340          2  0.000e+00
    897.640     1.2633   3.031712     1.2636   3.032046    4.87176    -0.0319    13.8155 0.0000e+00  -60.81533  -56.16100 1153257871 199.892051    34.7205      36341          2  0.000e+00
    897.544     1.2630   3.031685     1.2636   3.032028    4.87174    -0.0857    13.8155 0.0000e+00  -60.81533  -56.16100 1153257871 199.892051    34.7206      36342          2  0.000e+00
    897.544     1.2627   3.031719     1.2634   3.032046    4.87176    -0.1180    13.8155 0.0000e+00  -60.81533  -56.16100 1153257871 199.892052    34.7213      36343          2  0.000e+00
    897.573     1.2634   3.031730     1.2634   3.032058    4.87169    -0.1287    13.8155 0.0000e+00  -60.81533  -56.16100 1153257871 199.892052    34.7206      36344          2  0.000e+00
    897.544     1.2628   3.031712     1.2634   3.032034    4.87174    -0.0857    13.8155 0.0000e+00  -60.81533  -56.16100 1153257871 199.892052    34.7211      36345          2  0.000e+00
    897.495     1.2627   3.031688     1.2636   3.032046    4.87174    -0.0534    13.8155 0.0000e+00  -60.81533  -56.16100 1153257871 199.892053    34.7210      36346          2  0.000e+00
    897.399     1.2631   3.031719     1.2634   3.032058    4.87161    -0.0749    13.8155 0.0000e+00  -60.81533  -56.16100 1153257872 199.892053    34.7209      36347          2  0.000e+00
    897.495     1.2631   3.031730     1.2631   3.032058    4.87167    -0.0964    13.8155 0.0000e+00  -60.81533  -56.16100 1153257872 199.892054    34.7210      36348          2  0.000e+00
    897.399     1.2631   3.031712     1.2637   3.032076    4.87161    -0.0964    13.8155 0.0000e+00  -60.81533  -56.16100 1153257872 199.892054    34.7208      36349          2  0.000e+00
    897.331     1.2630   3.031688     1.2634   3.032040    4.87159    -0.0857    13.8155 0.0000e+00  -60.81533  -56.16100 1153257872 199.892055    34.7207      36350          2  0.000e+00
    897.360     1.2633   3.031702     1.2636   3.032028    4.87157    -0.0964    13.8155 0.0000e+00  -60.81533  -56.16100 1153257872 199.892055    34.7205      36351          2  0.000e+00
    897.264     1.2633   3.031688     1.2640   3.032034    4.87151    -0.0749    13.8155 0.0000e+00  -60.81533  -56.16100 1153257872 199.892056    34.7204      36352          2  0.000e+00
    897.428     1.2633   3.031702     1.2634   3.032028    4.87162    -0.0319    13.8155 0.0000e+00  -60.81533  -56.16100 1153257872 199.892056    34.7205      36353          2  0.000e+00
    897.264     1.2631   3.031723     1.2634   3.032028    4.87152    -0.0319    13.8155 0.0000e+00  -60.81533  -56.16100 1153257872 199.892057    34.7211      36354          2  0.000e+00
    897.187     1.2634   3.031712     1.2631   3.032028    4.87144    -0.0642    13.8155 0.0000e+00  -60.81533  -56.16100 1153257872 199.892057    34.7206      36355          2  0.000e+00
    897.216     1.2633   3.031688     1.2636   3.032028    4.87148    -0.0964    13.8155 0.0000e+00  -60.81533  -56.16100 1153257872 199.892058    34.7204      36356          2  0.000e+00
    897.187     1.2633   3.031719     1.2636   3.032010    4.87145    -0.1180    13.8155 0.0000e+00  -60.81533  -56.16100 1153257872 199.892058    34.7208      36357          2  0.000e+00
    897.138     1.2633   3.031712     1.2634   3.032040    4.87142    -0.0857    13.8155 0.0000e+00  -60.81533  -56.16100 1153257872 199.892059    34.7208      36358          2  0.000e+00
    897.187     1.2628   3.031685     1.2631   3.032058    4.87151    -0.1180    13.8155 0.0000e+00  -60.81533  -56.16100 1153257872 199.892059    34.7209      36359          2  0.000e+00
    897.042     1.2636   3.031702     1.2631   3.032058    4.87133    -0.1180    13.8155 0.0000e+00  -60.81533  -56.16100 1153257872 199.892060    34.7204      36360          2  0.000e+00
    897.071     1.2633   3.031651     1.2631   3.032034    4.87140    -0.0642    13.8155 0.0000e+00  -60.81533  -56.16100 1153257872 199.892060    34.7200      36361          2  0.000e+00
    897.042     1.2628   3.031654     1.2633   3.032010    4.87143    -0.0211    13.8155 0.0000e+00  -60.81533  -56.16100 1153257872 199.892061    34.7206      36362          2  0.000e+00
    896.974     1.2630   3.031640     1.2628   3.032004    4.87137    -0.0426    13.8155 0.0000e+00  -60.81533  -56.16100 1153257872 199.892061    34.7203      36363          2  0.000e+00
