product_data/regression_test/downloaded_data/MGDS/320620060703/ctd/p6619201.ros
* Sea-Bird SBE 9 Data File:
* FileName = D:\Data\Raw\p6619201.dat
* Software Version Seasave Win32 V 5.32
* Temperature SN = 1649
* Conductivity SN = 1431
* Number of Bytes Per Scan = 37
* Number of Voltage Words = 5
* Number of Scans Averaged by the Deck Unit = 1
* NMEA Latitude = 60 47.98 S
* NMEA Longitude = 055 11.67 W
* NMEA UTC (Time) = 17:57:21
** Ship:   Nathaniel B. Palmer 
** Cruise:    NBP0606 
# nquan = 17
# nvalues = 1176                    
# units = specified
# name 0 = prDM: Pressure, Digiquartz [db]
# name 1 = t090C: Temperature [ITS-90, deg C]
# name 2 = c0S/m: Conductivity [S/m]
# name 3 = t190C: Temperature, 2 [ITS-90, deg C]
# name 4 = c1S/m: Conductivity, 2 [S/m]
# name 5 = sbeox0ML/L: Oxygen, SBE 43 [ml/l]
# name 6 = flECO-AFL: Fluorescence, Wetlab ECO-AFL/FL [mg/m^3]
# name 7 = bat: Beam Attenuation, Chelsea/Seatech/Wetlab CStar [1/m]
# name 8 = spar: SPAR/Surface Irradiance
# name 9 = latitude: Latitude [deg]
# name 10 = longitude: Longitude [deg]
# name 11 = timeY: Time, System [seconds]
# name 12 = timeJ: Julian Days
# name 13 = sal00: Salinity [PSU]
# name 14 = scan: scan number
# name 15 = nbf: number of bottles fired
# name 16 = flag:  0.000e+00
# interval = seconds: 0.0416667                   
# start_time = Jul 23 2006 17:57:29
*END*
[from data line 511]
    250.355    -0.9387   2.790012    -0.9347   2.790644    6.89931    -0.0642    13.8155 2.3378e+01  -60.79967  -55.19450 1153680056 204.778444    34.3897      62606         11  0.000e+00
    250.422    -0.9366   2.790134    -0.9343   2.790673    6.90383    -0.0749    13.8155 2.1430e+01  -60.79967  -55.19450 1153680056 204.778444    34.3889      62607         11  0.000e+00
    250.355    -0.9356   2.790213    -0.9347   2.790662    6.89873    -0.0426    13.8155 2.1430e+01  -60.79967  -55.19450 1153680056 204.778445    34.3888      62608         11  0.000e+00
    250.355    -0.9347   2.790293    -0.9343   2.790696    6.89856    -0.0211    13.8155 2.3378e+01  -60.79967  -55.19450 1153680056 204.778445    34.3889      62609         11  0.000e+00
    250.432    -0.9340   2.790336    -0.9340   2.790731    6.89851    -0.0534    13.8155 2.1430e+01  -60.79967  -55.19450 1153680056 204.778446    34.3886      62610         11  0.000e+00
    250.355    -0.9342   2.790375    -0.9336   2.790754    6.90328    -0.0857    13.8155 2.3378e+01  -60.79967  -55.19450 1153680056 204.778446    34.3895      62611         11  0.000e+00
    250.288    -0.9339   2.790369    -0.9336   2.790766    6.90316    -0.0857    13.8155 2.1430e+01  -60.79967  -55.19450 1153680056 204.778447    34.3890      62612         11  0.000e+00
    250.355    -0.9335   2.790365    -0.9345   2.790627    6.89834    -0.0857    13.8155 2.1430e+01  -60.79967  -55.19450 1153680056 204.778447    34.3885      62613         11  0.000e+00
    250.355    -0.9329   2.790375    -0.9345   2.790418    6.89826    -0.0964    13.8155 2.1430e+01  -60.79967  -55.19450 1153680056 204.778448    34.3880      62614         11  0.000e+00
    250.279    -0.9336   2.790369    -0.9354   2.790301    6.90312    -0.1072    13.8155 2.1430e+01  -60.79967  -55.19450 1153680056 204.778448    34.3888      62615         11  0.000e+00
    250.355    -0.9336   2.790382    -0.9357   2.790325    6.89834    -0.0857    13.8155 2.1430e+01  -60.79967  -55.19450 1153680056 204.778449    34.3888      62616         11  0.000e+00
    250.288    -0.9342   2.790402    -0.9346   2.790499    6.90318    -0.0426    13.8155 2.1430e+01  -60.79967  -55.19450 1153680056 204.778449    34.3898      62617         11  0.000e+00
    250.355    -0.9338   2.790392    -0.9347   2.790627    6.90320    -0.0319    13.8155 2.1430e+01  -60.79967  -55.19450 1153680056 204.778450    34.3892      62618         11  0.000e+00
    250.288    -0.9340   2.790398    -0.9340   2.790673    6.90316    -0.0534    13.8155 2.1430e+01  -60.79967  -55.19450 1153680056 204.778450    34.3896      62619         11  0.000e+00
    250.279    -0.9335   2.790375    -0.9345   2.790667    6.90310    -0.0534    13.8155 2.1430e+01  -60.79967  -55.19450 1153680056 204.778451    34.3887      62620         11  0.000e+00
    250.288    -0.9337   2.790382    -0.9351   2.790574    6.90313    -0.0857    13.8155 2.1430e+01  -60.79967  -55.19450 1153680056 204.778451    34.3890      62621         11  0.000e+00
    250.279    -0.9333   2.790418    -0.9354   2.790510    6.90304    -0.0534    13.8155 2.1430e+01  -60.79967  -55.19450 1153680056 204.778451    34.3891      62622         11  0.000e+00
    250.288    -0.9329   2.790550    -0.9353   2.790516    6.89808    -0.0642    13.8155 2.1430e+01  -60.79967  -55.19450 1153680056 204.778452    34.3904      62623         11  0.000e+00
    250.279    -0.9314   2.790719    -0.9359   2.790505    6.90258    -0.0534    13.8155 2.1430e+01  -60.79967  -55.19450 1153680056 204.778452    34.3910      62624         11  0.000e+00
    250.288    -0.9302   2.790815    -0.9361   2.790534    6.90236    -0.0749    13.8155 2.1430e+01  -60.79967  -55.19450 1153680056 204.778453    34.3909      62625         11  0.000e+00
    250.279    -0.9306   2.790884    -0.9353   2.790650    6.90236    -0.0857    13.8155 2.1430e+01  -60.79967  -55.19450 1153680056 204.778453    34.3923      62626         11  0.000e+00
    250.288    -0.9289   2.790917    -0.9343   2.790702    6.90210    -0.0964    13.8155 2.1430e+01  -60.79967  -55.19450 1153680056 204.778454    34.3908      62627         11  0.000e+00
    250.279    -0.9281   2.790891    -0.9336   2.790766    6.90201    -0.0642    13.8155 2.1430e+01  -60.79967  -55.19450 1153680056 204.778454    34.3896      62628         11  0.000e+00
    250.288    -0.9285   2.790894    -0.9328   2.790830    6.90207    -0.0534    13.8155 2.1430e+01  -60.79967  -55.19450 1153680057 204.778455    34.3901      62629         11  0.000e+00
    250.355    -0.9291   2.790897    -0.9328   2.790865    6.90221    -0.0857    13.8155 2.1430e+01  -60.79967  -55.19450 1153680057 204.778455    34.3907      62630         11  0.000e+00
    250.279    -0.9290   2.790934    -0.9322   2.790905    6.90210    -0.0749    13.8155 2.1430e+01  -60.79967  -55.19450 1153680057 204.778456    34.3911      62631         11  0.000e+00
    250.288    -0.9291   2.790910    -0.9319   2.790923    6.90214    -0.0749    13.8155 2.1430e+01  -60.79967  -55.19450 1153680057 204.778456    34.3909      62632         11  0.000e+00
    250.279    -0.9289   2.790934    -0.9318   2.790940    6.90692    -0.0857    13.8155 2.1430e+01  -60.79967  -55.19450 1153680057 204.778457    34.3910      62633         11  0.000e+00
    200.150    -1.0098   2.779567    -1.0097   2.779888    7.07471    -0.0642    13.8155 1.7533e+01  -60.79967  -55.19450 1153680142 204.779446    34.3597      64685         12  0.000e+00
    199.968    -1.0101   2.779554    -1.0094   2.779876    7.07458    -0.0534    13.8155 1.7533e+01  -60.79967  -55.19450 1153680142 204.779447    34.3600      64686         12  0.000e+00
    199.969    -1.0097   2.779534    -1.0096   2.779893    7.07453    -0.0642    13.8155 1.7533e+01  -60.79967  -55.19450 1153680142 204.779447    34.3592      64687         12  0.000e+00
    200.007    -1.0101   2.779531    -1.0094   2.779882    7.07464    -0.0749    13.8155 1.7533e+01  -60.79967  -55.19450 1153680142 204.779448    34.3596      64688         12  0.000e+00
    199.969    -1.0100   2.779547    -1.0099   2.779893    7.07457    -0.0534    13.8155 1.5585e+01  -60.79967  -55.19450 1153680142 204.779448    34.3597      64689         12  0.000e+00
    200.007    -1.0098   2.779531    -1.0096   2.779882    7.06978    -0.0642    13.8155 1.7533e+01  -60.79967  -55.19450 1153680142 204.779449    34.3593      64690         12  0.000e+00
    199.892    -1.0095   2.779560    -1.0094   2.779893    7.06961    -0.1072    13.8155 1.7533e+01  -60.79967  -55.19450 1153680142 204.779449    34.3594      64691         12  0.000e+00
    199.969    -1.0100   2.779557    -1.0097   2.779917    7.06975    -0.1072    13.8155 1.7533e+01  -60.79967  -55.19450 1153680142 204.779450    34.3599      64692         12  0.000e+00
    199.863    -1.0100   2.779554    -1.0096   2.779887    7.06965    -0.0857    13.8155 1.7533e+01  -60.79967  -55.19450 1153680143 204.779450    34.3599      64693         12  0.000e+00
    199.969    -1.0097   2.779547    -1.0096   2.779876    7.07452    -0.0534    13.8155 1.7533e+01  -60.79967  -55.19450 1153680143 204.779451    34.3594      64694         12  0.000e+00
    199.863    -1.0098   2.779567    -1.0097   2.779876    7.07443    -0.0749    13.8155 1.7533e+01  -60.79967  -55.19450 1153680143 204.779451    34.3599      64695         12  0.000e+00
    199.892    -1.0098   2.779557    -1.0097   2.779911    7.07446    -0.0534    13.8155 1.7533e+01  -60.79967  -55.19450 1153680143 204.779452    34.3597      64696         12  0.000e+00
    199.892    -1.0097   2.779547    -1.0096   2.779905    7.07445    -0.0857    13.8155 1.7533e+01  -60.79967  -55.19450 1153680143 204.779452    34.3594      64697         12  0.000e+00
    199.864    -1.0100   2.779550    -1.0096   2.779858    7.07446    -0.1072    13.8155 1.7533e+01  -60.79967  -55.19450 1153680143 204.779453    34.3598      64698         12  0.000e+00
    199.892    -1.0098   2.779534    -1.0099   2.779864    7.07448    -0.1072    13.8155 1.7533e+01  -60.79967  -55.19450 1153680143 204.779453    34.3594      64699         12  0.000e+00
    199.864    -1.0100   2.779560    -1.0094   2.779911    7.07446    -0.0857    13.8155 1.7533e+01  -60.79967  -55.19450 1153680143 204.779454    34.3600      64700         12  0.000e+00
    199.825    -1.0101   2.779554    -1.0094   2.779905    7.06963    -0.0426    13.8155 1.7533e+01  -60.79967  -55.19450 1153680143 204.779454    34.3601      64701         12  0.000e+00
    199.825    -1.0097   2.779534    -1.0097   2.779899    7.07439    -0.0749    13.8155 1.7533e+01  -60.79967  -55.19450 1153680143 204.779455    34.3593      64702         12  0.000e+00
    199.797    -1.0100   2.779547    -1.0093   2.779899    7.07440    -0.0534    13.8155 1.9481e+01  -60.79967  -55.19450 1153680143 204.779455    34.3598      64703         12  0.000e+00
    199.825    -1.0101   2.779534    -1.0099   2.779882    7.07446    -0.0964    13.8155 1.9481e+01  -60.79967  -55.19450 1153680143 204.779456    34.3598      64704         12  0.000e+00
    199.797    -1.0101   2.779508    -1.0094   2.779876    7.07445    -0.0749    13.8155 1.9481e+01  -60.79967  -55.19450 1153680143 204.779456    34.3595      64705         12  0.000e+00
    199.825    -1.0098   2.779541    -1.0097   2.779876    7.07441    -0.1072    13.8155 1.9481e+01  -60.79967  -55.19450 1153680143 204.779457    34.3595      64706         12  0.000e+00
    199.759    -1.0100   2.779534    -1.0096   2.779876    7.07437    -0.1072    13.8155 1.9481e+01  -60.79967  -55.19450 1153680143 204.779457    34.3597      64707         12  0.000e+00
    199.797    -1.0093   2.779560    -1.0099   2.779893    7.07430    -0.1180    13.8155 2.1430e+01  -60.79967  -55.19450 1153680143 204.779457    34.3593      64708         12  0.000e+00
    199.759    -1.0098   2.779517    -1.0099   2.779882    7.07436    -0.0534    13.8155 2.1430e+01  -60.79967  -55.19450 1153680143 204.779458    34.3593      64709         12  0.000e+00
    199.720    -1.0095   2.779521    -1.0091   2.779893    7.06947    -0.0211    13.8155 2.1430e+01  -60.79967  -55.19450 1153680143 204.779458    34.3590      64710         12  0.000e+00
    199.759    -1.0095   2.779531    -1.0097   2.779882    7.06950    -0.0534    13.8155 2.1430e+01  -60.79967  -55.19450 1153680143 204.779459    34.3591      64711         12  0.000e+00
    199.720    -1.0097   2.779541    -1.0096   2.779876    7.07428    -0.0749    13.8155 2.1430e+01  -60.79967  -55.19450 1153680143 204.779459    34.3594      64712         12  0.000e+00
    199.759    -1.0100   2.779567    -1.0097   2.779893    7.07435    -0.1072    13.8155 1.9481e+01  -60.79967  -55.19450 1153680143 204.779460    34.3601      64713         12  0.000e+00
    199.759    -1.0097   2.779574    -1.0094   2.779899    7.07430    -0.1180    13.8155 2.1430e+01  -60.79967  -55.19450 1153680143 204.779460    34.3599      64714         12  0.000e+00
    199.797    -1.0097   2.779557    -1.0096   2.779882    7.07435    -0.1072    13.8155 2.1430e+01  -60.79967  -55.19450 1153680143 204.779461    34.3596      64715         12  0.000e+00
    199.826    -1.0098   2.779547    -1.0093   2.779876    7.07440    -0.0642    13.8155 2.1430e+01  -60.79967  -55.19450 1153680143 204.779461    34.3596      64716         12  0.000e+00
    199.797    -1.0098   2.779567    -1.0096   2.779876    7.07436    -0.0749    13.8155 2.1430e+01  -60.79967  -55.19450 1153680144 204.779462    34.3599      64717         12  0.000e+00
    199.759    -1.0095   2.779557    -1.0099   2.779893    7.07429    -0.0534    13.8155 2.1430e+01  -60.79967  -55.19450 1153680144 204.779462    34.3595      64718         12  0.000e+00
    199.892    -1.0097   2.779554    -1.0099   2.779882    7.07444    -0.0749    13.8155 2.1430e+01  -60.79967  -55.19450 1153680144 204.779463    34.3595      64719         12  0.000e+00
    199.864    -1.0093   2.779547    -1.0100   2.779893    7.07437    -0.0857    13.8155 2.1430e+01  -60.79967  -55.19450 1153680144 204.779463    34.3591      64720         12  0.000e+00
    199.826    -1.0098   2.779534    -1.0097   2.779882    7.07441    -0.0642    13.8155 2.1430e+01  -60.79967  -55.19450 1153680144 204.779464    34.3594      64721         12  0.000e+00
    199.940    -1.0095   2.779560    -1.0097   2.779911    7.07447    -0.1287    13.8155 2.1430e+01  -60.79967  -55.19450 1153680144 204.779464    34.3594      64722         12  0.000e+00
    199.893    -1.0095   2.779583    -1.0097   2.779905    7.07440    -0.1180    13.8155 2.3378e+01  -60.79967  -55.19450 1153680144 204.779465    34.3597      64723         12  0.000e+00
    199.969    -1.0100   2.779544    -1.0100   2.779899    7.07457    -0.0857    13.8155 2.3378e+01  -60.79967  -55.19450 1153680144 204.779465    34.3597      64724         12  0.000e+00
    199.940    -1.0097   2.779531    -1.0096   2.779882    7.07451    -0.0642    13.8155 2.3378e+01  -60.79967  -55.19450 1153680144 204.779466    34.3592      64725         12  0.000e+00
    199.969    -1.0095   2.779547    -1.0100   2.779893    7.07450    -0.0749    13.8155 2.3378e+01  -60.79967  -55.19450 1153680144 204.779466    34.3592      64726         12  0.000e+00
    200.007    -1.0100   2.779547    -1.0100   2.779882    7.07461    -0.0749    13.8155 2.3378e+01  -60.79967  -55.19450 1153680144 204.779467    34.3597      64727         12  0.000e+00
    200.036    -1.0101   2.779518    -1.0096   2.779876    7.07467    -0.0642    13.8155 2.3378e+01  -60.79967  -55.19450 1153680144 204.779467    34.3595      64728         12  0.000e+00
    200.036    -1.0097   2.779541    -1.0109   2.779893    7.07459    -0.0534    13.8155 2.3378e+01  -60.79967  -55.19450 1153680144 204.779468    34.3592      64729         12  0.000e+00
    200.074    -1.0098   2.779554    -1.0099   2.779899    7.07464    -0.0964    13.8155 2.3378e+01  -60.79967  -55.19450 1153680144 204.779468    34.3596      64730         12  0.000e+00
    200.036    -1.0103   2.779547    -1.0099   2.779899    7.07468    -0.0857    13.8155 2.1430e+01  -60.79967  -55.19450 1153680144 204.779469    34.3600      64731         12  0.000e+00
    200.151    -1.0103   2.779551    -1.0102   2.779917    7.07479    -0.0749    13.8155 2.3378e+01  -60.79967  -55.19450 1153680144 204.779469    34.3600      64732         12  0.000e+00
    200.103    -1.0104   2.779518    -1.0100   2.779905    7.07479    -0.0534    13.8155 2.1430e+01  -60.79967  -55.19450 1153680144 204.779470    34.3598      64733         12  0.000e+00
    150.099    -1.0327   2.774540    -1.0315   2.774888    7.13731    -0.0426    13.8155 1.5585e+01  -60.79967  -55.19450 1153680235 204.780516    34.3484      66902         13  0.000e+00
    150.175    -1.0325   2.774540    -1.0321   2.774871    7.13736    -0.0534    13.8155 1.5585e+01  -60.79967  -55.19450 1153680235 204.780516    34.3482      66903         13  0.000e+00
    150.165    -1.0321   2.774524    -1.0321   2.774882    7.13730    -0.0749    13.8155 1.5585e+01  -60.79967  -55.19450 1153680235 204.780516    34.3475      66904         13  0.000e+00
    150.099    -1.0325   2.774534    -1.0322   2.774905    7.13729    -0.0749    13.8155 1.5585e+01  -60.79967  -55.19450 1153680235 204.780517    34.3482      66905         13  0.000e+00
    150.099    -1.0324   2.774540    -1.0320   2.774876    7.14205    -0.0857    13.8155 1.5585e+01  -60.79967  -55.19450 1153680235 204.780517    34.3481      66906         13  0.000e+00
    150.175    -1.0322   2.774524    -1.0324   2.774882    7.14211    -0.0857    13.8155 1.5585e+01  -60.79967  -55.19450 1153680235 204.780518    34.3476      66907         13  0.000e+00
    150.099    -1.0325   2.774534    -1.0317   2.774871    7.13729    -0.0642    13.8155 1.5585e+01  -60.79967  -55.19450 1153680235 204.780518    34.3482      66908         13  0.000e+00
