product_data/regression_test/downloaded_data/MGDS/320620060703/ctd/p6619404.ros
* Sea-Bird SBE 9 Data File:
* FileName = D:\Data\Raw\p6619404.dat
* Software Version Seasave Win32 V 5.32
* Temperature SN = 1649
* Conductivity SN = 1431
* Number of Bytes Per Scan = 37
* Number of Voltage Words = 5
* Number of Scans Averaged by the Deck Unit = 1
* NMEA Latitude = 60 37.19 S
* NMEA Longitude = 055 40.25 W
* NMEA UTC (Time) = 04:56:00
** Ship:   Nathaniel B. Palmer 
** Cruise:    NBP0606 
# nquan = 17
# nvalues = 1176                    
# units = specified
# name 0 = prDM: Pressure, Digiquartz [db]
# name 1 = t090C: Temperature [ITS-90, deg C]
# name 2 = c0S/m: Conductivity [S/m]
# name 3 = t190C: Temperature, 2 [ITS-90, deg C]
# name 4 = c1S/m: Conductivity, 2 [S/m]
# name 5 = sbeox0ML/L: Oxygen, SBE 43 [ml/l]
# name 6 = flECO-AFL: Fluorescence, Wetlab ECO-AFL/FL [mg/m^3]
# name 7 = bat: Beam Attenuation, Chelsea/Seatech/Wetlab CStar [1/m]
# name 8 = spar: SPAR/Surface Irradiance
# name 9 = latitude: Latitude [deg]
# name 10 = longitude: Longitude [deg]
# name 11 = timeY: Time, System [seconds]
# name 12 = timeJ: Julian Days
# name 13 = sal00: Salinity [PSU]
# name 14 = scan: scan number
# name 15 = nbf: number of bottles fired
# name 16 = flag:  0.000e+00
# interval = seconds: 0.0416667                   
# start_time = Jul 24 2006 04:56:08
*END*
[from data line 171]
    200.173    -0.0745   2.860009    -0.0987   2.859448    6.47334    -0.0426    13.8155 0.0000e+00  -60.61983  -55.67083 1153719747 205.237837    34.3822      66748          4  0.000e+00
    200.144    -0.0759   2.859945    -0.1018   2.859348    6.47354    -0.0749    13.8155 0.0000e+00  -60.61983  -55.67083 1153719747 205.237838    34.3829      66749          4  0.000e+00
    200.096    -0.0811   2.859812    -0.1012   2.859307    6.47425    -0.0857    13.8155 0.0000e+00  -60.61983  -55.67083 1153719747 205.237838    34.3870      66750          4  0.000e+00
    200.096    -0.0802   2.859862    -0.0966   2.859354    6.47411    -0.0642    13.8155 0.0000e+00  -60.61983  -55.67083 1153719747 205.237839    34.3867      66751          4  0.000e+00
    200.144    -0.0793   2.860095    -0.0950   2.859418    6.47390    -0.0749    13.8155 0.0000e+00  -60.61983  -55.67083 1153719747 205.237839    34.3888      66752          4  0.000e+00
    200.096    -0.0737   2.860576    -0.0964   2.859289    6.47284    -0.0534    13.8155 0.0000e+00  -60.61983  -55.67083 1153719748 205.237840    34.3889      66753          4  0.000e+00
    200.001    -0.0651   2.861321    -0.0990   2.859043    6.47119    -0.0642    13.8155 0.0000e+00  -60.61983  -55.67083 1153719748 205.237840    34.3891      66754          4  0.000e+00
    200.240    -0.0582   2.861621    -0.1032   2.858832    6.47503    -0.0642    13.8155 0.0000e+00  -60.61983  -55.67083 1153719748 205.237840    34.3852      66755          4  0.000e+00
    200.096    -0.0617   2.860997    -0.1043   2.858744    6.47572    -0.0534    13.8155 0.0000e+00  -60.61983  -55.67083 1153719748 205.237841    34.3810      66756          4  0.000e+00
    200.144    -0.0670   2.860583    -0.1046   2.858545    6.47671     0.0004    13.8155 0.0000e+00  -60.61983  -55.67083 1153719748 205.237841    34.3814      66757          4  0.000e+00
    200.096    -0.0700   2.860543    -0.1055   2.858422    6.47707    -0.0211    13.8155 0.0000e+00  -60.61983  -55.67083 1153719748 205.237842    34.3843      66758          4  0.000e+00
    200.144    -0.0697   2.860503    -0.1035   2.858492    6.47241    -0.0642    13.8155 0.0000e+00  -60.61983  -55.67083 1153719748 205.237842    34.3834      66759          4  0.000e+00
    200.173    -0.0700   2.860363    -0.0998   2.858756    6.47255    -0.0642    13.8155 0.0000e+00  -60.61983  -55.67083 1153719748 205.237843    34.3818      66760          4  0.000e+00
    200.173    -0.0690   2.860169    -0.0969   2.859084    6.47254    -0.0319    13.8155 0.0000e+00  -60.61983  -55.67083 1153719748 205.237843    34.3782      66761          4  0.000e+00
    200.144    -0.0742   2.859802    -0.0950   2.859242    6.47341    -0.0642    13.8155 0.0000e+00  -60.61983  -55.67083 1153719748 205.237844    34.3792      66762          4  0.000e+00
    200.173    -0.0810   2.859444    -0.0944   2.859307    6.47923    -0.0426    13.8155 0.0000e+00  -60.61983  -55.67083 1153719748 205.237844    34.3821      66763          4  0.000e+00
    200.211    -0.0857   2.859344    -0.0928   2.859360    6.47993    -0.0534    13.8155 0.0000e+00  -60.61983  -55.67083 1153719748 205.237845    34.3859      66764          4  0.000e+00
    200.173    -0.0882   2.859358    -0.0921   2.859401    6.48021    -0.0211    13.8155 0.0000e+00  -60.61983  -55.67083 1153719748 205.237845    34.3890      66765          4  0.000e+00
    200.173    -0.0882   2.859621    -0.0905   2.859448    6.48006    -0.0211    13.8155 0.0000e+00  -60.61983  -55.67083 1153719748 205.237846    34.3925      66766          4  0.000e+00
    200.211    -0.0843   2.860129    -0.0833   2.859805    6.47928    -0.0426    13.8155 0.0000e+00  -60.61983  -55.67083 1153719748 205.237846    34.3948      66767          4  0.000e+00
    200.173    -0.0776   2.860793    -0.0737   2.860508    6.47799    -0.0642    13.8155 0.0000e+00  -60.61983  -55.67083 1153719748 205.237847    34.3961      66768          4  0.000e+00
    200.240    -0.0755   2.860603    -0.0656   2.861106    6.47788    -0.0534    13.8155 0.0000e+00  -60.61983  -55.67083 1153719748 205.237847    34.3912      66769          4  0.000e+00
    200.144    -0.0779   2.860226    -0.0645   2.861382    6.47833    -0.0642    13.8155 0.0000e+00  -60.61983  -55.67083 1153719748 205.237848    34.3889      66770          4  0.000e+00
    200.173    -0.0796   2.860049    -0.0657   2.861394    6.47869    -0.0426    13.8155 0.0000e+00  -60.61983  -55.67083 1153719748 205.237848    34.3885      66771          4  0.000e+00
    200.144    -0.0813   2.860009    -0.0669   2.861382    6.47891    -0.0426    13.8155 0.0000e+00  -60.61983  -55.67083 1153719748 205.237849    34.3899      66772          4  0.000e+00
    199.823    -0.0361   2.864270    -0.0332   2.864600    6.42799    -0.1180    13.8155 0.0000e+00  -60.61983  -55.67083 1153719756 205.237943    34.3958      66968          5  0.000e+00
    199.651    -0.0354   2.864140    -0.0262   2.864976    6.42313    -0.0857    13.8155 0.0000e+00  -60.61983  -55.67083 1153719757 205.237944    34.3934      66969          5  0.000e+00
    199.746    -0.0362   2.864107    -0.0190   2.865562    6.42334    -0.0534    13.8155 0.0000e+00  -60.61983  -55.67083 1153719757 205.237944    34.3938      66970          5  0.000e+00
    199.746    -0.0353   2.864621    -0.0175   2.865897    6.42292    -0.0642    13.8155 0.0000e+00  -60.61983  -55.67083 1153719757 205.237945    34.3995      66971          5  0.000e+00
    199.651    -0.0260   2.865998    -0.0241   2.865732    6.42083    -0.0642    13.8155 0.0000e+00  -60.61983  -55.67083 1153719757 205.237945    34.4074      66972          5  0.000e+00
    199.679    -0.0126   2.866934    -0.0294   2.865316    6.41859    -0.0749    13.8155 0.0000e+00  -60.61983  -55.67083 1153719757 205.237946    34.4048      66973          5  0.000e+00
    199.679    -0.0050   2.866917    -0.0325   2.865016    6.41762    -0.1072    13.8155 0.0000e+00  -60.61983  -55.67083 1153719757 205.237946    34.3961      66974          5  0.000e+00
    199.584    -0.0033   2.866529    -0.0325   2.864893    6.41754    -0.0964    13.8155 0.0000e+00  -60.61983  -55.67083 1153719757 205.237947    34.3891      66975          5  0.000e+00
    199.679    -0.0044   2.865937    -0.0324   2.864899    6.41811    -0.0534    13.8155 0.0000e+00  -60.61983  -55.67083 1153719757 205.237947    34.3824      66976          5  0.000e+00
    199.584    -0.0075   2.865968    -0.0288   2.865005    6.41840    -0.0749    13.8155 0.0000e+00  -60.61983  -55.67083 1153719757 205.237948    34.3863      66977          5  0.000e+00
    199.612    -0.0091   2.866202    -0.0253   2.865321    6.41381    -0.0749    13.8155 0.0000e+00  -60.61983  -55.67083 1153719757 205.237948    34.3911      66978          5  0.000e+00
    199.507    -0.0109   2.865984    -0.0209   2.865720    6.41408    -0.0964    13.8155 0.0000e+00  -60.61983  -55.67083 1153719757 205.237948    34.3904      66979          5  0.000e+00
    199.536    -0.0084   2.865961    -0.0167   2.866125    6.41380    -0.0642    13.8155 0.0000e+00  -60.61983  -55.67083 1153719757 205.237949    34.3873      66980          5  0.000e+00
    199.536    -0.0035   2.865864    -0.0112   2.866577    6.41321    -0.0534    13.8155 0.0000e+00  -60.61983  -55.67083 1153719757 205.237949    34.3804      66981          5  0.000e+00
    199.507    -0.0063   2.865563    -0.0028   2.867058    6.41372    -0.0534    13.8155 0.0000e+00  -60.61983  -55.67083 1153719757 205.237950    34.3796      66982          5  0.000e+00
    199.536    -0.0148   2.865256     0.0010   2.867404    6.41503    -0.0857    13.8155 0.0000e+00  -60.61983  -55.67083 1153719757 205.237950    34.3851      66983          5  0.000e+00
    199.507    -0.0204   2.865129     0.0012   2.867451    6.41111    -0.0749    13.8155 0.0000e+00  -60.61983  -55.67083 1153719757 205.237951    34.3897      66984          5  0.000e+00
    199.469    -0.0207   2.864908    -0.0010   2.867392    6.41124    -0.0749    13.8155 0.0000e+00  -60.61983  -55.67083 1153719757 205.237951    34.3872      66985          5  0.000e+00
    199.402    -0.0237   2.864684    -0.0011   2.867322    6.41639    -0.1072    13.8155 0.0000e+00  -60.61983  -55.67083 1153719757 205.237952    34.3876      66986          5  0.000e+00
    199.441    -0.0265   2.864494    -0.0030   2.867257    6.41689    -0.1072    13.8155 0.0000e+00  -60.61983  -55.67083 1153719757 205.237952    34.3882      66987          5  0.000e+00
    199.469    -0.0274   2.864430    -0.0036   2.867193    6.41238    -0.0642    13.8155 0.0000e+00  -60.61983  -55.67083 1153719757 205.237953    34.3883      66988          5  0.000e+00
    199.441    -0.0284   2.864390    -0.0027   2.867257    6.41251    -0.0749    13.8155 0.0000e+00  -60.61983  -55.67083 1153719757 205.237953    34.3890      66989          5  0.000e+00
    199.402    -0.0294   2.864467    -0.0010   2.867392    6.41256    -0.1072    13.8155 0.0000e+00  -60.61983  -55.67083 1153719757 205.237954    34.3911      66990          5  0.000e+00
    199.402    -0.0284   2.864805    -0.0002   2.867357    6.41223    -0.0642    13.8155 0.0000e+00  -60.61983  -55.67083 1153719757 205.237954    34.3945      66991          5  0.000e+00
    199.364    -0.0246   2.865286     0.0001   2.867199    6.41143    -0.0211    13.8155 0.0000e+00  -60.61983  -55.67083 1153719757 205.237955    34.3966      66992          5  0.000e+00
    199.402    -0.0187   2.865927     0.0018   2.867193    6.41033    -0.0749    13.8155 0.0000e+00  -60.61983  -55.67083 1153719758 205.237955    34.3985      66993          5  0.000e+00
    199.364    -0.0116   2.866302     0.0021   2.867345    6.40916    -0.0964    13.8155 0.0000e+00  -60.61983  -55.67083 1153719758 205.237956    34.3954      66994          5  0.000e+00
    199.402    -0.0100   2.866255    -0.0028   2.867439    6.40902    -0.0749    13.8155 0.0000e+00  -60.61983  -55.67083 1153719758 205.237956    34.3930      66995          5  0.000e+00
    199.326    -0.0116   2.866265    -0.0068   2.867345    6.40915    -0.1072    13.8155 0.0000e+00  -60.61983  -55.67083 1153719758 205.237957    34.3950      66996          5  0.000e+00
    199.364    -0.0113   2.866472    -0.0025   2.867310    6.40902    -0.0749    13.8155 0.0000e+00  -60.61983  -55.67083 1153719758 205.237957    34.3973      66997          5  0.000e+00
    199.326    -0.0070   2.866706     0.0033   2.867597    6.40831    -0.0749    13.8155 0.0000e+00  -60.61983  -55.67083 1153719758 205.237958    34.3957      66998          5  0.000e+00
    199.364    -0.0067   2.866803     0.0078   2.867979    6.40825    -0.0749    13.8155 0.0000e+00  -60.61983  -55.67083 1153719758 205.237958    34.3967      66999          5  0.000e+00
    199.326    -0.0081   2.866703     0.0104   2.868313    6.40845    -0.0749    13.8155 0.0000e+00  -60.61983  -55.67083 1153719758 205.237959    34.3969      67000          5  0.000e+00
    199.403    -0.0100   2.866689     0.0129   2.868519    6.40877    -0.0964    13.8155 0.0000e+00  -60.61983  -55.67083 1153719758 205.237959    34.3988      67001          5  0.000e+00
    199.297    -0.0070   2.867054     0.0146   2.868665    6.40808    -0.1072    13.8155 0.0000e+00  -60.61983  -55.67083 1153719758 205.237960    34.4004      67002          5  0.000e+00
    199.403    -0.0021   2.867301     0.0152   2.868689    6.40739    -0.1072    13.8155 0.0000e+00  -60.61983  -55.67083 1153719758 205.237960    34.3980      67003          5  0.000e+00
    199.364    -0.0008   2.867405     0.0140   2.868636    6.40713    -0.0642    13.8155 0.0000e+00  -60.61983  -55.67083 1153719758 205.237961    34.3980      67004          5  0.000e+00
    199.326    -0.0011   2.867645     0.0152   2.868712    6.40700    -0.0534    13.8155 0.0000e+00  -60.61983  -55.67083 1153719758 205.237961    34.4016      67005          5  0.000e+00
    199.403     0.0027   2.867990     0.0163   2.868871    6.40637    -0.0534    13.8155 0.0000e+00  -60.61983  -55.67083 1153719758 205.237962    34.4017      67006          5  0.000e+00
    199.364     0.0080   2.868344     0.0175   2.869005    6.40545    -0.0642    13.8155 0.0000e+00  -60.61983  -55.67083 1153719758 205.237962    34.4005      67007          5  0.000e+00
    199.326     0.0128   2.868528     0.0169   2.869052    6.40470    -0.0426    13.8155 0.0000e+00  -60.61983  -55.67083 1153719758 205.237962    34.3976      67008          5  0.000e+00
    199.364     0.0148   2.868515     0.0133   2.868941    6.40447    -0.0749    13.8155 0.0000e+00  -60.61983  -55.67083 1153719758 205.237963    34.3951      67009          5  0.000e+00
    199.403     0.0142   2.868257     0.0142   2.868853    6.40473    -0.0642    13.8155 0.0000e+00  -60.61983  -55.67083 1153719758 205.237963    34.3923      67010          5  0.000e+00
    199.403     0.0113   2.867980     0.0152   2.868788    6.40528    -0.0964    13.8155 0.0000e+00  -60.61983  -55.67083 1153719758 205.237964    34.3920      67011          5  0.000e+00
    199.441     0.0110   2.868113     0.0133   2.868571    6.40527    -0.0964    13.8155 0.0000e+00  -60.61983  -55.67083 1153719758 205.237964    34.3941      67012          5  0.000e+00
    199.403     0.0120   2.868110     0.0088   2.868160    6.40511    -0.0964    13.8155 0.0000e+00  -60.61983  -55.67083 1153719758 205.237965    34.3929      67013          5  0.000e+00
    199.441     0.0104   2.867060     0.0044   2.867797    6.40596    -0.1072    13.8155 0.0000e+00  -60.61983  -55.67083 1153719758 205.237965    34.3808      67014          5  0.000e+00
    199.470     0.0013   2.865683    -0.0014   2.867474    6.40795    -0.1072    13.8155 0.0000e+00  -60.61983  -55.67083 1153719758 205.237966    34.3727      67015          5  0.000e+00
    199.470    -0.0111   2.865152    -0.0101   2.866923    6.40986    -0.0857    13.8155 0.0000e+00  -60.61983  -55.67083 1153719758 205.237966    34.3796      67016          5  0.000e+00
    150.100    -0.6649   2.802355    -0.6502   2.804044    7.23190    -0.1072    13.8155 0.0000e+00  -60.61983  -55.67083 1153719850 205.239024    34.3074      69210          6  0.000e+00
    150.100    -0.6635   2.802709    -0.6478   2.804085    7.23146    -0.0857    13.8155 0.0000e+00  -60.61983  -55.67083 1153719850 205.239025    34.3106      69211          6  0.000e+00
    150.244    -0.6598   2.802940    -0.6474   2.804126    7.23091    -0.0534    13.8155 0.0000e+00  -60.61983  -55.67083 1153719850 205.239025    34.3094      69212          6  0.000e+00
    149.957    -0.6587   2.802957    -0.6479   2.804096    7.23045    -0.0426    13.8155 0.0000e+00  -60.61983  -55.67083 1153719850 205.239026    34.3086      69213          6  0.000e+00
    150.100    -0.6581   2.803126    -0.6484   2.804067    7.23039     0.0004    13.8155 0.0000e+00  -60.61983  -55.67083 1153719850 205.239026    34.3101      69214          6  0.000e+00
    150.100    -0.6539   2.803533    -0.6496   2.803974    7.22951    -0.0104    13.8155 0.0000e+00  -60.61983  -55.67083 1153719850 205.239027    34.3108      69215          6  0.000e+00
    150.101    -0.6512   2.803874    -0.6517   2.803829    7.22890    -0.0642    13.8155 0.0000e+00  -60.61983  -55.67083 1153719850 205.239027    34.3125      69216          6  0.000e+00
    150.024    -0.6468   2.804042    -0.6533   2.803695    7.22806    -0.0642    13.8155 0.0000e+00  -60.61983  -55.67083 1153719850 205.239028    34.3097      69217          6  0.000e+00
    150.101    -0.6460   2.804013    -0.6539   2.803736    7.22805    -0.0534    13.8155 0.0000e+00  -60.61983  -55.67083 1153719850 205.239028    34.3084      69218          6  0.000e+00
    150.034    -0.6472   2.803731    -0.6519   2.803904    7.22835    -0.0642    13.8155 0.0000e+00  -60.61983  -55.67083 1153719850 205.239029    34.3060      69219          6  0.000e+00
