product_data/regression_test/downloaded_data/MGDS/320620060703/ctd/p6619804.ros
* Sea-Bird SBE 9 Data File:
* FileName = D:\Data\Raw\p6619804.dat
* Software Version Seasave Win32 V 5.32
* Temperature SN = 1649
* Conductivity SN = 1431
* Number of Bytes Per Scan = 37
* Number of Voltage Words = 5
* Number of Scans Averaged by the Deck Unit = 1
* NMEA Latitude = 60 45.03 S
* NMEA Longitude = 059 14.86 W
* NMEA UTC (Time) = 05:10:09
** Ship:   Nathaniel B. Palmer 
** Cruise:    NBP0606 
# nquan = 17
# nvalues = 1176                    
# units = specified
# name 0 = prDM: Pressure, Digiquartz [db]
# name 1 = t090C: Temperature [ITS-90, deg C]
# name 2 = c0S/m: Conductivity [S/m]
# name 3 = t190C: Temperature, 2 [ITS-90, deg C]
# name 4 = c1S/m: Conductivity, 2 [S/m]
# name 5 = sbeox0ML/L: Oxygen, SBE 43 [ml/l]
# name 6 = flECO-AFL: Fluorescence, Wetlab ECO-AFL/FL [mg/m^3]
# name 7 = bat: Beam Attenuation, Chelsea/Seatech/Wetlab CStar [1/m]
# name 8 = spar: SPAR/Surface Irradiance
# name 9 = latitude: Latitude [deg]
# name 10 = longitude: Longitude [deg]
# name 11 = timeY: Time, System [seconds]
# name 12 = timeJ: Julian Days
# name 13 = sal00: Salinity [PSU]
# name 14 = scan: scan number
# name 15 = nbf: number of bottles fired
# name 16 = flag:  0.000e+00
# interval = seconds: 0.0416667                   
# start_time = Jul 26 2006 05:10:17
*END*
[from data line 171]
    200.234     1.7601   3.029734     1.7662   3.030725    4.45418    -0.0211    13.8155 0.0000e+00  -60.75050  -59.24767 1153893594 207.249953    34.5439      71495          4  0.000e+00
    200.205     1.7615   3.029871     1.7650   3.030635    4.45398    -0.0426    13.8155 0.0000e+00  -60.75050  -59.24767 1153893594 207.249953    34.5441      71496          4  0.000e+00
    200.234     1.7613   3.029895     1.7626   3.030437    4.45400    -0.0642    13.8155 0.0000e+00  -60.75050  -59.24767 1153893594 207.249954    34.5446      71497          4  0.000e+00
    200.234     1.7613   3.029885     1.7615   3.030234    4.45849    -0.0749    13.8155 0.0000e+00  -60.75050  -59.24767 1153893594 207.249954    34.5444      71498          4  0.000e+00
    200.272     1.7613   3.029905     1.7611   3.030144    4.45402    -0.1180    13.8155 0.0000e+00  -60.75050  -59.24767 1153893594 207.249955    34.5447      71499          4  0.000e+00
    200.234     1.7613   3.029909     1.7610   3.030150    4.45849    -0.1180    13.8155 0.0000e+00  -60.75050  -59.24767 1153893594 207.249955    34.5447      71500          4  0.000e+00
    200.234     1.7616   3.029926     1.7623   3.030324    4.45845    -0.0964    13.8155 0.0000e+00  -60.75050  -59.24767 1153893594 207.249956    34.5446      71501          4  0.000e+00
    200.205     1.7626   3.029919     1.7635   3.030467    4.45835    -0.0964    13.8155 0.0000e+00  -60.75050  -59.24767 1153893594 207.249956    34.5435      71502          4  0.000e+00
    200.234     1.7620   3.029854     1.7645   3.030515    4.45845    -0.1072    13.8155 0.0000e+00  -60.75050  -59.24767 1153893595 207.249957    34.5434      71503          4  0.000e+00
    200.301     1.7612   3.029823     1.7645   3.030587    4.46306    -0.0749    13.8155 0.0000e+00  -60.75050  -59.24767 1153893595 207.249957    34.5438      71504          4  0.000e+00
    200.272     1.7616   3.029868     1.7664   3.030737    4.46299    -0.0319    13.8155 0.0000e+00  -60.75050  -59.24767 1153893595 207.249958    34.5439      71505          4  0.000e+00
    200.301     1.7607   3.029813     1.7671   3.030839    4.46311     0.0004    13.8155 0.0000e+00  -60.75050  -59.24767 1153893595 207.249958    34.5442      71506          4  0.000e+00
    200.272     1.7607   3.029830     1.7657   3.030755    4.46309    -0.0319    13.8155 0.0000e+00  -60.75050  -59.24767 1153893595 207.249959    34.5444      71507          4  0.000e+00
    200.301     1.7618   3.029926     1.7659   3.030701    4.46297    -0.0642    13.8155 0.0000e+00  -60.75050  -59.24767 1153893595 207.249959    34.5444      71508          4  0.000e+00
    200.368     1.7613   3.029834     1.7659   3.030695    4.46309    -0.0964    13.8155 0.0000e+00  -60.75050  -59.24767 1153893595 207.249959    34.5437      71509          4  0.000e+00
    200.339     1.7607   3.029734     1.7660   3.030695    4.46316    -0.0964    13.8155 0.0000e+00  -60.75050  -59.24767 1153893595 207.249960    34.5432      71510          4  0.000e+00
    200.368     1.7601   3.029734     1.7657   3.030653    4.46324    -0.0749    13.8155 0.0000e+00  -60.75050  -59.24767 1153893595 207.249960    34.5439      71511          4  0.000e+00
    200.368     1.7599   3.029834     1.7657   3.030617    4.46321    -0.1180    13.8155 0.0000e+00  -60.75050  -59.24767 1153893595 207.249961    34.5453      71512          4  0.000e+00
    200.415     1.7620   3.030005     1.7652   3.030629    4.46299    -0.1072    13.8155 0.0000e+00  -60.75050  -59.24767 1153893595 207.249961    34.5452      71513          4  0.000e+00
    200.368     1.7637   3.030166     1.7671   3.030701    4.46275    -0.1180    13.8155 0.0000e+00  -60.75050  -59.24767 1153893595 207.249962    34.5453      71514          4  0.000e+00
    200.444     1.7635   3.030162     1.7671   3.030743    4.46281    -0.0857    13.8155 0.0000e+00  -60.75050  -59.24767 1153893595 207.249962    34.5454      71515          4  0.000e+00
    200.415     1.7642   3.030149     1.7669   3.030707    4.46723    -0.0426    13.8155 0.0000e+00  -60.75050  -59.24767 1153893595 207.249963    34.5446      71516          4  0.000e+00
    200.444     1.7643   3.030118     1.7651   3.030629    4.46724    -0.0104    13.8155 0.0000e+00  -60.75050  -59.24767 1153893595 207.249963    34.5440      71517          4  0.000e+00
    200.482     1.7635   3.030029     1.7642   3.030503    4.46737    -0.0104    13.8155 0.0000e+00  -60.75050  -59.24767 1153893595 207.249964    34.5437      71518          4  0.000e+00
    200.444     1.7632   3.029953     1.7620   3.030408    4.46741    -0.0426    13.8155 0.0000e+00  -60.75050  -59.24767 1153893595 207.249964    34.5431      71519          4  0.000e+00
    201.142     1.7503   3.028923     1.7590   3.029851    4.48737    -0.0964    13.8155 0.0000e+00  -60.75050  -59.24767 1153893600 207.250023    34.5438      71640          5  0.000e+00
    201.114     1.7507   3.028978     1.7603   3.030007    4.48730    -0.1072    13.8155 0.0000e+00  -60.75050  -59.24767 1153893600 207.250023    34.5442      71641          5  0.000e+00
    201.075     1.7521   3.029067     1.7601   3.030084    4.49160    -0.1072    13.8155 0.0000e+00  -60.75050  -59.24767 1153893600 207.250024    34.5438      71642          5  0.000e+00
    201.075     1.7541   3.029330     1.7571   3.029863    4.49132    -0.1180    13.8155 0.0000e+00  -60.75050  -59.24767 1153893600 207.250024    34.5449      71643          5  0.000e+00
    201.114     1.7561   3.029368     1.7545   3.029533    4.48665    -0.0534    13.8155 0.0000e+00  -60.75050  -59.24767 1153893600 207.250025    34.5431      71644          5  0.000e+00
    201.142     1.7558   3.029245     1.7548   3.029432    4.49123    -0.0534    13.8155 0.0000e+00  -60.75050  -59.24767 1153893600 207.250025    34.5419      71645          5  0.000e+00
    201.142     1.7555   3.029200     1.7603   3.029785    4.49128    -0.0642    13.8155 0.0000e+00  -60.75050  -59.24767 1153893600 207.250026    34.5417      71646          5  0.000e+00
    201.114     1.7552   3.029207     1.7634   3.030264    4.49129    -0.0749    13.8155 0.0000e+00  -60.75050  -59.24767 1153893600 207.250026    34.5421      71647          5  0.000e+00
    201.142     1.7533   3.029063     1.7646   3.030510    4.49153    -0.0857    13.8155 0.0000e+00  -60.75050  -59.24767 1153893601 207.250027    34.5423      71648          5  0.000e+00
    201.142     1.7507   3.028717     1.7652   3.030552    4.49191    -0.0964    13.8155 0.0000e+00  -60.75050  -59.24767 1153893601 207.250027    34.5409      71649          5  0.000e+00
    201.114     1.7492   3.028539     1.7634   3.030468    4.48760    -0.0964    13.8155 0.0000e+00  -60.75050  -59.24767 1153893601 207.250027    34.5402      71650          5  0.000e+00
    201.142     1.7494   3.028656     1.7626   3.030354    4.48756    -0.1180    13.8155 0.0000e+00  -60.75050  -59.24767 1153893601 207.250028    34.5415      71651          5  0.000e+00
    201.190     1.7521   3.029091     1.7609   3.030240    4.49167    -0.1395    13.8155 0.0000e+00  -60.75050  -59.24767 1153893601 207.250028    34.5440      71652          5  0.000e+00
    201.142     1.7560   3.029556     1.7599   3.030150    4.49110    -0.0749    13.8155 0.0000e+00  -60.75050  -59.24767 1153893601 207.250029    34.5456      71653          5  0.000e+00
    201.142     1.7588   3.029782     1.7593   3.030132    4.48626    -0.0749    13.8155 0.0000e+00  -60.75050  -59.24767 1153893601 207.250029    34.5454      71654          5  0.000e+00
    201.114     1.7601   3.029923     1.7594   3.030132    4.48608    -0.0749    13.8155 0.0000e+00  -60.75050  -59.24767 1153893601 207.250030    34.5458      71655          5  0.000e+00
    201.219     1.7604   3.029830     1.7603   3.030276    4.48615    -0.1180    13.8155 0.0000e+00  -60.75050  -59.24767 1153893601 207.250030    34.5442      71656          5  0.000e+00
    201.142     1.7598   3.029721     1.7649   3.030629    4.48620    -0.0749    13.8155 0.0000e+00  -60.75050  -59.24767 1153893601 207.250031    34.5436      71657          5  0.000e+00
    201.114     1.7591   3.029710     1.7710   3.031144    4.49073    -0.0749    13.8155 0.0000e+00  -60.75050  -59.24767 1153893601 207.250031    34.5442      71658          5  0.000e+00
    201.219     1.7596   3.029758     1.7760   3.031624    4.48625    -0.0749    13.8155 0.0000e+00  -60.75050  -59.24767 1153893601 207.250032    34.5442      71659          5  0.000e+00
    201.142     1.7596   3.029748     1.7796   3.032007    4.48620    -0.0642    13.8155 0.0000e+00  -60.75050  -59.24767 1153893601 207.250032    34.5441      71660          5  0.000e+00
    201.114     1.7584   3.029628     1.7824   3.032271    4.48635    -0.0319    13.8155 0.0000e+00  -60.75050  -59.24767 1153893601 207.250033    34.5440      71661          5  0.000e+00
    201.219     1.7555   3.029707     1.7826   3.032307    4.49113    -0.0534    13.8155 0.0000e+00  -60.75050  -59.24767 1153893601 207.250033    34.5480      71662          5  0.000e+00
    201.142     1.7566   3.030101     1.7796   3.032151    4.49083    -0.0426    13.8155 0.0000e+00  -60.75050  -59.24767 1153893601 207.250034    34.5518      71663          5  0.000e+00
    201.114     1.7609   3.030553     1.7763   3.031995    4.49025    -0.0642    13.8155 0.0000e+00  -60.75050  -59.24767 1153893601 207.250034    34.5529      71664          5  0.000e+00
    201.142     1.7653   3.030855     1.7740   3.031839    4.48975    -0.0749    13.8155 0.0000e+00  -60.75050  -59.24767 1153893601 207.250035    34.5519      71665          5  0.000e+00
    201.142     1.7724   3.031029     1.7720   3.031623    4.48903    -0.0749    13.8155 0.0000e+00  -60.75050  -59.24767 1153893601 207.250035    34.5463      71666          5  0.000e+00
    201.114     1.7736   3.031015     1.7707   3.031462    4.48891    -0.0749    13.8155 0.0000e+00  -60.75050  -59.24767 1153893601 207.250036    34.5448      71667          5  0.000e+00
    201.142     1.7703   3.030865     1.7696   3.031276    4.48928    -0.0642    13.8155 0.0000e+00  -60.75050  -59.24767 1153893601 207.250036    34.5465      71668          5  0.000e+00
    201.142     1.7668   3.030683     1.7679   3.031060    4.48967    -0.0749    13.8155 0.0000e+00  -60.75050  -59.24767 1153893601 207.250037    34.5480      71669          5  0.000e+00
    201.114     1.7650   3.030598     1.7674   3.030899    4.48986    -0.0426    13.8155 0.0000e+00  -60.75050  -59.24767 1153893601 207.250037    34.5490      71670          5  0.000e+00
    201.142     1.7626   3.030604     1.7665   3.030797    4.49009    -0.0534    13.8155 0.0000e+00  -60.75050  -59.24767 1153893602 207.250038    34.5516      71671          5  0.000e+00
    201.114     1.7616   3.030519     1.7656   3.030671    4.49019    -0.0749    13.8155 0.0000e+00  -60.75050  -59.24767 1153893602 207.250038    34.5516      71672          5  0.000e+00
    201.076     1.7615   3.030341     1.7659   3.030569    4.49025    -0.0534    13.8155 0.0000e+00  -60.75050  -59.24767 1153893602 207.250039    34.5495      71673          5  0.000e+00
    201.142     1.7613   3.030115     1.7673   3.030617    4.49039     0.0004    13.8155 0.0000e+00  -60.75050  -59.24767 1153893602 207.250039    34.5468      71674          5  0.000e+00
    201.114     1.7623   3.029998     1.7693   3.030767    4.49033    -0.0319    13.8155 0.0000e+00  -60.75050  -59.24767 1153893602 207.250040    34.5443      71675          5  0.000e+00
    201.076     1.7623   3.030002     1.7720   3.031019    4.49031    -0.0642    13.8155 0.0000e+00  -60.75050  -59.24767 1153893602 207.250040    34.5444      71676          5  0.000e+00
    201.076     1.7631   3.030043     1.7754   3.031234    4.49022    -0.0426    13.8155 0.0000e+00  -60.75050  -59.24767 1153893602 207.250041    34.5441      71677          5  0.000e+00
    201.047     1.7639   3.030197     1.7796   3.031474    4.49456    -0.0857    13.8155 0.0000e+00  -60.75050  -59.24767 1153893602 207.250041    34.5452      71678          5  0.000e+00
    201.076     1.7656   3.030413     1.7859   3.031749    4.48985    -0.0642    13.8155 0.0000e+00  -60.75050  -59.24767 1153893602 207.250041    34.5460      71679          5  0.000e+00
    201.076     1.7686   3.030663     1.7866   3.031905    4.48948    -0.0534    13.8155 0.0000e+00  -60.75050  -59.24767 1153893602 207.250042    34.5459      71680          5  0.000e+00
    201.047     1.7711   3.031074     1.7834   3.031869    4.48459    -0.0964    13.8155 0.0000e+00  -60.75050  -59.24767 1153893602 207.250042    34.5483      71681          5  0.000e+00
    201.009     1.7744   3.031550     1.7826   3.031815    4.48857    -0.1180    13.8155 0.0000e+00  -60.75050  -59.24767 1153893602 207.250043    34.5507      71682          5  0.000e+00
    201.076     1.7801   3.032033     1.7785   3.031689    4.48790    -0.1395    13.8155 0.0000e+00  -60.75050  -59.24767 1153893602 207.250043    34.5506      71683          5  0.000e+00
    201.047     1.7843   3.032441     1.7771   3.031653    4.48734    -0.1502    13.8155 0.0000e+00  -60.75050  -59.24767 1153893602 207.250044    34.5511      71684          5  0.000e+00
    201.009     1.7876   3.032715     1.7754   3.031653    4.48691    -0.1287    13.8155 0.0000e+00  -60.75050  -59.24767 1153893602 207.250044    34.5509      71685          5  0.000e+00
    201.009     1.7901   3.033068     1.7740   3.031563    4.48655    -0.0857    13.8155 0.0000e+00  -60.75050  -59.24767 1153893602 207.250045    34.5526      71686          5  0.000e+00
    200.980     1.7950   3.033451     1.7735   3.031497    4.48593    -0.1180    13.8155 0.0000e+00  -60.75050  -59.24767 1153893602 207.250045    34.5522      71687          5  0.000e+00
    201.009     1.8007   3.033743     1.7738   3.031503    4.48532    -0.1180    13.8155 0.0000e+00  -60.75050  -59.24767 1153893602 207.250046    34.5496      71688          5  0.000e+00
    149.870    -0.8082   2.781244    -0.8024   2.782268    7.27155     0.0219    13.8155 0.0000e+00  -60.75050  -59.24767 1153893707 207.251260    34.1843      74205          6  0.000e+00
    149.937    -0.8067   2.781369    -0.8018   2.782303    7.27608    -0.0104    13.8155 0.0000e+00  -60.75050  -59.24767 1153893707 207.251260    34.1844      74206          6  0.000e+00
    149.861    -0.8058   2.781415    -0.8010   2.782460    7.27584    -0.0426    13.8155 0.0000e+00  -60.75050  -59.24767 1153893707 207.251261    34.1840      74207          6  0.000e+00
    149.861    -0.8044   2.781465    -0.7984   2.782663    7.28036    -0.0319    13.8155 0.0000e+00  -60.75050  -59.24767 1153893707 207.251261    34.1831      74208          6  0.000e+00
    149.794    -0.8040   2.781481    -0.7952   2.782895    7.28497    -0.0319    13.8155 0.0000e+00  -60.75050  -59.24767 1153893707 207.251262    34.1828      74209          6  0.000e+00
    149.937    -0.8041   2.781521    -0.7926   2.783156    7.28511    -0.0104    13.8155 0.0000e+00  -60.75050  -59.24767 1153893707 207.251262    34.1835      74210          6  0.000e+00
    149.861    -0.8026   2.781712    -0.7883   2.783400    7.29419    -0.0104    13.8155 0.0000e+00  -60.75050  -59.24767 1153893707 207.251263    34.1843      74211          6  0.000e+00
    149.861    -0.7996   2.781930    -0.7869   2.783521    7.29362    -0.0534    13.8155 0.0000e+00  -60.75050  -59.24767 1153893707 207.251263    34.1840      74212          6  0.000e+00
    149.937    -0.7979   2.782009    -0.7874   2.783342    7.29815    -0.0426    13.8155 0.0000e+00  -60.75050  -59.24767 1153893707 207.251264    34.1831      74213          6  0.000e+00
    149.870    -0.7972   2.782151    -0.7916   2.783011    7.30263    -0.0104    13.8155 0.0000e+00  -60.75050  -59.24767 1153893707 207.251264    34.1841      74214          6  0.000e+00
