product_data/regression_test/downloaded_data/MGDS/320620060703/ctd/p6611101.ros
* Sea-Bird SBE 9 Data File:
* FileName = D:\Data\Raw\p6611101.dat
* Software Version Seasave Win32 V 5.32
* Temperature SN = 1649
* Conductivity SN = 1431
* Number of Bytes Per Scan = 37
* Number of Voltage Words = 5
* Number of Scans Averaged by the Deck Unit = 1
* NMEA Latitude = 61 24.96 S
* NMEA Longitude = 054 52.52 W
* NMEA UTC (Time) = 04:45:09
** Ship:   Nathaniel B. Palmer 
** Cruise:    NBP0606 
# nquan = 17
# nvalues = 1176                    
# units = specified
# name 0 = prDM: Pressure, Digiquartz [db]
# name 1 = t090C: Temperature [ITS-90, deg C]
# name 2 = c0S/m: Conductivity [S/m]
# name 3 = t190C: Temperature, 2 [ITS-90, deg C]
# name 4 = c1S/m: Conductivity, 2 [S/m]
# name 5 = sbeox0ML/L: Oxygen, SBE 43 [ml/l]
# name 6 = flECO-AFL: Fluorescence, Wetlab ECO-AFL/FL [mg/m^3]
# name 7 = bat: Beam Attenuation, Chelsea/Seatech/Wetlab CStar [1/m]
# name 8 = spar: SPAR/Surface Irradiance
# name 9 = latitude: Latitude [deg]
# name 10 = longitude: Longitude [deg]
# name 11 = timeY: Time, System [seconds]
# name 12 = timeJ: Julian Days
# name 13 = sal00: Salinity [PSU]
# name 14 = scan: scan number
# name 15 = nbf: number of bottles fired
# name 16 = flag:  0.000e+00
# interval = seconds: 0.0416667                   
# start_time = Jul 14 2006 04:45:16
*END*
[from data line 256]
    499.732    -0.5034   2.846521    -0.5035   2.846954    6.36641    -0.0857    13.8155 0.0000e+00  -61.41600  -54.87533 1152854407 195.222328    34.5058      50236          6  0.000e+00
    499.607    -0.5031   2.846531    -0.5036   2.846960    6.37119    -0.1072    13.8155 0.0000e+00  -61.41600  -54.87533 1152854407 195.222328    34.5057      50237          6  0.000e+00
    499.607    -0.5031   2.846488    -0.5033   2.846949    6.36628    -0.1072    13.8155 0.0000e+00  -61.41600  -54.87533 1152854407 195.222329    34.5051      50238          6  0.000e+00
    499.588    -0.5033   2.846515    -0.5032   2.846960    6.37121    -0.1502    13.8155 0.0000e+00  -61.41600  -54.87533 1152854408 195.222329    34.5056      50239          6  0.000e+00
    499.607    -0.5034   2.846521    -0.5030   2.846960    6.36630    -0.1502    13.8155 0.0000e+00  -61.41600  -54.87533 1152854408 195.222330    34.5059      50240          6  0.000e+00
    499.540    -0.5035   2.846545    -0.5034   2.846943    6.36624    -0.1287    13.8155 0.0000e+00  -61.41600  -54.87533 1152854408 195.222330    34.5063      50241          6  0.000e+00
    499.588    -0.5036   2.846545    -0.5029   2.846943    6.37123    -0.1180    13.8155 0.0000e+00  -61.41600  -54.87533 1152854408 195.222331    34.5064      50242          6  0.000e+00
    499.473    -0.5034   2.846515    -0.5031   2.846943    6.36618    -0.1072    13.8155 0.0000e+00  -61.41600  -54.87533 1152854408 195.222331    34.5059      50243          6  0.000e+00
    499.473    -0.5034   2.846518    -0.5035   2.846978    6.37112    -0.1072    13.8155 0.0000e+00  -61.41600  -54.87533 1152854408 195.222332    34.5059      50244          6  0.000e+00
    499.444    -0.5034   2.846528    -0.5030   2.846954    6.36615    -0.1502    13.8155 0.0000e+00  -61.41600  -54.87533 1152854408 195.222332    34.5061      50245          6  0.000e+00
    499.473    -0.5036   2.846495    -0.5034   2.846978    6.37116    -0.0857    13.8155 0.0000e+00  -61.41600  -54.87533 1152854408 195.222333    34.5058      50246          6  0.000e+00
    499.396    -0.5039   2.846495    -0.5032   2.846972    6.37113    -0.0964    13.8155 0.0000e+00  -61.41600  -54.87533 1152854408 195.222333    34.5062      50247          6  0.000e+00
    499.444    -0.5036   2.846521    -0.5030   2.846972    6.36618    -0.1718    13.8155 0.0000e+00  -61.41600  -54.87533 1152854408 195.222334    34.5062      50248          6  0.000e+00
    499.329    -0.5033   2.846521    -0.5034   2.846949    6.37097    -0.1287    13.8155 0.0000e+00  -61.41600  -54.87533 1152854408 195.222334    34.5059      50249          6  0.000e+00
    499.329    -0.5040   2.846528    -0.5034   2.846919    6.36613    -0.0964    13.8155 0.0000e+00  -61.41600  -54.87533 1152854408 195.222335    34.5068      50250          6  0.000e+00
    499.377    -0.5036   2.846505    -0.5028   2.846931    6.36613    -0.1072    13.8155 0.0000e+00  -61.41600  -54.87533 1152854408 195.222335    34.5060      50251          6  0.000e+00
    499.252    -0.5036   2.846505    -0.5034   2.846960    6.36602    -0.0857    13.8155 0.0000e+00  -61.41600  -54.87533 1152854408 195.222336    34.5060      50252          6  0.000e+00
    499.252    -0.5034   2.846518    -0.5030   2.846943    6.36599    -0.0964    13.8155 0.0000e+00  -61.41600  -54.87533 1152854408 195.222336    34.5060      50253          6  0.000e+00
    499.300    -0.5029   2.846511    -0.5030   2.846937    6.36597    -0.0857    13.8155 0.0000e+00  -61.41600  -54.87533 1152854408 195.222337    34.5054      50254          6  0.000e+00
    499.185    -0.5034   2.846525    -0.5033   2.846960    6.36592    -0.0857    13.8155 0.0000e+00  -61.41600  -54.87533 1152854408 195.222337    34.5062      50255          6  0.000e+00
    499.252    -0.5029   2.846521    -0.5029   2.846948    6.36591    -0.1072    13.8155 0.0000e+00  -61.41600  -54.87533 1152854408 195.222337    34.5055      50256          6  0.000e+00
    499.156    -0.5039   2.846511    -0.5033   2.846943    6.36597    -0.1287    13.8155 0.0000e+00  -61.41600  -54.87533 1152854408 195.222338    34.5066      50257          6  0.000e+00
    499.185    -0.5031   2.846481    -0.5038   2.846943    6.36591    -0.0964    13.8155 0.0000e+00  -61.41600  -54.87533 1152854408 195.222338    34.5053      50258          6  0.000e+00
    499.118    -0.5036   2.846498    -0.5031   2.846937    6.37084    -0.0749    13.8155 0.0000e+00  -61.41600  -54.87533 1152854408 195.222339    34.5060      50259          6  0.000e+00
    499.156    -0.5037   2.846498    -0.5034   2.846960    6.37089    -0.0857    13.8155 0.0000e+00  -61.41600  -54.87533 1152854408 195.222339    34.5062      50260          6  0.000e+00
    499.118    -0.5037   2.846521    -0.5032   2.846948    6.37084    -0.0857    13.8155 0.0000e+00  -61.41600  -54.87533 1152854408 195.222340    34.5065      50261          6  0.000e+00
    499.041    -0.5031   2.846488    -0.5030   2.846943    6.37072    -0.1180    13.8155 0.0000e+00  -61.41600  -54.87533 1152854409 195.222340    34.5054      50262          6  0.000e+00
    499.089    -0.5034   2.846535    -0.5030   2.846943    6.37077    -0.1610    13.8155 0.0000e+00  -61.41600  -54.87533 1152854409 195.222341    34.5064      50263          6  0.000e+00
    499.041    -0.5038   2.846501    -0.5030   2.846943    6.37080    -0.1180    13.8155 0.0000e+00  -61.41600  -54.87533 1152854409 195.222341    34.5064      50264          6  0.000e+00
    499.041    -0.5034   2.846495    -0.5033   2.846919    6.36581    -0.0964    13.8155 0.0000e+00  -61.41600  -54.87533 1152854409 195.222342    34.5058      50265          6  0.000e+00
    499.041    -0.5034   2.846505    -0.5034   2.846948    6.37075    -0.1180    13.8155 0.0000e+00  -61.41600  -54.87533 1152854409 195.222342    34.5060      50266          6  0.000e+00
    499.022    -0.5037   2.846518    -0.5034   2.846966    6.37076    -0.1072    13.8155 0.0000e+00  -61.41600  -54.87533 1152854409 195.222343    34.5065      50267          6  0.000e+00
    498.974    -0.5039   2.846491    -0.5031   2.846948    6.37076    -0.1072    13.8155 0.0000e+00  -61.41600  -54.87533 1152854409 195.222343    34.5064      50268          6  0.000e+00
    498.974    -0.5036   2.846495    -0.5031   2.846960    6.37071    -0.1180    13.8155 0.0000e+00  -61.41600  -54.87533 1152854409 195.222344    34.5061      50269          6  0.000e+00
    498.945    -0.5034   2.846488    -0.5034   2.846948    6.37067    -0.0857    13.8155 0.0000e+00  -61.41600  -54.87533 1152854409 195.222344    34.5058      50270          6  0.000e+00
    498.830    -0.5037   2.846528    -0.5036   2.846943    6.37059    -0.0857    13.8155 0.0000e+00  -61.41600  -54.87533 1152854409 195.222345    34.5068      50271          6  0.000e+00
    499.041    -0.5032   2.846465    -0.5032   2.846937    6.36580    -0.0857    13.8155 0.0000e+00  -61.41600  -54.87533 1152854409 195.222345    34.5052      50272          6  0.000e+00
    498.878    -0.5037   2.846501    -0.5028   2.846919    6.37064    -0.1072    13.8155 0.0000e+00  -61.41600  -54.87533 1152854409 195.222346    34.5064      50273          6  0.000e+00
    398.868    -0.3270   2.854902    -0.3264   2.855362    6.30364    -0.0749    13.8155 0.0000e+00  -61.41600  -54.87533 1152854581 195.224335    34.4789      54399          7  0.000e+00
    398.792    -0.3268   2.854932    -0.3263   2.855338    6.30354    -0.0857    13.8155 0.0000e+00  -61.41600  -54.87533 1152854581 195.224336    34.4791      54400          7  0.000e+00
    398.792    -0.3270   2.854885    -0.3263   2.855385    6.30359    -0.0857    13.8155 0.0000e+00  -61.41600  -54.87533 1152854581 195.224336    34.4787      54401          7  0.000e+00
    398.657    -0.3268   2.854902    -0.3263   2.855344    6.30344    -0.0534    13.8155 0.0000e+00  -61.41600  -54.87533 1152854581 195.224337    34.4788      54402          7  0.000e+00
    398.724    -0.3273   2.854895    -0.3258   2.855344    6.30356    -0.1072    13.8155 0.0000e+00  -61.41600  -54.87533 1152854581 195.224337    34.4792      54403          7  0.000e+00
    398.657    -0.3271   2.854892    -0.3263   2.855332    6.30348    -0.1180    13.8155 0.0000e+00  -61.41600  -54.87533 1152854581 195.224338    34.4790      54404          7  0.000e+00
    398.657    -0.3273   2.854872    -0.3264   2.855344    6.30352    -0.1072    13.8155 0.0000e+00  -61.41600  -54.87533 1152854581 195.224338    34.4790      54405          7  0.000e+00
    398.581    -0.3274   2.854885    -0.3263   2.855332    6.30346    -0.0964    13.8155 0.0000e+00  -61.41600  -54.87533 1152854581 195.224339    34.4793      54406          7  0.000e+00
    398.581    -0.3270   2.854872    -0.3261   2.855344    6.30341    -0.0857    13.8155 0.0000e+00  -61.41600  -54.87533 1152854581 195.224339    34.4786      54407          7  0.000e+00
    398.514    -0.3270   2.854885    -0.3260   2.855332    6.29849    -0.0642    13.8155 0.0000e+00  -61.41600  -54.87533 1152854581 195.224340    34.4789      54408          7  0.000e+00
    398.514    -0.3266   2.854872    -0.3263   2.855326    6.29846    -0.0857    13.8155 0.0000e+00  -61.41600  -54.87533 1152854581 195.224340    34.4783      54409          7  0.000e+00
    398.437    -0.3270   2.854885    -0.3261   2.855326    6.30328    -0.0857    13.8155 0.0000e+00  -61.41600  -54.87533 1152854581 195.224341    34.4789      54410          7  0.000e+00
    398.437    -0.3263   2.854892    -0.3266   2.855321    6.30319    -0.1180    13.8155 0.0000e+00  -61.41600  -54.87533 1152854581 195.224341    34.4783      54411          7  0.000e+00
    398.370    -0.3268   2.854868    -0.3261   2.855344    6.30320    -0.1287    13.8155 0.0000e+00  -61.41600  -54.87533 1152854581 195.224342    34.4785      54412          7  0.000e+00
    398.370    -0.3268   2.854902    -0.3263   2.855315    6.30319    -0.1610    13.8155 0.0000e+00  -61.41600  -54.87533 1152854581 195.224342    34.4790      54413          7  0.000e+00
    398.370    -0.3266   2.854878    -0.3261   2.855338    6.29833    -0.1072    13.8155 0.0000e+00  -61.41600  -54.87533 1152854582 195.224343    34.4785      54414          7  0.000e+00
    398.303    -0.3268   2.854901    -0.3261   2.855332    6.29827    -0.0857    13.8155 0.0000e+00  -61.41600  -54.87533 1152854582 195.224343    34.4790      54415          7  0.000e+00
    398.303    -0.3270   2.854878    -0.3260   2.855344    6.30316    -0.1072    13.8155 0.0000e+00  -61.41600  -54.87533 1152854582 195.224344    34.4789      54416          7  0.000e+00
    398.226    -0.3268   2.854901    -0.3264   2.855332    6.30306    -0.1395    13.8155 0.0000e+00  -61.41600  -54.87533 1152854582 195.224344    34.4791      54417          7  0.000e+00
    398.226    -0.3270   2.854878    -0.3264   2.855344    6.30309    -0.1072    13.8155 0.0000e+00  -61.41600  -54.87533 1152854582 195.224345    34.4789      54418          7  0.000e+00
    398.226    -0.3268   2.854868    -0.3266   2.855315    6.30308    -0.1180    13.8155 0.0000e+00  -61.41600  -54.87533 1152854582 195.224345    34.4786      54419          7  0.000e+00
    398.226    -0.3265   2.854851    -0.3266   2.855321    6.30305    -0.1180    13.8155 0.0000e+00  -61.41600  -54.87533 1152854582 195.224346    34.4780      54420          7  0.000e+00
    398.159    -0.3271   2.854878    -0.3258   2.855326    6.30305    -0.1180    13.8155 0.0000e+00  -61.41600  -54.87533 1152854582 195.224346    34.4791      54421          7  0.000e+00
    398.159    -0.3266   2.854871    -0.3264   2.855309    6.30300    -0.1072    13.8155 0.0000e+00  -61.41600  -54.87533 1152854582 195.224347    34.4785      54422          7  0.000e+00
    398.063    -0.3268   2.854868    -0.3267   2.855297    6.30294    -0.0964    13.8155 0.0000e+00  -61.41600  -54.87533 1152854582 195.224347    34.4787      54423          7  0.000e+00
    398.159    -0.3271   2.854851    -0.3269   2.855297    6.30307    -0.0964    13.8155 0.0000e+00  -61.41600  -54.87533 1152854582 195.224348    34.4788      54424          7  0.000e+00
    398.092    -0.3268   2.854861    -0.3267   2.855303    6.30296    -0.0749    13.8155 0.0000e+00  -61.41600  -54.87533 1152854582 195.224348    34.4786      54425          7  0.000e+00
    398.092    -0.3274   2.854868    -0.3269   2.855321    6.30304    -0.0534    13.8155 0.0000e+00  -61.41600  -54.87533 1152854582 195.224348    34.4794      54426          7  0.000e+00
    398.015    -0.3266   2.854868    -0.3267   2.855326    6.29802    -0.0642    13.8155 0.0000e+00  -61.41600  -54.87533 1152854582 195.224349    34.4786      54427          7  0.000e+00
    398.092    -0.3270   2.854885    -0.3266   2.855309    6.29812    -0.0857    13.8155 0.0000e+00  -61.41600  -54.87533 1152854582 195.224349    34.4791      54428          7  0.000e+00
    398.015    -0.3266   2.854858    -0.3266   2.855303    6.30288    -0.1180    13.8155 0.0000e+00  -61.41600  -54.87533 1152854582 195.224350    34.4785      54429          7  0.000e+00
    398.015    -0.3268   2.854861    -0.3269   2.855279    6.30290    -0.1072    13.8155 0.0000e+00  -61.41600  -54.87533 1152854582 195.224350    34.4787      54430          7  0.000e+00
    398.015    -0.3270   2.854868    -0.3269   2.855309    6.30292    -0.0426    13.8155 0.0000e+00  -61.41600  -54.87533 1152854582 195.224351    34.4789      54431          7  0.000e+00
    398.015    -0.3266   2.854885    -0.3269   2.855309    6.30287    -0.0642    13.8155 0.0000e+00  -61.41600  -54.87533 1152854582 195.224351    34.4788      54432          7  0.000e+00
    397.948    -0.3271   2.854858    -0.3274   2.855279    6.30288    -0.0642    13.8155 0.0000e+00  -61.41600  -54.87533 1152854582 195.224352    34.4790      54433          7  0.000e+00
    398.015    -0.3271   2.854828    -0.3274   2.855274    6.30296    -0.0534    13.8155 0.0000e+00  -61.41600  -54.87533 1152854582 195.224352    34.4786      54434          7  0.000e+00
    398.015    -0.3271   2.854891    -0.3266   2.855274    6.30292    -0.0534    13.8155 0.0000e+00  -61.41600  -54.87533 1152854582 195.224353    34.4794      54435          7  0.000e+00
    397.948    -0.3270   2.854865    -0.3269   2.855291    6.30286    -0.0857    13.8155 0.0000e+00  -61.41600  -54.87533 1152854582 195.224353    34.4789      54436          7  0.000e+00
    398.015    -0.3268   2.854898    -0.3270   2.855279    6.30288    -0.1610    13.8155 0.0000e+00  -61.41600  -54.87533 1152854582 195.224354    34.4791      54437          7  0.000e+00
    397.948    -0.3273   2.854865    -0.3271   2.855274    6.30290    -0.1395    13.8155 0.0000e+00  -61.41600  -54.87533 1152854583 195.224354    34.4793      54438          7  0.000e+00
    397.948    -0.3270   2.854861    -0.3274   2.855274    6.30286    -0.1395    13.8155 0.0000e+00  -61.41600  -54.87533 1152854583 195.224355    34.4789      54439          7  0.000e+00
    398.015    -0.3273   2.854898    -0.3267   2.855291    6.30294    -0.0964    13.8155 0.0000e+00  -61.41600  -54.87533 1152854583 195.224355    34.4797      54440          7  0.000e+00
    397.948    -0.3271   2.854878    -0.3267   2.855303    6.30287    -0.1180    13.8155 0.0000e+00  -61.41600  -54.87533 1152854583 195.224356    34.4793      54441          7  0.000e+00
    398.016    -0.3271   2.854868    -0.3269   2.855303    6.30293    -0.1395    13.8155 0.0000e+00  -61.41600  -54.87533 1152854583 195.224356    34.4791      54442          7  0.000e+00
    397.948    -0.3268   2.854868    -0.3270   2.855303    6.30283    -0.1180    13.8155 0.0000e+00  -61.41600  -54.87533 1152854583 195.224357    34.4788      54443          7  0.000e+00
    398.016    -0.3271   2.854868    -0.3267   2.855303    6.29808    -0.1180    13.8155 0.0000e+00  -61.41600  -54.87533 1152854583 195.224357    34.4791      54444          7  0.000e+00
