product_data/regression_test/downloaded_data/MGDS/320620060703/ctd/p6617608.ros
* Sea-Bird SBE 9 Data File:
* FileName = D:\Data\Raw\p6617608.dat
* Software Version Seasave Win32 V 5.32
* Temperature SN = 1649
* Conductivity SN = 1431
* Number of Bytes Per Scan = 37
* Number of Voltage Words = 5
* Number of Scans Averaged by the Deck Unit = 1
* NMEA Latitude = 60 36.97 S
* NMEA Longitude = 054 43.19 W
* NMEA UTC (Time) = 11:17:29
** Ship:   Nathaniel B. Palmer 
** Cruise:    NBP0606 
# nquan = 17
# nvalues = 1176                    
# units = specified
# name 0 = prDM: Pressure, Digiquartz [db]
# name 1 = t090C: Temperature [ITS-90, deg C]
# name 2 = c0S/m: Conductivity [S/m]
# name 3 = t190C: Temperature, 2 [ITS-90, deg C]
# name 4 = c1S/m: Conductivity, 2 [S/m]
# name 5 = sbeox0ML/L: Oxygen, SBE 43 [ml/l]
# name 6 = flECO-AFL: Fluorescence, Wetlab ECO-AFL/FL [mg/m^3]
# name 7 = bat: Beam Attenuation, Chelsea/Seatech/Wetlab CStar [1/m]
# name 8 = spar: SPAR/Surface Irradiance
# name 9 = latitude: Latitude [deg]
# name 10 = longitude: Longitude [deg]
# name 11 = timeY: Time, System [seconds]
# name 12 = timeJ: Julian Days
# name 13 = sal00: Salinity [PSU]
# name 14 = scan: scan number
# name 15 = nbf: number of bottles fired
# name 16 = flag:  0.000e+00
# interval = seconds: 0.0416667                   
# start_time = Jul 21 2006 11:17:36
*END*
[from data line 596]
   1110.140     0.9595   3.012992     0.9602   3.013359    5.07822    -0.0534    13.8155 0.0000e+00  -60.61617  -54.71983 1153482653 202.493682    34.6994      47955         13  0.000e+00
   1110.140     0.9596   3.012958     0.9589   3.013389    5.07305    -0.0749    13.8155 0.0000e+00  -60.61617  -54.71983 1153482653 202.493682    34.6987      47956         13  0.000e+00
   1110.140     0.9599   3.012996     0.9599   3.013359    5.06783    -0.0749    13.8155 0.0000e+00  -60.61617  -54.71983 1153482653 202.493682    34.6989      47957         13  0.000e+00
   1110.062     0.9593   3.012982     0.9599   3.013359    5.07302    -0.0534    13.8155 0.0000e+00  -60.61617  -54.71983 1153482653 202.493683    34.6995      47958         13  0.000e+00
   1110.140     0.9595   3.012965     0.9600   3.013347    5.07306    -0.0749    13.8155 0.0000e+00  -60.61617  -54.71983 1153482653 202.493683    34.6990      47959         13  0.000e+00
   1110.062     0.9595   3.012955     0.9597   3.013359    5.06784    -0.1072    13.8155 0.0000e+00  -60.61617  -54.71983 1153482653 202.493684    34.6989      47960         13  0.000e+00
   1110.140     0.9596   3.012978     0.9599   3.013347    5.07304    -0.0964    13.8155 0.0000e+00  -60.61617  -54.71983 1153482653 202.493684    34.6990      47961         13  0.000e+00
   1110.062     0.9595   3.012989     0.9599   3.013377    5.07817    -0.0642    13.8155 0.0000e+00  -60.61617  -54.71983 1153482653 202.493685    34.6994      47962         13  0.000e+00
   1110.062     0.9592   3.012996     0.9596   3.013377    5.07303    -0.0857    13.8155 0.0000e+00  -60.61617  -54.71983 1153482653 202.493685    34.6998      47963         13  0.000e+00
   1110.140     0.9592   3.012972     0.9594   3.013377    5.07309    -0.1395    13.8155 0.0000e+00  -60.61617  -54.71983 1153482653 202.493686    34.6994      47964         13  0.000e+00
   1110.062     0.9595   3.012972     0.9599   3.013365    5.07301    -0.1072    13.8155 0.0000e+00  -60.61617  -54.71983 1153482653 202.493686    34.6991      47965         13  0.000e+00
   1110.062     0.9592   3.013002     0.9596   3.013371    5.07302    -0.0642    13.8155 0.0000e+00  -60.61617  -54.71983 1153482653 202.493687    34.6999      47966         13  0.000e+00
   1109.917     0.9593   3.012992     0.9599   3.013341    5.07291    -0.0534    13.8155 0.0000e+00  -60.61617  -54.71983 1153482653 202.493687    34.6997      47967         13  0.000e+00
   1110.140     0.9596   3.012996     0.9600   3.013341    5.07303    -0.0534    13.8155 0.0000e+00  -60.61617  -54.71983 1153482653 202.493688    34.6992      47968         13  0.000e+00
   1110.062     0.9596   3.012989     0.9597   3.013359    5.06781    -0.1180    13.8155 0.0000e+00  -60.61617  -54.71983 1153482653 202.493688    34.6992      47969         13  0.000e+00
   1110.062     0.9592   3.013013     0.9600   3.013371    5.07302    -0.1072    13.8155 0.0000e+00  -60.61617  -54.71983 1153482653 202.493689    34.7000      47970         13  0.000e+00
   1110.062     0.9596   3.012961     0.9597   3.013377    5.07299    -0.1072    13.8155 0.0000e+00  -60.61617  -54.71983 1153482653 202.493689    34.6988      47971         13  0.000e+00
   1109.994     0.9599   3.013002     0.9602   3.013383    5.07289    -0.1180    13.8155 0.0000e+00  -60.61617  -54.71983 1153482653 202.493690    34.6990      47972         13  0.000e+00
   1110.062     0.9598   3.013013     0.9599   3.013377    5.07296    -0.1072    13.8155 0.0000e+00  -60.61617  -54.71983 1153482653 202.493690    34.6993      47973         13  0.000e+00
   1109.994     0.9598   3.012992     0.9594   3.013383    5.07292    -0.1180    13.8155 0.0000e+00  -60.61617  -54.71983 1153482654 202.493691    34.6991      47974         13  0.000e+00
   1109.994     0.9601   3.012958     0.9593   3.013394    5.06773    -0.1180    13.8155 0.0000e+00  -60.61617  -54.71983 1153482654 202.493691    34.6983      47975         13  0.000e+00
   1109.917     0.9599   3.012996     0.9599   3.013347    5.07284    -0.1180    13.8155 0.0000e+00  -60.61617  -54.71983 1153482654 202.493692    34.6990      47976         13  0.000e+00
   1110.140     0.9596   3.013002     0.9599   3.013383    5.07303    -0.0749    13.8155 0.0000e+00  -60.61617  -54.71983 1153482654 202.493692    34.6993      47977         13  0.000e+00
   1109.975     0.9596   3.013026     0.9597   3.013335    5.06773    -0.1072    13.8155 0.0000e+00  -60.61617  -54.71983 1153482654 202.493693    34.6997      47978         13  0.000e+00
   1109.994     0.9593   3.012989     0.9594   3.013353    5.07297    -0.1287    13.8155 0.0000e+00  -60.61617  -54.71983 1153482654 202.493693    34.6996      47979         13  0.000e+00
   1109.994     0.9601   3.013002     0.9597   3.013371    5.07805    -0.0964    13.8155 0.0000e+00  -60.61617  -54.71983 1153482654 202.493694    34.6989      47980         13  0.000e+00
   1109.994     0.9598   3.013030     0.9597   3.013365    5.07290    -0.0749    13.8155 0.0000e+00  -60.61617  -54.71983 1153482654 202.493694    34.6996      47981         13  0.000e+00
   1109.994     0.9599   3.012972     0.9594   3.013371    5.07291    -0.0749    13.8155 0.0000e+00  -60.61617  -54.71983 1153482654 202.493695    34.6987      47982         13  0.000e+00
   1109.994     0.9598   3.012996     0.9594   3.013377    5.07291    -0.1072    13.8155 0.0000e+00  -60.61617  -54.71983 1153482654 202.493695    34.6991      47983         13  0.000e+00
   1109.917     0.9598   3.013019     0.9600   3.013365    5.07802    -0.1287    13.8155 0.0000e+00  -60.61617  -54.71983 1153482654 202.493696    34.6995      47984         13  0.000e+00
   1109.994     0.9596   3.013033     0.9597   3.013371    5.07808    -0.0749    13.8155 0.0000e+00  -60.61617  -54.71983 1153482654 202.493696    34.6998      47985         13  0.000e+00
   1109.994     0.9601   3.013006     0.9600   3.013365    5.07288    -0.0749    13.8155 0.0000e+00  -60.61617  -54.71983 1153482654 202.493696    34.6989      47986         13  0.000e+00
   1109.917     0.9601   3.013009     0.9600   3.013329    5.06765    -0.0857    13.8155 0.0000e+00  -60.61617  -54.71983 1153482654 202.493697    34.6990      47987         13  0.000e+00
   1109.994     0.9603   3.013013     0.9593   3.013353    5.07286    -0.0857    13.8155 0.0000e+00  -60.61617  -54.71983 1153482654 202.493697    34.6988      47988         13  0.000e+00
   1109.994     0.9596   3.013019     0.9592   3.013347    5.07809    -0.0426    13.8155 0.0000e+00  -60.61617  -54.71983 1153482654 202.493698    34.6996      47989         13  0.000e+00
   1109.917     0.9598   3.013033     0.9600   3.013347    5.07284    -0.0319    13.8155 0.0000e+00  -60.61617  -54.71983 1153482654 202.493698    34.6997      47990         13  0.000e+00
   1109.994     0.9599   3.013006     0.9596   3.013335    5.07289    -0.0426    13.8155 0.0000e+00  -60.61617  -54.71983 1153482654 202.493699    34.6991      47991         13  0.000e+00
   1109.917     0.9596   3.013009     0.9596   3.013365    5.07804    -0.0426    13.8155 0.0000e+00  -60.61617  -54.71983 1153482654 202.493699    34.6995      47992         13  0.000e+00
   1109.994     0.9598   3.013013     0.9596   3.013341    5.07291    -0.0857    13.8155 0.0000e+00  -60.61617  -54.71983 1153482654 202.493700    34.6994      47993         13  0.000e+00
   1109.917     0.9598   3.013002     0.9599   3.013341    5.06769    -0.0642    13.8155 0.0000e+00  -60.61617  -54.71983 1153482654 202.493700    34.6993      47994         13  0.000e+00
   1109.994     0.9596   3.012989     0.9600   3.013359    5.07293    -0.0642    13.8155 0.0000e+00  -60.61617  -54.71983 1153482654 202.493701    34.6992      47995         13  0.000e+00
   1112.231     0.9632   3.013512     0.9652   3.013945    5.07390    -0.1072    13.8155 0.0000e+00  -60.61617  -54.71983 1153482659 202.493759    34.7007      48116         14  0.000e+00
   1112.299     0.9640   3.013553     0.9650   3.013975    5.07384    -0.1287    13.8155 0.0000e+00  -60.61617  -54.71983 1153482660 202.493760    34.7004      48117         14  0.000e+00
   1112.231     0.9643   3.013563     0.9644   3.013927    5.06859    -0.1610    13.8155 0.0000e+00  -60.61617  -54.71983 1153482660 202.493760    34.7002      48118         14  0.000e+00
   1112.231     0.9648   3.013591     0.9620   3.013736    5.07370    -0.1072    13.8155 0.0000e+00  -60.61617  -54.71983 1153482660 202.493761    34.7000      48119         14  0.000e+00
   1112.231     0.9649   3.013570     0.9596   3.013461    5.07369    -0.0319    13.8155 0.0000e+00  -60.61617  -54.71983 1153482660 202.493761    34.6996      48120         14  0.000e+00
   1112.299     0.9649   3.013574     0.9578   3.013270    5.07374    -0.0964    13.8155 0.0000e+00  -60.61617  -54.71983 1153482660 202.493762    34.6996      48121         14  0.000e+00
   1112.299     0.9646   3.013584     0.9569   3.013198    5.07893    -0.1072    13.8155 0.0000e+00  -60.61617  -54.71983 1153482660 202.493762    34.7000      48122         14  0.000e+00
   1112.299     0.9649   3.013621     0.9566   3.013222    5.07371    -0.1180    13.8155 0.0000e+00  -60.61617  -54.71983 1153482660 202.493763    34.7002      48123         14  0.000e+00
   1112.299     0.9649   3.013625     0.9569   3.013192    5.07371    -0.0964    13.8155 0.0000e+00  -60.61617  -54.71983 1153482660 202.493763    34.7003      48124         14  0.000e+00
   1112.299     0.9651   3.013594     0.9565   3.013186    5.07888    -0.0857    13.8155 0.0000e+00  -60.61617  -54.71983 1153482660 202.493764    34.6996      48125         14  0.000e+00
   1112.299     0.9651   3.013560     0.9568   3.013180    5.07372    -0.1072    13.8155 0.0000e+00  -60.61617  -54.71983 1153482660 202.493764    34.6992      48126         14  0.000e+00
   1112.367     0.9648   3.013543     0.9565   3.013210    5.07381    -0.0534    13.8155 0.0000e+00  -60.61617  -54.71983 1153482660 202.493764    34.6993      48127         14  0.000e+00
   1112.299     0.9643   3.013485     0.9574   3.013270    5.07384    -0.0857    13.8155 0.0000e+00  -60.61617  -54.71983 1153482660 202.493765    34.6991      48128         14  0.000e+00
   1112.367     0.9639   3.013457     0.9575   3.013323    5.07912    -0.0964    13.8155 0.0000e+00  -60.61617  -54.71983 1153482660 202.493765    34.6992      48129         14  0.000e+00
   1112.299     0.9634   3.013481     0.9583   3.013383    5.06877    -0.1072    13.8155 0.0000e+00  -60.61617  -54.71983 1153482660 202.493766    34.7001      48130         14  0.000e+00
   1112.367     0.9636   3.013464     0.9588   3.013419    5.07398    -0.1072    13.8155 0.0000e+00  -60.61617  -54.71983 1153482660 202.493766    34.6997      48131         14  0.000e+00
   1112.367     0.9636   3.013464     0.9597   3.013443    5.06881    -0.0319    13.8155 0.0000e+00  -60.61617  -54.71983 1153482660 202.493767    34.6997      48132         14  0.000e+00
   1112.367     0.9631   3.013468     0.9594   3.013473    5.07403    -0.0426    13.8155 0.0000e+00  -60.61617  -54.71983 1153482660 202.493767    34.7002      48133         14  0.000e+00
   1112.299     0.9634   3.013478     0.9596   3.013455    5.06877    -0.0749    13.8155 0.0000e+00  -60.61617  -54.71983 1153482660 202.493768    34.7001      48134         14  0.000e+00
   1112.367     0.9637   3.013416     0.9589   3.013455    5.07398    -0.1180    13.8155 0.0000e+00  -60.61617  -54.71983 1153482660 202.493768    34.6989      48135         14  0.000e+00
   1112.367     0.9628   3.013334     0.9591   3.013407    5.07412    -0.1180    13.8155 0.0000e+00  -60.61617  -54.71983 1153482660 202.493769    34.6989      48136         14  0.000e+00
   1112.367     0.9620   3.013304     0.9588   3.013395    5.07422    -0.0857    13.8155 0.0000e+00  -60.61617  -54.71983 1153482660 202.493769    34.6994      48137         14  0.000e+00
   1112.367     0.9617   3.013263     0.9586   3.013401    5.06910    -0.0857    13.8155 0.0000e+00  -60.61617  -54.71983 1153482660 202.493770    34.6992      48138         14  0.000e+00
   1112.299     0.9613   3.013208     0.9585   3.013371    5.07428    -0.0534    13.8155 0.0000e+00  -60.61617  -54.71983 1153482660 202.493770    34.6989      48139         14  0.000e+00
   1112.367     0.9613   3.013147     0.9591   3.013329    5.06918    -0.0426    13.8155 0.0000e+00  -60.61617  -54.71983 1153482660 202.493771    34.6980      48140         14  0.000e+00
   1112.367     0.9604   3.013106     0.9588   3.013305    5.07447    -0.0534    13.8155 0.0000e+00  -60.61617  -54.71983 1153482661 202.493771    34.6985      48141         14  0.000e+00
   1112.299     0.9593   3.013123     0.9589   3.013311    5.07453    -0.1072    13.8155 0.0000e+00  -60.61617  -54.71983 1153482661 202.493772    34.7000      48142         14  0.000e+00
   1112.367     0.9592   3.013177     0.9586   3.013359    5.07457    -0.1395    13.8155 0.0000e+00  -60.61617  -54.71983 1153482661 202.493772    34.7008      48143         14  0.000e+00
   1112.299     0.9582   3.013307     0.9580   3.013305    5.06940    -0.1395    13.8155 0.0000e+00  -60.61617  -54.71983 1153482661 202.493773    34.7036      48144         14  0.000e+00
   1112.367     0.9593   3.013454     0.9574   3.013305    5.07443    -0.1287    13.8155 0.0000e+00  -60.61617  -54.71983 1153482661 202.493773    34.7042      48145         14  0.000e+00
   1112.299     0.9612   3.013481     0.9572   3.013305    5.07417    -0.1072    13.8155 0.0000e+00  -60.61617  -54.71983 1153482661 202.493774    34.7025      48146         14  0.000e+00
   1112.299     0.9624   3.013560     0.9583   3.013377    5.07401    -0.0642    13.8155 0.0000e+00  -60.61617  -54.71983 1153482661 202.493774    34.7022      48147         14  0.000e+00
   1112.299     0.9637   3.013560     0.9599   3.013473    5.07387    -0.0426    13.8155 0.0000e+00  -60.61617  -54.71983 1153482661 202.493775    34.7008      48148         14  0.000e+00
   1112.299     0.9637   3.013505     0.9609   3.013556    5.07390    -0.0964    13.8155 0.0000e+00  -60.61617  -54.71983 1153482661 202.493775    34.7001      48149         14  0.000e+00
   1112.299     0.9634   3.013492     0.9616   3.013634    5.07394    -0.0857    13.8155 0.0000e+00  -60.61617  -54.71983 1153482661 202.493776    34.7002      48150         14  0.000e+00
   1112.231     0.9636   3.013464     0.9624   3.013688    5.07388    -0.0857    13.8155 0.0000e+00  -60.61617  -54.71983 1153482661 202.493776    34.6997      48151         14  0.000e+00
   1112.299     0.9632   3.013464     0.9626   3.013706    5.07914    -0.1180    13.8155 0.0000e+00  -60.61617  -54.71983 1153482661 202.493777    34.7001      48152         14  0.000e+00
   1112.231     0.9634   3.013495     0.9630   3.013766    5.07389    -0.1395    13.8155 0.0000e+00  -60.61617  -54.71983 1153482661 202.493777    34.7003      48153         14  0.000e+00
   1112.231     0.9639   3.013495     0.9630   3.013772    5.07384    -0.1072    13.8155 0.0000e+00  -60.61617  -54.71983 1153482661 202.493777    34.6998      48154         14  0.000e+00
   1112.231     0.9636   3.013509     0.9633   3.013819    5.07903    -0.0964    13.8155 0.0000e+00  -60.61617  -54.71983 1153482661 202.493778    34.7003      48155         14  0.000e+00
   1112.231     0.9640   3.013471     0.9634   3.013825    5.07383    -0.1180    13.8155 0.0000e+00  -60.61617  -54.71983 1153482661 202.493778    34.6993      48156         14  0.000e+00
   1112.231     0.9632   3.013464     0.9639   3.013801    5.07392    -0.0857    13.8155 0.0000e+00  -60.61617  -54.71983 1153482661 202.493779    34.7001      48157         14  0.000e+00
   1112.154     0.9626   3.013386     0.9634   3.013784    5.06879    -0.0642    13.8155 0.0000e+00  -60.61617  -54.71983 1153482661 202.493779    34.6998      48158         14  0.000e+00
