product_data/regression_test/downloaded_data/MGDS/320620060703/ctd/p6611701.ros
* Sea-Bird SBE 9 Data File:
* FileName = D:\Data\Raw\p6611701.dat
* Software Version Seasave Win32 V 5.32
* Temperature SN = 1649
* Conductivity SN = 1431
* Number of Bytes Per Scan = 37
* Number of Voltage Words = 5
* Number of Scans Averaged by the Deck Unit = 1
* NMEA Latitude = 61 16.10 S
* NMEA Longitude = 054 17.11 W
* NMEA UTC (Time) = 18:41:16
** Ship:   Nathaniel B. Palmer 
** Cruise:    NBP0606 
# nquan = 17
# nvalues = 245                     
# units = specified
# name 0 = prDM: Pressure, Digiquartz [db]
# name 1 = t090C: Temperature [ITS-90, deg C]
# name 2 = c0S/m: Conductivity [S/m]
# name 3 = t190C: Temperature, 2 [ITS-90, deg C]
# name 4 = c1S/m: Conductivity, 2 [S/m]
# name 5 = sbeox0ML/L: Oxygen, SBE 43 [ml/l]
# name 6 = flECO-AFL: Fluorescence, Wetlab ECO-AFL/FL [mg/m^3]
# name 7 = bat: Beam Attenuation, Chelsea/Seatech/Wetlab CStar [1/m]
# name 8 = spar: SPAR/Surface Irradiance
# name 9 = latitude: Latitude [deg]
# name 10 = longitude: Longitude [deg]
# name 11 = timeY: Time, System [seconds]
# name 12 = timeJ: Julian Days
# name 13 = sal00: Salinity [PSU]
# name 14 = scan: scan number
# name 15 = nbf: number of bottles fired
# name 16 = flag:  0.000e+00
# interval = seconds: 0.0416667                   
# start_time = Jul 14 2006 18:41:23
*END*
[from data line 86]
     40.140    -0.8836   2.781476    -0.8796   2.782205    7.05939     0.0972    13.8155 9.7407e+00  -61.26833  -54.28517 1152902746 195.781795    34.3416       6340          2  0.000e+00
     40.207    -0.8832   2.781466    -0.8799   2.782176    7.05940     0.1188    13.8155 9.7407e+00  -61.26833  -54.28517 1152902746 195.781796    34.3409       6341          2  0.000e+00
     40.073    -0.8827   2.781489    -0.8794   2.782164    7.05449     0.1403    13.8155 9.7407e+00  -61.26833  -54.28517 1152902746 195.781796    34.3408       6342          2  0.000e+00
     40.140    -0.8835   2.781505    -0.8797   2.782182    7.05465     0.1080    13.8155 9.7407e+00  -61.26833  -54.28517 1152902746 195.781797    34.3418       6343          2  0.000e+00
     40.140    -0.8830   2.781482    -0.8798   2.782187    7.05460     0.1080    13.8155 9.7407e+00  -61.26833  -54.28517 1152902746 195.781797    34.3410       6344          2  0.000e+00
     40.073    -0.8835   2.781492    -0.8802   2.782147    7.05929     0.0865    13.8155 9.7407e+00  -61.26833  -54.28517 1152902746 195.781798    34.3417       6345          2  0.000e+00
     40.140    -0.8833   2.781505    -0.8801   2.782153    7.05463     0.1188    13.8155 7.7926e+00  -61.26833  -54.28517 1152902746 195.781798    34.3416       6346          2  0.000e+00
     40.073    -0.8833   2.781482    -0.8800   2.782164    7.05927     0.1403    13.8155 7.7926e+00  -61.26833  -54.28517 1152902746 195.781799    34.3414       6347          2  0.000e+00
     39.997    -0.8829   2.781505    -0.8800   2.782141    7.05443     0.1618    13.8155 7.7926e+00  -61.26833  -54.28517 1152902746 195.781799    34.3412       6348          2  0.000e+00
     40.073    -0.8830   2.781492    -0.8801   2.782135    7.05922     0.1618    13.8155 9.7407e+00  -61.26833  -54.28517 1152902746 195.781800    34.3411       6349          2  0.000e+00
     40.073    -0.8833   2.781476    -0.8809   2.782124    7.05458     0.0972    13.8155 9.7407e+00  -61.26833  -54.28517 1152902746 195.781800    34.3413       6350          2  0.000e+00
     39.997    -0.8829   2.781499    -0.8810   2.782129    7.05912     0.1080    13.8155 9.7407e+00  -61.26833  -54.28517 1152902746 195.781801    34.3411       6351          2  0.000e+00
     30.114    -0.8484   2.784383    -0.8462   2.784906    7.01452     0.1080    13.8155 9.7407e+00  -61.26833  -54.28517 1152902804 195.782470    34.3472       7738          3  0.000e+00
     30.114    -0.8479   2.784399    -0.8456   2.784918    7.00976     0.0972    13.8155 9.7407e+00  -61.26833  -54.28517 1152902804 195.782470    34.3469       7739          3  0.000e+00
     29.962    -0.8473   2.784386    -0.8459   2.784918    7.00953     0.0972    13.8155 9.7407e+00  -61.26833  -54.28517 1152902804 195.782471    34.3461       7740          3  0.000e+00
     29.981    -0.8475   2.784412    -0.8459   2.784918    7.00955     0.0865    13.8155 9.7407e+00  -61.26833  -54.28517 1152902804 195.782471    34.3467       7741          3  0.000e+00
     29.981    -0.8476   2.784376    -0.8460   2.784877    7.00960     0.0757    13.8155 9.7407e+00  -61.26833  -54.28517 1152902804 195.782472    34.3463       7742          3  0.000e+00
     29.962    -0.8480   2.784360    -0.8462   2.784900    7.00964     0.0757    13.8155 7.7926e+00  -61.26833  -54.28517 1152902804 195.782472    34.3465       7743          3  0.000e+00
     29.981    -0.8476   2.784307    -0.8460   2.784877    7.00964     0.0972    13.8155 7.7926e+00  -61.26833  -54.28517 1152902804 195.782473    34.3454       7744          3  0.000e+00
     29.981    -0.8479   2.784323    -0.8462   2.784883    7.00968     0.0865    13.8155 7.7926e+00  -61.26833  -54.28517 1152902804 195.782473    34.3460       7745          3  0.000e+00
     29.904    -0.8478   2.784336    -0.8455   2.784906    7.00957     0.1188    13.8155 9.7407e+00  -61.26833  -54.28517 1152902804 195.782473    34.3460       7746          3  0.000e+00
     29.895    -0.8479   2.784336    -0.8456   2.784935    7.00958     0.1188    13.8155 9.7407e+00  -61.26833  -54.28517 1152902804 195.782474    34.3462       7747          3  0.000e+00
     29.904    -0.8493   2.784317    -0.8455   2.784958    7.00980     0.0972    13.8155 9.7407e+00  -61.26833  -54.28517 1152902804 195.782474    34.3475       7748          3  0.000e+00
     29.904    -0.8495   2.784297    -0.8454   2.784906    7.00984     0.0865    13.8155 9.7407e+00  -61.26833  -54.28517 1152902804 195.782475    34.3474       7749          3  0.000e+00
     29.828    -0.8490   2.784307    -0.8455   2.784906    7.00969     0.0865    13.8155 9.7407e+00  -61.26833  -54.28517 1152902804 195.782475    34.3471       7750          3  0.000e+00
     29.838    -0.8495   2.784280    -0.8458   2.784918    7.00979     0.1080    13.8155 9.7407e+00  -61.26833  -54.28517 1152902804 195.782476    34.3473       7751          3  0.000e+00
     29.838    -0.8495   2.784251    -0.8456   2.784918    7.00981     0.0972    13.8155 9.7407e+00  -61.26833  -54.28517 1152902805 195.782476    34.3469       7752          3  0.000e+00
     29.838    -0.8492   2.784247    -0.8458   2.784894    7.00976     0.0650    13.8155 9.7407e+00  -61.26833  -54.28517 1152902805 195.782477    34.3464       7753          3  0.000e+00
     29.828    -0.8496   2.784277    -0.8456   2.784889    7.00980     0.0757    13.8155 9.7407e+00  -61.26833  -54.28517 1152902805 195.782477    34.3474       7754          3  0.000e+00
     29.771    -0.8492   2.784274    -0.8464   2.784889    7.00968     0.0757    13.8155 9.7407e+00  -61.26833  -54.28517 1152902805 195.782478    34.3469       7755          3  0.000e+00
     29.771    -0.8495   2.784251    -0.8461   2.784889    7.00974     0.1403    13.8155 9.7407e+00  -61.26833  -54.28517 1152902805 195.782478    34.3469       7756          3  0.000e+00
     29.771    -0.8496   2.784214    -0.8462   2.784871    7.00978     0.1618    13.8155 9.7407e+00  -61.26833  -54.28517 1152902805 195.782479    34.3466       7757          3  0.000e+00
     29.685    -0.8498   2.784201    -0.8462   2.784865    7.00973     0.0972    13.8155 9.7407e+00  -61.26833  -54.28517 1152902805 195.782479    34.3466       7758          3  0.000e+00
     29.771    -0.8504   2.784135    -0.8465   2.784842    7.00995     0.0757    13.8155 9.7407e+00  -61.26833  -54.28517 1152902805 195.782480    34.3464       7759          3  0.000e+00
     29.695    -0.8501   2.784145    -0.8464   2.784836    7.00982     0.1080    13.8155 9.7407e+00  -61.26833  -54.28517 1152902805 195.782480    34.3462       7760          3  0.000e+00
     29.685    -0.8505   2.784158    -0.8465   2.784854    7.00987     0.0650    13.8155 9.7407e+00  -61.26833  -54.28517 1152902805 195.782481    34.3469       7761          3  0.000e+00
     29.628    -0.8510   2.784158    -0.8467   2.784842    7.00988     0.0434    13.8155 9.7407e+00  -61.26833  -54.28517 1152902805 195.782481    34.3475       7762          3  0.000e+00
     29.628    -0.8504   2.784138    -0.8464   2.784836    7.00980     0.0650    13.8155 9.7407e+00  -61.26833  -54.28517 1152902805 195.782482    34.3465       7763          3  0.000e+00
     29.695    -0.8509   2.784099    -0.8473   2.784813    7.00996     0.0650    13.8155 9.7407e+00  -61.26833  -54.28517 1152902805 195.782482    34.3465       7764          3  0.000e+00
     29.618    -0.8514   2.784039    -0.8471   2.784767    7.01000     0.0650    13.8155 9.7407e+00  -61.26833  -54.28517 1152902805 195.782483    34.3463       7765          3  0.000e+00
     29.561    -0.8512   2.784023    -0.8473   2.784772    7.00992     0.0865    13.8155 9.7407e+00  -61.26833  -54.28517 1152902805 195.782483    34.3459       7766          3  0.000e+00
     29.628    -0.8518   2.784006    -0.8478   2.784784    7.01009     0.1080    13.8155 9.7407e+00  -61.26833  -54.28517 1152902805 195.782484    34.3463       7767          3  0.000e+00
     29.542    -0.8512   2.784016    -0.8468   2.784784    7.00991     0.1080    13.8155 7.7926e+00  -61.26833  -54.28517 1152902805 195.782484    34.3458       7768          3  0.000e+00
     29.561    -0.8521   2.784039    -0.8478   2.784761    7.01004     0.1618    13.8155 7.7926e+00  -61.26833  -54.28517 1152902805 195.782485    34.3471       7769          3  0.000e+00
     29.561    -0.8513   2.784026    -0.8471   2.784738    7.00994     0.1941    13.8155 9.7407e+00  -61.26833  -54.28517 1152902805 195.782485    34.3461       7770          3  0.000e+00
     29.561    -0.8512   2.784039    -0.8478   2.784709    7.01460     0.1403    13.8155 9.7407e+00  -61.26833  -54.28517 1152902805 195.782486    34.3461       7771          3  0.000e+00
     29.475    -0.8513   2.784026    -0.8476   2.784703    7.01454     0.0865    13.8155 9.7407e+00  -61.26833  -54.28517 1152902805 195.782486    34.3461       7772          3  0.000e+00
     29.485    -0.8513   2.784039    -0.8481   2.784703    7.01454     0.0865    13.8155 9.7407e+00  -61.26833  -54.28517 1152902805 195.782486    34.3463       7773          3  0.000e+00
     29.485    -0.8513   2.784026    -0.8479   2.784720    7.01455     0.1188    13.8155 9.7407e+00  -61.26833  -54.28517 1152902805 195.782487    34.3461       7774          3  0.000e+00
     29.475    -0.8514   2.784039    -0.8481   2.784691    7.00986     0.0972    13.8155 9.7407e+00  -61.26833  -54.28517 1152902805 195.782487    34.3464       7775          3  0.000e+00
     29.485    -0.8516   2.784026    -0.8485   2.784697    7.00991     0.0865    13.8155 9.7407e+00  -61.26833  -54.28517 1152902806 195.782488    34.3465       7776          3  0.000e+00
     29.418    -0.8515   2.784039    -0.8484   2.784703    7.01450     0.0972    13.8155 7.7926e+00  -61.26833  -54.28517 1152902806 195.782488    34.3465       7777          3  0.000e+00
     29.418    -0.8515   2.784062    -0.8482   2.784720    7.01448     0.1403    13.8155 9.7407e+00  -61.26833  -54.28517 1152902806 195.782489    34.3468       7778          3  0.000e+00
     29.409    -0.8509   2.784036    -0.8485   2.784709    7.01440     0.1080    13.8155 9.7407e+00  -61.26833  -54.28517 1152902806 195.782489    34.3458       7779          3  0.000e+00
     29.418    -0.8515   2.784056    -0.8487   2.784662    7.01449     0.0972    13.8155 7.7926e+00  -61.26833  -54.28517 1152902806 195.782490    34.3467       7780          3  0.000e+00
     29.351    -0.8515   2.784049    -0.8482   2.784668    7.00974     0.1618    13.8155 9.7407e+00  -61.26833  -54.28517 1152902806 195.782490    34.3467       7781          3  0.000e+00
     29.409    -0.8515   2.784026    -0.8482   2.784680    7.01450     0.1618    13.8155 9.7407e+00  -61.26833  -54.28517 1152902806 195.782491    34.3463       7782          3  0.000e+00
     29.351    -0.8516   2.784023    -0.8482   2.784633    7.01447     0.0757    13.8155 7.7926e+00  -61.26833  -54.28517 1152902806 195.782491    34.3465       7783          3  0.000e+00
     29.351    -0.8515   2.784023    -0.8484   2.784662    7.01444     0.0972    13.8155 7.7926e+00  -61.26833  -54.28517 1152902806 195.782492    34.3463       7784          3  0.000e+00
     29.351    -0.8514   2.784056    -0.8482   2.784656    7.00973     0.1403    13.8155 7.7926e+00  -61.26833  -54.28517 1152902806 195.782492    34.3467       7785          3  0.000e+00
     29.332    -0.8520   2.784033    -0.8487   2.784651    7.01449     0.1080    13.8155 7.7926e+00  -61.26833  -54.28517 1152902806 195.782493    34.3470       7786          3  0.000e+00
     20.498    -0.8808   2.780794    -0.8773   2.781399    7.05419     0.0972    13.8155 7.7926e+00  -61.26833  -54.28517 1152902858 195.783090    34.3415       9024          4  0.000e+00
     20.374    -0.8810   2.780775    -0.8773   2.781405    7.05410     0.1188    13.8155 7.7926e+00  -61.26833  -54.28517 1152902858 195.783090    34.3415       9025          4  0.000e+00
     20.660    -0.8807   2.780738    -0.8767   2.781393    7.05436     0.1295    13.8155 7.7926e+00  -61.26833  -54.28517 1152902858 195.783091    34.3404       9026          4  0.000e+00
     20.431    -0.8805   2.780748    -0.8774   2.781387    7.05411     0.1403    13.8155 7.7926e+00  -61.26833  -54.28517 1152902858 195.783091    34.3405       9027          4  0.000e+00
     20.517    -0.8811   2.780781    -0.8773   2.781405    7.05426     0.0757    13.8155 7.7926e+00  -61.26833  -54.28517 1152902858 195.783092    34.3416       9028          4  0.000e+00
     20.498    -0.8807   2.780781    -0.8774   2.781434    7.05418     0.0434    13.8155 7.7926e+00  -61.26833  -54.28517 1152902858 195.783092    34.3411       9029          4  0.000e+00
     20.517    -0.8810   2.780758    -0.8770   2.781399    7.05425     0.0327    13.8155 7.7926e+00  -61.26833  -54.28517 1152902858 195.783093    34.3412       9030          4  0.000e+00
     20.355    -0.8807   2.780765    -0.8776   2.781405    7.04937     0.1080    13.8155 7.7926e+00  -61.26833  -54.28517 1152902858 195.783093    34.3410       9031          4  0.000e+00
     20.517    -0.8805   2.780808    -0.8780   2.781416    7.04948     0.0650    13.8155 7.7926e+00  -61.26833  -54.28517 1152902858 195.783094    34.3413       9032          4  0.000e+00
     20.450    -0.8808   2.780837    -0.8776   2.781393    7.04943     0.0972    13.8155 7.7926e+00  -61.26833  -54.28517 1152902858 195.783094    34.3421       9033          4  0.000e+00
     20.498    -0.8804   2.780854    -0.8783   2.781370    7.04941     0.1295    13.8155 5.8444e+00  -61.26833  -54.28517 1152902858 195.783095    34.3418       9034          4  0.000e+00
     20.450    -0.8804   2.780897    -0.8779   2.781318    7.04933     0.0972    13.8155 7.7926e+00  -61.26833  -54.28517 1152902858 195.783095    34.3424       9035          4  0.000e+00
     20.431    -0.8799   2.780910    -0.8763   2.781445    7.04923     0.1618    13.8155 7.7926e+00  -61.26833  -54.28517 1152902858 195.783096    34.3420       9036          4  0.000e+00
     20.517    -0.8799   2.780936    -0.8749   2.781573    7.04930     0.1295    13.8155 7.7926e+00  -61.26833  -54.28517 1152902858 195.783096    34.3423       9037          4  0.000e+00
     20.431    -0.8793   2.780953    -0.8744   2.781654    7.05380     0.1188    13.8155 7.7926e+00  -61.26833  -54.28517 1152902858 195.783097    34.3419       9038          4  0.000e+00
     20.450    -0.8790   2.780989    -0.8739   2.781695    7.04907     0.0972    13.8155 7.7926e+00  -61.26833  -54.28517 1152902858 195.783097    34.3420       9039          4  0.000e+00
     20.431    -0.8794   2.780992    -0.8741   2.781683    7.04911     0.0757    13.8155 7.7926e+00  -61.26833  -54.28517 1152902858 195.783098    34.3426       9040          4  0.000e+00
     20.450    -0.8784   2.780999    -0.8739   2.781660    7.04898     0.1295    13.8155 7.7926e+00  -61.26833  -54.28517 1152902858 195.783098    34.3415       9041          4  0.000e+00
     20.450    -0.8785   2.780982    -0.8747   2.781643    7.04901     0.1403    13.8155 7.7926e+00  -61.26833  -54.28517 1152902858 195.783098    34.3414       9042          4  0.000e+00
     20.431    -0.8787   2.781002    -0.8748   2.781648    7.04900     0.0542    13.8155 7.7926e+00  -61.26833  -54.28517 1152902858 195.783099    34.3419       9043          4  0.000e+00
     20.450    -0.8776   2.781002    -0.8746   2.781689    7.04886     0.0650    13.8155 7.7926e+00  -61.26833  -54.28517 1152902858 195.783099    34.3406       9044          4  0.000e+00
     20.431    -0.8782   2.780982    -0.8744   2.781666    7.05362     0.0542    13.8155 7.7926e+00  -61.26833  -54.28517 1152902858 195.783100    34.3411       9045          4  0.000e+00
     20.374    -0.8779   2.780986    -0.8748   2.781712    7.05352     0.0972    13.8155 7.7926e+00  -61.26833  -54.28517 1152902858 195.783100    34.3408       9046          4  0.000e+00
