product_data/regression_test/downloaded_data/MGDS/320620060703/ctd/p6614701.ros
* Sea-Bird SBE 9 Data File:
* FileName = D:\Data\Raw\p6614701.dat
* Software Version Seasave Win32 V 5.32
* Temperature SN = 1649
* Conductivity SN = 1431
* Number of Bytes Per Scan = 37
* Number of Voltage Words = 5
* Number of Scans Averaged by the Deck Unit = 1
* NMEA Latitude = 60 22.22 S
* NMEA Longitude = 057 14.26 W
* NMEA UTC (Time) = 00:31:15
** Ship:   Nathaniel B. Palmer 
** Cruise:    NBP0606 
# nquan = 17
# nvalues = 1157                    
# units = specified
# name 0 = prDM: Pressure, Digiquartz [db]
# name 1 = t090C: Temperature [ITS-90, deg C]
# name 2 = c0S/m: Conductivity [S/m]
# name 3 = t190C: Temperature, 2 [ITS-90, deg C]
# name 4 = c1S/m: Conductivity, 2 [S/m]
# name 5 = sbeox0ML/L: Oxygen, SBE 43 [ml/l]
# name 6 = flECO-AFL: Fluorescence, Wetlab ECO-AFL/FL [mg/m^3]
# name 7 = bat: Beam Attenuation, Chelsea/Seatech/Wetlab CStar [1/m]
# name 8 = spar: SPAR/Surface Irradiance
# name 9 = latitude: Latitude [deg]
# name 10 = longitude: Longitude [deg]
# name 11 = timeY: Time, System [seconds]
# name 12 = timeJ: Julian Days
# name 13 = sal00: Salinity [PSU]
# name 14 = scan: scan number
# name 15 = nbf: number of bottles fired
# name 16 = flag:  0.000e+00
# interval = seconds: 0.0416667                   
# start_time = Jul 18 2006 00:31:23
*END*
[from data line 511]
    248.840     1.8990   3.032916     1.8970   3.033062    4.75891    -0.0857    13.8155 0.0000e+00  -60.37033  -57.23767 1153185313 199.052256    34.4048      63167         11  0.000e+00
    248.849     1.8995   3.032926     1.8983   3.033182    4.75435    -0.0642    13.8155 0.0000e+00  -60.37033  -57.23767 1153185313 199.052256    34.4043      63168         11  0.000e+00
    248.840     1.8991   3.032954     1.9003   3.033361    4.75437    -0.0534    13.8155 0.0000e+00  -60.37033  -57.23767 1153185313 199.052257    34.4051      63169         11  0.000e+00
    248.782     1.8994   3.032974     1.9033   3.033625    4.75429    -0.0534    13.8155 0.0000e+00  -60.37033  -57.23767 1153185313 199.052257    34.4050      63170         11  0.000e+00
    248.773     1.9005   3.032998     1.9051   3.033888    4.75417    -0.0749    13.8155 0.0000e+00  -60.37033  -57.23767 1153185313 199.052258    34.4042      63171         11  0.000e+00
    248.706     1.9008   3.033043     1.9068   3.034014    4.75408    -0.0857    13.8155 0.0000e+00  -60.37033  -57.23767 1153185313 199.052258    34.4044      63172         11  0.000e+00
    248.773     1.9005   3.033015     1.9072   3.034056    4.75417    -0.0964    13.8155 0.0000e+00  -60.37033  -57.23767 1153185313 199.052259    34.4044      63173         11  0.000e+00
    248.706     1.8997   3.032954     1.9065   3.034044    4.75423    -0.0534    13.8155 0.0000e+00  -60.37033  -57.23767 1153185313 199.052259    34.4046      63174         11  0.000e+00
    248.706     1.8994   3.032916     1.9056   3.033948    4.75427    -0.0857    13.8155 0.0000e+00  -60.37033  -57.23767 1153185313 199.052260    34.4044      63175         11  0.000e+00
    248.639     1.8991   3.032817     1.9050   3.033882    4.75429    -0.0964    13.8155 0.0000e+00  -60.37033  -57.23767 1153185313 199.052260    34.4035      63176         11  0.000e+00
    248.639     1.8979   3.032734     1.9050   3.033781    4.75445    -0.1072    13.8155 0.0000e+00  -60.37033  -57.23767 1153185313 199.052261    34.4038      63177         11  0.000e+00
    248.629     1.8968   3.032662     1.9040   3.033733    4.75457    -0.1072    13.8155 0.0000e+00  -60.37033  -57.23767 1153185313 199.052261    34.4040      63178         11  0.000e+00
    248.639     1.8968   3.032608     1.9034   3.033703    4.75460    -0.0964    13.8155 0.0000e+00  -60.37033  -57.23767 1153185313 199.052262    34.4034      63179         11  0.000e+00
    248.562     1.8966   3.032649     1.9028   3.033631    4.75455    -0.0749    13.8155 0.0000e+00  -60.37033  -57.23767 1153185313 199.052262    34.4042      63180         11  0.000e+00
    248.572     1.8966   3.032631     1.9023   3.033595    4.75907    -0.0426    13.8155 0.0000e+00  -60.37033  -57.23767 1153185313 199.052263    34.4039      63181         11  0.000e+00
    248.562     1.8974   3.032601     1.9017   3.033541    4.75450     0.0112    13.8155 0.0000e+00  -60.37033  -57.23767 1153185313 199.052263    34.4027      63182         11  0.000e+00
    248.572     1.8971   3.032614     1.9022   3.033529    4.75452    -0.0319    13.8155 0.0000e+00  -60.37033  -57.23767 1153185313 199.052264    34.4031      63183         11  0.000e+00
    248.495     1.8968   3.032638     1.9019   3.033547    4.75450    -0.0319    13.8155 0.0000e+00  -60.37033  -57.23767 1153185313 199.052264    34.4039      63184         11  0.000e+00
    248.495     1.8971   3.032717     1.9017   3.033535    4.75444    -0.0319    13.8155 0.0000e+00  -60.37033  -57.23767 1153185313 199.052265    34.4046      63185         11  0.000e+00
    248.562     1.8971   3.032721     1.9015   3.033505    4.75448    -0.0534    13.8155 0.0000e+00  -60.37033  -57.23767 1153185313 199.052265    34.4046      63186         11  0.000e+00
    248.428     1.8968   3.032751     1.9019   3.033517    4.75891    -0.0857    13.8155 0.0000e+00  -60.37033  -57.23767 1153185313 199.052266    34.4053      63187         11  0.000e+00
    248.495     1.8974   3.032816     1.9020   3.033529    4.75887    -0.0964    13.8155 0.0000e+00  -60.37033  -57.23767 1153185313 199.052266    34.4054      63188         11  0.000e+00
    248.419     1.8977   3.032820     1.9016   3.033529    4.75428    -0.1072    13.8155 0.0000e+00  -60.37033  -57.23767 1153185314 199.052267    34.4052      63189         11  0.000e+00
    248.428     1.8972   3.032721     1.9012   3.033487    4.75888    -0.0857    13.8155 0.0000e+00  -60.37033  -57.23767 1153185314 199.052267    34.4045      63190         11  0.000e+00
    248.352     1.8971   3.032655     1.9008   3.033427    4.75887    -0.0534    13.8155 0.0000e+00  -60.37033  -57.23767 1153185314 199.052268    34.4039      63191         11  0.000e+00
    248.495     1.8966   3.032645     1.9009   3.033415    4.75902    -0.0534    13.8155 0.0000e+00  -60.37033  -57.23767 1153185314 199.052268    34.4042      63192         11  0.000e+00
    248.419     1.8970   3.032607     1.9006   3.033349    4.75894    -0.0749    13.8155 0.0000e+00  -60.37033  -57.23767 1153185314 199.052269    34.4033      63193         11  0.000e+00
    248.361     1.8961   3.032614     1.8992   3.033289    4.75899    -0.1072    13.8155 0.0000e+00  -60.37033  -57.23767 1153185314 199.052269    34.4044      63194         11  0.000e+00
    200.867     1.3218   2.971191     1.3283   2.971929    5.49461    -0.1072    13.8155 0.0000e+00  -60.37033  -57.23767 1153185408 199.053358    34.2802      65453         12  0.000e+00
    200.915     1.3243   2.971354     1.3272   2.971833    5.48975    -0.0426    13.8155 0.0000e+00  -60.37033  -57.23767 1153185408 199.053359    34.2796      65454         12  0.000e+00
    200.800     1.3254   2.971358     1.3265   2.971744    5.49863    -0.0319    13.8155 0.0000e+00  -60.37033  -57.23767 1153185408 199.053359    34.2785      65455         12  0.000e+00
    200.800     1.3261   2.971368     1.3264   2.971703    5.50310    -0.0534    13.8155 0.0000e+00  -60.37033  -57.23767 1153185408 199.053360    34.2779      65456         12  0.000e+00
    200.838     1.3270   2.971317     1.3260   2.971649    5.49396    -0.0749    13.8155 0.0000e+00  -60.37033  -57.23767 1153185408 199.053360    34.2762      65457         12  0.000e+00
    200.800     1.3275   2.971422     1.3265   2.971643    5.49383    -0.1072    13.8155 0.0000e+00  -60.37033  -57.23767 1153185408 199.053361    34.2770      65458         12  0.000e+00
    200.771     1.3295   2.971663     1.3274   2.971685    5.49347    -0.1072    13.8155 0.0000e+00  -60.37033  -57.23767 1153185408 199.053361    34.2779      65459         12  0.000e+00
    200.723     1.3302   2.971585     1.3270   2.971714    5.49340    -0.0964    13.8155 0.0000e+00  -60.37033  -57.23767 1153185408 199.053362    34.2762      65460         12  0.000e+00
    200.933     1.3295   2.971521     1.3277   2.971768    5.49820    -0.0857    13.8155 0.0000e+00  -60.37033  -57.23767 1153185408 199.053362    34.2760      65461         12  0.000e+00
    200.771     1.3311   2.971741     1.3270   2.971881    5.50234    -0.0857    13.8155 0.0000e+00  -60.37033  -57.23767 1153185408 199.053363    34.2772      65462         12  0.000e+00
    200.800     1.3338   2.971979     1.3270   2.971934    5.49742    -0.0857    13.8155 0.0000e+00  -60.37033  -57.23767 1153185408 199.053363    34.2773      65463         12  0.000e+00
    200.723     1.3344   2.972091     1.3287   2.972006    5.50178    -0.0534    13.8155 0.0000e+00  -60.37033  -57.23767 1153185408 199.053364    34.2781      65464         12  0.000e+00
    200.771     1.3353   2.972159     1.3307   2.972119    5.49714    -0.0534    13.8155 0.0000e+00  -60.37033  -57.23767 1153185408 199.053364    34.2779      65465         12  0.000e+00
    200.800     1.3366   2.972244     1.3314   2.972202    5.50153    -0.0749    13.8155 0.0000e+00  -60.37033  -57.23767 1153185408 199.053365    34.2776      65466         12  0.000e+00
    200.589     1.3375   2.972291     1.3325   2.972243    5.50124    -0.0642    13.8155 0.0000e+00  -60.37033  -57.23767 1153185408 199.053365    34.2773      65467         12  0.000e+00
    200.914     1.3383   2.972329     1.3329   2.972297    5.50138    -0.0319    13.8155 0.0000e+00  -60.37033  -57.23767 1153185409 199.053366    34.2767      65468         12  0.000e+00
    200.800     1.3377   2.972302     1.3326   2.972309    5.50138    -0.0319    13.8155 0.0000e+00  -60.37033  -57.23767 1153185409 199.053366    34.2771      65469         12  0.000e+00
    200.723     1.3369   2.972261     1.3326   2.972309    5.50142    -0.0749    13.8155 0.0000e+00  -60.37033  -57.23767 1153185409 199.053367    34.2775      65470         12  0.000e+00
    200.694     1.3372   2.972247     1.3337   2.972374    5.50592    -0.1180    13.8155 0.0000e+00  -60.37033  -57.23767 1153185409 199.053367    34.2770      65471         12  0.000e+00
    200.723     1.3372   2.972193     1.3343   2.972452    5.50596    -0.0964    13.8155 0.0000e+00  -60.37033  -57.23767 1153185409 199.053368    34.2763      65472         12  0.000e+00
    200.771     1.3356   2.971911     1.3356   2.972576    5.50631    -0.0749    13.8155 0.0000e+00  -60.37033  -57.23767 1153185409 199.053368    34.2744      65473         12  0.000e+00
    200.656     1.3303   2.971429     1.3356   2.972654    5.50704    -0.0857    13.8155 0.0000e+00  -60.37033  -57.23767 1153185409 199.053369    34.2741      65474         12  0.000e+00
    200.723     1.3270   2.971426     1.3362   2.972672    5.50745    -0.1072    13.8155 0.0000e+00  -60.37033  -57.23767 1153185409 199.053369    34.2776      65475         12  0.000e+00
    200.694     1.3311   2.972159     1.3384   2.972749    5.50663    -0.0857    13.8155 0.0000e+00  -60.37033  -57.23767 1153185409 199.053370    34.2826      65476         12  0.000e+00
    200.656     1.3411   2.972882     1.3396   2.972802    5.50970    -0.0211    13.8155 0.0000e+00  -60.37033  -57.23767 1153185409 199.053370    34.2809      65477         12  0.000e+00
    200.656     1.3462   2.973039     1.3379   2.972850    5.50907    -0.1072    13.8155 0.0000e+00  -60.37033  -57.23767 1153185409 199.053370    34.2773      65478         12  0.000e+00
    200.694     1.3460   2.972848     1.3392   2.972969    5.50921    -0.1610    13.8155 0.0000e+00  -60.37033  -57.23767 1153185409 199.053371    34.2751      65479         12  0.000e+00
    200.656     1.3459   2.972468     1.3420   2.973189    5.50937    -0.0642    13.8155 0.0000e+00  -60.37033  -57.23767 1153185409 199.053371    34.2704      65480         12  0.000e+00
    200.589     1.3417   2.972172     1.3435   2.973397    5.50992    -0.0211    13.8155 0.0000e+00  -60.37033  -57.23767 1153185409 199.053372    34.2712      65481         12  0.000e+00
    200.627     1.3387   2.972122     1.3415   2.973510    5.51030    -0.0534    13.8155 0.0000e+00  -60.37033  -57.23767 1153185409 199.053372    34.2738      65482         12  0.000e+00
    200.656     1.3375   2.972128     1.3410   2.973468    5.51045    -0.0749    13.8155 0.0000e+00  -60.37033  -57.23767 1153185409 199.053373    34.2752      65483         12  0.000e+00
    200.589     1.3366   2.972060     1.3432   2.973468    5.51054    -0.0964    13.8155 0.0000e+00  -60.37033  -57.23767 1153185409 199.053373    34.2754      65484         12  0.000e+00
    200.560     1.3350   2.972050     1.3468   2.973605    5.51069    -0.0642    13.8155 0.0000e+00  -60.37033  -57.23767 1153185409 199.053374    34.2770      65485         12  0.000e+00
    200.589     1.3344   2.971972     1.3468   2.973724    5.51536    -0.0749    13.8155 0.0000e+00  -60.37033  -57.23767 1153185409 199.053374    34.2766      65486         12  0.000e+00
    200.560     1.3336   2.971955     1.3451   2.973712    5.51089    -0.0749    13.8155 0.0000e+00  -60.37033  -57.23767 1153185409 199.053375    34.2773      65487         12  0.000e+00
    200.513     1.3341   2.971962     1.3440   2.973552    5.51534    -0.0426    13.8155 0.0000e+00  -60.37033  -57.23767 1153185409 199.053375    34.2769      65488         12  0.000e+00
    200.513     1.3350   2.971982     1.3429   2.973379    5.51523    -0.0426    13.8155 0.0000e+00  -60.37033  -57.23767 1153185409 199.053376    34.2761      65489         12  0.000e+00
    200.560     1.3339   2.971952     1.3409   2.973189    5.51540    -0.0964    13.8155 0.0000e+00  -60.37033  -57.23767 1153185409 199.053376    34.2769      65490         12  0.000e+00
    200.446     1.3330   2.971955     1.3392   2.973034    5.51542    -0.0964    13.8155 0.0000e+00  -60.37033  -57.23767 1153185410 199.053377    34.2781      65491         12  0.000e+00
    200.513     1.3330   2.971965     1.3385   2.972921    5.51546    -0.0964    13.8155 0.0000e+00  -60.37033  -57.23767 1153185410 199.053377    34.2781      65492         12  0.000e+00
    200.484     1.3339   2.971979     1.3378   2.972892    5.51533    -0.0749    13.8155 0.0000e+00  -60.37033  -57.23767 1153185410 199.053378    34.2773      65493         12  0.000e+00
    200.302     1.3348   2.972037     1.3382   2.972909    5.51506    -0.0857    13.8155 0.0000e+00  -60.37033  -57.23767 1153185410 199.053378    34.2771      65494         12  0.000e+00
    200.513     1.3348   2.972077     1.3424   2.973028    5.51520    -0.0857    13.8155 0.0000e+00  -60.37033  -57.23767 1153185410 199.053379    34.2775      65495         12  0.000e+00
    200.417     1.3344   2.972098     1.3441   2.973165    5.51517    -0.0964    13.8155 0.0000e+00  -60.37033  -57.23767 1153185410 199.053379    34.2783      65496         12  0.000e+00
    200.379     1.3355   2.972054     1.3430   2.973201    5.51959    -0.0749    13.8155 0.0000e+00  -60.37033  -57.23767 1153185410 199.053380    34.2766      65497         12  0.000e+00
    200.350     1.3348   2.971999     1.3418   2.973201    5.51966    -0.0534    13.8155 0.0000e+00  -60.37033  -57.23767 1153185410 199.053380    34.2766      65498         12  0.000e+00
    200.379     1.3345   2.971986     1.3424   2.973135    5.51972    -0.0857    13.8155 0.0000e+00  -60.37033  -57.23767 1153185410 199.053381    34.2768      65499         12  0.000e+00
    200.302     1.3345   2.972006     1.3429   2.973117    5.51965    -0.0534    13.8155 0.0000e+00  -60.37033  -57.23767 1153185410 199.053381    34.2771      65500         12  0.000e+00
    200.274     1.3341   2.972081     1.3432   2.973135    5.51965    -0.0642    13.8155 0.0000e+00  -60.37033  -57.23767 1153185410 199.053382    34.2785      65501         12  0.000e+00
    149.473     0.6706   2.901363     0.6657   2.901014    6.36447    -0.0749    13.8155 0.0000e+00  -60.37033  -57.23767 1153185505 199.054486    34.1263      67792         13  0.000e+00
    149.473     0.6770   2.901743     0.6619   2.900537    6.36345    -0.1072    13.8155 0.0000e+00  -60.37033  -57.23767 1153185505 199.054487    34.1242      67793         13  0.000e+00
    149.607     0.6784   2.901571     0.6585   2.900183    6.36348    -0.0964    13.8155 0.0000e+00  -60.37033  -57.23767 1153185505 199.054487    34.1203      67794         13  0.000e+00
    149.406     0.6756   2.901148     0.6568   2.899977    6.36390    -0.0857    13.8155 0.0000e+00  -60.37033  -57.23767 1153185506 199.054488    34.1181      67795         13  0.000e+00
    149.540     0.6724   2.901067     0.6545   2.899812    6.36446    -0.0749    13.8155 0.0000e+00  -60.37033  -57.23767 1153185506 199.054488    34.1204      67796         13  0.000e+00
    149.540     0.6743   2.901340     0.6528   2.899677    6.36407    -0.0964    13.8155 0.0000e+00  -60.37033  -57.23767 1153185506 199.054489    34.1218      67797         13  0.000e+00
    149.473     0.6754   2.901232     0.6515   2.899494    6.36393    -0.0642    13.8155 0.0000e+00  -60.37033  -57.23767 1153185506 199.054489    34.1193      67798         13  0.000e+00
