product_data/regression_test/downloaded_data/MGDS/320620060703/ctd/p6611901.ros
* Sea-Bird SBE 9 Data File:
* FileName = D:\Data\Raw\p6611901.dat
* Software Version Seasave Win32 V 5.32
* Temperature SN = 1649
* Conductivity SN = 1431
* Number of Bytes Per Scan = 37
* Number of Voltage Words = 5
* Number of Scans Averaged by the Deck Unit = 1
* NMEA Latitude = 61 13.55 S
* NMEA Longitude = 054 24.71 W
* NMEA UTC (Time) = 20:24:51
** Ship:   Nathaniel B. Palmer 
** Cruise:    NBP0606 
# nquan = 17
# nvalues = 1152                    
# units = specified
# name 0 = prDM: Pressure, Digiquartz [db]
# name 1 = t090C: Temperature [ITS-90, deg C]
# name 2 = c0S/m: Conductivity [S/m]
# name 3 = t190C: Temperature, 2 [ITS-90, deg C]
# name 4 = c1S/m: Conductivity, 2 [S/m]
# name 5 = sbeox0ML/L: Oxygen, SBE 43 [ml/l]
# name 6 = flECO-AFL: Fluorescence, Wetlab ECO-AFL/FL [mg/m^3]
# name 7 = bat: Beam Attenuation, Chelsea/Seatech/Wetlab CStar [1/m]
# name 8 = spar: SPAR/Surface Irradiance
# name 9 = latitude: Latitude [deg]
# name 10 = longitude: Longitude [deg]
# name 11 = timeY: Time, System [seconds]
# name 12 = timeJ: Julian Days
# name 13 = sal00: Salinity [PSU]
# name 14 = scan: scan number
# name 15 = nbf: number of bottles fired
# name 16 = flag:  0.000e+00
# interval = seconds: 0.0416667                   
# start_time = Jul 14 2006 20:24:59
*END*
[from data line 852]
     99.469    -0.4741   2.815282    -0.4772   2.815459    7.02807    -0.0104    13.8155 0.0000e+00  -61.22583  -54.41183 1152910150 195.867491    34.2968      34855         18  0.000e+00
     99.535    -0.4741   2.815328    -0.4776   2.815453    7.02811    -0.0211    13.8155 0.0000e+00  -61.22583  -54.41183 1152910150 195.867492    34.2974      34856         18  0.000e+00
     99.469    -0.4744   2.815295    -0.4773   2.815453    7.02811     0.0112    13.8155 0.0000e+00  -61.22583  -54.41183 1152910150 195.867492    34.2973      34857         18  0.000e+00
     99.469    -0.4743   2.815295    -0.4776   2.815453    7.02808    -0.0104    13.8155 0.0000e+00  -61.22583  -54.41183 1152910150 195.867493    34.2971      34858         18  0.000e+00
     99.392    -0.4743   2.815302    -0.4778   2.815430    7.02801    -0.0534    13.8155 0.0000e+00  -61.22583  -54.41183 1152910150 195.867493    34.2973      34859         18  0.000e+00
     99.325    -0.4746   2.815302    -0.4783   2.815424    7.02798    -0.0642    13.8155 0.0000e+00  -61.22583  -54.41183 1152910150 195.867494    34.2977      34860         18  0.000e+00
     99.535    -0.4751   2.815265    -0.4784   2.815407    7.02829    -0.0319    13.8155 0.0000e+00  -61.22583  -54.41183 1152910150 195.867494    34.2976      34861         18  0.000e+00
     99.325    -0.4747   2.815255    -0.4779   2.815401    7.02804    -0.0211    13.8155 0.0000e+00  -61.22583  -54.41183 1152910150 195.867495    34.2972      34862         18  0.000e+00
     99.364    -0.4750   2.815239    -0.4776   2.815436    7.02344    -0.0534    13.8155 0.0000e+00  -61.22583  -54.41183 1152910150 195.867495    34.2973      34863         18  0.000e+00
     99.325    -0.4754   2.815199    -0.4776   2.815453    7.02348    -0.0749    13.8155 0.0000e+00  -61.22583  -54.41183 1152910150 195.867496    34.2971      34864         18  0.000e+00
     99.325    -0.4754   2.815153    -0.4766   2.815471    7.02819    -0.0426    13.8155 0.0000e+00  -61.22583  -54.41183 1152910150 195.867496    34.2965      34865         18  0.000e+00
     99.259    -0.4758   2.815123    -0.4766   2.815459    7.02821    -0.0319    13.8155 0.0000e+00  -61.22583  -54.41183 1152910150 195.867497    34.2967      34866         18  0.000e+00
     99.326    -0.4766   2.815120    -0.4770   2.815488    7.02839    -0.0426    13.8155 0.0000e+00  -61.22583  -54.41183 1152910150 195.867497    34.2975      34867         18  0.000e+00
     99.259    -0.4771   2.815103    -0.4764   2.815483    7.02840    -0.0319    13.8155 0.0000e+00  -61.22583  -54.41183 1152910150 195.867498    34.2978      34868         18  0.000e+00
     99.259    -0.4772   2.815100    -0.4772   2.815477    7.02374    -0.0426    13.8155 0.0000e+00  -61.22583  -54.41183 1152910150 195.867498    34.2980      34869         18  0.000e+00
     99.182    -0.4769   2.815100    -0.4776   2.815494    7.02830    -0.0426    13.8155 0.0000e+00  -61.22583  -54.41183 1152910150 195.867499    34.2976      34870         18  0.000e+00
     99.259    -0.4771   2.815080    -0.4775   2.815442    7.02373    -0.0749    13.8155 0.0000e+00  -61.22583  -54.41183 1152910150 195.867499    34.2975      34871         18  0.000e+00
     99.154    -0.4775   2.815056    -0.4770   2.815442    7.02371    -0.0534    13.8155 0.0000e+00  -61.22583  -54.41183 1152910150 195.867500    34.2978      34872         18  0.000e+00
     99.182    -0.4775   2.815053    -0.4772   2.815453    7.02374    -0.0534    13.8155 0.0000e+00  -61.22583  -54.41183 1152910150 195.867500    34.2977      34873         18  0.000e+00
     99.182    -0.4775   2.815053    -0.4779   2.815430    7.02374    -0.0642    13.8155 0.0000e+00  -61.22583  -54.41183 1152910150 195.867500    34.2977      34874         18  0.000e+00
     99.182    -0.4783   2.815033    -0.4778   2.815407    7.02386    -0.0749    13.8155 0.0000e+00  -61.22583  -54.41183 1152910150 195.867501    34.2983      34875         18  0.000e+00
     99.182    -0.4789   2.815010    -0.4778   2.815401    7.02396    -0.0857    13.8155 0.0000e+00  -61.22583  -54.41183 1152910150 195.867501    34.2987      34876         18  0.000e+00
     99.116    -0.4780   2.815007    -0.4784   2.815401    7.02845    -0.0642    13.8155 0.0000e+00  -61.22583  -54.41183 1152910150 195.867502    34.2977      34877         18  0.000e+00
     75.106    -0.5447   2.807667    -0.5426   2.808353    7.06589    -0.0104    13.8155 0.0000e+00  -61.22583  -54.41183 1152910229 195.868406    34.2892      36752         19  0.000e+00
     75.154    -0.5446   2.807657    -0.5423   2.808347    7.06593     0.0112    13.8155 0.0000e+00  -61.22583  -54.41183 1152910229 195.868407    34.2889      36753         19  0.000e+00
     75.030    -0.5459   2.807607    -0.5426   2.808307    7.06603    -0.0426    13.8155 0.0000e+00  -61.22583  -54.41183 1152910229 195.868407    34.2898      36754         19  0.000e+00
     75.154    -0.5460   2.807554    -0.5424   2.808295    7.06620    -0.0426    13.8155 0.0000e+00  -61.22583  -54.41183 1152910229 195.868408    34.2891      36755         19  0.000e+00
     75.030    -0.5469   2.807442    -0.5431   2.808272    7.06628     0.0112    13.8155 0.0000e+00  -61.22583  -54.41183 1152910229 195.868408    34.2887      36756         19  0.000e+00
     75.011    -0.5484   2.807293    -0.5437   2.808283    7.06189     0.0004    13.8155 0.0000e+00  -61.22583  -54.41183 1152910229 195.868409    34.2884      36757         19  0.000e+00
     74.963    -0.5499   2.807187    -0.5443   2.808231    7.06680    -0.0534    13.8155 0.0000e+00  -61.22583  -54.41183 1152910229 195.868409    34.2887      36758         19  0.000e+00
     75.011    -0.5511   2.807130    -0.5440   2.808196    7.06706    -0.0749    13.8155 0.0000e+00  -61.22583  -54.41183 1152910229 195.868410    34.2893      36759         19  0.000e+00
     74.963    -0.5509   2.807134    -0.5443   2.808190    7.06698    -0.0104    13.8155 0.0000e+00  -61.22583  -54.41183 1152910229 195.868410    34.2891      36760         19  0.000e+00
     74.944    -0.5516   2.807104    -0.5442   2.808190    7.06707    -0.0319    13.8155 0.0000e+00  -61.22583  -54.41183 1152910229 195.868410    34.2895      36761         19  0.000e+00
     74.887    -0.5515   2.807077    -0.5443   2.808144    7.06703    -0.0104    13.8155 0.0000e+00  -61.22583  -54.41183 1152910229 195.868411    34.2891      36762         19  0.000e+00
     74.868    -0.5517   2.807054    -0.5450   2.808114    7.06705     0.0112    13.8155 0.0000e+00  -61.22583  -54.41183 1152910229 195.868411    34.2890      36763         19  0.000e+00
     74.887    -0.5514   2.807081    -0.5446   2.808109    7.06701    -0.0319    13.8155 0.0000e+00  -61.22583  -54.41183 1152910229 195.868412    34.2891      36764         19  0.000e+00
     74.801    -0.5512   2.807114    -0.5450   2.808126    7.06687    -0.0211    13.8155 0.0000e+00  -61.22583  -54.41183 1152910229 195.868412    34.2893      36765         19  0.000e+00
     74.820    -0.5509   2.807134    -0.5451   2.808074    7.06684     0.0112    13.8155 0.0000e+00  -61.22583  -54.41183 1152910229 195.868413    34.2893      36766         19  0.000e+00
     74.801    -0.5500   2.807207    -0.5454   2.808091    7.06664    -0.0104    13.8155 0.0000e+00  -61.22583  -54.41183 1152910229 195.868413    34.2891      36767         19  0.000e+00
     74.753    -0.5500   2.807250    -0.5460   2.808068    7.06657     0.0004    13.8155 0.0000e+00  -61.22583  -54.41183 1152910229 195.868414    34.2898      36768         19  0.000e+00
     74.734    -0.5496   2.807253    -0.5456   2.808033    7.06649     0.0434    13.8155 0.0000e+00  -61.22583  -54.41183 1152910230 195.868414    34.2894      36769         19  0.000e+00
     74.754    -0.5495   2.807253    -0.5466   2.807986    7.06650     0.0219    13.8155 0.0000e+00  -61.22583  -54.41183 1152910230 195.868415    34.2893      36770         19  0.000e+00
     74.658    -0.5497   2.807253    -0.5466   2.807975    7.06643     0.0327    13.8155 0.0000e+00  -61.22583  -54.41183 1152910230 195.868415    34.2896      36771         19  0.000e+00
     74.677    -0.5496   2.807233    -0.5468   2.807934    7.06645    -0.0319    13.8155 0.0000e+00  -61.22583  -54.41183 1152910230 195.868416    34.2892      36772         19  0.000e+00
     74.658    -0.5494   2.807266    -0.5476   2.807881    7.06638    -0.0211    13.8155 0.0000e+00  -61.22583  -54.41183 1152910230 195.868416    34.2894      36773         19  0.000e+00
     74.610    -0.5494   2.807293    -0.5477   2.807870    7.06631     0.0004    13.8155 0.0000e+00  -61.22583  -54.41183 1152910230 195.868417    34.2898      36774         19  0.000e+00
     74.591    -0.5489   2.807329    -0.5480   2.807847    7.06620    -0.0211    13.8155 0.0000e+00  -61.22583  -54.41183 1152910230 195.868417    34.2897      36775         19  0.000e+00
     74.544    -0.5478   2.807412    -0.5476   2.807858    7.06595    -0.0211    13.8155 0.0000e+00  -61.22583  -54.41183 1152910230 195.868418    34.2897      36776         19  0.000e+00
     74.544    -0.5476   2.807485    -0.5480   2.807847    7.06586    -0.0211    13.8155 0.0000e+00  -61.22583  -54.41183 1152910230 195.868418    34.2903      36777         19  0.000e+00
     74.525    -0.5453   2.807650    -0.5481   2.807841    7.06541     0.0112    13.8155 0.0000e+00  -61.22583  -54.41183 1152910230 195.868419    34.2900      36778         19  0.000e+00
     74.544    -0.5435   2.807756    -0.5479   2.807823    7.06511     0.0219    13.8155 0.0000e+00  -61.22583  -54.41183 1152910230 195.868419    34.2894      36779         19  0.000e+00
     74.448    -0.5428   2.807889    -0.5482   2.807835    7.06483     0.0219    13.8155 0.0000e+00  -61.22583  -54.41183 1152910230 195.868420    34.2904      36780         19  0.000e+00
     74.401    -0.5411   2.807995    -0.5479   2.807841    7.06447    -0.0104    13.8155 0.0000e+00  -61.22583  -54.41183 1152910230 195.868420    34.2899      36781         19  0.000e+00
     74.448    -0.5406   2.808054    -0.5479   2.807858    7.06441    -0.0426    13.8155 0.0000e+00  -61.22583  -54.41183 1152910230 195.868421    34.2901      36782         19  0.000e+00
     74.401    -0.5402   2.808028    -0.5475   2.807846    7.06432    -0.0211    13.8155 0.0000e+00  -61.22583  -54.41183 1152910230 195.868421    34.2894      36783         19  0.000e+00
     74.382    -0.5411   2.807948    -0.5479   2.807841    7.06448     0.0219    13.8155 0.0000e+00  -61.22583  -54.41183 1152910230 195.868422    34.2893      36784         19  0.000e+00
     74.401    -0.5418   2.807759    -0.5474   2.807841    7.06473     0.0219    13.8155 0.0000e+00  -61.22583  -54.41183 1152910230 195.868422    34.2876      36785         19  0.000e+00
     74.305    -0.5451   2.807534    -0.5478   2.807841    7.06993     0.0004    13.8155 0.0000e+00  -61.22583  -54.41183 1152910230 195.868423    34.2884      36786         19  0.000e+00
     74.334    -0.5478   2.807375    -0.5482   2.807823    7.07044    -0.0104    13.8155 0.0000e+00  -61.22583  -54.41183 1152910230 195.868423    34.2893      36787         19  0.000e+00
     74.305    -0.5489   2.807259    -0.5482   2.807835    7.06597     0.0004    13.8155 0.0000e+00  -61.22583  -54.41183 1152910230 195.868424    34.2890      36788         19  0.000e+00
     74.258    -0.5490   2.807196    -0.5483   2.807841    7.07065    -0.0319    13.8155 0.0000e+00  -61.22583  -54.41183 1152910230 195.868424    34.2883      36789         19  0.000e+00
     74.172    -0.5506   2.807100    -0.5485   2.807841    7.07086    -0.0534    13.8155 0.0000e+00  -61.22583  -54.41183 1152910230 195.868424    34.2889      36790         19  0.000e+00
     74.191    -0.5534   2.806922    -0.5485   2.807823    7.07138    -0.0319    13.8155 0.0000e+00  -61.22583  -54.41183 1152910230 195.868425    34.2895      36791         20  0.000e+00
     74.239    -0.5556   2.806749    -0.5484   2.807835    7.06718     0.0219    13.8155 0.0000e+00  -61.22583  -54.41183 1152910230 195.868425    34.2897      36792         20  0.000e+00
     74.258    -0.5571   2.806541    -0.5485   2.807817    7.06755     0.0542    13.8155 0.0000e+00  -61.22583  -54.41183 1152910230 195.868426    34.2886      36793         20  0.000e+00
     74.048    -0.5585   2.806455    -0.5483   2.807812    7.06760     0.0327    13.8155 0.0000e+00  -61.22583  -54.41183 1152910230 195.868426    34.2891      36794         20  0.000e+00
     74.172    -0.5590   2.806375    -0.5482   2.807771    7.07252     0.0004    13.8155 0.0000e+00  -61.22583  -54.41183 1152910230 195.868427    34.2886      36795         20  0.000e+00
     74.124    -0.5600   2.806266    -0.5482   2.807800    7.07269     0.0004    13.8155 0.0000e+00  -61.22583  -54.41183 1152910230 195.868427    34.2883      36796         20  0.000e+00
     74.096    -0.5615   2.806071    -0.5483   2.807835    7.06832     0.0327    13.8155 0.0000e+00  -61.22583  -54.41183 1152910230 195.868428    34.2873      36797         20  0.000e+00
     74.048    -0.5638   2.805965    -0.5483   2.807800    7.06867     0.0112    13.8155 0.0000e+00  -61.22583  -54.41183 1152910231 195.868428    34.2885      36798         20  0.000e+00
     74.096    -0.5646   2.805928    -0.5486   2.807806    7.06885     0.0112    13.8155 0.0000e+00  -61.22583  -54.41183 1152910231 195.868429    34.2889      36799         20  0.000e+00
     73.981    -0.5659   2.805855    -0.5489   2.807771    7.06898     0.0004    13.8155 0.0000e+00  -61.22583  -54.41183 1152910231 195.868429    34.2895      36800         20  0.000e+00
     74.029    -0.5666   2.805816    -0.5505   2.807620    7.06914    -0.0319    13.8155 0.0000e+00  -61.22583  -54.41183 1152910231 195.868430    34.2897      36801         20  0.000e+00
     73.981    -0.5661   2.805812    -0.5518   2.807375    7.07371     0.0004    13.8155 0.0000e+00  -61.22583  -54.41183 1152910231 195.868430    34.2892      36802         20  0.000e+00
     74.029    -0.5663   2.805862    -0.5528   2.807125    7.06907     0.0434    13.8155 0.0000e+00  -61.22583  -54.41183 1152910231 195.868431    34.2900      36803         20  0.000e+00
     73.914    -0.5647   2.805965    -0.5537   2.806985    7.06867     0.0219    13.8155 0.0000e+00  -61.22583  -54.41183 1152910231 195.868431    34.2897      36804         20  0.000e+00
     73.962    -0.5625   2.806008    -0.5570   2.806892    7.07306     0.0219    13.8155 0.0000e+00  -61.22583  -54.41183 1152910231 195.868432    34.2877      36805         20  0.000e+00
     73.981    -0.5624   2.805998    -0.5577   2.806857    7.07306     0.0004    13.8155 0.0000e+00  -61.22583  -54.41183 1152910231 195.868432    34.2874      36806         20  0.000e+00
     73.886    -0.5633   2.806024    -0.5560   2.806915    7.07308     0.0219    13.8155 0.0000e+00  -61.22583  -54.41183 1152910231 195.868433    34.2889      36807         20  0.000e+00
     73.915    -0.5633   2.806037    -0.5550   2.806933    7.07310     0.0327    13.8155 0.0000e+00  -61.22583  -54.41183 1152910231 195.868433    34.2891      36808         20  0.000e+00
     73.838    -0.5644   2.806071    -0.5545   2.806973    7.06848     0.0327    13.8155 0.0000e+00  -61.22583  -54.41183 1152910231 195.868434    34.2908      36809         20  0.000e+00
     73.886    -0.5643   2.806167    -0.5553   2.806967    7.06844     0.0542    13.8155 0.0000e+00  -61.22583  -54.41183 1152910231 195.868434    34.2919      36810         20  0.000e+00
     73.838    -0.5622   2.806312    -0.5559   2.806997    7.06801     0.0112    13.8155 0.0000e+00  -61.22583  -54.41183 1152910231 195.868435    34.2916      36811         20  0.000e+00
     73.886    -0.5602   2.806385    -0.5548   2.807066    7.07241     0.0112    13.8155 0.0000e+00  -61.22583  -54.41183 1152910231 195.868435    34.2903      36812         20  0.000e+00
