product_data/regression_test/downloaded_data/MGDS/320620060703/ctd/p6617802.cnv
* Sea-Bird SBE 9 Data File:
* FileName = D:\Data\Raw\p6617802.dat
* Software Version Seasave Win32 V 5.32
* Temperature SN = 1649
* Conductivity SN = 1431
* Number of Bytes Per Scan = 37
* Number of Voltage Words = 5
* Number of Scans Averaged by the Deck Unit = 1
* NMEA Latitude = 60 36.99 S
* NMEA Longitude = 054 31.80 W
* NMEA UTC (Time) = 00:34:19
** Ship:   Nathaniel B. Palmer 
** Cruise:    NBP0606 
# nquan = 15
# nvalues = 1000                        
# units = specified
# name 0 = prDM: Pressure, Digiquartz [db]
# name 1 = t090C: Temperature [ITS-90, deg C]
# name 2 = c0S/m: Conductivity [S/m]
# name 3 = t190C: Temperature, 2 [ITS-90, deg C]
# name 4 = c1S/m: Conductivity, 2 [S/m]
# name 5 = sbeox0ML/L: Oxygen, SBE 43 [ml/l]
# name 6 = flECO-AFL: Fluorescence, Wetlab ECO-AFL/FL [mg/m^3]
# name 7 = bat: Beam Attenuation, Chelsea/Seatech/Wetlab CStar [1/m]
# name 8 = spar: SPAR/Surface Irradiance
# name 9 = latitude: Latitude [deg]
# name 10 = longitude: Longitude [deg]
# name 11 = timeY: Time, System [seconds]
# name 12 = timeJ: Julian Days
# name 13 = sal00: Salinity [PSU]
# name 14 = flag: flag
# span 0 =      3.000,   1002.000       
# span 1 =    -0.6984,     1.9503       
# span 2 =   2.787808,   3.069223       
# span 3 =    -0.6977,     1.9507       
# span 4 =   2.788530,   3.069490       
# span 5 =    4.42317,    7.62227       
# span 6 =    -0.1051,     0.4051       
# span 7 =    13.8155,    13.8155       
# span 8 = -6.842e-03, 1.9168e-01       
# span 9 =  -60.61650,  -60.61650       
# span 10 =  -54.53000,  -54.53000      
# span 11 = 1153528470, 1153529838      
# span 12 = 203.023967, 203.039811      
# span 13 =    34.1885,    34.7154      
# span 14 = 0.0000e+00, 0.0000e+00      
# interval = decibars: 1                
# start_time = Jul 22 2006 00:34:27
# bad_flag = -9.990e-29
*END*
[from data line 290]
    293.000     0.3357   2.904011     0.3374   2.904262    6.06817    -0.0479    13.8155 0.0000e+00  -60.61650  -54.53000 1153528940 203.029426    34.4431 0.0000e+00
    294.000     0.3534   2.905800     0.3555   2.906055    6.03466    -0.0327    13.8155 0.0000e+00  -60.61650  -54.53000 1153528941 203.029435    34.4463 0.0000e+00
    295.000     0.3983   2.910287     0.4021   2.910499    6.00231    -0.0447    13.8155 0.0000e+00  -60.61650  -54.53000 1153528942 203.029443    34.4542 0.0000e+00
    296.000     0.4504   2.915300     0.4533   2.915414    5.96861    -0.0523    13.8155 0.0000e+00  -60.61650  -54.53000 1153528943 203.029451    34.4596 0.0000e+00
    297.000     0.5045   2.920471     0.5071   2.920590    5.93902    -0.0522    13.8155 0.0000e+00  -60.61650  -54.53000 1153528943 203.029459    34.4649 0.0000e+00
    298.000     0.5275   2.922601     0.5289   2.922792    5.90560    -0.0615    13.8155 0.0000e+00  -60.61650  -54.53000 1153528944 203.029469    34.4659 0.0000e+00
    299.000     0.5339   2.923307     0.5359   2.923635    5.84914    -0.0473    13.8155 0.0000e+00  -60.61650  -54.53000 1153528946 203.029492    34.4690 0.0000e+00
    300.000     0.5392   2.923864     0.5416   2.924197    5.80609    -0.0510    13.8155 0.0000e+00  -60.61650  -54.53000 1153528948 203.029516    34.4713 0.0000e+00
    301.000     0.5853   2.928394     0.5917   2.928928    5.76919    -0.0457    13.8155 0.0000e+00  -60.61650  -54.53000 1153528950 203.029534    34.4785 0.0000e+00
    302.000     0.6257   2.932199     0.6263   2.932317    5.74587    -0.0479    13.8155 0.0000e+00  -60.61650  -54.53000 1153528951 203.029548    34.4815 0.0000e+00
    303.000     0.6328   2.932905     0.6337   2.933092    5.72701    -0.0448    13.8155 0.0000e+00  -60.61650  -54.53000 1153528952 203.029560    34.4826 0.0000e+00
    304.000     0.6399   2.933609     0.6409   2.933809    5.71183    -0.0419    13.8155 0.0000e+00  -60.61650  -54.53000 1153528953 203.029570    34.4836 0.0000e+00
    305.000     0.6570   2.935236     0.6534   2.934989    5.68705    -0.0529    13.8155 0.0000e+00  -60.61650  -54.53000 1153528954 203.029586    34.4855 0.0000e+00
    306.000     0.6631   2.935854     0.6615   2.935847    5.65953    -0.0511    13.8155 0.0000e+00  -60.61650  -54.53000 1153528956 203.029609    34.4871 0.0000e+00
    307.000     0.6772   2.937261     0.6755   2.937186    5.63924    -0.0503    13.8155 0.0000e+00  -60.61650  -54.53000 1153528957 203.029622    34.4893 0.0000e+00
    308.000     0.7071   2.940274     0.7144   2.940825    5.61836    -0.0600    13.8155 0.0000e+00  -60.61650  -54.53000 1153528958 203.029631    34.4949 0.0000e+00
    309.000     0.7567   2.944926     0.7587   2.945007    5.59853    -0.0685    13.8155 0.0000e+00  -60.61650  -54.53000 1153528959 203.029639    34.4980 0.0000e+00
    310.000     0.8099   2.950087     0.8136   2.950129    5.58099    -0.0751    13.8155 0.0000e+00  -60.61650  -54.53000 1153528960 203.029647    34.5046 0.0000e+00
    311.000     0.8451   2.953207     0.8474   2.953406    5.55734    -0.0514    13.8155 0.0000e+00  -60.61650  -54.53000 1153528960 203.029656    34.5036 0.0000e+00
    312.000     0.7947   2.948456     0.8193   2.950927    5.48390    -0.0595    13.8155 0.0000e+00  -60.61650  -54.53000 1153528963 203.029689    34.5011 0.0000e+00
    313.000     0.7931   2.948365     0.8048   2.949569    5.37417    -0.0625    13.8155 0.0000e+00  -60.61650  -54.53000 1153528966 203.029719    34.5026 0.0000e+00
    314.000     1.0568   2.974880     1.0803   2.974801    5.27769    -0.0423    13.8155 0.0000e+00  -60.61650  -54.53000 1153528967 203.029728    34.5515 0.0000e+00
    315.000     1.3008   2.997053     1.3083   2.996799    5.19365    -0.0506    13.8155 0.0000e+00  -60.61650  -54.53000 1153528967 203.029737    34.5530 0.0000e+00
    316.000     1.4441   3.010702     1.4491   3.010482    5.12480    -0.0592    13.8155 0.0000e+00  -60.61650  -54.53000 1153528968 203.029745    34.5641 0.0000e+00
    317.000     1.4595   3.011906     1.4604   3.011756    5.06962    -0.0567    13.8155 0.0000e+00  -60.61650  -54.53000 1153528969 203.029753    34.5621 0.0000e+00
    318.000     1.4609   3.012085     1.4622   3.012037    5.02461    -0.0511    13.8155 0.0000e+00  -60.61650  -54.53000 1153528969 203.029761    34.5639 0.0000e+00
    319.000     1.4575   3.011779     1.4583   3.011763    4.96979    -0.0628    13.8155 0.0000e+00  -60.61650  -54.53000 1153528970 203.029773    34.5655 0.0000e+00
    320.000     1.4472   3.010692     1.4495   3.010938    4.89444    -0.0595    13.8155 0.0000e+00  -60.61650  -54.53000 1153528973 203.029799    34.5666 0.0000e+00
    321.000     1.4367   3.009916     1.4442   3.010358    4.84509    -0.0443    13.8155 0.0000e+00  -60.61650  -54.53000 1153528975 203.029824    34.5717 0.0000e+00
    322.000     1.5165   3.017611     1.5226   3.017874    4.80127    -0.0589    13.8155 0.0000e+00  -60.61650  -54.53000 1153528976 203.029838    34.5801 0.0000e+00
    323.000     1.6072   3.026318     1.6031   3.025632    4.76554    -0.0531    13.8155 0.0000e+00  -60.61650  -54.53000 1153528977 203.029850    34.5883 0.0000e+00
    324.000     1.6205   3.027518     1.6206   3.027481    4.73409    -0.0545    13.8155 0.0000e+00  -60.61650  -54.53000 1153528978 203.029862    34.5887 0.0000e+00
    325.000     1.6250   3.028027     1.6246   3.027883    4.70891    -0.0569    13.8155 0.0000e+00  -60.61650  -54.53000 1153528979 203.029873    34.5910 0.0000e+00
    326.000     1.6476   3.030170     1.6492   3.030244    4.68665    -0.0513    13.8155 0.0000e+00  -60.61650  -54.53000 1153528980 203.029885    34.5930 0.0000e+00
    327.000     1.6605   3.031458     1.6624   3.031565    4.65959    -0.0539    13.8155 0.0000e+00  -60.61650  -54.53000 1153528981 203.029896    34.5952 0.0000e+00
    328.000     1.6943   3.034740     1.6981   3.035008    4.63383    -0.0590    13.8155 0.0000e+00  -60.61650  -54.53000 1153528982 203.029911    34.5994 0.0000e+00
    329.000     1.7086   3.036090     1.7093   3.036143    4.60408    -0.0605    13.8155 0.0000e+00  -60.61650  -54.53000 1153528984 203.029931    34.6011 0.0000e+00
    330.000     1.7536   3.040641     1.7570   3.040698    4.57702    -0.0593    13.8155 0.0000e+00  -60.61650  -54.53000 1153528985 203.029946    34.6090 0.0000e+00
    331.000     1.7902   3.044098     1.7923   3.044263    4.55762    -0.0486    13.8155 0.0000e+00  -60.61650  -54.53000 1153528987 203.029960    34.6110 0.0000e+00
    332.000     1.7940   3.044506     1.7945   3.044560    4.53894    -0.0545    13.8155 0.0000e+00  -60.61650  -54.53000 1153528988 203.029975    34.6122 0.0000e+00
    333.000     1.8044   3.045593     1.8080   3.045871    4.52662    -0.0536    13.8155 0.0000e+00  -60.61650  -54.53000 1153528989 203.029988    34.6145 0.0000e+00
    334.000     1.8083   3.045957     1.8117   3.046315    4.51439    -0.0545    13.8155 0.0000e+00  -60.61650  -54.53000 1153528990 203.030002    34.6148 0.0000e+00
    335.000     1.8163   3.046766     1.8195   3.047101    4.50593    -0.0605    13.8155 0.0000e+00  -60.61650  -54.53000 1153528991 203.030015    34.6163 0.0000e+00
    336.000     1.8321   3.048308     1.8314   3.048235    4.49511    -0.0587    13.8155 0.0000e+00  -60.61650  -54.53000 1153528993 203.030029    34.6178 0.0000e+00
    337.000     1.8305   3.048249     1.8353   3.048678    4.48281    -0.0719    13.8155 0.0000e+00  -60.61650  -54.53000 1153528994 203.030042    34.6193 0.0000e+00
    338.000     1.8558   3.050666     1.8627   3.051338    4.46712    -0.0553    13.8155 0.0000e+00  -60.61650  -54.53000 1153528995 203.030054    34.6207 0.0000e+00
    339.000     1.8724   3.052381     1.8726   3.052303    4.45333    -0.0516    13.8155 0.0000e+00  -60.61650  -54.53000 1153528996 203.030067    34.6241 0.0000e+00
    340.000     1.9004   3.055078     1.9009   3.055136    4.43522    -0.0546    13.8155 0.0000e+00  -60.61650  -54.53000 1153528998 203.030087    34.6262 0.0000e+00
    341.000     1.9172   3.056775     1.9136   3.056413    4.42511    -0.0566    13.8155 0.0000e+00  -60.61650  -54.53000 1153528999 203.030108    34.6291 0.0000e+00
    342.000     1.9136   3.056393     1.9133   3.056525    4.42317    -0.0670    13.8155 0.0000e+00  -60.61650  -54.53000 1153529001 203.030122    34.6276 0.0000e+00
    343.000     1.8943   3.054652     1.8935   3.054671    4.42394    -0.0653    13.8155 0.0000e+00  -60.61650  -54.53000 1153529002 203.030133    34.6277 0.0000e+00
    344.000     1.9024   3.055504     1.9012   3.055438    4.43308    -0.0608    13.8155 0.0000e+00  -60.61650  -54.53000 1153529003 203.030146    34.6291 0.0000e+00
    345.000     1.8955   3.054902     1.8946   3.054935    4.43580    -0.0694    13.8155 0.0000e+00  -60.61650  -54.53000 1153529004 203.030161    34.6287 0.0000e+00
    346.000     1.8855   3.054014     1.8856   3.054155    4.44997    -0.0476    13.8155 0.0000e+00  -60.61650  -54.53000 1153529005 203.030176    34.6285 0.0000e+00
    347.000     1.8770   3.053375     1.8780   3.053584    4.46745    -0.0569    13.8155 0.0000e+00  -60.61650  -54.53000 1153529006 203.030187    34.6289 0.0000e+00
    348.000     1.7920   3.045343     1.7916   3.045498    4.48390    -0.0652    13.8155 0.0000e+00  -60.61650  -54.53000 1153529007 203.030197    34.6236 0.0000e+00
    349.000     1.7801   3.044192     1.7838   3.044777    4.50022    -0.0579    13.8155 0.0000e+00  -60.61650  -54.53000 1153529008 203.030207    34.6214 0.0000e+00
    350.000     1.7649   3.042816     1.7632   3.042870    4.52102    -0.0651    13.8155 0.0000e+00  -60.61650  -54.53000 1153529009 203.030223    34.6204 0.0000e+00
    351.000     1.7401   3.040442     1.7363   3.040336    4.55319    -0.0691    13.8155 0.0000e+00  -60.61650  -54.53000 1153529012 203.030249    34.6169 0.0000e+00
    352.000     1.7148   3.038260     1.7152   3.038559    4.57926    -0.0573    13.8155 0.0000e+00  -60.61650  -54.53000 1153529013 203.030269    34.6167 0.0000e+00
    353.000     1.6784   3.034885     1.6770   3.035100    4.60476    -0.0760    13.8155 0.0000e+00  -60.61650  -54.53000 1153529014 203.030282    34.6140 0.0000e+00
    354.000     1.6466   3.031948     1.6489   3.032520    4.61520    -0.0435    13.8155 0.0000e+00  -60.61650  -54.53000 1153529015 203.030293    34.6116 0.0000e+00
    355.000     1.6430   3.031807     1.6433   3.032003    4.62143    -0.0646    13.8155 0.0000e+00  -60.61650  -54.53000 1153529016 203.030303    34.6136 0.0000e+00
    356.000     1.6533   3.032969     1.6564   3.033322    4.62914    -0.0536    13.8155 0.0000e+00  -60.61650  -54.53000 1153529017 203.030314    34.6159 0.0000e+00
    357.000     1.6405   3.031769     1.6395   3.032124    4.63506    -0.0553    13.8155 0.0000e+00  -60.61650  -54.53000 1153529018 203.030325    34.6129 0.0000e+00
    358.000     1.6223   3.030355     1.6238   3.030653    4.64022    -0.0536    13.8155 0.0000e+00  -60.61650  -54.53000 1153529019 203.030339    34.6156 0.0000e+00
    359.000     1.6329   3.031432     1.6344   3.031722    4.64301    -0.0581    13.8155 0.0000e+00  -60.61650  -54.53000 1153529021 203.030354    34.6162 0.0000e+00
    360.000     1.6485   3.032960     1.6469   3.032973    4.64840    -0.0652    13.8155 0.0000e+00  -60.61650  -54.53000 1153529023 203.030381    34.6167 0.0000e+00
    361.000     1.6525   3.033546     1.6527   3.033749    4.65453    -0.0709    13.8155 0.0000e+00  -60.61650  -54.53000 1153529025 203.030401    34.6186 0.0000e+00
    362.000     1.6560   3.034008     1.6561   3.034218    4.65905    -0.0694    13.8155 0.0000e+00  -60.61650  -54.53000 1153529025 203.030410    34.6197 0.0000e+00
    363.000     1.6412   3.032648     1.6410   3.032919    4.66151    -0.0644    13.8155 0.0000e+00  -60.61650  -54.53000 1153529026 203.030419    34.6185 0.0000e+00
    364.000     1.6221   3.030897     1.6223   3.031229    4.66484    -0.0517    13.8155 0.0000e+00  -60.61650  -54.53000 1153529027 203.030426    34.6173 0.0000e+00
    365.000     1.6172   3.030505     1.6170   3.030753    4.66749    -0.0787    13.8155 0.0000e+00  -60.61650  -54.53000 1153529028 203.030434    34.6172 0.0000e+00
    366.000     1.6109   3.029994     1.6115   3.030291    4.66994    -0.0737    13.8155 0.0000e+00  -60.61650  -54.53000 1153529028 203.030443    34.6173 0.0000e+00
    367.000     1.6118   3.030177     1.6139   3.030543    4.67633    -0.0564    13.8155 0.0000e+00  -60.61650  -54.53000 1153529031 203.030470    34.6176 0.0000e+00
    368.000     1.6291   3.031808     1.6257   3.031685    4.68248    -0.0581    13.8155 0.0000e+00  -60.61650  -54.53000 1153529034 203.030505    34.6179 0.0000e+00
    369.000     1.6170   3.030779     1.6175   3.031039    4.68817    -0.0599    13.8155 0.0000e+00  -60.61650  -54.53000 1153529035 203.030518    34.6179 0.0000e+00
    370.000     1.6173   3.030884     1.6175   3.031097    4.69357    -0.0482    13.8155 0.0000e+00  -60.61650  -54.53000 1153529036 203.030528    34.6182 0.0000e+00
    371.000     1.6172   3.030939     1.6180   3.031180    4.69387    -0.0515    13.8155 0.0000e+00  -60.61650  -54.53000 1153529037 203.030538    34.6185 0.0000e+00
    372.000     1.6203   3.031245     1.6223   3.031662    4.70192    -0.0496    13.8155 0.0000e+00  -60.61650  -54.53000 1153529037 203.030548    34.6180 0.0000e+00
    373.000     1.5970   3.029010     1.6000   3.029656    4.71473    -0.0638    13.8155 0.0000e+00  -60.61650  -54.53000 1153529038 203.030558    34.6151 0.0000e+00
    374.000     1.5849   3.027934     1.5825   3.028074    4.72466    -0.0885    13.8155 0.0000e+00  -60.61650  -54.53000 1153529039 203.030567    34.6144 0.0000e+00
    375.000     1.5286   3.022778     1.5305   3.023244    4.73103    -0.0567    13.8155 0.0000e+00  -60.61650  -54.53000 1153529040 203.030576    34.6105 0.0000e+00
    376.000     1.5289   3.022881     1.5308   3.023317    4.73804    -0.0589    13.8155 0.0000e+00  -60.61650  -54.53000 1153529041 203.030585    34.6129 0.0000e+00
    377.000     1.5291   3.022933     1.5284   3.023127    4.74402    -0.0669    13.8155 0.0000e+00  -60.61650  -54.53000 1153529041 203.030595    34.6122 0.0000e+00
    378.000     1.5467   3.024662     1.5508   3.025257    4.74043    -0.0707    13.8155 0.0000e+00  -60.61650  -54.53000 1153529045 203.030640    34.6127 0.0000e+00
    379.000     1.5469   3.024758     1.5448   3.024797    4.73287    -0.0662    13.8155 0.0000e+00  -60.61650  -54.53000 1153529047 203.030664    34.6130 0.0000e+00
    380.000     1.5640   3.026446     1.5658   3.026864    4.73478    -0.0592    13.8155 0.0000e+00  -60.61650  -54.53000 1153529048 203.030675    34.6141 0.0000e+00
    381.000     1.5458   3.024881     1.5487   3.025324    4.72716    -0.0590    13.8155 0.0000e+00  -60.61650  -54.53000 1153529049 203.030686    34.6149 0.0000e+00
    382.000     1.5928   3.029516     1.6062   3.030757    4.72249    -0.0690    13.8155 0.0000e+00  -60.61650  -54.53000 1153529050 203.030696    34.6203 0.0000e+00
    383.000     1.6277   3.033025     1.6309   3.033204    4.70978    -0.0685    13.8155 0.0000e+00  -60.61650  -54.53000 1153529051 203.030706    34.6252 0.0000e+00
    384.000     1.6631   3.036235     1.6641   3.036600    4.69799    -0.0661    13.8155 0.0000e+00  -60.61650  -54.53000 1153529052 203.030715    34.6239 0.0000e+00
    385.000     1.6471   3.034904     1.6483   3.035208    4.69146    -0.0878    13.8155 0.0000e+00  -60.61650  -54.53000 1153529053 203.030723    34.6254 0.0000e+00
    386.000     1.6505   3.035300     1.6455   3.034931    4.68952    -0.0501    13.8155 0.0000e+00  -60.61650  -54.53000 1153529053 203.030730    34.6264 0.0000e+00
    387.000     1.6598   3.036061     1.6613   3.036489    4.68772    -0.0553    13.8155 0.0000e+00  -60.61650  -54.53000 1153529054 203.030737    34.6240 0.0000e+00
