product_data/regression_test/downloaded_data/MGDS/320620060703/ctd/p6615501.cnv
* Sea-Bird SBE 9 Data File:
* FileName = D:\Data\Raw\p6615501.dat
* Software Version Seasave Win32 V 5.32
* Temperature SN = 1649
* Conductivity SN = 1431
* Number of Bytes Per Scan = 37
* Number of Voltage Words = 5
* Number of Scans Averaged by the Deck Unit = 1
* NMEA Latitude = 60 48.92 S
* NMEA Longitude = 056 09.66 W
* NMEA UTC (Time) = 20:59:11
** Ship:   Nathaniel B. Palmer 
** Cruise:    NBP0606 
# nquan = 15
# nvalues = 1000                        
# units = specified
# name 0 = prDM: Pressure, Digiquartz [db]
# name 1 = t090C: Temperature [ITS-90, deg C]
# name 2 = c0S/m: Conductivity [S/m]
# name 3 = t190C: Temperature, 2 [ITS-90, deg C]
# name 4 = c1S/m: Conductivity, 2 [S/m]
# name 5 = sbeox0ML/L: Oxygen, SBE 43 [ml/l]
# name 6 = flECO-AFL: Fluorescence, Wetlab ECO-AFL/FL [mg/m^3]
# name 7 = bat: Beam Attenuation, Chelsea/Seatech/Wetlab CStar [1/m]
# name 8 = spar: SPAR/Surface Irradiance
# name 9 = latitude: Latitude [deg]
# name 10 = longitude: Longitude [deg]
# name 11 = timeY: Time, System [seconds]
# name 12 = timeJ: Julian Days
# name 13 = sal00: Salinity [PSU]
# name 14 = flag: flag
# span 0 =      2.000,   1001.000       
# span 1 =    -0.6975,     1.2725       
# span 2 =   2.792207,   3.034709       
# span 3 =    -0.6971,     1.2726       
# span 4 =   2.792749,   3.035003       
# span 5 =    4.87740,    7.39173       
# span 6 =    -0.1135,     0.1734       
# span 7 =    13.8155,    13.8155       
# span 8 = 0.0000e+00, 0.0000e+00       
# span 9 =  -60.81533,  -60.81533       
# span 10 =  -56.16100,  -56.16100      
# span 11 = 1153256352, 1153257726      
# span 12 = 199.874445, 199.890371      
# span 13 =    34.2954,    34.7233      
# span 14 = 0.0000e+00, 0.0000e+00      
# interval = decibars: 1                
# start_time = Jul 18 2006 20:59:19
# bad_flag = -9.990e-29
*END*
[from data line 868]
    870.000     1.1335   3.017732     1.1336   3.017985    5.00104    -0.0935    13.8155 0.0000e+00  -60.81533  -56.16100 1153257543 199.888250    34.6999 0.0000e+00
    871.000     1.1365   3.018068     1.1368   3.018349    5.00096    -0.0880    13.8155 0.0000e+00  -60.81533  -56.16100 1153257544 199.888260    34.7005 0.0000e+00
    872.000     1.1370   3.018121     1.1371   3.018427    4.99884    -0.0855    13.8155 0.0000e+00  -60.81533  -56.16100 1153257545 199.888270    34.7000 0.0000e+00
    873.000     1.1340   3.017885     1.1360   3.018375    4.99603    -0.0851    13.8155 0.0000e+00  -60.81533  -56.16100 1153257546 199.888280    34.6998 0.0000e+00
    874.000     1.1448   3.018980     1.1474   3.019485    4.99211    -0.0901    13.8155 0.0000e+00  -60.81533  -56.16100 1153257547 199.888298    34.7013 0.0000e+00
    875.000     1.1574   3.020296     1.1574   3.020519    4.98683    -0.0831    13.8155 0.0000e+00  -60.81533  -56.16100 1153257549 199.888321    34.7036 0.0000e+00
    876.000     1.1660   3.021129     1.1673   3.021499    4.97797    -0.0788    13.8155 0.0000e+00  -60.81533  -56.16100 1153257550 199.888334    34.7038 0.0000e+00
    877.000     1.1682   3.021421     1.1735   3.022187    4.97339    -0.0980    13.8155 0.0000e+00  -60.81533  -56.16100 1153257551 199.888345    34.7050 0.0000e+00
    878.000     1.1729   3.021898     1.1732   3.022189    4.97071    -0.0949    13.8155 0.0000e+00  -60.81533  -56.16100 1153257552 199.888356    34.7049 0.0000e+00
    879.000     1.1740   3.022009     1.1719   3.022102    4.96631    -0.0920    13.8155 0.0000e+00  -60.81533  -56.16100 1153257553 199.888369    34.7047 0.0000e+00
    880.000     1.1946   3.024155     1.1909   3.023946    4.95445    -0.0943    13.8155 0.0000e+00  -60.81533  -56.16100 1153257555 199.888388    34.7087 0.0000e+00
    881.000     1.2126   3.025938     1.2122   3.026114    4.94426    -0.1012    13.8155 0.0000e+00  -60.81533  -56.16100 1153257556 199.888405    34.7106 0.0000e+00
    882.000     1.2150   3.026206     1.2157   3.026511    4.93668    -0.0898    13.8155 0.0000e+00  -60.81533  -56.16100 1153257558 199.888421    34.7109 0.0000e+00
    883.000     1.2233   3.027045     1.2226   3.027231    4.92984    -0.0924    13.8155 0.0000e+00  -60.81533  -56.16100 1153257559 199.888438    34.7119 0.0000e+00
    884.000     1.2287   3.027625     1.2290   3.027909    4.92528    -0.0981    13.8155 0.0000e+00  -60.81533  -56.16100 1153257560 199.888452    34.7129 0.0000e+00
    885.000     1.2422   3.029056     1.2365   3.028676    4.91919    -0.0889    13.8155 0.0000e+00  -60.81533  -56.16100 1153257561 199.888463    34.7157 0.0000e+00
    886.000     1.2431   3.029147     1.2441   3.029471    4.91508    -0.0839    13.8155 0.0000e+00  -60.81533  -56.16100 1153257562 199.888474    34.7152 0.0000e+00
    887.000     1.2562   3.030517     1.2566   3.030754    4.90830    -0.0953    13.8155 0.0000e+00  -60.81533  -56.16100 1153257563 199.888486    34.7175 0.0000e+00
    888.000     1.2622   3.031145     1.2626   3.031434    4.90155    -0.0874    13.8155 0.0000e+00  -60.81533  -56.16100 1153257565 199.888502    34.7183 0.0000e+00
    889.000     1.2630   3.031262     1.2631   3.031546    4.89491    -0.0865    13.8155 0.0000e+00  -60.81533  -56.16100 1153257567 199.888522    34.7187 0.0000e+00
    890.000     1.2631   3.031348     1.2636   3.031654    4.89260    -0.0783    13.8155 0.0000e+00  -60.81533  -56.16100 1153257568 199.888537    34.7193 0.0000e+00
    891.000     1.2634   3.031416     1.2638   3.031719    4.89082    -0.0894    13.8155 0.0000e+00  -60.81533  -56.16100 1153257569 199.888549    34.7194 0.0000e+00
    892.000     1.2626   3.031398     1.2633   3.031727    4.88970    -0.0832    13.8155 0.0000e+00  -60.81533  -56.16100 1153257570 199.888561    34.7196 0.0000e+00
    893.000     1.2620   3.031403     1.2625   3.031716    4.88678    -0.0845    13.8155 0.0000e+00  -60.81533  -56.16100 1153257571 199.888574    34.7200 0.0000e+00
    894.000     1.2621   3.031452     1.2625   3.031754    4.88734    -0.0949    13.8155 0.0000e+00  -60.81533  -56.16100 1153257573 199.888596    34.7200 0.0000e+00
    895.000     1.2623   3.031513     1.2626   3.031821    4.88622    -0.0900    13.8155 0.0000e+00  -60.81533  -56.16100 1153257575 199.888617    34.7202 0.0000e+00
    896.000     1.2624   3.031561     1.2627   3.031880    4.88395    -0.0870    13.8155 0.0000e+00  -60.81533  -56.16100 1153257576 199.888629    34.7202 0.0000e+00
    897.000     1.2625   3.031621     1.2628   3.031937    4.88296    -0.0810    13.8155 0.0000e+00  -60.81533  -56.16100 1153257577 199.888639    34.7203 0.0000e+00
    898.000     1.2613   3.031544     1.2617   3.031867    4.88066    -0.0982    13.8155 0.0000e+00  -60.81533  -56.16100 1153257577 199.888648    34.7201 0.0000e+00
    899.000     1.2607   3.031533     1.2609   3.031828    4.88190    -0.0850    13.8155 0.0000e+00  -60.81533  -56.16100 1153257578 199.888660    34.7202 0.0000e+00
    900.000     1.2605   3.031558     1.2611   3.031903    4.88291    -0.0946    13.8155 0.0000e+00  -60.81533  -56.16100 1153257580 199.888676    34.7202 0.0000e+00
    901.000     1.2608   3.031655     1.2613   3.031977    4.88184    -0.0970    13.8155 0.0000e+00  -60.81533  -56.16100 1153257581 199.888691    34.7205 0.0000e+00
    902.000     1.2614   3.031773     1.2619   3.032101    4.88140    -0.0775    13.8155 0.0000e+00  -60.81533  -56.16100 1153257582 199.888705    34.7208 0.0000e+00
    903.000     1.2605   3.031710     1.2612   3.032058    4.88157    -0.0937    13.8155 0.0000e+00  -60.81533  -56.16100 1153257584 199.888726    34.7205 0.0000e+00
    904.000     1.2622   3.031937     1.2630   3.032293    4.88278    -0.0850    13.8155 0.0000e+00  -60.81533  -56.16100 1153257586 199.888748    34.7210 0.0000e+00
    905.000     1.2638   3.032159     1.2644   3.032497    4.88116    -0.0981    13.8155 0.0000e+00  -60.81533  -56.16100 1153257587 199.888760    34.7214 0.0000e+00
    906.000     1.2632   3.032137     1.2632   3.032442    4.88102    -0.0835    13.8155 0.0000e+00  -60.81533  -56.16100 1153257588 199.888770    34.7213 0.0000e+00
    907.000     1.2644   3.032304     1.2643   3.032579    4.87963    -0.0824    13.8155 0.0000e+00  -60.81533  -56.16100 1153257589 199.888779    34.7216 0.0000e+00
    908.000     1.2660   3.032513     1.2663   3.032810    4.88005    -0.0799    13.8155 0.0000e+00  -60.81533  -56.16100 1153257590 199.888789    34.7217 0.0000e+00
    909.000     1.2661   3.032572     1.2667   3.032892    4.88140    -0.0949    13.8155 0.0000e+00  -60.81533  -56.16100 1153257592 199.888813    34.7219 0.0000e+00
    910.000     1.2656   3.032562     1.2659   3.032898    4.88195    -0.0777    13.8155 0.0000e+00  -60.81533  -56.16100 1153257593 199.888830    34.7218 0.0000e+00
    911.000     1.2656   3.032612     1.2660   3.032921    4.88222    -0.0908    13.8155 0.0000e+00  -60.81533  -56.16100 1153257594 199.888841    34.7219 0.0000e+00
    912.000     1.2657   3.032664     1.2659   3.032966    4.88094    -0.0948    13.8155 0.0000e+00  -60.81533  -56.16100 1153257595 199.888851    34.7219 0.0000e+00
    913.000     1.2657   3.032710     1.2663   3.033047    4.87918    -0.0989    13.8155 0.0000e+00  -60.81533  -56.16100 1153257596 199.888865    34.7219 0.0000e+00
    914.000     1.2662   3.032798     1.2667   3.033120    4.87926    -0.0934    13.8155 0.0000e+00  -60.81533  -56.16100 1153257598 199.888887    34.7219 0.0000e+00
    915.000     1.2663   3.032841     1.2666   3.033175    4.88017    -0.0850    13.8155 0.0000e+00  -60.81533  -56.16100 1153257600 199.888906    34.7219 0.0000e+00
    916.000     1.2656   3.032831     1.2660   3.033158    4.88130    -0.0862    13.8155 0.0000e+00  -60.81533  -56.16100 1153257601 199.888921    34.7220 0.0000e+00
    917.000     1.2658   3.032894     1.2662   3.033215    4.88124    -0.0962    13.8155 0.0000e+00  -60.81533  -56.16100 1153257602 199.888937    34.7220 0.0000e+00
    918.000     1.2662   3.032975     1.2666   3.033299    4.88051    -0.0991    13.8155 0.0000e+00  -60.81533  -56.16100 1153257603 199.888950    34.7220 0.0000e+00
    919.000     1.2662   3.033014     1.2664   3.033337    4.87943    -0.0797    13.8155 0.0000e+00  -60.81533  -56.16100 1153257604 199.888960    34.7220 0.0000e+00
    920.000     1.2658   3.033025     1.2662   3.033348    4.87898    -0.0802    13.8155 0.0000e+00  -60.81533  -56.16100 1153257605 199.888970    34.7220 0.0000e+00
    921.000     1.2657   3.033052     1.2659   3.033376    4.87848    -0.0948    13.8155 0.0000e+00  -60.81533  -56.16100 1153257606 199.888980    34.7220 0.0000e+00
    922.000     1.2660   3.033121     1.2663   3.033449    4.87890    -0.0921    13.8155 0.0000e+00  -60.81533  -56.16100 1153257608 199.888998    34.7220 0.0000e+00
    923.000     1.2665   3.033213     1.2669   3.033532    4.87931    -0.0891    13.8155 0.0000e+00  -60.81533  -56.16100 1153257610 199.889024    34.7220 0.0000e+00
    924.000     1.2666   3.033264     1.2670   3.033590    4.87740    -0.0998    13.8155 0.0000e+00  -60.81533  -56.16100 1153257611 199.889043    34.7220 0.0000e+00
    925.000     1.2664   3.033296     1.2668   3.033612    4.87747    -0.1081    13.8155 0.0000e+00  -60.81533  -56.16100 1153257613 199.889057    34.7220 0.0000e+00
    926.000     1.2659   3.033287     1.2660   3.033605    4.87790    -0.0918    13.8155 0.0000e+00  -60.81533  -56.16100 1153257614 199.889069    34.7220 0.0000e+00
    927.000     1.2657   3.033325     1.2660   3.033658    4.87809    -0.0877    13.8155 0.0000e+00  -60.81533  -56.16100 1153257615 199.889080    34.7221 0.0000e+00
    928.000     1.2659   3.033382     1.2661   3.033707    4.87840    -0.0870    13.8155 0.0000e+00  -60.81533  -56.16100 1153257616 199.889090    34.7221 0.0000e+00
    929.000     1.2656   3.033415     1.2660   3.033742    4.87984    -0.0942    13.8155 0.0000e+00  -60.81533  -56.16100 1153257616 199.889100    34.7222 0.0000e+00
    930.000     1.2659   3.033464     1.2663   3.033796    4.88274    -0.0865    13.8155 0.0000e+00  -60.81533  -56.16100 1153257618 199.889114    34.7220 0.0000e+00
    931.000     1.2658   3.033512     1.2662   3.033830    4.88154    -0.0971    13.8155 0.0000e+00  -60.81533  -56.16100 1153257620 199.889140    34.7221 0.0000e+00
    932.000     1.2658   3.033548     1.2660   3.033868    4.88144    -0.0996    13.8155 0.0000e+00  -60.81533  -56.16100 1153257621 199.889156    34.7221 0.0000e+00
    933.000     1.2657   3.033578     1.2661   3.033912    4.88212    -0.0927    13.8155 0.0000e+00  -60.81533  -56.16100 1153257622 199.889169    34.7220 0.0000e+00
    934.000     1.2659   3.033636     1.2661   3.033949    4.88150    -0.0917    13.8155 0.0000e+00  -60.81533  -56.16100 1153257623 199.889182    34.7220 0.0000e+00
    935.000     1.2670   3.033758     1.2668   3.034036    4.87940    -0.0950    13.8155 0.0000e+00  -60.81533  -56.16100 1153257625 199.889195    34.7217 0.0000e+00
    936.000     1.2668   3.033794     1.2673   3.034133    4.87905    -0.0775    13.8155 0.0000e+00  -60.81533  -56.16100 1153257626 199.889209    34.7218 0.0000e+00
    937.000     1.2668   3.033821     1.2670   3.034142    4.88072    -0.0943    13.8155 0.0000e+00  -60.81533  -56.16100 1153257627 199.889223    34.7217 0.0000e+00
    938.000     1.2671   3.033884     1.2674   3.034217    4.88414    -0.0943    13.8155 0.0000e+00  -60.81533  -56.16100 1153257628 199.889237    34.7216 0.0000e+00
    939.000     1.2665   3.033887     1.2669   3.034210    4.88593    -0.0945    13.8155 0.0000e+00  -60.81533  -56.16100 1153257630 199.889253    34.7217 0.0000e+00
    940.000     1.2665   3.033925     1.2669   3.034243    4.88627    -0.0863    13.8155 0.0000e+00  -60.81533  -56.16100 1153257631 199.889267    34.7216 0.0000e+00
    941.000     1.2661   3.033906     1.2665   3.034245    4.88505    -0.0932    13.8155 0.0000e+00  -60.81533  -56.16100 1153257632 199.889281    34.7213 0.0000e+00
    942.000     1.2665   3.034007     1.2668   3.034321    4.88352    -0.0837    13.8155 0.0000e+00  -60.81533  -56.16100 1153257633 199.889296    34.7216 0.0000e+00
    943.000     1.2666   3.034034     1.2670   3.034364    4.88311    -0.0902    13.8155 0.0000e+00  -60.81533  -56.16100 1153257635 199.889313    34.7212 0.0000e+00
    944.000     1.2715   3.034505     1.2723   3.034836    4.88595    -0.0861    13.8155 0.0000e+00  -60.81533  -56.16100 1153257637 199.889335    34.7212 0.0000e+00
    945.000     1.2725   3.034630     1.2726   3.034956    4.88581    -0.1010    13.8155 0.0000e+00  -60.81533  -56.16100 1153257638 199.889348    34.7211 0.0000e+00
    946.000     1.2709   3.034555     1.2710   3.034882    4.88430    -0.0837    13.8155 0.0000e+00  -60.81533  -56.16100 1153257639 199.889358    34.7214 0.0000e+00
    947.000     1.2721   3.034709     1.2722   3.035003    4.88460    -0.0953    13.8155 0.0000e+00  -60.81533  -56.16100 1153257639 199.889367    34.7215 0.0000e+00
    948.000     1.2700   3.034558     1.2708   3.034959    4.88416    -0.0830    13.8155 0.0000e+00  -60.81533  -56.16100 1153257640 199.889376    34.7213 0.0000e+00
    949.000     1.2645   3.034158     1.2642   3.034470    4.88601    -0.0890    13.8155 0.0000e+00  -60.81533  -56.16100 1153257641 199.889388    34.7220 0.0000e+00
    950.000     1.2636   3.034152     1.2665   3.034670    4.88563    -0.0904    13.8155 0.0000e+00  -60.81533  -56.16100 1153257644 199.889421    34.7224 0.0000e+00
    951.000     1.2538   3.033437     1.2540   3.033739    4.88477    -0.0901    13.8155 0.0000e+00  -60.81533  -56.16100 1153257645 199.889435    34.7230 0.0000e+00
    952.000     1.2530   3.033374     1.2532   3.033707    4.88298    -0.0917    13.8155 0.0000e+00  -60.81533  -56.16100 1153257646 199.889447    34.7232 0.0000e+00
    953.000     1.2531   3.033433     1.2533   3.033770    4.88187    -0.1032    13.8155 0.0000e+00  -60.81533  -56.16100 1153257647 199.889459    34.7233 0.0000e+00
    954.000     1.2535   3.033510     1.2538   3.033843    4.88285    -0.0917    13.8155 0.0000e+00  -60.81533  -56.16100 1153257649 199.889474    34.7232 0.0000e+00
    955.000     1.2540   3.033587     1.2542   3.033917    4.88352    -0.1049    13.8155 0.0000e+00  -60.81533  -56.16100 1153257650 199.889490    34.7231 0.0000e+00
    956.000     1.2541   3.033642     1.2542   3.033980    4.88388    -0.0953    13.8155 0.0000e+00  -60.81533  -56.16100 1153257651 199.889503    34.7231 0.0000e+00
    957.000     1.2538   3.033663     1.2541   3.033999    4.88411    -0.0828    13.8155 0.0000e+00  -60.81533  -56.16100 1153257652 199.889515    34.7230 0.0000e+00
    958.000     1.2523   3.033566     1.2536   3.033996    4.88469    -0.0857    13.8155 0.0000e+00  -60.81533  -56.16100 1153257653 199.889527    34.7232 0.0000e+00
    959.000     1.2531   3.033692     1.2530   3.033990    4.88529    -0.0797    13.8155 0.0000e+00  -60.81533  -56.16100 1153257654 199.889541    34.7231 0.0000e+00
    960.000     1.2536   3.033778     1.2532   3.034047    4.88331    -0.0893    13.8155 0.0000e+00  -60.81533  -56.16100 1153257656 199.889563    34.7231 0.0000e+00
    961.000     1.2516   3.033650     1.2518   3.033979    4.88350    -0.0925    13.8155 0.0000e+00  -60.81533  -56.16100 1153257658 199.889583    34.7231 0.0000e+00
    962.000     1.2497   3.033525     1.2505   3.033913    4.88501    -0.1015    13.8155 0.0000e+00  -60.81533  -56.16100 1153257659 199.889597    34.7230 0.0000e+00
    963.000     1.2476   3.033380     1.2478   3.033724    4.88626    -0.0769    13.8155 0.0000e+00  -60.81533  -56.16100 1153257660 199.889610    34.7230 0.0000e+00
    964.000     1.2442   3.033129     1.2447   3.033495    4.88689    -0.0933    13.8155 0.0000e+00  -60.81533  -56.16100 1153257662 199.889623    34.7231 0.0000e+00
