product_data/regression_test/downloaded_data/MGDS/320620060703/ctd/p6619305.ros
* Sea-Bird SBE 9 Data File:
* FileName = D:\Data\Raw\p6619305.dat
* Software Version Seasave Win32 V 5.32
* Temperature SN = 1649
* Conductivity SN = 1431
* Number of Bytes Per Scan = 37
* Number of Voltage Words = 5
* Number of Scans Averaged by the Deck Unit = 1
* NMEA Latitude = 60 47.92 S
* NMEA Longitude = 055 23.15 W
* NMEA UTC (Time) = 23:08:25
** Ship:   Nathaniel B. Palmer 
** Cruise:    NBP0606 
# nquan = 17
# nvalues = 1176                    
# units = specified
# name 0 = prDM: Pressure, Digiquartz [db]
# name 1 = t090C: Temperature [ITS-90, deg C]
# name 2 = c0S/m: Conductivity [S/m]
# name 3 = t190C: Temperature, 2 [ITS-90, deg C]
# name 4 = c1S/m: Conductivity, 2 [S/m]
# name 5 = sbeox0ML/L: Oxygen, SBE 43 [ml/l]
# name 6 = flECO-AFL: Fluorescence, Wetlab ECO-AFL/FL [mg/m^3]
# name 7 = bat: Beam Attenuation, Chelsea/Seatech/Wetlab CStar [1/m]
# name 8 = spar: SPAR/Surface Irradiance
# name 9 = latitude: Latitude [deg]
# name 10 = longitude: Longitude [deg]
# name 11 = timeY: Time, System [seconds]
# name 12 = timeJ: Julian Days
# name 13 = sal00: Salinity [PSU]
# name 14 = scan: scan number
# name 15 = nbf: number of bottles fired
# name 16 = flag:  0.000e+00
# interval = seconds: 0.0416667                   
# start_time = Jul 23 2006 23:08:34
*END*
[from data line 341]
    150.715    -0.7780   2.797043    -0.7771   2.797363    6.97707    -0.1180    13.8155 0.0000e+00  -60.79867  -55.38583 1153698888 204.996411    34.3637      66622          7  0.000e+00
    150.715    -0.7780   2.797076    -0.7769   2.797380    6.97704    -0.0749    13.8155 0.0000e+00  -60.79867  -55.38583 1153698888 204.996411    34.3641      66623          7  0.000e+00
    100.585    -0.8974   2.783036    -0.8968   2.783370    7.12475    -0.0749    13.8155 0.0000e+00  -60.79867  -55.38583 1153699009 204.997806    34.3407      69516          8  0.000e+00
    100.518    -0.8970   2.783036    -0.8972   2.783387    7.12464    -0.0534    13.8155 0.0000e+00  -60.79867  -55.38583 1153699009 204.997807    34.3403      69517          8  0.000e+00
    100.518    -0.8971   2.783036    -0.8974   2.783399    7.12465    -0.0319    13.8155 0.0000e+00  -60.79867  -55.38583 1153699009 204.997807    34.3404      69518          8  0.000e+00
    100.585    -0.8974   2.783052    -0.8977   2.783399    7.12474    -0.0319    13.8155 0.0000e+00  -60.79867  -55.38583 1153699009 204.997808    34.3409      69519          8  0.000e+00
    100.518    -0.8977   2.783079    -0.8972   2.783358    7.12470    -0.0319    13.8155 0.0000e+00  -60.79867  -55.38583 1153699009 204.997808    34.3417      69520          8  0.000e+00
    100.518    -0.8973   2.783029    -0.8975   2.783399    7.12467    -0.0319    13.8155 0.0000e+00  -60.79867  -55.38583 1153699009 204.997809    34.3405      69521          8  0.000e+00
    100.518    -0.8974   2.783046    -0.8975   2.783387    7.12468    -0.0749    13.8155 0.0000e+00  -60.79867  -55.38583 1153699009 204.997809    34.3408      69522          8  0.000e+00
    100.518    -0.8973   2.783059    -0.8971   2.783411    7.12465    -0.1072    13.8155 0.0000e+00  -60.79867  -55.38583 1153699009 204.997810    34.3409      69523          8  0.000e+00
    100.585    -0.8975   2.783042    -0.8980   2.783382    7.12477    -0.0749    13.8155 0.0000e+00  -60.79867  -55.38583 1153699009 204.997810    34.3410      69524          8  0.000e+00
    100.518    -0.8978   2.783036    -0.8977   2.783405    7.12475    -0.0857    13.8155 0.0000e+00  -60.79867  -55.38583 1153699009 204.997811    34.3412      69525          8  0.000e+00
    100.518    -0.8971   2.783069    -0.8974   2.783382    7.12463    -0.0749    13.8155 0.0000e+00  -60.79867  -55.38583 1153699009 204.997811    34.3409      69526          8  0.000e+00
    100.518    -0.8972   2.783066    -0.8974   2.783370    7.12464    -0.0749    13.8155 0.0000e+00  -60.79867  -55.38583 1153699009 204.997812    34.3409      69527          8  0.000e+00
    100.518    -0.8970   2.783059    -0.8974   2.783387    7.11989    -0.0534    13.8155 0.0000e+00  -60.79867  -55.38583 1153699009 204.997812    34.3407      69528          8  0.000e+00
    100.585    -0.8970   2.783079    -0.8972   2.783399    7.12467    -0.0319    13.8155 0.0000e+00  -60.79867  -55.38583 1153699009 204.997812    34.3408      69529          8  0.000e+00
    100.518    -0.8974   2.783079    -0.8975   2.783376    7.12465    -0.0534    13.8155 0.0000e+00  -60.79867  -55.38583 1153699009 204.997813    34.3413      69530          8  0.000e+00
    100.556    -0.8968   2.783082    -0.8972   2.783370    7.12460    -0.0642    13.8155 0.0000e+00  -60.79867  -55.38583 1153699009 204.997813    34.3406      69531          8  0.000e+00
    100.518    -0.8968   2.783079    -0.8972   2.783387    7.12457    -0.0319    13.8155 0.0000e+00  -60.79867  -55.38583 1153699009 204.997814    34.3407      69532          8  0.000e+00
    100.518    -0.8969   2.783079    -0.8969   2.783399    7.12459     0.0004    13.8155 0.0000e+00  -60.79867  -55.38583 1153699009 204.997814    34.3408      69533          8  0.000e+00
    100.518    -0.8973   2.783082    -0.8972   2.783399    7.12464    -0.0534    13.8155 0.0000e+00  -60.79867  -55.38583 1153699009 204.997815    34.3412      69534          8  0.000e+00
    100.451    -0.8972   2.783079    -0.8971   2.783399    7.12457    -0.0749    13.8155 0.0000e+00  -60.79867  -55.38583 1153699009 204.997815    34.3412      69535          8  0.000e+00
    100.518    -0.8969   2.783066    -0.8974   2.783399    7.12460    -0.0964    13.8155 0.0000e+00  -60.79867  -55.38583 1153699009 204.997816    34.3406      69536          8  0.000e+00
    100.518    -0.8973   2.783092    -0.8972   2.783399    7.12463    -0.1072    13.8155 0.0000e+00  -60.79867  -55.38583 1153699010 204.997816    34.3414      69537          8  0.000e+00
    100.518    -0.8970   2.783089    -0.8971   2.783434    7.12460    -0.0964    13.8155 0.0000e+00  -60.79867  -55.38583 1153699010 204.997817    34.3411      69538          8  0.000e+00
    100.518    -0.8968   2.783115    -0.8969   2.783451    7.12454    -0.0749    13.8155 0.0000e+00  -60.79867  -55.38583 1153699010 204.997817    34.3411      69539          8  0.000e+00
    100.518    -0.8973   2.783112    -0.8972   2.783451    7.12462    -0.0964    13.8155 0.0000e+00  -60.79867  -55.38583 1153699010 204.997818    34.3416      69540          8  0.000e+00
    100.585    -0.8970   2.783102    -0.8972   2.783428    7.12466    -0.1072    13.8155 0.0000e+00  -60.79867  -55.38583 1153699010 204.997818    34.3412      69541          8  0.000e+00
    100.585    -0.8970   2.783082    -0.8965   2.783440    7.12467    -0.0857    13.8155 0.0000e+00  -60.79867  -55.38583 1153699010 204.997819    34.3409      69542          8  0.000e+00
    100.585    -0.8968   2.783099    -0.8966   2.783451    7.11990    -0.0964    13.8155 0.0000e+00  -60.79867  -55.38583 1153699010 204.997819    34.3409      69543          8  0.000e+00
    100.585    -0.8972   2.783102    -0.8966   2.783469    7.11995    -0.0534    13.8155 0.0000e+00  -60.79867  -55.38583 1153699010 204.997820    34.3414      69544          8  0.000e+00
    100.661    -0.8970   2.783105    -0.8971   2.783416    7.12473    -0.0534    13.8155 0.0000e+00  -60.79867  -55.38583 1153699010 204.997820    34.3412      69545          8  0.000e+00
    100.661    -0.8971   2.783102    -0.8972   2.783399    7.12001    -0.0749    13.8155 0.0000e+00  -60.79867  -55.38583 1153699010 204.997821    34.3413      69546          8  0.000e+00
    100.699    -0.8966   2.783089    -0.8971   2.783399    7.12471    -0.0964    13.8155 0.0000e+00  -60.79867  -55.38583 1153699010 204.997821    34.3404      69547          8  0.000e+00
    100.728    -0.8970   2.783046    -0.8974   2.783416    7.12483    -0.1180    13.8155 0.0000e+00  -60.79867  -55.38583 1153699010 204.997822    34.3403      69548          8  0.000e+00
    100.728    -0.8972   2.783056    -0.8972   2.783405    7.12486    -0.0749    13.8155 0.0000e+00  -60.79867  -55.38583 1153699010 204.997822    34.3407      69549          8  0.000e+00
    100.795    -0.8978   2.783059    -0.8974   2.783376    7.12501    -0.0534    13.8155 0.0000e+00  -60.79867  -55.38583 1153699010 204.997823    34.3414      69550          8  0.000e+00
    100.728    -0.8973   2.783089    -0.8972   2.783387    7.12484    -0.0642    13.8155 0.0000e+00  -60.79867  -55.38583 1153699010 204.997823    34.3412      69551          8  0.000e+00
    100.795    -0.8977   2.783039    -0.8974   2.783399    7.12027    -0.0534    13.8155 0.0000e+00  -60.79867  -55.38583 1153699010 204.997824    34.3409      69552          8  0.000e+00
    100.795    -0.8975   2.783049    -0.8977   2.783376    7.12024    -0.0749    13.8155 0.0000e+00  -60.79867  -55.38583 1153699010 204.997824    34.3409      69553          8  0.000e+00
    100.728    -0.8976   2.783079    -0.8972   2.783387    7.12016    -0.1395    13.8155 0.0000e+00  -60.79867  -55.38583 1153699010 204.997825    34.3414      69554          8  0.000e+00
    100.938    -0.8974   2.783066    -0.8977   2.783399    7.12508    -0.1180    13.8155 0.0000e+00  -60.79867  -55.38583 1153699010 204.997825    34.3409      69555          8  0.000e+00
    100.795    -0.8970   2.783043    -0.8971   2.783416    7.12491    -0.0857    13.8155 0.0000e+00  -60.79867  -55.38583 1153699010 204.997826    34.3403      69556          8  0.000e+00
    100.795    -0.8976   2.783019    -0.8971   2.783440    7.12500    -0.0857    13.8155 0.0000e+00  -60.79867  -55.38583 1153699010 204.997826    34.3406      69557          8  0.000e+00
    100.795    -0.8980   2.783033    -0.8975   2.783428    7.12505    -0.0319    13.8155 0.0000e+00  -60.79867  -55.38583 1153699010 204.997826    34.3412      69558          8  0.000e+00
    100.795    -0.8974   2.783036    -0.8971   2.783405    7.12497    -0.0534    13.8155 0.0000e+00  -60.79867  -55.38583 1153699010 204.997827    34.3406      69559          8  0.000e+00
    100.795    -0.8974   2.783036    -0.8972   2.783376    7.12496    -0.0857    13.8155 0.0000e+00  -60.79867  -55.38583 1153699010 204.997827    34.3405      69560          8  0.000e+00
    100.795    -0.8977   2.783056    -0.8975   2.783387    7.12499    -0.1072    13.8155 0.0000e+00  -60.79867  -55.38583 1153699010 204.997828    34.3412      69561          8  0.000e+00
    100.728    -0.8973   2.783043    -0.8974   2.783416    7.12487    -0.0964    13.8155 0.0000e+00  -60.79867  -55.38583 1153699011 204.997828    34.3406      69562          8  0.000e+00
    100.843    -0.8975   2.783072    -0.8977   2.783387    7.12500    -0.0964    13.8155 0.0000e+00  -60.79867  -55.38583 1153699011 204.997829    34.3412      69563          8  0.000e+00
    100.795    -0.8975   2.783066    -0.8972   2.783393    7.12023    -0.1287    13.8155 0.0000e+00  -60.79867  -55.38583 1153699011 204.997829    34.3411      69564          8  0.000e+00
    100.662    -0.8974   2.783043    -0.8971   2.783399    7.12483    -0.0749    13.8155 0.0000e+00  -60.79867  -55.38583 1153699013 204.997855    34.3408      69618          9  0.000e+00
    100.586    -0.8980   2.783056    -0.8971   2.783434    7.12009    -0.0534    13.8155 0.0000e+00  -60.79867  -55.38583 1153699013 204.997856    34.3417      69619          9  0.000e+00
    100.662    -0.8978   2.783059    -0.8966   2.783387    7.12013    -0.0426    13.8155 0.0000e+00  -60.79867  -55.38583 1153699013 204.997856    34.3414      69620          9  0.000e+00
    100.586    -0.8974   2.783059    -0.8968   2.783428    7.12000    -0.0964    13.8155 0.0000e+00  -60.79867  -55.38583 1153699013 204.997857    34.3410      69621          9  0.000e+00
    100.586    -0.8972   2.783023    -0.8966   2.783428    7.12000    -0.0534    13.8155 0.0000e+00  -60.79867  -55.38583 1153699013 204.997857    34.3403      69622          9  0.000e+00
    100.662    -0.8974   2.783046    -0.8969   2.783440    7.12010    -0.0749    13.8155 0.0000e+00  -60.79867  -55.38583 1153699013 204.997858    34.3409      69623          9  0.000e+00
    100.586    -0.8975   2.783042    -0.8971   2.783428    7.12004    -0.0964    13.8155 0.0000e+00  -60.79867  -55.38583 1153699013 204.997858    34.3410      69624          9  0.000e+00
    100.586    -0.8977   2.783019    -0.8968   2.783422    7.12007    -0.0749    13.8155 0.0000e+00  -60.79867  -55.38583 1153699013 204.997859    34.3408      69625          9  0.000e+00
    100.586    -0.8976   2.783049    -0.8972   2.783422    7.12004    -0.0749    13.8155 0.0000e+00  -60.79867  -55.38583 1153699013 204.997859    34.3411      69626          9  0.000e+00
    100.586    -0.8977   2.783042    -0.8967   2.783422    7.12479    -0.0534    13.8155 0.0000e+00  -60.79867  -55.38583 1153699013 204.997860    34.3411      69627          9  0.000e+00
    100.662    -0.8974   2.783056    -0.8968   2.783422    7.12481    -0.0642    13.8155 0.0000e+00  -60.79867  -55.38583 1153699013 204.997860    34.3409      69628          9  0.000e+00
    100.557    -0.8971   2.783059    -0.8972   2.783440    7.11994    -0.0749    13.8155 0.0000e+00  -60.79867  -55.38583 1153699013 204.997861    34.3407      69629          9  0.000e+00
    100.586    -0.8972   2.783042    -0.8971   2.783451    7.11999    -0.0534    13.8155 0.0000e+00  -60.79867  -55.38583 1153699013 204.997861    34.3406      69630          9  0.000e+00
    100.586    -0.8969   2.783036    -0.8971   2.783411    7.11995    -0.0964    13.8155 0.0000e+00  -60.79867  -55.38583 1153699013 204.997862    34.3401      69631          9  0.000e+00
    100.586    -0.8970   2.783105    -0.8969   2.783416    7.11992    -0.0749    13.8155 0.0000e+00  -60.79867  -55.38583 1153699013 204.997862    34.3412      69632          9  0.000e+00
    100.586    -0.8970   2.783089    -0.8964   2.783440    7.11994    -0.0534    13.8155 0.0000e+00  -60.79867  -55.38583 1153699014 204.997863    34.3410      69633          9  0.000e+00
    100.586    -0.8967   2.783079    -0.8968   2.783428    7.11989    -0.1180    13.8155 0.0000e+00  -60.79867  -55.38583 1153699014 204.997863    34.3405      69634          9  0.000e+00
    100.586    -0.8972   2.783099    -0.8969   2.783422    7.11995    -0.1180    13.8155 0.0000e+00  -60.79867  -55.38583 1153699014 204.997864    34.3414      69635          9  0.000e+00
    100.586    -0.8969   2.783085    -0.8966   2.783440    7.11992    -0.0426    13.8155 0.0000e+00  -60.79867  -55.38583 1153699014 204.997864    34.3408      69636          9  0.000e+00
    100.586    -0.8973   2.783082    -0.8966   2.783428    7.11997     0.0219    13.8155 0.0000e+00  -60.79867  -55.38583 1153699014 204.997865    34.3412      69637          9  0.000e+00
    100.586    -0.8970   2.783079    -0.8969   2.783422    7.12468    -0.0319    13.8155 0.0000e+00  -60.79867  -55.38583 1153699014 204.997865    34.3409      69638          9  0.000e+00
    100.586    -0.8970   2.783082    -0.8969   2.783440    7.12467    -0.0426    13.8155 0.0000e+00  -60.79867  -55.38583 1153699014 204.997866    34.3409      69639          9  0.000e+00
    100.586    -0.8967   2.783095    -0.8967   2.783411    7.11988    -0.0534    13.8155 0.0000e+00  -60.79867  -55.38583 1153699014 204.997866    34.3407      69640          9  0.000e+00
    100.586    -0.8964   2.783105    -0.8966   2.783416    7.12457    -0.0426    13.8155 0.0000e+00  -60.79867  -55.38583 1153699014 204.997867    34.3406      69641          9  0.000e+00
    100.586    -0.8968   2.783102    -0.8971   2.783457    7.11989    -0.0319    13.8155 0.0000e+00  -60.79867  -55.38583 1153699014 204.997867    34.3409      69642          9  0.000e+00
    100.586    -0.8970   2.783102    -0.8966   2.783416    7.11992    -0.0749    13.8155 0.0000e+00  -60.79867  -55.38583 1153699014 204.997867    34.3411      69643          9  0.000e+00
    100.624    -0.8968   2.783105    -0.8966   2.783422    7.11992    -0.0534    13.8155 0.0000e+00  -60.79867  -55.38583 1153699014 204.997868    34.3409      69644          9  0.000e+00
    100.519    -0.8969   2.783085    -0.8972   2.783382    7.11985    -0.0319    13.8155 0.0000e+00  -60.79867  -55.38583 1153699014 204.997868    34.3409      69645          9  0.000e+00
    100.662    -0.8970   2.783082    -0.8964   2.783428    7.12474    -0.0426    13.8155 0.0000e+00  -60.79867  -55.38583 1153699014 204.997869    34.3408      69646          9  0.000e+00
    100.519    -0.8969   2.783066    -0.8971   2.783451    7.12460    -0.0964    13.8155 0.0000e+00  -60.79867  -55.38583 1153699014 204.997869    34.3406      69647          9  0.000e+00
    100.662    -0.8965   2.783079    -0.8966   2.783428    7.11994    -0.1072    13.8155 0.0000e+00  -60.79867  -55.38583 1153699014 204.997870    34.3402      69648          9  0.000e+00
    100.586    -0.8969   2.783079    -0.8969   2.783422    7.11992    -0.0319    13.8155 0.0000e+00  -60.79867  -55.38583 1153699014 204.997870    34.3407      69649          9  0.000e+00
    100.586    -0.8972   2.783082    -0.8967   2.783405    7.11997    -0.0319    13.8155 0.0000e+00  -60.79867  -55.38583 1153699014 204.997871    34.3411      69650          9  0.000e+00
