product_data/regression_test/downloaded_data/MGDS/320620060703/ctd/p6614701.ros
* Sea-Bird SBE 9 Data File:
* FileName = D:\Data\Raw\p6614701.dat
* Software Version Seasave Win32 V 5.32
* Temperature SN = 1649
* Conductivity SN = 1431
* Number of Bytes Per Scan = 37
* Number of Voltage Words = 5
* Number of Scans Averaged by the Deck Unit = 1
* NMEA Latitude = 60 22.22 S
* NMEA Longitude = 057 14.26 W
* NMEA UTC (Time) = 00:31:15
** Ship:   Nathaniel B. Palmer 
** Cruise:    NBP0606 
# nquan = 17
# nvalues = 1157                    
# units = specified
# name 0 = prDM: Pressure, Digiquartz [db]
# name 1 = t090C: Temperature [ITS-90, deg C]
# name 2 = c0S/m: Conductivity [S/m]
# name 3 = t190C: Temperature, 2 [ITS-90, deg C]
# name 4 = c1S/m: Conductivity, 2 [S/m]
# name 5 = sbeox0ML/L: Oxygen, SBE 43 [ml/l]
# name 6 = flECO-AFL: Fluorescence, Wetlab ECO-AFL/FL [mg/m^3]
# name 7 = bat: Beam Attenuation, Chelsea/Seatech/Wetlab CStar [1/m]
# name 8 = spar: SPAR/Surface Irradiance
# name 9 = latitude: Latitude [deg]
# name 10 = longitude: Longitude [deg]
# name 11 = timeY: Time, System [seconds]
# name 12 = timeJ: Julian Days
# name 13 = sal00: Salinity [PSU]
# name 14 = scan: scan number
# name 15 = nbf: number of bottles fired
# name 16 = flag:  0.000e+00
# interval = seconds: 0.0416667                   
# start_time = Jul 18 2006 00:31:23
*END*
[from data line 937]
     31.052    -0.6933   2.762132    -0.6927   2.762523    7.96730     0.0972    13.8155 0.0000e+00  -60.37033  -57.23767 1153185819 199.058113    33.8696      75312         20  0.000e+00
     31.043    -0.6929   2.762129    -0.6930   2.762535    7.96722     0.0972    13.8155 0.0000e+00  -60.37033  -57.23767 1153185819 199.058113    33.8690      75313         20  0.000e+00
     31.052    -0.6935   2.762112    -0.6929   2.762546    7.96735     0.1295    13.8155 0.0000e+00  -60.37033  -57.23767 1153185819 199.058114    33.8695      75314         20  0.000e+00
     30.986    -0.6929   2.762102    -0.6929   2.762523    7.96251     0.1188    13.8155 0.0000e+00  -60.37033  -57.23767 1153185819 199.058114    33.8687      75315         20  0.000e+00
     31.052    -0.6935   2.762122    -0.6933   2.762535    7.96266     0.0972    13.8155 0.0000e+00  -60.37033  -57.23767 1153185819 199.058115    33.8696      75316         20  0.000e+00
     31.043    -0.6933   2.762126    -0.6930   2.762546    7.96730     0.1403    13.8155 0.0000e+00  -60.37033  -57.23767 1153185819 199.058115    33.8695      75317         20  0.000e+00
     31.052    -0.6929   2.762112    -0.6927   2.762523    7.96725     0.1295    13.8155 0.0000e+00  -60.37033  -57.23767 1153185819 199.058116    33.8688      75318         20  0.000e+00
     31.052    -0.6937   2.762119    -0.6926   2.762517    7.96736     0.1080    13.8155 0.0000e+00  -60.37033  -57.23767 1153185819 199.058116    33.8697      75319         20  0.000e+00
     31.052    -0.6931   2.762106    -0.6926   2.762517    7.96728     0.0972    13.8155 0.0000e+00  -60.37033  -57.23767 1153185819 199.058117    33.8689      75320         20  0.000e+00
     31.043    -0.6933   2.762122    -0.6929   2.762552    7.96730     0.0757    13.8155 0.0000e+00  -60.37033  -57.23767 1153185819 199.058117    33.8694      75321         20  0.000e+00
     31.129    -0.6932   2.762126    -0.6927   2.762529    7.96737     0.0757    13.8155 0.0000e+00  -60.37033  -57.23767 1153185819 199.058118    33.8693      75322         20  0.000e+00
     31.052    -0.6935   2.762112    -0.6929   2.762517    7.96735     0.0972    13.8155 0.0000e+00  -60.37033  -57.23767 1153185819 199.058118    33.8695      75323         20  0.000e+00
     31.052    -0.6935   2.762103    -0.6927   2.762535    7.96735     0.1080    13.8155 0.0000e+00  -60.37033  -57.23767 1153185819 199.058119    33.8694      75324         20  0.000e+00
     31.043    -0.6931   2.762119    -0.6930   2.762546    7.96726     0.0972    13.8155 0.0000e+00  -60.37033  -57.23767 1153185819 199.058119    33.8691      75325         20  0.000e+00
     31.052    -0.6935   2.762112    -0.6932   2.762546    7.96735     0.0972    13.8155 0.0000e+00  -60.37033  -57.23767 1153185819 199.058120    33.8695      75326         20  0.000e+00
     31.052    -0.6932   2.762119    -0.6927   2.762564    7.96729     0.1403    13.8155 0.0000e+00  -60.37033  -57.23767 1153185819 199.058120    33.8692      75327         20  0.000e+00
     31.052    -0.6932   2.762126    -0.6929   2.762552    7.97197     0.1188    13.8155 0.0000e+00  -60.37033  -57.23767 1153185819 199.058121    33.8693      75328         20  0.000e+00
     31.043    -0.6932   2.762109    -0.6930   2.762546    7.97197     0.1080    13.8155 0.0000e+00  -60.37033  -57.23767 1153185819 199.058121    33.8691      75329         20  0.000e+00
     31.052    -0.6931   2.762103    -0.6929   2.762523    7.97196     0.0972    13.8155 0.0000e+00  -60.37033  -57.23767 1153185819 199.058122    33.8689      75330         20  0.000e+00
     31.052    -0.6931   2.762106    -0.6932   2.762552    7.96728     0.0972    13.8155 0.0000e+00  -60.37033  -57.23767 1153185819 199.058122    33.8689      75331         20  0.000e+00
     31.052    -0.6933   2.762139    -0.6930   2.762569    7.97198     0.0757    13.8155 0.0000e+00  -60.37033  -57.23767 1153185819 199.058123    33.8696      75332         20  0.000e+00
     31.043    -0.6932   2.762119    -0.6926   2.762552    7.96728     0.0757    13.8155 0.0000e+00  -60.37033  -57.23767 1153185819 199.058123    33.8692      75333         20  0.000e+00
     31.052    -0.6935   2.762086    -0.6930   2.762546    7.96737     0.1833    13.8155 0.0000e+00  -60.37033  -57.23767 1153185820 199.058124    33.8691      75334         20  0.000e+00
     30.986    -0.6932   2.762099    -0.6929   2.762523    7.97192     0.1941    13.8155 0.0000e+00  -60.37033  -57.23767 1153185820 199.058124    33.8690      75335         20  0.000e+00
     31.052    -0.6929   2.762086    -0.6929   2.762517    7.96726     0.1618    13.8155 0.0000e+00  -60.37033  -57.23767 1153185820 199.058125    33.8684      75336         20  0.000e+00
     31.043    -0.6933   2.762079    -0.6930   2.762552    7.96733     0.1080    13.8155 0.0000e+00  -60.37033  -57.23767 1153185820 199.058125    33.8689      75337         21  0.000e+00
     30.985    -0.6931   2.762099    -0.6927   2.762569    7.96721     0.0972    13.8155 0.0000e+00  -60.37033  -57.23767 1153185820 199.058125    33.8688      75338         21  0.000e+00
     30.985    -0.6937   2.762070    -0.6927   2.762529    7.96734     0.1188    13.8155 0.0000e+00  -60.37033  -57.23767 1153185820 199.058126    33.8692      75339         21  0.000e+00
     30.985    -0.6932   2.762109    -0.6929   2.762535    7.96722     0.1188    13.8155 0.0000e+00  -60.37033  -57.23767 1153185820 199.058126    33.8691      75340         21  0.000e+00
     30.976    -0.6929   2.762109    -0.6929   2.762546    7.96716     0.1295    13.8155 0.0000e+00  -60.37033  -57.23767 1153185820 199.058127    33.8688      75341         21  0.000e+00
     30.985    -0.6935   2.762102    -0.6927   2.762546    7.97196     0.1403    13.8155 0.0000e+00  -60.37033  -57.23767 1153185820 199.058127    33.8694      75342         21  0.000e+00
     30.919    -0.6932   2.762106    -0.6926   2.762546    7.97183     0.1188    13.8155 0.0000e+00  -60.37033  -57.23767 1153185820 199.058128    33.8691      75343         21  0.000e+00
     30.985    -0.6934   2.762053    -0.6927   2.762546    7.97198     0.0757    13.8155 0.0000e+00  -60.37033  -57.23767 1153185820 199.058128    33.8686      75344         21  0.000e+00
     30.900    -0.6935   2.762089    -0.6927   2.762546    7.96719     0.0865    13.8155 0.0000e+00  -60.37033  -57.23767 1153185820 199.058129    33.8693      75345         21  0.000e+00
     30.985    -0.6933   2.762070    -0.6926   2.762523    7.96728     0.0757    13.8155 0.0000e+00  -60.37033  -57.23767 1153185820 199.058129    33.8688      75346         21  0.000e+00
     30.919    -0.6935   2.762139    -0.6929   2.762535    7.96718     0.0757    13.8155 0.0000e+00  -60.37033  -57.23767 1153185820 199.058130    33.8699      75347         21  0.000e+00
     30.842    -0.6933   2.762122    -0.6924   2.762546    7.96708     0.0972    13.8155 0.0000e+00  -60.37033  -57.23767 1153185820 199.058130    33.8696      75348         21  0.000e+00
     30.900    -0.6929   2.762119    -0.6926   2.762546    7.96708     0.1188    13.8155 0.0000e+00  -60.37033  -57.23767 1153185820 199.058131    33.8690      75349         21  0.000e+00
     30.842    -0.6933   2.762096    -0.6927   2.762546    7.97178     0.0972    13.8155 0.0000e+00  -60.37033  -57.23767 1153185820 199.058131    33.8692      75350         21  0.000e+00
     30.842    -0.6932   2.762096    -0.6929   2.762546    7.96708     0.0434    13.8155 0.0000e+00  -60.37033  -57.23767 1153185820 199.058132    33.8690      75351         21  0.000e+00
     30.842    -0.6929   2.762102    -0.6926   2.762546    7.96702     0.0757    13.8155 0.0000e+00  -60.37033  -57.23767 1153185820 199.058132    33.8688      75352         21  0.000e+00
     30.833    -0.6935   2.762122    -0.6921   2.762546    7.96710     0.1080    13.8155 0.0000e+00  -60.37033  -57.23767 1153185820 199.058133    33.8698      75353         21  0.000e+00
     30.776    -0.6929   2.762109    -0.6926   2.762546    7.97163     0.1403    13.8155 0.0000e+00  -60.37033  -57.23767 1153185820 199.058133    33.8690      75354         21  0.000e+00
     30.776    -0.6929   2.762106    -0.6926   2.762523    7.97162     0.1618    13.8155 0.0000e+00  -60.37033  -57.23767 1153185820 199.058134    33.8689      75355         21  0.000e+00
     30.776    -0.6929   2.762102    -0.6924   2.762534    7.97163     0.0972    13.8155 0.0000e+00  -60.37033  -57.23767 1153185820 199.058134    33.8688      75356         21  0.000e+00
     30.690    -0.6935   2.762073    -0.6924   2.762523    7.97165     0.0757    13.8155 0.0000e+00  -60.37033  -57.23767 1153185820 199.058135    33.8692      75357         21  0.000e+00
     30.709    -0.6929   2.762125    -0.6921   2.762534    7.97153     0.0650    13.8155 0.0000e+00  -60.37033  -57.23767 1153185821 199.058135    33.8692      75358         21  0.000e+00
     30.709    -0.6932   2.762129    -0.6924   2.762523    7.97159     0.0972    13.8155 0.0000e+00  -60.37033  -57.23767 1153185821 199.058136    33.8696      75359         21  0.000e+00
     30.566    -0.6927   2.762112    -0.6929   2.762534    7.97136     0.1188    13.8155 0.0000e+00  -60.37033  -57.23767 1153185821 199.058136    33.8689      75360         21  0.000e+00
     30.766    -0.6924   2.762102    -0.6932   2.762546    7.97154     0.1295    13.8155 0.0000e+00  -60.37033  -57.23767 1153185821 199.058137    33.8683      75361         21  0.000e+00
     30.633    -0.6935   2.762089    -0.6926   2.762546    7.97158     0.1295    13.8155 0.0000e+00  -60.37033  -57.23767 1153185821 199.058137    33.8694      75362         21  0.000e+00
     30.566    -0.6929   2.762096    -0.6926   2.762523    7.97140     0.0972    13.8155 0.0000e+00  -60.37033  -57.23767 1153185821 199.058138    33.8689      75363         21  0.000e+00
     30.633    -0.6931   2.762083    -0.6924   2.762534    7.97151     0.0542    13.8155 0.0000e+00  -60.37033  -57.23767 1153185821 199.058138    33.8689      75364         21  0.000e+00
     30.556    -0.6931   2.762083    -0.6926   2.762506    7.97142     0.0327    13.8155 0.0000e+00  -60.37033  -57.23767 1153185821 199.058139    33.8689      75365         21  0.000e+00
     30.490    -0.6931   2.762079    -0.6932   2.762511    7.97135     0.0865    13.8155 0.0000e+00  -60.37033  -57.23767 1153185821 199.058139    33.8689      75366         21  0.000e+00
     30.490    -0.6929   2.762099    -0.6924   2.762517    7.97131     0.0757    13.8155 0.0000e+00  -60.37033  -57.23767 1153185821 199.058139    33.8689      75367         21  0.000e+00
     30.490    -0.6929   2.762086    -0.6926   2.762477    7.97132     0.0327    13.8155 0.0000e+00  -60.37033  -57.23767 1153185821 199.058140    33.8688      75368         21  0.000e+00
     30.480    -0.6931   2.762112    -0.6929   2.762523    7.97132     0.0757    13.8155 0.0000e+00  -60.37033  -57.23767 1153185821 199.058140    33.8694      75369         21  0.000e+00
     30.423    -0.6929   2.762112    -0.6926   2.762546    7.97123     0.1080    13.8155 0.0000e+00  -60.37033  -57.23767 1153185821 199.058141    33.8692      75370         21  0.000e+00
     30.423    -0.6929   2.762086    -0.6927   2.762505    7.97125     0.0650    13.8155 0.0000e+00  -60.37033  -57.23767 1153185821 199.058141    33.8688      75371         21  0.000e+00
     30.347    -0.6927   2.762066    -0.6924   2.762529    7.97115     0.0865    13.8155 0.0000e+00  -60.37033  -57.23767 1153185821 199.058142    33.8684      75372         21  0.000e+00
     30.356    -0.6927   2.762092    -0.6929   2.762505    7.97114     0.0972    13.8155 0.0000e+00  -60.37033  -57.23767 1153185821 199.058142    33.8688      75373         21  0.000e+00
     30.356    -0.6932   2.762073    -0.6924   2.762511    7.97124     0.0757    13.8155 0.0000e+00  -60.37033  -57.23767 1153185821 199.058143    33.8691      75374         21  0.000e+00
     30.280    -0.6926   2.762073    -0.6926   2.762517    7.97105     0.0757    13.8155 0.0000e+00  -60.37033  -57.23767 1153185821 199.058143    33.8684      75375         21  0.000e+00
     30.270    -0.6931   2.762096    -0.6924   2.762517    7.97110     0.0757    13.8155 0.0000e+00  -60.37033  -57.23767 1153185821 199.058144    33.8692      75376         21  0.000e+00
     30.280    -0.6929   2.762089    -0.6927   2.762500    7.97108     0.0972    13.8155 0.0000e+00  -60.37033  -57.23767 1153185821 199.058144    33.8689      75377         21  0.000e+00
     30.213    -0.6931   2.762115    -0.6929   2.762494    7.97102     0.1080    13.8155 0.0000e+00  -60.37033  -57.23767 1153185821 199.058145    33.8695      75378         21  0.000e+00
     30.213    -0.6931   2.762096    -0.6926   2.762511    7.97104     0.0972    13.8155 0.0000e+00  -60.37033  -57.23767 1153185821 199.058145    33.8693      75379         21  0.000e+00
     30.137    -0.6927   2.762079    -0.6922   2.762500    7.97091     0.1188    13.8155 0.0000e+00  -60.37033  -57.23767 1153185821 199.058146    33.8687      75380         21  0.000e+00
     30.146    -0.6929   2.762079    -0.6924   2.762494    7.97094     0.1080    13.8155 0.0000e+00  -60.37033  -57.23767 1153185821 199.058146    33.8689      75381         21  0.000e+00
     30.146    -0.6932   2.762083    -0.6929   2.762494    7.97099     0.1188    13.8155 0.0000e+00  -60.37033  -57.23767 1153185822 199.058147    33.8693      75382         21  0.000e+00
     30.070    -0.6935   2.762046    -0.6926   2.762511    7.97098     0.1295    13.8155 0.0000e+00  -60.37033  -57.23767 1153185822 199.058147    33.8692      75383         21  0.000e+00
     30.060    -0.6931   2.762056    -0.6926   2.762517    7.97090     0.1080    13.8155 0.0000e+00  -60.37033  -57.23767 1153185822 199.058148    33.8689      75384         21  0.000e+00
     10.786    -0.6946   2.761114    -0.6936   2.761528    7.97847     0.1188    13.8155 0.0000e+00  -60.37033  -57.23767 1153185887 199.058901    33.8697      76946         22  0.000e+00
     10.434    -0.6943   2.761068    -0.6941   2.761517    7.97806     0.0757    13.8155 0.0000e+00  -60.37033  -57.23767 1153185887 199.058901    33.8690      76947         22  0.000e+00
     10.672    -0.6943   2.761101    -0.6940   2.761528    7.97831     0.0865    13.8155 0.0000e+00  -60.37033  -57.23767 1153185887 199.058902    33.8693      76948         22  0.000e+00
     10.643    -0.6943   2.761074    -0.6941   2.761493    7.97829     0.1403    13.8155 0.0000e+00  -60.37033  -57.23767 1153185887 199.058902    33.8689      76949         22  0.000e+00
     10.605    -0.6944   2.761071    -0.6936   2.761505    7.97828     0.0972    13.8155 0.0000e+00  -60.37033  -57.23767 1153185887 199.058903    33.8691      76950         22  0.000e+00
     10.643    -0.6941   2.761091    -0.6938   2.761511    7.97825     0.1188    13.8155 0.0000e+00  -60.37033  -57.23767 1153185887 199.058903    33.8690      76951         22  0.000e+00
     10.510    -0.6946   2.761117    -0.6941   2.761528    7.97816     0.1188    13.8155 0.0000e+00  -60.37033  -57.23767 1153185887 199.058904    33.8699      76952         22  0.000e+00
     10.672    -0.6948   2.761104    -0.6936   2.761493    7.97838     0.1188    13.8155 0.0000e+00  -60.37033  -57.23767 1153185887 199.058904    33.8699      76953         22  0.000e+00
     10.510    -0.6946   2.761068    -0.6938   2.761505    7.97819     0.1295    13.8155 0.0000e+00  -60.37033  -57.23767 1153185887 199.058905    33.8692      76954         22  0.000e+00
     10.529    -0.6944   2.761088    -0.6938   2.761511    7.97818     0.1188    13.8155 0.0000e+00  -60.37033  -57.23767 1153185887 199.058905    33.8693      76955         22  0.000e+00
     10.510    -0.6943   2.761097    -0.6939   2.761528    7.97813     0.0972    13.8155 0.0000e+00  -60.37033  -57.23767 1153185887 199.058906    33.8693      76956         22  0.000e+00
