product_data/regression_test/downloaded_data/MGDS/320620060703/ctd/p6618201.ros
* Sea-Bird SBE 9 Data File:
* FileName = D:\Data\Raw\p6618201.dat
* Software Version Seasave Win32 V 5.32
* Temperature SN = 1649
* Conductivity SN = 1431
* Number of Bytes Per Scan = 37
* Number of Voltage Words = 5
* Number of Scans Averaged by the Deck Unit = 1
* NMEA Latitude = 60 37.00 S
* NMEA Longitude = 054 09.03 W
* NMEA UTC (Time) = 08:45:16
** Ship:   Nathaniel B. Palmer 
** Cruise:    NBP0606 
# nquan = 17
# nvalues = 1176                    
# units = specified
# name 0 = prDM: Pressure, Digiquartz [db]
# name 1 = t090C: Temperature [ITS-90, deg C]
# name 2 = c0S/m: Conductivity [S/m]
# name 3 = t190C: Temperature, 2 [ITS-90, deg C]
# name 4 = c1S/m: Conductivity, 2 [S/m]
# name 5 = sbeox0ML/L: Oxygen, SBE 43 [ml/l]
# name 6 = flECO-AFL: Fluorescence, Wetlab ECO-AFL/FL [mg/m^3]
# name 7 = bat: Beam Attenuation, Chelsea/Seatech/Wetlab CStar [1/m]
# name 8 = spar: SPAR/Surface Irradiance
# name 9 = latitude: Latitude [deg]
# name 10 = longitude: Longitude [deg]
# name 11 = timeY: Time, System [seconds]
# name 12 = timeJ: Julian Days
# name 13 = sal00: Salinity [PSU]
# name 14 = scan: scan number
# name 15 = nbf: number of bottles fired
# name 16 = flag:  0.000e+00
# interval = seconds: 0.0416667                   
# start_time = Jul 22 2006 08:45:25
*END*
[from data line 171]
    698.782     1.6563   3.057509     1.6574   3.057880    4.67127    -0.1180    13.8155 0.0000e+00  -60.61667  -54.15050 1153561101 203.401653    34.7258      76269          4  0.000e+00
    698.705     1.6567   3.057533     1.6574   3.057898    4.67117    -0.1180    13.8155 0.0000e+00  -60.61667  -54.15050 1153561101 203.401654    34.7257      76270          4  0.000e+00
    698.782     1.6565   3.057523     1.6574   3.057892    4.67125    -0.0642    13.8155 0.0000e+00  -60.61667  -54.15050 1153561101 203.401654    34.7258      76271          4  0.000e+00
    698.782     1.6564   3.057516     1.6570   3.057856    4.67125    -0.0534    13.8155 0.0000e+00  -60.61667  -54.15050 1153561101 203.401655    34.7257      76272          4  0.000e+00
    698.782     1.6566   3.057551     1.6564   3.057826    4.66641    -0.1072    13.8155 0.0000e+00  -60.61667  -54.15050 1153561101 203.401655    34.7260      76273          4  0.000e+00
    698.782     1.6568   3.057564     1.6569   3.057784    4.67120    -0.1072    13.8155 0.0000e+00  -60.61667  -54.15050 1153561101 203.401656    34.7260      76274          4  0.000e+00
    698.802     1.6571   3.057530     1.6564   3.057784    4.67120    -0.0964    13.8155 0.0000e+00  -60.61667  -54.15050 1153561101 203.401656    34.7252      76275          4  0.000e+00
    698.850     1.6563   3.057478     1.6555   3.057741    4.67133    -0.0857    13.8155 0.0000e+00  -60.61667  -54.15050 1153561101 203.401657    34.7254      76276          4  0.000e+00
    698.782     1.6561   3.057468     1.6553   3.057675    4.67130    -0.0857    13.8155 0.0000e+00  -60.61667  -54.15050 1153561101 203.401657    34.7254      76277          4  0.000e+00
    698.927     1.6555   3.057417     1.6551   3.057693    4.67147    -0.0319    13.8155 0.0000e+00  -60.61667  -54.15050 1153561101 203.401658    34.7254      76278          4  0.000e+00
    698.782     1.6555   3.057324     1.6547   3.057657    4.67142    -0.0964    13.8155 0.0000e+00  -60.61667  -54.15050 1153561101 203.401658    34.7243      76279          4  0.000e+00
    698.927     1.6543   3.057300     1.6538   3.057609    4.67164    -0.1287    13.8155 0.0000e+00  -60.61667  -54.15050 1153561101 203.401658    34.7253      76280          4  0.000e+00
    698.850     1.6536   3.057262     1.6535   3.057567    4.67167    -0.0749    13.8155 0.0000e+00  -60.61667  -54.15050 1153561101 203.401659    34.7256      76281          4  0.000e+00
    698.927     1.6536   3.057231     1.6539   3.057567    4.67173    -0.0642    13.8155 0.0000e+00  -60.61667  -54.15050 1153561101 203.401659    34.7251      76282          4  0.000e+00
    698.927     1.6528   3.057186     1.6533   3.057537    4.67182    -0.0857    13.8155 0.0000e+00  -60.61667  -54.15050 1153561101 203.401660    34.7255      76283          4  0.000e+00
    698.994     1.6531   3.057197     1.6535   3.057549    4.67183    -0.1395    13.8155 0.0000e+00  -60.61667  -54.15050 1153561101 203.401660    34.7252      76284          4  0.000e+00
    698.927     1.6530   3.057200     1.6532   3.057549    4.67180    -0.1610    13.8155 0.0000e+00  -60.61667  -54.15050 1153561101 203.401661    34.7254      76285          4  0.000e+00
    698.994     1.6528   3.057221     1.6530   3.057579    4.67185    -0.1180    13.8155 0.0000e+00  -60.61667  -54.15050 1153561101 203.401661    34.7259      76286          4  0.000e+00
    699.071     1.6530   3.057228     1.6538   3.057543    4.67189    -0.1072    13.8155 0.0000e+00  -60.61667  -54.15050 1153561101 203.401662    34.7257      76287          4  0.000e+00
    698.994     1.6527   3.057207     1.6533   3.057519    4.67187    -0.1072    13.8155 0.0000e+00  -60.61667  -54.15050 1153561101 203.401662    34.7258      76288          4  0.000e+00
    698.994     1.6525   3.057221     1.6536   3.057573    4.67188    -0.0964    13.8155 0.0000e+00  -60.61667  -54.15050 1153561101 203.401663    34.7262      76289          4  0.000e+00
    699.091     1.6530   3.057245     1.6539   3.057555    4.67189    -0.1180    13.8155 0.0000e+00  -60.61667  -54.15050 1153561102 203.401663    34.7259      76290          4  0.000e+00
    699.071     1.6527   3.057214     1.6538   3.057579    4.67192    -0.1072    13.8155 0.0000e+00  -60.61667  -54.15050 1153561102 203.401664    34.7259      76291          4  0.000e+00
    699.139     1.6525   3.057200     1.6540   3.057591    4.67199    -0.0964    13.8155 0.0000e+00  -60.61667  -54.15050 1153561102 203.401664    34.7259      76292          4  0.000e+00
    699.139     1.6528   3.057221     1.6544   3.057597    4.67195    -0.1287    13.8155 0.0000e+00  -60.61667  -54.15050 1153561102 203.401665    34.7258      76293          4  0.000e+00
    599.307     1.7156   3.058054     1.7152   3.058277    4.62034    -0.0534    13.8155 0.0000e+00  -60.61667  -54.15050 1153561252 203.403402    34.7232      79895          5  0.000e+00
    599.211     1.7159   3.058051     1.7158   3.058259    4.62026    -0.0426    13.8155 0.0000e+00  -60.61667  -54.15050 1153561252 203.403402    34.7229      79896          5  0.000e+00
    599.163     1.7170   3.058133     1.7158   3.058265    4.62009    -0.0534    13.8155 0.0000e+00  -60.61667  -54.15050 1153561252 203.403403    34.7227      79897          5  0.000e+00
    599.211     1.7176   3.058202     1.7167   3.058325    4.62003    -0.0534    13.8155 0.0000e+00  -60.61667  -54.15050 1153561252 203.403403    34.7229      79898          5  0.000e+00
    599.134     1.7177   3.058236     1.7178   3.058391    4.61997    -0.0857    13.8155 0.0000e+00  -60.61667  -54.15050 1153561252 203.403404    34.7233      79899          5  0.000e+00
    599.086     1.7194   3.058312     1.7186   3.058451    4.61974    -0.1072    13.8155 0.0000e+00  -60.61667  -54.15050 1153561252 203.403404    34.7224      79900          5  0.000e+00
    599.134     1.7202   3.058353     1.7187   3.058541    4.61968    -0.1072    13.8155 0.0000e+00  -60.61667  -54.15050 1153561252 203.403405    34.7221      79901          5  0.000e+00
    599.067     1.7203   3.058360     1.7195   3.058577    4.61962    -0.1072    13.8155 0.0000e+00  -60.61667  -54.15050 1153561252 203.403405    34.7220      79902          5  0.000e+00
    599.019     1.7202   3.058326     1.7191   3.058559    4.61962    -0.1180    13.8155 0.0000e+00  -60.61667  -54.15050 1153561252 203.403406    34.7217      79903          5  0.000e+00
    598.990     1.7206   3.058329     1.7187   3.058523    4.61956    -0.0964    13.8155 0.0000e+00  -60.61667  -54.15050 1153561252 203.403406    34.7213      79904          5  0.000e+00
    599.019     1.7203   3.058353     1.7191   3.058541    4.61486    -0.0211    13.8155 0.0000e+00  -60.61667  -54.15050 1153561252 203.403407    34.7219      79905          5  0.000e+00
    598.990     1.7200   3.058326     1.7195   3.058553    4.61962    -0.0211    13.8155 0.0000e+00  -60.61667  -54.15050 1153561252 203.403407    34.7220      79906          5  0.000e+00
    598.922     1.7202   3.058346     1.7198   3.058589    4.61955    -0.0534    13.8155 0.0000e+00  -60.61667  -54.15050 1153561252 203.403408    34.7220      79907          5  0.000e+00
    598.874     1.7200   3.058288     1.7194   3.058583    4.61956    -0.0964    13.8155 0.0000e+00  -60.61667  -54.15050 1153561252 203.403408    34.7216      79908          5  0.000e+00
    598.922     1.7197   3.058281     1.7197   3.058583    4.61962    -0.0964    13.8155 0.0000e+00  -60.61667  -54.15050 1153561252 203.403409    34.7218      79909          5  0.000e+00
    598.874     1.7197   3.058308     1.7195   3.058595    4.61957    -0.0319    13.8155 0.0000e+00  -60.61667  -54.15050 1153561252 203.403409    34.7221      79910          5  0.000e+00
    598.855     1.7199   3.058312     1.7197   3.058565    4.62429    -0.0749    13.8155 0.0000e+00  -60.61667  -54.15050 1153561252 203.403410    34.7220      79911          5  0.000e+00
    598.855     1.7197   3.058329     1.7197   3.058589    4.62430    -0.0964    13.8155 0.0000e+00  -60.61667  -54.15050 1153561252 203.403410    34.7224      79912          5  0.000e+00
    598.807     1.7200   3.058353     1.7197   3.058553    4.61949    -0.1072    13.8155 0.0000e+00  -60.61667  -54.15050 1153561252 203.403410    34.7224      79913          5  0.000e+00
    598.778     1.7205   3.058360     1.7197   3.058589    4.61942    -0.0857    13.8155 0.0000e+00  -60.61667  -54.15050 1153561252 203.403411    34.7219      79914          5  0.000e+00
    598.711     1.7205   3.058343     1.7195   3.058565    4.61939    -0.0642    13.8155 0.0000e+00  -60.61667  -54.15050 1153561252 203.403411    34.7218      79915          5  0.000e+00
    598.730     1.7205   3.058336     1.7206   3.058607    4.61940    -0.0749    13.8155 0.0000e+00  -60.61667  -54.15050 1153561252 203.403412    34.7217      79916          5  0.000e+00
    598.711     1.7199   3.058298     1.7198   3.058613    4.61946    -0.0642    13.8155 0.0000e+00  -60.61667  -54.15050 1153561253 203.403412    34.7219      79917          5  0.000e+00
    598.730     1.7197   3.058308     1.7197   3.058589    4.61948    -0.0426    13.8155 0.0000e+00  -60.61667  -54.15050 1153561253 203.403413    34.7222      79918          5  0.000e+00
    598.634     1.7202   3.058295     1.7192   3.058547    4.61939    -0.0749    13.8155 0.0000e+00  -60.61667  -54.15050 1153561253 203.403413    34.7216      79919          5  0.000e+00
    598.634     1.7192   3.058250     1.7191   3.058547    4.61949    -0.0964    13.8155 0.0000e+00  -60.61667  -54.15050 1153561253 203.403414    34.7221      79920          5  0.000e+00
    598.663     1.7191   3.058257     1.7194   3.058565    4.61953    -0.1072    13.8155 0.0000e+00  -60.61667  -54.15050 1153561253 203.403414    34.7223      79921          5  0.000e+00
    598.567     1.7189   3.058212     1.7186   3.058577    4.61949    -0.0749    13.8155 0.0000e+00  -60.61667  -54.15050 1153561253 203.403415    34.7219      79922          5  0.000e+00
    598.634     1.7188   3.058226     1.7191   3.058517    4.62428    -0.0642    13.8155 0.0000e+00  -60.61667  -54.15050 1153561253 203.403415    34.7223      79923          5  0.000e+00
    598.519     1.7186   3.058240     1.7191   3.058553    4.61948    -0.0749    13.8155 0.0000e+00  -60.61667  -54.15050 1153561253 203.403416    34.7227      79924          5  0.000e+00
    598.567     1.7186   3.058188     1.7186   3.058535    4.61954    -0.0857    13.8155 0.0000e+00  -60.61667  -54.15050 1153561253 203.403416    34.7220      79925          5  0.000e+00
    598.500     1.7188   3.058185     1.7195   3.058505    4.61947    -0.0857    13.8155 0.0000e+00  -60.61667  -54.15050 1153561253 203.403417    34.7218      79926          5  0.000e+00
    598.452     1.7189   3.058191     1.7195   3.058529    4.61943    -0.0964    13.8155 0.0000e+00  -60.61667  -54.15050 1153561253 203.403417    34.7218      79927          5  0.000e+00
    598.500     1.7184   3.058226     1.7196   3.058505    4.62423    -0.0857    13.8155 0.0000e+00  -60.61667  -54.15050 1153561253 203.403418    34.7227      79928          5  0.000e+00
    598.452     1.7191   3.058188     1.7186   3.058517    4.61942    -0.0857    13.8155 0.0000e+00  -60.61667  -54.15050 1153561253 203.403418    34.7216      79929          5  0.000e+00
    598.423     1.7189   3.058164     1.7187   3.058517    4.61942    -0.1072    13.8155 0.0000e+00  -60.61667  -54.15050 1153561253 203.403419    34.7214      79930          5  0.000e+00
    598.356     1.7181   3.058164     1.7181   3.058517    4.62419    -0.0642    13.8155 0.0000e+00  -60.61667  -54.15050 1153561253 203.403419    34.7223      79931          5  0.000e+00
    598.375     1.7176   3.058092     1.7175   3.058505    4.62427    -0.0534    13.8155 0.0000e+00  -60.61667  -54.15050 1153561253 203.403420    34.7219      79932          5  0.000e+00
    598.356     1.7171   3.058071     1.7178   3.058445    4.62433    -0.0642    13.8155 0.0000e+00  -60.61667  -54.15050 1153561253 203.403420    34.7223      79933          5  0.000e+00
    598.356     1.7169   3.058085     1.7175   3.058457    4.62434    -0.0642    13.8155 0.0000e+00  -60.61667  -54.15050 1153561253 203.403421    34.7227      79934          5  0.000e+00
    598.308     1.7170   3.058126     1.7178   3.058469    4.62428    -0.0749    13.8155 0.0000e+00  -60.61667  -54.15050 1153561253 203.403421    34.7231      79935          5  0.000e+00
    598.356     1.7167   3.058126     1.7184   3.058481    4.61960    -0.0749    13.8155 0.0000e+00  -60.61667  -54.15050 1153561253 203.403422    34.7234      79936          5  0.000e+00
    598.308     1.7169   3.058098     1.7185   3.058493    4.61956    -0.1287    13.8155 0.0000e+00  -60.61667  -54.15050 1153561253 203.403422    34.7229      79937          5  0.000e+00
    598.279     1.7169   3.058109     1.7187   3.058517    4.61954    -0.1287    13.8155 0.0000e+00  -60.61667  -54.15050 1153561253 203.403423    34.7231      79938          5  0.000e+00
    598.356     1.7170   3.058116     1.7192   3.058559    4.61958    -0.1180    13.8155 0.0000e+00  -60.61667  -54.15050 1153561253 203.403423    34.7229      79939          5  0.000e+00
    598.308     1.7175   3.058102     1.7194   3.058577    4.62424    -0.0642    13.8155 0.0000e+00  -60.61667  -54.15050 1153561253 203.403424    34.7223      79940          5  0.000e+00
    598.279     1.7169   3.058092     1.7200   3.058601    4.61955    -0.0534    13.8155 0.0000e+00  -60.61667  -54.15050 1153561254 203.403424    34.7228      79941          5  0.000e+00
    598.279     1.7176   3.058184     1.7201   3.058661    4.61944    -0.0749    13.8155 0.0000e+00  -60.61667  -54.15050 1153561254 203.403424    34.7232      79942          5  0.000e+00
    598.308     1.7183   3.058339     1.7209   3.058691    4.61934    -0.0964    13.8155 0.0000e+00  -60.61667  -54.15050 1153561254 203.403425    34.7244      79943          5  0.000e+00
    500.106     1.8019   3.060615     1.8023   3.060952    4.55278    -0.0642    13.8155 0.0000e+00  -60.61667  -54.15050 1153561405 203.405180    34.7165      83583          6  0.000e+00
    500.221     1.8017   3.060587     1.8025   3.060964    4.55289    -0.0749    13.8155 0.0000e+00  -60.61667  -54.15050 1153561405 203.405181    34.7163      83584          6  0.000e+00
    500.039     1.8014   3.060584     1.8024   3.060945    4.55280    -0.0857    13.8155 0.0000e+00  -60.61667  -54.15050 1153561405 203.405181    34.7167      83585          6  0.000e+00
    500.039     1.8010   3.060587     1.8023   3.060933    4.55284    -0.0857    13.8155 0.0000e+00  -60.61667  -54.15050 1153561405 203.405182    34.7173      83586          6  0.000e+00
    500.087     1.8011   3.060566     1.8024   3.060933    4.55286    -0.1287    13.8155 0.0000e+00  -60.61667  -54.15050 1153561405 203.405182    34.7168      83587          6  0.000e+00
    500.039     1.8010   3.060580     1.8019   3.060891    4.55284    -0.0964    13.8155 0.0000e+00  -60.61667  -54.15050 1153561405 203.405183    34.7172      83588          6  0.000e+00
    499.962     1.8006   3.060566     1.8013   3.060897    4.55283    -0.0964    13.8155 0.0000e+00  -60.61667  -54.15050 1153561406 203.405183    34.7174      83589          6  0.000e+00
    499.962     1.8005   3.060532     1.8015   3.060885    4.55286    -0.1072    13.8155 0.0000e+00  -60.61667  -54.15050 1153561406 203.405184    34.7171      83590          6  0.000e+00
    499.943     1.8002   3.060498     1.8011   3.060879    4.55289    -0.1180    13.8155 0.0000e+00  -60.61667  -54.15050 1153561406 203.405184    34.7170      83591          6  0.000e+00
    499.895     1.8004   3.060508     1.8014   3.060879    4.55284    -0.0857    13.8155 0.0000e+00  -60.61667  -54.15050 1153561406 203.405185    34.7170      83592          6  0.000e+00
