product_data/regression_test/downloaded_data/MGDS/320620060703/ctd/p6619404.ros
* Sea-Bird SBE 9 Data File:
* FileName = D:\Data\Raw\p6619404.dat
* Software Version Seasave Win32 V 5.32
* Temperature SN = 1649
* Conductivity SN = 1431
* Number of Bytes Per Scan = 37
* Number of Voltage Words = 5
* Number of Scans Averaged by the Deck Unit = 1
* NMEA Latitude = 60 37.19 S
* NMEA Longitude = 055 40.25 W
* NMEA UTC (Time) = 04:56:00
** Ship:   Nathaniel B. Palmer 
** Cruise:    NBP0606 
# nquan = 17
# nvalues = 1176                    
# units = specified
# name 0 = prDM: Pressure, Digiquartz [db]
# name 1 = t090C: Temperature [ITS-90, deg C]
# name 2 = c0S/m: Conductivity [S/m]
# name 3 = t190C: Temperature, 2 [ITS-90, deg C]
# name 4 = c1S/m: Conductivity, 2 [S/m]
# name 5 = sbeox0ML/L: Oxygen, SBE 43 [ml/l]
# name 6 = flECO-AFL: Fluorescence, Wetlab ECO-AFL/FL [mg/m^3]
# name 7 = bat: Beam Attenuation, Chelsea/Seatech/Wetlab CStar [1/m]
# name 8 = spar: SPAR/Surface Irradiance
# name 9 = latitude: Latitude [deg]
# name 10 = longitude: Longitude [deg]
# name 11 = timeY: Time, System [seconds]
# name 12 = timeJ: Julian Days
# name 13 = sal00: Salinity [PSU]
# name 14 = scan: scan number
# name 15 = nbf: number of bottles fired
# name 16 = flag:  0.000e+00
# interval = seconds: 0.0416667                   
# start_time = Jul 24 2006 04:56:08
*END*
[from data line 341]
    150.316    -0.6702   2.801762    -0.6696   2.802113    7.29014    -0.0964    13.8155 0.0000e+00  -60.61983  -55.67083 1153719863 205.239177    34.3053      69527          7  0.000e+00
    150.249    -0.6695   2.801762    -0.6693   2.802095    7.28997    -0.1072    13.8155 0.0000e+00  -60.61983  -55.67083 1153719863 205.239178    34.3045      69528          7  0.000e+00
    100.475    -0.7529   2.790542    -0.7521   2.790997    7.44330    -0.0319    13.8155 0.0000e+00  -60.61983  -55.67083 1153719954 205.240228    34.2782      71706          8  0.000e+00
    100.513    -0.7528   2.790545    -0.7518   2.791015    7.44805    -0.0857    13.8155 0.0000e+00  -60.61983  -55.67083 1153719954 205.240229    34.2782      71707          8  0.000e+00
    100.475    -0.7532   2.790562    -0.7520   2.791050    7.44333    -0.0964    13.8155 0.0000e+00  -60.61983  -55.67083 1153719954 205.240229    34.2788      71708          8  0.000e+00
    100.408    -0.7533   2.790585    -0.7521   2.791050    7.44327    -0.0534    13.8155 0.0000e+00  -60.61983  -55.67083 1153719954 205.240230    34.2793      71709          8  0.000e+00
    100.475    -0.7527   2.790624    -0.7514   2.791021    7.44321    -0.0426    13.8155 0.0000e+00  -60.61983  -55.67083 1153719954 205.240230    34.2791      71710          8  0.000e+00
    100.542    -0.7526   2.790568    -0.7516   2.791073    7.44330    -0.0426    13.8155 0.0000e+00  -60.61983  -55.67083 1153719954 205.240231    34.2781      71711          8  0.000e+00
    100.475    -0.7533   2.790595    -0.7514   2.791073    7.44804    -0.0426    13.8155 0.0000e+00  -60.61983  -55.67083 1153719954 205.240231    34.2794      71712          8  0.000e+00
    100.475    -0.7529   2.790595    -0.7508   2.791102    7.44326     0.0219    13.8155 0.0000e+00  -60.61983  -55.67083 1153719954 205.240231    34.2789      71713          8  0.000e+00
    100.542    -0.7527   2.790624    -0.7515   2.791102    7.44328     0.0112    13.8155 0.0000e+00  -60.61983  -55.67083 1153719954 205.240232    34.2791      71714          8  0.000e+00
    100.475    -0.7523   2.790618    -0.7514   2.791032    7.44315    -0.0534    13.8155 0.0000e+00  -60.61983  -55.67083 1153719954 205.240232    34.2785      71715          8  0.000e+00
    100.542    -0.7524   2.790664    -0.7518   2.791050    7.44321    -0.0534    13.8155 0.0000e+00  -60.61983  -55.67083 1153719954 205.240233    34.2792      71716          8  0.000e+00
    100.475    -0.7524   2.790694    -0.7521   2.791026    7.44312    -0.0319    13.8155 0.0000e+00  -60.61983  -55.67083 1153719954 205.240233    34.2797      71717          8  0.000e+00
    100.514    -0.7525   2.790667    -0.7508   2.791073    7.44320    -0.0857    13.8155 0.0000e+00  -60.61983  -55.67083 1153719954 205.240234    34.2795      71718          8  0.000e+00
    100.542    -0.7524   2.790657    -0.7505   2.791172    7.44322    -0.0319    13.8155 0.0000e+00  -60.61983  -55.67083 1153719954 205.240234    34.2792      71719          8  0.000e+00
    100.542    -0.7525   2.790657    -0.7507   2.791160    7.44324     0.0004    13.8155 0.0000e+00  -60.61983  -55.67083 1153719954 205.240235    34.2793      71720          8  0.000e+00
    100.542    -0.7519   2.790674    -0.7504   2.791183    7.44313     0.0434    13.8155 0.0000e+00  -60.61983  -55.67083 1153719955 205.240235    34.2789      71721          8  0.000e+00
    100.475    -0.7518   2.790647    -0.7493   2.791259    7.44307     0.0434    13.8155 0.0000e+00  -60.61983  -55.67083 1153719955 205.240236    34.2784      71722          8  0.000e+00
    100.685    -0.7522   2.790667    -0.7491   2.791340    7.44333     0.0219    13.8155 0.0000e+00  -60.61983  -55.67083 1153719955 205.240236    34.2790      71723          8  0.000e+00
    100.542    -0.7523   2.790661    -0.7484   2.791398    7.44319    -0.0211    13.8155 0.0000e+00  -60.61983  -55.67083 1153719955 205.240237    34.2791      71724          8  0.000e+00
    100.542    -0.7521   2.790674    -0.7485   2.791410    7.44316    -0.0749    13.8155 0.0000e+00  -60.61983  -55.67083 1153719955 205.240237    34.2790      71725          8  0.000e+00
    100.619    -0.7518   2.790747    -0.7481   2.791410    7.44315    -0.0964    13.8155 0.0000e+00  -60.61983  -55.67083 1153719955 205.240238    34.2797      71726          8  0.000e+00
    100.542    -0.7519   2.790753    -0.7487   2.791352    7.44308    -0.0964    13.8155 0.0000e+00  -60.61983  -55.67083 1153719955 205.240238    34.2799      71727          8  0.000e+00
    100.619    -0.7515   2.790763    -0.7493   2.791334    7.44309    -0.0964    13.8155 0.0000e+00  -60.61983  -55.67083 1153719955 205.240239    34.2795      71728          8  0.000e+00
    100.590    -0.7508   2.790819    -0.7493   2.791317    7.44292    -0.0642    13.8155 0.0000e+00  -60.61983  -55.67083 1153719955 205.240239    34.2796      71729          8  0.000e+00
    100.542    -0.7513   2.790836    -0.7493   2.791265    7.44293    -0.0211    13.8155 0.0000e+00  -60.61983  -55.67083 1153719955 205.240240    34.2804      71730          8  0.000e+00
    100.542    -0.7507   2.790803    -0.7497   2.791270    7.44286    -0.0211    13.8155 0.0000e+00  -60.61983  -55.67083 1153719955 205.240240    34.2792      71731          8  0.000e+00
    100.619    -0.7512   2.790793    -0.7494   2.791241    7.44302    -0.0964    13.8155 0.0000e+00  -60.61983  -55.67083 1153719955 205.240241    34.2796      71732          8  0.000e+00
    100.542    -0.7508   2.790842    -0.7501   2.791265    7.44285    -0.0749    13.8155 0.0000e+00  -60.61983  -55.67083 1153719955 205.240241    34.2799      71733          8  0.000e+00
    100.619    -0.7510   2.790790    -0.7499   2.791241    7.44300    -0.0426    13.8155 0.0000e+00  -60.61983  -55.67083 1153719955 205.240242    34.2794      71734          8  0.000e+00
    100.542    -0.7507   2.790786    -0.7498   2.791282    7.44287    -0.0534    13.8155 0.0000e+00  -60.61983  -55.67083 1153719955 205.240242    34.2790      71735          8  0.000e+00
    100.619    -0.7515   2.790760    -0.7490   2.791323    7.44309    -0.0534    13.8155 0.0000e+00  -60.61983  -55.67083 1153719955 205.240243    34.2795      71736          8  0.000e+00
    100.619    -0.7516   2.790750    -0.7494   2.791317    7.44312    -0.0642    13.8155 0.0000e+00  -60.61983  -55.67083 1153719955 205.240243    34.2795      71737          8  0.000e+00
    100.619    -0.7515   2.790816    -0.7493   2.791265    7.44305    -0.0642    13.8155 0.0000e+00  -60.61983  -55.67083 1153719955 205.240244    34.2802      71738          8  0.000e+00
    100.619    -0.7507   2.790889    -0.7494   2.791294    7.44288    -0.0642    13.8155 0.0000e+00  -60.61983  -55.67083 1153719955 205.240244    34.2804      71739          8  0.000e+00
    100.657    -0.7510   2.790852    -0.7487   2.791363    7.44299    -0.0534    13.8155 0.0000e+00  -60.61983  -55.67083 1153719955 205.240245    34.2801      71740          8  0.000e+00
    100.686    -0.7509   2.790819    -0.7476   2.791485    7.44302    -0.0426    13.8155 0.0000e+00  -60.61983  -55.67083 1153719955 205.240245    34.2795      71741          8  0.000e+00
    100.686    -0.7513   2.790766    -0.7478   2.791480    7.44312    -0.0534    13.8155 0.0000e+00  -60.61983  -55.67083 1153719955 205.240245    34.2793      71742          8  0.000e+00
    100.686    -0.7516   2.790647    -0.7482   2.791427    7.44326    -0.0749    13.8155 0.0000e+00  -60.61983  -55.67083 1153719955 205.240246    34.2781      71743          8  0.000e+00
    100.753    -0.7524   2.790595    -0.7488   2.791352    7.44348    -0.0964    13.8155 0.0000e+00  -60.61983  -55.67083 1153719956 205.240246    34.2782      71744          8  0.000e+00
    100.753    -0.7526   2.790591    -0.7499   2.791230    7.44350    -0.0534    13.8155 0.0000e+00  -60.61983  -55.67083 1153719956 205.240247    34.2783      71745          8  0.000e+00
    100.829    -0.7527   2.790621    -0.7511   2.791079    7.44358     0.0219    13.8155 0.0000e+00  -60.61983  -55.67083 1153719956 205.240247    34.2788      71746          8  0.000e+00
    100.753    -0.7524   2.790651    -0.7519   2.791003    7.44344    -0.0211    13.8155 0.0000e+00  -60.61983  -55.67083 1153719956 205.240248    34.2790      71747          8  0.000e+00
    100.829    -0.7528   2.790608    -0.7523   2.790928    7.44361    -0.0857    13.8155 0.0000e+00  -60.61983  -55.67083 1153719956 205.240248    34.2788      71748          8  0.000e+00
    100.896    -0.7527   2.790591    -0.7533   2.790928    7.44367    -0.0642    13.8155 0.0000e+00  -60.61983  -55.67083 1153719956 205.240249    34.2784      71749          8  0.000e+00
    100.829    -0.7527   2.790608    -0.7527   2.790916    7.44360    -0.0426    13.8155 0.0000e+00  -60.61983  -55.67083 1153719956 205.240249    34.2787      71750          8  0.000e+00
    100.896    -0.7527   2.790611    -0.7531   2.790910    7.44366    -0.0211    13.8155 0.0000e+00  -60.61983  -55.67083 1153719956 205.240250    34.2787      71751          8  0.000e+00
    100.934    -0.7530   2.790595    -0.7530   2.790910    7.44376    -0.0534    13.8155 0.0000e+00  -60.61983  -55.67083 1153719956 205.240250    34.2788      71752          8  0.000e+00
    100.896    -0.7525   2.790572    -0.7524   2.790928    7.44366    -0.0534    13.8155 0.0000e+00  -60.61983  -55.67083 1153719956 205.240251    34.2779      71753          8  0.000e+00
    100.896    -0.7532   2.790568    -0.7529   2.790934    7.44376    -0.0642    13.8155 0.0000e+00  -60.61983  -55.67083 1153719956 205.240251    34.2786      71754          8  0.000e+00
    100.339    -0.7533   2.790495    -0.7534   2.790788    7.46212    -0.0749    13.8155 0.0000e+00  -60.61983  -55.67083 1153719971 205.240423    34.2781      72111          9  0.000e+00
    100.205    -0.7536   2.790466    -0.7533   2.790777    7.46206    -0.0857    13.8155 0.0000e+00  -60.61983  -55.67083 1153719971 205.240424    34.2782      72112          9  0.000e+00
    100.482    -0.7535   2.790472    -0.7535   2.790794    7.46231    -0.0749    13.8155 0.0000e+00  -60.61983  -55.67083 1153719971 205.240424    34.2779      72113          9  0.000e+00
    100.272    -0.7535   2.790495    -0.7534   2.790806    7.46208    -0.0319    13.8155 0.0000e+00  -60.61983  -55.67083 1153719971 205.240425    34.2784      72114          9  0.000e+00
    100.339    -0.7535   2.790499    -0.7534   2.790823    7.46215     0.0004    13.8155 0.0000e+00  -60.61983  -55.67083 1153719971 205.240425    34.2784      72115          9  0.000e+00
    100.339    -0.7536   2.790482    -0.7536   2.790788    7.46218    -0.0319    13.8155 0.0000e+00  -60.61983  -55.67083 1153719971 205.240426    34.2783      72116          9  0.000e+00
    100.339    -0.7535   2.790495    -0.7534   2.790794    7.46215    -0.0534    13.8155 0.0000e+00  -60.61983  -55.67083 1153719971 205.240426    34.2784      72117          9  0.000e+00
    100.339    -0.7539   2.790466    -0.7536   2.790782    7.46224    -0.0104    13.8155 0.0000e+00  -60.61983  -55.67083 1153719971 205.240427    34.2785      72118          9  0.000e+00
    100.339    -0.7536   2.790489    -0.7537   2.790753    7.46218    -0.0426    13.8155 0.0000e+00  -60.61983  -55.67083 1153719971 205.240427    34.2784      72119          9  0.000e+00
    100.377    -0.7536   2.790499    -0.7530   2.790806    7.46221    -0.0319    13.8155 0.0000e+00  -60.61983  -55.67083 1153719971 205.240428    34.2785      72120          9  0.000e+00
    100.415    -0.7536   2.790499    -0.7537   2.790812    7.46225     0.0327    13.8155 0.0000e+00  -60.61983  -55.67083 1153719971 205.240428    34.2785      72121          9  0.000e+00
    100.339    -0.7535   2.790482    -0.7533   2.790823    7.46216     0.0219    13.8155 0.0000e+00  -60.61983  -55.67083 1153719971 205.240429    34.2782      72122          9  0.000e+00
    100.415    -0.7535   2.790459    -0.7536   2.790812    7.46226     0.0004    13.8155 0.0000e+00  -60.61983  -55.67083 1153719971 205.240429    34.2778      72123          9  0.000e+00
    100.415    -0.7532   2.790472    -0.7537   2.790759    7.46220     0.0219    13.8155 0.0000e+00  -60.61983  -55.67083 1153719971 205.240430    34.2776      72124          9  0.000e+00
    100.415    -0.7541   2.790459    -0.7530   2.790829    7.46234    -0.0319    13.8155 0.0000e+00  -60.61983  -55.67083 1153719971 205.240430    34.2785      72125          9  0.000e+00
    100.482    -0.7536   2.790469    -0.7533   2.790817    7.46234    -0.0319    13.8155 0.0000e+00  -60.61983  -55.67083 1153719971 205.240431    34.2781      72126          9  0.000e+00
    100.415    -0.7538   2.790495    -0.7533   2.790806    7.46227    -0.0642    13.8155 0.0000e+00  -60.61983  -55.67083 1153719971 205.240431    34.2786      72127          9  0.000e+00
    100.482    -0.7540   2.790466    -0.7534   2.790806    7.46239    -0.0857    13.8155 0.0000e+00  -60.61983  -55.67083 1153719971 205.240432    34.2784      72128          9  0.000e+00
    100.416    -0.7533   2.790489    -0.7536   2.790806    7.46221    -0.0534    13.8155 0.0000e+00  -60.61983  -55.67083 1153719972 205.240432    34.2780      72129          9  0.000e+00
    100.482    -0.7541   2.790466    -0.7534   2.790765    7.46241    -0.0426    13.8155 0.0000e+00  -60.61983  -55.67083 1153719972 205.240433    34.2786      72130          9  0.000e+00
    100.521    -0.7541   2.790469    -0.7534   2.790788    7.46245    -0.0426    13.8155 0.0000e+00  -60.61983  -55.67083 1153719972 205.240433    34.2785      72131          9  0.000e+00
    100.482    -0.7538   2.790446    -0.7539   2.790806    7.46238    -0.0642    13.8155 0.0000e+00  -60.61983  -55.67083 1153719972 205.240434    34.2779      72132          9  0.000e+00
    100.482    -0.7539   2.790466    -0.7536   2.790782    7.46239    -0.0319    13.8155 0.0000e+00  -60.61983  -55.67083 1153719972 205.240434    34.2784      72133          9  0.000e+00
    100.549    -0.7536   2.790459    -0.7531   2.790777    7.46242     0.0004    13.8155 0.0000e+00  -60.61983  -55.67083 1153719972 205.240435    34.2779      72134          9  0.000e+00
    100.482    -0.7539   2.790456    -0.7539   2.790777    7.46239     0.0219    13.8155 0.0000e+00  -60.61983  -55.67083 1153719972 205.240435    34.2782      72135          9  0.000e+00
    100.549    -0.7538   2.790469    -0.7533   2.790794    7.46243     0.0219    13.8155 0.0000e+00  -60.61983  -55.67083 1153719972 205.240435    34.2782      72136          9  0.000e+00
    100.549    -0.7536   2.790459    -0.7537   2.790783    7.46242     0.0327    13.8155 0.0000e+00  -60.61983  -55.67083 1153719972 205.240436    34.2779      72137          9  0.000e+00
    100.549    -0.7538   2.790439    -0.7536   2.790794    7.46245     0.0004    13.8155 0.0000e+00  -60.61983  -55.67083 1153719972 205.240436    34.2778      72138          9  0.000e+00
    100.549    -0.7538   2.790466    -0.7538   2.790783    7.46243    -0.0211    13.8155 0.0000e+00  -60.61983  -55.67083 1153719972 205.240437    34.2782      72139          9  0.000e+00
    100.626    -0.7538   2.790479    -0.7533   2.790794    7.46722    -0.0534    13.8155 0.0000e+00  -60.61983  -55.67083 1153719972 205.240437    34.2783      72140          9  0.000e+00
    100.549    -0.7540   2.790476    -0.7531   2.790783    7.46245    -0.0642    13.8155 0.0000e+00  -60.61983  -55.67083 1153719972 205.240438    34.2785      72141          9  0.000e+00
    100.664    -0.7539   2.790459    -0.7536   2.790794    7.46258    -0.0642    13.8155 0.0000e+00  -60.61983  -55.67083 1153719972 205.240438    34.2782      72142          9  0.000e+00
    100.626    -0.7533   2.790472    -0.7534   2.790783    7.46244    -0.0857    13.8155 0.0000e+00  -60.61983  -55.67083 1153719972 205.240439    34.2777      72143          9  0.000e+00
