product_data/regression_test/downloaded_data/MGDS/320620060703/ctd/p6619505.cnv
* Sea-Bird SBE 9 Data File:
* FileName = D:\Data\Raw\p6619505.dat
* Software Version Seasave Win32 V 5.32
* Temperature SN = 1649
* Conductivity SN = 1431
* Number of Bytes Per Scan = 37
* Number of Voltage Words = 5
* Number of Scans Averaged by the Deck Unit = 1
* NMEA Latitude = 60 45.25 S
* NMEA Longitude = 056 54.10 W
* NMEA UTC (Time) = 18:24:37
** Ship:   Nathaniel B. Palmer 
** Cruise:    NBP0606 
# nquan = 15
# nvalues = 1001                        
# units = specified
# name 0 = prDM: Pressure, Digiquartz [db]
# name 1 = t090C: Temperature [ITS-90, deg C]
# name 2 = c0S/m: Conductivity [S/m]
# name 3 = t190C: Temperature, 2 [ITS-90, deg C]
# name 4 = c1S/m: Conductivity, 2 [S/m]
# name 5 = sbeox0ML/L: Oxygen, SBE 43 [ml/l]
# name 6 = flECO-AFL: Fluorescence, Wetlab ECO-AFL/FL [mg/m^3]
# name 7 = bat: Beam Attenuation, Chelsea/Seatech/Wetlab CStar [1/m]
# name 8 = spar: SPAR/Surface Irradiance
# name 9 = latitude: Latitude [deg]
# name 10 = longitude: Longitude [deg]
# name 11 = timeY: Time, System [seconds]
# name 12 = timeJ: Julian Days
# name 13 = sal00: Salinity [PSU]
# name 14 = flag: flag
# span 0 =      2.000,   1002.000       
# span 1 =    -1.0137,     2.0792       
# span 2 =   2.738941,   3.081634       
# span 3 =    -1.0132,     2.0791       
# span 4 =   2.739338,   3.081967       
# span 5 =    4.37306,    8.14271       
# span 6 =    -0.1115,     0.4293       
# span 7 =    13.8155,    13.8155       
# span 8 = 4.7794e+01, 9.9853e+01       
# span 9 =  -60.75417,  -60.75417       
# span 10 =  -56.90167,  -56.90167      
# span 11 = 1153765488, 1153767078      
# span 12 = 205.767224, 205.785629      
# span 13 =    33.8624,    34.7211      
# span 14 = 0.0000e+00, 0.0000e+00      
# interval = decibars: 1                
# start_time = Jul 24 2006 18:24:45
# bad_flag = -9.990e-29
*END*
[from data line 290]
    292.000     2.0072   3.052667     2.0082   3.053061    4.49924    -0.0695    13.8155 7.1689e+01  -60.75417  -56.90167 1153766092 205.774225    34.5102 0.0000e+00
    293.000     2.0131   3.053667     2.0138   3.053991    4.49726    -0.0745    13.8155 7.0628e+01  -60.75417  -56.90167 1153766093 205.774237    34.5158 0.0000e+00
    294.000     2.0139   3.053901     2.0144   3.054179    4.49375    -0.0661    13.8155 7.0418e+01  -60.75417  -56.90167 1153766094 205.774248    34.5170 0.0000e+00
    295.000     2.0158   3.054297     2.0164   3.054585    4.48950    -0.0771    13.8155 7.0212e+01  -60.75417  -56.90167 1153766095 205.774259    34.5194 0.0000e+00
    296.000     2.0186   3.054714     2.0188   3.055001    4.48800    -0.0803    13.8155 7.0549e+01  -60.75417  -56.90167 1153766096 205.774270    34.5210 0.0000e+00
    297.000     2.0189   3.054807     2.0192   3.055091    4.48439    -0.0562    13.8155 7.1311e+01  -60.75417  -56.90167 1153766096 205.774280    34.5213 0.0000e+00
    298.000     2.0190   3.054885     2.0194   3.055164    4.48397    -0.0732    13.8155 7.1645e+01  -60.75417  -56.90167 1153766097 205.774289    34.5215 0.0000e+00
    299.000     2.0194   3.054964     2.0196   3.055248    4.48339    -0.0691    13.8155 7.0161e+01  -60.75417  -56.90167 1153766098 205.774297    34.5215 0.0000e+00
    300.000     2.0195   3.055026     2.0197   3.055314    4.48030    -0.0851    13.8155 6.9903e+01  -60.75417  -56.90167 1153766099 205.774305    34.5217 0.0000e+00
    301.000     2.0193   3.055087     2.0195   3.055372    4.47728    -0.0759    13.8155 7.1080e+01  -60.75417  -56.90167 1153766100 205.774315    34.5222 0.0000e+00
    302.000     2.0189   3.055123     2.0191   3.055406    4.47231    -0.0762    13.8155 7.1424e+01  -60.75417  -56.90167 1153766102 205.774347    34.5225 0.0000e+00
    303.000     2.0187   3.055208     2.0192   3.055463    4.47301    -0.0777    13.8155 7.1140e+01  -60.75417  -56.90167 1153766104 205.774369    34.5238 0.0000e+00
    304.000     2.0184   3.055515     2.0187   3.055798    4.47324    -0.0743    13.8155 7.1914e+01  -60.75417  -56.90167 1153766105 205.774379    34.5269 0.0000e+00
    305.000     2.0187   3.055625     2.0191   3.055903    4.47312    -0.0647    13.8155 7.2174e+01  -60.75417  -56.90167 1153766106 205.774392    34.5274 0.0000e+00
    306.000     2.0192   3.055741     2.0196   3.056027    4.47575    -0.0838    13.8155 7.2421e+01  -60.75417  -56.90167 1153766108 205.774412    34.5277 0.0000e+00
    307.000     2.0201   3.055948     2.0204   3.056239    4.47408    -0.0861    13.8155 7.1881e+01  -60.75417  -56.90167 1153766109 205.774426    34.5288 0.0000e+00
    308.000     2.0191   3.055998     2.0194   3.056283    4.47014    -0.0737    13.8155 7.1753e+01  -60.75417  -56.90167 1153766110 205.774435    34.5299 0.0000e+00
    309.000     2.0189   3.056140     2.0192   3.056433    4.46704    -0.0712    13.8155 7.1845e+01  -60.75417  -56.90167 1153766111 205.774443    34.5315 0.0000e+00
    310.000     2.0200   3.056468     2.0203   3.056744    4.46364    -0.0797    13.8155 7.1739e+01  -60.75417  -56.90167 1153766111 205.774450    34.5337 0.0000e+00
    311.000     2.0208   3.056603     2.0209   3.056884    4.46135    -0.0837    13.8155 7.0666e+01  -60.75417  -56.90167 1153766112 205.774458    34.5340 0.0000e+00
    312.000     2.0204   3.056638     2.0208   3.056921    4.45718    -0.0731    13.8155 7.1480e+01  -60.75417  -56.90167 1153766114 205.774477    34.5342 0.0000e+00
    313.000     2.0201   3.056578     2.0206   3.056875    4.45573    -0.0855    13.8155 7.1989e+01  -60.75417  -56.90167 1153766116 205.774508    34.5336 0.0000e+00
    314.000     2.0203   3.056752     2.0207   3.057041    4.45278    -0.0841    13.8155 7.1091e+01  -60.75417  -56.90167 1153766117 205.774519    34.5347 0.0000e+00
    315.000     2.0197   3.056799     2.0201   3.057080    4.45074    -0.0865    13.8155 7.0052e+01  -60.75417  -56.90167 1153766118 205.774530    34.5354 0.0000e+00
    316.000     2.0207   3.057082     2.0212   3.057383    4.44944    -0.0871    13.8155 7.1611e+01  -60.75417  -56.90167 1153766120 205.774547    34.5372 0.0000e+00
    317.000     2.0217   3.057271     2.0222   3.057612    4.44994    -0.0710    13.8155 7.2476e+01  -60.75417  -56.90167 1153766122 205.774577    34.5379 0.0000e+00
    318.000     2.0224   3.057465     2.0226   3.057760    4.44956    -0.0740    13.8155 -9.990e-29  -60.75417  -56.90167 1153766123 205.774591    34.5391 0.0000e+00
    319.000     2.0230   3.057614     2.0232   3.057905    4.44769    -0.0699    13.8155 -9.990e-29  -60.75417  -56.90167 1153766124 205.774601    34.5397 0.0000e+00
    320.000     2.0232   3.057691     2.0234   3.057975    4.44737    -0.0790    13.8155 -9.990e-29  -60.75417  -56.90167 1153766125 205.774609    34.5399 0.0000e+00
    321.000     2.0236   3.057800     2.0238   3.058088    4.44677    -0.0580    13.8155 -9.990e-29  -60.75417  -56.90167 1153766126 205.774618    34.5402 0.0000e+00
    322.000     2.0246   3.057970     2.0248   3.058262    4.44619    -0.0783    13.8155 -9.990e-29  -60.75417  -56.90167 1153766127 205.774628    34.5408 0.0000e+00
    323.000     2.0260   3.058236     2.0264   3.058533    4.44540    -0.0727    13.8155 -9.990e-29  -60.75417  -56.90167 1153766127 205.774639    34.5419 0.0000e+00
    324.000     2.0279   3.058537     2.0283   3.058828    4.44303    -0.0654    13.8155 7.2359e+01  -60.75417  -56.90167 1153766129 205.774653    34.5430 0.0000e+00
    325.000     2.0271   3.058451     2.0277   3.058790    4.44347    -0.0718    13.8155 7.2048e+01  -60.75417  -56.90167 1153766131 205.774684    34.5423 0.0000e+00
    326.000     2.0308   3.059075     2.0318   3.059427    4.43839    -0.0762    13.8155 7.2081e+01  -60.75417  -56.90167 1153766133 205.774706    34.5455 0.0000e+00
    327.000     2.0331   3.059483     2.0333   3.059780    4.43464    -0.0735    13.8155 -9.990e-29  -60.75417  -56.90167 1153766134 205.774718    34.5474 0.0000e+00
    328.000     2.0342   3.059717     2.0346   3.060012    4.43229    -0.0718    13.8155 -9.990e-29  -60.75417  -56.90167 1153766135 205.774729    34.5486 0.0000e+00
    329.000     2.0360   3.060027     2.0362   3.060303    4.42829    -0.0652    13.8155 -9.990e-29  -60.75417  -56.90167 1153766136 205.774742    34.5500 0.0000e+00
    330.000     2.0383   3.060431     2.0386   3.060692    4.42591    -0.0783    13.8155 -9.990e-29  -60.75417  -56.90167 1153766138 205.774755    34.5519 0.0000e+00
    331.000     2.0405   3.060772     2.0409   3.061074    4.42318    -0.0764    13.8155 -9.990e-29  -60.75417  -56.90167 1153766139 205.774772    34.5532 0.0000e+00
    332.000     2.0424   3.061084     2.0430   3.061393    4.42075    -0.0767    13.8155 -9.990e-29  -60.75417  -56.90167 1153766141 205.774794    34.5545 0.0000e+00
    333.000     2.0428   3.061193     2.0431   3.061477    4.42043    -0.0692    13.8155 -9.990e-29  -60.75417  -56.90167 1153766142 205.774809    34.5549 0.0000e+00
    334.000     2.0432   3.061284     2.0436   3.061583    4.41945    -0.0791    13.8155 -9.990e-29  -60.75417  -56.90167 1153766143 205.774820    34.5550 0.0000e+00
    335.000     2.0436   3.061404     2.0440   3.061692    4.42079    -0.0783    13.8155 -9.990e-29  -60.75417  -56.90167 1153766144 205.774833    34.5555 0.0000e+00
    336.000     2.0443   3.061557     2.0446   3.061862    4.42389    -0.0691    13.8155 -9.990e-29  -60.75417  -56.90167 1153766146 205.774849    34.5562 0.0000e+00
    337.000     2.0451   3.061753     2.0457   3.062104    4.42440    -0.0701    13.8155 -9.990e-29  -60.75417  -56.90167 1153766147 205.774864    34.5572 0.0000e+00
    338.000     2.0457   3.061917     2.0459   3.062196    4.42191    -0.0810    13.8155 -9.990e-29  -60.75417  -56.90167 1153766148 205.774875    34.5580 0.0000e+00
    339.000     2.0459   3.061985     2.0461   3.062270    4.42030    -0.0714    13.8155 -9.990e-29  -60.75417  -56.90167 1153766149 205.774885    34.5581 0.0000e+00
    340.000     2.0460   3.062042     2.0463   3.062327    4.41758    -0.0799    13.8155 -9.990e-29  -60.75417  -56.90167 1153766150 205.774895    34.5582 0.0000e+00
    341.000     2.0458   3.062064     2.0462   3.062357    4.41820    -0.0780    13.8155 7.2081e+01  -60.75417  -56.90167 1153766152 205.774923    34.5580 0.0000e+00
    342.000     2.0458   3.062069     2.0462   3.062402    4.42167    -0.0612    13.8155 7.2081e+01  -60.75417  -56.90167 1153766156 205.774969    34.5577 0.0000e+00
    343.000     2.0467   3.062285     2.0469   3.062573    4.42018    -0.0846    13.8155 7.2081e+01  -60.75417  -56.90167 1153766157 205.774977    34.5588 0.0000e+00
    344.000     2.0476   3.062450     2.0479   3.062752    4.41758    -0.0869    13.8155 7.2081e+01  -60.75417  -56.90167 1153766157 205.774985    34.5592 0.0000e+00
    345.000     2.0482   3.062573     2.0483   3.062870    4.41396    -0.0791    13.8155 7.2081e+01  -60.75417  -56.90167 1153766158 205.774992    34.5597 0.0000e+00
    346.000     2.0487   3.062722     2.0486   3.063009    4.41270    -0.0609    13.8155 7.2081e+01  -60.75417  -56.90167 1153766159 205.774999    34.5603 0.0000e+00
    347.000     2.0482   3.062791     2.0480   3.063089    4.41170    -0.0811    13.8155 -9.990e-29  -60.75417  -56.90167 1153766159 205.775006    34.5612 0.0000e+00
    348.000     2.0476   3.062829     2.0471   3.063125    4.41094    -0.0693    13.8155 -9.990e-29  -60.75417  -56.90167 1153766160 205.775013    34.5618 0.0000e+00
    349.000     2.0473   3.062837     2.0469   3.063146    4.41059    -0.0719    13.8155 -9.990e-29  -60.75417  -56.90167 1153766160 205.775019    34.5616 0.0000e+00
    350.000     2.0474   3.062859     2.0474   3.063156    4.41193    -0.0799    13.8155 -9.990e-29  -60.75417  -56.90167 1153766163 205.775050    34.5613 0.0000e+00
    351.000     2.0466   3.062876     2.0470   3.063181    4.41247    -0.0791    13.8155 -9.990e-29  -60.75417  -56.90167 1153766167 205.775091    34.5620 0.0000e+00
    352.000     2.0436   3.062854     2.0440   3.063161    4.41267    -0.0716    13.8155 -9.990e-29  -60.75417  -56.90167 1153766167 205.775100    34.5643 0.0000e+00
    353.000     2.0432   3.062897     2.0433   3.063206    4.41232    -0.0702    13.8155 -9.990e-29  -60.75417  -56.90167 1153766168 205.775108    34.5648 0.0000e+00
    354.000     2.0427   3.062922     2.0428   3.063234    4.40962    -0.0740    13.8155 -9.990e-29  -60.75417  -56.90167 1153766169 205.775115    34.5650 0.0000e+00
    355.000     2.0424   3.062981     2.0422   3.063279    4.40858    -0.0724    13.8155 -9.990e-29  -60.75417  -56.90167 1153766169 205.775122    34.5656 0.0000e+00
    356.000     2.0439   3.063219     2.0444   3.063573    4.40938    -0.0772    13.8155 -9.990e-29  -60.75417  -56.90167 1153766170 205.775135    34.5663 0.0000e+00
    357.000     2.0433   3.063153     2.0436   3.063452    4.41039    -0.0857    13.8155 -9.990e-29  -60.75417  -56.90167 1153766173 205.775166    34.5656 0.0000e+00
    358.000     2.0450   3.063556     2.0454   3.063829    4.40626    -0.0811    13.8155 -9.990e-29  -60.75417  -56.90167 1153766174 205.775179    34.5681 0.0000e+00
    359.000     2.0445   3.063646     2.0448   3.063936    4.40281    -0.0783    13.8155 -9.990e-29  -60.75417  -56.90167 1153766175 205.775190    34.5692 0.0000e+00
    360.000     2.0447   3.063724     2.0448   3.064027    4.40261    -0.0730    13.8155 -9.990e-29  -60.75417  -56.90167 1153766176 205.775199    34.5694 0.0000e+00
    361.000     2.0448   3.063775     2.0451   3.064078    4.40290    -0.0719    13.8155 -9.990e-29  -60.75417  -56.90167 1153766177 205.775208    34.5694 0.0000e+00
    362.000     2.0447   3.063832     2.0450   3.064118    4.40334    -0.0779    13.8155 -9.990e-29  -60.75417  -56.90167 1153766178 205.775223    34.5697 0.0000e+00
    363.000     2.0457   3.064006     2.0459   3.064279    4.40166    -0.0815    13.8155 7.2081e+01  -60.75417  -56.90167 1153766180 205.775243    34.5702 0.0000e+00
    364.000     2.0466   3.064152     2.0468   3.064448    4.39830    -0.0834    13.8155 7.2081e+01  -60.75417  -56.90167 1153766181 205.775262    34.5704 0.0000e+00
    365.000     2.0470   3.064259     2.0475   3.064566    4.39888    -0.0762    13.8155 7.2081e+01  -60.75417  -56.90167 1153766183 205.775278    34.5708 0.0000e+00
    366.000     2.0472   3.064313     2.0474   3.064612    4.40075    -0.0715    13.8155 7.2195e+01  -60.75417  -56.90167 1153766185 205.775298    34.5706 0.0000e+00
    367.000     2.0474   3.064408     2.0476   3.064681    4.40215    -0.0789    13.8155 7.3866e+01  -60.75417  -56.90167 1153766187 205.775323    34.5711 0.0000e+00
    368.000     2.0511   3.064859     2.0517   3.065232    4.40257    -0.0838    13.8155 7.3775e+01  -60.75417  -56.90167 1153766188 205.775338    34.5722 0.0000e+00
    369.000     2.0520   3.065024     2.0523   3.065324    4.40224    -0.0930    13.8155 7.3593e+01  -60.75417  -56.90167 1153766189 205.775347    34.5726 0.0000e+00
    370.000     2.0536   3.065296     2.0539   3.065589    4.39949    -0.0812    13.8155 7.3795e+01  -60.75417  -56.90167 1153766189 205.775355    34.5736 0.0000e+00
    371.000     2.0548   3.065535     2.0548   3.065832    4.39878    -0.0831    13.8155 7.3046e+01  -60.75417  -56.90167 1153766190 205.775363    34.5747 0.0000e+00
    372.000     2.0549   3.065607     2.0550   3.065895    4.39788    -0.0820    13.8155 7.3576e+01  -60.75417  -56.90167 1153766191 205.775371    34.5750 0.0000e+00
    373.000     2.0552   3.065818     2.0555   3.066106    4.39621    -0.0742    13.8155 7.3811e+01  -60.75417  -56.90167 1153766192 205.775387    34.5767 0.0000e+00
    374.000     2.0556   3.065968     2.0559   3.066283    4.39383    -0.0753    13.8155 7.3752e+01  -60.75417  -56.90167 1153766194 205.775407    34.5776 0.0000e+00
    375.000     2.0556   3.066036     2.0557   3.066336    4.39334    -0.0847    13.8155 7.3382e+01  -60.75417  -56.90167 1153766195 205.775421    34.5780 0.0000e+00
    376.000     2.0553   3.066068     2.0555   3.066373    4.39388    -0.0885    13.8155 7.3362e+01  -60.75417  -56.90167 1153766196 205.775435    34.5782 0.0000e+00
    377.000     2.0553   3.066112     2.0556   3.066418    4.39283    -0.0716    13.8155 7.3530e+01  -60.75417  -56.90167 1153766200 205.775473    34.5781 0.0000e+00
    378.000     2.0556   3.066248     2.0559   3.066551    4.39246    -0.0685    13.8155 7.2772e+01  -60.75417  -56.90167 1153766201 205.775492    34.5790 0.0000e+00
    379.000     2.0582   3.066669     2.0581   3.066921    4.39115    -0.0829    13.8155 7.3639e+01  -60.75417  -56.90167 1153766202 205.775502    34.5808 0.0000e+00
    380.000     2.0595   3.066902     2.0595   3.067196    4.39126    -0.0724    13.8155 7.3823e+01  -60.75417  -56.90167 1153766203 205.775511    34.5817 0.0000e+00
    381.000     2.0600   3.067062     2.0601   3.067359    4.39087    -0.0866    13.8155 7.3994e+01  -60.75417  -56.90167 1153766204 205.775520    34.5826 0.0000e+00
    382.000     2.0606   3.067199     2.0608   3.067502    4.39074    -0.0694    13.8155 7.3573e+01  -60.75417  -56.90167 1153766204 205.775529    34.5831 0.0000e+00
    383.000     2.0608   3.067274     2.0610   3.067568    4.39053    -0.0779    13.8155 7.3116e+01  -60.75417  -56.90167 1153766205 205.775539    34.5832 0.0000e+00
    384.000     2.0612   3.067360     2.0614   3.067656    4.38776    -0.0638    13.8155 7.3690e+01  -60.75417  -56.90167 1153766206 205.775549    34.5834 0.0000e+00
    385.000     2.0615   3.067442     2.0618   3.067741    4.38777    -0.0704    13.8155 7.3635e+01  -60.75417  -56.90167 1153766208 205.775566    34.5834 0.0000e+00
    386.000     2.0611   3.067470     2.0614   3.067776    4.38875    -0.0712    13.8155 7.3221e+01  -60.75417  -56.90167 1153766210 205.775591    34.5837 0.0000e+00
