product_data/regression_test/downloaded_data/MGDS/320620060703/ctd/p6618701.ros
* Sea-Bird SBE 9 Data File:
* FileName = D:\Data\Raw\p6618701.dat
* Software Version Seasave Win32 V 5.32
* Temperature SN = 1649
* Conductivity SN = 1431
* Number of Bytes Per Scan = 37
* Number of Voltage Words = 5
* Number of Scans Averaged by the Deck Unit = 1
* NMEA Latitude = 60 48.00 S
* NMEA Longitude = 054 14.73 W
* NMEA UTC (Time) = 02:15:03
** Ship:   Nathaniel B. Palmer 
** Cruise:    NBP0606 
# nquan = 17
# nvalues = 1176                    
# units = specified
# name 0 = prDM: Pressure, Digiquartz [db]
# name 1 = t090C: Temperature [ITS-90, deg C]
# name 2 = c0S/m: Conductivity [S/m]
# name 3 = t190C: Temperature, 2 [ITS-90, deg C]
# name 4 = c1S/m: Conductivity, 2 [S/m]
# name 5 = sbeox0ML/L: Oxygen, SBE 43 [ml/l]
# name 6 = flECO-AFL: Fluorescence, Wetlab ECO-AFL/FL [mg/m^3]
# name 7 = bat: Beam Attenuation, Chelsea/Seatech/Wetlab CStar [1/m]
# name 8 = spar: SPAR/Surface Irradiance
# name 9 = latitude: Latitude [deg]
# name 10 = longitude: Longitude [deg]
# name 11 = timeY: Time, System [seconds]
# name 12 = timeJ: Julian Days
# name 13 = sal00: Salinity [PSU]
# name 14 = scan: scan number
# name 15 = nbf: number of bottles fired
# name 16 = flag:  0.000e+00
# interval = seconds: 0.0416667                   
# start_time = Jul 23 2006 02:15:11
*END*
   2024.362     0.0253   2.968038     0.0251   2.968340    5.70521    -0.0964    13.8155 0.0000e+00  -60.80000  -54.24550 1153623658 204.125692    34.6624      65971          1  0.000e+00
   2024.313     0.0254   2.968062     0.0252   2.968328    5.70514    -0.0964    13.8155 0.0000e+00  -60.80000  -54.24550 1153623658 204.125692    34.6626      65972          1  0.000e+00
   2024.293     0.0249   2.968055     0.0251   2.968346    5.70518    -0.0964    13.8155 0.0000e+00  -60.80000  -54.24550 1153623658 204.125693    34.6630      65973          1  0.000e+00
   2024.293     0.0248   2.968028     0.0255   2.968334    5.70522    -0.1180    13.8155 0.0000e+00  -60.80000  -54.24550 1153623658 204.125693    34.6628      65974          1  0.000e+00
   2024.293     0.0251   2.968025     0.0255   2.968346    5.70518    -0.0964    13.8155 0.0000e+00  -60.80000  -54.24550 1153623658 204.125693    34.6625      65975          1  0.000e+00
   2024.313     0.0251   2.968038     0.0251   2.968334    5.69920    -0.0749    13.8155 0.0000e+00  -60.80000  -54.24550 1153623658 204.125694    34.6626      65976          1  0.000e+00
   2024.293     0.0249   2.968062     0.0254   2.968328    5.70518    -0.1072    13.8155 0.0000e+00  -60.80000  -54.24550 1153623658 204.125694    34.6631      65977          1  0.000e+00
   2024.293     0.0249   2.968055     0.0252   2.968346    5.70518    -0.1180    13.8155 0.0000e+00  -60.80000  -54.24550 1153623658 204.125695    34.6630      65978          1  0.000e+00
   2024.137     0.0253   2.968011     0.0245   2.968358    5.70504    -0.0749    13.8155 0.0000e+00  -60.80000  -54.24550 1153623658 204.125695    34.6622      65979          1  0.000e+00
   2024.313     0.0249   2.968038     0.0251   2.968334    5.70521    -0.0964    13.8155 0.0000e+00  -60.80000  -54.24550 1153623658 204.125696    34.6628      65980          1  0.000e+00
   2024.215     0.0251   2.968028     0.0251   2.968304    5.70512    -0.1287    13.8155 0.0000e+00  -60.80000  -54.24550 1153623658 204.125696    34.6625      65981          1  0.000e+00
   2024.137     0.0247   2.968008     0.0254   2.968316    5.70512    -0.1072    13.8155 0.0000e+00  -60.80000  -54.24550 1153623658 204.125697    34.6628      65982          1  0.000e+00
   2024.215     0.0251   2.968035     0.0252   2.968304    5.70511    -0.0857    13.8155 0.0000e+00  -60.80000  -54.24550 1153623659 204.125697    34.6626      65983          1  0.000e+00
   2024.166     0.0248   2.968045     0.0253   2.968316    5.70511    -0.1180    13.8155 0.0000e+00  -60.80000  -54.24550 1153623659 204.125698    34.6631      65984          1  0.000e+00
   2024.137     0.0248   2.968015     0.0251   2.968346    5.70510    -0.1287    13.8155 0.0000e+00  -60.80000  -54.24550 1153623659 204.125698    34.6627      65985          1  0.000e+00
   2024.137     0.0249   2.968035     0.0249   2.968334    5.70507    -0.0642    13.8155 0.0000e+00  -60.80000  -54.24550 1153623659 204.125699    34.6629      65986          1  0.000e+00
   2024.137     0.0249   2.968049     0.0255   2.968304    5.70506    -0.0534    13.8155 0.0000e+00  -60.80000  -54.24550 1153623659 204.125699    34.6630      65987          1  0.000e+00
   2024.088     0.0249   2.968028     0.0248   2.968316    5.70504    -0.0426    13.8155 0.0000e+00  -60.80000  -54.24550 1153623659 204.125700    34.6628      65988          1  0.000e+00
   2024.068     0.0251   2.968001     0.0250   2.968328    5.70501    -0.0534    13.8155 0.0000e+00  -60.80000  -54.24550 1153623659 204.125700    34.6623      65989          1  0.000e+00
   2024.137     0.0248   2.968038     0.0252   2.968328    5.70509    -0.0642    13.8155 0.0000e+00  -60.80000  -54.24550 1153623659 204.125701    34.6631      65990          1  0.000e+00
   2024.068     0.0247   2.968062     0.0249   2.968328    5.70504    -0.1072    13.8155 0.0000e+00  -60.80000  -54.24550 1153623659 204.125701    34.6636      65991          1  0.000e+00
   2024.019     0.0248   2.968038     0.0248   2.968328    5.70499    -0.1180    13.8155 0.0000e+00  -60.80000  -54.24550 1153623659 204.125702    34.6631      65992          1  0.000e+00
   2024.068     0.0245   2.968021     0.0248   2.968328    5.70508    -0.1287    13.8155 0.0000e+00  -60.80000  -54.24550 1153623659 204.125702    34.6632      65993          1  0.000e+00
   2024.068     0.0253   2.968008     0.0248   2.968328    5.70499    -0.0749    13.8155 0.0000e+00  -60.80000  -54.24550 1153623659 204.125703    34.6622      65994          1  0.000e+00
   2023.990     0.0245   2.968015     0.0252   2.968286    5.70502    -0.0964    13.8155 0.0000e+00  -60.80000  -54.24550 1153623659 204.125703    34.6632      65995          1  0.000e+00
   2024.019     0.0251   2.968001     0.0246   2.968292    5.70498    -0.1180    13.8155 0.0000e+00  -60.80000  -54.24550 1153623659 204.125704    34.6623      65996          1  0.000e+00
   2023.990     0.0249   2.968038     0.0248   2.968281    5.70495    -0.0857    13.8155 0.0000e+00  -60.80000  -54.24550 1153623659 204.125704    34.6630      65997          1  0.000e+00
   2023.990     0.0247   2.968028     0.0248   2.968310    5.70499    -0.1180    13.8155 0.0000e+00  -60.80000  -54.24550 1153623659 204.125705    34.6632      65998          1  0.000e+00
   2023.990     0.0242   2.967991     0.0245   2.968304    5.70507    -0.1072    13.8155 0.0000e+00  -60.80000  -54.24550 1153623659 204.125705    34.6632      65999          1  0.000e+00
   2024.019     0.0245   2.968011     0.0249   2.968298    5.70505    -0.0857    13.8155 0.0000e+00  -60.80000  -54.24550 1153623659 204.125706    34.6631      66000          1  0.000e+00
   2023.921     0.0247   2.968021     0.0246   2.968316    5.70494    -0.0749    13.8155 0.0000e+00  -60.80000  -54.24550 1153623659 204.125706    34.6631      66001          1  0.000e+00
   2023.990     0.0245   2.968008     0.0243   2.968304    5.70502    -0.0857    13.8155 0.0000e+00  -60.80000  -54.24550 1153623659 204.125707    34.6631      66002          1  0.000e+00
   2023.921     0.0248   2.968035     0.0248   2.968316    5.70492    -0.1180    13.8155 0.0000e+00  -60.80000  -54.24550 1153623659 204.125707    34.6631      66003          1  0.000e+00
   2023.941     0.0244   2.968032     0.0244   2.968304    5.70499    -0.1072    13.8155 0.0000e+00  -60.80000  -54.24550 1153623659 204.125707    34.6636      66004          1  0.000e+00
   2023.921     0.0243   2.967987     0.0246   2.968316    5.70500    -0.0642    13.8155 0.0000e+00  -60.80000  -54.24550 1153623659 204.125708    34.6630      66005          1  0.000e+00
   2023.921     0.0240   2.967994     0.0249   2.968304    5.70503    -0.0426    13.8155 0.0000e+00  -60.80000  -54.24550 1153623659 204.125708    34.6634      66006          1  0.000e+00
   2023.921     0.0244   2.967998     0.0248   2.968298    5.69901    -0.0749    13.8155 0.0000e+00  -60.80000  -54.24550 1153623660 204.125709    34.6631      66007          1  0.000e+00
   2023.941     0.0245   2.968015     0.0249   2.968340    5.70498    -0.0642    13.8155 0.0000e+00  -60.80000  -54.24550 1153623660 204.125709    34.6632      66008          1  0.000e+00
   2023.843     0.0247   2.968008     0.0252   2.968310    5.70489    -0.0534    13.8155 0.0000e+00  -60.80000  -54.24550 1153623660 204.125710    34.6630      66009          1  0.000e+00
   2023.921     0.0248   2.967981     0.0246   2.968280    5.70495    -0.0749    13.8155 0.0000e+00  -60.80000  -54.24550 1153623660 204.125710    34.6624      66010          1  0.000e+00
   2023.921     0.0248   2.968015     0.0243   2.968310    5.70493    -0.1180    13.8155 0.0000e+00  -60.80000  -54.24550 1153623660 204.125711    34.6629      66011          1  0.000e+00
   2023.872     0.0245   2.968021     0.0245   2.968304    5.70492    -0.1502    13.8155 0.0000e+00  -60.80000  -54.24550 1153623660 204.125711    34.6633      66012          1  0.000e+00
   2023.921     0.0245   2.967984     0.0243   2.968340    5.70499    -0.1072    13.8155 0.0000e+00  -60.80000  -54.24550 1153623660 204.125712    34.6628      66013          1  0.000e+00
   2023.843     0.0242   2.967994     0.0242   2.968292    5.70495    -0.0642    13.8155 0.0000e+00  -60.80000  -54.24550 1153623660 204.125712    34.6633      66014          1  0.000e+00
   2023.921     0.0249   2.967998     0.0251   2.968292    5.70492    -0.0534    13.8155 0.0000e+00  -60.80000  -54.24550 1153623660 204.125713    34.6625      66015          1  0.000e+00
   2023.872     0.0247   2.968018     0.0245   2.968298    5.70491    -0.0964    13.8155 0.0000e+00  -60.80000  -54.24550 1153623660 204.125713    34.6631      66016          1  0.000e+00
   2023.843     0.0245   2.968004     0.0248   2.968298    5.70491    -0.0857    13.8155 0.0000e+00  -60.80000  -54.24550 1153623660 204.125714    34.6631      66017          1  0.000e+00
   2023.843     0.0249   2.968001     0.0248   2.968298    5.70486    -0.0319    13.8155 0.0000e+00  -60.80000  -54.24550 1153623660 204.125714    34.6626      66018          1  0.000e+00
   2023.921     0.0244   2.967998     0.0244   2.968298    5.70499    -0.0319    13.8155 0.0000e+00  -60.80000  -54.24550 1153623660 204.125715    34.6631      66019          1  0.000e+00
   2024.806     0.0239   2.967991     0.0240   2.968227    5.70576    -0.1072    13.8155 0.0000e+00  -60.80000  -54.24550 1153623667 204.125798    34.6631      66191          2  0.000e+00
   2024.904     0.0244   2.967977     0.0235   2.968233    5.69980    -0.0964    13.8155 0.0000e+00  -60.80000  -54.24550 1153623667 204.125798    34.6624      66192          2  0.000e+00
   2024.806     0.0245   2.968015     0.0238   2.968263    5.70567    -0.0749    13.8155 0.0000e+00  -60.80000  -54.24550 1153623667 204.125799    34.6627      66193          2  0.000e+00
   2024.806     0.0244   2.967967     0.0238   2.968227    5.69972    -0.1072    13.8155 0.0000e+00  -60.80000  -54.24550 1153623667 204.125799    34.6623      66194          2  0.000e+00
   2024.806     0.0239   2.967991     0.0239   2.968257    5.70576    -0.1180    13.8155 0.0000e+00  -60.80000  -54.24550 1153623667 204.125800    34.6631      66195          2  0.000e+00
   2024.757     0.0237   2.967964     0.0243   2.968251    5.70575    -0.0749    13.8155 0.0000e+00  -60.80000  -54.24550 1153623667 204.125800    34.6630      66196          2  0.000e+00
   2024.659     0.0239   2.967957     0.0241   2.968263    5.69967    -0.0857    13.8155 0.0000e+00  -60.80000  -54.24550 1153623667 204.125801    34.6628      66197          2  0.000e+00
   2024.737     0.0242   2.967971     0.0246   2.968275    5.70568    -0.1072    13.8155 0.0000e+00  -60.80000  -54.24550 1153623667 204.125801    34.6626      66198          2  0.000e+00
   2024.737     0.0242   2.967974     0.0240   2.968227    5.70567    -0.0964    13.8155 0.0000e+00  -60.80000  -54.24550 1153623668 204.125802    34.6626      66199          2  0.000e+00
   2024.610     0.0244   2.967977     0.0242   2.968275    5.70555    -0.1072    13.8155 0.0000e+00  -60.80000  -54.24550 1153623668 204.125802    34.6625      66200          2  0.000e+00
   2024.659     0.0244   2.968011     0.0243   2.968281    5.69959    -0.1610    13.8155 0.0000e+00  -60.80000  -54.24550 1153623668 204.125802    34.6629      66201          2  0.000e+00
   2024.590     0.0245   2.968008     0.0241   2.968275    5.69952    -0.1610    13.8155 0.0000e+00  -60.80000  -54.24550 1153623668 204.125803    34.6628      66202          2  0.000e+00
   2024.590     0.0242   2.967981     0.0241   2.968275    5.70555    -0.1180    13.8155 0.0000e+00  -60.80000  -54.24550 1153623668 204.125803    34.6628      66203          2  0.000e+00
   2024.532     0.0245   2.967974     0.0237   2.968251    5.70547    -0.1180    13.8155 0.0000e+00  -60.80000  -54.24550 1153623668 204.125804    34.6624      66204          2  0.000e+00
   2024.512     0.0244   2.967994     0.0242   2.968263    5.69948    -0.1287    13.8155 0.0000e+00  -60.80000  -54.24550 1153623668 204.125804    34.6628      66205          2  0.000e+00
   2024.512     0.0244   2.967964     0.0240   2.968251    5.69949    -0.0857    13.8155 0.0000e+00  -60.80000  -54.24550 1153623668 204.125805    34.6624      66206          2  0.000e+00
   2024.443     0.0242   2.967971     0.0240   2.968281    5.70544    -0.0964    13.8155 0.0000e+00  -60.80000  -54.24550 1153623668 204.125805    34.6627      66207          2  0.000e+00
   2024.384     0.0245   2.967991     0.0245   2.968257    5.69936    -0.1180    13.8155 0.0000e+00  -60.80000  -54.24550 1153623668 204.125806    34.6627      66208          2  0.000e+00
   2024.443     0.0240   2.968032     0.0245   2.968263    5.69944    -0.0964    13.8155 0.0000e+00  -60.80000  -54.24550 1153623668 204.125806    34.6637      66209          2  0.000e+00
   2024.365     0.0239   2.967981     0.0244   2.968275    5.70541    -0.0642    13.8155 0.0000e+00  -60.80000  -54.24550 1153623668 204.125807    34.6632      66210          2  0.000e+00
   2024.365     0.0239   2.967971     0.0245   2.968251    5.70542    -0.0857    13.8155 0.0000e+00  -60.80000  -54.24550 1153623668 204.125807    34.6631      66211          2  0.000e+00
   2024.385     0.0242   2.967977     0.0245   2.968263    5.69941    -0.1072    13.8155 0.0000e+00  -60.80000  -54.24550 1153623668 204.125808    34.6628      66212          2  0.000e+00
   2024.218     0.0244   2.967991     0.0238   2.968251    5.69925    -0.1395    13.8155 0.0000e+00  -60.80000  -54.24550 1153623668 204.125808    34.6629      66213          2  0.000e+00
   2024.296     0.0242   2.967967     0.0242   2.968281    5.69934    -0.1502    13.8155 0.0000e+00  -60.80000  -54.24550 1153623668 204.125809    34.6627      66214          2  0.000e+00
   2024.237     0.0246   2.967970     0.0243   2.968298    5.69924    -0.1287    13.8155 0.0000e+00  -60.80000  -54.24550 1153623668 204.125809    34.6623      66215          2  0.000e+00
   2024.218     0.0242   2.967974     0.0243   2.968281    5.69928    -0.1287    13.8155 0.0000e+00  -60.80000  -54.24550 1153623668 204.125810    34.6629      66216          2  0.000e+00
   2024.218     0.0247   2.968015     0.0243   2.968275    5.70518    -0.1180    13.8155 0.0000e+00  -60.80000  -54.24550 1153623668 204.125810    34.6629      66217          2  0.000e+00
   2024.139     0.0249   2.967987     0.0248   2.968310    5.70510    -0.1287    13.8155 0.0000e+00  -60.80000  -54.24550 1153623668 204.125811    34.6622      66218          2  0.000e+00
   2024.022     0.0245   2.968032     0.0242   2.968304    5.69905    -0.0964    13.8155 0.0000e+00  -60.80000  -54.24550 1153623668 204.125811    34.6634      66219          2  0.000e+00
   2024.218     0.0249   2.968011     0.0245   2.968281    5.69916    -0.0857    13.8155 0.0000e+00  -60.80000  -54.24550 1153623668 204.125812    34.6625      66220          2  0.000e+00
   2024.071     0.0249   2.967998     0.0246   2.968275    5.69905    -0.0211    13.8155 0.0000e+00  -60.80000  -54.24550 1153623668 204.125812    34.6624      66221          2  0.000e+00
   2024.071     0.0249   2.967984     0.0251   2.968275    5.70504    -0.0749    13.8155 0.0000e+00  -60.80000  -54.24550 1153623668 204.125813    34.6622      66222          2  0.000e+00
   2024.022     0.0249   2.967974     0.0245   2.968275    5.70501    -0.0857    13.8155 0.0000e+00  -60.80000  -54.24550 1153623669 204.125813    34.6621      66223          2  0.000e+00
   2023.992     0.0246   2.968015     0.0250   2.968310    5.69902    -0.0857    13.8155 0.0000e+00  -60.80000  -54.24550 1153623669 204.125814    34.6630      66224          2  0.000e+00
   2023.924     0.0247   2.968004     0.0245   2.968286    5.70495    -0.0964    13.8155 0.0000e+00  -60.80000  -54.24550 1153623669 204.125814    34.6629      66225          2  0.000e+00
   2023.924     0.0248   2.967984     0.0249   2.968292    5.70495    -0.0964    13.8155 0.0000e+00  -60.80000  -54.24550 1153623669 204.125815    34.6625      66226          2  0.000e+00
