product_data/regression_test/downloaded_data/MGDS/320620060703/ctd/p6610901.ros
* Sea-Bird SBE 9 Data File:
* FileName = D:\Data\Raw\p6610901.dat
* Software Version Seasave Win32 V 5.32
* Temperature SN = 1649
* Conductivity SN = 1431
* Number of Bytes Per Scan = 37
* Number of Voltage Words = 5
* Number of Scans Averaged by the Deck Unit = 1
* NMEA Latitude = 61 18.97 S
* NMEA Longitude = 054 52.55 W
* NMEA UTC (Time) = 01:40:04
** Ship:   Nathaniel B. Palmer 
** Cruise:    NBP0606 
# nquan = 17
# nvalues = 1170                    
# units = specified
# name 0 = prDM: Pressure, Digiquartz [db]
# name 1 = t090C: Temperature [ITS-90, deg C]
# name 2 = c0S/m: Conductivity [S/m]
# name 3 = t190C: Temperature, 2 [ITS-90, deg C]
# name 4 = c1S/m: Conductivity, 2 [S/m]
# name 5 = sbeox0ML/L: Oxygen, SBE 43 [ml/l]
# name 6 = flECO-AFL: Fluorescence, Wetlab ECO-AFL/FL [mg/m^3]
# name 7 = bat: Beam Attenuation, Chelsea/Seatech/Wetlab CStar [1/m]
# name 8 = spar: SPAR/Surface Irradiance
# name 9 = latitude: Latitude [deg]
# name 10 = longitude: Longitude [deg]
# name 11 = timeY: Time, System [seconds]
# name 12 = timeJ: Julian Days
# name 13 = sal00: Salinity [PSU]
# name 14 = scan: scan number
# name 15 = nbf: number of bottles fired
# name 16 = flag:  0.000e+00
# interval = seconds: 0.0416667                   
# start_time = Jul 14 2006 01:40:12
*END*
[from data line 86]
    650.101     0.0365   2.900927     0.0369   2.901336    6.02001    -0.1072    13.8155 0.0000e+00  -61.31617  -54.87583 1152842319 195.082419    34.5315      26617          2  0.000e+00
    650.044     0.0362   2.900923     0.0355   2.901295    6.02000    -0.1610    13.8155 0.0000e+00  -61.31617  -54.87583 1152842319 195.082419    34.5318      26618          2  0.000e+00
    650.044     0.0362   2.900870     0.0349   2.901265    6.02003    -0.0642    13.8155 0.0000e+00  -61.31617  -54.87583 1152842319 195.082420    34.5311      26619          2  0.000e+00
    650.044     0.0358   2.900853     0.0337   2.901153    6.02008    -0.0857    13.8155 0.0000e+00  -61.31617  -54.87583 1152842319 195.082420    34.5312      26620          2  0.000e+00
    650.034     0.0357   2.900886     0.0337   2.901100    6.02007    -0.0642    13.8155 0.0000e+00  -61.31617  -54.87583 1152842319 195.082421    34.5318      26621          2  0.000e+00
    650.044     0.0359   2.900849     0.0331   2.901077    6.02007    -0.0749    13.8155 0.0000e+00  -61.31617  -54.87583 1152842319 195.082421    34.5312      26622          2  0.000e+00
    649.967     0.0357   2.900829     0.0324   2.901047    6.02004    -0.0642    13.8155 0.0000e+00  -61.31617  -54.87583 1152842319 195.082422    34.5311      26623          2  0.000e+00
    649.967     0.0357   2.900863     0.0321   2.901041    6.02002    -0.0534    13.8155 0.0000e+00  -61.31617  -54.87583 1152842319 195.082422    34.5316      26624          2  0.000e+00
    649.957     0.0354   2.900839     0.0320   2.900976    6.02007    -0.1072    13.8155 0.0000e+00  -61.31617  -54.87583 1152842320 195.082423    34.5316      26625          2  0.000e+00
    649.967     0.0360   2.900846     0.0317   2.900959    6.01999    -0.0964    13.8155 0.0000e+00  -61.31617  -54.87583 1152842320 195.082423    34.5310      26626          2  0.000e+00
    649.967     0.0358   2.900873     0.0315   2.900917    6.02000    -0.1072    13.8155 0.0000e+00  -61.31617  -54.87583 1152842320 195.082424    34.5315      26627          2  0.000e+00
    649.899     0.0360   2.900839     0.0323   2.900923    6.01994    -0.0964    13.8155 0.0000e+00  -61.31617  -54.87583 1152842320 195.082424    34.5310      26628          2  0.000e+00
    500.654     0.2550   2.912917     0.2556   2.913234    5.85881    -0.0749    13.8155 0.0000e+00  -61.31617  -54.87583 1152842527 195.084826    34.5319      31608          3  0.000e+00
    500.769     0.2551   2.912890     0.2558   2.913245    5.85890    -0.0749    13.8155 0.0000e+00  -61.31617  -54.87583 1152842527 195.084826    34.5313      31609          3  0.000e+00
    500.577     0.2553   2.912886     0.2556   2.913257    5.85873    -0.1072    13.8155 0.0000e+00  -61.31617  -54.87583 1152842527 195.084827    34.5312      31610          3  0.000e+00
    500.721     0.2556   2.912876     0.2556   2.913275    5.85881    -0.0964    13.8155 0.0000e+00  -61.31617  -54.87583 1152842527 195.084827    34.5306      31611          3  0.000e+00
    500.721     0.2553   2.912900     0.2555   2.913263    5.85883    -0.0749    13.8155 0.0000e+00  -61.31617  -54.87583 1152842527 195.084828    34.5312      31612          3  0.000e+00
    500.625     0.2554   2.912873     0.2555   2.913275    5.85876    -0.0426    13.8155 0.0000e+00  -61.31617  -54.87583 1152842527 195.084828    34.5308      31613          3  0.000e+00
    500.654     0.2546   2.912880     0.2556   2.913304    5.85887    -0.0749    13.8155 0.0000e+00  -61.31617  -54.87583 1152842527 195.084829    34.5318      31614          3  0.000e+00
    500.654     0.2546   2.912866     0.2553   2.913269    5.85887    -0.0964    13.8155 0.0000e+00  -61.31617  -54.87583 1152842527 195.084829    34.5316      31615          3  0.000e+00
    500.625     0.2547   2.912870     0.2558   2.913257    5.85884    -0.0749    13.8155 0.0000e+00  -61.31617  -54.87583 1152842528 195.084830    34.5316      31616          3  0.000e+00
    500.654     0.2548   2.912863     0.2552   2.913275    5.85886    -0.0749    13.8155 0.0000e+00  -61.31617  -54.87583 1152842528 195.084830    34.5314      31617          3  0.000e+00
    500.654     0.2546   2.912863     0.2553   2.913263    5.85888    -0.0642    13.8155 0.0000e+00  -61.31617  -54.87583 1152842528 195.084831    34.5315      31618          3  0.000e+00
    500.654     0.2545   2.912843     0.2550   2.913275    5.85891    -0.1180    13.8155 0.0000e+00  -61.31617  -54.87583 1152842528 195.084831    34.5315      31619          3  0.000e+00
    500.558     0.2550   2.912890     0.2555   2.913263    5.85875    -0.0964    13.8155 0.0000e+00  -61.31617  -54.87583 1152842528 195.084832    34.5316      31620          3  0.000e+00
    500.654     0.2550   2.912846     0.2553   2.913257    5.85884    -0.0964    13.8155 0.0000e+00  -61.31617  -54.87583 1152842528 195.084832    34.5309      31621          3  0.000e+00
    500.577     0.2548   2.912853     0.2553   2.913275    5.85395    -0.0749    13.8155 0.0000e+00  -61.31617  -54.87583 1152842528 195.084833    34.5313      31622          3  0.000e+00
    500.625     0.2554   2.912863     0.2558   2.913263    5.85876    -0.0319    13.8155 0.0000e+00  -61.31617  -54.87583 1152842528 195.084833    34.5307      31623          3  0.000e+00
    500.577     0.2545   2.912880     0.2555   2.913275    5.85882    -0.0749    13.8155 0.0000e+00  -61.31617  -54.87583 1152842528 195.084834    34.5320      31624          3  0.000e+00
    500.577     0.2545   2.912876     0.2558   2.913240    5.85883    -0.1072    13.8155 0.0000e+00  -61.31617  -54.87583 1152842528 195.084834    34.5319      31625          3  0.000e+00
    500.577     0.2548   2.912863     0.2551   2.913245    5.85879    -0.0964    13.8155 0.0000e+00  -61.31617  -54.87583 1152842528 195.084835    34.5314      31626          3  0.000e+00
    500.625     0.2548   2.912843     0.2552   2.913257    5.85885    -0.1072    13.8155 0.0000e+00  -61.31617  -54.87583 1152842528 195.084835    34.5311      31627          3  0.000e+00
    500.577     0.2550   2.912856     0.2553   2.913275    5.85878    -0.0964    13.8155 0.0000e+00  -61.31617  -54.87583 1152842528 195.084836    34.5311      31628          3  0.000e+00
    500.510     0.2548   2.912880     0.2555   2.913263    5.85873    -0.0964    13.8155 0.0000e+00  -61.31617  -54.87583 1152842528 195.084836    34.5317      31629          3  0.000e+00
    500.625     0.2548   2.912876     0.2556   2.913257    5.85883    -0.0749    13.8155 0.0000e+00  -61.31617  -54.87583 1152842528 195.084837    34.5316      31630          3  0.000e+00
    500.510     0.2547   2.912883     0.2559   2.913293    5.86359    -0.1072    13.8155 0.0000e+00  -61.31617  -54.87583 1152842528 195.084837    34.5318      31631          3  0.000e+00
    500.577     0.2551   2.912866     0.2550   2.913245    5.86361    -0.1180    13.8155 0.0000e+00  -61.31617  -54.87583 1152842528 195.084837    34.5311      31632          3  0.000e+00
    500.510     0.2551   2.912880     0.2558   2.913245    5.86354    -0.0642    13.8155 0.0000e+00  -61.31617  -54.87583 1152842528 195.084838    34.5313      31633          3  0.000e+00
    500.558     0.2548   2.912876     0.2556   2.913257    5.86362    -0.0534    13.8155 0.0000e+00  -61.31617  -54.87583 1152842528 195.084838    34.5316      31634          3  0.000e+00
    500.510     0.2548   2.912883     0.2556   2.913234    5.85872    -0.0749    13.8155 0.0000e+00  -61.31617  -54.87583 1152842528 195.084839    34.5317      31635          3  0.000e+00
    500.510     0.2551   2.912866     0.2559   2.913228    5.85870    -0.0319    13.8155 0.0000e+00  -61.31617  -54.87583 1152842528 195.084839    34.5312      31636          3  0.000e+00
    500.491     0.2550   2.912863     0.2555   2.913210    5.85871    -0.0319    13.8155 0.0000e+00  -61.31617  -54.87583 1152842528 195.084840    34.5313      31637          3  0.000e+00
    500.510     0.2550   2.912880     0.2552   2.913222    5.85871    -0.0642    13.8155 0.0000e+00  -61.31617  -54.87583 1152842528 195.084840    34.5315      31638          3  0.000e+00
    500.510     0.2550   2.912893     0.2555   2.913228    5.85871    -0.0964    13.8155 0.0000e+00  -61.31617  -54.87583 1152842528 195.084841    34.5317      31639          3  0.000e+00
    500.510     0.2553   2.912869     0.2553   2.913186    5.85867    -0.1072    13.8155 0.0000e+00  -61.31617  -54.87583 1152842529 195.084841    34.5309      31640          3  0.000e+00
    500.491     0.2550   2.912863     0.2552   2.913192    5.85871    -0.0642    13.8155 0.0000e+00  -61.31617  -54.87583 1152842529 195.084842    34.5313      31641          3  0.000e+00
    500.510     0.2546   2.912880     0.2556   2.913239    5.85875    -0.0749    13.8155 0.0000e+00  -61.31617  -54.87583 1152842529 195.084842    34.5318      31642          3  0.000e+00
    500.443     0.2556   2.912856     0.2558   2.913234    5.85860    -0.1180    13.8155 0.0000e+00  -61.31617  -54.87583 1152842529 195.084843    34.5305      31643          3  0.000e+00
    500.491     0.2550   2.912859     0.2556   2.913245    5.85871    -0.0964    13.8155 0.0000e+00  -61.31617  -54.87583 1152842529 195.084843    34.5312      31644          3  0.000e+00
    500.443     0.2553   2.912863     0.2555   2.913257    5.86347    -0.0964    13.8155 0.0000e+00  -61.31617  -54.87583 1152842529 195.084844    34.5309      31645          3  0.000e+00
    500.443     0.2548   2.912863     0.2556   2.913234    5.85869    -0.0749    13.8155 0.0000e+00  -61.31617  -54.87583 1152842529 195.084844    34.5315      31646          3  0.000e+00
    500.443     0.2550   2.912896     0.2553   2.913228    5.85865    -0.0964    13.8155 0.0000e+00  -61.31617  -54.87583 1152842529 195.084845    34.5318      31647          3  0.000e+00
    500.414     0.2550   2.912880     0.2552   2.913210    5.85863    -0.0964    13.8155 0.0000e+00  -61.31617  -54.87583 1152842529 195.084845    34.5315      31648          3  0.000e+00
    500.443     0.2554   2.912863     0.2547   2.913204    5.85861    -0.1072    13.8155 0.0000e+00  -61.31617  -54.87583 1152842529 195.084846    34.5308      31649          3  0.000e+00
    500.443     0.2550   2.912826     0.2548   2.913204    5.85868    -0.1072    13.8155 0.0000e+00  -61.31617  -54.87583 1152842529 195.084846    34.5308      31650          3  0.000e+00
    500.414     0.2548   2.912832     0.2548   2.913180    5.85868    -0.0964    13.8155 0.0000e+00  -61.31617  -54.87583 1152842529 195.084847    34.5311      31651          3  0.000e+00
    500.366     0.2548   2.912846     0.2548   2.913210    5.85863    -0.0642    13.8155 0.0000e+00  -61.31617  -54.87583 1152842529 195.084847    34.5313      31652          3  0.000e+00
    500.366     0.2550   2.912822     0.2548   2.913210    5.85863    -0.0426    13.8155 0.0000e+00  -61.31617  -54.87583 1152842529 195.084848    34.5308      31653          3  0.000e+00
    500.366     0.2550   2.912832     0.2553   2.913180    5.85861    -0.0534    13.8155 0.0000e+00  -61.31617  -54.87583 1152842529 195.084848    34.5309      31654          3  0.000e+00
    500.414     0.2550   2.912839     0.2552   2.913192    5.85866    -0.0642    13.8155 0.0000e+00  -61.31617  -54.87583 1152842529 195.084849    34.5310      31655          3  0.000e+00
    500.366     0.2551   2.912839     0.2552   2.913222    5.85860    -0.0749    13.8155 0.0000e+00  -61.31617  -54.87583 1152842529 195.084849    34.5309      31656          3  0.000e+00
    500.271     0.2543   2.912725     0.2544   2.913092    5.85867    -0.0964    13.8155 0.0000e+00  -61.31617  -54.87583 1152842531 195.084865    34.5303      31689          4  0.000e+00
    500.232     0.2543   2.912721     0.2545   2.913068    5.85864    -0.0964    13.8155 0.0000e+00  -61.31617  -54.87583 1152842531 195.084865    34.5303      31690          4  0.000e+00
    500.088     0.2545   2.912701     0.2545   2.913062    5.85852    -0.1180    13.8155 0.0000e+00  -61.31617  -54.87583 1152842531 195.084866    34.5299      31691          4  0.000e+00
    500.203     0.2545   2.912725     0.2544   2.913068    5.85859    -0.1072    13.8155 0.0000e+00  -61.31617  -54.87583 1152842531 195.084866    34.5301      31692          4  0.000e+00
    500.155     0.2543   2.912704     0.2547   2.913086    5.85374    -0.1180    13.8155 0.0000e+00  -61.31617  -54.87583 1152842531 195.084867    34.5301      31693          4  0.000e+00
    500.232     0.2542   2.912731     0.2548   2.913074    5.85866    -0.1072    13.8155 0.0000e+00  -61.31617  -54.87583 1152842531 195.084867    34.5306      31694          4  0.000e+00
    500.232     0.2542   2.912708     0.2544   2.913086    5.84897    -0.1180    13.8155 0.0000e+00  -61.31617  -54.87583 1152842531 195.084868    34.5303      31695          4  0.000e+00
    500.136     0.2550   2.912698     0.2550   2.913068    5.85366    -0.1180    13.8155 0.0000e+00  -61.31617  -54.87583 1152842531 195.084868    34.5293      31696          4  0.000e+00
    500.232     0.2542   2.912741     0.2545   2.913062    5.85380    -0.1180    13.8155 0.0000e+00  -61.31617  -54.87583 1152842531 195.084869    34.5307      31697          4  0.000e+00
    500.232     0.2543   2.912765     0.2542   2.913086    5.85377    -0.1180    13.8155 0.0000e+00  -61.31617  -54.87583 1152842531 195.084869    34.5309      31698          4  0.000e+00
    500.203     0.2546   2.912715     0.2545   2.913092    5.85374    -0.0964    13.8155 0.0000e+00  -61.31617  -54.87583 1152842531 195.084870    34.5299      31699          4  0.000e+00
    500.232     0.2543   2.912731     0.2547   2.913074    5.85379    -0.0964    13.8155 0.0000e+00  -61.31617  -54.87583 1152842531 195.084870    34.5304      31700          4  0.000e+00
    500.232     0.2540   2.912735     0.2547   2.913104    5.85383    -0.0749    13.8155 0.0000e+00  -61.31617  -54.87583 1152842531 195.084871    34.5308      31701          4  0.000e+00
    500.232     0.2544   2.912691     0.2545   2.913098    5.85380    -0.0534    13.8155 0.0000e+00  -61.31617  -54.87583 1152842531 195.084871    34.5298      31702          4  0.000e+00
    500.271     0.2542   2.912691     0.2542   2.913074    5.84901    -0.1180    13.8155 0.0000e+00  -61.31617  -54.87583 1152842531 195.084872    34.5300      31703          4  0.000e+00
    500.232     0.2543   2.912681     0.2545   2.913068    5.85382    -0.1180    13.8155 0.0000e+00  -61.31617  -54.87583 1152842531 195.084872    34.5297      31704          4  0.000e+00
    500.232     0.2539   2.912657     0.2545   2.913045    5.84904    -0.0642    13.8155 0.0000e+00  -61.31617  -54.87583 1152842531 195.084873    34.5300      31705          4  0.000e+00
    500.271     0.2542   2.912678     0.2545   2.913074    5.85387    -0.0534    13.8155 0.0000e+00  -61.31617  -54.87583 1152842531 195.084873    34.5299      31706          4  0.000e+00
    500.232     0.2542   2.912661     0.2545   2.913051    5.84899    -0.0749    13.8155 0.0000e+00  -61.31617  -54.87583 1152842531 195.084874    34.5296      31707          4  0.000e+00
    500.300     0.2545   2.912654     0.2542   2.913039    5.85387    -0.1072    13.8155 0.0000e+00  -61.31617  -54.87583 1152842531 195.084874    34.5292      31708          4  0.000e+00
    500.232     0.2540   2.912684     0.2544   2.913039    5.85386    -0.0857    13.8155 0.0000e+00  -61.31617  -54.87583 1152842531 195.084875    34.5302      31709          4  0.000e+00
    500.271     0.2540   2.912688     0.2545   2.913015    5.84904    -0.0964    13.8155 0.0000e+00  -61.31617  -54.87583 1152842531 195.084875    34.5302      31710          4  0.000e+00
    500.300     0.2543   2.912678     0.2542   2.913068    5.84903    -0.1180    13.8155 0.0000e+00  -61.31617  -54.87583 1152842532 195.084876    34.5297      31711          4  0.000e+00
