product_data/regression_test/downloaded_data/MGDS/320620060703/ctd/p6619804.cnv
* Sea-Bird SBE 9 Data File:
* FileName = D:\Data\Raw\p6619804.dat
* Software Version Seasave Win32 V 5.32
* Temperature SN = 1649
* Conductivity SN = 1431
* Number of Bytes Per Scan = 37
* Number of Voltage Words = 5
* Number of Scans Averaged by the Deck Unit = 1
* NMEA Latitude = 60 45.03 S
* NMEA Longitude = 059 14.86 W
* NMEA UTC (Time) = 05:10:09
** Ship:   Nathaniel B. Palmer 
** Cruise:    NBP0606 
# nquan = 15
# nvalues = 992                         
# units = specified
# name 0 = prDM: Pressure, Digiquartz [db]
# name 1 = t090C: Temperature [ITS-90, deg C]
# name 2 = c0S/m: Conductivity [S/m]
# name 3 = t190C: Temperature, 2 [ITS-90, deg C]
# name 4 = c1S/m: Conductivity, 2 [S/m]
# name 5 = sbeox0ML/L: Oxygen, SBE 43 [ml/l]
# name 6 = flECO-AFL: Fluorescence, Wetlab ECO-AFL/FL [mg/m^3]
# name 7 = bat: Beam Attenuation, Chelsea/Seatech/Wetlab CStar [1/m]
# name 8 = spar: SPAR/Surface Irradiance
# name 9 = latitude: Latitude [deg]
# name 10 = longitude: Longitude [deg]
# name 11 = timeY: Time, System [seconds]
# name 12 = timeJ: Julian Days
# name 13 = sal00: Salinity [PSU]
# name 14 = flag: flag
# span 0 =     12.000,   1003.000       
# span 1 =    -1.1745,     2.0199       
# span 2 =   2.725940,   3.071907       
# span 3 =    -1.1752,     2.0204       
# span 4 =   2.726736,   3.072221       
# span 5 =    4.39146,    8.17905       
# span 6 =    -0.1071,     1.0790       
# span 7 =    13.8155,    13.8155       
# span 8 = 0.0000e+00, 0.0000e+00       
# span 9 =  -60.75050,  -60.75050       
# span 10 =  -59.24767,  -59.24767      
# span 11 = 1153890612, 1153892373      
# span 12 = 207.215430, 207.235825      
# span 13 =    33.9298,    34.7275      
# span 14 = 0.0000e+00, 0.0000e+00      
# interval = decibars: 1                
# start_time = Jul 26 2006 05:10:17
# bad_flag = -9.990e-29
*END*
[from data line 675]
    687.000     1.7291   3.062678     1.7293   3.063012    4.62649    -0.0725    13.8155 0.0000e+00  -60.75050  -59.24767 1153891843 207.229686    34.7177 0.0000e+00
    688.000     1.7266   3.062505     1.7268   3.062836    4.62920    -0.0821    13.8155 0.0000e+00  -60.75050  -59.24767 1153891845 207.229707    34.7178 0.0000e+00
    689.000     1.7257   3.062471     1.7259   3.062808    4.63131    -0.0788    13.8155 0.0000e+00  -60.75050  -59.24767 1153891847 207.229729    34.7179 0.0000e+00
    690.000     1.7252   3.062468     1.7253   3.062810    4.63139    -0.0677    13.8155 0.0000e+00  -60.75050  -59.24767 1153891848 207.229742    34.7179 0.0000e+00
    691.000     1.7234   3.062374     1.7235   3.062709    4.62961    -0.0817    13.8155 0.0000e+00  -60.75050  -59.24767 1153891849 207.229751    34.7180 0.0000e+00
    692.000     1.7226   3.062354     1.7228   3.062695    4.63030    -0.0702    13.8155 0.0000e+00  -60.75050  -59.24767 1153891849 207.229760    34.7181 0.0000e+00
    693.000     1.7225   3.062373     1.7225   3.062714    4.63164    -0.0646    13.8155 0.0000e+00  -60.75050  -59.24767 1153891850 207.229768    34.7180 0.0000e+00
    694.000     1.7215   3.062361     1.7216   3.062679    4.63123    -0.0639    13.8155 0.0000e+00  -60.75050  -59.24767 1153891852 207.229789    34.7183 0.0000e+00
    695.000     1.7227   3.062504     1.7223   3.062781    4.63016    -0.0893    13.8155 0.0000e+00  -60.75050  -59.24767 1153891855 207.229820    34.7181 0.0000e+00
    696.000     1.7190   3.062256     1.7191   3.062574    4.63311    -0.0666    13.8155 0.0000e+00  -60.75050  -59.24767 1153891856 207.229834    34.7186 0.0000e+00
    697.000     1.7180   3.062215     1.7182   3.062549    4.63463    -0.0862    13.8155 0.0000e+00  -60.75050  -59.24767 1153891857 207.229848    34.7187 0.0000e+00
    698.000     1.7173   3.062209     1.7176   3.062537    4.63600    -0.0759    13.8155 0.0000e+00  -60.75050  -59.24767 1153891859 207.229865    34.7187 0.0000e+00
    699.000     1.7171   3.062233     1.7172   3.062566    4.63730    -0.0634    13.8155 0.0000e+00  -60.75050  -59.24767 1153891860 207.229883    34.7187 0.0000e+00
    700.000     1.7169   3.062266     1.7170   3.062588    4.63821    -0.0937    13.8155 0.0000e+00  -60.75050  -59.24767 1153891861 207.229897    34.7188 0.0000e+00
    701.000     1.7169   3.062310     1.7168   3.062634    4.63843    -0.0669    13.8155 0.0000e+00  -60.75050  -59.24767 1153891862 207.229907    34.7188 0.0000e+00
    702.000     1.7154   3.062238     1.7155   3.062569    4.63779    -0.0748    13.8155 0.0000e+00  -60.75050  -59.24767 1153891863 207.229917    34.7189 0.0000e+00
    703.000     1.7133   3.062118     1.7134   3.062451    4.63795    -0.0625    13.8155 0.0000e+00  -60.75050  -59.24767 1153891864 207.229928    34.7192 0.0000e+00
    704.000     1.7132   3.062163     1.7135   3.062499    4.63889    -0.0786    13.8155 0.0000e+00  -60.75050  -59.24767 1153891867 207.229960    34.7194 0.0000e+00
    705.000     1.7130   3.062215     1.7134   3.062548    4.63857    -0.0716    13.8155 0.0000e+00  -60.75050  -59.24767 1153891869 207.229983    34.7192 0.0000e+00
    706.000     1.7127   3.062204     1.7127   3.062545    4.63925    -0.0803    13.8155 0.0000e+00  -60.75050  -59.24767 1153891870 207.229993    34.7193 0.0000e+00
    707.000     1.7120   3.062202     1.7121   3.062533    4.64011    -0.0744    13.8155 0.0000e+00  -60.75050  -59.24767 1153891870 207.230002    34.7194 0.0000e+00
    708.000     1.7116   3.062216     1.7118   3.062547    4.64256    -0.0740    13.8155 0.0000e+00  -60.75050  -59.24767 1153891872 207.230021    34.7194 0.0000e+00
    709.000     1.7122   3.062319     1.7124   3.062638    4.64538    -0.0806    13.8155 0.0000e+00  -60.75050  -59.24767 1153891875 207.230052    34.7195 0.0000e+00
    710.000     1.7105   3.062216     1.7105   3.062547    4.64532    -0.0639    13.8155 0.0000e+00  -60.75050  -59.24767 1153891876 207.230062    34.7196 0.0000e+00
    711.000     1.7104   3.062254     1.7102   3.062570    4.64544    -0.0725    13.8155 0.0000e+00  -60.75050  -59.24767 1153891876 207.230071    34.7196 0.0000e+00
    712.000     1.7088   3.062157     1.7087   3.062497    4.64491    -0.0844    13.8155 0.0000e+00  -60.75050  -59.24767 1153891877 207.230079    34.7196 0.0000e+00
    713.000     1.7079   3.062107     1.7078   3.062450    4.64546    -0.0671    13.8155 0.0000e+00  -60.75050  -59.24767 1153891878 207.230088    34.7195 0.0000e+00
    714.000     1.7080   3.062199     1.7082   3.062523    4.64722    -0.0781    13.8155 0.0000e+00  -60.75050  -59.24767 1153891880 207.230117    34.7199 0.0000e+00
    715.000     1.7061   3.062065     1.7050   3.062314    4.64768    -0.0833    13.8155 0.0000e+00  -60.75050  -59.24767 1153891882 207.230136    34.7197 0.0000e+00
    716.000     1.7031   3.061851     1.7032   3.062175    4.64897    -0.0755    13.8155 0.0000e+00  -60.75050  -59.24767 1153891883 207.230148    34.7199 0.0000e+00
    717.000     1.7023   3.061822     1.7023   3.062142    4.64949    -0.0629    13.8155 0.0000e+00  -60.75050  -59.24767 1153891884 207.230162    34.7197 0.0000e+00
    718.000     1.7018   3.061834     1.7020   3.062164    4.64837    -0.0850    13.8155 0.0000e+00  -60.75050  -59.24767 1153891886 207.230180    34.7199 0.0000e+00
    719.000     1.7020   3.061894     1.7022   3.062230    4.64656    -0.0715    13.8155 0.0000e+00  -60.75050  -59.24767 1153891887 207.230195    34.7199 0.0000e+00
    720.000     1.7020   3.061943     1.7022   3.062270    4.64880    -0.0811    13.8155 0.0000e+00  -60.75050  -59.24767 1153891889 207.230215    34.7199 0.0000e+00
    721.000     1.7018   3.061974     1.7019   3.062298    4.65276    -0.0781    13.8155 0.0000e+00  -60.75050  -59.24767 1153891891 207.230243    34.7199 0.0000e+00
    722.000     1.6999   3.061853     1.7000   3.062190    4.65371    -0.0772    13.8155 0.0000e+00  -60.75050  -59.24767 1153891892 207.230255    34.7199 0.0000e+00
    723.000     1.6986   3.061791     1.6988   3.062138    4.65321    -0.0729    13.8155 0.0000e+00  -60.75050  -59.24767 1153891893 207.230264    34.7200 0.0000e+00
    724.000     1.6986   3.061825     1.6986   3.062165    4.65318    -0.0847    13.8155 0.0000e+00  -60.75050  -59.24767 1153891894 207.230272    34.7200 0.0000e+00
    725.000     1.6983   3.061853     1.6983   3.062179    4.65278    -0.0796    13.8155 0.0000e+00  -60.75050  -59.24767 1153891895 207.230281    34.7200 0.0000e+00
    726.000     1.6981   3.061891     1.6983   3.062215    4.65513    -0.0821    13.8155 0.0000e+00  -60.75050  -59.24767 1153891897 207.230310    34.7202 0.0000e+00
    727.000     1.6979   3.061909     1.6980   3.062220    4.65682    -0.0708    13.8155 0.0000e+00  -60.75050  -59.24767 1153891899 207.230333    34.7200 0.0000e+00
    728.000     1.6971   3.061899     1.6973   3.062231    4.65509    -0.0719    13.8155 0.0000e+00  -60.75050  -59.24767 1153891900 207.230343    34.7202 0.0000e+00
    729.000     1.6966   3.061906     1.6969   3.062231    4.65422    -0.0709    13.8155 0.0000e+00  -60.75050  -59.24767 1153891901 207.230353    34.7203 0.0000e+00
    730.000     1.6961   3.061892     1.6962   3.062221    4.65429    -0.0776    13.8155 0.0000e+00  -60.75050  -59.24767 1153891902 207.230363    34.7202 0.0000e+00
    731.000     1.6964   3.061979     1.6963   3.062291    4.65660    -0.0706    13.8155 0.0000e+00  -60.75050  -59.24767 1153891904 207.230393    34.7203 0.0000e+00
    732.000     1.6958   3.061973     1.6959   3.062300    4.65962    -0.0694    13.8155 0.0000e+00  -60.75050  -59.24767 1153891906 207.230419    34.7203 0.0000e+00
    733.000     1.6938   3.061858     1.6938   3.062184    4.65800    -0.0535    13.8155 0.0000e+00  -60.75050  -59.24767 1153891907 207.230428    34.7205 0.0000e+00
    734.000     1.6928   3.061810     1.6928   3.062138    4.65826    -0.0809    13.8155 0.0000e+00  -60.75050  -59.24767 1153891908 207.230436    34.7205 0.0000e+00
    735.000     1.6920   3.061765     1.6919   3.062104    4.65861    -0.0771    13.8155 0.0000e+00  -60.75050  -59.24767 1153891908 207.230443    34.7203 0.0000e+00
    736.000     1.6918   3.061791     1.6917   3.062118    4.65862    -0.0683    13.8155 0.0000e+00  -60.75050  -59.24767 1153891909 207.230456    34.7203 0.0000e+00
    737.000     1.6922   3.061897     1.6925   3.062246    4.65685    -0.0729    13.8155 0.0000e+00  -60.75050  -59.24767 1153891914 207.230503    34.7206 0.0000e+00
    738.000     1.6908   3.061796     1.6902   3.062109    4.65676    -0.0713    13.8155 0.0000e+00  -60.75050  -59.24767 1153891914 207.230511    34.7202 0.0000e+00
    739.000     1.6878   3.061587     1.6877   3.061921    4.65660    -0.0872    13.8155 0.0000e+00  -60.75050  -59.24767 1153891915 207.230518    34.7205 0.0000e+00
    740.000     1.6861   3.061484     1.6861   3.061815    4.65729    -0.0612    13.8155 0.0000e+00  -60.75050  -59.24767 1153891916 207.230527    34.7206 0.0000e+00
    741.000     1.6861   3.061553     1.6864   3.061884    4.66027    -0.0781    13.8155 0.0000e+00  -60.75050  -59.24767 1153891918 207.230559    34.7208 0.0000e+00
    742.000     1.6863   3.061605     1.6862   3.061927    4.66421    -0.0789    13.8155 0.0000e+00  -60.75050  -59.24767 1153891920 207.230579    34.7206 0.0000e+00
    743.000     1.6836   3.061417     1.6838   3.061762    4.66388    -0.0801    13.8155 0.0000e+00  -60.75050  -59.24767 1153891921 207.230590    34.7207 0.0000e+00
    744.000     1.6808   3.061235     1.6809   3.061574    4.66474    -0.0733    13.8155 0.0000e+00  -60.75050  -59.24767 1153891922 207.230600    34.7210 0.0000e+00
    745.000     1.6787   3.061100     1.6787   3.061431    4.66532    -0.0649    13.8155 0.0000e+00  -60.75050  -59.24767 1153891923 207.230611    34.7211 0.0000e+00
    746.000     1.6762   3.060928     1.6762   3.061263    4.66769    -0.0698    13.8155 0.0000e+00  -60.75050  -59.24767 1153891924 207.230625    34.7211 0.0000e+00
    747.000     1.6757   3.060941     1.6759   3.061274    4.66870    -0.0727    13.8155 0.0000e+00  -60.75050  -59.24767 1153891926 207.230652    34.7212 0.0000e+00
    748.000     1.6755   3.060966     1.6756   3.061297    4.67161    -0.0634    13.8155 0.0000e+00  -60.75050  -59.24767 1153891929 207.230680    34.7211 0.0000e+00
    749.000     1.6748   3.060958     1.6749   3.061283    4.67066    -0.0642    13.8155 0.0000e+00  -60.75050  -59.24767 1153891930 207.230696    34.7212 0.0000e+00
    750.000     1.6744   3.060969     1.6745   3.061297    4.67085    -0.0684    13.8155 0.0000e+00  -60.75050  -59.24767 1153891931 207.230710    34.7213 0.0000e+00
    751.000     1.6736   3.060949     1.6738   3.061281    4.67070    -0.0756    13.8155 0.0000e+00  -60.75050  -59.24767 1153891933 207.230725    34.7213 0.0000e+00
    752.000     1.6726   3.060905     1.6727   3.061238    4.67096    -0.0768    13.8155 0.0000e+00  -60.75050  -59.24767 1153891934 207.230740    34.7213 0.0000e+00
    753.000     1.6721   3.060913     1.6722   3.061252    4.67097    -0.0792    13.8155 0.0000e+00  -60.75050  -59.24767 1153891935 207.230754    34.7214 0.0000e+00
    754.000     1.6719   3.060943     1.6721   3.061284    4.67072    -0.0768    13.8155 0.0000e+00  -60.75050  -59.24767 1153891936 207.230765    34.7215 0.0000e+00
    755.000     1.6720   3.060988     1.6720   3.061324    4.67018    -0.0703    13.8155 0.0000e+00  -60.75050  -59.24767 1153891937 207.230774    34.7214 0.0000e+00
    756.000     1.6714   3.060985     1.6715   3.061320    4.67111    -0.0932    13.8155 0.0000e+00  -60.75050  -59.24767 1153891938 207.230782    34.7214 0.0000e+00
    757.000     1.6711   3.060997     1.6711   3.061322    4.67131    -0.0755    13.8155 0.0000e+00  -60.75050  -59.24767 1153891939 207.230799    34.7213 0.0000e+00
    758.000     1.6716   3.061103     1.6722   3.061454    4.67667    -0.0715    13.8155 0.0000e+00  -60.75050  -59.24767 1153891944 207.230855    34.7214 0.0000e+00
    759.000     1.6686   3.060785     1.6685   3.061177    4.67633    -0.0668    13.8155 0.0000e+00  -60.75050  -59.24767 1153891944 207.230861    34.7213 0.0000e+00
    760.000     1.6657   3.060667     1.6656   3.061012    4.67567    -0.0959    13.8155 0.0000e+00  -60.75050  -59.24767 1153891945 207.230868    34.7214 0.0000e+00
    761.000     1.6634   3.060516     1.6631   3.060859    4.67731    -0.0798    13.8155 0.0000e+00  -60.75050  -59.24767 1153891946 207.230875    34.7216 0.0000e+00
    762.000     1.6619   3.060472     1.6623   3.060825    4.67836    -0.0742    13.8155 0.0000e+00  -60.75050  -59.24767 1153891947 207.230892    34.7222 0.0000e+00
    763.000     1.6618   3.060468     1.6614   3.060814    4.68181    -0.0796    13.8155 0.0000e+00  -60.75050  -59.24767 1153891949 207.230918    34.7223 0.0000e+00
    764.000     1.6590   3.060333     1.6590   3.060663    4.68232    -0.0689    13.8155 0.0000e+00  -60.75050  -59.24767 1153891950 207.230928    34.7224 0.0000e+00
    765.000     1.6581   3.060305     1.6582   3.060641    4.68332    -0.0813    13.8155 0.0000e+00  -60.75050  -59.24767 1153891951 207.230938    34.7226 0.0000e+00
    766.000     1.6582   3.060363     1.6581   3.060683    4.68515    -0.0749    13.8155 0.0000e+00  -60.75050  -59.24767 1153891953 207.230961    34.7226 0.0000e+00
    767.000     1.6593   3.060517     1.6592   3.060819    4.68563    -0.0695    13.8155 0.0000e+00  -60.75050  -59.24767 1153891956 207.230994    34.7227 0.0000e+00
    768.000     1.6580   3.060441     1.6582   3.060776    4.68487    -0.0826    13.8155 0.0000e+00  -60.75050  -59.24767 1153891957 207.231004    34.7226 0.0000e+00
    769.000     1.6573   3.060418     1.6572   3.060758    4.68702    -0.0747    13.8155 0.0000e+00  -60.75050  -59.24767 1153891958 207.231014    34.7225 0.0000e+00
    770.000     1.6570   3.060444     1.6571   3.060770    4.68931    -0.0766    13.8155 0.0000e+00  -60.75050  -59.24767 1153891959 207.231034    34.7226 0.0000e+00
    771.000     1.6567   3.060474     1.6565   3.060779    4.69194    -0.0803    13.8155 0.0000e+00  -60.75050  -59.24767 1153891962 207.231059    34.7226 0.0000e+00
    772.000     1.6554   3.060422     1.6556   3.060763    4.69155    -0.0741    13.8155 0.0000e+00  -60.75050  -59.24767 1153891962 207.231069    34.7230 0.0000e+00
    773.000     1.6555   3.060472     1.6557   3.060805    4.69138    -0.0756    13.8155 0.0000e+00  -60.75050  -59.24767 1153891963 207.231077    34.7229 0.0000e+00
    774.000     1.6543   3.060395     1.6542   3.060726    4.69143    -0.0667    13.8155 0.0000e+00  -60.75050  -59.24767 1153891964 207.231086    34.7227 0.0000e+00
    775.000     1.6506   3.060116     1.6506   3.060454    4.69150    -0.0688    13.8155 0.0000e+00  -60.75050  -59.24767 1153891965 207.231095    34.7227 0.0000e+00
    776.000     1.6529   3.060376     1.6533   3.060721    4.69434    -0.0660    13.8155 0.0000e+00  -60.75050  -59.24767 1153891969 207.231142    34.7229 0.0000e+00
    777.000     1.6508   3.060225     1.6519   3.060675    4.69577    -0.0830    13.8155 0.0000e+00  -60.75050  -59.24767 1153891971 207.231164    34.7228 0.0000e+00
    778.000     1.6453   3.059823     1.6455   3.060168    4.69640    -0.0628    13.8155 0.0000e+00  -60.75050  -59.24767 1153891972 207.231177    34.7233 0.0000e+00
    779.000     1.6453   3.059861     1.6453   3.060189    4.69621    -0.0802    13.8155 0.0000e+00  -60.75050  -59.24767 1153891973 207.231186    34.7233 0.0000e+00
    780.000     1.6457   3.059925     1.6457   3.060271    4.69601    -0.0847    13.8155 0.0000e+00  -60.75050  -59.24767 1153891973 207.231195    34.7230 0.0000e+00
    781.000     1.6454   3.059942     1.6452   3.060278    4.69728    -0.0714    13.8155 0.0000e+00  -60.75050  -59.24767 1153891974 207.231204    34.7230 0.0000e+00
    782.000     1.6449   3.059949     1.6448   3.060272    4.69692    -0.0733    13.8155 0.0000e+00  -60.75050  -59.24767 1153891975 207.231213    34.7230 0.0000e+00
