product_data/regression_test/downloaded_data/MGDS/320620060703/ctd/p6619201.ros
* Sea-Bird SBE 9 Data File:
* FileName = D:\Data\Raw\p6619201.dat
* Software Version Seasave Win32 V 5.32
* Temperature SN = 1649
* Conductivity SN = 1431
* Number of Bytes Per Scan = 37
* Number of Voltage Words = 5
* Number of Scans Averaged by the Deck Unit = 1
* NMEA Latitude = 60 47.98 S
* NMEA Longitude = 055 11.67 W
* NMEA UTC (Time) = 17:57:21
** Ship:   Nathaniel B. Palmer 
** Cruise:    NBP0606 
# nquan = 17
# nvalues = 1176                    
# units = specified
# name 0 = prDM: Pressure, Digiquartz [db]
# name 1 = t090C: Temperature [ITS-90, deg C]
# name 2 = c0S/m: Conductivity [S/m]
# name 3 = t190C: Temperature, 2 [ITS-90, deg C]
# name 4 = c1S/m: Conductivity, 2 [S/m]
# name 5 = sbeox0ML/L: Oxygen, SBE 43 [ml/l]
# name 6 = flECO-AFL: Fluorescence, Wetlab ECO-AFL/FL [mg/m^3]
# name 7 = bat: Beam Attenuation, Chelsea/Seatech/Wetlab CStar [1/m]
# name 8 = spar: SPAR/Surface Irradiance
# name 9 = latitude: Latitude [deg]
# name 10 = longitude: Longitude [deg]
# name 11 = timeY: Time, System [seconds]
# name 12 = timeJ: Julian Days
# name 13 = sal00: Salinity [PSU]
# name 14 = scan: scan number
# name 15 = nbf: number of bottles fired
# name 16 = flag:  0.000e+00
# interval = seconds: 0.0416667                   
# start_time = Jul 23 2006 17:57:29
*END*
[from data line 341]
    450.817    -0.0957   2.880157    -0.1172   2.878317    6.08158    -0.1180    13.8155 1.9481e+01  -60.79967  -55.19450 1153679672 204.774004    34.5229      53399          7  0.000e+00
    450.750    -0.0957   2.880130    -0.1167   2.878317    6.08154    -0.1395    13.8155 1.9481e+01  -60.79967  -55.19450 1153679672 204.774004    34.5225      53400          7  0.000e+00
    400.716    -0.3180   2.856247    -0.3180   2.856569    6.29363    -0.1180    13.8155 1.9481e+01  -60.79967  -55.19450 1153679760 204.775020    34.4856      55506          8  0.000e+00
    400.716    -0.3181   2.856240    -0.3178   2.856628    6.29364    -0.1072    13.8155 1.9481e+01  -60.79967  -55.19450 1153679760 204.775020    34.4856      55507          8  0.000e+00
    400.716    -0.3178   2.856240    -0.3175   2.856651    6.29361    -0.0857    13.8155 1.9481e+01  -60.79967  -55.19450 1153679760 204.775021    34.4853      55508          8  0.000e+00
    400.716    -0.3180   2.856240    -0.3177   2.856633    6.29848    -0.0857    13.8155 1.9481e+01  -60.79967  -55.19450 1153679760 204.775021    34.4855      55509          8  0.000e+00
    400.716    -0.3183   2.856220    -0.3178   2.856581    6.29368    -0.0642    13.8155 1.9481e+01  -60.79967  -55.19450 1153679760 204.775022    34.4855      55510          8  0.000e+00
    400.649    -0.3183   2.856250    -0.3178   2.856610    6.29360    -0.0964    13.8155 1.9481e+01  -60.79967  -55.19450 1153679760 204.775022    34.4860      55511          8  0.000e+00
    400.649    -0.3178   2.856213    -0.3175   2.856628    6.29842    -0.1180    13.8155 1.9481e+01  -60.79967  -55.19450 1153679760 204.775023    34.4850      55512          8  0.000e+00
    400.649    -0.3184   2.856210    -0.3180   2.856628    6.29850    -0.1180    13.8155 1.9481e+01  -60.79967  -55.19450 1153679760 204.775023    34.4856      55513          8  0.000e+00
    400.716    -0.3184   2.856200    -0.3175   2.856616    6.29857    -0.0964    13.8155 1.9481e+01  -60.79967  -55.19450 1153679760 204.775024    34.4855      55514          8  0.000e+00
    400.649    -0.3186   2.856210    -0.3177   2.856598    6.29852    -0.1180    13.8155 1.9481e+01  -60.79967  -55.19450 1153679760 204.775024    34.4858      55515          8  0.000e+00
    400.572    -0.3183   2.856217    -0.3180   2.856616    6.29841    -0.1180    13.8155 1.9481e+01  -60.79967  -55.19450 1153679760 204.775025    34.4856      55516          8  0.000e+00
    400.649    -0.3187   2.856217    -0.3178   2.856604    6.29369    -0.0749    13.8155 1.9481e+01  -60.79967  -55.19450 1153679760 204.775025    34.4861      55517          8  0.000e+00
    400.649    -0.3184   2.856200    -0.3178   2.856598    6.29366    -0.1072    13.8155 1.9481e+01  -60.79967  -55.19450 1153679760 204.775026    34.4855      55518          8  0.000e+00
    400.573    -0.3186   2.856197    -0.3178   2.856598    6.29361    -0.1180    13.8155 1.9481e+01  -60.79967  -55.19450 1153679760 204.775026    34.4857      55519          8  0.000e+00
    400.649    -0.3189   2.856197    -0.3178   2.856557    6.29372    -0.0857    13.8155 1.9481e+01  -60.79967  -55.19450 1153679760 204.775027    34.4860      55520          8  0.000e+00
    400.573    -0.3185   2.856197    -0.3181   2.856545    6.29846    -0.0642    13.8155 1.9481e+01  -60.79967  -55.19450 1153679760 204.775027    34.4856      55521          8  0.000e+00
    400.573    -0.3186   2.856197    -0.3188   2.856563    6.29846    -0.0857    13.8155 1.9481e+01  -60.79967  -55.19450 1153679761 204.775027    34.4857      55522          8  0.000e+00
    400.573    -0.3184   2.856197    -0.3186   2.856563    6.29844    -0.1072    13.8155 1.9481e+01  -60.79967  -55.19450 1153679761 204.775028    34.4855      55523          8  0.000e+00
    400.573    -0.3189   2.856177    -0.3189   2.856545    6.29851    -0.1287    13.8155 1.9481e+01  -60.79967  -55.19450 1153679761 204.775028    34.4857      55524          8  0.000e+00
    400.573    -0.3191   2.856153    -0.3185   2.856545    6.29855    -0.0534    13.8155 1.9481e+01  -60.79967  -55.19450 1153679761 204.775029    34.4856      55525          8  0.000e+00
    400.573    -0.3189   2.856150    -0.3181   2.856522    6.29853     0.0004    13.8155 1.9481e+01  -60.79967  -55.19450 1153679761 204.775029    34.4854      55526          8  0.000e+00
    400.573    -0.3184   2.856183    -0.3185   2.856534    6.29845    -0.0857    13.8155 1.9481e+01  -60.79967  -55.19450 1153679761 204.775030    34.4853      55527          8  0.000e+00
    400.573    -0.3184   2.856197    -0.3189   2.856522    6.29359    -0.1287    13.8155 1.9481e+01  -60.79967  -55.19450 1153679761 204.775030    34.4855      55528          8  0.000e+00
    400.506    -0.3184   2.856197    -0.3185   2.856534    6.29838    -0.0964    13.8155 1.9481e+01  -60.79967  -55.19450 1153679761 204.775031    34.4855      55529          8  0.000e+00
    400.573    -0.3183   2.856197    -0.3181   2.856563    6.29842    -0.0857    13.8155 1.9481e+01  -60.79967  -55.19450 1153679761 204.775031    34.4853      55530          8  0.000e+00
    400.506    -0.3183   2.856210    -0.3183   2.856551    6.29835    -0.0749    13.8155 1.9481e+01  -60.79967  -55.19450 1153679761 204.775032    34.4855      55531          8  0.000e+00
    400.506    -0.3186   2.856200    -0.3183   2.856534    6.29840    -0.0857    13.8155 1.9481e+01  -60.79967  -55.19450 1153679761 204.775032    34.4857      55532          8  0.000e+00
    400.573    -0.3189   2.856197    -0.3178   2.856557    6.29850    -0.0964    13.8155 1.9481e+01  -60.79967  -55.19450 1153679761 204.775033    34.4860      55533          8  0.000e+00
    400.506    -0.3187   2.856197    -0.3185   2.856569    6.29356    -0.0749    13.8155 1.9481e+01  -60.79967  -55.19450 1153679761 204.775033    34.4858      55534          8  0.000e+00
    400.506    -0.3184   2.856210    -0.3180   2.856569    6.29352    -0.0749    13.8155 1.7533e+01  -60.79967  -55.19450 1153679761 204.775034    34.4857      55535          8  0.000e+00
    400.506    -0.3186   2.856200    -0.3181   2.856569    6.29840    -0.0857    13.8155 1.9481e+01  -60.79967  -55.19450 1153679761 204.775034    34.4857      55536          8  0.000e+00
    400.506    -0.3186   2.856210    -0.3183   2.856551    6.29839    -0.1180    13.8155 1.9481e+01  -60.79967  -55.19450 1153679761 204.775035    34.4859      55537          8  0.000e+00
    400.429    -0.3183   2.856233    -0.3188   2.856522    6.29342    -0.1180    13.8155 1.9481e+01  -60.79967  -55.19450 1153679761 204.775035    34.4859      55538          8  0.000e+00
    400.506    -0.3184   2.856257    -0.3185   2.856551    6.29350    -0.0749    13.8155 1.9481e+01  -60.79967  -55.19450 1153679761 204.775036    34.4863      55539          8  0.000e+00
    400.506    -0.3186   2.856247    -0.3184   2.856540    6.29837    -0.0964    13.8155 1.9481e+01  -60.79967  -55.19450 1153679761 204.775036    34.4864      55540          8  0.000e+00
    400.429    -0.3186   2.856223    -0.3188   2.856540    6.29832    -0.0857    13.8155 1.9481e+01  -60.79967  -55.19450 1153679761 204.775037    34.4861      55541          8  0.000e+00
    400.506    -0.3191   2.856250    -0.3181   2.856545    6.29358    -0.0534    13.8155 1.9481e+01  -60.79967  -55.19450 1153679761 204.775037    34.4870      55542          8  0.000e+00
    400.429    -0.3187   2.856243    -0.3185   2.856563    6.29833    -0.0211    13.8155 1.9481e+01  -60.79967  -55.19450 1153679761 204.775038    34.4866      55543          8  0.000e+00
    400.429    -0.3189   2.856257    -0.3184   2.856569    6.29834    -0.0319    13.8155 1.7533e+01  -60.79967  -55.19450 1153679761 204.775038    34.4869      55544          8  0.000e+00
    400.429    -0.3180   2.856263    -0.3180   2.856551    6.29822    -0.0749    13.8155 1.9481e+01  -60.79967  -55.19450 1153679761 204.775039    34.4860      55545          8  0.000e+00
    400.429    -0.3181   2.856227    -0.3183   2.856581    6.29826    -0.1072    13.8155 1.9481e+01  -60.79967  -55.19450 1153679762 204.775039    34.4856      55546          8  0.000e+00
    400.506    -0.3181   2.856233    -0.3178   2.856575    6.29832    -0.0749    13.8155 1.9481e+01  -60.79967  -55.19450 1153679762 204.775040    34.4857      55547          8  0.000e+00
    400.362    -0.3182   2.856220    -0.3184   2.856569    6.29822    -0.0426    13.8155 1.9481e+01  -60.79967  -55.19450 1153679762 204.775040    34.4857      55548          8  0.000e+00
    400.458    -0.3181   2.856217    -0.3178   2.856563    6.29829    -0.1072    13.8155 1.9481e+01  -60.79967  -55.19450 1153679762 204.775041    34.4855      55549          8  0.000e+00
    400.429    -0.3178   2.856233    -0.3178   2.856586    6.29822    -0.1287    13.8155 1.9481e+01  -60.79967  -55.19450 1153679762 204.775041    34.4854      55550          8  0.000e+00
    400.362    -0.3184   2.856257    -0.3177   2.856575    6.29822    -0.1072    13.8155 1.9481e+01  -60.79967  -55.19450 1153679762 204.775041    34.4864      55551          8  0.000e+00
    400.429    -0.3181   2.856243    -0.3181   2.856586    6.29825    -0.0642    13.8155 1.9481e+01  -60.79967  -55.19450 1153679762 204.775042    34.4858      55552          8  0.000e+00
    400.362    -0.3187   2.856240    -0.3183   2.856575    6.29827    -0.0642    13.8155 1.9481e+01  -60.79967  -55.19450 1153679762 204.775042    34.4866      55553          8  0.000e+00
    400.429    -0.3181   2.856220    -0.3181   2.856569    6.29826    -0.0857    13.8155 1.9481e+01  -60.79967  -55.19450 1153679762 204.775043    34.4855      55554          8  0.000e+00
    350.007    -0.5489   2.832375    -0.5495   2.832726    6.48182    -0.1180    13.8155 1.9481e+01  -60.79967  -55.19450 1153679869 204.776280    34.4579      58119          9  0.000e+00
    349.940    -0.5491   2.832391    -0.5492   2.832744    6.48663    -0.1395    13.8155 1.9481e+01  -60.79967  -55.19450 1153679869 204.776280    34.4584      58120          9  0.000e+00
    350.007    -0.5489   2.832355    -0.5487   2.832732    6.48184    -0.0964    13.8155 1.9481e+01  -60.79967  -55.19450 1153679869 204.776281    34.4577      58121          9  0.000e+00
    349.940    -0.5489   2.832381    -0.5488   2.832703    6.48175    -0.0534    13.8155 1.9481e+01  -60.79967  -55.19450 1153679869 204.776281    34.4580      58122          9  0.000e+00
    349.998    -0.5488   2.832378    -0.5488   2.832720    6.48180    -0.1072    13.8155 1.9481e+01  -60.79967  -55.19450 1153679869 204.776282    34.4578      58123          9  0.000e+00
    349.940    -0.5490   2.832355    -0.5483   2.832744    6.48179    -0.0857    13.8155 1.9481e+01  -60.79967  -55.19450 1153679869 204.776282    34.4578      58124          9  0.000e+00
    349.940    -0.5489   2.832385    -0.5482   2.832773    6.48176    -0.0749    13.8155 1.7533e+01  -60.79967  -55.19450 1153679869 204.776283    34.4581      58125          9  0.000e+00
    349.864    -0.5488   2.832398    -0.5482   2.832767    6.48166    -0.0749    13.8155 1.9481e+01  -60.79967  -55.19450 1153679869 204.776283    34.4582      58126          9  0.000e+00
    350.007    -0.5492   2.832378    -0.5483   2.832814    6.48186    -0.1180    13.8155 1.9481e+01  -60.79967  -55.19450 1153679869 204.776284    34.4583      58127          9  0.000e+00
    349.864    -0.5485   2.832385    -0.5479   2.832814    6.48163    -0.1072    13.8155 1.9481e+01  -60.79967  -55.19450 1153679869 204.776284    34.4576      58128          9  0.000e+00
    349.931    -0.5492   2.832395    -0.5481   2.832808    6.48178    -0.0749    13.8155 1.9481e+01  -60.79967  -55.19450 1153679869 204.776285    34.4585      58129          9  0.000e+00
    349.940    -0.5488   2.832398    -0.5483   2.832808    6.48173    -0.0857    13.8155 1.9481e+01  -60.79967  -55.19450 1153679869 204.776285    34.4581      58130          9  0.000e+00
    349.864    -0.5488   2.832398    -0.5479   2.832761    6.48166    -0.0964    13.8155 1.9481e+01  -60.79967  -55.19450 1153679869 204.776286    34.4582      58131          9  0.000e+00
    349.940    -0.5487   2.832415    -0.5481   2.832796    6.48171    -0.0749    13.8155 1.9481e+01  -60.79967  -55.19450 1153679869 204.776286    34.4583      58132          9  0.000e+00
    349.864    -0.5488   2.832401    -0.5479   2.832849    6.48166    -0.0426    13.8155 1.9481e+01  -60.79967  -55.19450 1153679869 204.776287    34.4582      58133          9  0.000e+00
    349.940    -0.5486   2.832398    -0.5479   2.832802    6.48171    -0.0426    13.8155 1.9481e+01  -60.79967  -55.19450 1153679869 204.776287    34.4579      58134          9  0.000e+00
    349.864    -0.5489   2.832378    -0.5478   2.832802    6.48169    -0.1072    13.8155 1.9481e+01  -60.79967  -55.19450 1153679869 204.776288    34.4580      58135          9  0.000e+00
    349.864    -0.5488   2.832401    -0.5474   2.832790    6.48166    -0.1180    13.8155 1.9481e+01  -60.79967  -55.19450 1153679869 204.776288    34.4582      58136          9  0.000e+00
    349.864    -0.5487   2.832401    -0.5472   2.832802    6.48165    -0.0749    13.8155 1.9481e+01  -60.79967  -55.19450 1153679870 204.776289    34.4582      58137          9  0.000e+00
    349.864    -0.5483   2.832428    -0.5477   2.832808    6.48158    -0.1180    13.8155 1.9481e+01  -60.79967  -55.19450 1153679870 204.776289    34.4581      58138          9  0.000e+00
    349.864    -0.5482   2.832424    -0.5475   2.832808    6.48156    -0.1287    13.8155 1.9481e+01  -60.79967  -55.19450 1153679870 204.776290    34.4578      58139          9  0.000e+00
    349.797    -0.5484   2.832401    -0.5475   2.832784    6.48155    -0.0749    13.8155 1.9481e+01  -60.79967  -55.19450 1153679870 204.776290    34.4578      58140          9  0.000e+00
    349.864    -0.5485   2.832378    -0.5482   2.832802    6.48163    -0.0426    13.8155 1.9481e+01  -60.79967  -55.19450 1153679870 204.776291    34.4575      58141          9  0.000e+00
    349.720    -0.5483   2.832424    -0.5477   2.832808    6.48146    -0.0964    13.8155 1.9481e+01  -60.79967  -55.19450 1153679870 204.776291    34.4581      58142          9  0.000e+00
    349.941    -0.5481   2.832451    -0.5476   2.832849    6.48161    -0.1180    13.8155 1.9481e+01  -60.79967  -55.19450 1153679870 204.776291    34.4581      58143          9  0.000e+00
    349.797    -0.5482   2.832428    -0.5482   2.832837    6.48150    -0.1072    13.8155 1.9481e+01  -60.79967  -55.19450 1153679870 204.776292    34.4579      58144          9  0.000e+00
    349.797    -0.5486   2.832434    -0.5476   2.832814    6.48155    -0.0964    13.8155 1.9481e+01  -60.79967  -55.19450 1153679870 204.776292    34.4584      58145          9  0.000e+00
    349.797    -0.5485   2.832441    -0.5482   2.832849    6.48154    -0.0534    13.8155 1.9481e+01  -60.79967  -55.19450 1153679870 204.776293    34.4584      58146          9  0.000e+00
    349.797    -0.5478   2.832458    -0.5472   2.832825    6.48144    -0.0642    13.8155 1.9481e+01  -60.79967  -55.19450 1153679870 204.776293    34.4579      58147          9  0.000e+00
    349.797    -0.5472   2.832481    -0.5478   2.832831    6.48134    -0.0964    13.8155 1.9481e+01  -60.79967  -55.19450 1153679870 204.776294    34.4575      58148          9  0.000e+00
    349.787    -0.5469   2.832504    -0.5472   2.832814    6.48128    -0.0964    13.8155 1.9481e+01  -60.79967  -55.19450 1153679870 204.776294    34.4575      58149          9  0.000e+00
    349.730    -0.5467   2.832541    -0.5472   2.832808    6.48118    -0.0857    13.8155 1.9481e+01  -60.79967  -55.19450 1153679870 204.776295    34.4578      58150          9  0.000e+00
    349.797    -0.5466   2.832584    -0.5475   2.832825    6.48120    -0.0857    13.8155 1.9481e+01  -60.79967  -55.19450 1153679870 204.776295    34.4582      58151          9  0.000e+00
