product_data/regression_test/downloaded_data/MGDS/320620060703/ctd/p6611501.cnv
* Sea-Bird SBE 9 Data File:
* FileName = D:\Data\Raw\p6611501.dat
* Software Version Seasave Win32 V 5.32
* Temperature SN = 1649
* Conductivity SN = 1431
* Number of Bytes Per Scan = 37
* Number of Voltage Words = 5
* Number of Scans Averaged by the Deck Unit = 1
* NMEA Latitude = 61 33.00 S
* NMEA Longitude = 054 52.51 W
* NMEA UTC (Time) = 10:29:23
** Ship:   Nathaniel B. Palmer 
** Cruise:    NBP0606 
# nquan = 15
# nvalues = 992                         
# units = specified
# name 0 = prDM: Pressure, Digiquartz [db]
# name 1 = t090C: Temperature [ITS-90, deg C]
# name 2 = c0S/m: Conductivity [S/m]
# name 3 = t190C: Temperature, 2 [ITS-90, deg C]
# name 4 = c1S/m: Conductivity, 2 [S/m]
# name 5 = sbeox0ML/L: Oxygen, SBE 43 [ml/l]
# name 6 = flECO-AFL: Fluorescence, Wetlab ECO-AFL/FL [mg/m^3]
# name 7 = bat: Beam Attenuation, Chelsea/Seatech/Wetlab CStar [1/m]
# name 8 = spar: SPAR/Surface Irradiance
# name 9 = latitude: Latitude [deg]
# name 10 = longitude: Longitude [deg]
# name 11 = timeY: Time, System [seconds]
# name 12 = timeJ: Julian Days
# name 13 = sal00: Salinity [PSU]
# name 14 = flag: flag
# span 0 =     10.000,   1001.000       
# span 1 =    -1.6778,    -0.4605       
# span 2 =   2.700916,   2.860617       
# span 3 =    -1.6785,    -0.4595       
# span 4 =   2.702193,   2.861056       
# span 5 =    6.43610,    8.38526       
# span 6 =    -0.1275,     0.2002       
# span 7 =    13.8155,    13.8155       
# span 8 = 0.0000e+00, 0.0000e+00       
# span 9 =  -61.55000,  -61.55000       
# span 10 =  -54.87517,  -54.87517      
# span 11 = 1152872924, 1152874460      
# span 12 = 195.436603, 195.454419      
# span 13 =    34.1570,    34.5312      
# span 14 = 0.0000e+00, 0.0000e+00      
# interval = decibars: 1                
# start_time = Jul 14 2006 10:29:31
# bad_flag = -9.990e-29
*END*
[from data line 193]
    203.000    -0.8840   2.785160    -0.8822   2.785693    7.33274    -0.0288    13.8155 0.0000e+00  -61.55000  -54.87517 1152873356 195.441637    34.2900 0.0000e+00
    204.000    -0.8815   2.785449    -0.8798   2.785969    7.32956    -0.0253    13.8155 0.0000e+00  -61.55000  -54.87517 1152873357 195.441654    34.2906 0.0000e+00
    205.000    -0.8807   2.785571    -0.8790   2.786107    7.32444    -0.0311    13.8155 0.0000e+00  -61.55000  -54.87517 1152873358 195.441666    34.2907 0.0000e+00
    206.000    -0.8771   2.786014    -0.8767   2.786360    7.32127    -0.0192    13.8155 0.0000e+00  -61.55000  -54.87517 1152873359 195.441677    34.2922 0.0000e+00
    207.000    -0.8646   2.787249    -0.8639   2.787653    7.31629    -0.0253    13.8155 0.0000e+00  -61.55000  -54.87517 1152873360 195.441688    34.2935 0.0000e+00
    208.000    -0.8647   2.787295    -0.8638   2.787716    7.30983    -0.0165    13.8155 0.0000e+00  -61.55000  -54.87517 1152873361 195.441702    34.2939 0.0000e+00
    209.000    -0.8548   2.788329    -0.8528   2.788840    7.29876    -0.0376    13.8155 0.0000e+00  -61.55000  -54.87517 1152873363 195.441718    34.2959 0.0000e+00
    210.000    -0.8432   2.789552    -0.8425   2.789911    7.28397    -0.0239    13.8155 0.0000e+00  -61.55000  -54.87517 1152873364 195.441739    34.2987 0.0000e+00
    211.000    -0.8201   2.791937    -0.8165   2.792544    7.26647    -0.0358    13.8155 0.0000e+00  -61.55000  -54.87517 1152873366 195.441758    34.3037 0.0000e+00
    212.000    -0.8000   2.793987    -0.7962   2.794627    7.24892    -0.0284    13.8155 0.0000e+00  -61.55000  -54.87517 1152873367 195.441772    34.3075 0.0000e+00
    213.000    -0.7850   2.795569    -0.7801   2.796312    7.23765    -0.0405    13.8155 0.0000e+00  -61.55000  -54.87517 1152873368 195.441784    34.3111 0.0000e+00
    214.000    -0.7760   2.796523    -0.7731   2.797061    7.22467    -0.0301    13.8155 0.0000e+00  -61.55000  -54.87517 1152873369 195.441795    34.3133 0.0000e+00
    215.000    -0.7607   2.798097    -0.7583   2.798560    7.21323    -0.0267    13.8155 0.0000e+00  -61.55000  -54.87517 1152873370 195.441805    34.3163 0.0000e+00
    216.000    -0.7290   2.801337    -0.7263   2.801822    7.19895    -0.0296    13.8155 0.0000e+00  -61.55000  -54.87517 1152873371 195.441817    34.3230 0.0000e+00
    217.000    -0.7179   2.802486    -0.7157   2.802962    7.18138    -0.0304    13.8155 0.0000e+00  -61.55000  -54.87517 1152873373 195.441834    34.3253 0.0000e+00
    218.000    -0.7089   2.803402    -0.7082   2.803777    7.16037    -0.0315    13.8155 0.0000e+00  -61.55000  -54.87517 1152873374 195.441855    34.3272 0.0000e+00
    219.000    -0.7061   2.803726    -0.7050   2.804133    7.14580    -0.0434    13.8155 0.0000e+00  -61.55000  -54.87517 1152873376 195.441876    34.3282 0.0000e+00
    220.000    -0.7004   2.804332    -0.6989   2.804778    7.14276    -0.0345    13.8155 0.0000e+00  -61.55000  -54.87517 1152873378 195.441894    34.3296 0.0000e+00
    221.000    -0.6976   2.804653    -0.6963   2.805101    7.14140    -0.0234    13.8155 0.0000e+00  -61.55000  -54.87517 1152873379 195.441907    34.3303 0.0000e+00
    222.000    -0.6964   2.804816    -0.6949   2.805288    7.13640    -0.0348    13.8155 0.0000e+00  -61.55000  -54.87517 1152873380 195.441918    34.3307 0.0000e+00
    223.000    -0.6955   2.804951    -0.6940   2.805421    7.13047    -0.0286    13.8155 0.0000e+00  -61.55000  -54.87517 1152873381 195.441927    34.3310 0.0000e+00
    224.000    -0.6944   2.805090    -0.6933   2.805549    7.12934    -0.0301    13.8155 0.0000e+00  -61.55000  -54.87517 1152873381 195.441936    34.3311 0.0000e+00
    225.000    -0.6936   2.805227    -0.6922   2.805689    7.12619    -0.0334    13.8155 0.0000e+00  -61.55000  -54.87517 1152873382 195.441945    34.3315 0.0000e+00
    226.000    -0.6934   2.805277    -0.6918   2.805767    7.12324    -0.0264    13.8155 0.0000e+00  -61.55000  -54.87517 1152873384 195.441968    34.3317 0.0000e+00
    227.000    -0.6940   2.805282    -0.6928   2.805719    7.12383    -0.0340    13.8155 0.0000e+00  -61.55000  -54.87517 1152873388 195.442006    34.3321 0.0000e+00
    228.000    -0.6919   2.805535    -0.6905   2.806014    7.12421    -0.0250    13.8155 0.0000e+00  -61.55000  -54.87517 1152873388 195.442016    34.3325 0.0000e+00
    229.000    -0.6909   2.805681    -0.6895   2.806167    7.12366    -0.0378    13.8155 0.0000e+00  -61.55000  -54.87517 1152873389 195.442024    34.3327 0.0000e+00
    230.000    -0.6902   2.805790    -0.6888   2.806272    7.12088    -0.0443    13.8155 0.0000e+00  -61.55000  -54.87517 1152873390 195.442032    34.3329 0.0000e+00
    231.000    -0.6893   2.805921    -0.6878   2.806395    7.12023    -0.0276    13.8155 0.0000e+00  -61.55000  -54.87517 1152873390 195.442041    34.3330 0.0000e+00
    232.000    -0.6886   2.806037    -0.6872   2.806505    7.11685    -0.0257    13.8155 0.0000e+00  -61.55000  -54.87517 1152873392 195.442053    34.3333 0.0000e+00
    233.000    -0.6884   2.806113    -0.6869   2.806590    7.11281    -0.0434    13.8155 0.0000e+00  -61.55000  -54.87517 1152873393 195.442076    34.3335 0.0000e+00
    234.000    -0.6881   2.806189    -0.6867   2.806671    7.11377    -0.0371    13.8155 0.0000e+00  -61.55000  -54.87517 1152873395 195.442092    34.3335 0.0000e+00
    235.000    -0.6867   2.806391    -0.6853   2.806856    7.11378    -0.0426    13.8155 0.0000e+00  -61.55000  -54.87517 1152873396 195.442104    34.3341 0.0000e+00
    236.000    -0.6848   2.806634    -0.6832   2.807131    7.11428    -0.0408    13.8155 0.0000e+00  -61.55000  -54.87517 1152873397 195.442118    34.3347 0.0000e+00
    237.000    -0.6835   2.806810    -0.6821   2.807285    7.11224    -0.0361    13.8155 0.0000e+00  -61.55000  -54.87517 1152873399 195.442135    34.3349 0.0000e+00
    238.000    -0.6805   2.807172    -0.6794   2.807602    7.10894    -0.0310    13.8155 0.0000e+00  -61.55000  -54.87517 1152873400 195.442153    34.3357 0.0000e+00
    239.000    -0.6784   2.807437    -0.6766   2.807941    7.10492    -0.0379    13.8155 0.0000e+00  -61.55000  -54.87517 1152873402 195.442170    34.3363 0.0000e+00
    240.000    -0.6765   2.807682    -0.6749   2.808177    7.10152    -0.0412    13.8155 0.0000e+00  -61.55000  -54.87517 1152873403 195.442185    34.3370 0.0000e+00
    241.000    -0.6708   2.808328    -0.6691   2.808831    7.09994    -0.0386    13.8155 0.0000e+00  -61.55000  -54.87517 1152873404 195.442199    34.3384 0.0000e+00
    242.000    -0.6692   2.808541    -0.6677   2.809024    7.09674    -0.0402    13.8155 0.0000e+00  -61.55000  -54.87517 1152873405 195.442210    34.3389 0.0000e+00
    243.000    -0.6671   2.808804    -0.6657   2.809283    7.09147    -0.0410    13.8155 0.0000e+00  -61.55000  -54.87517 1152873406 195.442221    34.3395 0.0000e+00
    244.000    -0.6649   2.809092    -0.6634   2.809570    7.08689    -0.0449    13.8155 0.0000e+00  -61.55000  -54.87517 1152873407 195.442234    34.3402 0.0000e+00
    245.000    -0.6631   2.809349    -0.6616   2.809824    7.08199    -0.0388    13.8155 0.0000e+00  -61.55000  -54.87517 1152873409 195.442250    34.3410 0.0000e+00
    246.000    -0.6566   2.810098    -0.6550   2.810562    7.07385    -0.0499    13.8155 0.0000e+00  -61.55000  -54.87517 1152873410 195.442267    34.3431 0.0000e+00
    247.000    -0.6512   2.810726    -0.6498   2.811172    7.06559    -0.0445    13.8155 0.0000e+00  -61.55000  -54.87517 1152873411 195.442284    34.3447 0.0000e+00
    248.000    -0.6475   2.811157    -0.6460   2.811634    7.06023    -0.0392    13.8155 0.0000e+00  -61.55000  -54.87517 1152873413 195.442301    34.3457 0.0000e+00
    249.000    -0.6455   2.811422    -0.6437   2.811929    7.05497    -0.0365    13.8155 0.0000e+00  -61.55000  -54.87517 1152873414 195.442317    34.3465 0.0000e+00
    250.000    -0.6422   2.811841    -0.6404   2.812343    7.05106    -0.0460    13.8155 0.0000e+00  -61.55000  -54.87517 1152873416 195.442332    34.3478 0.0000e+00
    251.000    -0.6390   2.812226    -0.6375   2.812707    7.04291    -0.0483    13.8155 0.0000e+00  -61.55000  -54.87517 1152873417 195.442345    34.3487 0.0000e+00
    252.000    -0.6336   2.812861    -0.6320   2.813349    7.03481    -0.0334    13.8155 0.0000e+00  -61.55000  -54.87517 1152873418 195.442358    34.3505 0.0000e+00
    253.000    -0.6275   2.813553    -0.6260   2.814006    7.02623    -0.0298    13.8155 0.0000e+00  -61.55000  -54.87517 1152873419 195.442370    34.3522 0.0000e+00
    254.000    -0.6235   2.814044    -0.6215   2.814552    7.02074    -0.0520    13.8155 0.0000e+00  -61.55000  -54.87517 1152873420 195.442382    34.3536 0.0000e+00
    255.000    -0.6175   2.814756    -0.6154   2.815274    7.01271    -0.0506    13.8155 0.0000e+00  -61.55000  -54.87517 1152873421 195.442396    34.3557 0.0000e+00
    256.000    -0.6100   2.815630    -0.6082   2.816113    7.00306    -0.0393    13.8155 0.0000e+00  -61.55000  -54.87517 1152873423 195.442416    34.3584 0.0000e+00
    257.000    -0.6041   2.816353    -0.6027   2.816797    6.99218    -0.0512    13.8155 0.0000e+00  -61.55000  -54.87517 1152873425 195.442439    34.3608 0.0000e+00
    258.000    -0.5989   2.816960    -0.5979   2.817368    6.98585    -0.0433    13.8155 0.0000e+00  -61.55000  -54.87517 1152873426 195.442453    34.3625 0.0000e+00
    259.000    -0.5971   2.817202    -0.5957   2.817654    6.97978    -0.0386    13.8155 0.0000e+00  -61.55000  -54.87517 1152873427 195.442463    34.3631 0.0000e+00
    260.000    -0.5966   2.817303    -0.5951   2.817775    6.97621    -0.0455    13.8155 0.0000e+00  -61.55000  -54.87517 1152873428 195.442473    34.3633 0.0000e+00
    261.000    -0.5961   2.817388    -0.5950   2.817826    6.97085    -0.0539    13.8155 0.0000e+00  -61.55000  -54.87517 1152873429 195.442484    34.3633 0.0000e+00
    262.000    -0.5964   2.817388    -0.5952   2.817827    6.97004    -0.0509    13.8155 0.0000e+00  -61.55000  -54.87517 1152873430 195.442505    34.3632 0.0000e+00
    263.000    -0.5981   2.817249    -0.5967   2.817714    6.96734    -0.0474    13.8155 0.0000e+00  -61.55000  -54.87517 1152873432 195.442526    34.3629 0.0000e+00
    264.000    -0.5979   2.817305    -0.5965   2.817782    6.96859    -0.0551    13.8155 0.0000e+00  -61.55000  -54.87517 1152873433 195.442538    34.3628 0.0000e+00
    265.000    -0.5978   2.817356    -0.5965   2.817824    6.97021    -0.0375    13.8155 0.0000e+00  -61.55000  -54.87517 1152873434 195.442549    34.3629 0.0000e+00
    266.000    -0.5979   2.817400    -0.5958   2.817946    6.96813    -0.0540    13.8155 0.0000e+00  -61.55000  -54.87517 1152873436 195.442564    34.3630 0.0000e+00
    267.000    -0.5965   2.817612    -0.5946   2.818123    6.96756    -0.0508    13.8155 0.0000e+00  -61.55000  -54.87517 1152873437 195.442581    34.3637 0.0000e+00
    268.000    -0.5947   2.817857    -0.5933   2.818324    6.96535    -0.0378    13.8155 0.0000e+00  -61.55000  -54.87517 1152873438 195.442593    34.3643 0.0000e+00
    269.000    -0.5944   2.817930    -0.5931   2.818390    6.96554    -0.0448    13.8155 0.0000e+00  -61.55000  -54.87517 1152873439 195.442604    34.3643 0.0000e+00
    270.000    -0.5939   2.818022    -0.5926   2.818485    6.96337    -0.0534    13.8155 0.0000e+00  -61.55000  -54.87517 1152873440 195.442618    34.3644 0.0000e+00
    271.000    -0.5941   2.818049    -0.5927   2.818532    6.96205    -0.0447    13.8155 0.0000e+00  -61.55000  -54.87517 1152873443 195.442647    34.3644 0.0000e+00
    272.000    -0.5932   2.818196    -0.5919   2.818658    6.96385    -0.0587    13.8155 0.0000e+00  -61.55000  -54.87517 1152873444 195.442662    34.3648 0.0000e+00
    273.000    -0.5924   2.818336    -0.5911   2.818807    6.96215    -0.0435    13.8155 0.0000e+00  -61.55000  -54.87517 1152873445 195.442672    34.3651 0.0000e+00
    274.000    -0.5914   2.818488    -0.5906   2.818902    6.95669    -0.0468    13.8155 0.0000e+00  -61.55000  -54.87517 1152873446 195.442683    34.3655 0.0000e+00
    275.000    -0.5894   2.818760    -0.5883   2.819221    6.95143    -0.0555    13.8155 0.0000e+00  -61.55000  -54.87517 1152873447 195.442695    34.3663 0.0000e+00
    276.000    -0.5853   2.819289    -0.5843   2.819697    6.94827    -0.0460    13.8155 0.0000e+00  -61.55000  -54.87517 1152873448 195.442711    34.3680 0.0000e+00
    277.000    -0.5805   2.819888    -0.5811   2.820109    6.94187    -0.0400    13.8155 0.0000e+00  -61.55000  -54.87517 1152873450 195.442726    34.3700 0.0000e+00
    278.000    -0.5661   2.821638    -0.5647   2.822017    6.92863    -0.0609    13.8155 0.0000e+00  -61.55000  -54.87517 1152873451 195.442740    34.3764 0.0000e+00
    279.000    -0.5534   2.823131    -0.5521   2.823556    6.91538    -0.0508    13.8155 0.0000e+00  -61.55000  -54.87517 1152873452 195.442754    34.3809 0.0000e+00
    280.000    -0.5481   2.823801    -0.5466   2.824247    6.90364    -0.0488    13.8155 0.0000e+00  -61.55000  -54.87517 1152873453 195.442769    34.3834 0.0000e+00
    281.000    -0.5463   2.824060    -0.5448   2.824519    6.89477    -0.0516    13.8155 0.0000e+00  -61.55000  -54.87517 1152873455 195.442785    34.3843 0.0000e+00
    282.000    -0.5440   2.824366    -0.5425   2.824838    6.88777    -0.0525    13.8155 0.0000e+00  -61.55000  -54.87517 1152873456 195.442801    34.3853 0.0000e+00
    283.000    -0.5435   2.824465    -0.5423   2.824911    6.88181    -0.0450    13.8155 0.0000e+00  -61.55000  -54.87517 1152873458 195.442820    34.3856 0.0000e+00
    284.000    -0.5421   2.824672    -0.5409   2.825108    6.87592    -0.0436    13.8155 0.0000e+00  -61.55000  -54.87517 1152873459 195.442836    34.3863 0.0000e+00
    285.000    -0.5396   2.825013    -0.5385   2.825440    6.87292    -0.0511    13.8155 0.0000e+00  -61.55000  -54.87517 1152873460 195.442849    34.3875 0.0000e+00
    286.000    -0.5384   2.825185    -0.5374   2.825618    6.86920    -0.0470    13.8155 0.0000e+00  -61.55000  -54.87517 1152873461 195.442861    34.3878 0.0000e+00
    287.000    -0.5357   2.825575    -0.5347   2.825964    6.86311    -0.0501    13.8155 0.0000e+00  -61.55000  -54.87517 1152873462 195.442873    34.3894 0.0000e+00
    288.000    -0.5327   2.825954    -0.5318   2.826370    6.85794    -0.0515    13.8155 0.0000e+00  -61.55000  -54.87517 1152873464 195.442889    34.3905 0.0000e+00
    289.000    -0.5313   2.826161    -0.5301   2.826611    6.84907    -0.0531    13.8155 0.0000e+00  -61.55000  -54.87517 1152873465 195.442907    34.3911 0.0000e+00
    290.000    -0.5276   2.826682    -0.5265   2.827087    6.84345    -0.0338    13.8155 0.0000e+00  -61.55000  -54.87517 1152873467 195.442923    34.3934 0.0000e+00
    291.000    -0.5242   2.827146    -0.5233   2.827531    6.83827    -0.0400    13.8155 0.0000e+00  -61.55000  -54.87517 1152873468 195.442936    34.3952 0.0000e+00
    292.000    -0.5180   2.827940    -0.5166   2.828408    6.83215    -0.0499    13.8155 0.0000e+00  -61.55000  -54.87517 1152873469 195.442948    34.3980 0.0000e+00
    293.000    -0.5144   2.828461    -0.5130   2.828894    6.82616    -0.0530    13.8155 0.0000e+00  -61.55000  -54.87517 1152873470 195.442959    34.4003 0.0000e+00
    294.000    -0.5134   2.828607    -0.5121   2.829068    6.82021    -0.0518    13.8155 0.0000e+00  -61.55000  -54.87517 1152873471 195.442972    34.4005 0.0000e+00
    295.000    -0.5128   2.828739    -0.5116   2.829182    6.81304    -0.0545    13.8155 0.0000e+00  -61.55000  -54.87517 1152873473 195.442993    34.4011 0.0000e+00
    296.000    -0.5121   2.828875    -0.5108   2.829316    6.80662    -0.0469    13.8155 0.0000e+00  -61.55000  -54.87517 1152873475 195.443020    34.4017 0.0000e+00
    297.000    -0.5083   2.829420    -0.5074   2.829798    6.80297    -0.0470    13.8155 0.0000e+00  -61.55000  -54.87517 1152873476 195.443035    34.4040 0.0000e+00
    298.000    -0.5027   2.830215    -0.5018   2.830579    6.79879    -0.0535    13.8155 0.0000e+00  -61.55000  -54.87517 1152873477 195.443047    34.4078 0.0000e+00
