product_data/regression_test/downloaded_data/MGDS/320620060703/ctd/p6612001.cnv
* Sea-Bird SBE 9 Data File:
* FileName = D:\Data\Raw\p6612001.dat
* Software Version Seasave Win32 V 5.32
* Temperature SN = 1649
* Conductivity SN = 1431
* Number of Bytes Per Scan = 37
* Number of Voltage Words = 5
* Number of Scans Averaged by the Deck Unit = 1
* NMEA Latitude = 61 12.38 S
* NMEA Longitude = 054 28.58 W
* NMEA UTC (Time) = 23:59:24
** Ship:   Nathaniel B. Palmer 
** Cruise:    NBP0606 
# nquan = 15
# nvalues = 758                         
# units = specified
# name 0 = prDM: Pressure, Digiquartz [db]
# name 1 = t090C: Temperature [ITS-90, deg C]
# name 2 = c0S/m: Conductivity [S/m]
# name 3 = t190C: Temperature, 2 [ITS-90, deg C]
# name 4 = c1S/m: Conductivity, 2 [S/m]
# name 5 = sbeox0ML/L: Oxygen, SBE 43 [ml/l]
# name 6 = flECO-AFL: Fluorescence, Wetlab ECO-AFL/FL [mg/m^3]
# name 7 = bat: Beam Attenuation, Chelsea/Seatech/Wetlab CStar [1/m]
# name 8 = spar: SPAR/Surface Irradiance
# name 9 = latitude: Latitude [deg]
# name 10 = longitude: Longitude [deg]
# name 11 = timeY: Time, System [seconds]
# name 12 = timeJ: Julian Days
# name 13 = sal00: Salinity [PSU]
# name 14 = flag: flag
# span 0 =      4.000,    761.000       
# span 1 =    -0.7447,    -0.1953       
# span 2 =   2.783473,   2.868330       
# span 3 =    -0.7445,    -0.1951       
# span 4 =   2.783916,   2.868729       
# span 5 =    6.27264,    7.53316       
# span 6 =    -0.1292,     0.0810       
# span 7 =    13.8155,    13.8155       
# span 8 = 0.0000e+00, 0.0000e+00       
# span 9 =  -61.20633,  -61.20633       
# span 10 =  -54.47633,  -54.47633      
# span 11 = 1152921573, 1152922689      
# span 12 = 195.999697, 196.012628      
# span 13 =    34.2062,    34.5211      
# span 14 = 0.0000e+00, 0.0000e+00      
# interval = decibars: 1                
# start_time = Jul 14 2006 23:59:32
# bad_flag = -9.990e-29
*END*
[from data line 579]
    583.000    -0.4002   2.858507    -0.3988   2.859086    6.33097    -0.1000    13.8155 0.0000e+00  -61.20633  -54.47633 1152922412 196.009422    34.4999 0.0000e+00
    584.000    -0.4068   2.857962    -0.4079   2.858337    6.33249    -0.0911    13.8155 0.0000e+00  -61.20633  -54.47633 1152922413 196.009436    34.4997 0.0000e+00
    585.000    -0.4075   2.857991    -0.4052   2.858661    6.33170    -0.0934    13.8155 0.0000e+00  -61.20633  -54.47633 1152922415 196.009455    34.5004 0.0000e+00
    586.000    -0.3997   2.858835    -0.4003   2.859188    6.33437    -0.1070    13.8155 0.0000e+00  -61.20633  -54.47633 1152922417 196.009478    34.5019 0.0000e+00
    587.000    -0.4040   2.858430    -0.4084   2.858476    6.33771    -0.1120    13.8155 0.0000e+00  -61.20633  -54.47633 1152922419 196.009497    34.5006 0.0000e+00
    588.000    -0.4072   2.858211    -0.4091   2.858489    6.33964    -0.1061    13.8155 0.0000e+00  -61.20633  -54.47633 1152922420 196.009510    34.5011 0.0000e+00
    589.000    -0.4092   2.858051    -0.4111   2.858374    6.34057    -0.0915    13.8155 0.0000e+00  -61.20633  -54.47633 1152922421 196.009520    34.5002 0.0000e+00
    590.000    -0.4213   2.856960    -0.4216   2.857388    6.34320    -0.0949    13.8155 0.0000e+00  -61.20633  -54.47633 1152922421 196.009530    34.4993 0.0000e+00
    591.000    -0.4204   2.857116    -0.4212   2.857482    6.34532    -0.0917    13.8155 0.0000e+00  -61.20633  -54.47633 1152922423 196.009543    34.4997 0.0000e+00
    592.000    -0.4156   2.857633    -0.4171   2.857897    6.34297    -0.1140    13.8155 0.0000e+00  -61.20633  -54.47633 1152922424 196.009558    34.5005 0.0000e+00
    593.000    -0.4104   2.858315    -0.4120   2.858502    6.33766    -0.1058    13.8155 0.0000e+00  -61.20633  -54.47633 1152922425 196.009572    34.5034 0.0000e+00
    594.000    -0.4088   2.858509    -0.4081   2.859000    6.33547    -0.1048    13.8155 0.0000e+00  -61.20633  -54.47633 1152922426 196.009584    34.5030 0.0000e+00
    595.000    -0.4073   2.858725    -0.4051   2.859333    6.33229    -0.0995    13.8155 0.0000e+00  -61.20633  -54.47633 1152922427 196.009597    34.5034 0.0000e+00
    596.000    -0.4066   2.858824    -0.4060   2.859302    6.33057    -0.1027    13.8155 0.0000e+00  -61.20633  -54.47633 1152922429 196.009615    34.5034 0.0000e+00
    597.000    -0.4066   2.858858    -0.4065   2.859307    6.33190    -0.1047    13.8155 0.0000e+00  -61.20633  -54.47633 1152922431 196.009636    34.5033 0.0000e+00
    598.000    -0.4079   2.858811    -0.4076   2.859267    6.33238    -0.1068    13.8155 0.0000e+00  -61.20633  -54.47633 1152922432 196.009648    34.5036 0.0000e+00
    599.000    -0.4059   2.859008    -0.4057   2.859467    6.33256    -0.1099    13.8155 0.0000e+00  -61.20633  -54.47633 1152922433 196.009659    34.5033 0.0000e+00
    600.000    -0.4059   2.859059    -0.4059   2.859486    6.33072    -0.1061    13.8155 0.0000e+00  -61.20633  -54.47633 1152922433 196.009668    34.5033 0.0000e+00
    601.000    -0.4059   2.859093    -0.4059   2.859518    6.32982    -0.1031    13.8155 0.0000e+00  -61.20633  -54.47633 1152922434 196.009680    34.5033 0.0000e+00
    602.000    -0.4060   2.859124    -0.4056   2.859581    6.32991    -0.0962    13.8155 0.0000e+00  -61.20633  -54.47633 1152922436 196.009701    34.5032 0.0000e+00
    603.000    -0.4070   2.859100    -0.4069   2.859546    6.32901    -0.0984    13.8155 0.0000e+00  -61.20633  -54.47633 1152922438 196.009718    34.5034 0.0000e+00
    604.000    -0.4051   2.859302    -0.4044   2.859776    6.32943    -0.0969    13.8155 0.0000e+00  -61.20633  -54.47633 1152922439 196.009730    34.5034 0.0000e+00
    605.000    -0.4048   2.859355    -0.4043   2.859831    6.33162    -0.1039    13.8155 0.0000e+00  -61.20633  -54.47633 1152922440 196.009742    34.5030 0.0000e+00
    606.000    -0.4104   2.858927    -0.4108   2.859357    6.33200    -0.1072    13.8155 0.0000e+00  -61.20633  -54.47633 1152922441 196.009754    34.5032 0.0000e+00
    607.000    -0.4130   2.858812    -0.4123   2.859292    6.33269    -0.0819    13.8155 0.0000e+00  -61.20633  -54.47633 1152922442 196.009766    34.5043 0.0000e+00
    608.000    -0.4052   2.859596    -0.4070   2.859854    6.32913    -0.0978    13.8155 0.0000e+00  -61.20633  -54.47633 1152922443 196.009780    34.5050 0.0000e+00
    609.000    -0.4038   2.859789    -0.4028   2.860297    6.32530    -0.1012    13.8155 0.0000e+00  -61.20633  -54.47633 1152922444 196.009796    34.5053 0.0000e+00
    610.000    -0.4053   2.859694    -0.4048   2.860166    6.32462    -0.1046    13.8155 0.0000e+00  -61.20633  -54.47633 1152922447 196.009821    34.5053 0.0000e+00
    611.000    -0.4013   2.860154    -0.4012   2.860574    6.32671    -0.1081    13.8155 0.0000e+00  -61.20633  -54.47633 1152922448 196.009838    34.5061 0.0000e+00
    612.000    -0.4003   2.860275    -0.4002   2.860731    6.32667    -0.0932    13.8155 0.0000e+00  -61.20633  -54.47633 1152922449 196.009850    34.5060 0.0000e+00
    613.000    -0.4052   2.859922    -0.4048   2.860397    6.32428    -0.1069    13.8155 0.0000e+00  -61.20633  -54.47633 1152922450 196.009860    34.5064 0.0000e+00
    614.000    -0.4047   2.860013    -0.4046   2.860462    6.32257    -0.0957    13.8155 0.0000e+00  -61.20633  -54.47633 1152922451 196.009869    34.5065 0.0000e+00
    615.000    -0.4030   2.860240    -0.4027   2.860677    6.31753    -0.1048    13.8155 0.0000e+00  -61.20633  -54.47633 1152922452 196.009880    34.5070 0.0000e+00
    616.000    -0.3989   2.860705    -0.3995   2.861084    6.31507    -0.1063    13.8155 0.0000e+00  -61.20633  -54.47633 1152922453 196.009891    34.5079 0.0000e+00
    617.000    -0.3984   2.860966    -0.3982   2.861394    6.31088    -0.1032    13.8155 0.0000e+00  -61.20633  -54.47633 1152922454 196.009903    34.5101 0.0000e+00
    618.000    -0.3967   2.861211    -0.3966   2.861656    6.30700    -0.0990    13.8155 0.0000e+00  -61.20633  -54.47633 1152922455 196.009917    34.5108 0.0000e+00
    619.000    -0.3961   2.861356    -0.3959   2.861787    6.30700    -0.1041    13.8155 0.0000e+00  -61.20633  -54.47633 1152922457 196.009943    34.5115 0.0000e+00
    620.000    -0.3948   2.861554    -0.3951   2.861918    6.31096    -0.0981    13.8155 0.0000e+00  -61.20633  -54.47633 1152922460 196.009971    34.5122 0.0000e+00
    621.000    -0.3934   2.861757    -0.3936   2.862170    6.31113    -0.1048    13.8155 0.0000e+00  -61.20633  -54.47633 1152922461 196.009983    34.5126 0.0000e+00
    622.000    -0.3929   2.861850    -0.3928   2.862305    6.31121    -0.1016    13.8155 0.0000e+00  -61.20633  -54.47633 1152922461 196.009993    34.5127 0.0000e+00
    623.000    -0.3949   2.861726    -0.3952   2.862161    6.31124    -0.0984    13.8155 0.0000e+00  -61.20633  -54.47633 1152922462 196.010002    34.5128 0.0000e+00
    624.000    -0.3978   2.861576    -0.3975   2.862044    6.31020    -0.1006    13.8155 0.0000e+00  -61.20633  -54.47633 1152922463 196.010010    34.5136 0.0000e+00
    625.000    -0.3975   2.861741    -0.3972   2.862189    6.30671    -0.1082    13.8155 0.0000e+00  -61.20633  -54.47633 1152922464 196.010019    34.5149 0.0000e+00
    626.000    -0.3973   2.861781    -0.3970   2.862263    6.30424    -0.0954    13.8155 0.0000e+00  -61.20633  -54.47633 1152922465 196.010029    34.5146 0.0000e+00
    627.000    -0.3956   2.862000    -0.3952   2.862458    6.30304    -0.0929    13.8155 0.0000e+00  -61.20633  -54.47633 1152922466 196.010046    34.5150 0.0000e+00
    628.000    -0.3958   2.861991    -0.3958   2.862409    6.29742    -0.1039    13.8155 0.0000e+00  -61.20633  -54.47633 1152922469 196.010084    34.5144 0.0000e+00
    629.000    -0.3962   2.862090    -0.3960   2.862527    6.30320    -0.0787    13.8155 0.0000e+00  -61.20633  -54.47633 1152922471 196.010099    34.5157 0.0000e+00
    630.000    -0.3966   2.862108    -0.3965   2.862552    6.30338    -0.0967    13.8155 0.0000e+00  -61.20633  -54.47633 1152922471 196.010109    34.5158 0.0000e+00
    631.000    -0.3971   2.862113    -0.3974   2.862532    6.30374    -0.0979    13.8155 0.0000e+00  -61.20633  -54.47633 1152922472 196.010117    34.5159 0.0000e+00
    632.000    -0.3979   2.862101    -0.3976   2.862544    6.30402    -0.1142    13.8155 0.0000e+00  -61.20633  -54.47633 1152922473 196.010125    34.5160 0.0000e+00
    633.000    -0.3986   2.862093    -0.3988   2.862503    6.30431    -0.1003    13.8155 0.0000e+00  -61.20633  -54.47633 1152922474 196.010133    34.5161 0.0000e+00
    634.000    -0.3992   2.862099    -0.3995   2.862503    6.30105    -0.1026    13.8155 0.0000e+00  -61.20633  -54.47633 1152922475 196.010146    34.5163 0.0000e+00
    635.000    -0.3994   2.862123    -0.3994   2.862556    6.29516    -0.0930    13.8155 0.0000e+00  -61.20633  -54.47633 1152922477 196.010168    34.5163 0.0000e+00
    636.000    -0.3997   2.862147    -0.4001   2.862537    6.29115    -0.1047    13.8155 0.0000e+00  -61.20633  -54.47633 1152922479 196.010196    34.5163 0.0000e+00
    637.000    -0.4002   2.862152    -0.4008   2.862542    6.29071    -0.0979    13.8155 0.0000e+00  -61.20633  -54.47633 1152922480 196.010213    34.5164 0.0000e+00
    638.000    -0.4009   2.862146    -0.4007   2.862602    6.29183    -0.1076    13.8155 0.0000e+00  -61.20633  -54.47633 1152922481 196.010224    34.5164 0.0000e+00
    639.000    -0.4021   2.862083    -0.4030   2.862460    6.29267    -0.1130    13.8155 0.0000e+00  -61.20633  -54.47633 1152922482 196.010233    34.5164 0.0000e+00
    640.000    -0.4039   2.861981    -0.4037   2.862428    6.29393    -0.0933    13.8155 0.0000e+00  -61.20633  -54.47633 1152922483 196.010241    34.5166 0.0000e+00
    641.000    -0.4034   2.862063    -0.4035   2.862479    6.29395    -0.1023    13.8155 0.0000e+00  -61.20633  -54.47633 1152922484 196.010250    34.5165 0.0000e+00
    642.000    -0.4037   2.862085    -0.4037   2.862518    6.29756    -0.0802    13.8155 0.0000e+00  -61.20633  -54.47633 1152922485 196.010263    34.5165 0.0000e+00
    643.000    -0.4038   2.862113    -0.4041   2.862529    6.29834    -0.0902    13.8155 0.0000e+00  -61.20633  -54.47633 1152922486 196.010281    34.5164 0.0000e+00
    644.000    -0.4074   2.861888    -0.4079   2.862282    6.29707    -0.0986    13.8155 0.0000e+00  -61.20633  -54.47633 1152922488 196.010298    34.5170 0.0000e+00
    645.000    -0.4054   2.862092    -0.4056   2.862492    6.29621    -0.1002    13.8155 0.0000e+00  -61.20633  -54.47633 1152922489 196.010317    34.5167 0.0000e+00
    646.000    -0.4031   2.862318    -0.4027   2.862759    6.29707    -0.1011    13.8155 0.0000e+00  -61.20633  -54.47633 1152922491 196.010334    34.5165 0.0000e+00
    647.000    -0.4039   2.862299    -0.4039   2.862730    6.29833    -0.1048    13.8155 0.0000e+00  -61.20633  -54.47633 1152922492 196.010347    34.5166 0.0000e+00
    648.000    -0.4030   2.862418    -0.4026   2.862866    6.29949    -0.0990    13.8155 0.0000e+00  -61.20633  -54.47633 1152922493 196.010359    34.5165 0.0000e+00
    649.000    -0.4041   2.862372    -0.4046   2.862763    6.29900    -0.0913    13.8155 0.0000e+00  -61.20633  -54.47633 1152922494 196.010371    34.5167 0.0000e+00
    650.000    -0.4027   2.862524    -0.4034   2.862892    6.29751    -0.1210    13.8155 0.0000e+00  -61.20633  -54.47633 1152922495 196.010384    34.5164 0.0000e+00
    651.000    -0.4059   2.862310    -0.4054   2.862791    6.29640    -0.1014    13.8155 0.0000e+00  -61.20633  -54.47633 1152922496 196.010397    34.5166 0.0000e+00
    652.000    -0.4074   2.862264    -0.4071   2.862713    6.29785    -0.1021    13.8155 0.0000e+00  -61.20633  -54.47633 1152922498 196.010411    34.5171 0.0000e+00
    653.000    -0.4091   2.862172    -0.4087   2.862635    6.30054    -0.1002    13.8155 0.0000e+00  -61.20633  -54.47633 1152922499 196.010427    34.5173 0.0000e+00
    654.000    -0.4109   2.862089    -0.4113   2.862488    6.30162    -0.1107    13.8155 0.0000e+00  -61.20633  -54.47633 1152922501 196.010447    34.5177 0.0000e+00
    655.000    -0.4120   2.862031    -0.4125   2.862424    6.29857    -0.1075    13.8155 0.0000e+00  -61.20633  -54.47633 1152922502 196.010463    34.5176 0.0000e+00
    656.000    -0.4136   2.861946    -0.4133   2.862402    6.29731    -0.1031    13.8155 0.0000e+00  -61.20633  -54.47633 1152922503 196.010476    34.5176 0.0000e+00
    657.000    -0.4134   2.862006    -0.4133   2.862444    6.29833    -0.0984    13.8155 0.0000e+00  -61.20633  -54.47633 1152922504 196.010487    34.5177 0.0000e+00
    658.000    -0.4133   2.862065    -0.4130   2.862521    6.29809    -0.0988    13.8155 0.0000e+00  -61.20633  -54.47633 1152922505 196.010500    34.5176 0.0000e+00
    659.000    -0.4113   2.862298    -0.4115   2.862715    6.29800    -0.1023    13.8155 0.0000e+00  -61.20633  -54.47633 1152922507 196.010515    34.5179 0.0000e+00
    660.000    -0.4118   2.862300    -0.4127   2.862662    6.29611    -0.1022    13.8155 0.0000e+00  -61.20633  -54.47633 1152922508 196.010528    34.5178 0.0000e+00
    661.000    -0.4129   2.862251    -0.4121   2.862767    6.29601    -0.1044    13.8155 0.0000e+00  -61.20633  -54.47633 1152922509 196.010540    34.5179 0.0000e+00
    662.000    -0.4124   2.862317    -0.4119   2.862803    6.29627    -0.0873    13.8155 0.0000e+00  -61.20633  -54.47633 1152922510 196.010550    34.5175 0.0000e+00
    663.000    -0.4138   2.862240    -0.4138   2.862689    6.29640    -0.0913    13.8155 0.0000e+00  -61.20633  -54.47633 1152922511 196.010563    34.5176 0.0000e+00
    664.000    -0.4141   2.862271    -0.4141   2.862695    6.29800    -0.1060    13.8155 0.0000e+00  -61.20633  -54.47633 1152922512 196.010583    34.5177 0.0000e+00
    665.000    -0.4127   2.862425    -0.4128   2.862844    6.29760    -0.0964    13.8155 0.0000e+00  -61.20633  -54.47633 1152922515 196.010608    34.5176 0.0000e+00
    666.000    -0.4107   2.862645    -0.4108   2.863076    6.29651    -0.1092    13.8155 0.0000e+00  -61.20633  -54.47633 1152922516 196.010624    34.5176 0.0000e+00
    667.000    -0.4108   2.862700    -0.4107   2.863127    6.29487    -0.1176    13.8155 0.0000e+00  -61.20633  -54.47633 1152922517 196.010635    34.5178 0.0000e+00
    668.000    -0.4113   2.862670    -0.4113   2.863116    6.29264    -0.0933    13.8155 0.0000e+00  -61.20633  -54.47633 1152922518 196.010644    34.5174 0.0000e+00
    669.000    -0.4114   2.862746    -0.4115   2.863151    6.29161    -0.1075    13.8155 0.0000e+00  -61.20633  -54.47633 1152922519 196.010654    34.5180 0.0000e+00
    670.000    -0.4131   2.862643    -0.4128   2.863092    6.29044    -0.1049    13.8155 0.0000e+00  -61.20633  -54.47633 1152922520 196.010667    34.5181 0.0000e+00
    671.000    -0.4136   2.862660    -0.4135   2.863100    6.28899    -0.0966    13.8155 0.0000e+00  -61.20633  -54.47633 1152922521 196.010682    34.5181 0.0000e+00
    672.000    -0.4139   2.862674    -0.4139   2.863106    6.29188    -0.0929    13.8155 0.0000e+00  -61.20633  -54.47633 1152922522 196.010696    34.5182 0.0000e+00
    673.000    -0.4123   2.862866    -0.4124   2.863268    6.29396    -0.1025    13.8155 0.0000e+00  -61.20633  -54.47633 1152922523 196.010710    34.5182 0.0000e+00
    674.000    -0.4117   2.862961    -0.4117   2.863383    6.29575    -0.1063    13.8155 0.0000e+00  -61.20633  -54.47633 1152922525 196.010725    34.5182 0.0000e+00
    675.000    -0.4123   2.862949    -0.4122   2.863394    6.29428    -0.1119    13.8155 0.0000e+00  -61.20633  -54.47633 1152922527 196.010743    34.5181 0.0000e+00
    676.000    -0.4127   2.862958    -0.4120   2.863441    6.29148    -0.0998    13.8155 0.0000e+00  -61.20633  -54.47633 1152922528 196.010758    34.5181 0.0000e+00
    677.000    -0.4161   2.862748    -0.4157   2.863243    6.29013    -0.1158    13.8155 0.0000e+00  -61.20633  -54.47633 1152922529 196.010770    34.5185 0.0000e+00
