product_data/regression_test/downloaded_data/MGDS/320620060703/ctd/p6619305.ros
* Sea-Bird SBE 9 Data File:
* FileName = D:\Data\Raw\p6619305.dat
* Software Version Seasave Win32 V 5.32
* Temperature SN = 1649
* Conductivity SN = 1431
* Number of Bytes Per Scan = 37
* Number of Voltage Words = 5
* Number of Scans Averaged by the Deck Unit = 1
* NMEA Latitude = 60 47.92 S
* NMEA Longitude = 055 23.15 W
* NMEA UTC (Time) = 23:08:25
** Ship:   Nathaniel B. Palmer 
** Cruise:    NBP0606 
# nquan = 17
# nvalues = 1176                    
# units = specified
# name 0 = prDM: Pressure, Digiquartz [db]
# name 1 = t090C: Temperature [ITS-90, deg C]
# name 2 = c0S/m: Conductivity [S/m]
# name 3 = t190C: Temperature, 2 [ITS-90, deg C]
# name 4 = c1S/m: Conductivity, 2 [S/m]
# name 5 = sbeox0ML/L: Oxygen, SBE 43 [ml/l]
# name 6 = flECO-AFL: Fluorescence, Wetlab ECO-AFL/FL [mg/m^3]
# name 7 = bat: Beam Attenuation, Chelsea/Seatech/Wetlab CStar [1/m]
# name 8 = spar: SPAR/Surface Irradiance
# name 9 = latitude: Latitude [deg]
# name 10 = longitude: Longitude [deg]
# name 11 = timeY: Time, System [seconds]
# name 12 = timeJ: Julian Days
# name 13 = sal00: Salinity [PSU]
# name 14 = scan: scan number
# name 15 = nbf: number of bottles fired
# name 16 = flag:  0.000e+00
# interval = seconds: 0.0416667                   
# start_time = Jul 23 2006 23:08:34
*END*
[from data line 852]
     15.942    -0.8314   2.783310    -0.8310   2.783666    7.17183     0.1510    13.8155 0.0000e+00  -60.79867  -55.38583 1153699339 205.001624    34.3221      77433         18  0.000e+00
     15.990    -0.8314   2.783336    -0.8309   2.783683    7.17186     0.1403    13.8155 0.0000e+00  -60.79867  -55.38583 1153699339 205.001625    34.3225      77434         18  0.000e+00
     16.019    -0.8317   2.783316    -0.8309   2.783695    7.17195     0.1403    13.8155 0.0000e+00  -60.79867  -55.38583 1153699339 205.001625    34.3225      77435         18  0.000e+00
     15.990    -0.8311   2.783353    -0.8311   2.783712    7.17181     0.1295    13.8155 0.0000e+00  -60.79867  -55.38583 1153699339 205.001626    34.3223      77436         18  0.000e+00
     16.019    -0.8312   2.783356    -0.8312   2.783718    7.17185     0.1188    13.8155 0.0000e+00  -60.79867  -55.38583 1153699339 205.001626    34.3225      77437         18  0.000e+00
     16.066    -0.8307   2.783363    -0.8306   2.783718    7.17183     0.1188    13.8155 0.0000e+00  -60.79867  -55.38583 1153699339 205.001627    34.3220      77438         18  0.000e+00
     16.085    -0.8312   2.783372    -0.8304   2.783736    7.17191     0.1295    13.8155 0.0000e+00  -60.79867  -55.38583 1153699339 205.001627    34.3227      77439         18  0.000e+00
     15.990    -0.8311   2.783353    -0.8307   2.783724    7.17648     0.1403    13.8155 0.0000e+00  -60.79867  -55.38583 1153699339 205.001628    34.3223      77440         18  0.000e+00
     16.019    -0.8311   2.783346    -0.8308   2.783736    7.17184     0.1080    13.8155 0.0000e+00  -60.79867  -55.38583 1153699339 205.001628    34.3222      77441         18  0.000e+00
     15.990    -0.8307   2.783349    -0.8306   2.783747    7.17176     0.1403    13.8155 0.0000e+00  -60.79867  -55.38583 1153699339 205.001629    34.3219      77442         18  0.000e+00
     15.942    -0.8309   2.783362    -0.8307   2.783747    7.17173     0.1403    13.8155 0.0000e+00  -60.79867  -55.38583 1153699339 205.001629    34.3223      77443         18  0.000e+00
     15.990    -0.8314   2.783356    -0.8311   2.783730    7.17185     0.1188    13.8155 0.0000e+00  -60.79867  -55.38583 1153699339 205.001630    34.3227      77444         18  0.000e+00
     15.942    -0.8307   2.783362    -0.8304   2.783741    7.17171     0.1080    13.8155 0.0000e+00  -60.79867  -55.38583 1153699339 205.001630    34.3221      77445         18  0.000e+00
     15.923    -0.8312   2.783356    -0.8308   2.783747    7.17176     0.0865    13.8155 0.0000e+00  -60.79867  -55.38583 1153699339 205.001630    34.3226      77446         18  0.000e+00
     15.942    -0.8311   2.783362    -0.8307   2.783707    7.17175     0.1080    13.8155 0.0000e+00  -60.79867  -55.38583 1153699339 205.001631    34.3225      77447         18  0.000e+00
     15.923    -0.8306   2.783339    -0.8304   2.783695    7.17168     0.1510    13.8155 0.0000e+00  -60.79867  -55.38583 1153699339 205.001631    34.3217      77448         18  0.000e+00
     15.942    -0.8306   2.783359    -0.8308   2.783695    7.17169     0.1403    13.8155 0.0000e+00  -60.79867  -55.38583 1153699339 205.001632    34.3219      77449         18  0.000e+00
     15.923    -0.8311   2.783339    -0.8310   2.783695    7.17175     0.1726    13.8155 0.0000e+00  -60.79867  -55.38583 1153699339 205.001632    34.3222      77450         18  0.000e+00
     15.990    -0.8309   2.783359    -0.8304   2.783695    7.17645     0.1833    13.8155 0.0000e+00  -60.79867  -55.38583 1153699339 205.001633    34.3222      77451         18  0.000e+00
     15.876    -0.8314   2.783356    -0.8309   2.783730    7.17174     0.1833    13.8155 0.0000e+00  -60.79867  -55.38583 1153699339 205.001633    34.3228      77452         18  0.000e+00
     15.923    -0.8307   2.783362    -0.8308   2.783707    7.17169     0.1403    13.8155 0.0000e+00  -60.79867  -55.38583 1153699339 205.001634    34.3221      77453         18  0.000e+00
     15.943    -0.8311   2.783349    -0.8311   2.783695    7.17176     0.1618    13.8155 0.0000e+00  -60.79867  -55.38583 1153699339 205.001634    34.3223      77454         18  0.000e+00
     15.923    -0.8309   2.783382    -0.8311   2.783695    7.17170     0.1188    13.8155 0.0000e+00  -60.79867  -55.38583 1153699340 205.001635    34.3226      77455         18  0.000e+00
     15.876    -0.8311   2.783356    -0.8308   2.783695    7.17169     0.1080    13.8155 0.0000e+00  -60.79867  -55.38583 1153699340 205.001635    34.3224      77456         18  0.000e+00
     15.924    -0.8311   2.783333    -0.8309   2.783672    7.17175     0.1188    13.8155 0.0000e+00  -60.79867  -55.38583 1153699340 205.001636    34.3221      77457         18  0.000e+00
     15.876    -0.8311   2.783359    -0.8308   2.783683    7.17169     0.1080    13.8155 0.0000e+00  -60.79867  -55.38583 1153699340 205.001636    34.3225      77458         18  0.000e+00
     15.857    -0.8309   2.783339    -0.8308   2.783672    7.17166     0.1188    13.8155 0.0000e+00  -60.79867  -55.38583 1153699340 205.001637    34.3221      77459         18  0.000e+00
     15.809    -0.8311   2.783359    -0.8307   2.783683    7.17162     0.1403    13.8155 0.0000e+00  -60.79867  -55.38583 1153699340 205.001637    34.3225      77460         18  0.000e+00
     15.781    -0.8309   2.783339    -0.8308   2.783712    7.17159     0.1403    13.8155 0.0000e+00  -60.79867  -55.38583 1153699340 205.001638    34.3221      77461         18  0.000e+00
     15.733    -0.8312   2.783326    -0.8308   2.783678    7.17159     0.0972    13.8155 0.0000e+00  -60.79867  -55.38583 1153699340 205.001638    34.3223      77462         18  0.000e+00
     15.248    -0.8323   2.783257    -0.8321   2.783567    7.17131     0.0865    13.8155 0.0000e+00  -60.79867  -55.38583 1153699342 205.001669    34.3229      77526         19  0.000e+00
     15.086    -0.8318   2.783276    -0.8323   2.783596    7.17107     0.1188    13.8155 0.0000e+00  -60.79867  -55.38583 1153699342 205.001670    34.3227      77527         19  0.000e+00
     15.181    -0.8320   2.783247    -0.8324   2.783590    7.17120     0.1403    13.8155 0.0000e+00  -60.79867  -55.38583 1153699343 205.001670    34.3224      77528         19  0.000e+00
     15.152    -0.8323   2.783204    -0.8327   2.783567    7.17125     0.1618    13.8155 0.0000e+00  -60.79867  -55.38583 1153699343 205.001671    34.3222      77529         19  0.000e+00
     15.181    -0.8323   2.783207    -0.8320   2.783544    7.17127     0.1618    13.8155 0.0000e+00  -60.79867  -55.38583 1153699343 205.001671    34.3223      77530         19  0.000e+00
     15.152    -0.8328   2.783214    -0.8324   2.783590    7.17131     0.1403    13.8155 0.0000e+00  -60.79867  -55.38583 1153699343 205.001671    34.3229      77531         19  0.000e+00
     15.229    -0.8324   2.783230    -0.8323   2.783573    7.17133     0.1510    13.8155 0.0000e+00  -60.79867  -55.38583 1153699343 205.001672    34.3227      77532         19  0.000e+00
     15.181    -0.8328   2.783220    -0.8324   2.783579    7.17133     0.1295    13.8155 0.0000e+00  -60.79867  -55.38583 1153699343 205.001672    34.3230      77533         19  0.000e+00
     15.229    -0.8326   2.783214    -0.8325   2.783585    7.17136     0.1510    13.8155 0.0000e+00  -60.79867  -55.38583 1153699343 205.001673    34.3227      77534         19  0.000e+00
     15.248    -0.8331   2.783214    -0.8326   2.783585    7.17145     0.1618    13.8155 0.0000e+00  -60.79867  -55.38583 1153699343 205.001673    34.3232      77535         19  0.000e+00
     15.229    -0.8328   2.783230    -0.8326   2.783585    7.17137     0.2263    13.8155 0.0000e+00  -60.79867  -55.38583 1153699343 205.001674    34.3231      77536         19  0.000e+00
     15.248    -0.8329   2.783237    -0.8332   2.783585    7.17141     0.1833    13.8155 0.0000e+00  -60.79867  -55.38583 1153699343 205.001674    34.3233      77537         19  0.000e+00
     15.295    -0.8328   2.783237    -0.8325   2.783567    7.17143     0.1295    13.8155 0.0000e+00  -60.79867  -55.38583 1153699343 205.001675    34.3231      77538         19  0.000e+00
     15.248    -0.8326   2.783250    -0.8324   2.783579    7.17136     0.1295    13.8155 0.0000e+00  -60.79867  -55.38583 1153699343 205.001675    34.3232      77539         19  0.000e+00
     15.295    -0.8328   2.783207    -0.8320   2.783585    7.17145     0.1510    13.8155 0.0000e+00  -60.79867  -55.38583 1153699343 205.001676    34.3227      77540         19  0.000e+00
     15.315    -0.8328   2.783207    -0.8324   2.783567    7.17615     0.1726    13.8155 0.0000e+00  -60.79867  -55.38583 1153699343 205.001676    34.3227      77541         19  0.000e+00
     15.295    -0.8328   2.783214    -0.8320   2.783596    7.17612     0.1618    13.8155 0.0000e+00  -60.79867  -55.38583 1153699343 205.001677    34.3228      77542         19  0.000e+00
     15.391    -0.8328   2.783230    -0.8321   2.783596    7.17621     0.1403    13.8155 0.0000e+00  -60.79867  -55.38583 1153699343 205.001677    34.3230      77543         19  0.000e+00
     15.362    -0.8323   2.783286    -0.8319   2.783585    7.17607     0.1403    13.8155 0.0000e+00  -60.79867  -55.38583 1153699343 205.001678    34.3232      77544         19  0.000e+00
     15.315    -0.8323   2.783267    -0.8318   2.783567    7.17137     0.0757    13.8155 0.0000e+00  -60.79867  -55.38583 1153699343 205.001678    34.3230      77545         19  0.000e+00
     15.362    -0.8326   2.783260    -0.8321   2.783561    7.17147     0.0542    13.8155 0.0000e+00  -60.79867  -55.38583 1153699343 205.001679    34.3232      77546         19  0.000e+00
     15.391    -0.8323   2.783273    -0.8325   2.783561    7.17144     0.1510    13.8155 0.0000e+00  -60.79867  -55.38583 1153699343 205.001679    34.3230      77547         19  0.000e+00
     15.439    -0.8318   2.783267    -0.8321   2.783579    7.17143     0.1941    13.8155 0.0000e+00  -60.79867  -55.38583 1153699343 205.001680    34.3224      77548         19  0.000e+00
     15.391    -0.8318   2.783257    -0.8318   2.783602    7.17606     0.1080    13.8155 0.0000e+00  -60.79867  -55.38583 1153699343 205.001680    34.3223      77549         19  0.000e+00
     15.439    -0.8318   2.783240    -0.8321   2.783614    7.17144     0.0650    13.8155 0.0000e+00  -60.79867  -55.38583 1153699343 205.001681    34.3220      77550         19  0.000e+00
     15.458    -0.8320   2.783257    -0.8322   2.783614    7.17147     0.0972    13.8155 0.0000e+00  -60.79867  -55.38583 1153699343 205.001681    34.3224      77551         19  0.000e+00
     15.439    -0.8320   2.783257    -0.8321   2.783573    7.17612     0.1295    13.8155 0.0000e+00  -60.79867  -55.38583 1153699344 205.001682    34.3224      77552         19  0.000e+00
     15.458    -0.8314   2.783277    -0.8320   2.783579    7.17604     0.1188    13.8155 0.0000e+00  -60.79867  -55.38583 1153699344 205.001682    34.3220      77553         19  0.000e+00
     15.505    -0.8320   2.783280    -0.8325   2.783602    7.17150     0.1080    13.8155 0.0000e+00  -60.79867  -55.38583 1153699344 205.001683    34.3227      77554         19  0.000e+00
     15.524    -0.8318   2.783250    -0.8323   2.783614    7.17152     0.1403    13.8155 0.0000e+00  -60.79867  -55.38583 1153699344 205.001683    34.3221      77555         19  0.000e+00
     15.505    -0.8322   2.783250    -0.8323   2.783614    7.17622     0.1403    13.8155 0.0000e+00  -60.79867  -55.38583 1153699344 205.001684    34.3225      77556         19  0.000e+00
     15.572    -0.8318   2.783277    -0.8324   2.783590    7.17622     0.1618    13.8155 0.0000e+00  -60.79867  -55.38583 1153699344 205.001684    34.3224      77557         19  0.000e+00
     15.524    -0.8318   2.783247    -0.8324   2.783602    7.17620     0.1403    13.8155 0.0000e+00  -60.79867  -55.38583 1153699344 205.001685    34.3221      77558         19  0.000e+00
     15.572    -0.8323   2.783257    -0.8329   2.783573    7.17630     0.0757    13.8155 0.0000e+00  -60.79867  -55.38583 1153699344 205.001685    34.3227      77559         19  0.000e+00
     15.601    -0.8326   2.783224    -0.8328   2.783579    7.17173     0.0650    13.8155 0.0000e+00  -60.79867  -55.38583 1153699344 205.001685    34.3226      77560         19  0.000e+00
     15.648    -0.8324   2.783244    -0.8323   2.783567    7.17174     0.0650    13.8155 0.0000e+00  -60.79867  -55.38583 1153699344 205.001686    34.3226      77561         19  0.000e+00
     15.601    -0.8324   2.783227    -0.8326   2.783596    7.17170     0.1188    13.8155 0.0000e+00  -60.79867  -55.38583 1153699344 205.001686    34.3224      77562         19  0.000e+00
     15.648    -0.8324   2.783230    -0.8328   2.783590    7.17175     0.1188    13.8155 0.0000e+00  -60.79867  -55.38583 1153699344 205.001687    34.3224      77563         19  0.000e+00
     15.667    -0.8323   2.783204    -0.8327   2.783567    7.17176     0.1080    13.8155 0.0000e+00  -60.79867  -55.38583 1153699344 205.001687    34.3219      77564         19  0.000e+00
     15.715    -0.8329   2.783207    -0.8327   2.783579    7.17190     0.1295    13.8155 0.0000e+00  -60.79867  -55.38583 1153699344 205.001688    34.3227      77565         19  0.000e+00
     15.667    -0.8320   2.783234    -0.8323   2.783585    7.17170     0.1618    13.8155 0.0000e+00  -60.79867  -55.38583 1153699344 205.001688    34.3220      77566         19  0.000e+00
     15.715    -0.8323   2.783270    -0.8315   2.783620    7.17644     0.2156    13.8155 0.0000e+00  -60.79867  -55.38583 1153699344 205.001689    34.3228      77567         19  0.000e+00
     15.734    -0.8318   2.783316    -0.8311   2.783660    7.17636     0.1618    13.8155 0.0000e+00  -60.79867  -55.38583 1153699344 205.001689    34.3229      77568         19  0.000e+00
     15.782    -0.8320   2.783310    -0.8311   2.783666    7.17176     0.1295    13.8155 0.0000e+00  -60.79867  -55.38583 1153699344 205.001690    34.3229      77569         19  0.000e+00
     15.734    -0.8318   2.783323    -0.8315   2.783666    7.17635     0.1403    13.8155 0.0000e+00  -60.79867  -55.38583 1153699344 205.001690    34.3230      77570         19  0.000e+00
     15.782    -0.8314   2.783326    -0.8314   2.783683    7.17633     0.1510    13.8155 0.0000e+00  -60.79867  -55.38583 1153699344 205.001691    34.3225      77571         19  0.000e+00
     15.811    -0.8315   2.783306    -0.8312   2.783695    7.17640     0.1295    13.8155 0.0000e+00  -60.79867  -55.38583 1153699344 205.001691    34.3223      77572         19  0.000e+00
     15.858    -0.8317   2.783290    -0.8315   2.783672    7.17181     0.1833    13.8155 0.0000e+00  -60.79867  -55.38583 1153699344 205.001692    34.3223      77573         19  0.000e+00
     15.811    -0.8324   2.783230    -0.8315   2.783666    7.17191     0.1510    13.8155 0.0000e+00  -60.79867  -55.38583 1153699344 205.001692    34.3223      77574         19  0.000e+00
     10.329    -0.8627   2.779809    -0.8680   2.779726    7.22449     0.1510    13.8155 0.0000e+00  -60.79867  -55.38583 1153699372 205.002011    34.3138      78236         20  0.000e+00
     10.291    -0.8635   2.779706    -0.8686   2.779656    7.22931     0.1618    13.8155 0.0000e+00  -60.79867  -55.38583 1153699372 205.002012    34.3133      78237         20  0.000e+00
     10.405    -0.8648   2.779660    -0.8694   2.779598    7.22496     0.1403    13.8155 0.0000e+00  -60.79867  -55.38583 1153699372 205.002012    34.3140      78238         20  0.000e+00
     10.329    -0.8660   2.779690    -0.8694   2.779563    7.22505     0.1188    13.8155 0.0000e+00  -60.79867  -55.38583 1153699372 205.002013    34.3159      78239         20  0.000e+00
     10.358    -0.8658   2.779763    -0.8697   2.779557    7.22500     0.1188    13.8155 0.0000e+00  -60.79867  -55.38583 1153699372 205.002013    34.3166      78240         20  0.000e+00
