product_data/regression_test/downloaded_data/MGDS/320620060703/ctd/p6611101.ros
* Sea-Bird SBE 9 Data File:
* FileName = D:\Data\Raw\p6611101.dat
* Software Version Seasave Win32 V 5.32
* Temperature SN = 1649
* Conductivity SN = 1431
* Number of Bytes Per Scan = 37
* Number of Voltage Words = 5
* Number of Scans Averaged by the Deck Unit = 1
* NMEA Latitude = 61 24.96 S
* NMEA Longitude = 054 52.52 W
* NMEA UTC (Time) = 04:45:09
** Ship:   Nathaniel B. Palmer 
** Cruise:    NBP0606 
# nquan = 17
# nvalues = 1176                    
# units = specified
# name 0 = prDM: Pressure, Digiquartz [db]
# name 1 = t090C: Temperature [ITS-90, deg C]
# name 2 = c0S/m: Conductivity [S/m]
# name 3 = t190C: Temperature, 2 [ITS-90, deg C]
# name 4 = c1S/m: Conductivity, 2 [S/m]
# name 5 = sbeox0ML/L: Oxygen, SBE 43 [ml/l]
# name 6 = flECO-AFL: Fluorescence, Wetlab ECO-AFL/FL [mg/m^3]
# name 7 = bat: Beam Attenuation, Chelsea/Seatech/Wetlab CStar [1/m]
# name 8 = spar: SPAR/Surface Irradiance
# name 9 = latitude: Latitude [deg]
# name 10 = longitude: Longitude [deg]
# name 11 = timeY: Time, System [seconds]
# name 12 = timeJ: Julian Days
# name 13 = sal00: Salinity [PSU]
# name 14 = scan: scan number
# name 15 = nbf: number of bottles fired
# name 16 = flag:  0.000e+00
# interval = seconds: 0.0416667                   
# start_time = Jul 14 2006 04:45:16
*END*
[from data line 937]
     50.678    -0.7927   2.782586    -0.7926   2.782996    7.35632     0.0650    13.8155 0.0000e+00  -61.41600  -54.87533 1152855382 195.233607    34.2465      73625         20  0.000e+00
     50.678    -0.7925   2.782596    -0.7927   2.782967    7.35629     0.0542    13.8155 0.0000e+00  -61.41600  -54.87533 1152855382 195.233608    34.2465      73626         20  0.000e+00
     50.678    -0.7924   2.782649    -0.7929   2.782979    7.35623     0.0434    13.8155 0.0000e+00  -61.41600  -54.87533 1152855382 195.233608    34.2470      73627         20  0.000e+00
     50.678    -0.7919   2.782662    -0.7929   2.782967    7.36085     0.0112    13.8155 0.0000e+00  -61.41600  -54.87533 1152855382 195.233609    34.2467      73628         20  0.000e+00
     50.745    -0.7914   2.782665    -0.7928   2.783008    7.36084     0.0219    13.8155 0.0000e+00  -61.41600  -54.87533 1152855382 195.233609    34.2461      73629         20  0.000e+00
     50.745    -0.7913   2.782662    -0.7926   2.783013    7.35613     0.0219    13.8155 0.0000e+00  -61.41600  -54.87533 1152855382 195.233610    34.2459      73630         20  0.000e+00
     50.821    -0.7913   2.782665    -0.7924   2.783031    7.35620     0.0112    13.8155 0.0000e+00  -61.41600  -54.87533 1152855382 195.233610    34.2459      73631         20  0.000e+00
     50.745    -0.7916   2.782679    -0.7929   2.783019    7.35616     0.0327    13.8155 0.0000e+00  -61.41600  -54.87533 1152855382 195.233611    34.2465      73632         20  0.000e+00
     50.821    -0.7918   2.782616    -0.7927   2.782990    7.35631     0.0434    13.8155 0.0000e+00  -61.41600  -54.87533 1152855382 195.233611    34.2458      73633         20  0.000e+00
     50.821    -0.7922   2.782632    -0.7930   2.782967    7.35636     0.0650    13.8155 0.0000e+00  -61.41600  -54.87533 1152855382 195.233612    34.2465      73634         20  0.000e+00
     50.821    -0.7928   2.782573    -0.7929   2.782961    7.36119     0.0757    13.8155 0.0000e+00  -61.41600  -54.87533 1152855382 195.233612    34.2464      73635         20  0.000e+00
     50.888    -0.7925   2.782540    -0.7932   2.782979    7.35654     0.0542    13.8155 0.0000e+00  -61.41600  -54.87533 1152855382 195.233613    34.2456      73636         20  0.000e+00
     50.821    -0.7924   2.782547    -0.7933   2.782967    7.35645     0.0650    13.8155 0.0000e+00  -61.41600  -54.87533 1152855382 195.233613    34.2456      73637         20  0.000e+00
     50.888    -0.7928   2.782553    -0.7932   2.782915    7.35658     0.0434    13.8155 0.0000e+00  -61.41600  -54.87533 1152855382 195.233614    34.2461      73638         20  0.000e+00
     50.888    -0.7930   2.782537    -0.7930   2.782944    7.35661     0.0650    13.8155 0.0000e+00  -61.41600  -54.87533 1152855383 195.233614    34.2461      73639         20  0.000e+00
     50.955    -0.7928   2.782530    -0.7929   2.782979    7.35666     0.0219    13.8155 0.0000e+00  -61.41600  -54.87533 1152855383 195.233614    34.2458      73640         20  0.000e+00
     50.888    -0.7930   2.782517    -0.7933   2.782967    7.35663     0.0112    13.8155 0.0000e+00  -61.41600  -54.87533 1152855383 195.233615    34.2458      73641         20  0.000e+00
     50.955    -0.7934   2.782524    -0.7935   2.782938    7.36145     0.0004    13.8155 0.0000e+00  -61.41600  -54.87533 1152855383 195.233615    34.2464      73642         20  0.000e+00
     50.955    -0.7936   2.782500    -0.7937   2.782932    7.35680     0.0327    13.8155 0.0000e+00  -61.41600  -54.87533 1152855383 195.233616    34.2462      73643         20  0.000e+00
     50.955    -0.7934   2.782467    -0.7933   2.782950    7.36149     0.0327    13.8155 0.0000e+00  -61.41600  -54.87533 1152855383 195.233616    34.2456      73644         20  0.000e+00
     50.955    -0.7937   2.782477    -0.7929   2.782984    7.35684     0.0219    13.8155 0.0000e+00  -61.41600  -54.87533 1152855383 195.233617    34.2461      73645         20  0.000e+00
     50.888    -0.7941   2.782487    -0.7933   2.782967    7.35681    -0.0211    13.8155 0.0000e+00  -61.41600  -54.87533 1152855383 195.233617    34.2467      73646         20  0.000e+00
     51.098    -0.7939   2.782468    -0.7935   2.782938    7.35701    -0.0104    13.8155 0.0000e+00  -61.41600  -54.87533 1152855383 195.233618    34.2461      73647         20  0.000e+00
     51.031    -0.7936   2.782481    -0.7938   2.782909    7.35689     0.0434    13.8155 0.0000e+00  -61.41600  -54.87533 1152855383 195.233618    34.2459      73648         20  0.000e+00
     50.955    -0.7936   2.782467    -0.7941   2.782863    7.36151     0.0219    13.8155 0.0000e+00  -61.41600  -54.87533 1152855383 195.233619    34.2458      73649         20  0.000e+00
     51.031    -0.7938   2.782481    -0.7941   2.782868    7.35692     0.0004    13.8155 0.0000e+00  -61.41600  -54.87533 1152855383 195.233619    34.2461      73650         20  0.000e+00
     51.031    -0.7930   2.782500    -0.7943   2.782915    7.35678    -0.0211    13.8155 0.0000e+00  -61.41600  -54.87533 1152855383 195.233620    34.2455      73651         20  0.000e+00
     51.031    -0.7934   2.782557    -0.7937   2.782909    7.35681     0.0112    13.8155 0.0000e+00  -61.41600  -54.87533 1152855383 195.233620    34.2468      73652         20  0.000e+00
     51.098    -0.7939   2.782543    -0.7937   2.782921    7.35696     0.0865    13.8155 0.0000e+00  -61.41600  -54.87533 1152855383 195.233621    34.2471      73653         20  0.000e+00
     51.031    -0.7939   2.782477    -0.7934   2.782909    7.35694     0.0757    13.8155 0.0000e+00  -61.41600  -54.87533 1152855383 195.233621    34.2462      73654         20  0.000e+00
     51.031    -0.7936   2.782500    -0.7938   2.782921    7.35688     0.0865    13.8155 0.0000e+00  -61.41600  -54.87533 1152855383 195.233622    34.2462      73655         20  0.000e+00
     51.098    -0.7937   2.782524    -0.7943   2.782892    7.36164     0.0865    13.8155 0.0000e+00  -61.41600  -54.87533 1152855383 195.233622    34.2466      73656         20  0.000e+00
     51.031    -0.7933   2.782530    -0.7937   2.782897    7.36150     0.0650    13.8155 0.0000e+00  -61.41600  -54.87533 1152855383 195.233623    34.2462      73657         20  0.000e+00
     51.031    -0.7931   2.782533    -0.7941   2.782921    7.36148     0.0112    13.8155 0.0000e+00  -61.41600  -54.87533 1152855383 195.233623    34.2461      73658         20  0.000e+00
     51.098    -0.7930   2.782530    -0.7937   2.782909    7.36153     0.0542    13.8155 0.0000e+00  -61.41600  -54.87533 1152855383 195.233624    34.2459      73659         20  0.000e+00
     51.032    -0.7933   2.782533    -0.7937   2.782921    7.36150     0.0650    13.8155 0.0000e+00  -61.41600  -54.87533 1152855383 195.233624    34.2463      73660         20  0.000e+00
     51.098    -0.7928   2.782514    -0.7937   2.782938    7.36151     0.1080    13.8155 0.0000e+00  -61.41600  -54.87533 1152855383 195.233625    34.2455      73661         20  0.000e+00
     51.022    -0.7930   2.782527    -0.7940   2.782932    7.36145     0.0650    13.8155 0.0000e+00  -61.41600  -54.87533 1152855383 195.233625    34.2458      73662         20  0.000e+00
     51.098    -0.7927   2.782514    -0.7937   2.782932    7.35680     0.0327    13.8155 0.0000e+00  -61.41600  -54.87533 1152855384 195.233626    34.2453      73663         20  0.000e+00
     51.032    -0.7933   2.782507    -0.7937   2.782909    7.36152     0.0219    13.8155 0.0000e+00  -61.41600  -54.87533 1152855384 195.233626    34.2459      73664         20  0.000e+00
     51.032    -0.7937   2.782477    -0.7938   2.782921    7.36161     0.0112    13.8155 0.0000e+00  -61.41600  -54.87533 1152855384 195.233627    34.2460      73665         20  0.000e+00
     51.032    -0.7941   2.782461    -0.7937   2.782909    7.36166     0.0542    13.8155 0.0000e+00  -61.41600  -54.87533 1152855384 195.233627    34.2462      73666         20  0.000e+00
     51.098    -0.7936   2.782464    -0.7937   2.782921    7.36167     0.0542    13.8155 0.0000e+00  -61.41600  -54.87533 1152855384 195.233628    34.2457      73667         20  0.000e+00
     24.903    -0.8688   2.774272    -0.8689   2.774813    7.42650     0.0650    13.8155 0.0000e+00  -61.41600  -54.87533 1152855489 195.234841    34.2362      76184         21  0.000e+00
     24.922    -0.8694   2.774278    -0.8689   2.774807    7.42661     0.0650    13.8155 0.0000e+00  -61.41600  -54.87533 1152855489 195.234842    34.2370      76185         21  0.000e+00
     24.922    -0.8696   2.774285    -0.8691   2.774818    7.42663     0.0327    13.8155 0.0000e+00  -61.41600  -54.87533 1152855489 195.234842    34.2373      76186         21  0.000e+00
     24.903    -0.8699   2.774265    -0.8687   2.774766    7.42667     0.0327    13.8155 0.0000e+00  -61.41600  -54.87533 1152855489 195.234843    34.2373      76187         21  0.000e+00
     24.922    -0.8699   2.774262    -0.8689   2.774766    7.42669     0.0112    13.8155 0.0000e+00  -61.41600  -54.87533 1152855489 195.234843    34.2373      76188         21  0.000e+00
     24.903    -0.8698   2.774291    -0.8692   2.774778    7.42665     0.0219    13.8155 0.0000e+00  -61.41600  -54.87533 1152855489 195.234844    34.2377      76189         21  0.000e+00
     24.922    -0.8697   2.774235    -0.8691   2.774755    7.42669     0.0004    13.8155 0.0000e+00  -61.41600  -54.87533 1152855489 195.234844    34.2368      76190         21  0.000e+00
     24.923    -0.8699   2.774249    -0.8690   2.774749    7.42201    -0.0319    13.8155 0.0000e+00  -61.41600  -54.87533 1152855489 195.234845    34.2371      76191         21  0.000e+00
     24.903    -0.8699   2.774262    -0.8693   2.774766    7.42199     0.0219    13.8155 0.0000e+00  -61.41600  -54.87533 1152855489 195.234845    34.2373      76192         21  0.000e+00
     24.923    -0.8700   2.774262    -0.8694   2.774755    7.42203     0.0650    13.8155 0.0000e+00  -61.41600  -54.87533 1152855489 195.234846    34.2375      76193         21  0.000e+00
     24.980    -0.8698   2.774278    -0.8689   2.774749    7.42673     0.0542    13.8155 0.0000e+00  -61.41600  -54.87533 1152855489 195.234846    34.2374      76194         21  0.000e+00
     24.923    -0.8694   2.774298    -0.8698   2.774732    7.42191     0.0327    13.8155 0.0000e+00  -61.41600  -54.87533 1152855489 195.234847    34.2372      76195         21  0.000e+00
     24.980    -0.8693   2.774305    -0.8694   2.774761    7.42194     0.0004    13.8155 0.0000e+00  -61.41600  -54.87533 1152855489 195.234847    34.2371      76196         21  0.000e+00
     24.923    -0.8691   2.774305    -0.8694   2.774732    7.42186     0.0327    13.8155 0.0000e+00  -61.41600  -54.87533 1152855489 195.234848    34.2370      76197         21  0.000e+00
     24.989    -0.8691   2.774288    -0.8690   2.774778    7.42194     0.0434    13.8155 0.0000e+00  -61.41600  -54.87533 1152855489 195.234848    34.2367      76198         21  0.000e+00
     24.980    -0.8693   2.774291    -0.8674   2.774876    7.42195     0.0650    13.8155 0.0000e+00  -61.41600  -54.87533 1152855489 195.234849    34.2370      76199         21  0.000e+00
     24.989    -0.8693   2.774285    -0.8655   2.775062    7.42197     0.0865    13.8155 0.0000e+00  -61.41600  -54.87533 1152855489 195.234849    34.2369      76200         21  0.000e+00
     24.980    -0.8693   2.774298    -0.8636   2.775201    7.42195     0.0650    13.8155 0.0000e+00  -61.41600  -54.87533 1152855489 195.234850    34.2370      76201         21  0.000e+00
     24.989    -0.8702   2.774288    -0.8632   2.775247    7.42210     0.0542    13.8155 0.0000e+00  -61.41600  -54.87533 1152855489 195.234850    34.2380      76202         21  0.000e+00
     24.989    -0.8701   2.774285    -0.8628   2.775253    7.42210     0.0434    13.8155 0.0000e+00  -61.41600  -54.87533 1152855489 195.234851    34.2379      76203         21  0.000e+00
     25.047    -0.8700   2.774265    -0.8632   2.775230    7.42216     0.0650    13.8155 0.0000e+00  -61.41600  -54.87533 1152855489 195.234851    34.2374      76204         21  0.000e+00
     24.989    -0.8697   2.774278    -0.8634   2.775184    7.42204     0.0542    13.8155 0.0000e+00  -61.41600  -54.87533 1152855489 195.234851    34.2373      76205         21  0.000e+00
     25.047    -0.8700   2.774315    -0.8640   2.775131    7.42212     0.0004    13.8155 0.0000e+00  -61.41600  -54.87533 1152855490 195.234852    34.2381      76206         21  0.000e+00
     25.066    -0.8691   2.774344    -0.8648   2.775097    7.42198     0.0327    13.8155 0.0000e+00  -61.41600  -54.87533 1152855490 195.234852    34.2375      76207         21  0.000e+00
     25.066    -0.8686   2.774433    -0.8651   2.775114    7.42185     0.0327    13.8155 0.0000e+00  -61.41600  -54.87533 1152855490 195.234853    34.2381      76208         21  0.000e+00
     25.113    -0.8671   2.774492    -0.8645   2.775137    7.42163     0.0004    13.8155 0.0000e+00  -61.41600  -54.87533 1152855490 195.234853    34.2372      76209         21  0.000e+00
     25.066    -0.8669   2.774436    -0.8654   2.775126    7.42159     0.0112    13.8155 0.0000e+00  -61.41600  -54.87533 1152855490 195.234854    34.2362      76210         21  0.000e+00
     25.113    -0.8676   2.774433    -0.8648   2.775178    7.42174     0.0757    13.8155 0.0000e+00  -61.41600  -54.87533 1152855490 195.234854    34.2369      76211         21  0.000e+00
     25.133    -0.8679   2.774456    -0.8644   2.775236    7.42179     0.0865    13.8155 0.0000e+00  -61.41600  -54.87533 1152855490 195.234855    34.2375      76212         21  0.000e+00
     25.133    -0.8677   2.774463    -0.8654   2.775166    7.42176     0.0434    13.8155 0.0000e+00  -61.41600  -54.87533 1152855490 195.234855    34.2374      76213         21  0.000e+00
     25.190    -0.8680   2.774463    -0.8660   2.775091    7.42186     0.0327    13.8155 0.0000e+00  -61.41600  -54.87533 1152855490 195.234856    34.2377      76214         21  0.000e+00
     25.133    -0.8676   2.774427    -0.8670   2.775027    7.42177     0.0327    13.8155 0.0000e+00  -61.41600  -54.87533 1152855490 195.234856    34.2368      76215         21  0.000e+00
     25.113    -0.8680   2.774417    -0.8675   2.774929    7.42182     0.0112    13.8155 0.0000e+00  -61.41600  -54.87533 1152855490 195.234857    34.2372      76216         21  0.000e+00
     25.342    -0.8682   2.774417    -0.8683   2.774905    7.42208     0.0327    13.8155 0.0000e+00  -61.41600  -54.87533 1152855490 195.234857    34.2372      76217         21  0.000e+00
     25.199    -0.8685   2.774384    -0.8686   2.774824    7.42200     0.0219    13.8155 0.0000e+00  -61.41600  -54.87533 1152855490 195.234858    34.2372      76218         21  0.000e+00
     25.257    -0.8689   2.774321    -0.8691   2.774801    7.42217     0.0327    13.8155 0.0000e+00  -61.41600  -54.87533 1152855490 195.234858    34.2368      76219         21  0.000e+00
     25.276    -0.8700   2.774288    -0.8687   2.774819    7.42238     0.0650    13.8155 0.0000e+00  -61.41600  -54.87533 1152855490 195.234859    34.2376      76220         21  0.000e+00
     25.257    -0.8699   2.774265    -0.8671   2.774946    7.42235     0.0219    13.8155 0.0000e+00  -61.41600  -54.87533 1152855490 195.234859    34.2371      76221         21  0.000e+00
     25.342    -0.8700   2.774278    -0.8644   2.775161    7.42245     0.0219    13.8155 0.0000e+00  -61.41600  -54.87533 1152855490 195.234860    34.2374      76222         21  0.000e+00
     25.276    -0.8696   2.774483    -0.8633   2.775323    7.42217     0.0327    13.8155 0.0000e+00  -61.41600  -54.87533 1152855490 195.234860    34.2397      76223         21  0.000e+00
     25.323    -0.8658   2.774819    -0.8626   2.775375    7.42143     0.0112    13.8155 0.0000e+00  -61.41600  -54.87533 1152855490 195.234861    34.2400      76224         21  0.000e+00
