product_data/regression_test/downloaded_data/MGDS/320620060703/ctd/p6610701.ros
* Sea-Bird SBE 9 Data File:
* FileName = D:\Data\Raw\p6610701.dat
* Software Version Seasave Win32 V 5.32
* Temperature SN = 1649
* Conductivity SN = 1431
* Number of Bytes Per Scan = 37
* Number of Voltage Words = 5
* Number of Scans Averaged by the Deck Unit = 1
* NMEA Latitude = 61 11.45 S
* NMEA Longitude = 054 52.55 W
* NMEA UTC (Time) = 22:26:40
** Ship:   Nathaniel B. Palmer 
** Cruise:    NBP0606 
# nquan = 17
# nvalues = 1154                    
# units = specified
# name 0 = prDM: Pressure, Digiquartz [db]
# name 1 = t090C: Temperature [ITS-90, deg C]
# name 2 = c0S/m: Conductivity [S/m]
# name 3 = t190C: Temperature, 2 [ITS-90, deg C]
# name 4 = c1S/m: Conductivity, 2 [S/m]
# name 5 = sbeox0ML/L: Oxygen, SBE 43 [ml/l]
# name 6 = flECO-AFL: Fluorescence, Wetlab ECO-AFL/FL [mg/m^3]
# name 7 = bat: Beam Attenuation, Chelsea/Seatech/Wetlab CStar [1/m]
# name 8 = spar: SPAR/Surface Irradiance
# name 9 = latitude: Latitude [deg]
# name 10 = longitude: Longitude [deg]
# name 11 = timeY: Time, System [seconds]
# name 12 = timeJ: Julian Days
# name 13 = sal00: Salinity [PSU]
# name 14 = scan: scan number
# name 15 = nbf: number of bottles fired
# name 16 = flag:  0.000e+00
# interval = seconds: 0.0416667                   
# start_time = Jul 13 2006 22:26:47
*END*
     98.898    -0.5852   2.805584    -0.5842   2.806107    7.34067     0.0757    13.8155 0.0000e+00  -61.19083  -54.87583 1152829907 194.938757    34.2923       7239          1  0.000e+00
     98.793    -0.5856   2.805594    -0.5843   2.806119    7.34061     0.0865    13.8155 0.0000e+00  -61.19083  -54.87583 1152829907 194.938757    34.2929       7240          1  0.000e+00
     98.793    -0.5852   2.805594    -0.5843   2.806066    7.34056     0.1403    13.8155 0.0000e+00  -61.19083  -54.87583 1152829907 194.938758    34.2925       7241          1  0.000e+00
     98.927    -0.5856   2.805594    -0.5839   2.806078    7.34075     0.0972    13.8155 0.0000e+00  -61.19083  -54.87583 1152829907 194.938758    34.2928       7242          1  0.000e+00
     98.860    -0.5852   2.805577    -0.5843   2.806090    7.34064     0.0757    13.8155 0.0000e+00  -61.19083  -54.87583 1152829907 194.938759    34.2922       7243          1  0.000e+00
     98.927    -0.5853   2.805604    -0.5843   2.806061    7.34071     0.1403    13.8155 0.0000e+00  -61.19083  -54.87583 1152829907 194.938759    34.2927       7244          1  0.000e+00
     98.793    -0.5853   2.805567    -0.5843   2.806078    7.33589     0.1403    13.8155 0.0000e+00  -61.19083  -54.87583 1152829907 194.938760    34.2922       7245          1  0.000e+00
     98.793    -0.5852   2.805567    -0.5840   2.806072    7.34058     0.1618    13.8155 0.0000e+00  -61.19083  -54.87583 1152829907 194.938760    34.2921       7246          1  0.000e+00
     98.860    -0.5854   2.805571    -0.5845   2.806084    7.34068     0.1510    13.8155 0.0000e+00  -61.19083  -54.87583 1152829907 194.938761    34.2924       7247          1  0.000e+00
     98.793    -0.5847   2.805571    -0.5845   2.806084    7.34051     0.1188    13.8155 0.0000e+00  -61.19083  -54.87583 1152829907 194.938761    34.2917       7248          1  0.000e+00
     98.831    -0.5853   2.805571    -0.5840   2.806049    7.33593     0.1295    13.8155 0.0000e+00  -61.19083  -54.87583 1152829907 194.938762    34.2923       7249          1  0.000e+00
     98.793    -0.5855   2.805571    -0.5845   2.806055    7.33593     0.0972    13.8155 0.0000e+00  -61.19083  -54.87583 1152829907 194.938762    34.2925       7250          1  0.000e+00
     98.793    -0.5851   2.805587    -0.5843   2.806078    7.33585     0.1403    13.8155 0.0000e+00  -61.19083  -54.87583 1152829907 194.938763    34.2922       7251          1  0.000e+00
     98.793    -0.5851   2.805594    -0.5849   2.806066    7.33585     0.1618    13.8155 0.0000e+00  -61.19083  -54.87583 1152829907 194.938763    34.2924       7252          1  0.000e+00
     98.717    -0.5849   2.805594    -0.5843   2.806066    7.34044     0.1726    13.8155 0.0000e+00  -61.19083  -54.87583 1152829907 194.938764    34.2922       7253          1  0.000e+00
     98.793    -0.5857   2.805577    -0.5843   2.806043    7.34065     0.1403    13.8155 0.0000e+00  -61.19083  -54.87583 1152829907 194.938764    34.2929       7254          1  0.000e+00
     98.793    -0.5855   2.805574    -0.5844   2.806072    7.33592     0.1295    13.8155 0.0000e+00  -61.19083  -54.87583 1152829907 194.938764    34.2926       7255          1  0.000e+00
     98.717    -0.5853   2.805587    -0.5848   2.806049    7.33581     0.0865    13.8155 0.0000e+00  -61.19083  -54.87583 1152829908 194.938765    34.2926       7256          1  0.000e+00
     98.793    -0.5848   2.805561    -0.5843   2.806055    7.33583     0.0650    13.8155 0.0000e+00  -61.19083  -54.87583 1152829908 194.938765    34.2916       7257          1  0.000e+00
     98.717    -0.5853   2.805601    -0.5846   2.806055    7.33580     0.1188    13.8155 0.0000e+00  -61.19083  -54.87583 1152829908 194.938766    34.2928       7258          1  0.000e+00
     98.717    -0.5851   2.805601    -0.5845   2.806061    7.34046     0.1510    13.8155 0.0000e+00  -61.19083  -54.87583 1152829908 194.938766    34.2925       7259          1  0.000e+00
     98.688    -0.5852   2.805577    -0.5842   2.806066    7.33577     0.1618    13.8155 0.0000e+00  -61.19083  -54.87583 1152829908 194.938767    34.2923       7260          1  0.000e+00
     98.717    -0.5855   2.805604    -0.5843   2.806066    7.33583     0.1295    13.8155 0.0000e+00  -61.19083  -54.87583 1152829908 194.938767    34.2930       7261          1  0.000e+00
     98.717    -0.5853   2.805581    -0.5843   2.806078    7.33581     0.1403    13.8155 0.0000e+00  -61.19083  -54.87583 1152829908 194.938768    34.2925       7262          1  0.000e+00
     98.650    -0.5852   2.805554    -0.5849   2.806066    7.33574     0.1403    13.8155 0.0000e+00  -61.19083  -54.87583 1152829908 194.938768    34.2920       7263          1  0.000e+00
     98.717    -0.5853   2.805584    -0.5848   2.806084    7.33580     0.1726    13.8155 0.0000e+00  -61.19083  -54.87583 1152829908 194.938769    34.2925       7264          1  0.000e+00
     98.650    -0.5849   2.805594    -0.5840   2.806037    7.34037     0.1510    13.8155 0.0000e+00  -61.19083  -54.87583 1152829908 194.938769    34.2922       7265          1  0.000e+00
     98.650    -0.5855   2.805577    -0.5843   2.806031    7.33577     0.1188    13.8155 0.0000e+00  -61.19083  -54.87583 1152829908 194.938770    34.2927       7266          1  0.000e+00
     98.650    -0.5854   2.805571    -0.5845   2.806055    7.33577     0.0972    13.8155 0.0000e+00  -61.19083  -54.87583 1152829908 194.938770    34.2925       7267          1  0.000e+00
     98.650    -0.5855   2.805554    -0.5846   2.806078    7.33579     0.0972    13.8155 0.0000e+00  -61.19083  -54.87583 1152829908 194.938771    34.2924       7268          1  0.000e+00
     98.650    -0.5853   2.805564    -0.5845   2.806066    7.33575     0.1080    13.8155 0.0000e+00  -61.19083  -54.87583 1152829908 194.938771    34.2923       7269          1  0.000e+00
     98.621    -0.5849   2.805571    -0.5842   2.806066    7.34035     0.1618    13.8155 0.0000e+00  -61.19083  -54.87583 1152829908 194.938772    34.2919       7270          1  0.000e+00
     98.650    -0.5852   2.805571    -0.5840   2.806066    7.34043     0.1726    13.8155 0.0000e+00  -61.19083  -54.87583 1152829908 194.938772    34.2923       7271          1  0.000e+00
     98.583    -0.5851   2.805554    -0.5843   2.806078    7.34036     0.1295    13.8155 0.0000e+00  -61.19083  -54.87583 1152829908 194.938773    34.2920       7272          1  0.000e+00
     98.583    -0.5852   2.805601    -0.5842   2.806049    7.34034     0.1295    13.8155 0.0000e+00  -61.19083  -54.87583 1152829908 194.938773    34.2927       7273          1  0.000e+00
     98.583    -0.5853   2.805581    -0.5843   2.806072    7.33567     0.1833    13.8155 0.0000e+00  -61.19083  -54.87583 1152829908 194.938774    34.2925       7274          1  0.000e+00
     98.583    -0.5851   2.805591    -0.5837   2.806060    7.33563     0.1618    13.8155 0.0000e+00  -61.19083  -54.87583 1152829908 194.938774    34.2924       7275          1  0.000e+00
     98.440    -0.5851   2.805594    -0.5843   2.806060    7.33549     0.1403    13.8155 0.0000e+00  -61.19083  -54.87583 1152829908 194.938775    34.2926       7276          1  0.000e+00
     98.650    -0.5851   2.805561    -0.5839   2.806066    7.33572     0.1510    13.8155 0.0000e+00  -61.19083  -54.87583 1152829908 194.938775    34.2920       7277          1  0.000e+00
     98.507    -0.5847   2.805581    -0.5840   2.806066    7.33551     0.1510    13.8155 0.0000e+00  -61.19083  -54.87583 1152829908 194.938776    34.2920       7278          1  0.000e+00
     98.583    -0.5848   2.805561    -0.5842   2.806078    7.33562     0.1295    13.8155 0.0000e+00  -61.19083  -54.87583 1152829908 194.938776    34.2918       7279          1  0.000e+00
     98.478    -0.5852   2.805581    -0.5838   2.806066    7.33555     0.1080    13.8155 0.0000e+00  -61.19083  -54.87583 1152829909 194.938777    34.2925       7280          1  0.000e+00
     98.583    -0.5851   2.805594    -0.5840   2.806084    7.33564     0.1080    13.8155 0.0000e+00  -61.19083  -54.87583 1152829909 194.938777    34.2925       7281          1  0.000e+00
     98.373    -0.5849   2.805597    -0.5843   2.806084    7.34008     0.1726    13.8155 0.0000e+00  -61.19083  -54.87583 1152829909 194.938777    34.2924       7282          1  0.000e+00
     98.507    -0.5851   2.805577    -0.5842   2.806066    7.34026     0.1941    13.8155 0.0000e+00  -61.19083  -54.87583 1152829909 194.938778    34.2923       7283          2  0.000e+00
     98.507    -0.5850   2.805591    -0.5840   2.806066    7.34024     0.1618    13.8155 0.0000e+00  -61.19083  -54.87583 1152829909 194.938778    34.2924       7284          2  0.000e+00
     98.440    -0.5849   2.805577    -0.5842   2.806066    7.34016     0.1510    13.8155 0.0000e+00  -61.19083  -54.87583 1152829909 194.938779    34.2921       7285          2  0.000e+00
     98.440    -0.5853   2.805571    -0.5843   2.806078    7.33553     0.1510    13.8155 0.0000e+00  -61.19083  -54.87583 1152829909 194.938779    34.2925       7286          2  0.000e+00
     98.440    -0.5851   2.805587    -0.5840   2.806066    7.33549     0.1403    13.8155 0.0000e+00  -61.19083  -54.87583 1152829909 194.938780    34.2925       7287          2  0.000e+00
     98.373    -0.5852   2.805577    -0.5843   2.806066    7.33545     0.1510    13.8155 0.0000e+00  -61.19083  -54.87583 1152829909 194.938780    34.2925       7288          2  0.000e+00
     98.440    -0.5850   2.805571    -0.5842   2.806078    7.33549     0.1188    13.8155 0.0000e+00  -61.19083  -54.87583 1152829909 194.938781    34.2921       7289          2  0.000e+00
     98.411    -0.5846   2.805591    -0.5840   2.806066    7.33538     0.1188    13.8155 0.0000e+00  -61.19083  -54.87583 1152829909 194.938781    34.2920       7290          2  0.000e+00
     98.373    -0.5848   2.805577    -0.5842   2.806043    7.33539     0.1403    13.8155 0.0000e+00  -61.19083  -54.87583 1152829909 194.938782    34.2921       7291          2  0.000e+00
     98.297    -0.5847   2.805571    -0.5842   2.806072    7.33531     0.1403    13.8155 0.0000e+00  -61.19083  -54.87583 1152829909 194.938782    34.2920       7292          2  0.000e+00
     98.373    -0.5849   2.805571    -0.5840   2.806066    7.33540     0.1188    13.8155 0.0000e+00  -61.19083  -54.87583 1152829909 194.938783    34.2921       7293          2  0.000e+00
     98.297    -0.5848   2.805571    -0.5839   2.806066    7.33532     0.0542    13.8155 0.0000e+00  -61.19083  -54.87583 1152829909 194.938783    34.2921       7294          2  0.000e+00
     98.373    -0.5843   2.805571    -0.5839   2.806066    7.33532     0.0542    13.8155 0.0000e+00  -61.19083  -54.87583 1152829909 194.938784    34.2914       7295          2  0.000e+00
     98.297    -0.5851   2.805587    -0.5842   2.806095    7.33535     0.1188    13.8155 0.0000e+00  -61.19083  -54.87583 1152829909 194.938784    34.2926       7296          2  0.000e+00
     98.297    -0.5851   2.805561    -0.5836   2.806090    7.33536     0.1618    13.8155 0.0000e+00  -61.19083  -54.87583 1152829909 194.938785    34.2922       7297          2  0.000e+00
     98.230    -0.5843   2.805564    -0.5840   2.806049    7.33518     0.1188    13.8155 0.0000e+00  -61.19083  -54.87583 1152829909 194.938785    34.2915       7298          2  0.000e+00
     98.268    -0.5844   2.805591    -0.5838   2.806049    7.33522     0.1510    13.8155 0.0000e+00  -61.19083  -54.87583 1152829909 194.938786    34.2919       7299          2  0.000e+00
     98.297    -0.5849   2.805610    -0.5840   2.806060    7.33530     0.1618    13.8155 0.0000e+00  -61.19083  -54.87583 1152829909 194.938786    34.2927       7300          2  0.000e+00
     98.230    -0.5845   2.805564    -0.5843   2.806084    7.33521     0.1510    13.8155 0.0000e+00  -61.19083  -54.87583 1152829909 194.938787    34.2917       7301          2  0.000e+00
     98.230    -0.5844   2.805584    -0.5840   2.806072    7.33518     0.1188    13.8155 0.0000e+00  -61.19083  -54.87583 1152829909 194.938787    34.2918       7302          2  0.000e+00
     98.154    -0.5848   2.805577    -0.5839   2.806078    7.33517     0.1403    13.8155 0.0000e+00  -61.19083  -54.87583 1152829909 194.938788    34.2922       7303          2  0.000e+00
     98.230    -0.5847   2.805591    -0.5842   2.806066    7.33522     0.1941    13.8155 0.0000e+00  -61.19083  -54.87583 1152829910 194.938788    34.2923       7304          2  0.000e+00
     98.154    -0.5847   2.805577    -0.5843   2.806084    7.33515     0.1726    13.8155 0.0000e+00  -61.19083  -54.87583 1152829910 194.938789    34.2921       7305          2  0.000e+00
     98.154    -0.5848   2.805554    -0.5840   2.806084    7.33518     0.1295    13.8155 0.0000e+00  -61.19083  -54.87583 1152829910 194.938789    34.2919       7306          2  0.000e+00
     98.154    -0.5846   2.805581    -0.5843   2.806066    7.33513     0.1188    13.8155 0.0000e+00  -61.19083  -54.87583 1152829910 194.938790    34.2920       7307          2  0.000e+00
     98.087    -0.5847   2.805594    -0.5842   2.806084    7.33506     0.1188    13.8155 0.0000e+00  -61.19083  -54.87583 1152829910 194.938790    34.2923       7308          2  0.000e+00
     98.125    -0.5847   2.805597    -0.5840   2.806072    7.33511     0.1188    13.8155 0.0000e+00  -61.19083  -54.87583 1152829910 194.938791    34.2924       7309          2  0.000e+00
     98.087    -0.5841   2.805594    -0.5836   2.806055    7.33498     0.1188    13.8155 0.0000e+00  -61.19083  -54.87583 1152829910 194.938791    34.2917       7310          2  0.000e+00
     98.087    -0.5841   2.805577    -0.5832   2.806060    7.33499     0.1295    13.8155 0.0000e+00  -61.19083  -54.87583 1152829910 194.938791    34.2914       7311          2  0.000e+00
     98.087    -0.5844   2.805587    -0.5837   2.806084    7.33503     0.1403    13.8155 0.0000e+00  -61.19083  -54.87583 1152829910 194.938792    34.2920       7312          2  0.000e+00
     98.020    -0.5842   2.805577    -0.5837   2.806084    7.33494     0.1403    13.8155 0.0000e+00  -61.19083  -54.87583 1152829910 194.938792    34.2916       7313          2  0.000e+00
     98.020    -0.5846   2.805537    -0.5840   2.806107    7.33502     0.1295    13.8155 0.0000e+00  -61.19083  -54.87583 1152829910 194.938793    34.2915       7314          2  0.000e+00
     98.020    -0.5847   2.805561    -0.5836   2.806095    7.33032     0.1080    13.8155 0.0000e+00  -61.19083  -54.87583 1152829910 194.938793    34.2919       7315          2  0.000e+00
     98.020    -0.5844   2.805554    -0.5837   2.806101    7.33499     0.0865    13.8155 0.0000e+00  -61.19083  -54.87583 1152829910 194.938794    34.2916       7316          2  0.000e+00
     97.944    -0.5843   2.805547    -0.5835   2.806113    7.33489     0.1080    13.8155 0.0000e+00  -61.19083  -54.87583 1152829910 194.938794    34.2914       7317          2  0.000e+00
     97.982    -0.5845   2.805567    -0.5837   2.806078    7.33495     0.1188    13.8155 0.0000e+00  -61.19083  -54.87583 1152829910 194.938795    34.2919       7318          2  0.000e+00
     97.944    -0.5851   2.805587    -0.5833   2.806084    7.33498     0.1188    13.8155 0.0000e+00  -61.19083  -54.87583 1152829910 194.938795    34.2928       7319          2  0.000e+00
     97.877    -0.5850   2.805561    -0.5836   2.806084    7.33492     0.1295    13.8155 0.0000e+00  -61.19083  -54.87583 1152829910 194.938796    34.2923       7320          2  0.000e+00
     97.944    -0.5851   2.805564    -0.5839   2.806084    7.33500     0.1188    13.8155 0.0000e+00  -61.19083  -54.87583 1152829910 194.938796    34.2925       7321          2  0.000e+00
     97.877    -0.5844   2.805571    -0.5839   2.806072    7.33483     0.1188    13.8155 0.0000e+00  -61.19083  -54.87583 1152829910 194.938797    34.2919       7322          2  0.000e+00
     97.877    -0.5850   2.805554    -0.5836   2.806078    7.33023     0.1188    13.8155 0.0000e+00  -61.19083  -54.87583 1152829910 194.938797    34.2923       7323          2  0.000e+00
