product_data/regression_test/downloaded_data/MGDS/320620060703/ctd/p6617607.ros
* Sea-Bird SBE 9 Data File:
* FileName = D:\Data\Raw\p6617607.dat
* Software Version Seasave Win32 V 5.32
* Temperature SN = 1649
* Conductivity SN = 1431
* Number of Bytes Per Scan = 37
* Number of Voltage Words = 5
* Number of Scans Averaged by the Deck Unit = 1
* NMEA Latitude = 60 36.97 S
* NMEA Longitude = 054 43.19 W
* NMEA UTC (Time) = 10:38:42
** Ship:   Nathaniel B. Palmer 
** Cruise:    NBP0606 
# nquan = 17
# nvalues = 1176                    
# units = specified
# name 0 = prDM: Pressure, Digiquartz [db]
# name 1 = t090C: Temperature [ITS-90, deg C]
# name 2 = c0S/m: Conductivity [S/m]
# name 3 = t190C: Temperature, 2 [ITS-90, deg C]
# name 4 = c1S/m: Conductivity, 2 [S/m]
# name 5 = sbeox0ML/L: Oxygen, SBE 43 [ml/l]
# name 6 = flECO-AFL: Fluorescence, Wetlab ECO-AFL/FL [mg/m^3]
# name 7 = bat: Beam Attenuation, Chelsea/Seatech/Wetlab CStar [1/m]
# name 8 = spar: SPAR/Surface Irradiance
# name 9 = latitude: Latitude [deg]
# name 10 = longitude: Longitude [deg]
# name 11 = timeY: Time, System [seconds]
# name 12 = timeJ: Julian Days
# name 13 = sal00: Salinity [PSU]
# name 14 = scan: scan number
# name 15 = nbf: number of bottles fired
# name 16 = flag:  0.000e+00
# interval = seconds: 0.0416667                   
# start_time = Jul 21 2006 10:38:50
*END*
[from data line 511]
    150.584    -0.2211   2.840608    -0.2213   2.840920    6.78255    -0.0642    13.8155 0.0000e+00  -60.61617  -54.71983 1153478767 202.448709    34.3191      10523         11  0.000e+00
    150.584    -0.2213   2.840542    -0.2211   2.840926    6.78262    -0.0104    13.8155 0.0000e+00  -60.61617  -54.71983 1153478767 202.448709    34.3184      10524         11  0.000e+00
    150.584    -0.2214   2.840552    -0.2213   2.840943    6.78263     0.0219    13.8155 0.0000e+00  -60.61617  -54.71983 1153478767 202.448709    34.3187      10525         11  0.000e+00
    150.517    -0.2215   2.840545    -0.2208   2.840932    6.78258    -0.0104    13.8155 0.0000e+00  -60.61617  -54.71983 1153478767 202.448710    34.3187      10526         11  0.000e+00
    150.584    -0.2217   2.840562    -0.2208   2.840908    6.78267    -0.0426    13.8155 0.0000e+00  -60.61617  -54.71983 1153478767 202.448710    34.3192      10527         11  0.000e+00
    150.441    -0.2215   2.840548    -0.2210   2.840938    6.78251     0.0112    13.8155 0.0000e+00  -60.61617  -54.71983 1153478767 202.448711    34.3188      10528         11  0.000e+00
    150.517    -0.2217   2.840558    -0.2210   2.840891    6.78261     0.0434    13.8155 0.0000e+00  -60.61617  -54.71983 1153478767 202.448711    34.3192      10529         11  0.000e+00
    150.517    -0.2216   2.840512    -0.2217   2.840891    6.78262     0.0004    13.8155 0.0000e+00  -60.61617  -54.71983 1153478767 202.448712    34.3184      10530         11  0.000e+00
    150.441    -0.2222   2.840535    -0.2213   2.840850    6.78261    -0.0534    13.8155 0.0000e+00  -60.61617  -54.71983 1153478767 202.448712    34.3194      10531         11  0.000e+00
    150.441    -0.2215   2.840595    -0.2218   2.840862    6.78248    -0.0426    13.8155 0.0000e+00  -60.61617  -54.71983 1153478767 202.448713    34.3194      10532         11  0.000e+00
    150.450    -0.2217   2.840542    -0.2216   2.840832    6.78255    -0.0642    13.8155 0.0000e+00  -60.61617  -54.71983 1153478767 202.448713    34.3190      10533         11  0.000e+00
    150.441    -0.2216   2.840568    -0.2221   2.840838    6.78251    -0.0964    13.8155 0.0000e+00  -60.61617  -54.71983 1153478767 202.448714    34.3192      10534         11  0.000e+00
    150.441    -0.2211   2.840588    -0.2218   2.840838    6.78243    -0.0534    13.8155 0.0000e+00  -60.61617  -54.71983 1153478767 202.448714    34.3189      10535         11  0.000e+00
    150.374    -0.2218   2.840572    -0.2219   2.840844    6.78247    -0.0534    13.8155 0.0000e+00  -60.61617  -54.71983 1153478767 202.448715    34.3195      10536         11  0.000e+00
    150.450    -0.2214   2.840545    -0.2222   2.840850    6.78251    -0.0749    13.8155 0.0000e+00  -60.61617  -54.71983 1153478768 202.448715    34.3187      10537         11  0.000e+00
    150.297    -0.2216   2.840562    -0.2218   2.840838    6.78238    -0.0749    13.8155 0.0000e+00  -60.61617  -54.71983 1153478768 202.448716    34.3192      10538         11  0.000e+00
    150.374    -0.2216   2.840548    -0.2214   2.840844    6.78246    -0.1072    13.8155 0.0000e+00  -60.61617  -54.71983 1153478768 202.448716    34.3189      10539         11  0.000e+00
    150.374    -0.2216   2.840558    -0.2210   2.840885    6.78246    -0.0964    13.8155 0.0000e+00  -60.61617  -54.71983 1153478768 202.448717    34.3191      10540         11  0.000e+00
    150.297    -0.2212   2.840565    -0.2212   2.840873    6.78232    -0.0211    13.8155 0.0000e+00  -60.61617  -54.71983 1153478768 202.448717    34.3187      10541         11  0.000e+00
    150.374    -0.2216   2.840568    -0.2211   2.840891    6.78245    -0.0211    13.8155 0.0000e+00  -60.61617  -54.71983 1153478768 202.448718    34.3192      10542         11  0.000e+00
    150.297    -0.2216   2.840532    -0.2219   2.840902    6.77771     0.0327    13.8155 0.0000e+00  -60.61617  -54.71983 1153478768 202.448718    34.3188      10543         11  0.000e+00
    150.307    -0.2217   2.840552    -0.2212   2.840873    6.78241     0.0542    13.8155 0.0000e+00  -60.61617  -54.71983 1153478768 202.448719    34.3192      10544         11  0.000e+00
    150.230    -0.2216   2.840528    -0.2210   2.840867    6.78234    -0.0211    13.8155 0.0000e+00  -60.61617  -54.71983 1153478768 202.448719    34.3188      10545         11  0.000e+00
    150.297    -0.2216   2.840522    -0.2210   2.840891    6.78240    -0.0534    13.8155 0.0000e+00  -60.61617  -54.71983 1153478768 202.448720    34.3186      10546         11  0.000e+00
    150.230    -0.2210   2.840518    -0.2209   2.840914    6.78226     0.0004    13.8155 0.0000e+00  -60.61617  -54.71983 1153478768 202.448720    34.3180      10547         11  0.000e+00
    150.230    -0.2217   2.840498    -0.2208   2.840902    6.78237     0.0004    13.8155 0.0000e+00  -60.61617  -54.71983 1153478768 202.448721    34.3185      10548         11  0.000e+00
    150.297    -0.2213   2.840479    -0.2203   2.840938    6.77770    -0.0211    13.8155 0.0000e+00  -60.61617  -54.71983 1153478768 202.448721    34.3177      10549         11  0.000e+00
    150.163    -0.2217   2.840495    -0.2203   2.840949    6.78231    -0.0104    13.8155 0.0000e+00  -60.61617  -54.71983 1153478768 202.448722    34.3185      10550         11  0.000e+00
    149.876    -0.2222   2.840438    -0.2211   2.840850    6.77746    -0.0104    13.8155 0.0000e+00  -60.61617  -54.71983 1153478774 202.448788    34.3185      10687         12  0.000e+00
    149.809    -0.2216   2.840462    -0.2211   2.840820    6.77729     0.0004    13.8155 0.0000e+00  -60.61617  -54.71983 1153478774 202.448788    34.3181      10688         12  0.000e+00
    149.809    -0.2219   2.840425    -0.2220   2.840838    6.77736     0.0112    13.8155 0.0000e+00  -60.61617  -54.71983 1153478774 202.448789    34.3180      10689         12  0.000e+00
    149.742    -0.2214   2.840422    -0.2216   2.840850    6.77723     0.0112    13.8155 0.0000e+00  -60.61617  -54.71983 1153478774 202.448789    34.3174      10690         12  0.000e+00
    149.876    -0.2219   2.840462    -0.2216   2.840820    6.77740     0.0004    13.8155 0.0000e+00  -60.61617  -54.71983 1153478774 202.448790    34.3185      10691         12  0.000e+00
    149.809    -0.2219   2.840475    -0.2212   2.840815    6.77733    -0.0534    13.8155 0.0000e+00  -60.61617  -54.71983 1153478774 202.448790    34.3187      10692         12  0.000e+00
    149.809    -0.2216   2.840462    -0.2214   2.840838    6.77730    -0.0426    13.8155 0.0000e+00  -60.61617  -54.71983 1153478774 202.448791    34.3182      10693         12  0.000e+00
    149.742    -0.2220   2.840435    -0.2219   2.840826    6.78199     0.0112    13.8155 0.0000e+00  -60.61617  -54.71983 1153478774 202.448791    34.3183      10694         12  0.000e+00
    149.809    -0.2218   2.840445    -0.2214   2.840832    6.77733    -0.0104    13.8155 0.0000e+00  -60.61617  -54.71983 1153478774 202.448791    34.3181      10695         12  0.000e+00
    149.742    -0.2215   2.840472    -0.2215   2.840803    6.77721     0.0004    13.8155 0.0000e+00  -60.61617  -54.71983 1153478774 202.448792    34.3182      10696         12  0.000e+00
    149.809    -0.2222   2.840458    -0.2213   2.840832    6.77738     0.0004    13.8155 0.0000e+00  -60.61617  -54.71983 1153478774 202.448792    34.3188      10697         12  0.000e+00
    149.742    -0.2219   2.840432    -0.2216   2.840820    6.78198    -0.0211    13.8155 0.0000e+00  -60.61617  -54.71983 1153478774 202.448793    34.3182      10698         12  0.000e+00
    149.742    -0.2220   2.840445    -0.2210   2.840780    6.78199    -0.0319    13.8155 0.0000e+00  -60.61617  -54.71983 1153478774 202.448793    34.3185      10699         12  0.000e+00
    149.742    -0.2215   2.840472    -0.2217   2.840826    6.78189     0.0004    13.8155 0.0000e+00  -60.61617  -54.71983 1153478774 202.448794    34.3182      10700         12  0.000e+00
    149.742    -0.2227   2.840475    -0.2214   2.840797    6.77737     0.0219    13.8155 0.0000e+00  -60.61617  -54.71983 1153478774 202.448794    34.3196      10701         12  0.000e+00
    149.742    -0.2218   2.840455    -0.2215   2.840809    6.77726    -0.0642    13.8155 0.0000e+00  -60.61617  -54.71983 1153478774 202.448795    34.3183      10702         12  0.000e+00
    149.742    -0.2222   2.840432    -0.2217   2.840820    6.77733    -0.0749    13.8155 0.0000e+00  -60.61617  -54.71983 1153478774 202.448795    34.3184      10703         12  0.000e+00
    149.742    -0.2221   2.840448    -0.2221   2.840791    6.78199    -0.0426    13.8155 0.0000e+00  -60.61617  -54.71983 1153478774 202.448796    34.3186      10704         12  0.000e+00
    149.742    -0.2222   2.840452    -0.2217   2.840809    6.78200    -0.0319    13.8155 0.0000e+00  -60.61617  -54.71983 1153478774 202.448796    34.3187      10705         12  0.000e+00
    149.675    -0.2218   2.840452    -0.2219   2.840797    6.78189     0.0004    13.8155 0.0000e+00  -60.61617  -54.71983 1153478775 202.448797    34.3183      10706         12  0.000e+00
    149.809    -0.2220   2.840452    -0.2221   2.840809    6.77736    -0.0211    13.8155 0.0000e+00  -60.61617  -54.71983 1153478775 202.448797    34.3185      10707         12  0.000e+00
    149.742    -0.2221   2.840438    -0.2218   2.840756    6.78200    -0.0534    13.8155 0.0000e+00  -60.61617  -54.71983 1153478775 202.448798    34.3184      10708         12  0.000e+00
    149.742    -0.2224   2.840428    -0.2224   2.840774    6.77736    -0.0749    13.8155 0.0000e+00  -60.61617  -54.71983 1153478775 202.448798    34.3186      10709         12  0.000e+00
    149.675    -0.2222   2.840428    -0.2216   2.840785    6.78196    -0.0426    13.8155 0.0000e+00  -60.61617  -54.71983 1153478775 202.448799    34.3185      10710         12  0.000e+00
    149.742    -0.2224   2.840445    -0.2218   2.840768    6.77735    -0.0104    13.8155 0.0000e+00  -60.61617  -54.71983 1153478775 202.448799    34.3188      10711         12  0.000e+00
    149.742    -0.2224   2.840455    -0.2221   2.840768    6.77735    -0.0211    13.8155 0.0000e+00  -60.61617  -54.71983 1153478775 202.448800    34.3190      10712         12  0.000e+00
    149.742    -0.2230   2.840418    -0.2216   2.840803    6.77745    -0.0211    13.8155 0.0000e+00  -60.61617  -54.71983 1153478775 202.448800    34.3192      10713         12  0.000e+00
    149.742    -0.2222   2.840405    -0.2220   2.840797    6.77735     0.0004    13.8155 0.0000e+00  -60.61617  -54.71983 1153478775 202.448801    34.3182      10714         12  0.000e+00
    149.666    -0.2225   2.840425    -0.2219   2.840791    6.77730    -0.0426    13.8155 0.0000e+00  -60.61617  -54.71983 1153478775 202.448801    34.3188      10715         12  0.000e+00
    149.742    -0.2227   2.840395    -0.2219   2.840785    6.77743    -0.0857    13.8155 0.0000e+00  -60.61617  -54.71983 1153478775 202.448802    34.3186      10716         12  0.000e+00
    149.742    -0.2230   2.840382    -0.2218   2.840768    6.77747    -0.0534    13.8155 0.0000e+00  -60.61617  -54.71983 1153478775 202.448802    34.3187      10717         12  0.000e+00
    149.742    -0.2225   2.840382    -0.2219   2.840803    6.77740     0.0004    13.8155 0.0000e+00  -60.61617  -54.71983 1153478775 202.448803    34.3181      10718         12  0.000e+00
    149.742    -0.2233   2.840402    -0.2217   2.840791    6.77750     0.0219    13.8155 0.0000e+00  -60.61617  -54.71983 1153478775 202.448803    34.3193      10719         12  0.000e+00
    149.742    -0.2228   2.840422    -0.2220   2.840785    6.77742     0.0327    13.8155 0.0000e+00  -60.61617  -54.71983 1153478775 202.448804    34.3190      10720         12  0.000e+00
    149.742    -0.2224   2.840428    -0.2217   2.840774    6.77736    -0.0211    13.8155 0.0000e+00  -60.61617  -54.71983 1153478775 202.448804    34.3187      10721         12  0.000e+00
    149.666    -0.2222   2.840408    -0.2221   2.840756    6.77727     0.0112    13.8155 0.0000e+00  -60.61617  -54.71983 1153478775 202.448804    34.3182      10722         12  0.000e+00
    149.742    -0.2224   2.840425    -0.2218   2.840803    6.78205     0.0219    13.8155 0.0000e+00  -60.61617  -54.71983 1153478775 202.448805    34.3186      10723         12  0.000e+00
    149.742    -0.2225   2.840428    -0.2219   2.840797    6.78206     0.0004    13.8155 0.0000e+00  -60.61617  -54.71983 1153478775 202.448805    34.3188      10724         12  0.000e+00
    149.742    -0.2224   2.840445    -0.2227   2.840791    6.78204    -0.0857    13.8155 0.0000e+00  -60.61617  -54.71983 1153478775 202.448806    34.3189      10725         12  0.000e+00
    149.742    -0.2220   2.840432    -0.2224   2.840785    6.78200    -0.0642    13.8155 0.0000e+00  -60.61617  -54.71983 1153478775 202.448806    34.3183      10726         12  0.000e+00
    149.809    -0.2222   2.840415    -0.2218   2.840768    6.78210    -0.0104    13.8155 0.0000e+00  -60.61617  -54.71983 1153478775 202.448807    34.3183      10727         12  0.000e+00
    149.742    -0.2225   2.840405    -0.2221   2.840803    6.78207     0.0004    13.8155 0.0000e+00  -60.61617  -54.71983 1153478775 202.448807    34.3184      10728         12  0.000e+00
    149.742    -0.2232   2.840369    -0.2219   2.840791    6.78219    -0.0211    13.8155 0.0000e+00  -60.61617  -54.71983 1153478775 202.448808    34.3187      10729         12  0.000e+00
    149.742    -0.2231   2.840392    -0.2221   2.840768    6.77748    -0.0642    13.8155 0.0000e+00  -60.61617  -54.71983 1153478776 202.448808    34.3190      10730         12  0.000e+00
    149.809    -0.2230   2.840409    -0.2225   2.840704    6.77752    -0.0749    13.8155 0.0000e+00  -60.61617  -54.71983 1153478776 202.448809    34.3190      10731         12  0.000e+00
    149.742    -0.2227   2.840405    -0.2231   2.840698    6.77741     0.0112    13.8155 0.0000e+00  -60.61617  -54.71983 1153478776 202.448809    34.3186      10732         12  0.000e+00
    149.809    -0.2227   2.840385    -0.2232   2.840709    6.78218     0.0434    13.8155 0.0000e+00  -60.61617  -54.71983 1153478776 202.448810    34.3184      10733         12  0.000e+00
    149.809    -0.2228   2.840382    -0.2234   2.840674    6.78219     0.0112    13.8155 0.0000e+00  -60.61617  -54.71983 1153478776 202.448810    34.3184      10734         12  0.000e+00
    149.742    -0.2229   2.840402    -0.2233   2.840651    6.78213     0.0004    13.8155 0.0000e+00  -60.61617  -54.71983 1153478776 202.448811    34.3188      10735         12  0.000e+00
    150.372    -0.2235   2.840339    -0.2208   2.840914    6.77347    -0.0104    13.8155 0.0000e+00  -60.61617  -54.71983 1153478782 202.448878    34.3183      10874         13  0.000e+00
    150.372    -0.2237   2.840339    -0.2205   2.840914    6.77819    -0.0211    13.8155 0.0000e+00  -60.61617  -54.71983 1153478782 202.448878    34.3186      10875         13  0.000e+00
    150.228    -0.2238   2.840339    -0.2200   2.840943    6.77807    -0.0211    13.8155 0.0000e+00  -60.61617  -54.71983 1153478782 202.448879    34.3187      10876         13  0.000e+00
    150.448    -0.2232   2.840325    -0.2206   2.840932    6.77351    -0.0104    13.8155 0.0000e+00  -60.61617  -54.71983 1153478782 202.448879    34.3177      10877         13  0.000e+00
    150.295    -0.2233   2.840332    -0.2203   2.840920    6.77338     0.0112    13.8155 0.0000e+00  -60.61617  -54.71983 1153478782 202.448880    34.3180      10878         13  0.000e+00
    150.372    -0.2230   2.840369    -0.2205   2.840943    6.77339    -0.0104    13.8155 0.0000e+00  -60.61617  -54.71983 1153478782 202.448880    34.3182      10879         13  0.000e+00
    150.295    -0.2231   2.840349    -0.2203   2.840955    6.77803    -0.0211    13.8155 0.0000e+00  -60.61617  -54.71983 1153478782 202.448881    34.3181      10880         13  0.000e+00
