product_data/regression_test/downloaded_data/MGDS/320620060703/ctd/p6610901.ros
* Sea-Bird SBE 9 Data File:
* FileName = D:\Data\Raw\p6610901.dat
* Software Version Seasave Win32 V 5.32
* Temperature SN = 1649
* Conductivity SN = 1431
* Number of Bytes Per Scan = 37
* Number of Voltage Words = 5
* Number of Scans Averaged by the Deck Unit = 1
* NMEA Latitude = 61 18.97 S
* NMEA Longitude = 054 52.55 W
* NMEA UTC (Time) = 01:40:04
** Ship:   Nathaniel B. Palmer 
** Cruise:    NBP0606 
# nquan = 17
# nvalues = 1170                    
# units = specified
# name 0 = prDM: Pressure, Digiquartz [db]
# name 1 = t090C: Temperature [ITS-90, deg C]
# name 2 = c0S/m: Conductivity [S/m]
# name 3 = t190C: Temperature, 2 [ITS-90, deg C]
# name 4 = c1S/m: Conductivity, 2 [S/m]
# name 5 = sbeox0ML/L: Oxygen, SBE 43 [ml/l]
# name 6 = flECO-AFL: Fluorescence, Wetlab ECO-AFL/FL [mg/m^3]
# name 7 = bat: Beam Attenuation, Chelsea/Seatech/Wetlab CStar [1/m]
# name 8 = spar: SPAR/Surface Irradiance
# name 9 = latitude: Latitude [deg]
# name 10 = longitude: Longitude [deg]
# name 11 = timeY: Time, System [seconds]
# name 12 = timeJ: Julian Days
# name 13 = sal00: Salinity [PSU]
# name 14 = scan: scan number
# name 15 = nbf: number of bottles fired
# name 16 = flag:  0.000e+00
# interval = seconds: 0.0416667                   
# start_time = Jul 14 2006 01:40:12
*END*
[from data line 171]
    500.204     0.2540   2.912678     0.2545   2.913015    5.85384    -0.1072    13.8155 0.0000e+00  -61.31617  -54.87583 1152842532 195.084877    34.5301      31713          4  0.000e+00
    500.444     0.2543   2.912667     0.2548   2.913009    5.85400    -0.0749    13.8155 0.0000e+00  -61.31617  -54.87583 1152842532 195.084877    34.5294      31714          4  0.000e+00
    500.300     0.2539   2.912654     0.2542   2.913027    5.84909    -0.0964    13.8155 0.0000e+00  -61.31617  -54.87583 1152842532 195.084878    34.5299      31715          4  0.000e+00
    500.348     0.2545   2.912654     0.2548   2.913039    5.85390    -0.0749    13.8155 0.0000e+00  -61.31617  -54.87583 1152842532 195.084878    34.5291      31716          4  0.000e+00
    500.300     0.2539   2.912684     0.2541   2.913056    5.84908    -0.1072    13.8155 0.0000e+00  -61.31617  -54.87583 1152842532 195.084878    34.5303      31717          4  0.000e+00
    500.367     0.2537   2.912681     0.2548   2.913062    5.85400    -0.1287    13.8155 0.0000e+00  -61.31617  -54.87583 1152842532 195.084879    34.5304      31718          4  0.000e+00
    500.367     0.2540   2.912667     0.2545   2.913045    5.85397    -0.0534    13.8155 0.0000e+00  -61.31617  -54.87583 1152842532 195.084879    34.5299      31719          4  0.000e+00
    500.348     0.2542   2.912654     0.2541   2.913056    5.85394    -0.0534    13.8155 0.0000e+00  -61.31617  -54.87583 1152842532 195.084880    34.5295      31720          4  0.000e+00
    500.367     0.2542   2.912671     0.2542   2.913045    5.84910    -0.0534    13.8155 0.0000e+00  -61.31617  -54.87583 1152842532 195.084880    34.5297      31721          4  0.000e+00
    500.367     0.2543   2.912708     0.2544   2.913015    5.84906    -0.0964    13.8155 0.0000e+00  -61.31617  -54.87583 1152842532 195.084881    34.5300      31722          4  0.000e+00
    500.348     0.2540   2.912661     0.2541   2.913027    5.84911    -0.1180    13.8155 0.0000e+00  -61.31617  -54.87583 1152842532 195.084881    34.5298      31723          4  0.000e+00
    500.444     0.2539   2.912651     0.2530   2.913015    5.85406    -0.0749    13.8155 0.0000e+00  -61.31617  -54.87583 1152842532 195.084882    34.5298      31724          4  0.000e+00
    500.367     0.2535   2.912654     0.2531   2.913009    5.84919    -0.0964    13.8155 0.0000e+00  -61.31617  -54.87583 1152842532 195.084882    34.5302      31725          4  0.000e+00
    500.444     0.2531   2.912634     0.2527   2.913027    5.85416    -0.0749    13.8155 0.0000e+00  -61.31617  -54.87583 1152842532 195.084883    34.5303      31726          4  0.000e+00
    500.415     0.2524   2.912691     0.2525   2.913015    5.84934    -0.0642    13.8155 0.0000e+00  -61.31617  -54.87583 1152842532 195.084883    34.5319      31727          4  0.000e+00
    500.444     0.2532   2.912684     0.2519   2.913009    5.85412    -0.0857    13.8155 0.0000e+00  -61.31617  -54.87583 1152842532 195.084884    34.5309      31728          4  0.000e+00
    500.444     0.2526   2.912657     0.2516   2.912992    5.84936    -0.1180    13.8155 0.0000e+00  -61.31617  -54.87583 1152842532 195.084884    34.5312      31729          4  0.000e+00
    500.415     0.2521   2.912634     0.2516   2.912939    5.84941    -0.0964    13.8155 0.0000e+00  -61.31617  -54.87583 1152842532 195.084885    34.5315      31730          4  0.000e+00
    500.444     0.2514   2.912593     0.2494   2.912885    5.84953    -0.1180    13.8155 0.0000e+00  -61.31617  -54.87583 1152842532 195.084885    34.5317      31731          4  0.000e+00
    500.511     0.2511   2.912432     0.2484   2.912708    5.85457    -0.1180    13.8155 0.0000e+00  -61.31617  -54.87583 1152842532 195.084886    34.5300      31732          4  0.000e+00
    500.444     0.2495   2.912287     0.2465   2.912590    5.84992    -0.1395    13.8155 0.0000e+00  -61.31617  -54.87583 1152842532 195.084886    34.5299      31733          4  0.000e+00
    500.492     0.2479   2.912169     0.2459   2.912508    5.85506    -0.1287    13.8155 0.0000e+00  -61.31617  -54.87583 1152842532 195.084887    34.5300      31734          4  0.000e+00
    500.444     0.2465   2.912105     0.2450   2.912490    5.85037    -0.0964    13.8155 0.0000e+00  -61.31617  -54.87583 1152842532 195.084887    34.5308      31735          4  0.000e+00
    500.511     0.2460   2.912085     0.2448   2.912467    5.85534    -0.0964    13.8155 0.0000e+00  -61.31617  -54.87583 1152842533 195.084888    34.5310      31736          4  0.000e+00
    500.492     0.2460   2.912072     0.2445   2.912443    5.85049    -0.1180    13.8155 0.0000e+00  -61.31617  -54.87583 1152842533 195.084888    34.5309      31737          4  0.000e+00
    400.178     0.3355   2.913790     0.3389   2.914462    5.82968    -0.0749    13.8155 0.0000e+00  -61.31617  -54.87583 1152842670 195.086480    34.5124      35037          5  0.000e+00
    400.178     0.3345   2.913709     0.3376   2.914468    5.82984    -0.0319    13.8155 0.0000e+00  -61.31617  -54.87583 1152842670 195.086480    34.5124      35038          5  0.000e+00
    400.111     0.3341   2.913692     0.3361   2.914462    5.82984    -0.0426    13.8155 0.0000e+00  -61.31617  -54.87583 1152842670 195.086481    34.5127      35039          5  0.000e+00
    400.111     0.3343   2.913655     0.3367   2.914421    5.82984    -0.0749    13.8155 0.0000e+00  -61.31617  -54.87583 1152842670 195.086481    34.5120      35040          5  0.000e+00
    400.178     0.3338   2.913645     0.3366   2.914326    5.82996    -0.0964    13.8155 0.0000e+00  -61.31617  -54.87583 1152842670 195.086481    34.5124      35041          5  0.000e+00
    400.044     0.3330   2.913689     0.3353   2.914273    5.82992    -0.0534    13.8155 0.0000e+00  -61.31617  -54.87583 1152842670 195.086482    34.5139      35042          5  0.000e+00
    400.178     0.3333   2.913659     0.3350   2.914285    5.83001    -0.0534    13.8155 0.0000e+00  -61.31617  -54.87583 1152842670 195.086482    34.5131      35043          5  0.000e+00
    400.044     0.3334   2.913645     0.3347   2.914279    5.82990    -0.0749    13.8155 0.0000e+00  -61.31617  -54.87583 1152842670 195.086483    34.5129      35044          5  0.000e+00
    400.111     0.3335   2.913679     0.3364   2.914350    5.82992    -0.0964    13.8155 0.0000e+00  -61.31617  -54.87583 1152842670 195.086483    34.5132      35045          5  0.000e+00
    400.044     0.3338   2.913692     0.3384   2.914503    5.82982    -0.1180    13.8155 0.0000e+00  -61.31617  -54.87583 1152842670 195.086484    34.5131      35046          5  0.000e+00
    400.111     0.3334   2.913703     0.3389   2.914580    5.82992    -0.1180    13.8155 0.0000e+00  -61.31617  -54.87583 1152842670 195.086484    34.5136      35047          5  0.000e+00
    400.044     0.3341   2.913746     0.3390   2.914598    5.82976    -0.1180    13.8155 0.0000e+00  -61.31617  -54.87583 1152842671 195.086485    34.5134      35048          5  0.000e+00
    400.044     0.3341   2.913743     0.3384   2.914556    5.82499    -0.1180    13.8155 0.0000e+00  -61.31617  -54.87583 1152842671 195.086485    34.5134      35049          5  0.000e+00
    400.044     0.3338   2.913790     0.3370   2.914497    5.82501    -0.0964    13.8155 0.0000e+00  -61.31617  -54.87583 1152842671 195.086486    34.5144      35050          5  0.000e+00
    400.044     0.3346   2.914019     0.3369   2.914426    5.82956    -0.1610    13.8155 0.0000e+00  -61.31617  -54.87583 1152842671 195.086486    34.5165      35051          5  0.000e+00
    400.044     0.3366   2.914245     0.3365   2.914391    5.82921    -0.1395    13.8155 0.0000e+00  -61.31617  -54.87583 1152842671 195.086487    34.5172      35052          5  0.000e+00
    400.044     0.3374   2.914278     0.3359   2.914338    5.82909    -0.0749    13.8155 0.0000e+00  -61.31617  -54.87583 1152842671 195.086487    34.5167      35053          5  0.000e+00
    399.967     0.3378   2.914197     0.3356   2.914302    5.82903    -0.0534    13.8155 0.0000e+00  -61.31617  -54.87583 1152842671 195.086488    34.5153      35054          5  0.000e+00
    400.044     0.3379   2.914039     0.3358   2.914297    5.82439    -0.0749    13.8155 0.0000e+00  -61.31617  -54.87583 1152842671 195.086488    34.5131      35055          5  0.000e+00
    400.044     0.3371   2.913904     0.3356   2.914320    5.82455    -0.1180    13.8155 0.0000e+00  -61.31617  -54.87583 1152842671 195.086489    34.5122      35056          5  0.000e+00
    399.967     0.3359   2.913894     0.3352   2.914303    5.82463    -0.0964    13.8155 0.0000e+00  -61.31617  -54.87583 1152842671 195.086489    34.5134      35057          5  0.000e+00
    399.967     0.3357   2.913952     0.3347   2.914255    5.82941    -0.0749    13.8155 0.0000e+00  -61.31617  -54.87583 1152842671 195.086490    34.5144      35058          5  0.000e+00
    400.044     0.3343   2.913952     0.3345   2.914220    5.82486    -0.0964    13.8155 0.0000e+00  -61.31617  -54.87583 1152842671 195.086490    34.5159      35059          5  0.000e+00
    399.967     0.3344   2.913958     0.3345   2.914214    5.82478    -0.1180    13.8155 0.0000e+00  -61.31617  -54.87583 1152842671 195.086491    34.5160      35060          5  0.000e+00
    399.967     0.3348   2.914005     0.3345   2.914214    5.82949    -0.1180    13.8155 0.0000e+00  -61.31617  -54.87583 1152842671 195.086491    34.5162      35061          5  0.000e+00
    399.967     0.3348   2.913982     0.3352   2.914214    5.82950    -0.0749    13.8155 0.0000e+00  -61.31617  -54.87583 1152842671 195.086492    34.5159      35062          5  0.000e+00
    399.967     0.3350   2.913972     0.3350   2.914255    5.82948    -0.0749    13.8155 0.0000e+00  -61.31617  -54.87583 1152842671 195.086492    34.5154      35063          5  0.000e+00
    399.967     0.3357   2.914022     0.3350   2.914202    5.82937    -0.0964    13.8155 0.0000e+00  -61.31617  -54.87583 1152842671 195.086493    34.5153      35064          5  0.000e+00
    399.967     0.3360   2.914076     0.3349   2.914226    5.82930    -0.0964    13.8155 0.0000e+00  -61.31617  -54.87583 1152842671 195.086493    34.5157      35065          5  0.000e+00
    399.967     0.3366   2.914100     0.3348   2.914196    5.82923    -0.1395    13.8155 0.0000e+00  -61.31617  -54.87583 1152842671 195.086494    34.5154      35066          5  0.000e+00
    399.967     0.3365   2.914123     0.3344   2.914167    5.82923    -0.1072    13.8155 0.0000e+00  -61.31617  -54.87583 1152842671 195.086494    34.5158      35067          5  0.000e+00
    399.900     0.3374   2.914150     0.3353   2.914285    5.82904    -0.0749    13.8155 0.0000e+00  -61.31617  -54.87583 1152842671 195.086495    34.5151      35068          5  0.000e+00
    399.967     0.3378   2.914106     0.3386   2.914574    5.82907    -0.0642    13.8155 0.0000e+00  -61.31617  -54.87583 1152842671 195.086495    34.5141      35069          5  0.000e+00
    399.967     0.3366   2.914019     0.3403   2.914899    5.82926    -0.1180    13.8155 0.0000e+00  -61.31617  -54.87583 1152842671 195.086495    34.5143      35070          5  0.000e+00
    399.967     0.3365   2.914029     0.3395   2.914893    5.82928    -0.1072    13.8155 0.0000e+00  -61.31617  -54.87583 1152842671 195.086496    34.5146      35071          5  0.000e+00
    399.900     0.3375   2.914157     0.3393   2.914769    5.82903    -0.0749    13.8155 0.0000e+00  -61.31617  -54.87583 1152842672 195.086496    34.5151      35072          5  0.000e+00
    399.967     0.3377   2.914255     0.3422   2.914981    5.82901    -0.1180    13.8155 0.0000e+00  -61.31617  -54.87583 1152842672 195.086497    34.5161      35073          5  0.000e+00
    399.967     0.3383   2.914275     0.3456   2.915247    5.82892    -0.1072    13.8155 0.0000e+00  -61.31617  -54.87583 1152842672 195.086497    34.5157      35074          5  0.000e+00
    399.900     0.3381   2.914184     0.3465   2.915389    5.82894    -0.1072    13.8155 0.0000e+00  -61.31617  -54.87583 1152842672 195.086498    34.5148      35075          5  0.000e+00
    399.967     0.3376   2.914032     0.3466   2.915442    5.82914    -0.1072    13.8155 0.0000e+00  -61.31617  -54.87583 1152842672 195.086498    34.5134      35076          5  0.000e+00
    399.967     0.3369   2.913942     0.3463   2.915424    5.82926    -0.1072    13.8155 0.0000e+00  -61.31617  -54.87583 1152842672 195.086499    34.5129      35077          5  0.000e+00
    399.900     0.3368   2.913901     0.3463   2.915418    5.82925    -0.1180    13.8155 0.0000e+00  -61.31617  -54.87583 1152842672 195.086499    34.5126      35078          5  0.000e+00
    399.967     0.3361   2.913915     0.3462   2.915436    5.82938    -0.0857    13.8155 0.0000e+00  -61.31617  -54.87583 1152842672 195.086500    34.5135      35079          5  0.000e+00
    399.967     0.3361   2.913942     0.3453   2.915389    5.82936    -0.0964    13.8155 0.0000e+00  -61.31617  -54.87583 1152842672 195.086500    34.5138      35080          5  0.000e+00
    399.900     0.3365   2.914069     0.3453   2.915324    5.82920    -0.0964    13.8155 0.0000e+00  -61.31617  -54.87583 1152842672 195.086501    34.5151      35081          5  0.000e+00
    399.967     0.3370   2.914160     0.3452   2.915312    5.82914    -0.0964    13.8155 0.0000e+00  -61.31617  -54.87583 1152842672 195.086501    34.5156      35082          5  0.000e+00
    399.967     0.3377   2.914285     0.3452   2.915288    5.82899    -0.1395    13.8155 0.0000e+00  -61.31617  -54.87583 1152842672 195.086502    34.5165      35083          5  0.000e+00
    399.900     0.3385   2.914372     0.3432   2.915141    5.82880    -0.0964    13.8155 0.0000e+00  -61.31617  -54.87583 1152842672 195.086502    34.5168      35084          5  0.000e+00
    399.967     0.3392   2.914436     0.3418   2.914969    5.82874    -0.0319    13.8155 0.0000e+00  -61.31617  -54.87583 1152842672 195.086503    34.5168      35085          5  0.000e+00
    399.967     0.3494   2.915571     0.3496   2.915902    5.82694    -0.0749    13.8155 0.0000e+00  -61.31617  -54.87583 1152842673 195.086512    34.5203      35104          6  0.000e+00
    400.044     0.3500   2.915605     0.3507   2.915997    5.82691    -0.0749    13.8155 0.0000e+00  -61.31617  -54.87583 1152842673 195.086512    34.5200      35105          6  0.000e+00
    399.967     0.3514   2.915672     0.3506   2.916002    5.82665    -0.0964    13.8155 0.0000e+00  -61.31617  -54.87583 1152842673 195.086513    34.5194      35106          6  0.000e+00
    399.996     0.3519   2.915726     0.3503   2.915920    5.82659    -0.0642    13.8155 0.0000e+00  -61.31617  -54.87583 1152842673 195.086513    34.5195      35107          6  0.000e+00
    399.900     0.3520   2.915773     0.3511   2.915884    5.82647    -0.0534    13.8155 0.0000e+00  -61.31617  -54.87583 1152842673 195.086514    34.5200      35108          6  0.000e+00
    400.044     0.3534   2.915803     0.3518   2.915902    5.82641    -0.0749    13.8155 0.0000e+00  -61.31617  -54.87583 1152842673 195.086514    34.5188      35109          6  0.000e+00
    400.044     0.3530   2.915719     0.3514   2.915949    5.82650    -0.0749    13.8155 0.0000e+00  -61.31617  -54.87583 1152842673 195.086515    34.5182      35110          6  0.000e+00
    399.968     0.3519   2.915605     0.3523   2.915996    5.82663    -0.1180    13.8155 0.0000e+00  -61.31617  -54.87583 1152842673 195.086515    34.5180      35111          6  0.000e+00
    399.968     0.3503   2.915416     0.3533   2.916097    5.82691    -0.1180    13.8155 0.0000e+00  -61.31617  -54.87583 1152842673 195.086516    34.5172      35112          6  0.000e+00
    400.044     0.3486   2.915261     0.3538   2.916209    5.82726    -0.0749    13.8155 0.0000e+00  -61.31617  -54.87583 1152842673 195.086516    34.5171      35113          6  0.000e+00
