product_data/regression_test/downloaded_data/MGDS/320620060703/ctd/p6610901.ros
* Sea-Bird SBE 9 Data File:
* FileName = D:\Data\Raw\p6610901.dat
* Software Version Seasave Win32 V 5.32
* Temperature SN = 1649
* Conductivity SN = 1431
* Number of Bytes Per Scan = 37
* Number of Voltage Words = 5
* Number of Scans Averaged by the Deck Unit = 1
* NMEA Latitude = 61 18.97 S
* NMEA Longitude = 054 52.55 W
* NMEA UTC (Time) = 01:40:04
** Ship:   Nathaniel B. Palmer 
** Cruise:    NBP0606 
# nquan = 17
# nvalues = 1170                    
# units = specified
# name 0 = prDM: Pressure, Digiquartz [db]
# name 1 = t090C: Temperature [ITS-90, deg C]
# name 2 = c0S/m: Conductivity [S/m]
# name 3 = t190C: Temperature, 2 [ITS-90, deg C]
# name 4 = c1S/m: Conductivity, 2 [S/m]
# name 5 = sbeox0ML/L: Oxygen, SBE 43 [ml/l]
# name 6 = flECO-AFL: Fluorescence, Wetlab ECO-AFL/FL [mg/m^3]
# name 7 = bat: Beam Attenuation, Chelsea/Seatech/Wetlab CStar [1/m]
# name 8 = spar: SPAR/Surface Irradiance
# name 9 = latitude: Latitude [deg]
# name 10 = longitude: Longitude [deg]
# name 11 = timeY: Time, System [seconds]
# name 12 = timeJ: Julian Days
# name 13 = sal00: Salinity [PSU]
# name 14 = scan: scan number
# name 15 = nbf: number of bottles fired
# name 16 = flag:  0.000e+00
# interval = seconds: 0.0416667                   
# start_time = Jul 14 2006 01:40:12
*END*
[from data line 937]
     49.873    -0.7266   2.787288    -0.7279   2.787598    7.40343     0.1188    13.8155 0.0000e+00  -61.31617  -54.87583 1152843331 195.094129    34.2358      50899         20  0.000e+00
     49.873    -0.7280   2.787259    -0.7275   2.787621    7.40365     0.1080    13.8155 0.0000e+00  -61.31617  -54.87583 1152843331 195.094130    34.2369      50900         20  0.000e+00
     49.873    -0.7286   2.787179    -0.7275   2.787685    7.40380     0.0757    13.8155 0.0000e+00  -61.31617  -54.87583 1152843331 195.094130    34.2366      50901         20  0.000e+00
     49.873    -0.7293   2.787173    -0.7275   2.787708    7.40390     0.0757    13.8155 0.0000e+00  -61.31617  -54.87583 1152843331 195.094130    34.2372      50902         20  0.000e+00
     49.873    -0.7292   2.787117    -0.7269   2.787685    7.40394     0.0542    13.8155 0.0000e+00  -61.31617  -54.87583 1152843331 195.094131    34.2364      50903         20  0.000e+00
     49.873    -0.7290   2.787140    -0.7267   2.787697    7.40388     0.0542    13.8155 0.0000e+00  -61.31617  -54.87583 1152843331 195.094131    34.2364      50904         20  0.000e+00
     49.873    -0.7295   2.787186    -0.7272   2.787755    7.40393     0.1403    13.8155 0.0000e+00  -61.31617  -54.87583 1152843331 195.094132    34.2377      50905         20  0.000e+00
     49.873    -0.7286   2.787222    -0.7264   2.787761    7.40377     0.1188    13.8155 0.0000e+00  -61.31617  -54.87583 1152843331 195.094132    34.2372      50906         20  0.000e+00
     49.873    -0.7288   2.787222    -0.7264   2.787778    7.40380     0.0865    13.8155 0.0000e+00  -61.31617  -54.87583 1152843331 195.094133    34.2373      50907         20  0.000e+00
     49.807    -0.7285   2.787212    -0.7265   2.787766    7.40369     0.0757    13.8155 0.0000e+00  -61.31617  -54.87583 1152843331 195.094133    34.2369      50908         20  0.000e+00
     49.873    -0.7288   2.787186    -0.7266   2.787795    7.40382     0.0650    13.8155 0.0000e+00  -61.31617  -54.87583 1152843331 195.094134    34.2369      50909         20  0.000e+00
     49.873    -0.7288   2.787160    -0.7265   2.787801    7.40384     0.0972    13.8155 0.0000e+00  -61.31617  -54.87583 1152843331 195.094134    34.2365      50910         20  0.000e+00
     49.873    -0.7289   2.787143    -0.7262   2.787807    7.40387     0.0757    13.8155 0.0000e+00  -61.31617  -54.87583 1152843332 195.094135    34.2364      50911         20  0.000e+00
     49.873    -0.7291   2.787150    -0.7258   2.787848    7.40389     0.0542    13.8155 0.0000e+00  -61.31617  -54.87583 1152843332 195.094135    34.2367      50912         20  0.000e+00
     49.873    -0.7288   2.787156    -0.7259   2.787882    7.40384     0.0542    13.8155 0.0000e+00  -61.31617  -54.87583 1152843332 195.094136    34.2364      50913         20  0.000e+00
     49.873    -0.7293   2.787176    -0.7258   2.787894    7.40390     0.0542    13.8155 0.0000e+00  -61.31617  -54.87583 1152843332 195.094136    34.2373      50914         20  0.000e+00
     49.873    -0.7288   2.787212    -0.7264   2.787900    7.40380     0.0542    13.8155 0.0000e+00  -61.31617  -54.87583 1152843332 195.094137    34.2372      50915         20  0.000e+00
     49.873    -0.7278   2.787222    -0.7258   2.787853    7.40366     0.0865    13.8155 0.0000e+00  -61.31617  -54.87583 1152843332 195.094137    34.2363      50916         20  0.000e+00
     49.873    -0.7286   2.787212    -0.7262   2.787819    7.40378     0.1295    13.8155 0.0000e+00  -61.31617  -54.87583 1152843332 195.094138    34.2370      50917         20  0.000e+00
     49.873    -0.7283   2.787186    -0.7261   2.787813    7.40375     0.1295    13.8155 0.0000e+00  -61.31617  -54.87583 1152843332 195.094138    34.2363      50918         20  0.000e+00
     49.873    -0.7285   2.787179    -0.7269   2.787790    7.40378     0.0757    13.8155 0.0000e+00  -61.31617  -54.87583 1152843332 195.094139    34.2364      50919         20  0.000e+00
     49.874    -0.7282   2.787183    -0.7268   2.787772    7.40373     0.0542    13.8155 0.0000e+00  -61.31617  -54.87583 1152843332 195.094139    34.2361      50920         20  0.000e+00
     49.874    -0.7285   2.787212    -0.7262   2.787761    7.40376     0.0327    13.8155 0.0000e+00  -61.31617  -54.87583 1152843332 195.094140    34.2369      50921         20  0.000e+00
     49.874    -0.7282   2.787255    -0.7266   2.787795    7.40837     0.0650    13.8155 0.0000e+00  -61.31617  -54.87583 1152843332 195.094140    34.2371      50922         20  0.000e+00
     49.874    -0.7283   2.787239    -0.7265   2.787749    7.40840     0.0757    13.8155 0.0000e+00  -61.31617  -54.87583 1152843332 195.094141    34.2370      50923         20  0.000e+00
     49.874    -0.7283   2.787206    -0.7273   2.787732    7.40842     0.0650    13.8155 0.0000e+00  -61.31617  -54.87583 1152843332 195.094141    34.2366      50924         20  0.000e+00
     49.874    -0.7282   2.787216    -0.7276   2.787743    7.40371     0.0972    13.8155 0.0000e+00  -61.31617  -54.87583 1152843332 195.094142    34.2365      50925         20  0.000e+00
     49.874    -0.7282   2.787193    -0.7273   2.787732    7.40372     0.0972    13.8155 0.0000e+00  -61.31617  -54.87583 1152843332 195.094142    34.2362      50926         20  0.000e+00
     49.940    -0.7283   2.787212    -0.7270   2.787732    7.40381     0.0542    13.8155 0.0000e+00  -61.31617  -54.87583 1152843332 195.094143    34.2366      50927         20  0.000e+00
     49.874    -0.7283   2.787212    -0.7275   2.787732    7.40373     0.0650    13.8155 0.0000e+00  -61.31617  -54.87583 1152843332 195.094143    34.2367      50928         20  0.000e+00
     49.874    -0.7283   2.787219    -0.7275   2.787766    7.40373     0.0757    13.8155 0.0000e+00  -61.31617  -54.87583 1152843332 195.094144    34.2368      50929         20  0.000e+00
     49.874    -0.7278   2.787239    -0.7275   2.787755    7.40365     0.0542    13.8155 0.0000e+00  -61.31617  -54.87583 1152843332 195.094144    34.2365      50930         20  0.000e+00
     49.874    -0.7279   2.787216    -0.7270   2.787772    7.40367     0.0327    13.8155 0.0000e+00  -61.31617  -54.87583 1152843332 195.094144    34.2362      50931         20  0.000e+00
     49.874    -0.7282   2.787252    -0.7270   2.787824    7.40368     0.0327    13.8155 0.0000e+00  -61.31617  -54.87583 1152843332 195.094145    34.2370      50932         20  0.000e+00
     49.874    -0.7278   2.787232    -0.7264   2.787842    7.40365     0.0542    13.8155 0.0000e+00  -61.31617  -54.87583 1152843332 195.094145    34.2364      50933         20  0.000e+00
     49.874    -0.7280   2.787229    -0.7259   2.787842    7.40368     0.0650    13.8155 0.0000e+00  -61.31617  -54.87583 1152843332 195.094146    34.2366      50934         20  0.000e+00
     49.874    -0.7278   2.787222    -0.7252   2.787871    7.40366     0.0757    13.8155 0.0000e+00  -61.31617  -54.87583 1152843333 195.094146    34.2363      50935         20  0.000e+00
     25.705    -0.7404   2.784740    -0.7385   2.785362    7.42436     0.0542    13.8155 0.0000e+00  -61.31617  -54.87583 1152843401 195.094935    34.2319      52570         21  0.000e+00
     25.514    -0.7404   2.784810    -0.7387   2.785403    7.42413     0.0542    13.8155 0.0000e+00  -61.31617  -54.87583 1152843401 195.094935    34.2330      52571         21  0.000e+00
     25.514    -0.7397   2.784777    -0.7391   2.785397    7.42405     0.0650    13.8155 0.0000e+00  -61.31617  -54.87583 1152843401 195.094936    34.2318      52572         21  0.000e+00
     25.705    -0.7396   2.784777    -0.7382   2.785409    7.42423     0.0327    13.8155 0.0000e+00  -61.31617  -54.87583 1152843401 195.094936    34.2316      52573         21  0.000e+00
     25.581    -0.7394   2.784783    -0.7395   2.785333    7.42407     0.0542    13.8155 0.0000e+00  -61.31617  -54.87583 1152843401 195.094937    34.2315      52574         21  0.000e+00
     25.581    -0.7396   2.784747    -0.7396   2.785328    7.42412     0.0972    13.8155 0.0000e+00  -61.31617  -54.87583 1152843401 195.094937    34.2313      52575         21  0.000e+00
     25.638    -0.7404   2.784704    -0.7397   2.785357    7.42432     0.0650    13.8155 0.0000e+00  -61.31617  -54.87583 1152843401 195.094938    34.2315      52576         21  0.000e+00
     25.581    -0.7407   2.784641    -0.7399   2.785322    7.42436     0.0219    13.8155 0.0000e+00  -61.31617  -54.87583 1152843401 195.094938    34.2311      52577         21  0.000e+00
     25.572    -0.7419   2.784641    -0.7399   2.785293    7.42452     0.0112    13.8155 0.0000e+00  -61.31617  -54.87583 1152843401 195.094939    34.2324      52578         21  0.000e+00
     25.581    -0.7420   2.784612    -0.7396   2.785304    7.42456     0.0112    13.8155 0.0000e+00  -61.31617  -54.87583 1152843401 195.094939    34.2321      52579         21  0.000e+00
     25.514    -0.7419   2.784602    -0.7396   2.785270    7.42449     0.0327    13.8155 0.0000e+00  -61.31617  -54.87583 1152843401 195.094940    34.2319      52580         21  0.000e+00
     25.572    -0.7415   2.784569    -0.7398   2.785217    7.42451     0.0542    13.8155 0.0000e+00  -61.31617  -54.87583 1152843401 195.094940    34.2310      52581         21  0.000e+00
     25.514    -0.7427   2.784539    -0.7395   2.785281    7.42465     0.0757    13.8155 0.0000e+00  -61.31617  -54.87583 1152843401 195.094941    34.2319      52582         21  0.000e+00
     25.581    -0.7434   2.784536    -0.7399   2.785270    7.42482     0.0650    13.8155 0.0000e+00  -61.31617  -54.87583 1152843401 195.094941    34.2326      52583         21  0.000e+00
     25.495    -0.7434   2.784552    -0.7400   2.785293    7.42473     0.0327    13.8155 0.0000e+00  -61.31617  -54.87583 1152843401 195.094942    34.2330      52584         21  0.000e+00
     25.514    -0.7434   2.784559    -0.7396   2.785368    7.42474     0.0865    13.8155 0.0000e+00  -61.31617  -54.87583 1152843401 195.094942    34.2330      52585         21  0.000e+00
     25.495    -0.7433   2.784539    -0.7391   2.785391    7.42472     0.0972    13.8155 0.0000e+00  -61.31617  -54.87583 1152843401 195.094943    34.2326      52586         21  0.000e+00
     25.514    -0.7437   2.784585    -0.7390   2.785351    7.42944     0.0542    13.8155 0.0000e+00  -61.31617  -54.87583 1152843401 195.094943    34.2337      52587         21  0.000e+00
     25.448    -0.7438   2.784618    -0.7381   2.785339    7.42936     0.0219    13.8155 0.0000e+00  -61.31617  -54.87583 1152843401 195.094944    34.2343      52588         21  0.000e+00
     25.495    -0.7445   2.784641    -0.7380   2.785374    7.42950     0.0542    13.8155 0.0000e+00  -61.31617  -54.87583 1152843401 195.094944    34.2354      52589         21  0.000e+00
     25.514    -0.7445   2.784714    -0.7382   2.785351    7.42947     0.0757    13.8155 0.0000e+00  -61.31617  -54.87583 1152843402 195.094945    34.2364      52590         21  0.000e+00
     25.448    -0.7438   2.784803    -0.7378   2.785357    7.42923     0.0972    13.8155 0.0000e+00  -61.31617  -54.87583 1152843402 195.094945    34.2368      52591         21  0.000e+00
     25.429    -0.7420   2.784876    -0.7381   2.785362    7.42889     0.0865    13.8155 0.0000e+00  -61.31617  -54.87583 1152843402 195.094946    34.2357      52592         21  0.000e+00
     25.515    -0.7405   2.784945    -0.7382   2.785403    7.42872     0.0542    13.8155 0.0000e+00  -61.31617  -54.87583 1152843402 195.094946    34.2350      52593         21  0.000e+00
     25.429    -0.7392   2.784978    -0.7379   2.785420    7.42841     0.0972    13.8155 0.0000e+00  -61.31617  -54.87583 1152843402 195.094946    34.2340      52594         21  0.000e+00
     25.448    -0.7384   2.784981    -0.7378   2.785438    7.42830     0.1403    13.8155 0.0000e+00  -61.31617  -54.87583 1152843402 195.094947    34.2331      52595         21  0.000e+00
     25.372    -0.7376   2.784998    -0.7376   2.785420    7.42810     0.0865    13.8155 0.0000e+00  -61.31617  -54.87583 1152843402 195.094947    34.2325      52596         21  0.000e+00
     25.429    -0.7379   2.785037    -0.7373   2.785415    7.42818     0.0757    13.8155 0.0000e+00  -61.31617  -54.87583 1152843402 195.094948    34.2333      52597         21  0.000e+00
     25.448    -0.7376   2.785067    -0.7376   2.785420    7.42814     0.0865    13.8155 0.0000e+00  -61.31617  -54.87583 1152843402 195.094948    34.2334      52598         21  0.000e+00
     25.448    -0.7367   2.785087    -0.7378   2.785420    7.42798     0.0542    13.8155 0.0000e+00  -61.31617  -54.87583 1152843402 195.094949    34.2326      52599         21  0.000e+00
     25.362    -0.7363   2.785093    -0.7385   2.785397    7.42782     0.0327    13.8155 0.0000e+00  -61.31617  -54.87583 1152843402 195.094949    34.2323      52600         21  0.000e+00
     25.448    -0.7363   2.785060    -0.7383   2.785391    7.42795     0.0650    13.8155 0.0000e+00  -61.31617  -54.87583 1152843402 195.094950    34.2318      52601         21  0.000e+00
     25.362    -0.7361   2.785080    -0.7387   2.785391    7.42781     0.0972    13.8155 0.0000e+00  -61.31617  -54.87583 1152843402 195.094950    34.2319      52602         21  0.000e+00
     25.448    -0.7362   2.785110    -0.7388   2.785368    7.42789     0.1188    13.8155 0.0000e+00  -61.31617  -54.87583 1152843402 195.094951    34.2324      52603         21  0.000e+00
     25.372    -0.7360   2.785133    -0.7396   2.785362    7.42777     0.0757    13.8155 0.0000e+00  -61.31617  -54.87583 1152843402 195.094951    34.2325      52604         21  0.000e+00
     25.362    -0.7363   2.785140    -0.7403   2.785380    7.42779     0.0327    13.8155 0.0000e+00  -61.31617  -54.87583 1152843402 195.094952    34.2329      52605         21  0.000e+00
     25.372    -0.7362   2.785156    -0.7399   2.785409    7.42778     0.0542    13.8155 0.0000e+00  -61.31617  -54.87583 1152843402 195.094952    34.2330      52606         21  0.000e+00
     25.372    -0.7353   2.785126    -0.7393   2.785397    7.42767     0.0972    13.8155 0.0000e+00  -61.31617  -54.87583 1152843402 195.094953    34.2316      52607         21  0.000e+00
     25.362    -0.7350   2.785182    -0.7387   2.785368    7.42757     0.0757    13.8155 0.0000e+00  -61.31617  -54.87583 1152843402 195.094953    34.2320      52608         21  0.000e+00
     25.372    -0.7352   2.785189    -0.7386   2.785362    7.42761     0.0434    13.8155 0.0000e+00  -61.31617  -54.87583 1152843402 195.094954    34.2323      52609         21  0.000e+00
     25.362    -0.7350   2.785199    -0.7385   2.785362    7.42756     0.0327    13.8155 0.0000e+00  -61.31617  -54.87583 1152843402 195.094954    34.2322      52610         21  0.000e+00
     25.372    -0.7345   2.785222    -0.7385   2.785380    7.42749     0.0434    13.8155 0.0000e+00  -61.31617  -54.87583 1152843402 195.094955    34.2320      52611         21  0.000e+00
     25.372    -0.7347   2.785212    -0.7381   2.785426    7.43218     0.0327    13.8155 0.0000e+00  -61.31617  -54.87583 1152843402 195.094955    34.2320      52612         21  0.000e+00
     25.286    -0.7347   2.785206    -0.7376   2.785426    7.43210     0.0327    13.8155 0.0000e+00  -61.31617  -54.87583 1152843402 195.094956    34.2320      52613         21  0.000e+00
     25.372    -0.7353   2.785222    -0.7375   2.785438    7.42760     0.0327    13.8155 0.0000e+00  -61.31617  -54.87583 1152843403 195.094956    34.2329      52614         21  0.000e+00
     25.305    -0.7350   2.785229    -0.7369   2.785478    7.42748     0.0542    13.8155 0.0000e+00  -61.31617  -54.87583 1152843403 195.094957    34.2327      52615         21  0.000e+00
     25.362    -0.7350   2.785229    -0.7370   2.785496    7.42754     0.0542    13.8155 0.0000e+00  -61.31617  -54.87583 1152843403 195.094957    34.2326      52616         21  0.000e+00
