product_data/regression_test/downloaded_data/MGDS/320620060703/ctd/p6619703.cnv
* Sea-Bird SBE 9 Data File:
* FileName = D:\Data\Raw\p6619703.dat
* Software Version Seasave Win32 V 5.32
* Temperature SN = 1649
* Conductivity SN = 1431
* Number of Bytes Per Scan = 37
* Number of Voltage Words = 5
* Number of Scans Averaged by the Deck Unit = 1
* NMEA Latitude = 60 45.00 S
* NMEA Longitude = 058 22.50 W
* NMEA UTC (Time) = 10:38:44
** Ship:   Nathaniel B. Palmer 
** Cruise:    NBP0606 
# nquan = 15
# nvalues = 990                         
# units = specified
# name 0 = prDM: Pressure, Digiquartz [db]
# name 1 = t090C: Temperature [ITS-90, deg C]
# name 2 = c0S/m: Conductivity [S/m]
# name 3 = t190C: Temperature, 2 [ITS-90, deg C]
# name 4 = c1S/m: Conductivity, 2 [S/m]
# name 5 = sbeox0ML/L: Oxygen, SBE 43 [ml/l]
# name 6 = flECO-AFL: Fluorescence, Wetlab ECO-AFL/FL [mg/m^3]
# name 7 = bat: Beam Attenuation, Chelsea/Seatech/Wetlab CStar [1/m]
# name 8 = spar: SPAR/Surface Irradiance
# name 9 = latitude: Latitude [deg]
# name 10 = longitude: Longitude [deg]
# name 11 = timeY: Time, System [seconds]
# name 12 = timeJ: Julian Days
# name 13 = sal00: Salinity [PSU]
# name 14 = flag: flag
# span 0 =     13.000,   1002.000       
# span 1 =    -1.0829,     2.1166       
# span 2 =   2.734830,   3.080198       
# span 3 =    -1.0821,     2.1172       
# span 4 =   2.735323,   3.080565       
# span 5 =    4.36701,    8.19374       
# span 6 =    -0.1043,     1.0698       
# span 7 =    13.8155,    13.8155       
# span 8 = 0.0000e+00, 0.0000e+00       
# span 9 =  -60.75000,  -60.75000       
# span 10 =  -58.37500,  -58.37500      
# span 11 = 1153823978, 1153825524      
# span 12 = 206.444194, 206.462107      
# span 13 =    33.8518,    34.7254      
# span 14 = 0.0000e+00, 0.0000e+00      
# interval = decibars: 1                
# start_time = Jul 25 2006 10:38:52
# bad_flag = -9.990e-29
*END*
[from data line 772]
    785.000     1.8573   3.078018     1.8556   3.078237    4.64071    -0.0633    13.8155 0.0000e+00  -60.75000  -58.37500 1153825201 206.458358    34.7157 0.0000e+00
    786.000     1.8507   3.077491     1.8507   3.077896    4.64002    -0.0747    13.8155 0.0000e+00  -60.75000  -58.37500 1153825201 206.458366    34.7163 0.0000e+00
    787.000     1.8492   3.077424     1.8493   3.077819    4.64075    -0.0712    13.8155 0.0000e+00  -60.75000  -58.37500 1153825202 206.458374    34.7166 0.0000e+00
    788.000     1.8484   3.077395     1.8483   3.077783    4.64119    -0.0705    13.8155 0.0000e+00  -60.75000  -58.37500 1153825203 206.458381    34.7166 0.0000e+00
    789.000     1.8469   3.077324     1.8470   3.077702    4.64134    -0.0680    13.8155 0.0000e+00  -60.75000  -58.37500 1153825204 206.458394    34.7168 0.0000e+00
    790.000     1.8462   3.077323     1.8463   3.077691    4.64412    -0.0661    13.8155 0.0000e+00  -60.75000  -58.37500 1153825206 206.458417    34.7169 0.0000e+00
    791.000     1.8452   3.077290     1.8454   3.077672    4.64370    -0.0764    13.8155 0.0000e+00  -60.75000  -58.37500 1153825207 206.458430    34.7171 0.0000e+00
    792.000     1.8448   3.077297     1.8448   3.077674    4.64399    -0.0605    13.8155 0.0000e+00  -60.75000  -58.37500 1153825208 206.458441    34.7169 0.0000e+00
    793.000     1.8447   3.077322     1.8447   3.077699    4.64481    -0.0754    13.8155 0.0000e+00  -60.75000  -58.37500 1153825209 206.458455    34.7168 0.0000e+00
    794.000     1.8450   3.077425     1.8449   3.077788    4.64688    -0.0773    13.8155 0.0000e+00  -60.75000  -58.37500 1153825213 206.458497    34.7172 0.0000e+00
    795.000     1.8446   3.077425     1.8447   3.077793    4.64716    -0.0871    13.8155 0.0000e+00  -60.75000  -58.37500 1153825213 206.458506    34.7171 0.0000e+00
    796.000     1.8447   3.077470     1.8448   3.077854    4.64520    -0.0628    13.8155 0.0000e+00  -60.75000  -58.37500 1153825214 206.458514    34.7169 0.0000e+00
    797.000     1.8448   3.077509     1.8446   3.077884    4.64377    -0.0715    13.8155 0.0000e+00  -60.75000  -58.37500 1153825215 206.458522    34.7167 0.0000e+00
    798.000     1.8447   3.077539     1.8445   3.077899    4.64367    -0.0613    13.8155 0.0000e+00  -60.75000  -58.37500 1153825215 206.458529    34.7167 0.0000e+00
    799.000     1.8444   3.077568     1.8443   3.077936    4.64395    -0.0817    13.8155 0.0000e+00  -60.75000  -58.37500 1153825217 206.458545    34.7168 0.0000e+00
    800.000     1.8443   3.077634     1.8443   3.077993    4.64617    -0.0659    13.8155 0.0000e+00  -60.75000  -58.37500 1153825220 206.458579    34.7171 0.0000e+00
    801.000     1.8441   3.077633     1.8440   3.078005    4.64657    -0.0728    13.8155 0.0000e+00  -60.75000  -58.37500 1153825220 206.458588    34.7168 0.0000e+00
    802.000     1.8437   3.077648     1.8436   3.078021    4.64671    -0.0708    13.8155 0.0000e+00  -60.75000  -58.37500 1153825221 206.458598    34.7168 0.0000e+00
    803.000     1.8430   3.077632     1.8431   3.078008    4.64598    -0.0743    13.8155 0.0000e+00  -60.75000  -58.37500 1153825222 206.458609    34.7170 0.0000e+00
    804.000     1.8426   3.077650     1.8425   3.078015    4.64619    -0.0789    13.8155 0.0000e+00  -60.75000  -58.37500 1153825224 206.458624    34.7171 0.0000e+00
    805.000     1.8426   3.077693     1.8427   3.078068    4.64437    -0.0901    13.8155 0.0000e+00  -60.75000  -58.37500 1153825225 206.458638    34.7170 0.0000e+00
    806.000     1.8428   3.077752     1.8428   3.078123    4.64300    -0.0700    13.8155 0.0000e+00  -60.75000  -58.37500 1153825226 206.458649    34.7170 0.0000e+00
    807.000     1.8417   3.077709     1.8417   3.078089    4.64150    -0.0673    13.8155 0.0000e+00  -60.75000  -58.37500 1153825227 206.458659    34.7172 0.0000e+00
    808.000     1.8417   3.077749     1.8416   3.078120    4.64465    -0.0696    13.8155 0.0000e+00  -60.75000  -58.37500 1153825229 206.458687    34.7171 0.0000e+00
    809.000     1.8420   3.077836     1.8420   3.078209    4.65084    -0.0762    13.8155 0.0000e+00  -60.75000  -58.37500 1153825233 206.458729    34.7172 0.0000e+00
    810.000     1.8415   3.077830     1.8415   3.078225    4.65199    -0.0680    13.8155 0.0000e+00  -60.75000  -58.37500 1153825233 206.458738    34.7172 0.0000e+00
    811.000     1.8415   3.077882     1.8415   3.078257    4.65039    -0.0726    13.8155 0.0000e+00  -60.75000  -58.37500 1153825234 206.458745    34.7173 0.0000e+00
    812.000     1.8417   3.077930     1.8414   3.078306    4.64962    -0.0594    13.8155 0.0000e+00  -60.75000  -58.37500 1153825235 206.458752    34.7171 0.0000e+00
    813.000     1.8415   3.077936     1.8408   3.078303    4.64986    -0.0731    13.8155 0.0000e+00  -60.75000  -58.37500 1153825235 206.458759    34.7169 0.0000e+00
    814.000     1.8408   3.077936     1.8400   3.078290    4.64955    -0.1043    13.8155 0.0000e+00  -60.75000  -58.37500 1153825236 206.458766    34.7171 0.0000e+00
    815.000     1.8411   3.078006     1.8405   3.078361    4.64938    -0.0737    13.8155 0.0000e+00  -60.75000  -58.37500 1153825236 206.458772    34.7171 0.0000e+00
    816.000     1.8400   3.077963     1.8397   3.078321    4.64915    -0.0738    13.8155 0.0000e+00  -60.75000  -58.37500 1153825237 206.458782    34.7172 0.0000e+00
    817.000     1.8386   3.077898     1.8386   3.078271    4.65010    -0.0691    13.8155 0.0000e+00  -60.75000  -58.37500 1153825240 206.458812    34.7174 0.0000e+00
    818.000     1.8395   3.078035     1.8395   3.078421    4.65732    -0.0611    13.8155 0.0000e+00  -60.75000  -58.37500 1153825245 206.458867    34.7175 0.0000e+00
    819.000     1.8351   3.077688     1.8348   3.078079    4.65852    -0.0896    13.8155 0.0000e+00  -60.75000  -58.37500 1153825245 206.458874    34.7175 0.0000e+00
    820.000     1.8332   3.077588     1.8328   3.077968    4.65751    -0.0819    13.8155 0.0000e+00  -60.75000  -58.37500 1153825246 206.458881    34.7179 0.0000e+00
    821.000     1.8322   3.077538     1.8320   3.077931    4.65544    -0.0571    13.8155 0.0000e+00  -60.75000  -58.37500 1153825246 206.458888    34.7177 0.0000e+00
    822.000     1.8310   3.077473     1.8305   3.077866    4.65417    -0.0697    13.8155 0.0000e+00  -60.75000  -58.37500 1153825247 206.458895    34.7178 0.0000e+00
    823.000     1.8307   3.077507     1.8301   3.077877    4.65282    -0.0750    13.8155 0.0000e+00  -60.75000  -58.37500 1153825248 206.458902    34.7180 0.0000e+00
    824.000     1.8301   3.077493     1.8295   3.077878    4.65525    -0.0768    13.8155 0.0000e+00  -60.75000  -58.37500 1153825248 206.458908    34.7179 0.0000e+00
    825.000     1.8287   3.077412     1.8282   3.077794    4.65702    -0.0811    13.8155 0.0000e+00  -60.75000  -58.37500 1153825249 206.458916    34.7179 0.0000e+00
    826.000     1.8305   3.077647     1.8300   3.077970    4.65792    -0.0700    13.8155 0.0000e+00  -60.75000  -58.37500 1153825252 206.458952    34.7182 0.0000e+00
    827.000     1.8185   3.076694     1.8179   3.077047    4.66223    -0.0667    13.8155 0.0000e+00  -60.75000  -58.37500 1153825254 206.458973    34.7190 0.0000e+00
    828.000     1.8142   3.076380     1.8142   3.076775    4.66424    -0.0761    13.8155 0.0000e+00  -60.75000  -58.37500 1153825255 206.458992    34.7193 0.0000e+00
    829.000     1.8135   3.076377     1.8139   3.076787    4.66501    -0.0802    13.8155 0.0000e+00  -60.75000  -58.37500 1153825257 206.459006    34.7195 0.0000e+00
    830.000     1.8128   3.076361     1.8128   3.076751    4.66446    -0.0933    13.8155 0.0000e+00  -60.75000  -58.37500 1153825257 206.459016    34.7194 0.0000e+00
    831.000     1.8122   3.076347     1.8124   3.076769    4.66423    -0.0578    13.8155 0.0000e+00  -60.75000  -58.37500 1153825258 206.459024    34.7194 0.0000e+00
    832.000     1.8120   3.076375     1.8120   3.076762    4.66471    -0.0631    13.8155 0.0000e+00  -60.75000  -58.37500 1153825259 206.459032    34.7194 0.0000e+00
    833.000     1.8118   3.076402     1.8118   3.076791    4.66590    -0.0643    13.8155 0.0000e+00  -60.75000  -58.37500 1153825260 206.459040    34.7193 0.0000e+00
    834.000     1.8118   3.076459     1.8117   3.076819    4.67020    -0.0794    13.8155 0.0000e+00  -60.75000  -58.37500 1153825262 206.459071    34.7194 0.0000e+00
    835.000     1.8119   3.076517     1.8114   3.076869    4.66870    -0.0717    13.8155 0.0000e+00  -60.75000  -58.37500 1153825264 206.459094    34.7194 0.0000e+00
    836.000     1.8088   3.076286     1.8090   3.076698    4.66883    -0.0714    13.8155 0.0000e+00  -60.75000  -58.37500 1153825265 206.459102    34.7194 0.0000e+00
    837.000     1.8044   3.075955     1.8043   3.076354    4.66912    -0.0827    13.8155 0.0000e+00  -60.75000  -58.37500 1153825266 206.459110    34.7196 0.0000e+00
    838.000     1.8026   3.075858     1.8026   3.076246    4.66813    -0.0778    13.8155 0.0000e+00  -60.75000  -58.37500 1153825266 206.459119    34.7199 0.0000e+00
    839.000     1.8019   3.075852     1.8019   3.076238    4.66811    -0.0731    13.8155 0.0000e+00  -60.75000  -58.37500 1153825268 206.459136    34.7200 0.0000e+00
    840.000     1.8017   3.075884     1.8017   3.076256    4.67054    -0.0765    13.8155 0.0000e+00  -60.75000  -58.37500 1153825269 206.459154    34.7200 0.0000e+00
    841.000     1.7995   3.075743     1.7994   3.076122    4.67129    -0.0761    13.8155 0.0000e+00  -60.75000  -58.37500 1153825270 206.459167    34.7201 0.0000e+00
    842.000     1.7990   3.075742     1.7991   3.076123    4.67217    -0.0782    13.8155 0.0000e+00  -60.75000  -58.37500 1153825272 206.459182    34.7201 0.0000e+00
    843.000     1.7985   3.075754     1.7982   3.076110    4.67541    -0.0653    13.8155 0.0000e+00  -60.75000  -58.37500 1153825274 206.459211    34.7202 0.0000e+00
    844.000     1.7959   3.075589     1.7959   3.075971    4.67577    -0.0797    13.8155 0.0000e+00  -60.75000  -58.37500 1153825275 206.459225    34.7204 0.0000e+00
    845.000     1.7948   3.075538     1.7947   3.075921    4.67571    -0.0541    13.8155 0.0000e+00  -60.75000  -58.37500 1153825276 206.459234    34.7204 0.0000e+00
    846.000     1.7942   3.075530     1.7941   3.075914    4.67560    -0.0789    13.8155 0.0000e+00  -60.75000  -58.37500 1153825277 206.459243    34.7204 0.0000e+00
    847.000     1.7940   3.075561     1.7939   3.075949    4.67558    -0.0615    13.8155 0.0000e+00  -60.75000  -58.37500 1153825278 206.459250    34.7204 0.0000e+00
    848.000     1.7938   3.075579     1.7937   3.075965    4.67566    -0.0867    13.8155 0.0000e+00  -60.75000  -58.37500 1153825278 206.459258    34.7204 0.0000e+00
    849.000     1.7933   3.075599     1.7934   3.075981    4.67723    -0.0731    13.8155 0.0000e+00  -60.75000  -58.37500 1153825280 206.459280    34.7206 0.0000e+00
    850.000     1.7943   3.075745     1.7942   3.076088    4.68147    -0.0669    13.8155 0.0000e+00  -60.75000  -58.37500 1153825284 206.459322    34.7206 0.0000e+00
    851.000     1.7932   3.075681     1.7928   3.076025    4.68164    -0.0744    13.8155 0.0000e+00  -60.75000  -58.37500 1153825285 206.459331    34.7205 0.0000e+00
    852.000     1.7916   3.075592     1.7916   3.075983    4.68163    -0.0611    13.8155 0.0000e+00  -60.75000  -58.37500 1153825285 206.459340    34.7207 0.0000e+00
    853.000     1.7900   3.075487     1.7899   3.075879    4.68167    -0.0669    13.8155 0.0000e+00  -60.75000  -58.37500 1153825286 206.459347    34.7206 0.0000e+00
    854.000     1.7880   3.075356     1.7878   3.075740    4.68137    -0.0602    13.8155 0.0000e+00  -60.75000  -58.37500 1153825287 206.459355    34.7207 0.0000e+00
    855.000     1.7871   3.075331     1.7870   3.075724    4.68157    -0.0738    13.8155 0.0000e+00  -60.75000  -58.37500 1153825287 206.459363    34.7207 0.0000e+00
    856.000     1.7850   3.075211     1.7850   3.075593    4.68159    -0.0756    13.8155 0.0000e+00  -60.75000  -58.37500 1153825289 206.459377    34.7210 0.0000e+00
    857.000     1.7859   3.075343     1.7857   3.075678    4.67860    -0.0723    13.8155 0.0000e+00  -60.75000  -58.37500 1153825291 206.459405    34.7210 0.0000e+00
    858.000     1.7849   3.075303     1.7836   3.075566    4.68092    -0.0831    13.8155 0.0000e+00  -60.75000  -58.37500 1153825293 206.459424    34.7211 0.0000e+00
    859.000     1.7822   3.075122     1.7822   3.075488    4.68399    -0.0803    13.8155 0.0000e+00  -60.75000  -58.37500 1153825294 206.459436    34.7212 0.0000e+00
    860.000     1.7817   3.075116     1.7818   3.075506    4.68311    -0.0728    13.8155 0.0000e+00  -60.75000  -58.37500 1153825295 206.459446    34.7212 0.0000e+00
    861.000     1.7818   3.075168     1.7819   3.075557    4.68213    -0.0804    13.8155 0.0000e+00  -60.75000  -58.37500 1153825296 206.459458    34.7212 0.0000e+00
    862.000     1.7816   3.075190     1.7817   3.075581    4.68365    -0.0713    13.8155 0.0000e+00  -60.75000  -58.37500 1153825297 206.459479    34.7211 0.0000e+00
    863.000     1.7806   3.075160     1.7807   3.075537    4.68355    -0.0721    13.8155 0.0000e+00  -60.75000  -58.37500 1153825300 206.459504    34.7212 0.0000e+00
    864.000     1.7780   3.074992     1.7780   3.075381    4.68471    -0.0713    13.8155 0.0000e+00  -60.75000  -58.37500 1153825301 206.459515    34.7215 0.0000e+00
    865.000     1.7757   3.074835     1.7761   3.075261    4.68587    -0.0668    13.8155 0.0000e+00  -60.75000  -58.37500 1153825301 206.459524    34.7214 0.0000e+00
    866.000     1.7728   3.074641     1.7728   3.075041    4.68583    -0.0521    13.8155 0.0000e+00  -60.75000  -58.37500 1153825302 206.459532    34.7218 0.0000e+00
    867.000     1.7723   3.074642     1.7723   3.075030    4.68665    -0.0843    13.8155 0.0000e+00  -60.75000  -58.37500 1153825303 206.459540    34.7218 0.0000e+00
    868.000     1.7723   3.074667     1.7721   3.075054    4.68937    -0.0827    13.8155 0.0000e+00  -60.75000  -58.37500 1153825303 206.459548    34.7215 0.0000e+00
    869.000     1.7738   3.074863     1.7733   3.075185    4.69084    -0.0819    13.8155 0.0000e+00  -60.75000  -58.37500 1153825307 206.459587    34.7217 0.0000e+00
    870.000     1.7725   3.074797     1.7722   3.075166    4.69108    -0.0698    13.8155 0.0000e+00  -60.75000  -58.37500 1153825308 206.459604    34.7217 0.0000e+00
    871.000     1.7723   3.074835     1.7725   3.075210    4.69045    -0.0647    13.8155 0.0000e+00  -60.75000  -58.37500 1153825309 206.459614    34.7218 0.0000e+00
    872.000     1.7713   3.074780     1.7712   3.075151    4.69098    -0.0727    13.8155 0.0000e+00  -60.75000  -58.37500 1153825310 206.459625    34.7217 0.0000e+00
    873.000     1.7694   3.074682     1.7695   3.075051    4.69163    -0.0714    13.8155 0.0000e+00  -60.75000  -58.37500 1153825311 206.459639    34.7220 0.0000e+00
    874.000     1.7694   3.074719     1.7694   3.075094    4.69203    -0.0766    13.8155 0.0000e+00  -60.75000  -58.37500 1153825312 206.459653    34.7219 0.0000e+00
    875.000     1.7696   3.074788     1.7698   3.075157    4.69219    -0.0673    13.8155 0.0000e+00  -60.75000  -58.37500 1153825313 206.459665    34.7220 0.0000e+00
    876.000     1.7690   3.074779     1.7692   3.075163    4.69275    -0.0688    13.8155 0.0000e+00  -60.75000  -58.37500 1153825314 206.459676    34.7219 0.0000e+00
    877.000     1.7690   3.074814     1.7691   3.075187    4.69332    -0.0771    13.8155 0.0000e+00  -60.75000  -58.37500 1153825316 206.459689    34.7218 0.0000e+00
    878.000     1.7690   3.074853     1.7689   3.075219    4.69407    -0.0640    13.8155 0.0000e+00  -60.75000  -58.37500 1153825318 206.459713    34.7218 0.0000e+00
    879.000     1.7682   3.074837     1.7681   3.075207    4.69300    -0.0744    13.8155 0.0000e+00  -60.75000  -58.37500 1153825319 206.459731    34.7219 0.0000e+00
