product_data/regression_test/downloaded_data/MGDS/320620060703/ctd/p6617606.cnv
* Sea-Bird SBE 9 Data File:
* FileName = D:\Data\Raw\p6617606.dat
* Software Version Seasave Win32 V 5.32
* Temperature SN = 1649
* Conductivity SN = 1431
* Number of Bytes Per Scan = 37
* Number of Voltage Words = 5
* Number of Scans Averaged by the Deck Unit = 1
* NMEA Latitude = 60 36.97 S
* NMEA Longitude = 054 43.19 W
* NMEA UTC (Time) = 10:02:35
** Ship:   Nathaniel B. Palmer 
** Cruise:    NBP0606 
# nquan = 15
# nvalues = 140                         
# units = specified
# name 0 = prDM: Pressure, Digiquartz [db]
# name 1 = t090C: Temperature [ITS-90, deg C]
# name 2 = c0S/m: Conductivity [S/m]
# name 3 = t190C: Temperature, 2 [ITS-90, deg C]
# name 4 = c1S/m: Conductivity, 2 [S/m]
# name 5 = sbeox0ML/L: Oxygen, SBE 43 [ml/l]
# name 6 = flECO-AFL: Fluorescence, Wetlab ECO-AFL/FL [mg/m^3]
# name 7 = bat: Beam Attenuation, Chelsea/Seatech/Wetlab CStar [1/m]
# name 8 = spar: SPAR/Surface Irradiance
# name 9 = latitude: Latitude [deg]
# name 10 = longitude: Longitude [deg]
# name 11 = timeY: Time, System [seconds]
# name 12 = timeJ: Julian Days
# name 13 = sal00: Salinity [PSU]
# name 14 = flag: flag
# span 0 =     13.000,    152.000       
# span 1 =    -0.7817,     0.0383       
# span 2 =   2.776253,   2.866028       
# span 3 =    -0.7818,     0.0543       
# span 4 =   2.776983,   2.867947       
# span 5 =    6.41121,    7.70288       
# span 6 =    -0.0427,     0.4227       
# span 7 =    13.8155,    13.8155       
# span 8 = 0.0000e+00, 0.0000e+00       
# span 9 =  -60.61617,  -60.61617       
# span 10 =  -54.71983,  -54.71983      
# span 11 = 1153476154, 1153476542      
# span 12 = 202.418453, 202.422958      
# span 13 =    34.1690,    34.3650      
# span 14 = 0.0000e+00, 0.0000e+00      
# interval = decibars: 1                
# start_time = Jul 21 2006 10:02:43
# bad_flag = -9.990e-29
*END*
     13.000    -0.7712   2.777132    -0.7775   2.777496    7.69994     0.1844    13.8155 0.0000e+00  -60.61617  -54.71983 1153476154 202.418453    34.1718 0.0000e+00
     14.000    -0.7764   2.776599    -0.7781   2.777256    7.67230     0.2185    13.8155 0.0000e+00  -60.61617  -54.71983 1153476178 202.418752    34.1698 0.0000e+00
     15.000    -0.7800   2.776294    -0.7804   2.777028    7.65426     0.2124    13.8155 0.0000e+00  -60.61617  -54.71983 1153476197 202.418972    34.1691 0.0000e+00
     16.000    -0.7810   2.776253    -0.7813   2.776983    7.66052     0.2104    13.8155 0.0000e+00  -60.61617  -54.71983 1153476199 202.418989    34.1691 0.0000e+00
     17.000    -0.7802   2.776381    -0.7808   2.777079    7.67789     0.2133    13.8155 0.0000e+00  -60.61617  -54.71983 1153476203 202.419039    34.1692 0.0000e+00
     18.000    -0.7817   2.776287    -0.7818   2.777024    7.68492     0.1894    13.8155 0.0000e+00  -60.61617  -54.71983 1153476205 202.419065    34.1691 0.0000e+00
     19.000    -0.7811   2.776381    -0.7814   2.777096    7.68667     0.2136    13.8155 0.0000e+00  -60.61617  -54.71983 1153476208 202.419095    34.1690 0.0000e+00
     20.000    -0.7800   2.776537    -0.7812   2.777143    7.69070     0.2222    13.8155 0.0000e+00  -60.61617  -54.71983 1153476214 202.419160    34.1692 0.0000e+00
     21.000    -0.7758   2.776986    -0.7767   2.777561    7.68816     0.1907    13.8155 0.0000e+00  -60.61617  -54.71983 1153476215 202.419178    34.1698 0.0000e+00
     22.000    -0.7774   2.776879    -0.7773   2.777614    7.69329     0.2164    13.8155 0.0000e+00  -60.61617  -54.71983 1153476218 202.419208    34.1694 0.0000e+00
     23.000    -0.7776   2.776925    -0.7784   2.777544    7.70025     0.2266    13.8155 0.0000e+00  -60.61617  -54.71983 1153476222 202.419258    34.1698 0.0000e+00
     24.000    -0.7782   2.776912    -0.7785   2.777579    7.69959     0.2405    13.8155 0.0000e+00  -60.61617  -54.71983 1153476225 202.419285    34.1697 0.0000e+00
     25.000    -0.7776   2.777032    -0.7785   2.777626    7.69907     0.2355    13.8155 0.0000e+00  -60.61617  -54.71983 1153476229 202.419332    34.1699 0.0000e+00
     26.000    -0.7790   2.776956    -0.7788   2.777632    7.70288     0.2512    13.8155 0.0000e+00  -60.61617  -54.71983 1153476231 202.419363    34.1700 0.0000e+00
     27.000    -0.7673   2.778086    -0.7771   2.777833    7.69397     0.2344    13.8155 0.0000e+00  -60.61617  -54.71983 1153476233 202.419385    34.1723 0.0000e+00
     28.000    -0.7353   2.781199    -0.7407   2.781199    7.67578     0.2342    13.8155 0.0000e+00  -60.61617  -54.71983 1153476235 202.419401    34.1762 0.0000e+00
     29.000    -0.7391   2.780844    -0.7481   2.780661    7.66453     0.2601    13.8155 0.0000e+00  -60.61617  -54.71983 1153476237 202.419431    34.1745 0.0000e+00
     30.000    -0.7379   2.780974    -0.7400   2.781352    7.64664     0.2286    13.8155 0.0000e+00  -60.61617  -54.71983 1153476240 202.419467    34.1748 0.0000e+00
     31.000    -0.7161   2.783043    -0.7144   2.783752    7.65288     0.2182    13.8155 0.0000e+00  -60.61617  -54.71983 1153476242 202.419483    34.1773 0.0000e+00
     32.000    -0.7468   2.780205    -0.7432   2.781183    7.64960     0.2288    13.8155 0.0000e+00  -60.61617  -54.71983 1153476243 202.419500    34.1736 0.0000e+00
     33.000    -0.7084   2.783871    -0.7054   2.784704    7.63879     0.2566    13.8155 0.0000e+00  -60.61617  -54.71983 1153476245 202.419527    34.1784 0.0000e+00
     34.000    -0.7185   2.782930    -0.7199   2.783461    7.62980     0.2418    13.8155 0.0000e+00  -60.61617  -54.71983 1153476249 202.419567    34.1770 0.0000e+00
     35.000    -0.7003   2.784738    -0.6985   2.785423    7.61972     0.2480    13.8155 0.0000e+00  -60.61617  -54.71983 1153476250 202.419583    34.1802 0.0000e+00
     36.000    -0.6843   2.786296    -0.6842   2.786891    7.60886     0.2865    13.8155 0.0000e+00  -60.61617  -54.71983 1153476252 202.419608    34.1820 0.0000e+00
     37.000    -0.6779   2.787050    -0.6780   2.787599    7.60257     0.2556    13.8155 0.0000e+00  -60.61617  -54.71983 1153476255 202.419635    34.1846 0.0000e+00
     38.000    -0.6745   2.787368    -0.6742   2.787979    7.60199     0.2624    13.8155 0.0000e+00  -60.61617  -54.71983 1153476256 202.419648    34.1843 0.0000e+00
     39.000    -0.6739   2.787471    -0.6736   2.788084    7.60123     0.2732    13.8155 0.0000e+00  -60.61617  -54.71983 1153476257 202.419665    34.1845 0.0000e+00
     40.000    -0.6767   2.787249    -0.6760   2.787907    7.59988     0.3071    13.8155 0.0000e+00  -60.61617  -54.71983 1153476261 202.419712    34.1844 0.0000e+00
     41.000    -0.6758   2.787428    -0.6743   2.788154    7.59914     0.2707    13.8155 0.0000e+00  -60.61617  -54.71983 1153476264 202.419747    34.1854 0.0000e+00
     42.000    -0.6675   2.788285    -0.6673   2.788856    7.59539     0.2670    13.8155 0.0000e+00  -60.61617  -54.71983 1153476266 202.419763    34.1867 0.0000e+00
     43.000    -0.6669   2.788382    -0.6661   2.789031    7.58791     0.2693    13.8155 0.0000e+00  -60.61617  -54.71983 1153476267 202.419776    34.1867 0.0000e+00
     44.000    -0.6688   2.788305    -0.6686   2.788902    7.58438     0.2825    13.8155 0.0000e+00  -60.61617  -54.71983 1153476268 202.419788    34.1874 0.0000e+00
     45.000    -0.6704   2.788239    -0.6701   2.788830    7.58385     0.2975    13.8155 0.0000e+00  -60.61617  -54.71983 1153476270 202.419812    34.1878 0.0000e+00
     46.000    -0.6699   2.788321    -0.6694   2.788924    7.58629     0.3036    13.8155 0.0000e+00  -60.61617  -54.71983 1153476275 202.419870    34.1878 0.0000e+00
     47.000    -0.6711   2.788303    -0.6708   2.788894    7.58808     0.2901    13.8155 0.0000e+00  -60.61617  -54.71983 1153476276 202.419885    34.1884 0.0000e+00
     48.000    -0.6726   2.788248    -0.6723   2.788824    7.58919     0.2993    13.8155 0.0000e+00  -60.61617  -54.71983 1153476278 202.419905    34.1888 0.0000e+00
     49.000    -0.6731   2.788274    -0.6727   2.788885    7.58856     0.2783    13.8155 0.0000e+00  -60.61617  -54.71983 1153476280 202.419925    34.1890 0.0000e+00
     50.000    -0.6766   2.788058    -0.6762   2.788652    7.58860     0.2910    13.8155 0.0000e+00  -60.61617  -54.71983 1153476281 202.419939    34.1896 0.0000e+00
     51.000    -0.6775   2.788033    -0.6779   2.788550    7.59514     0.3158    13.8155 0.0000e+00  -60.61617  -54.71983 1153476284 202.419978    34.1896 0.0000e+00
     52.000    -0.6785   2.788016    -0.6787   2.788542    7.59837     0.2944    13.8155 0.0000e+00  -60.61617  -54.71983 1153476288 202.420015    34.1899 0.0000e+00
     53.000    -0.6801   2.787924    -0.6802   2.788452    7.59952     0.3048    13.8155 0.0000e+00  -60.61617  -54.71983 1153476290 202.420037    34.1898 0.0000e+00
     54.000    -0.6805   2.787960    -0.6801   2.788536    7.59968     0.2883    13.8155 0.0000e+00  -60.61617  -54.71983 1153476291 202.420053    34.1902 0.0000e+00
     55.000    -0.6809   2.787975    -0.6803   2.788564    7.59963     0.2757    13.8155 0.0000e+00  -60.61617  -54.71983 1153476292 202.420065    34.1902 0.0000e+00
     56.000    -0.6802   2.788139    -0.6799   2.788695    7.60201     0.3066    13.8155 0.0000e+00  -60.61617  -54.71983 1153476293 202.420078    34.1910 0.0000e+00
     57.000    -0.6802   2.788219    -0.6790   2.788817    7.60761     0.3511    13.8155 0.0000e+00  -60.61617  -54.71983 1153476298 202.420135    34.1913 0.0000e+00
     58.000    -0.6792   2.788357    -0.6788   2.788908    7.60499     0.3173    13.8155 0.0000e+00  -60.61617  -54.71983 1153476300 202.420163    34.1915 0.0000e+00
     59.000    -0.6778   2.788555    -0.6767   2.789162    7.60210     0.3043    13.8155 0.0000e+00  -60.61617  -54.71983 1153476302 202.420179    34.1919 0.0000e+00
     60.000    -0.6776   2.788630    -0.6763   2.789251    7.60027     0.3229    13.8155 0.0000e+00  -60.61617  -54.71983 1153476303 202.420197    34.1920 0.0000e+00
     61.000    -0.6805   2.788384    -0.6798   2.788963    7.59932     0.3253    13.8155 0.0000e+00  -60.61617  -54.71983 1153476305 202.420217    34.1914 0.0000e+00
     62.000    -0.6808   2.788416    -0.6800   2.788997    7.60137     0.3208    13.8155 0.0000e+00  -60.61617  -54.71983 1153476307 202.420239    34.1917 0.0000e+00
     63.000    -0.6800   2.788601    -0.6794   2.789152    7.60104     0.3579    13.8155 0.0000e+00  -60.61617  -54.71983 1153476310 202.420276    34.1925 0.0000e+00
     64.000    -0.6806   2.788611    -0.6798   2.789184    7.60229     0.3336    13.8155 0.0000e+00  -60.61617  -54.71983 1153476313 202.420311    34.1928 0.0000e+00
     65.000    -0.6786   2.788862    -0.6782   2.789386    7.60256     0.3143    13.8155 0.0000e+00  -60.61617  -54.71983 1153476315 202.420330    34.1932 0.0000e+00
     66.000    -0.6784   2.788940    -0.6776   2.789502    7.60266     0.3329    13.8155 0.0000e+00  -60.61617  -54.71983 1153476316 202.420348    34.1934 0.0000e+00
     67.000    -0.6786   2.788971    -0.6779   2.789511    7.59878     0.3310    13.8155 0.0000e+00  -60.61617  -54.71983 1153476318 202.420366    34.1935 0.0000e+00
     68.000    -0.6790   2.789040    -0.6775   2.789650    7.59561     0.3310    13.8155 0.0000e+00  -60.61617  -54.71983 1153476320 202.420388    34.1942 0.0000e+00
     69.000    -0.6827   2.788816    -0.6824   2.789325    7.59558     0.3495    13.8155 0.0000e+00  -60.61617  -54.71983 1153476323 202.420424    34.1949 0.0000e+00
     70.000    -0.6831   2.788836    -0.6820   2.789412    7.59760     0.3213    13.8155 0.0000e+00  -60.61617  -54.71983 1153476326 202.420459    34.1950 0.0000e+00
     71.000    -0.6757   2.789628    -0.6750   2.790101    7.59470     0.3123    13.8155 0.0000e+00  -60.61617  -54.71983 1153476327 202.420472    34.1965 0.0000e+00
     72.000    -0.6652   2.790649    -0.6645   2.791160    7.59050     0.3093    13.8155 0.0000e+00  -60.61617  -54.71983 1153476328 202.420485    34.1974 0.0000e+00
     73.000    -0.6642   2.790778    -0.6603   2.791631    7.58301     0.3501    13.8155 0.0000e+00  -60.61617  -54.71983 1153476330 202.420511    34.1976 0.0000e+00
     74.000    -0.6486   2.792386    -0.6501   2.792664    7.57467     0.3499    13.8155 0.0000e+00  -60.61617  -54.71983 1153476334 202.420550    34.2008 0.0000e+00
     75.000    -0.6310   2.794205    -0.6308   2.794643    7.56239     0.3370    13.8155 0.0000e+00  -60.61617  -54.71983 1153476336 202.420580    34.2044 0.0000e+00
     76.000    -0.6513   2.792551    -0.6518   2.793042    7.56173     0.3426    13.8155 0.0000e+00  -60.61617  -54.71983 1153476338 202.420598    34.2049 0.0000e+00
     77.000    -0.6661   2.791352    -0.6664   2.791873    7.56161     0.3285    13.8155 0.0000e+00  -60.61617  -54.71983 1153476339 202.420612    34.2055 0.0000e+00
     78.000    -0.6685   2.791313    -0.6674   2.791879    7.56469     0.3603    13.8155 0.0000e+00  -60.61617  -54.71983 1153476341 202.420630    34.2073 0.0000e+00
     79.000    -0.6641   2.791749    -0.6634   2.792230    7.56907     0.3777    13.8155 0.0000e+00  -60.61617  -54.71983 1153476346 202.420686    34.2073 0.0000e+00
     80.000    -0.6596   2.792314    -0.6585   2.792857    7.56665     0.3601    13.8155 0.0000e+00  -60.61617  -54.71983 1153476347 202.420705    34.2091 0.0000e+00
     81.000    -0.6576   2.792564    -0.6566   2.793097    7.56307     0.3561    13.8155 0.0000e+00  -60.61617  -54.71983 1153476349 202.420725    34.2095 0.0000e+00
     82.000    -0.6556   2.792801    -0.6547   2.793330    7.55832     0.3538    13.8155 0.0000e+00  -60.61617  -54.71983 1153476350 202.420743    34.2097 0.0000e+00
     83.000    -0.6558   2.792849    -0.6547   2.793377    7.55313     0.3497    13.8155 0.0000e+00  -60.61617  -54.71983 1153476352 202.420759    34.2100 0.0000e+00
     84.000    -0.6564   2.792844    -0.6555   2.793367    7.54667     0.3793    13.8155 0.0000e+00  -60.61617  -54.71983 1153476355 202.420791    34.2101 0.0000e+00
     85.000    -0.6567   2.792878    -0.6560   2.793388    7.54768     0.3551    13.8155 0.0000e+00  -60.61617  -54.71983 1153476359 202.420838    34.2103 0.0000e+00
     86.000    -0.6590   2.792800    -0.6584   2.793304    7.54762     0.3517    13.8155 0.0000e+00  -60.61617  -54.71983 1153476360 202.420853    34.2114 0.0000e+00
     87.000    -0.6557   2.793265    -0.6546   2.793741    7.54560     0.3594    13.8155 0.0000e+00  -60.61617  -54.71983 1153476361 202.420866    34.2133 0.0000e+00
     88.000    -0.6485   2.794015    -0.6477   2.794501    7.54131     0.3615    13.8155 0.0000e+00  -60.61617  -54.71983 1153476362 202.420878    34.2143 0.0000e+00
     89.000    -0.6482   2.794086    -0.6474   2.794585    7.52778     0.4094    13.8155 0.0000e+00  -60.61617  -54.71983 1153476365 202.420910    34.2144 0.0000e+00
     90.000    -0.6504   2.793922    -0.6477   2.794612    7.51615     0.3796    13.8155 0.0000e+00  -60.61617  -54.71983 1153476368 202.420946    34.2142 0.0000e+00
     91.000    -0.6463   2.794397    -0.6455   2.794886    7.51509     0.4021    13.8155 0.0000e+00  -60.61617  -54.71983 1153476371 202.420975    34.2153 0.0000e+00
     92.000    -0.6419   2.794951    -0.6406   2.795466    7.51470     0.3773    13.8155 0.0000e+00  -60.61617  -54.71983 1153476373 202.421008    34.2172 0.0000e+00
     93.000    -0.6345   2.795759    -0.6335   2.796247    7.51004     0.3571    13.8155 0.0000e+00  -60.61617  -54.71983 1153476374 202.421019    34.2188 0.0000e+00
     94.000    -0.6240   2.796877    -0.6242   2.797183    7.50591     0.3929    13.8155 0.0000e+00  -60.61617  -54.71983 1153476375 202.421030    34.2214 0.0000e+00
     95.000    -0.6113   2.798155    -0.6102   2.798663    7.49199     0.4227    13.8155 0.0000e+00  -60.61617  -54.71983 1153476377 202.421048    34.2230 0.0000e+00
     96.000    -0.6231   2.797007    -0.6248   2.797248    7.47834     0.4118    13.8155 0.0000e+00  -60.61617  -54.71983 1153476381 202.421095    34.2211 0.0000e+00
     97.000    -0.5989   2.799485    -0.5978   2.799944    7.45703     0.3587    13.8155 0.0000e+00  -60.61617  -54.71983 1153476383 202.421124    34.2259 0.0000e+00
     98.000    -0.5754   2.801815    -0.5734   2.802302    7.43918     0.3334    13.8155 0.0000e+00  -60.61617  -54.71983 1153476385 202.421143    34.2298 0.0000e+00
     99.000    -0.5757   2.801836    -0.5765   2.802186    7.42815     0.3012    13.8155 0.0000e+00  -60.61617  -54.71983 1153476386 202.421160    34.2298 0.0000e+00
    100.000    -0.5713   2.802362    -0.5698   2.802854    7.41704     0.3144    13.8155 0.0000e+00  -60.61617  -54.71983 1153476388 202.421180    34.2315 0.0000e+00
    101.000    -0.5467   2.804707    -0.5448   2.805212    7.39769     0.3046    13.8155 0.0000e+00  -60.61617  -54.71983 1153476391 202.421207    34.2343 0.0000e+00
    102.000    -0.5363   2.805686    -0.5373   2.805958    7.37232     0.2996    13.8155 0.0000e+00  -60.61617  -54.71983 1153476393 202.421239    34.2352 0.0000e+00
    103.000    -0.5207   2.807219    -0.5153   2.807987    7.35122     0.2749    13.8155 0.0000e+00  -60.61617  -54.71983 1153476396 202.421275    34.2377 0.0000e+00
    104.000    -0.5070   2.808461    -0.5015   2.809333    7.34086     0.2763    13.8155 0.0000e+00  -60.61617  -54.71983 1153476398 202.421289    34.2379 0.0000e+00
    105.000    -0.4953   2.809617    -0.4938   2.810054    7.32136     0.3151    13.8155 0.0000e+00  -60.61617  -54.71983 1153476399 202.421304    34.2396 0.0000e+00
    106.000    -0.4914   2.809984    -0.4901   2.810463    7.30739     0.3343    13.8155 0.0000e+00  -60.61617  -54.71983 1153476401 202.421327    34.2397 0.0000e+00
    107.000    -0.4474   2.814073    -0.4429   2.814723    7.25282     0.3584    13.8155 0.0000e+00  -60.61617  -54.71983 1153476404 202.421362    34.2437 0.0000e+00
    108.000    -0.4220   2.816492    -0.4181   2.817106    7.20499     0.3409    13.8155 0.0000e+00  -60.61617  -54.71983 1153476406 202.421387    34.2469 0.0000e+00
