product_data/regression_test/downloaded_data/MGDS/320620060703/ctd/p6618201.ros
* Sea-Bird SBE 9 Data File:
* FileName = D:\Data\Raw\p6618201.dat
* Software Version Seasave Win32 V 5.32
* Temperature SN = 1649
* Conductivity SN = 1431
* Number of Bytes Per Scan = 37
* Number of Voltage Words = 5
* Number of Scans Averaged by the Deck Unit = 1
* NMEA Latitude = 60 37.00 S
* NMEA Longitude = 054 09.03 W
* NMEA UTC (Time) = 08:45:16
** Ship:   Nathaniel B. Palmer 
** Cruise:    NBP0606 
# nquan = 17
# nvalues = 1176                    
# units = specified
# name 0 = prDM: Pressure, Digiquartz [db]
# name 1 = t090C: Temperature [ITS-90, deg C]
# name 2 = c0S/m: Conductivity [S/m]
# name 3 = t190C: Temperature, 2 [ITS-90, deg C]
# name 4 = c1S/m: Conductivity, 2 [S/m]
# name 5 = sbeox0ML/L: Oxygen, SBE 43 [ml/l]
# name 6 = flECO-AFL: Fluorescence, Wetlab ECO-AFL/FL [mg/m^3]
# name 7 = bat: Beam Attenuation, Chelsea/Seatech/Wetlab CStar [1/m]
# name 8 = spar: SPAR/Surface Irradiance
# name 9 = latitude: Latitude [deg]
# name 10 = longitude: Longitude [deg]
# name 11 = timeY: Time, System [seconds]
# name 12 = timeJ: Julian Days
# name 13 = sal00: Salinity [PSU]
# name 14 = scan: scan number
# name 15 = nbf: number of bottles fired
# name 16 = flag:  0.000e+00
# interval = seconds: 0.0416667                   
# start_time = Jul 22 2006 08:45:25
*END*
[from data line 86]
    898.838     1.0841   3.013504     1.0845   3.013834    5.04870    -0.1287    13.8155 0.0000e+00  -60.61667  -54.15050 1153560795 203.398111    34.6853      68923          2  0.000e+00
    898.858     1.0841   3.013511     1.0843   3.013816    5.04871    -0.0857    13.8155 0.0000e+00  -60.61667  -54.15050 1153560795 203.398111    34.6854      68924          2  0.000e+00
    898.838     1.0841   3.013504     1.0841   3.013781    5.04870    -0.0857    13.8155 0.0000e+00  -60.61667  -54.15050 1153560795 203.398111    34.6853      68925          2  0.000e+00
    898.790     1.0841   3.013473     1.0841   3.013787    5.04868    -0.0642    13.8155 0.0000e+00  -60.61667  -54.15050 1153560795 203.398112    34.6850      68926          2  0.000e+00
    898.838     1.0834   3.013456     1.0841   3.013810    5.04879    -0.0749    13.8155 0.0000e+00  -60.61667  -54.15050 1153560795 203.398112    34.6854      68927          2  0.000e+00
    898.858     1.0836   3.013453     1.0844   3.013805    5.04378    -0.0749    13.8155 0.0000e+00  -60.61667  -54.15050 1153560795 203.398113    34.6852      68928          2  0.000e+00
    898.838     1.0842   3.013408     1.0841   3.013810    5.04873    -0.0426    13.8155 0.0000e+00  -60.61667  -54.15050 1153560795 203.398113    34.6839      68929          2  0.000e+00
    898.790     1.0834   3.013384     1.0843   3.013781    5.04879    -0.0211    13.8155 0.0000e+00  -60.61667  -54.15050 1153560795 203.398114    34.6845      68930          2  0.000e+00
    898.838     1.0836   3.013425     1.0843   3.013763    5.04879    -0.0749    13.8155 0.0000e+00  -60.61667  -54.15050 1153560795 203.398114    34.6848      68931          2  0.000e+00
    898.838     1.0837   3.013466     1.0840   3.013769    5.04875    -0.0857    13.8155 0.0000e+00  -60.61667  -54.15050 1153560795 203.398115    34.6852      68932          2  0.000e+00
    898.858     1.0834   3.013405     1.0846   3.013828    5.04882    -0.0426    13.8155 0.0000e+00  -60.61667  -54.15050 1153560795 203.398115    34.6847      68933          2  0.000e+00
    898.838     1.0836   3.013408     1.0844   3.013852    5.04880    -0.0534    13.8155 0.0000e+00  -60.61667  -54.15050 1153560795 203.398116    34.6846      68934          2  0.000e+00
    800.027     1.5468   3.052562     1.5454   3.052708    4.72563    -0.0426    13.8155 0.0000e+00  -60.61667  -54.15050 1153560950 203.399907    34.7273      72648          3  0.000e+00
    800.095     1.5466   3.052528     1.5454   3.052756    4.72570    -0.0964    13.8155 0.0000e+00  -60.61667  -54.15050 1153560950 203.399907    34.7269      72649          3  0.000e+00
    800.162     1.5466   3.052510     1.5465   3.052750    4.72575    -0.0749    13.8155 0.0000e+00  -60.61667  -54.15050 1153560950 203.399908    34.7267      72650          3  0.000e+00
    800.095     1.5466   3.052517     1.5457   3.052780    4.72570    -0.0749    13.8155 0.0000e+00  -60.61667  -54.15050 1153560950 203.399908    34.7268      72651          3  0.000e+00
    800.143     1.5463   3.052510     1.5460   3.052756    4.72577    -0.1072    13.8155 0.0000e+00  -60.61667  -54.15050 1153560950 203.399909    34.7271      72652          3  0.000e+00
    800.095     1.5462   3.052517     1.5457   3.052714    4.72575    -0.1072    13.8155 0.0000e+00  -60.61667  -54.15050 1153560950 203.399909    34.7273      72653          3  0.000e+00
    800.095     1.5463   3.052559     1.5459   3.052756    4.72572    -0.1180    13.8155 0.0000e+00  -60.61667  -54.15050 1153560950 203.399910    34.7277      72654          3  0.000e+00
    800.162     1.5464   3.052541     1.5463   3.052768    4.72575    -0.1072    13.8155 0.0000e+00  -60.61667  -54.15050 1153560950 203.399910    34.7273      72655          3  0.000e+00
    800.143     1.5471   3.052562     1.5470   3.052834    4.72567    -0.0857    13.8155 0.0000e+00  -60.61667  -54.15050 1153560950 203.399911    34.7268      72656          3  0.000e+00
    800.162     1.5471   3.052596     1.5468   3.052810    4.72567    -0.0642    13.8155 0.0000e+00  -60.61667  -54.15050 1153560950 203.399911    34.7273      72657          3  0.000e+00
    800.240     1.5469   3.052634     1.5471   3.052864    4.72572    -0.1072    13.8155 0.0000e+00  -60.61667  -54.15050 1153560950 203.399912    34.7279      72658          3  0.000e+00
    800.162     1.5477   3.052669     1.5468   3.052858    4.72558    -0.1072    13.8155 0.0000e+00  -60.61667  -54.15050 1153560950 203.399912    34.7275      72659          3  0.000e+00
    800.240     1.5474   3.052651     1.5477   3.052876    4.72567    -0.0964    13.8155 0.0000e+00  -60.61667  -54.15050 1153560950 203.399913    34.7276      72660          3  0.000e+00
    800.220     1.5477   3.052634     1.5480   3.052906    4.72563    -0.0964    13.8155 0.0000e+00  -60.61667  -54.15050 1153560950 203.399913    34.7270      72661          3  0.000e+00
    800.240     1.5475   3.052641     1.5477   3.052954    4.72566    -0.0964    13.8155 0.0000e+00  -60.61667  -54.15050 1153560950 203.399914    34.7273      72662          3  0.000e+00
    800.240     1.5474   3.052651     1.5482   3.052942    4.72567    -0.1180    13.8155 0.0000e+00  -60.61667  -54.15050 1153560950 203.399914    34.7276      72663          3  0.000e+00
    800.307     1.5476   3.052665     1.5485   3.052984    4.72569    -0.0642    13.8155 0.0000e+00  -60.61667  -54.15050 1153560950 203.399915    34.7275      72664          3  0.000e+00
    800.220     1.5475   3.052710     1.5487   3.052972    4.72562    -0.0642    13.8155 0.0000e+00  -60.61667  -54.15050 1153560950 203.399915    34.7282      72665          3  0.000e+00
    800.307     1.5483   3.052682     1.5487   3.052990    4.72561    -0.0749    13.8155 0.0000e+00  -60.61667  -54.15050 1153560951 203.399916    34.7269      72666          3  0.000e+00
    800.307     1.5485   3.052703     1.5487   3.053020    4.73047    -0.0642    13.8155 0.0000e+00  -60.61667  -54.15050 1153560951 203.399916    34.7270      72667          3  0.000e+00
    800.307     1.5485   3.052706     1.5487   3.052960    4.73047    -0.0642    13.8155 0.0000e+00  -60.61667  -54.15050 1153560951 203.399917    34.7270      72668          3  0.000e+00
    800.307     1.5486   3.052730     1.5479   3.052870    4.72556    -0.1180    13.8155 0.0000e+00  -60.61667  -54.15050 1153560951 203.399917    34.7272      72669          3  0.000e+00
    800.355     1.5482   3.052748     1.5473   3.052900    4.72563    -0.1180    13.8155 0.0000e+00  -60.61667  -54.15050 1153560951 203.399918    34.7279      72670          3  0.000e+00
    800.307     1.5485   3.052761     1.5484   3.052912    4.72556    -0.0749    13.8155 0.0000e+00  -60.61667  -54.15050 1153560951 203.399918    34.7277      72671          3  0.000e+00
    800.384     1.5490   3.052772     1.5484   3.052954    4.72556    -0.1287    13.8155 0.0000e+00  -60.61667  -54.15050 1153560951 203.399918    34.7273      72672          3  0.000e+00
    800.384     1.5491   3.052785     1.5485   3.053008    4.72554    -0.1287    13.8155 0.0000e+00  -60.61667  -54.15050 1153560951 203.399919    34.7273      72673          3  0.000e+00
    800.384     1.5490   3.052779     1.5493   3.053068    4.73044    -0.1180    13.8155 0.0000e+00  -60.61667  -54.15050 1153560951 203.399919    34.7274      72674          3  0.000e+00
    800.356     1.5487   3.052765     1.5498   3.053038    4.73046    -0.1072    13.8155 0.0000e+00  -60.61667  -54.15050 1153560951 203.399920    34.7275      72675          3  0.000e+00
    800.384     1.5491   3.052810     1.5501   3.053068    4.73042    -0.1395    13.8155 0.0000e+00  -60.61667  -54.15050 1153560951 203.399920    34.7276      72676          3  0.000e+00
    800.452     1.5493   3.052816     1.5501   3.053080    4.73044    -0.0964    13.8155 0.0000e+00  -60.61667  -54.15050 1153560951 203.399921    34.7275      72677          3  0.000e+00
    800.385     1.5493   3.052823     1.5498   3.053080    4.72551    -0.0749    13.8155 0.0000e+00  -60.61667  -54.15050 1153560951 203.399921    34.7276      72678          3  0.000e+00
    800.433     1.5495   3.052796     1.5504   3.053104    4.72553    -0.0857    13.8155 0.0000e+00  -60.61667  -54.15050 1153560951 203.399922    34.7270      72679          3  0.000e+00
    800.452     1.5493   3.052799     1.5491   3.053026    4.73045    -0.0642    13.8155 0.0000e+00  -60.61667  -54.15050 1153560951 203.399922    34.7273      72680          3  0.000e+00
    800.452     1.5491   3.052792     1.5484   3.052948    4.72558    -0.0534    13.8155 0.0000e+00  -60.61667  -54.15050 1153560951 203.399923    34.7273      72681          3  0.000e+00
    800.452     1.5491   3.052779     1.5477   3.052936    4.72559    -0.1395    13.8155 0.0000e+00  -60.61667  -54.15050 1153560951 203.399923    34.7272      72682          3  0.000e+00
    800.452     1.5491   3.052803     1.5484   3.052960    4.72557    -0.1072    13.8155 0.0000e+00  -60.61667  -54.15050 1153560951 203.399924    34.7274      72683          3  0.000e+00
    800.433     1.5497   3.052847     1.5482   3.052966    4.73037    -0.1180    13.8155 0.0000e+00  -60.61667  -54.15050 1153560951 203.399924    34.7274      72684          3  0.000e+00
    800.529     1.5497   3.052851     1.5474   3.052924    4.72555    -0.1395    13.8155 0.0000e+00  -60.61667  -54.15050 1153560951 203.399925    34.7274      72685          3  0.000e+00
    800.452     1.5494   3.052768     1.5476   3.052912    4.72556    -0.1180    13.8155 0.0000e+00  -60.61667  -54.15050 1153560951 203.399925    34.7267      72686          3  0.000e+00
    800.529     1.5491   3.052731     1.5466   3.052888    4.73054    -0.0749    13.8155 0.0000e+00  -60.61667  -54.15050 1153560951 203.399926    34.7265      72687          3  0.000e+00
    800.452     1.5488   3.052737     1.5466   3.052882    4.72564    -0.0534    13.8155 0.0000e+00  -60.61667  -54.15050 1153560951 203.399926    34.7270      72688          3  0.000e+00
    800.500     1.5485   3.052710     1.5462   3.052816    4.72571    -0.0749    13.8155 0.0000e+00  -60.61667  -54.15050 1153560951 203.399927    34.7270      72689          3  0.000e+00
    800.529     1.5479   3.052676     1.5457   3.052780    4.72580    -0.1502    13.8155 0.0000e+00  -60.61667  -54.15050 1153560952 203.399927    34.7272      72690          3  0.000e+00
    800.529     1.5482   3.052638     1.5450   3.052720    4.72579    -0.1287    13.8155 0.0000e+00  -60.61667  -54.15050 1153560952 203.399928    34.7264      72691          3  0.000e+00
    800.529     1.5469   3.052621     1.5437   3.052606    4.73080    -0.0964    13.8155 0.0000e+00  -60.61667  -54.15050 1153560952 203.399928    34.7276      72692          3  0.000e+00
    800.500     1.5469   3.052610     1.5426   3.052522    4.73079    -0.1072    13.8155 0.0000e+00  -60.61667  -54.15050 1153560952 203.399929    34.7275      72693          3  0.000e+00
    800.529     1.5465   3.052487     1.5415   3.052432    4.73090    -0.0857    13.8155 0.0000e+00  -60.61667  -54.15050 1153560952 203.399929    34.7264      72694          3  0.000e+00
    800.597     1.5454   3.052387     1.5396   3.052354    4.73109    -0.0964    13.8155 0.0000e+00  -60.61667  -54.15050 1153560952 203.399930    34.7263      72695          3  0.000e+00
    800.529     1.5436   3.052356     1.5393   3.052264    4.73123    -0.0964    13.8155 0.0000e+00  -60.61667  -54.15050 1153560952 203.399930    34.7278      72696          3  0.000e+00
    698.994     1.6556   3.057420     1.6567   3.057742    4.67150    -0.0426    13.8155 0.0000e+00  -60.61667  -54.15050 1153561100 203.401642    34.7253      76245          4  0.000e+00
    698.946     1.6553   3.057348     1.6570   3.057778    4.67153    -0.0749    13.8155 0.0000e+00  -60.61667  -54.15050 1153561100 203.401642    34.7247      76246          4  0.000e+00
    699.071     1.6547   3.057324     1.6566   3.057754    4.67168    -0.0749    13.8155 0.0000e+00  -60.61667  -54.15050 1153561100 203.401643    34.7250      76247          4  0.000e+00
    698.849     1.6545   3.057358     1.6565   3.057754    4.67154    -0.1180    13.8155 0.0000e+00  -60.61667  -54.15050 1153561100 203.401643    34.7258      76248          4  0.000e+00
    698.994     1.6556   3.057427     1.6558   3.057718    4.67150    -0.0857    13.8155 0.0000e+00  -60.61667  -54.15050 1153561100 203.401644    34.7254      76249          4  0.000e+00
    698.849     1.6565   3.057478     1.6566   3.057687    4.67131    -0.1180    13.8155 0.0000e+00  -60.61667  -54.15050 1153561100 203.401644    34.7252      76250          4  0.000e+00
    698.849     1.6567   3.057527     1.6567   3.057717    4.66645    -0.0749    13.8155 0.0000e+00  -60.61667  -54.15050 1153561100 203.401644    34.7255      76251          4  0.000e+00
    698.782     1.6568   3.057523     1.6568   3.057766    4.66641    -0.0857    13.8155 0.0000e+00  -60.61667  -54.15050 1153561100 203.401645    34.7255      76252          4  0.000e+00
    698.849     1.6569   3.057551     1.6566   3.057760    4.67124    -0.1072    13.8155 0.0000e+00  -60.61667  -54.15050 1153561100 203.401645    34.7256      76253          4  0.000e+00
    698.705     1.6572   3.057544     1.6566   3.057777    4.67112    -0.0534    13.8155 0.0000e+00  -60.61667  -54.15050 1153561100 203.401646    34.7253      76254          4  0.000e+00
    698.782     1.6566   3.057506     1.6570   3.057820    4.67124    -0.1180    13.8155 0.0000e+00  -60.61667  -54.15050 1153561100 203.401646    34.7254      76255          4  0.000e+00
    698.782     1.6571   3.057492     1.6571   3.057796    4.67120    -0.1395    13.8155 0.0000e+00  -60.61667  -54.15050 1153561100 203.401647    34.7247      76256          4  0.000e+00
    698.705     1.6566   3.057472     1.6566   3.057826    4.67120    -0.0857    13.8155 0.0000e+00  -60.61667  -54.15050 1153561100 203.401647    34.7250      76257          4  0.000e+00
    698.705     1.6565   3.057417     1.6564   3.057790    4.67124    -0.0749    13.8155 0.0000e+00  -60.61667  -54.15050 1153561100 203.401648    34.7245      76258          4  0.000e+00
    698.705     1.6555   3.057379     1.6565   3.057723    4.67135    -0.0749    13.8155 0.0000e+00  -60.61667  -54.15050 1153561100 203.401648    34.7251      76259          4  0.000e+00
    698.734     1.6547   3.057351     1.6558   3.057723    4.67145    -0.0857    13.8155 0.0000e+00  -60.61667  -54.15050 1153561100 203.401649    34.7255      76260          4  0.000e+00
    698.705     1.6552   3.057382     1.6550   3.057675    4.67138    -0.1287    13.8155 0.0000e+00  -60.61667  -54.15050 1153561100 203.401649    34.7255      76261          4  0.000e+00
    698.705     1.6553   3.057375     1.6555   3.057711    4.67136    -0.0964    13.8155 0.0000e+00  -60.61667  -54.15050 1153561100 203.401650    34.7252      76262          4  0.000e+00
    698.705     1.6550   3.057406     1.6561   3.057766    4.67138    -0.0749    13.8155 0.0000e+00  -60.61667  -54.15050 1153561100 203.401650    34.7259      76263          4  0.000e+00
    698.705     1.6556   3.057437     1.6564   3.057808    4.67131    -0.1072    13.8155 0.0000e+00  -60.61667  -54.15050 1153561100 203.401651    34.7257      76264          4  0.000e+00
    698.705     1.6558   3.057444     1.6566   3.057838    4.67129    -0.0857    13.8155 0.0000e+00  -60.61667  -54.15050 1153561100 203.401651    34.7256      76265          4  0.000e+00
    698.705     1.6561   3.057461     1.6570   3.057832    4.66644    -0.0319    13.8155 0.0000e+00  -60.61667  -54.15050 1153561101 203.401652    34.7254      76266          4  0.000e+00
    698.705     1.6560   3.057468     1.6568   3.057838    4.67127    -0.0426    13.8155 0.0000e+00  -60.61667  -54.15050 1153561101 203.401652    34.7257      76267          4  0.000e+00
