product_data/regression_test/downloaded_data/MGDS/320620060703/ctd/p6619305.ros
* Sea-Bird SBE 9 Data File:
* FileName = D:\Data\Raw\p6619305.dat
* Software Version Seasave Win32 V 5.32
* Temperature SN = 1649
* Conductivity SN = 1431
* Number of Bytes Per Scan = 37
* Number of Voltage Words = 5
* Number of Scans Averaged by the Deck Unit = 1
* NMEA Latitude = 60 47.92 S
* NMEA Longitude = 055 23.15 W
* NMEA UTC (Time) = 23:08:25
** Ship:   Nathaniel B. Palmer 
** Cruise:    NBP0606 
# nquan = 17
# nvalues = 1176                    
# units = specified
# name 0 = prDM: Pressure, Digiquartz [db]
# name 1 = t090C: Temperature [ITS-90, deg C]
# name 2 = c0S/m: Conductivity [S/m]
# name 3 = t190C: Temperature, 2 [ITS-90, deg C]
# name 4 = c1S/m: Conductivity, 2 [S/m]
# name 5 = sbeox0ML/L: Oxygen, SBE 43 [ml/l]
# name 6 = flECO-AFL: Fluorescence, Wetlab ECO-AFL/FL [mg/m^3]
# name 7 = bat: Beam Attenuation, Chelsea/Seatech/Wetlab CStar [1/m]
# name 8 = spar: SPAR/Surface Irradiance
# name 9 = latitude: Latitude [deg]
# name 10 = longitude: Longitude [deg]
# name 11 = timeY: Time, System [seconds]
# name 12 = timeJ: Julian Days
# name 13 = sal00: Salinity [PSU]
# name 14 = scan: scan number
# name 15 = nbf: number of bottles fired
# name 16 = flag:  0.000e+00
# interval = seconds: 0.0416667                   
# start_time = Jul 23 2006 23:08:34
*END*
[from data line 1107]
      4.771    -0.8917   2.776725    -0.8935   2.776900    7.28593     0.1295    13.8155 0.0000e+00  -60.79867  -55.38583 1153699428 205.002657    34.3084      79575         23  0.000e+00
      4.818    -0.8912   2.776797    -0.8934   2.776935    7.28585     0.1833    13.8155 0.0000e+00  -60.79867  -55.38583 1153699428 205.002658    34.3087      79576         23  0.000e+00
      4.742    -0.8904   2.776936    -0.8935   2.776906    7.28557     0.1833    13.8155 0.0000e+00  -60.79867  -55.38583 1153699428 205.002658    34.3098      79577         23  0.000e+00
      4.847    -0.8895   2.776975    -0.8937   2.776848    7.28552     0.1295    13.8155 0.0000e+00  -60.79867  -55.38583 1153699428 205.002659    34.3092      79578         23  0.000e+00
      4.818    -0.8896   2.776893    -0.8944   2.776813    7.28556     0.0972    13.8155 0.0000e+00  -60.79867  -55.38583 1153699428 205.002659    34.3083      79579         23  0.000e+00
      4.818    -0.8904   2.776679    -0.8949   2.776784    7.28582     0.1188    13.8155 0.0000e+00  -60.79867  -55.38583 1153699428 205.002660    34.3062      79580         23  0.000e+00
      4.914    -0.8922   2.776550    -0.8951   2.776738    7.28626     0.0972    13.8155 0.0000e+00  -60.79867  -55.38583 1153699428 205.002660    34.3064      79581         23  0.000e+00
      4.952    -0.8932   2.776530    -0.8958   2.776726    7.28646     0.1080    13.8155 0.0000e+00  -60.79867  -55.38583 1153699428 205.002661    34.3073      79582         23  0.000e+00
      4.952    -0.8940   2.776498    -0.8960   2.776686    7.28660     0.1295    13.8155 0.0000e+00  -60.79867  -55.38583 1153699428 205.002661    34.3077      79583         23  0.000e+00
      4.952    -0.8942   2.776517    -0.8957   2.776651    7.28662     0.1295    13.8155 0.0000e+00  -60.79867  -55.38583 1153699428 205.002662    34.3082      79584         23  0.000e+00
      5.057    -0.8938   2.776563    -0.8957   2.776680    7.28664     0.1618    13.8155 0.0000e+00  -60.79867  -55.38583 1153699428 205.002662    34.3084      79585         23  0.000e+00
      5.028    -0.8935   2.776610    -0.8954   2.776709    7.28653     0.1295    13.8155 0.0000e+00  -60.79867  -55.38583 1153699428 205.002663    34.3087      79586         23  0.000e+00
      5.028    -0.8936   2.776587    -0.8954   2.776680    7.28656     0.1510    13.8155 0.0000e+00  -60.79867  -55.38583 1153699428 205.002663    34.3084      79587         23  0.000e+00
      5.124    -0.8940   2.776455    -0.8961   2.776674    7.28680     0.1618    13.8155 0.0000e+00  -60.79867  -55.38583 1153699428 205.002663    34.3070      79588         23  0.000e+00
      5.095    -0.8947   2.776451    -0.8960   2.776651    7.28689     0.1295    13.8155 0.0000e+00  -60.79867  -55.38583 1153699428 205.002664    34.3079      79589         23  0.000e+00
      5.095    -0.8948   2.776412    -0.8960   2.776587    7.28693     0.1080    13.8155 0.0000e+00  -60.79867  -55.38583 1153699428 205.002664    34.3074      79590         23  0.000e+00
      5.200    -0.8946   2.776412    -0.8963   2.776605    7.28700     0.1188    13.8155 0.0000e+00  -60.79867  -55.38583 1153699428 205.002665    34.3071      79591         23  0.000e+00
      5.238    -0.8949   2.776419    -0.8963   2.776599    7.28708     0.1403    13.8155 0.0000e+00  -60.79867  -55.38583 1153699429 205.002665    34.3075      79592         23  0.000e+00
      5.238    -0.8954   2.776349    -0.8963   2.776593    7.28721     0.1295    13.8155 0.0000e+00  -60.79867  -55.38583 1153699429 205.002666    34.3072      79593         23  0.000e+00
      5.267    -0.8958   2.776280    -0.8965   2.776576    7.28734     0.1403    13.8155 0.0000e+00  -60.79867  -55.38583 1153699429 205.002666    34.3067      79594         23  0.000e+00
      5.306    -0.8934   2.776596    -0.8945   2.776779    7.28680     0.1188    13.8155 0.0000e+00  -60.79867  -55.38583 1153699434 205.002727    34.3081      79720         24  0.000e+00
      5.306    -0.8930   2.776547    -0.8946   2.776755    7.28678     0.1295    13.8155 0.0000e+00  -60.79867  -55.38583 1153699434 205.002728    34.3070      79721         24  0.000e+00
      5.306    -0.8927   2.776547    -0.8954   2.776732    7.28674     0.1295    13.8155 0.0000e+00  -60.79867  -55.38583 1153699434 205.002728    34.3068      79722         24  0.000e+00
      5.335    -0.8934   2.776534    -0.8955   2.776674    7.29155     0.1403    13.8155 0.0000e+00  -60.79867  -55.38583 1153699434 205.002729    34.3073      79723         24  0.000e+00
      5.383    -0.8934   2.776481    -0.8952   2.776709    7.29164     0.1726    13.8155 0.0000e+00  -60.79867  -55.38583 1153699434 205.002729    34.3066      79724         24  0.000e+00
      5.383    -0.8934   2.776484    -0.8952   2.776703    7.28696     0.1726    13.8155 0.0000e+00  -60.79867  -55.38583 1153699434 205.002730    34.3066      79725         24  0.000e+00
      5.411    -0.8941   2.776452    -0.8946   2.776738    7.28712     0.1080    13.8155 0.0000e+00  -60.79867  -55.38583 1153699434 205.002730    34.3070      79726         24  0.000e+00
      5.383    -0.8947   2.776422    -0.8946   2.776755    7.29186     0.1618    13.8155 0.0000e+00  -60.79867  -55.38583 1153699434 205.002731    34.3072      79727         24  0.000e+00
      5.449    -0.8949   2.776399    -0.8952   2.776709    7.29198     0.1726    13.8155 0.0000e+00  -60.79867  -55.38583 1153699434 205.002731    34.3071      79728         24  0.000e+00
      5.411    -0.8947   2.776395    -0.8958   2.776657    7.29192     0.1403    13.8155 0.0000e+00  -60.79867  -55.38583 1153699434 205.002731    34.3069      79729         24  0.000e+00
      5.449    -0.8948   2.776395    -0.8960   2.776587    7.29197     0.1403    13.8155 0.0000e+00  -60.79867  -55.38583 1153699434 205.002732    34.3070      79730         24  0.000e+00
      5.449    -0.8941   2.776346    -0.8960   2.776535    7.28723     0.1403    13.8155 0.0000e+00  -60.79867  -55.38583 1153699434 205.002732    34.3055      79731         24  0.000e+00
      5.478    -0.8957   2.776297    -0.8963   2.776558    7.29219     0.1726    13.8155 0.0000e+00  -60.79867  -55.38583 1153699434 205.002733    34.3066      79732         24  0.000e+00
      5.449    -0.8957   2.776287    -0.8965   2.776570    7.28751     0.1726    13.8155 0.0000e+00  -60.79867  -55.38583 1153699434 205.002733    34.3066      79733         24  0.000e+00
      5.449    -0.8961   2.776254    -0.8963   2.776570    7.28759     0.1618    13.8155 0.0000e+00  -60.79867  -55.38583 1153699434 205.002734    34.3065      79734         24  0.000e+00
      5.449    -0.8958   2.776257    -0.8960   2.776605    7.28754     0.1833    13.8155 0.0000e+00  -60.79867  -55.38583 1153699435 205.002734    34.3063      79735         24  0.000e+00
      5.545    -0.8960   2.776264    -0.8960   2.776640    7.29234     0.1833    13.8155 0.0000e+00  -60.79867  -55.38583 1153699435 205.002735    34.3065      79736         24  0.000e+00
      5.516    -0.8960   2.776227    -0.8954   2.776645    7.29233     0.1295    13.8155 0.0000e+00  -60.79867  -55.38583 1153699435 205.002735    34.3060      79737         24  0.000e+00
      5.516    -0.8965   2.776218    -0.8957   2.776663    7.29241     0.1510    13.8155 0.0000e+00  -60.79867  -55.38583 1153699435 205.002736    34.3065      79738         24  0.000e+00
      5.545    -0.8961   2.776234    -0.8948   2.776709    7.28770     0.1510    13.8155 0.0000e+00  -60.79867  -55.38583 1153699435 205.002736    34.3062      79739         24  0.000e+00
      5.592    -0.8963   2.776241    -0.8951   2.776715    7.29244     0.1188    13.8155 0.0000e+00  -60.79867  -55.38583 1153699435 205.002737    34.3065      79740         24  0.000e+00
      5.516    -0.8964   2.776257    -0.8958   2.776721    7.29236     0.1188    13.8155 0.0000e+00  -60.79867  -55.38583 1153699435 205.002737    34.3068      79741         24  0.000e+00
      5.545    -0.8964   2.776244    -0.8958   2.776703    7.29241     0.1188    13.8155 0.0000e+00  -60.79867  -55.38583 1153699435 205.002738    34.3067      79742         24  0.000e+00
      5.592    -0.8961   2.776260    -0.8963   2.776657    7.29240     0.1295    13.8155 0.0000e+00  -60.79867  -55.38583 1153699435 205.002738    34.3065      79743         24  0.000e+00
      5.592    -0.8962   2.776247    -0.8957   2.776628    7.29242     0.1188    13.8155 0.0000e+00  -60.79867  -55.38583 1153699435 205.002739    34.3065      79744         24  0.000e+00
      5.545    -0.8960   2.776241    -0.8958   2.776640    7.29235     0.0542    13.8155 0.0000e+00  -60.79867  -55.38583 1153699435 205.002739    34.3061      79745         24  0.000e+00
      5.592    -0.8960   2.776241    -0.8958   2.776605    7.28772     0.0865    13.8155 0.0000e+00  -60.79867  -55.38583 1153699435 205.002740    34.3061      79746         24  0.000e+00
      5.593    -0.8967   2.776221    -0.8961   2.776576    7.28784     0.1295    13.8155 0.0000e+00  -60.79867  -55.38583 1153699435 205.002740    34.3066      79747         24  0.000e+00
      5.545    -0.8963   2.776267    -0.8968   2.776547    7.29237     0.1403    13.8155 0.0000e+00  -60.79867  -55.38583 1153699435 205.002741    34.3069      79748         24  0.000e+00
      5.593    -0.8963   2.776251    -0.8963   2.776529    7.29243     0.1080    13.8155 0.0000e+00  -60.79867  -55.38583 1153699435 205.002741    34.3066      79749         24  0.000e+00
      5.593    -0.8962   2.776290    -0.8961   2.776535    7.29239     0.1403    13.8155 0.0000e+00  -60.79867  -55.38583 1153699435 205.002742    34.3070      79750         24  0.000e+00
      5.621    -0.8958   2.776274    -0.8963   2.776541    7.29238     0.1618    13.8155 0.0000e+00  -60.79867  -55.38583 1153699435 205.002742    34.3064      79751         24  0.000e+00
      5.593    -0.8957   2.776300    -0.8960   2.776558    7.29231     0.1726    13.8155 0.0000e+00  -60.79867  -55.38583 1153699435 205.002743    34.3066      79752         24  0.000e+00
      5.593    -0.8960   2.776293    -0.8958   2.776587    7.29237     0.1618    13.8155 0.0000e+00  -60.79867  -55.38583 1153699435 205.002743    34.3069      79753         24  0.000e+00
      5.516    -0.8960   2.776267    -0.8963   2.776593    7.29230     0.1188    13.8155 0.0000e+00  -60.79867  -55.38583 1153699435 205.002744    34.3065      79754         24  0.000e+00
      5.621    -0.8957   2.776280    -0.8957   2.776611    7.29236     0.1726    13.8155 0.0000e+00  -60.79867  -55.38583 1153699435 205.002744    34.3064      79755         24  0.000e+00
      5.516    -0.8961   2.776267    -0.8961   2.776622    7.29232     0.1403    13.8155 0.0000e+00  -60.79867  -55.38583 1153699435 205.002745    34.3067      79756         24  0.000e+00
      5.593    -0.8960   2.776280    -0.8957   2.776605    7.29237     0.1618    13.8155 0.0000e+00  -60.79867  -55.38583 1153699435 205.002745    34.3066      79757         24  0.000e+00
      5.545    -0.8959   2.776287    -0.8960   2.776616    7.29230     0.1295    13.8155 0.0000e+00  -60.79867  -55.38583 1153699435 205.002745    34.3067      79758         24  0.000e+00
      5.516    -0.8957   2.776300    -0.8960   2.776599    7.29223     0.1295    13.8155 0.0000e+00  -60.79867  -55.38583 1153699436 205.002746    34.3066      79759         24  0.000e+00
      5.516    -0.8957   2.776307    -0.8958   2.776628    7.29223     0.1403    13.8155 0.0000e+00  -60.79867  -55.38583 1153699436 205.002746    34.3067      79760         24  0.000e+00
      5.545    -0.8951   2.776343    -0.8955   2.776645    7.29215     0.1403    13.8155 0.0000e+00  -60.79867  -55.38583 1153699436 205.002747    34.3065      79761         24  0.000e+00
      5.516    -0.8952   2.776353    -0.8961   2.776628    7.29213     0.1618    13.8155 0.0000e+00  -60.79867  -55.38583 1153699436 205.002747    34.3068      79762         24  0.000e+00
      5.450    -0.8951   2.776333    -0.8958   2.776622    7.29205     0.1726    13.8155 0.0000e+00  -60.79867  -55.38583 1153699436 205.002748    34.3064      79763         24  0.000e+00
      5.478    -0.8957   2.776363    -0.8961   2.776582    7.29683     0.1833    13.8155 0.0000e+00  -60.79867  -55.38583 1153699436 205.002748    34.3076      79764         24  0.000e+00
      5.450    -0.8952   2.776356    -0.8968   2.776547    7.29673     0.1403    13.8155 0.0000e+00  -60.79867  -55.38583 1153699436 205.002749    34.3069      79765         24  0.000e+00
      5.450    -0.8955   2.776369    -0.8966   2.776570    7.29677     0.1188    13.8155 0.0000e+00  -60.79867  -55.38583 1153699436 205.002749    34.3074      79766         24  0.000e+00
      5.450    -0.8951   2.776376    -0.8965   2.776587    7.29670     0.1188    13.8155 0.0000e+00  -60.79867  -55.38583 1153699436 205.002750    34.3071      79767         24  0.000e+00
      5.412    -0.8952   2.776389    -0.8965   2.776593    7.29199     0.1188    13.8155 0.0000e+00  -60.79867  -55.38583 1153699436 205.002750    34.3074      79768         24  0.000e+00
