product_data/regression_test/downloaded_data/MGDS/320620060703/ctd/p6619703.cnv
* Sea-Bird SBE 9 Data File:
* FileName = D:\Data\Raw\p6619703.dat
* Software Version Seasave Win32 V 5.32
* Temperature SN = 1649
* Conductivity SN = 1431
* Number of Bytes Per Scan = 37
* Number of Voltage Words = 5
* Number of Scans Averaged by the Deck Unit = 1
* NMEA Latitude = 60 45.00 S
* NMEA Longitude = 058 22.50 W
* NMEA UTC (Time) = 10:38:44
** Ship:   Nathaniel B. Palmer 
** Cruise:    NBP0606 
# nquan = 15
# nvalues = 990                         
# units = specified
# name 0 = prDM: Pressure, Digiquartz [db]
# name 1 = t090C: Temperature [ITS-90, deg C]
# name 2 = c0S/m: Conductivity [S/m]
# name 3 = t190C: Temperature, 2 [ITS-90, deg C]
# name 4 = c1S/m: Conductivity, 2 [S/m]
# name 5 = sbeox0ML/L: Oxygen, SBE 43 [ml/l]
# name 6 = flECO-AFL: Fluorescence, Wetlab ECO-AFL/FL [mg/m^3]
# name 7 = bat: Beam Attenuation, Chelsea/Seatech/Wetlab CStar [1/m]
# name 8 = spar: SPAR/Surface Irradiance
# name 9 = latitude: Latitude [deg]
# name 10 = longitude: Longitude [deg]
# name 11 = timeY: Time, System [seconds]
# name 12 = timeJ: Julian Days
# name 13 = sal00: Salinity [PSU]
# name 14 = flag: flag
# span 0 =     13.000,   1002.000       
# span 1 =    -1.0829,     2.1166       
# span 2 =   2.734830,   3.080198       
# span 3 =    -1.0821,     2.1172       
# span 4 =   2.735323,   3.080565       
# span 5 =    4.36701,    8.19374       
# span 6 =    -0.1043,     1.0698       
# span 7 =    13.8155,    13.8155       
# span 8 = 0.0000e+00, 0.0000e+00       
# span 9 =  -60.75000,  -60.75000       
# span 10 =  -58.37500,  -58.37500      
# span 11 = 1153823978, 1153825524      
# span 12 = 206.444194, 206.462107      
# span 13 =    33.8518,    34.7254      
# span 14 = 0.0000e+00, 0.0000e+00      
# interval = decibars: 1                
# start_time = Jul 25 2006 10:38:52
# bad_flag = -9.990e-29
*END*
[from data line 386]
    399.000     2.0517   3.069998     2.0517   3.070375    4.37195    -0.0493    13.8155 0.0000e+00  -60.75000  -58.37500 1153824694 206.452490    34.6180 0.0000e+00
    400.000     2.0516   3.069994     2.0520   3.070394    4.37168    -0.0526    13.8155 0.0000e+00  -60.75000  -58.37500 1153824697 206.452530    34.6177 0.0000e+00
    401.000     2.0506   3.069850     2.0510   3.070247    4.37319    -0.0531    13.8155 0.0000e+00  -60.75000  -58.37500 1153824701 206.452574    34.6165 0.0000e+00
    402.000     2.0509   3.070164     2.0518   3.070556    4.37540    -0.0422    13.8155 0.0000e+00  -60.75000  -58.37500 1153824702 206.452590    34.6195 0.0000e+00
    403.000     2.0594   3.071225     2.0604   3.071604    4.37618    -0.0693    13.8155 0.0000e+00  -60.75000  -58.37500 1153824703 206.452599    34.6229 0.0000e+00
    404.000     2.0644   3.071768     2.0647   3.072128    4.37585    -0.0503    13.8155 0.0000e+00  -60.75000  -58.37500 1153824704 206.452608    34.6233 0.0000e+00
    405.000     2.0659   3.072003     2.0662   3.072359    4.37206    -0.0512    13.8155 0.0000e+00  -60.75000  -58.37500 1153824704 206.452615    34.6241 0.0000e+00
    406.000     2.0664   3.072077     2.0664   3.072435    4.37047    -0.0588    13.8155 0.0000e+00  -60.75000  -58.37500 1153824705 206.452622    34.6239 0.0000e+00
    407.000     2.0663   3.072113     2.0660   3.072472    4.37085    -0.0507    13.8155 0.0000e+00  -60.75000  -58.37500 1153824706 206.452629    34.6240 0.0000e+00
    408.000     2.0658   3.072150     2.0655   3.072505    4.37038    -0.0539    13.8155 0.0000e+00  -60.75000  -58.37500 1153824706 206.452635    34.6245 0.0000e+00
    409.000     2.0655   3.072212     2.0651   3.072569    4.37065    -0.0466    13.8155 0.0000e+00  -60.75000  -58.37500 1153824707 206.452642    34.6250 0.0000e+00
    410.000     2.0645   3.072098     2.0648   3.072482    4.37272    -0.0618    13.8155 0.0000e+00  -60.75000  -58.37500 1153824710 206.452686    34.6243 0.0000e+00
    411.000     2.0663   3.072327     2.0665   3.072697    4.37309    -0.0531    13.8155 0.0000e+00  -60.75000  -58.37500 1153824713 206.452716    34.6268 0.0000e+00
    412.000     2.0797   3.073973     2.0798   3.074308    4.37467    -0.0612    13.8155 0.0000e+00  -60.75000  -58.37500 1153824714 206.452724    34.6296 0.0000e+00
    413.000     2.0799   3.074070     2.0801   3.074418    4.37495    -0.0490    13.8155 0.0000e+00  -60.75000  -58.37500 1153824715 206.452733    34.6301 0.0000e+00
    414.000     2.0806   3.074237     2.0813   3.074614    4.37470    -0.0608    13.8155 0.0000e+00  -60.75000  -58.37500 1153824716 206.452753    34.6309 0.0000e+00
    415.000     2.0798   3.074169     2.0814   3.074663    4.37721    -0.0455    13.8155 0.0000e+00  -60.75000  -58.37500 1153824718 206.452776    34.6308 0.0000e+00
    416.000     2.0826   3.074558     2.0829   3.074902    4.37584    -0.0461    13.8155 0.0000e+00  -60.75000  -58.37500 1153824719 206.452787    34.6318 0.0000e+00
    417.000     2.0837   3.074737     2.0842   3.075112    4.37474    -0.0512    13.8155 0.0000e+00  -60.75000  -58.37500 1153824720 206.452795    34.6322 0.0000e+00
    418.000     2.0850   3.074903     2.0850   3.075226    4.37384    -0.0697    13.8155 0.0000e+00  -60.75000  -58.37500 1153824721 206.452803    34.6322 0.0000e+00
    419.000     2.0861   3.075028     2.0859   3.075356    4.37430    -0.0537    13.8155 0.0000e+00  -60.75000  -58.37500 1153824721 206.452810    34.6321 0.0000e+00
    420.000     2.0864   3.075100     2.0864   3.075458    4.37474    -0.0552    13.8155 0.0000e+00  -60.75000  -58.37500 1153824722 206.452817    34.6322 0.0000e+00
    421.000     2.0867   3.075190     2.0871   3.075550    4.37811    -0.0714    13.8155 0.0000e+00  -60.75000  -58.37500 1153824725 206.452860    34.6324 0.0000e+00
    422.000     2.0845   3.075000     2.0844   3.075286    4.38124    -0.0597    13.8155 0.0000e+00  -60.75000  -58.37500 1153824728 206.452892    34.6322 0.0000e+00
    423.000     2.0917   3.075858     2.0924   3.076217    4.38004    -0.0487    13.8155 0.0000e+00  -60.75000  -58.37500 1153824729 206.452901    34.6343 0.0000e+00
    424.000     2.0967   3.076409     2.0970   3.076763    4.37986    -0.0694    13.8155 0.0000e+00  -60.75000  -58.37500 1153824730 206.452909    34.6349 0.0000e+00
    425.000     2.0992   3.076724     2.0988   3.077013    4.37957    -0.0774    13.8155 0.0000e+00  -60.75000  -58.37500 1153824730 206.452916    34.6356 0.0000e+00
    426.000     2.1003   3.076923     2.1005   3.077260    4.38034    -0.0645    13.8155 0.0000e+00  -60.75000  -58.37500 1153824731 206.452924    34.6363 0.0000e+00
    427.000     2.1010   3.077119     2.1014   3.077472    4.38008    -0.0558    13.8155 0.0000e+00  -60.75000  -58.37500 1153824732 206.452939    34.6375 0.0000e+00
    428.000     2.0979   3.076742     2.0999   3.077333    4.38248    -0.0529    13.8155 0.0000e+00  -60.75000  -58.37500 1153824735 206.452971    34.6357 0.0000e+00
    429.000     2.0995   3.077176     2.1000   3.077559    4.38427    -0.0615    13.8155 0.0000e+00  -60.75000  -58.37500 1153824737 206.452988    34.6389 0.0000e+00
    430.000     2.0994   3.077320     2.0997   3.077678    4.38361    -0.0480    13.8155 0.0000e+00  -60.75000  -58.37500 1153824738 206.453000    34.6402 0.0000e+00
    431.000     2.0990   3.077363     2.0993   3.077716    4.38353    -0.0653    13.8155 0.0000e+00  -60.75000  -58.37500 1153824738 206.453010    34.6407 0.0000e+00
    432.000     2.0988   3.077389     2.0993   3.077742    4.38523    -0.0500    13.8155 0.0000e+00  -60.75000  -58.37500 1153824739 206.453021    34.6407 0.0000e+00
    433.000     2.0988   3.077421     2.0991   3.077785    4.38597    -0.0620    13.8155 0.0000e+00  -60.75000  -58.37500 1153824741 206.453038    34.6405 0.0000e+00
    434.000     2.0988   3.077477     2.0991   3.077831    4.38557    -0.0545    13.8155 0.0000e+00  -60.75000  -58.37500 1153824743 206.453064    34.6408 0.0000e+00
    435.000     2.0959   3.077324     2.0962   3.077685    4.38805    -0.0436    13.8155 0.0000e+00  -60.75000  -58.37500 1153824745 206.453085    34.6415 0.0000e+00
    436.000     2.0920   3.077092     2.0922   3.077460    4.38989    -0.0397    13.8155 0.0000e+00  -60.75000  -58.37500 1153824746 206.453098    34.6423 0.0000e+00
    437.000     2.0888   3.076874     2.0893   3.077255    4.39043    -0.0490    13.8155 0.0000e+00  -60.75000  -58.37500 1153824747 206.453109    34.6429 0.0000e+00
    438.000     2.0777   3.075971     2.0780   3.076372    4.39240    -0.0544    13.8155 0.0000e+00  -60.75000  -58.37500 1153824748 206.453119    34.6432 0.0000e+00
    439.000     2.0767   3.075994     2.0771   3.076357    4.39203    -0.0619    13.8155 0.0000e+00  -60.75000  -58.37500 1153824749 206.453131    34.6441 0.0000e+00
    440.000     2.0768   3.076079     2.0770   3.076427    4.39022    -0.0629    13.8155 0.0000e+00  -60.75000  -58.37500 1153824750 206.453145    34.6444 0.0000e+00
    441.000     2.0773   3.076178     2.0776   3.076544    4.39069    -0.0631    13.8155 0.0000e+00  -60.75000  -58.37500 1153824751 206.453161    34.6444 0.0000e+00
    442.000     2.0776   3.076249     2.0779   3.076613    4.39007    -0.0595    13.8155 0.0000e+00  -60.75000  -58.37500 1153824754 206.453194    34.6443 0.0000e+00
    443.000     2.0760   3.076167     2.0760   3.076528    4.39508    -0.0633    13.8155 0.0000e+00  -60.75000  -58.37500 1153824757 206.453226    34.6444 0.0000e+00
    444.000     2.0761   3.076289     2.0764   3.076651    4.39414    -0.0610    13.8155 0.0000e+00  -60.75000  -58.37500 1153824758 206.453235    34.6453 0.0000e+00
    445.000     2.0773   3.076479     2.0775   3.076840    4.39120    -0.0470    13.8155 0.0000e+00  -60.75000  -58.37500 1153824759 206.453244    34.6458 0.0000e+00
    446.000     2.0794   3.076784     2.0795   3.077161    4.38927    -0.0537    13.8155 0.0000e+00  -60.75000  -58.37500 1153824759 206.453251    34.6466 0.0000e+00
    447.000     2.0733   3.076249     2.0724   3.076557    4.38900    -0.0624    13.8155 0.0000e+00  -60.75000  -58.37500 1153824760 206.453259    34.6459 0.0000e+00
    448.000     2.0667   3.075671     2.0660   3.076015    4.38893    -0.0726    13.8155 0.0000e+00  -60.75000  -58.37500 1153824760 206.453265    34.6458 0.0000e+00
    449.000     2.0605   3.075148     2.0599   3.075535    4.38902    -0.0706    13.8155 0.0000e+00  -60.75000  -58.37500 1153824761 206.453272    34.6456 0.0000e+00
    450.000     2.0628   3.075439     2.0629   3.075820    4.39046    -0.0716    13.8155 0.0000e+00  -60.75000  -58.37500 1153824763 206.453295    34.6461 0.0000e+00
    451.000     2.0670   3.075846     2.0679   3.076296    4.39415    -0.0722    13.8155 0.0000e+00  -60.75000  -58.37500 1153824768 206.453351    34.6457 0.0000e+00
    452.000     2.0617   3.075486     2.0621   3.075896    4.39593    -0.0595    13.8155 0.0000e+00  -60.75000  -58.37500 1153824769 206.453359    34.6466 0.0000e+00
    453.000     2.0626   3.075708     2.0628   3.076080    4.39604    -0.0582    13.8155 0.0000e+00  -60.75000  -58.37500 1153824769 206.453367    34.6477 0.0000e+00
    454.000     2.0691   3.076489     2.0698   3.076859    4.39626    -0.0530    13.8155 0.0000e+00  -60.75000  -58.37500 1153824770 206.453375    34.6501 0.0000e+00
    455.000     2.0805   3.077574     2.0800   3.077875    4.39635    -0.0506    13.8155 0.0000e+00  -60.75000  -58.37500 1153824771 206.453382    34.6499 0.0000e+00
    456.000     2.0821   3.077775     2.0811   3.078012    4.39683    -0.0708    13.8155 0.0000e+00  -60.75000  -58.37500 1153824771 206.453390    34.6501 0.0000e+00
    457.000     2.0846   3.078086     2.0852   3.078463    4.39634    -0.0573    13.8155 0.0000e+00  -60.75000  -58.37500 1153824772 206.453400    34.6506 0.0000e+00
    458.000     2.0853   3.078207     2.0857   3.078569    4.39707    -0.0643    13.8155 0.0000e+00  -60.75000  -58.37500 1153824773 206.453415    34.6508 0.0000e+00
    459.000     2.0763   3.077339     2.0797   3.078022    4.40035    -0.0630    13.8155 0.0000e+00  -60.75000  -58.37500 1153824778 206.453472    34.6496 0.0000e+00
    460.000     2.0766   3.077459     2.0798   3.078102    4.40069    -0.0557    13.8155 0.0000e+00  -60.75000  -58.37500 1153824779 206.453484    34.6503 0.0000e+00
    461.000     2.0850   3.078427     2.0853   3.078792    4.40101    -0.0648    13.8155 0.0000e+00  -60.75000  -58.37500 1153824780 206.453492    34.6523 0.0000e+00
    462.000     2.0850   3.078477     2.0851   3.078844    4.40163    -0.0654    13.8155 0.0000e+00  -60.75000  -58.37500 1153824781 206.453500    34.6524 0.0000e+00
    463.000     2.0843   3.078489     2.0844   3.078844    4.40219    -0.0641    13.8155 0.0000e+00  -60.75000  -58.37500 1153824782 206.453508    34.6528 0.0000e+00
    464.000     2.0830   3.078459     2.0832   3.078813    4.40287    -0.0608    13.8155 0.0000e+00  -60.75000  -58.37500 1153824783 206.453526    34.6534 0.0000e+00
    465.000     2.0826   3.078504     2.0829   3.078871    4.40409    -0.0537    13.8155 0.0000e+00  -60.75000  -58.37500 1153824785 206.453546    34.6538 0.0000e+00
    466.000     2.0814   3.078494     2.0816   3.078863    4.40417    -0.0727    13.8155 0.0000e+00  -60.75000  -58.37500 1153824786 206.453559    34.6545 0.0000e+00
    467.000     2.0800   3.078463     2.0803   3.078839    4.40361    -0.0571    13.8155 0.0000e+00  -60.75000  -58.37500 1153824787 206.453569    34.6551 0.0000e+00
    468.000     2.0794   3.078468     2.0798   3.078845    4.40297    -0.0595    13.8155 0.0000e+00  -60.75000  -58.37500 1153824788 206.453579    34.6552 0.0000e+00
    469.000     2.0792   3.078497     2.0794   3.078853    4.40404    -0.0513    13.8155 0.0000e+00  -60.75000  -58.37500 1153824790 206.453601    34.6553 0.0000e+00
    470.000     2.0786   3.078482     2.0780   3.078784    4.40599    -0.0724    13.8155 0.0000e+00  -60.75000  -58.37500 1153824792 206.453633    34.6552 0.0000e+00
    471.000     2.0756   3.078272     2.0757   3.078633    4.40669    -0.0486    13.8155 0.0000e+00  -60.75000  -58.37500 1153824794 206.453649    34.6554 0.0000e+00
    472.000     2.0752   3.078295     2.0755   3.078673    4.40670    -0.0569    13.8155 0.0000e+00  -60.75000  -58.37500 1153824795 206.453660    34.6556 0.0000e+00
    473.000     2.0759   3.078497     2.0762   3.078870    4.40865    -0.0569    13.8155 0.0000e+00  -60.75000  -58.37500 1153824796 206.453673    34.6567 0.0000e+00
    474.000     2.0737   3.078423     2.0739   3.078798    4.40962    -0.0604    13.8155 0.0000e+00  -60.75000  -58.37500 1153824797 206.453686    34.6577 0.0000e+00
    475.000     2.0712   3.078362     2.0715   3.078734    4.41020    -0.0530    13.8155 0.0000e+00  -60.75000  -58.37500 1153824798 206.453699    34.6591 0.0000e+00
    476.000     2.0707   3.078387     2.0710   3.078756    4.41049    -0.0561    13.8155 0.0000e+00  -60.75000  -58.37500 1153824799 206.453710    34.6594 0.0000e+00
    477.000     2.0706   3.078422     2.0709   3.078788    4.41097    -0.0625    13.8155 0.0000e+00  -60.75000  -58.37500 1153824800 206.453723    34.6594 0.0000e+00
    478.000     2.0706   3.078467     2.0708   3.078826    4.41231    -0.0517    13.8155 0.0000e+00  -60.75000  -58.37500 1153824802 206.453746    34.6593 0.0000e+00
    479.000     2.0700   3.078487     2.0703   3.078851    4.41330    -0.0649    13.8155 0.0000e+00  -60.75000  -58.37500 1153824804 206.453771    34.6597 0.0000e+00
    480.000     2.0692   3.078506     2.0694   3.078875    4.41381    -0.0552    13.8155 0.0000e+00  -60.75000  -58.37500 1153824805 206.453785    34.6603 0.0000e+00
    481.000     2.0676   3.078484     2.0679   3.078848    4.41429    -0.0572    13.8155 0.0000e+00  -60.75000  -58.37500 1153824806 206.453797    34.6611 0.0000e+00
    482.000     2.0664   3.078455     2.0666   3.078822    4.41583    -0.0604    13.8155 0.0000e+00  -60.75000  -58.37500 1153824808 206.453812    34.6616 0.0000e+00
    483.000     2.0650   3.078436     2.0651   3.078803    4.41784    -0.0588    13.8155 0.0000e+00  -60.75000  -58.37500 1153824810 206.453835    34.6623 0.0000e+00
    484.000     2.0638   3.078439     2.0641   3.078811    4.41994    -0.0625    13.8155 0.0000e+00  -60.75000  -58.37500 1153824811 206.453851    34.6631 0.0000e+00
    485.000     2.0611   3.078338     2.0613   3.078708    4.42109    -0.0531    13.8155 0.0000e+00  -60.75000  -58.37500 1153824812 206.453863    34.6643 0.0000e+00
    486.000     2.0586   3.078228     2.0586   3.078602    4.42253    -0.0583    13.8155 0.0000e+00  -60.75000  -58.37500 1153824813 206.453872    34.6652 0.0000e+00
    487.000     2.0570   3.078187     2.0573   3.078569    4.42385    -0.0647    13.8155 0.0000e+00  -60.75000  -58.37500 1153824814 206.453882    34.6658 0.0000e+00
    488.000     2.0557   3.078162     2.0559   3.078532    4.42558    -0.0545    13.8155 0.0000e+00  -60.75000  -58.37500 1153824815 206.453897    34.6664 0.0000e+00
    489.000     2.0540   3.078126     2.0543   3.078496    4.42592    -0.0627    13.8155 0.0000e+00  -60.75000  -58.37500 1153824817 206.453916    34.6672 0.0000e+00
    490.000     2.0538   3.078162     2.0540   3.078534    4.42503    -0.0864    13.8155 0.0000e+00  -60.75000  -58.37500 1153824818 206.453931    34.6673 0.0000e+00
    491.000     2.0538   3.078207     2.0541   3.078588    4.42527    -0.0541    13.8155 0.0000e+00  -60.75000  -58.37500 1153824819 206.453944    34.6672 0.0000e+00
    492.000     2.0538   3.078260     2.0541   3.078626    4.42821    -0.0544    13.8155 0.0000e+00  -60.75000  -58.37500 1153824821 206.453970    34.6673 0.0000e+00
    493.000     2.0537   3.078313     2.0541   3.078691    4.43309    -0.0663    13.8155 0.0000e+00  -60.75000  -58.37500 1153824824 206.454005    34.6674 0.0000e+00
