product_data/regression_test/downloaded_data/MGDS/320620060703/ctd/p6617607.ros
* Sea-Bird SBE 9 Data File:
* FileName = D:\Data\Raw\p6617607.dat
* Software Version Seasave Win32 V 5.32
* Temperature SN = 1649
* Conductivity SN = 1431
* Number of Bytes Per Scan = 37
* Number of Voltage Words = 5
* Number of Scans Averaged by the Deck Unit = 1
* NMEA Latitude = 60 36.97 S
* NMEA Longitude = 054 43.19 W
* NMEA UTC (Time) = 10:38:42
** Ship:   Nathaniel B. Palmer 
** Cruise:    NBP0606 
# nquan = 17
# nvalues = 1176                    
# units = specified
# name 0 = prDM: Pressure, Digiquartz [db]
# name 1 = t090C: Temperature [ITS-90, deg C]
# name 2 = c0S/m: Conductivity [S/m]
# name 3 = t190C: Temperature, 2 [ITS-90, deg C]
# name 4 = c1S/m: Conductivity, 2 [S/m]
# name 5 = sbeox0ML/L: Oxygen, SBE 43 [ml/l]
# name 6 = flECO-AFL: Fluorescence, Wetlab ECO-AFL/FL [mg/m^3]
# name 7 = bat: Beam Attenuation, Chelsea/Seatech/Wetlab CStar [1/m]
# name 8 = spar: SPAR/Surface Irradiance
# name 9 = latitude: Latitude [deg]
# name 10 = longitude: Longitude [deg]
# name 11 = timeY: Time, System [seconds]
# name 12 = timeJ: Julian Days
# name 13 = sal00: Salinity [PSU]
# name 14 = scan: scan number
# name 15 = nbf: number of bottles fired
# name 16 = flag:  0.000e+00
# interval = seconds: 0.0416667                   
# start_time = Jul 21 2006 10:38:50
*END*
[from data line 937]
    149.590    -0.2212   2.840565    -0.2209   2.840926    6.77228    -0.0319    13.8155 0.0000e+00  -60.61617  -54.71983 1153478839 202.449545    34.3192      12257         20  0.000e+00
    149.447    -0.2211   2.840568    -0.2207   2.840943    6.76745    -0.0534    13.8155 0.0000e+00  -60.61617  -54.71983 1153478839 202.449545    34.3192      12258         20  0.000e+00
    149.590    -0.2216   2.840565    -0.2210   2.840949    6.76766    -0.0319    13.8155 0.0000e+00  -60.61617  -54.71983 1153478839 202.449546    34.3197      12259         20  0.000e+00
    149.590    -0.2210   2.840598    -0.2203   2.840955    6.76755     0.0004    13.8155 0.0000e+00  -60.61617  -54.71983 1153478839 202.449546    34.3194      12260         20  0.000e+00
    149.590    -0.2215   2.840545    -0.2205   2.840949    6.76765     0.0327    13.8155 0.0000e+00  -60.61617  -54.71983 1153478839 202.449547    34.3192      12261         20  0.000e+00
    149.590    -0.2213   2.840555    -0.2207   2.840949    6.76762    -0.0319    13.8155 0.0000e+00  -60.61617  -54.71983 1153478839 202.449547    34.3192      12262         20  0.000e+00
    149.590    -0.2215   2.840565    -0.2209   2.840972    6.76764    -0.0749    13.8155 0.0000e+00  -60.61617  -54.71983 1153478839 202.449548    34.3195      12263         20  0.000e+00
    149.590    -0.2214   2.840565    -0.2205   2.840955    6.76763    -0.0857    13.8155 0.0000e+00  -60.61617  -54.71983 1153478839 202.449548    34.3195      12264         20  0.000e+00
    149.657    -0.2213   2.840585    -0.2207   2.840949    6.76767    -0.0749    13.8155 0.0000e+00  -60.61617  -54.71983 1153478840 202.449549    34.3195      12265         20  0.000e+00
    149.590    -0.2214   2.840572    -0.2208   2.840972    6.77231    -0.0319    13.8155 0.0000e+00  -60.61617  -54.71983 1153478840 202.449549    34.3195      12266         20  0.000e+00
    149.657    -0.2215   2.840582    -0.2208   2.840972    6.76769    -0.0426    13.8155 0.0000e+00  -60.61617  -54.71983 1153478840 202.449550    34.3197      12267         20  0.000e+00
    149.667    -0.2216   2.840568    -0.2203   2.840978    6.76772    -0.0426    13.8155 0.0000e+00  -60.61617  -54.71983 1153478840 202.449550    34.3196      12268         20  0.000e+00
    149.657    -0.2216   2.840568    -0.2206   2.840984    6.76772    -0.0104    13.8155 0.0000e+00  -60.61617  -54.71983 1153478840 202.449551    34.3197      12269         20  0.000e+00
    149.657    -0.2218   2.840582    -0.2207   2.840920    6.76773     0.0004    13.8155 0.0000e+00  -60.61617  -54.71983 1153478840 202.449551    34.3200      12270         20  0.000e+00
    149.667    -0.2214   2.840605    -0.2211   2.840955    6.76768    -0.0211    13.8155 0.0000e+00  -60.61617  -54.71983 1153478840 202.449552    34.3199      12271         20  0.000e+00
    149.733    -0.2219   2.840582    -0.2208   2.840955    6.77251    -0.0319    13.8155 0.0000e+00  -60.61617  -54.71983 1153478840 202.449552    34.3202      12272         20  0.000e+00
    149.657    -0.2214   2.840582    -0.2210   2.840972    6.77237    -0.0104    13.8155 0.0000e+00  -60.61617  -54.71983 1153478840 202.449552    34.3196      12273         20  0.000e+00
    149.733    -0.2216   2.840588    -0.2205   2.840972    6.77246    -0.0104    13.8155 0.0000e+00  -60.61617  -54.71983 1153478840 202.449553    34.3199      12274         20  0.000e+00
    149.733    -0.2216   2.840605    -0.2209   2.840978    6.77245     0.0112    13.8155 0.0000e+00  -60.61617  -54.71983 1153478840 202.449553    34.3201      12275         20  0.000e+00
    149.733    -0.2216   2.840595    -0.2210   2.840961    6.77246    -0.0211    13.8155 0.0000e+00  -60.61617  -54.71983 1153478840 202.449554    34.3200      12276         20  0.000e+00
    149.800    -0.2214   2.840588    -0.2210   2.840949    6.77250    -0.0211    13.8155 0.0000e+00  -60.61617  -54.71983 1153478840 202.449554    34.3196      12277         20  0.000e+00
    149.733    -0.2213   2.840588    -0.2206   2.840949    6.77242    -0.0104    13.8155 0.0000e+00  -60.61617  -54.71983 1153478840 202.449555    34.3195      12278         20  0.000e+00
    149.800    -0.2211   2.840588    -0.2210   2.840972    6.76777     0.0004    13.8155 0.0000e+00  -60.61617  -54.71983 1153478840 202.449555    34.3193      12279         20  0.000e+00
    149.657    -0.2210   2.840608    -0.2210   2.840972    6.76761    -0.0319    13.8155 0.0000e+00  -60.61617  -54.71983 1153478840 202.449556    34.3195      12280         20  0.000e+00
    149.943    -0.2219   2.840595    -0.2206   2.840955    6.77270    -0.0426    13.8155 0.0000e+00  -60.61617  -54.71983 1153478840 202.449556    34.3202      12281         20  0.000e+00
    149.800    -0.2218   2.840605    -0.2210   2.840955    6.77254    -0.0534    13.8155 0.0000e+00  -60.61617  -54.71983 1153478840 202.449557    34.3203      12282         20  0.000e+00
    149.800    -0.2213   2.840592    -0.2207   2.840990    6.77248    -0.0319    13.8155 0.0000e+00  -60.61617  -54.71983 1153478840 202.449557    34.3195      12283         20  0.000e+00
    149.800    -0.2216   2.840588    -0.2206   2.840967    6.77253    -0.0211    13.8155 0.0000e+00  -60.61617  -54.71983 1153478840 202.449558    34.3199      12284         20  0.000e+00
    149.877    -0.2217   2.840605    -0.2207   2.840972    6.77260    -0.0104    13.8155 0.0000e+00  -60.61617  -54.71983 1153478840 202.449558    34.3202      12285         20  0.000e+00
    149.867    -0.2207   2.840558    -0.2207   2.840955    6.77248     0.0112    13.8155 0.0000e+00  -60.61617  -54.71983 1153478840 202.449559    34.3184      12286         20  0.000e+00
    149.867    -0.2216   2.840562    -0.2208   2.840932    6.77260     0.0219    13.8155 0.0000e+00  -60.61617  -54.71983 1153478840 202.449559    34.3194      12287         20  0.000e+00
    149.877    -0.2219   2.840582    -0.2211   2.840943    6.77264    -0.0104    13.8155 0.0000e+00  -60.61617  -54.71983 1153478840 202.449560    34.3201      12288         20  0.000e+00
    149.867    -0.2216   2.840605    -0.2208   2.840967    6.77257    -0.0319    13.8155 0.0000e+00  -60.61617  -54.71983 1153478841 202.449560    34.3200      12289         20  0.000e+00
    149.943    -0.2215   2.840612    -0.2209   2.840996    6.77263    -0.0211    13.8155 0.0000e+00  -60.61617  -54.71983 1153478841 202.449561    34.3199      12290         20  0.000e+00
    149.943    -0.2220   2.840582    -0.2208   2.840990    6.77272    -0.0104    13.8155 0.0000e+00  -60.61617  -54.71983 1153478841 202.449561    34.3202      12291         20  0.000e+00
    149.877    -0.2213   2.840602    -0.2207   2.840961    6.77255     0.0004    13.8155 0.0000e+00  -60.61617  -54.71983 1153478841 202.449562    34.3196      12292         20  0.000e+00
    149.943    -0.2218   2.840612    -0.2209   2.840990    6.77267    -0.0211    13.8155 0.0000e+00  -60.61617  -54.71983 1153478841 202.449562    34.3203      12293         20  0.000e+00
    150.010    -0.2216   2.840612    -0.2207   2.840984    6.77271     0.0004    13.8155 0.0000e+00  -60.61617  -54.71983 1153478841 202.449563    34.3200      12294         20  0.000e+00
    149.943    -0.2216   2.840595    -0.2205   2.840984    6.77266     0.0112    13.8155 0.0000e+00  -60.61617  -54.71983 1153478841 202.449563    34.3199      12295         20  0.000e+00
    149.943    -0.2216   2.840588    -0.2206   2.840955    6.77266    -0.0104    13.8155 0.0000e+00  -60.61617  -54.71983 1153478841 202.449564    34.3197      12296         20  0.000e+00
    150.010    -0.2215   2.840568    -0.2207   2.840990    6.77740    -0.0426    13.8155 0.0000e+00  -60.61617  -54.71983 1153478841 202.449564    34.3193      12297         20  0.000e+00
    150.010    -0.2214   2.840602    -0.2207   2.840990    6.77269    -0.0534    13.8155 0.0000e+00  -60.61617  -54.71983 1153478841 202.449565    34.3197      12298         20  0.000e+00
    150.010    -0.2213   2.840595    -0.2205   2.840973    6.77268    -0.0857    13.8155 0.0000e+00  -60.61617  -54.71983 1153478841 202.449565    34.3195      12299         20  0.000e+00
    150.430    -0.2219   2.840565    -0.2208   2.841002    6.76849    -0.0857    13.8155 0.0000e+00  -60.61617  -54.71983 1153478847 202.449639    34.3195      12452         21  0.000e+00
    150.363    -0.2215   2.840585    -0.2206   2.840978    6.76835    -0.0534    13.8155 0.0000e+00  -60.61617  -54.71983 1153478847 202.449639    34.3193      12453         21  0.000e+00
    150.429    -0.2216   2.840588    -0.2208   2.840978    6.76843    -0.0642    13.8155 0.0000e+00  -60.61617  -54.71983 1153478847 202.449640    34.3194      12454         21  0.000e+00
    150.363    -0.2218   2.840588    -0.2200   2.840984    6.76839    -0.0857    13.8155 0.0000e+00  -60.61617  -54.71983 1153478847 202.449640    34.3197      12455         21  0.000e+00
    150.286    -0.2217   2.840605    -0.2208   2.840996    6.76830    -0.0211    13.8155 0.0000e+00  -60.61617  -54.71983 1153478847 202.449641    34.3199      12456         21  0.000e+00
    150.363    -0.2210   2.840612    -0.2202   2.840984    6.76827     0.0219    13.8155 0.0000e+00  -60.61617  -54.71983 1153478847 202.449641    34.3191      12457         21  0.000e+00
    150.286    -0.2210   2.840595    -0.2208   2.840984    6.76821    -0.0104    13.8155 0.0000e+00  -60.61617  -54.71983 1153478848 202.449642    34.3189      12458         21  0.000e+00
    150.219    -0.2213   2.840568    -0.2208   2.840973    6.76820    -0.0319    13.8155 0.0000e+00  -60.61617  -54.71983 1153478848 202.449642    34.3190      12459         21  0.000e+00
    150.152    -0.2212   2.840582    -0.2207   2.840978    6.76811    -0.0642    13.8155 0.0000e+00  -60.61617  -54.71983 1153478848 202.449643    34.3190      12460         21  0.000e+00
    150.219    -0.2217   2.840588    -0.2207   2.841002    6.76825    -0.0642    13.8155 0.0000e+00  -60.61617  -54.71983 1153478848 202.449643    34.3197      12461         21  0.000e+00
    150.152    -0.2210   2.840605    -0.2206   2.840967    6.76808    -0.0749    13.8155 0.0000e+00  -60.61617  -54.71983 1153478848 202.449644    34.3192      12462         21  0.000e+00
    150.076    -0.2214   2.840575    -0.2208   2.840990    6.76808    -0.0642    13.8155 0.0000e+00  -60.61617  -54.71983 1153478848 202.449644    34.3193      12463         21  0.000e+00
    150.086    -0.2212   2.840598    -0.2207   2.840984    6.76804    -0.0534    13.8155 0.0000e+00  -60.61617  -54.71983 1153478848 202.449645    34.3193      12464         21  0.000e+00
    150.009    -0.2211   2.840595    -0.2208   2.840961    6.76796    -0.0104    13.8155 0.0000e+00  -60.61617  -54.71983 1153478848 202.449645    34.3192      12465         21  0.000e+00
    150.009    -0.2212   2.840605    -0.2203   2.840967    6.76796    -0.0104    13.8155 0.0000e+00  -60.61617  -54.71983 1153478848 202.449646    34.3194      12466         21  0.000e+00
    150.009    -0.2214   2.840592    -0.2205   2.840955    6.76801    -0.0642    13.8155 0.0000e+00  -60.61617  -54.71983 1153478848 202.449646    34.3196      12467         21  0.000e+00
    149.942    -0.2213   2.840608    -0.2206   2.840973    6.76792    -0.0749    13.8155 0.0000e+00  -60.61617  -54.71983 1153478848 202.449647    34.3197      12468         21  0.000e+00
    149.866    -0.2211   2.840595    -0.2202   2.840955    6.76783    -0.0211    13.8155 0.0000e+00  -60.61617  -54.71983 1153478848 202.449647    34.3193      12469         21  0.000e+00
    149.866    -0.2210   2.840568    -0.2207   2.840932    6.77251    -0.0319    13.8155 0.0000e+00  -60.61617  -54.71983 1153478848 202.449647    34.3188      12470         21  0.000e+00
    149.875    -0.2214   2.840582    -0.2201   2.840967    6.76789    -0.0319    13.8155 0.0000e+00  -60.61617  -54.71983 1153478848 202.449648    34.3195      12471         21  0.000e+00
    149.799    -0.2210   2.840588    -0.2202   2.840972    6.76775     0.0112    13.8155 0.0000e+00  -60.61617  -54.71983 1153478848 202.449648    34.3192      12472         21  0.000e+00
    149.732    -0.2214   2.840572    -0.2203   2.840978    6.76776     0.0112    13.8155 0.0000e+00  -60.61617  -54.71983 1153478848 202.449649    34.3195      12473         21  0.000e+00
    149.732    -0.2210   2.840582    -0.2203   2.840984    6.76770    -0.0426    13.8155 0.0000e+00  -60.61617  -54.71983 1153478848 202.449649    34.3191      12474         21  0.000e+00
    149.732    -0.2211   2.840588    -0.2199   2.840955    6.76771    -0.0534    13.8155 0.0000e+00  -60.61617  -54.71983 1153478848 202.449650    34.3193      12475         21  0.000e+00
    149.656    -0.2210   2.840588    -0.2205   2.840972    6.76762    -0.0534    13.8155 0.0000e+00  -60.61617  -54.71983 1153478848 202.449650    34.3192      12476         21  0.000e+00
    149.589    -0.2208   2.840588    -0.2198   2.840961    6.76753    -0.0642    13.8155 0.0000e+00  -60.61617  -54.71983 1153478848 202.449651    34.3191      12477         21  0.000e+00
    149.665    -0.2212   2.840552    -0.2202   2.840967    6.76767    -0.0534    13.8155 0.0000e+00  -60.61617  -54.71983 1153478848 202.449651    34.3189      12478         21  0.000e+00
    149.522    -0.2211   2.840545    -0.2203   2.840955    6.76754     0.0004    13.8155 0.0000e+00  -60.61617  -54.71983 1153478848 202.449652    34.3189      12479         21  0.000e+00
    149.589    -0.2207   2.840558    -0.2203   2.840955    6.76754    -0.0211    13.8155 0.0000e+00  -60.61617  -54.71983 1153478848 202.449652    34.3186      12480         21  0.000e+00
    149.445    -0.2208   2.840565    -0.2207   2.840990    6.76741    -0.0642    13.8155 0.0000e+00  -60.61617  -54.71983 1153478849 202.449653    34.3189      12481         21  0.000e+00
    149.522    -0.2215   2.840545    -0.2205   2.840967    6.76759    -0.0534    13.8155 0.0000e+00  -60.61617  -54.71983 1153478849 202.449653    34.3193      12482         21  0.000e+00
    149.445    -0.2211   2.840562    -0.2203   2.840972    6.76745    -0.0211    13.8155 0.0000e+00  -60.61617  -54.71983 1153478849 202.449654    34.3191      12483         21  0.000e+00
    149.379    -0.2213   2.840565    -0.2205   2.840937    6.76742     0.0112    13.8155 0.0000e+00  -60.61617  -54.71983 1153478849 202.449654    34.3195      12484         21  0.000e+00
    149.379    -0.2212   2.840528    -0.2208   2.840943    6.76742     0.0112    13.8155 0.0000e+00  -60.61617  -54.71983 1153478849 202.449655    34.3188      12485         21  0.000e+00
    149.379    -0.2216   2.840535    -0.2206   2.840972    6.76747    -0.0534    13.8155 0.0000e+00  -60.61617  -54.71983 1153478849 202.449655    34.3194      12486         21  0.000e+00
    149.379    -0.2208   2.840545    -0.2205   2.840961    6.76737    -0.1287    13.8155 0.0000e+00  -60.61617  -54.71983 1153478849 202.449656    34.3187      12487         21  0.000e+00
    149.312    -0.2214   2.840542    -0.2207   2.840949    6.76738    -0.0749    13.8155 0.0000e+00  -60.61617  -54.71983 1153478849 202.449656    34.3193      12488         21  0.000e+00
    149.235    -0.2213   2.840575    -0.2206   2.840931    6.76727    -0.0749    13.8155 0.0000e+00  -60.61617  -54.71983 1153478849 202.449657    34.3197      12489         21  0.000e+00
    149.302    -0.2213   2.840552    -0.2205   2.840926    6.76735    -0.0319    13.8155 0.0000e+00  -60.61617  -54.71983 1153478849 202.449657    34.3193      12490         21  0.000e+00
    149.168    -0.2215   2.840528    -0.2207   2.840896    6.76726    -0.0104    13.8155 0.0000e+00  -60.61617  -54.71983 1153478849 202.449658    34.3193      12491         21  0.000e+00
    149.235    -0.2216   2.840535    -0.2203   2.840937    6.76734    -0.0426    13.8155 0.0000e+00  -60.61617  -54.71983 1153478849 202.449658    34.3195      12492         21  0.000e+00
