product_data/regression_test/downloaded_data/MGDS/320620060703/ctd/p6612001.cnv
* Sea-Bird SBE 9 Data File:
* FileName = D:\Data\Raw\p6612001.dat
* Software Version Seasave Win32 V 5.32
* Temperature SN = 1649
* Conductivity SN = 1431
* Number of Bytes Per Scan = 37
* Number of Voltage Words = 5
* Number of Scans Averaged by the Deck Unit = 1
* NMEA Latitude = 61 12.38 S
* NMEA Longitude = 054 28.58 W
* NMEA UTC (Time) = 23:59:24
** Ship:   Nathaniel B. Palmer 
** Cruise:    NBP0606 
# nquan = 15
# nvalues = 758                         
# units = specified
# name 0 = prDM: Pressure, Digiquartz [db]
# name 1 = t090C: Temperature [ITS-90, deg C]
# name 2 = c0S/m: Conductivity [S/m]
# name 3 = t190C: Temperature, 2 [ITS-90, deg C]
# name 4 = c1S/m: Conductivity, 2 [S/m]
# name 5 = sbeox0ML/L: Oxygen, SBE 43 [ml/l]
# name 6 = flECO-AFL: Fluorescence, Wetlab ECO-AFL/FL [mg/m^3]
# name 7 = bat: Beam Attenuation, Chelsea/Seatech/Wetlab CStar [1/m]
# name 8 = spar: SPAR/Surface Irradiance
# name 9 = latitude: Latitude [deg]
# name 10 = longitude: Longitude [deg]
# name 11 = timeY: Time, System [seconds]
# name 12 = timeJ: Julian Days
# name 13 = sal00: Salinity [PSU]
# name 14 = flag: flag
# span 0 =      4.000,    761.000       
# span 1 =    -0.7447,    -0.1953       
# span 2 =   2.783473,   2.868330       
# span 3 =    -0.7445,    -0.1951       
# span 4 =   2.783916,   2.868729       
# span 5 =    6.27264,    7.53316       
# span 6 =    -0.1292,     0.0810       
# span 7 =    13.8155,    13.8155       
# span 8 = 0.0000e+00, 0.0000e+00       
# span 9 =  -61.20633,  -61.20633       
# span 10 =  -54.47633,  -54.47633      
# span 11 = 1152921573, 1152922689      
# span 12 = 195.999697, 196.012628      
# span 13 =    34.2062,    34.5211      
# span 14 = 0.0000e+00, 0.0000e+00      
# interval = decibars: 1                
# start_time = Jul 14 2006 23:59:32
# bad_flag = -9.990e-29
*END*
[from data line 193]
    197.000    -0.3805   2.827312    -0.3787   2.827887    7.03450    -0.0706    13.8155 0.0000e+00  -61.20633  -54.47633 1152921922 196.003745    34.2924 0.0000e+00
    198.000    -0.3696   2.828662    -0.3705   2.828850    7.01417    -0.0794    13.8155 0.0000e+00  -61.20633  -54.47633 1152921923 196.003760    34.2977 0.0000e+00
    199.000    -0.3389   2.832144    -0.3317   2.833223    6.99577    -0.0816    13.8155 0.0000e+00  -61.20633  -54.47633 1152921924 196.003770    34.3079 0.0000e+00
    200.000    -0.3239   2.833859    -0.3209   2.834471    6.97917    -0.0659    13.8155 0.0000e+00  -61.20633  -54.47633 1152921924 196.003779    34.3130 0.0000e+00
    201.000    -0.3170   2.834678    -0.3160   2.835108    6.96459    -0.0780    13.8155 0.0000e+00  -61.20633  -54.47633 1152921925 196.003787    34.3155 0.0000e+00
    202.000    -0.3152   2.834859    -0.3157   2.835199    6.95117    -0.0781    13.8155 0.0000e+00  -61.20633  -54.47633 1152921926 196.003798    34.3151 0.0000e+00
    203.000    -0.3212   2.834242    -0.3197   2.834808    6.93174    -0.0656    13.8155 0.0000e+00  -61.20633  -54.47633 1152921928 196.003823    34.3137 0.0000e+00
    204.000    -0.3164   2.834847    -0.3150   2.835318    6.91925    -0.0711    13.8155 0.0000e+00  -61.20633  -54.47633 1152921931 196.003849    34.3161 0.0000e+00
    205.000    -0.3063   2.836208    -0.3056   2.836561    6.90737    -0.0816    13.8155 0.0000e+00  -61.20633  -54.47633 1152921932 196.003862    34.3222 0.0000e+00
    206.000    -0.3063   2.836426    -0.3065   2.836783    6.90001    -0.0699    13.8155 0.0000e+00  -61.20633  -54.47633 1152921933 196.003873    34.3244 0.0000e+00
    207.000    -0.3081   2.836269    -0.3085   2.836643    6.89272    -0.0901    13.8155 0.0000e+00  -61.20633  -54.47633 1152921934 196.003883    34.3239 0.0000e+00
    208.000    -0.3128   2.835900    -0.3131   2.836242    6.88569    -0.0824    13.8155 0.0000e+00  -61.20633  -54.47633 1152921934 196.003895    34.3240 0.0000e+00
    209.000    -0.3113   2.836080    -0.3098   2.836614    6.88030    -0.0753    13.8155 0.0000e+00  -61.20633  -54.47633 1152921936 196.003914    34.3242 0.0000e+00
    210.000    -0.3110   2.836144    -0.3105   2.836565    6.87861    -0.0776    13.8155 0.0000e+00  -61.20633  -54.47633 1152921938 196.003940    34.3242 0.0000e+00
    211.000    -0.3088   2.836413    -0.3085   2.836820    6.87493    -0.0866    13.8155 0.0000e+00  -61.20633  -54.47633 1152921940 196.003954    34.3247 0.0000e+00
    212.000    -0.3101   2.836344    -0.3097   2.836768    6.87210    -0.0806    13.8155 0.0000e+00  -61.20633  -54.47633 1152921940 196.003964    34.3247 0.0000e+00
    213.000    -0.3087   2.836515    -0.3082   2.836946    6.86844    -0.0928    13.8155 0.0000e+00  -61.20633  -54.47633 1152921941 196.003972    34.3248 0.0000e+00
    214.000    -0.3105   2.836373    -0.3099   2.836833    6.86496    -0.0914    13.8155 0.0000e+00  -61.20633  -54.47633 1152921942 196.003982    34.3244 0.0000e+00
    215.000    -0.3104   2.836448    -0.3099   2.836887    6.86294    -0.0766    13.8155 0.0000e+00  -61.20633  -54.47633 1152921944 196.004005    34.3248 0.0000e+00
    216.000    -0.3086   2.836659    -0.3081   2.837100    6.86913    -0.1004    13.8155 0.0000e+00  -61.20633  -54.47633 1152921946 196.004030    34.3250 0.0000e+00
    217.000    -0.3080   2.836753    -0.3081   2.837162    6.86884    -0.1040    13.8155 0.0000e+00  -61.20633  -54.47633 1152921947 196.004041    34.3249 0.0000e+00
    218.000    -0.3088   2.836714    -0.3083   2.837172    6.86858    -0.0884    13.8155 0.0000e+00  -61.20633  -54.47633 1152921948 196.004051    34.3246 0.0000e+00
    219.000    -0.3084   2.836777    -0.3086   2.837144    6.86866    -0.0677    13.8155 0.0000e+00  -61.20633  -54.47633 1152921949 196.004062    34.3245 0.0000e+00
    220.000    -0.3156   2.836266    -0.3171   2.836596    6.86903    -0.0703    13.8155 0.0000e+00  -61.20633  -54.47633 1152921950 196.004074    34.3254 0.0000e+00
    221.000    -0.3284   2.835274    -0.3257   2.835870    6.86917    -0.0807    13.8155 0.0000e+00  -61.20633  -54.47633 1152921951 196.004090    34.3264 0.0000e+00
    222.000    -0.3237   2.835680    -0.3272   2.835865    6.86106    -0.0815    13.8155 0.0000e+00  -61.20633  -54.47633 1152921954 196.004118    34.3257 0.0000e+00
    223.000    -0.3280   2.836091    -0.3280   2.836501    6.84488    -0.0844    13.8155 0.0000e+00  -61.20633  -54.47633 1152921956 196.004139    34.3356 0.0000e+00
    224.000    -0.3266   2.836672    -0.3263   2.837113    6.83177    -0.0649    13.8155 0.0000e+00  -61.20633  -54.47633 1152921956 196.004148    34.3410 0.0000e+00
    225.000    -0.3258   2.837261    -0.3257   2.837587    6.82187    -0.0973    13.8155 0.0000e+00  -61.20633  -54.47633 1152921957 196.004157    34.3475 0.0000e+00
    226.000    -0.3252   2.837605    -0.3250   2.838015    6.81453    -0.0760    13.8155 0.0000e+00  -61.20633  -54.47633 1152921958 196.004164    34.3505 0.0000e+00
    227.000    -0.3252   2.837668    -0.3252   2.838101    6.80573    -0.0959    13.8155 0.0000e+00  -61.20633  -54.47633 1152921958 196.004172    34.3507 0.0000e+00
    228.000    -0.3257   2.837601    -0.3253   2.837927    6.78640    -0.0837    13.8155 0.0000e+00  -61.20633  -54.47633 1152921961 196.004204    34.3498 0.0000e+00
    229.000    -0.3253   2.837701    -0.3250   2.838310    6.77302    -0.0828    13.8155 0.0000e+00  -61.20633  -54.47633 1152921963 196.004228    34.3501 0.0000e+00
    230.000    -0.3239   2.838354    -0.3237   2.838761    6.76532    -0.0863    13.8155 0.0000e+00  -61.20633  -54.47633 1152921964 196.004237    34.3566 0.0000e+00
    231.000    -0.3225   2.838574    -0.3226   2.838970    6.75688    -0.1007    13.8155 0.0000e+00  -61.20633  -54.47633 1152921965 196.004246    34.3573 0.0000e+00
    232.000    -0.3186   2.839050    -0.3174   2.839549    6.75059    -0.0798    13.8155 0.0000e+00  -61.20633  -54.47633 1152921966 196.004257    34.3585 0.0000e+00
    233.000    -0.3148   2.839453    -0.3151   2.839832    6.74404    -0.0862    13.8155 0.0000e+00  -61.20633  -54.47633 1152921967 196.004274    34.3588 0.0000e+00
    234.000    -0.3144   2.839546    -0.3148   2.839890    6.73680    -0.0929    13.8155 0.0000e+00  -61.20633  -54.47633 1152921969 196.004293    34.3591 0.0000e+00
    235.000    -0.3141   2.839632    -0.3140   2.840021    6.73234    -0.0888    13.8155 0.0000e+00  -61.20633  -54.47633 1152921970 196.004306    34.3593 0.0000e+00
    236.000    -0.3139   2.839691    -0.3138   2.840099    6.72764    -0.1008    13.8155 0.0000e+00  -61.20633  -54.47633 1152921971 196.004319    34.3593 0.0000e+00
    237.000    -0.3125   2.839905    -0.3124   2.840310    6.72541    -0.0753    13.8155 0.0000e+00  -61.20633  -54.47633 1152921973 196.004338    34.3600 0.0000e+00
    238.000    -0.3135   2.839903    -0.3136   2.840293    6.72381    -0.0966    13.8155 0.0000e+00  -61.20633  -54.47633 1152921974 196.004355    34.3605 0.0000e+00
    239.000    -0.3141   2.839918    -0.3141   2.840320    6.72107    -0.0858    13.8155 0.0000e+00  -61.20633  -54.47633 1152921975 196.004367    34.3609 0.0000e+00
    240.000    -0.3131   2.840099    -0.3130   2.840503    6.72041    -0.0588    13.8155 0.0000e+00  -61.20633  -54.47633 1152921976 196.004377    34.3615 0.0000e+00
    241.000    -0.3131   2.840143    -0.3129   2.840548    6.71868    -0.0852    13.8155 0.0000e+00  -61.20633  -54.47633 1152921978 196.004394    34.3615 0.0000e+00
    242.000    -0.3133   2.840159    -0.3133   2.840567    6.71999    -0.0782    13.8155 0.0000e+00  -61.20633  -54.47633 1152921980 196.004415    34.3614 0.0000e+00
    243.000    -0.3129   2.840278    -0.3125   2.840704    6.71949    -0.0889    13.8155 0.0000e+00  -61.20633  -54.47633 1152921980 196.004427    34.3619 0.0000e+00
    244.000    -0.3107   2.840595    -0.3104   2.841027    6.71595    -0.1021    13.8155 0.0000e+00  -61.20633  -54.47633 1152921981 196.004436    34.3629 0.0000e+00
    245.000    -0.3100   2.840709    -0.3098   2.841149    6.71503    -0.0776    13.8155 0.0000e+00  -61.20633  -54.47633 1152921982 196.004445    34.3630 0.0000e+00
    246.000    -0.3097   2.840799    -0.3096   2.841207    6.71199    -0.0801    13.8155 0.0000e+00  -61.20633  -54.47633 1152921984 196.004466    34.3633 0.0000e+00
    247.000    -0.3097   2.840852    -0.3081   2.841394    6.71037    -0.0932    13.8155 0.0000e+00  -61.20633  -54.47633 1152921987 196.004501    34.3636 0.0000e+00
    248.000    -0.3020   2.841723    -0.3017   2.842138    6.70714    -0.0907    13.8155 0.0000e+00  -61.20633  -54.47633 1152921988 196.004510    34.3657 0.0000e+00
    249.000    -0.2955   2.842448    -0.2952   2.842857    6.70145    -0.0676    13.8155 0.0000e+00  -61.20633  -54.47633 1152921988 196.004519    34.3673 0.0000e+00
    250.000    -0.2930   2.842751    -0.2929   2.843128    6.69782    -0.1020    13.8155 0.0000e+00  -61.20633  -54.47633 1152921989 196.004527    34.3677 0.0000e+00
    251.000    -0.2910   2.842993    -0.2905   2.843425    6.69140    -0.0769    13.8155 0.0000e+00  -61.20633  -54.47633 1152921990 196.004538    34.3681 0.0000e+00
    252.000    -0.2865   2.843566    -0.2857   2.844001    6.67934    -0.0960    13.8155 0.0000e+00  -61.20633  -54.47633 1152921992 196.004556    34.3701 0.0000e+00
    253.000    -0.2782   2.844438    -0.2784   2.844788    6.67367    -0.1078    13.8155 0.0000e+00  -61.20633  -54.47633 1152921993 196.004572    34.3716 0.0000e+00
    254.000    -0.2771   2.844575    -0.2771   2.844951    6.67129    -0.0880    13.8155 0.0000e+00  -61.20633  -54.47633 1152921994 196.004585    34.3715 0.0000e+00
    255.000    -0.2741   2.844948    -0.2719   2.845525    6.66512    -0.0819    13.8155 0.0000e+00  -61.20633  -54.47633 1152921995 196.004598    34.3726 0.0000e+00
    256.000    -0.2629   2.846147    -0.2620   2.846595    6.65841    -0.0832    13.8155 0.0000e+00  -61.20633  -54.47633 1152921997 196.004618    34.3752 0.0000e+00
    257.000    -0.2590   2.846631    -0.2586   2.847053    6.65219    -0.0975    13.8155 0.0000e+00  -61.20633  -54.47633 1152921999 196.004639    34.3768 0.0000e+00
    258.000    -0.2560   2.847000    -0.2560   2.847375    6.64963    -0.1024    13.8155 0.0000e+00  -61.20633  -54.47633 1152922000 196.004652    34.3777 0.0000e+00
    259.000    -0.2556   2.847091    -0.2553   2.847494    6.64689    -0.0825    13.8155 0.0000e+00  -61.20633  -54.47633 1152922001 196.004662    34.3779 0.0000e+00
    260.000    -0.2554   2.847200    -0.2550   2.847615    6.64315    -0.0772    13.8155 0.0000e+00  -61.20633  -54.47633 1152922002 196.004672    34.3787 0.0000e+00
    261.000    -0.2525   2.847670    -0.2516   2.848148    6.63871    -0.0824    13.8155 0.0000e+00  -61.20633  -54.47633 1152922003 196.004686    34.3810 0.0000e+00
    262.000    -0.2504   2.847985    -0.2506   2.848343    6.63254    -0.0890    13.8155 0.0000e+00  -61.20633  -54.47633 1152922004 196.004704    34.3823 0.0000e+00
    263.000    -0.2516   2.847898    -0.2510   2.848335    6.62468    -0.0928    13.8155 0.0000e+00  -61.20633  -54.47633 1152922006 196.004721    34.3820 0.0000e+00
    264.000    -0.2467   2.848583    -0.2463   2.848998    6.61633    -0.0822    13.8155 0.0000e+00  -61.20633  -54.47633 1152922007 196.004736    34.3849 0.0000e+00
    265.000    -0.2448   2.848865    -0.2441   2.849310    6.61044    -0.0850    13.8155 0.0000e+00  -61.20633  -54.47633 1152922008 196.004751    34.3859 0.0000e+00
    266.000    -0.2426   2.849186    -0.2416   2.849684    6.60390    -0.0993    13.8155 0.0000e+00  -61.20633  -54.47633 1152922010 196.004765    34.3872 0.0000e+00
    267.000    -0.2360   2.850049    -0.2359   2.850429    6.59794    -0.0816    13.8155 0.0000e+00  -61.20633  -54.47633 1152922011 196.004779    34.3906 0.0000e+00
    268.000    -0.2351   2.850180    -0.2352   2.850563    6.59430    -0.0993    13.8155 0.0000e+00  -61.20633  -54.47633 1152922012 196.004794    34.3906 0.0000e+00
    269.000    -0.2367   2.850035    -0.2364   2.850462    6.59320    -0.0961    13.8155 0.0000e+00  -61.20633  -54.47633 1152922014 196.004810    34.3901 0.0000e+00
    270.000    -0.2365   2.850117    -0.2364   2.850502    6.59049    -0.1018    13.8155 0.0000e+00  -61.20633  -54.47633 1152922015 196.004824    34.3904 0.0000e+00
    271.000    -0.2354   2.850301    -0.2351   2.850716    6.58637    -0.0925    13.8155 0.0000e+00  -61.20633  -54.47633 1152922016 196.004840    34.3910 0.0000e+00
    272.000    -0.2356   2.850318    -0.2355   2.850716    6.58073    -0.0810    13.8155 0.0000e+00  -61.20633  -54.47633 1152922018 196.004858    34.3909 0.0000e+00
    273.000    -0.2352   2.850433    -0.2350   2.850849    6.58139    -0.0922    13.8155 0.0000e+00  -61.20633  -54.47633 1152922019 196.004874    34.3914 0.0000e+00
    274.000    -0.2343   2.850576    -0.2344   2.850963    6.57865    -0.0795    13.8155 0.0000e+00  -61.20633  -54.47633 1152922020 196.004886    34.3918 0.0000e+00
    275.000    -0.2332   2.850776    -0.2326   2.851215    6.57550    -0.1050    13.8155 0.0000e+00  -61.20633  -54.47633 1152922021 196.004897    34.3927 0.0000e+00
    276.000    -0.2276   2.851475    -0.2273   2.851898    6.57397    -0.0948    13.8155 0.0000e+00  -61.20633  -54.47633 1152922022 196.004909    34.3948 0.0000e+00
    277.000    -0.2293   2.851335    -0.2291   2.851750    6.57257    -0.0962    13.8155 0.0000e+00  -61.20633  -54.47633 1152922023 196.004923    34.3944 0.0000e+00
    278.000    -0.2293   2.851414    -0.2287   2.851860    6.56758    -0.0924    13.8155 0.0000e+00  -61.20633  -54.47633 1152922025 196.004945    34.3949 0.0000e+00
    279.000    -0.2258   2.851949    -0.2255   2.852366    6.56134    -0.0949    13.8155 0.0000e+00  -61.20633  -54.47633 1152922027 196.004965    34.3973 0.0000e+00
    280.000    -0.2235   2.852329    -0.2230   2.852741    6.55528    -0.0999    13.8155 0.0000e+00  -61.20633  -54.47633 1152922028 196.004979    34.3992 0.0000e+00
    281.000    -0.2214   2.852639    -0.2217   2.852983    6.54837    -0.0961    13.8155 0.0000e+00  -61.20633  -54.47633 1152922029 196.004990    34.4003 0.0000e+00
    282.000    -0.2209   2.852755    -0.2207   2.853156    6.54444    -0.0971    13.8155 0.0000e+00  -61.20633  -54.47633 1152922030 196.005001    34.4008 0.0000e+00
    283.000    -0.2193   2.853029    -0.2191   2.853428    6.54148    -0.0955    13.8155 0.0000e+00  -61.20633  -54.47633 1152922031 196.005013    34.4020 0.0000e+00
    284.000    -0.2168   2.853392    -0.2165   2.853796    6.53891    -0.0994    13.8155 0.0000e+00  -61.20633  -54.47633 1152922032 196.005027    34.4034 0.0000e+00
    285.000    -0.2164   2.853435    -0.2155   2.853956    6.53303    -0.0896    13.8155 0.0000e+00  -61.20633  -54.47633 1152922035 196.005055    34.4032 0.0000e+00
    286.000    -0.2155   2.853621    -0.2154   2.854033    6.53137    -0.0818    13.8155 0.0000e+00  -61.20633  -54.47633 1152922037 196.005076    34.4039 0.0000e+00
    287.000    -0.2154   2.853677    -0.2152   2.854088    6.53263    -0.0805    13.8155 0.0000e+00  -61.20633  -54.47633 1152922037 196.005085    34.4040 0.0000e+00
    288.000    -0.2147   2.853807    -0.2145   2.854233    6.53228    -0.0794    13.8155 0.0000e+00  -61.20633  -54.47633 1152922038 196.005094    34.4042 0.0000e+00
    289.000    -0.2115   2.854258    -0.2114   2.854642    6.53004    -0.1030    13.8155 0.0000e+00  -61.20633  -54.47633 1152922039 196.005102    34.4060 0.0000e+00
    290.000    -0.2113   2.854296    -0.2111   2.854723    6.52983    -0.1025    13.8155 0.0000e+00  -61.20633  -54.47633 1152922040 196.005112    34.4056 0.0000e+00
    291.000    -0.2122   2.854254    -0.2113   2.854730    6.52751    -0.0858    13.8155 0.0000e+00  -61.20633  -54.47633 1152922042 196.005142    34.4056 0.0000e+00
    292.000    -0.2106   2.854517    -0.2101   2.854936    6.52891    -0.0885    13.8155 0.0000e+00  -61.20633  -54.47633 1152922044 196.005165    34.4067 0.0000e+00
