product_data/regression_test/downloaded_data/MGDS/320620060703/ctd/p6617802.cnv
* Sea-Bird SBE 9 Data File:
* FileName = D:\Data\Raw\p6617802.dat
* Software Version Seasave Win32 V 5.32
* Temperature SN = 1649
* Conductivity SN = 1431
* Number of Bytes Per Scan = 37
* Number of Voltage Words = 5
* Number of Scans Averaged by the Deck Unit = 1
* NMEA Latitude = 60 36.99 S
* NMEA Longitude = 054 31.80 W
* NMEA UTC (Time) = 00:34:19
** Ship:   Nathaniel B. Palmer 
** Cruise:    NBP0606 
# nquan = 15
# nvalues = 1000                        
# units = specified
# name 0 = prDM: Pressure, Digiquartz [db]
# name 1 = t090C: Temperature [ITS-90, deg C]
# name 2 = c0S/m: Conductivity [S/m]
# name 3 = t190C: Temperature, 2 [ITS-90, deg C]
# name 4 = c1S/m: Conductivity, 2 [S/m]
# name 5 = sbeox0ML/L: Oxygen, SBE 43 [ml/l]
# name 6 = flECO-AFL: Fluorescence, Wetlab ECO-AFL/FL [mg/m^3]
# name 7 = bat: Beam Attenuation, Chelsea/Seatech/Wetlab CStar [1/m]
# name 8 = spar: SPAR/Surface Irradiance
# name 9 = latitude: Latitude [deg]
# name 10 = longitude: Longitude [deg]
# name 11 = timeY: Time, System [seconds]
# name 12 = timeJ: Julian Days
# name 13 = sal00: Salinity [PSU]
# name 14 = flag: flag
# span 0 =      3.000,   1002.000       
# span 1 =    -0.6984,     1.9503       
# span 2 =   2.787808,   3.069223       
# span 3 =    -0.6977,     1.9507       
# span 4 =   2.788530,   3.069490       
# span 5 =    4.42317,    7.62227       
# span 6 =    -0.1051,     0.4051       
# span 7 =    13.8155,    13.8155       
# span 8 = -6.842e-03, 1.9168e-01       
# span 9 =  -60.61650,  -60.61650       
# span 10 =  -54.53000,  -54.53000      
# span 11 = 1153528470, 1153529838      
# span 12 = 203.023967, 203.039811      
# span 13 =    34.1885,    34.7154      
# span 14 = 0.0000e+00, 0.0000e+00      
# interval = decibars: 1                
# start_time = Jul 22 2006 00:34:27
# bad_flag = -9.990e-29
*END*
[from data line 868]
    871.000     1.0748   3.011183     1.0742   3.011469    5.08290    -0.0739    13.8155 0.0000e+00  -60.61650  -54.53000 1153529664 203.037796    34.6818 0.0000e+00
    872.000     1.0721   3.010977     1.0721   3.011328    5.08314    -0.0813    13.8155 0.0000e+00  -60.61650  -54.53000 1153529665 203.037809    34.6816 0.0000e+00
    873.000     1.0723   3.011044     1.0724   3.011399    5.08393    -0.0781    13.8155 0.0000e+00  -60.61650  -54.53000 1153529666 203.037821    34.6817 0.0000e+00
    874.000     1.0680   3.010665     1.0686   3.011098    5.08363    -0.0701    13.8155 0.0000e+00  -60.61650  -54.53000 1153529667 203.037833    34.6809 0.0000e+00
    875.000     1.0643   3.010375     1.0641   3.010712    5.08416    -0.0851    13.8155 0.0000e+00  -60.61650  -54.53000 1153529668 203.037847    34.6809 0.0000e+00
    876.000     1.0634   3.010339     1.0635   3.010690    5.08327    -0.0730    13.8155 0.0000e+00  -60.61650  -54.53000 1153529670 203.037863    34.6809 0.0000e+00
    877.000     1.0651   3.010566     1.0653   3.010909    5.08555    -0.0670    13.8155 0.0000e+00  -60.61650  -54.53000 1153529671 203.037876    34.6812 0.0000e+00
    878.000     1.0670   3.010781     1.0671   3.011126    5.08768    -0.0866    13.8155 0.0000e+00  -60.61650  -54.53000 1153529672 203.037886    34.6812 0.0000e+00
    879.000     1.0685   3.011000     1.0689   3.011351    5.08771    -0.0753    13.8155 0.0000e+00  -60.61650  -54.53000 1153529672 203.037896    34.6818 0.0000e+00
    880.000     1.0754   3.011714     1.0763   3.012103    5.08496    -0.0824    13.8155 0.0000e+00  -60.61650  -54.53000 1153529673 203.037906    34.6824 0.0000e+00
    881.000     1.0757   3.011758     1.0766   3.012174    5.08159    -0.0786    13.8155 0.0000e+00  -60.61650  -54.53000 1153529676 203.037943    34.6822 0.0000e+00
    882.000     1.0790   3.012158     1.0754   3.012089    5.08024    -0.0873    13.8155 0.0000e+00  -60.61650  -54.53000 1153529679 203.037972    34.6833 0.0000e+00
    883.000     1.0994   3.014181     1.0992   3.014494    5.07863    -0.0859    13.8155 0.0000e+00  -60.61650  -54.53000 1153529680 203.037982    34.6850 0.0000e+00
    884.000     1.0989   3.014240     1.0994   3.014592    5.07580    -0.0812    13.8155 0.0000e+00  -60.61650  -54.53000 1153529681 203.037991    34.6861 0.0000e+00
    885.000     1.0992   3.014266     1.0989   3.014623    5.07583    -0.0836    13.8155 0.0000e+00  -60.61650  -54.53000 1153529681 203.037999    34.6853 0.0000e+00
    886.000     1.0912   3.013560     1.0899   3.013807    5.07640    -0.0713    13.8155 0.0000e+00  -60.61650  -54.53000 1153529682 203.038007    34.6850 0.0000e+00
    887.000     1.0927   3.013782     1.0925   3.014085    5.07551    -0.0747    13.8155 0.0000e+00  -60.61650  -54.53000 1153529683 203.038016    34.6856 0.0000e+00
    888.000     1.0897   3.013526     1.0897   3.013870    5.07337    -0.0764    13.8155 0.0000e+00  -60.61650  -54.53000 1153529684 203.038028    34.6852 0.0000e+00
    889.000     1.0917   3.013777     1.0920   3.014140    5.07056    -0.0793    13.8155 0.0000e+00  -60.61650  -54.53000 1153529685 203.038045    34.6856 0.0000e+00
    890.000     1.0911   3.013759     1.0914   3.014110    5.06868    -0.0814    13.8155 0.0000e+00  -60.61650  -54.53000 1153529687 203.038063    34.6855 0.0000e+00
    891.000     1.0890   3.013607     1.0891   3.013947    5.06883    -0.0843    13.8155 0.0000e+00  -60.61650  -54.53000 1153529690 203.038095    34.6855 0.0000e+00
    892.000     1.0822   3.013016     1.0828   3.013431    5.06950    -0.0832    13.8155 0.0000e+00  -60.61650  -54.53000 1153529692 203.038120    34.6851 0.0000e+00
    893.000     1.0860   3.013453     1.0849   3.013673    5.07085    -0.1051    13.8155 0.0000e+00  -60.61650  -54.53000 1153529693 203.038130    34.6859 0.0000e+00
    894.000     1.0855   3.013400     1.0860   3.013837    5.06710    -0.0922    13.8155 0.0000e+00  -60.61650  -54.53000 1153529693 203.038139    34.6851 0.0000e+00
    895.000     1.0825   3.013194     1.0827   3.013562    5.06362    -0.0634    13.8155 0.0000e+00  -60.61650  -54.53000 1153529694 203.038146    34.6853 0.0000e+00
    896.000     1.0852   3.013509     1.0862   3.013919    5.06447    -0.0938    13.8155 0.0000e+00  -60.61650  -54.53000 1153529695 203.038154    34.6858 0.0000e+00
    897.000     1.0919   3.014207     1.0922   3.014531    5.06316    -0.0717    13.8155 0.0000e+00  -60.61650  -54.53000 1153529695 203.038162    34.6867 0.0000e+00
    898.000     1.0910   3.014157     1.0903   3.014419    5.06368    -0.0904    13.8155 0.0000e+00  -60.61650  -54.53000 1153529697 203.038178    34.6864 0.0000e+00
    899.000     1.1003   3.015068     1.1066   3.015997    5.06289    -0.0824    13.8155 0.0000e+00  -60.61650  -54.53000 1153529699 203.038201    34.6870 0.0000e+00
    900.000     1.1090   3.015994     1.1065   3.016099    5.05715    -0.0851    13.8155 0.0000e+00  -60.61650  -54.53000 1153529700 203.038218    34.6885 0.0000e+00
    901.000     1.0947   3.014666     1.1011   3.015582    5.05735    -0.0848    13.8155 0.0000e+00  -60.61650  -54.53000 1153529702 203.038239    34.6871 0.0000e+00
    902.000     1.0845   3.013751     1.0877   3.014370    5.05899    -0.0947    13.8155 0.0000e+00  -60.61650  -54.53000 1153529704 203.038262    34.6867 0.0000e+00
    903.000     1.0955   3.014777     1.0925   3.014883    5.06326    -0.0854    13.8155 0.0000e+00  -60.61650  -54.53000 1153529705 203.038277    34.6863 0.0000e+00
    904.000     1.0793   3.013349     1.0754   3.013309    5.06505    -0.0916    13.8155 0.0000e+00  -60.61650  -54.53000 1153529706 203.038290    34.6862 0.0000e+00
    905.000     1.0911   3.014517     1.0928   3.014976    5.06877    -0.0801    13.8155 0.0000e+00  -60.61650  -54.53000 1153529708 203.038303    34.6871 0.0000e+00
    906.000     1.0926   3.014679     1.0927   3.015046    5.06930    -0.0676    13.8155 0.0000e+00  -60.61650  -54.53000 1153529708 203.038314    34.6869 0.0000e+00
    907.000     1.0893   3.014435     1.0894   3.014767    5.06796    -0.0730    13.8155 0.0000e+00  -60.61650  -54.53000 1153529709 203.038324    34.6869 0.0000e+00
    908.000     1.0892   3.014479     1.0899   3.014879    5.06687    -0.0784    13.8155 0.0000e+00  -60.61650  -54.53000 1153529710 203.038332    34.6868 0.0000e+00
    909.000     1.0924   3.014766     1.0920   3.015129    5.06679    -0.0770    13.8155 0.0000e+00  -60.61650  -54.53000 1153529711 203.038341    34.6863 0.0000e+00
    910.000     1.0757   3.013228     1.0763   3.013720    5.06676    -0.0749    13.8155 0.0000e+00  -60.61650  -54.53000 1153529712 203.038350    34.6851 0.0000e+00
    911.000     1.0805   3.013760     1.0794   3.014002    5.07294    -0.0879    13.8155 0.0000e+00  -60.61650  -54.53000 1153529715 203.038392    34.6859 0.0000e+00
    912.000     1.0772   3.013504     1.0797   3.014093    5.07482    -0.0867    13.8155 0.0000e+00  -60.61650  -54.53000 1153529718 203.038419    34.6857 0.0000e+00
    913.000     1.0695   3.012842     1.0710   3.013344    5.07639    -0.0790    13.8155 0.0000e+00  -60.61650  -54.53000 1153529718 203.038429    34.6855 0.0000e+00
    914.000     1.0719   3.013127     1.0719   3.013444    5.07408    -0.0609    13.8155 0.0000e+00  -60.61650  -54.53000 1153529719 203.038439    34.6858 0.0000e+00
    915.000     1.0682   3.012807     1.0681   3.013155    5.07334    -0.0789    13.8155 0.0000e+00  -60.61650  -54.53000 1153529720 203.038448    34.6853 0.0000e+00
    916.000     1.0696   3.013012     1.0696   3.013348    5.07155    -0.0803    13.8155 0.0000e+00  -60.61650  -54.53000 1153529721 203.038458    34.6858 0.0000e+00
    917.000     1.0730   3.013400     1.0730   3.013735    5.06990    -0.0741    13.8155 0.0000e+00  -60.61650  -54.53000 1153529722 203.038471    34.6863 0.0000e+00
    918.000     1.0737   3.013517     1.0738   3.013861    5.06967    -0.0901    13.8155 0.0000e+00  -60.61650  -54.53000 1153529724 203.038488    34.6864 0.0000e+00
    919.000     1.0745   3.013648     1.0746   3.013987    5.06958    -0.0776    13.8155 0.0000e+00  -60.61650  -54.53000 1153529725 203.038503    34.6866 0.0000e+00
    920.000     1.0761   3.013847     1.0762   3.014190    5.06920    -0.0725    13.8155 0.0000e+00  -60.61650  -54.53000 1153529726 203.038515    34.6868 0.0000e+00
    921.000     1.0813   3.014414     1.0814   3.014747    5.06628    -0.0752    13.8155 0.0000e+00  -60.61650  -54.53000 1153529727 203.038526    34.6876 0.0000e+00
    922.000     1.0859   3.014904     1.0862   3.015249    5.06518    -0.0845    13.8155 0.0000e+00  -60.61650  -54.53000 1153529728 203.038539    34.6881 0.0000e+00
    923.000     1.0877   3.015112     1.0872   3.015400    5.06183    -0.0859    13.8155 0.0000e+00  -60.61650  -54.53000 1153529730 203.038561    34.6882 0.0000e+00
    924.000     1.0865   3.015041     1.0853   3.015243    5.06086    -0.0821    13.8155 0.0000e+00  -60.61650  -54.53000 1153529732 203.038590    34.6885 0.0000e+00
    925.000     1.0928   3.015717     1.0931   3.016065    5.05696    -0.0818    13.8155 0.0000e+00  -60.61650  -54.53000 1153529734 203.038606    34.6891 0.0000e+00
    926.000     1.0956   3.016034     1.0956   3.016367    5.05756    -0.0834    13.8155 0.0000e+00  -60.61650  -54.53000 1153529735 203.038619    34.6895 0.0000e+00
    927.000     1.0965   3.016174     1.0962   3.016481    5.05637    -0.0792    13.8155 0.0000e+00  -60.61650  -54.53000 1153529736 203.038631    34.6897 0.0000e+00
    928.000     1.0989   3.016474     1.0991   3.016802    5.05453    -0.0858    13.8155 0.0000e+00  -60.61650  -54.53000 1153529737 203.038642    34.6904 0.0000e+00
    929.000     1.1054   3.017187     1.1059   3.017526    5.05303    -0.0827    13.8155 0.0000e+00  -60.61650  -54.53000 1153529738 203.038653    34.6916 0.0000e+00
    930.000     1.1061   3.017298     1.1066   3.017694    5.05039    -0.1034    13.8155 0.0000e+00  -60.61650  -54.53000 1153529738 203.038662    34.6916 0.0000e+00
    931.000     1.1049   3.017244     1.1040   3.017477    5.04969    -0.0987    13.8155 0.0000e+00  -60.61650  -54.53000 1153529739 203.038671    34.6919 0.0000e+00
    932.000     1.1060   3.017399     1.1058   3.017696    5.04856    -0.0790    13.8155 0.0000e+00  -60.61650  -54.53000 1153529740 203.038681    34.6920 0.0000e+00
    933.000     1.1052   3.017353     1.1052   3.017661    5.04714    -0.0733    13.8155 0.0000e+00  -60.61650  -54.53000 1153529743 203.038715    34.6919 0.0000e+00
    934.000     1.1051   3.017379     1.1052   3.017701    5.04729    -0.0842    13.8155 0.0000e+00  -60.61650  -54.53000 1153529745 203.038743    34.6919 0.0000e+00
    935.000     1.1060   3.017521     1.1062   3.017861    5.04788    -0.0771    13.8155 0.0000e+00  -60.61650  -54.53000 1153529746 203.038755    34.6921 0.0000e+00
    936.000     1.1040   3.017396     1.1043   3.017752    5.04836    -0.0785    13.8155 0.0000e+00  -60.61650  -54.53000 1153529747 203.038766    34.6924 0.0000e+00
    937.000     1.1073   3.017785     1.1070   3.018080    5.04609    -0.0540    13.8155 0.0000e+00  -60.61650  -54.53000 1153529748 203.038777    34.6930 0.0000e+00
    938.000     1.1081   3.017891     1.1083   3.018255    5.04439    -0.0809    13.8155 0.0000e+00  -60.61650  -54.53000 1153529749 203.038787    34.6930 0.0000e+00
    939.000     1.1069   3.017829     1.1069   3.018158    5.04495    -0.0786    13.8155 0.0000e+00  -60.61650  -54.53000 1153529750 203.038797    34.6929 0.0000e+00
    940.000     1.1081   3.017989     1.1079   3.018300    5.04459    -0.0946    13.8155 0.0000e+00  -60.61650  -54.53000 1153529751 203.038809    34.6930 0.0000e+00
    941.000     1.1075   3.017965     1.1073   3.018292    5.04527    -0.0810    13.8155 0.0000e+00  -60.61650  -54.53000 1153529752 203.038824    34.6929 0.0000e+00
    942.000     1.1067   3.017933     1.1077   3.018362    5.04300    -0.0973    13.8155 0.0000e+00  -60.61650  -54.53000 1153529754 203.038839    34.6929 0.0000e+00
    943.000     1.1098   3.018328     1.1100   3.018652    5.04031    -0.0829    13.8155 0.0000e+00  -60.61650  -54.53000 1153529755 203.038854    34.6939 0.0000e+00
    944.000     1.1126   3.018664     1.1130   3.019032    5.03742    -0.0871    13.8155 0.0000e+00  -60.61650  -54.53000 1153529756 203.038868    34.6944 0.0000e+00
    945.000     1.1129   3.018731     1.1123   3.019007    5.03591    -0.0821    13.8155 0.0000e+00  -60.61650  -54.53000 1153529758 203.038892    34.6944 0.0000e+00
    946.000     1.1137   3.018862     1.1143   3.019241    5.03670    -0.0925    13.8155 0.0000e+00  -60.61650  -54.53000 1153529761 203.038925    34.6948 0.0000e+00
    947.000     1.1180   3.019350     1.1185   3.019690    5.03735    -0.0946    13.8155 0.0000e+00  -60.61650  -54.53000 1153529762 203.038937    34.6956 0.0000e+00
    948.000     1.1176   3.019315     1.1177   3.019672    5.04159    -0.0826    13.8155 0.0000e+00  -60.61650  -54.53000 1153529763 203.038947    34.6949 0.0000e+00
    949.000     1.1133   3.018944     1.1142   3.019392    5.04278    -0.0857    13.8155 0.0000e+00  -60.61650  -54.53000 1153529764 203.038956    34.6944 0.0000e+00
    950.000     1.1076   3.018419     1.1084   3.018900    5.04482    -0.0780    13.8155 0.0000e+00  -60.61650  -54.53000 1153529765 203.038965    34.6938 0.0000e+00
    951.000     1.0994   3.017704     1.0995   3.018079    5.04213    -0.0914    13.8155 0.0000e+00  -60.61650  -54.53000 1153529765 203.038973    34.6935 0.0000e+00
    952.000     1.0994   3.017753     1.0995   3.018120    5.04105    -0.0632    13.8155 0.0000e+00  -60.61650  -54.53000 1153529766 203.038981    34.6935 0.0000e+00
    953.000     1.0951   3.017346     1.0941   3.017661    5.04393    -0.0913    13.8155 0.0000e+00  -60.61650  -54.53000 1153529767 203.038990    34.6922 0.0000e+00
    954.000     1.0720   3.015194     1.0660   3.015075    5.04913    -0.0872    13.8155 0.0000e+00  -60.61650  -54.53000 1153529768 203.039001    34.6904 0.0000e+00
    955.000     1.0912   3.017114     1.0910   3.017403    5.05579    -0.0827    13.8155 0.0000e+00  -60.61650  -54.53000 1153529772 203.039055    34.6924 0.0000e+00
    956.000     1.0809   3.016158     1.0831   3.016801    5.06463    -0.0723    13.8155 0.0000e+00  -60.61650  -54.53000 1153529774 203.039077    34.6910 0.0000e+00
    957.000     1.0496   3.013204     1.0519   3.013911    5.06902    -0.0698    13.8155 0.0000e+00  -60.61650  -54.53000 1153529775 203.039086    34.6883 0.0000e+00
    958.000     1.0467   3.013014     1.0455   3.013313    5.07102    -0.0824    13.8155 0.0000e+00  -60.61650  -54.53000 1153529776 203.039095    34.6886 0.0000e+00
    959.000     1.0436   3.012773     1.0434   3.013120    5.07602    -0.0771    13.8155 0.0000e+00  -60.61650  -54.53000 1153529777 203.039103    34.6885 0.0000e+00
    960.000     1.0415   3.012602     1.0418   3.013021    5.07758    -0.0689    13.8155 0.0000e+00  -60.61650  -54.53000 1153529777 203.039112    34.6879 0.0000e+00
    961.000     1.0353   3.012056     1.0337   3.012277    5.08081    -0.0848    13.8155 0.0000e+00  -60.61650  -54.53000 1153529778 203.039123    34.6874 0.0000e+00
    962.000     1.0318   3.011807     1.0318   3.012158    5.08301    -0.0781    13.8155 0.0000e+00  -60.61650  -54.53000 1153529779 203.039136    34.6873 0.0000e+00
    963.000     1.0313   3.011801     1.0313   3.012151    5.08330    -0.0731    13.8155 0.0000e+00  -60.61650  -54.53000 1153529780 203.039146    34.6872 0.0000e+00
    964.000     1.0306   3.011779     1.0309   3.012154    5.08239    -0.0771    13.8155 0.0000e+00  -60.61650  -54.53000 1153529781 203.039157    34.6870 0.0000e+00
    965.000     1.0320   3.011959     1.0319   3.012300    5.08582    -0.0859    13.8155 0.0000e+00  -60.61650  -54.53000 1153529783 203.039181    34.6871 0.0000e+00
