product_data/regression_test/downloaded_data/MGDS/320620060703/ctd/p6611901.ros
* Sea-Bird SBE 9 Data File:
* FileName = D:\Data\Raw\p6611901.dat
* Software Version Seasave Win32 V 5.32
* Temperature SN = 1649
* Conductivity SN = 1431
* Number of Bytes Per Scan = 37
* Number of Voltage Words = 5
* Number of Scans Averaged by the Deck Unit = 1
* NMEA Latitude = 61 13.55 S
* NMEA Longitude = 054 24.71 W
* NMEA UTC (Time) = 20:24:51
** Ship:   Nathaniel B. Palmer 
** Cruise:    NBP0606 
# nquan = 17
# nvalues = 1152                    
# units = specified
# name 0 = prDM: Pressure, Digiquartz [db]
# name 1 = t090C: Temperature [ITS-90, deg C]
# name 2 = c0S/m: Conductivity [S/m]
# name 3 = t190C: Temperature, 2 [ITS-90, deg C]
# name 4 = c1S/m: Conductivity, 2 [S/m]
# name 5 = sbeox0ML/L: Oxygen, SBE 43 [ml/l]
# name 6 = flECO-AFL: Fluorescence, Wetlab ECO-AFL/FL [mg/m^3]
# name 7 = bat: Beam Attenuation, Chelsea/Seatech/Wetlab CStar [1/m]
# name 8 = spar: SPAR/Surface Irradiance
# name 9 = latitude: Latitude [deg]
# name 10 = longitude: Longitude [deg]
# name 11 = timeY: Time, System [seconds]
# name 12 = timeJ: Julian Days
# name 13 = sal00: Salinity [PSU]
# name 14 = scan: scan number
# name 15 = nbf: number of bottles fired
# name 16 = flag:  0.000e+00
# interval = seconds: 0.0416667                   
# start_time = Jul 14 2006 20:24:59
*END*
    500.854    -0.4887   2.849058    -0.4881   2.849500    6.35412    -0.0857    13.8155 0.0000e+00  -61.22583  -54.41183 1152909501 195.859989    34.5224      19298          1  0.000e+00
    500.835    -0.4881   2.849075    -0.4881   2.849500    6.35401    -0.0964    13.8155 0.0000e+00  -61.22583  -54.41183 1152909501 195.859989    34.5220      19299          1  0.000e+00
    500.854    -0.4881   2.849061    -0.4879   2.849518    6.34910    -0.0534    13.8155 0.0000e+00  -61.22583  -54.41183 1152909501 195.859990    34.5218      19300          1  0.000e+00
    500.787    -0.4884   2.849075    -0.4876   2.849547    6.35401    -0.0642    13.8155 0.0000e+00  -61.22583  -54.41183 1152909502 195.859990    34.5223      19301          1  0.000e+00
    500.787    -0.4882   2.849081    -0.4875   2.849536    6.34905    -0.0749    13.8155 0.0000e+00  -61.22583  -54.41183 1152909502 195.859991    34.5223      19302          1  0.000e+00
    500.758    -0.4879   2.849081    -0.4872   2.849547    6.34898    -0.0749    13.8155 0.0000e+00  -61.22583  -54.41183 1152909502 195.859991    34.5219      19303          1  0.000e+00
    500.787    -0.4882   2.849081    -0.4870   2.849571    6.35399    -0.0642    13.8155 0.0000e+00  -61.22583  -54.41183 1152909502 195.859992    34.5223      19304          1  0.000e+00
    500.710    -0.4877   2.849081    -0.4867   2.849582    6.35386    -0.1180    13.8155 0.0000e+00  -61.22583  -54.41183 1152909502 195.859992    34.5218      19305          1  0.000e+00
    500.758    -0.4879   2.849081    -0.4864   2.849559    6.35392    -0.0964    13.8155 0.0000e+00  -61.22583  -54.41183 1152909502 195.859993    34.5219      19306          1  0.000e+00
    500.710    -0.4879   2.849098    -0.4869   2.849571    6.35387    -0.0857    13.8155 0.0000e+00  -61.22583  -54.41183 1152909502 195.859993    34.5222      19307          1  0.000e+00
    500.643    -0.4877   2.849101    -0.4873   2.849524    6.34885    -0.0642    13.8155 0.0000e+00  -61.22583  -54.41183 1152909502 195.859994    34.5221      19308          1  0.000e+00
    500.643    -0.4881   2.849085    -0.4867   2.849524    6.35384    -0.0534    13.8155 0.0000e+00  -61.22583  -54.41183 1152909502 195.859994    34.5222      19309          1  0.000e+00
    500.691    -0.4885   2.849045    -0.4872   2.849565    6.35396    -0.0319    13.8155 0.0000e+00  -61.22583  -54.41183 1152909502 195.859995    34.5222      19310          1  0.000e+00
    500.643    -0.4885   2.849051    -0.4870   2.849541    6.34898    -0.0534    13.8155 0.0000e+00  -61.22583  -54.41183 1152909502 195.859995    34.5223      19311          1  0.000e+00
    500.643    -0.4887   2.849058    -0.4873   2.849530    6.35394    -0.0749    13.8155 0.0000e+00  -61.22583  -54.41183 1152909502 195.859996    34.5226      19312          1  0.000e+00
    500.576    -0.4879   2.849091    -0.4869   2.849565    6.35376    -0.0749    13.8155 0.0000e+00  -61.22583  -54.41183 1152909502 195.859996    34.5222      19313          1  0.000e+00
    500.614    -0.4879   2.849101    -0.4869   2.849559    6.34885    -0.0964    13.8155 0.0000e+00  -61.22583  -54.41183 1152909502 195.859997    34.5223      19314          1  0.000e+00
    500.499    -0.4871   2.849101    -0.4870   2.849553    6.35358    -0.1072    13.8155 0.0000e+00  -61.22583  -54.41183 1152909502 195.859997    34.5215      19315          1  0.000e+00
    500.499    -0.4876   2.849155    -0.4866   2.849553    6.34867    -0.0534    13.8155 0.0000e+00  -61.22583  -54.41183 1152909502 195.859998    34.5227      19316          1  0.000e+00
    500.547    -0.4877   2.849101    -0.4869   2.849553    6.35370    -0.0104    13.8155 0.0000e+00  -61.22583  -54.41183 1152909502 195.859998    34.5221      19317          1  0.000e+00
    500.432    -0.4877   2.849098    -0.4869   2.849553    6.35360    -0.0104    13.8155 0.0000e+00  -61.22583  -54.41183 1152909502 195.859999    34.5222      19318          1  0.000e+00
    500.432    -0.4876   2.849105    -0.4866   2.849553    6.34864    -0.0319    13.8155 0.0000e+00  -61.22583  -54.41183 1152909502 195.859999    34.5221      19319          1  0.000e+00
    500.432    -0.4877   2.849118    -0.4867   2.849576    6.35359    -0.1072    13.8155 0.0000e+00  -61.22583  -54.41183 1152909502 195.860000    34.5224      19320          1  0.000e+00
    500.403    -0.4868   2.849145    -0.4863   2.849559    6.35343    -0.0749    13.8155 0.0000e+00  -61.22583  -54.41183 1152909502 195.860000    34.5218      19321          1  0.000e+00
    500.355    -0.4873   2.849131    -0.4860   2.849553    6.35346    -0.0426    13.8155 0.0000e+00  -61.22583  -54.41183 1152909502 195.860000    34.5221      19322          1  0.000e+00
    500.355    -0.4871   2.849141    -0.4866   2.849571    6.35343    -0.0749    13.8155 0.0000e+00  -61.22583  -54.41183 1152909502 195.860001    34.5221      19323          1  0.000e+00
    500.336    -0.4867   2.849148    -0.4864   2.849582    6.34841    -0.0857    13.8155 0.0000e+00  -61.22583  -54.41183 1152909502 195.860001    34.5216      19324          1  0.000e+00
    500.288    -0.4865   2.849164    -0.4861   2.849582    6.35328    -0.0749    13.8155 0.0000e+00  -61.22583  -54.41183 1152909503 195.860002    34.5217      19325          1  0.000e+00
    500.221    -0.4868   2.849171    -0.4863   2.849559    6.35325    -0.0426    13.8155 0.0000e+00  -61.22583  -54.41183 1152909503 195.860002    34.5222      19326          1  0.000e+00
    500.288    -0.4864   2.849154    -0.4866   2.849570    6.35326    -0.0642    13.8155 0.0000e+00  -61.22583  -54.41183 1152909503 195.860003    34.5214      19327          1  0.000e+00
    500.192    -0.4868   2.849151    -0.4864   2.849582    6.34830    -0.1287    13.8155 0.0000e+00  -61.22583  -54.41183 1152909503 195.860003    34.5220      19328          1  0.000e+00
    500.144    -0.4868   2.849131    -0.4860   2.849559    6.34827    -0.1395    13.8155 0.0000e+00  -61.22583  -54.41183 1152909503 195.860004    34.5217      19329          1  0.000e+00
    500.144    -0.4867   2.849141    -0.4856   2.849570    6.35318    -0.0749    13.8155 0.0000e+00  -61.22583  -54.41183 1152909503 195.860004    34.5217      19330          1  0.000e+00
    500.144    -0.4861   2.849164    -0.4863   2.849582    6.34815    -0.0857    13.8155 0.0000e+00  -61.22583  -54.41183 1152909503 195.860005    34.5213      19331          1  0.000e+00
    500.125    -0.4862   2.849204    -0.4856   2.849582    6.34813    -0.1072    13.8155 0.0000e+00  -61.22583  -54.41183 1152909503 195.860005    34.5220      19332          1  0.000e+00
    500.000    -0.4865   2.849148    -0.4856   2.849582    6.34809    -0.0964    13.8155 0.0000e+00  -61.22583  -54.41183 1152909503 195.860006    34.5217      19333          1  0.000e+00
    500.077    -0.4862   2.849124    -0.4858   2.849600    6.34813    -0.0964    13.8155 0.0000e+00  -61.22583  -54.41183 1152909503 195.860006    34.5210      19334          1  0.000e+00
    499.981    -0.4867   2.849158    -0.4858   2.849611    6.35303    -0.0964    13.8155 0.0000e+00  -61.22583  -54.41183 1152909503 195.860007    34.5220      19335          1  0.000e+00
    500.000    -0.4867   2.849171    -0.4856   2.849588    6.34810    -0.1072    13.8155 0.0000e+00  -61.22583  -54.41183 1152909503 195.860007    34.5222      19336          1  0.000e+00
    500.000    -0.4865   2.849154    -0.4860   2.849582    6.34809    -0.0749    13.8155 0.0000e+00  -61.22583  -54.41183 1152909503 195.860008    34.5218      19337          1  0.000e+00
    499.866    -0.4865   2.849151    -0.4859   2.849582    6.34797    -0.1072    13.8155 0.0000e+00  -61.22583  -54.41183 1152909503 195.860008    34.5218      19338          1  0.000e+00
    499.914    -0.4865   2.849148    -0.4856   2.849582    6.34802    -0.1180    13.8155 0.0000e+00  -61.22583  -54.41183 1152909503 195.860009    34.5217      19339          1  0.000e+00
    499.866    -0.4865   2.849148    -0.4852   2.849559    6.34798    -0.1287    13.8155 0.0000e+00  -61.22583  -54.41183 1152909503 195.860009    34.5218      19340          1  0.000e+00
    499.866    -0.4868   2.849114    -0.4856   2.849594    6.34804    -0.1072    13.8155 0.0000e+00  -61.22583  -54.41183 1152909503 195.860010    34.5217      19341          1  0.000e+00
    499.837    -0.4864   2.849118    -0.4859   2.849588    6.35289    -0.0857    13.8155 0.0000e+00  -61.22583  -54.41183 1152909503 195.860010    34.5212      19342          1  0.000e+00
    499.789    -0.4868   2.849108    -0.4855   2.849582    6.35291    -0.0857    13.8155 0.0000e+00  -61.22583  -54.41183 1152909504 195.860011    34.5216      19343          1  0.000e+00
    499.789    -0.4870   2.849121    -0.4855   2.849582    6.35292    -0.0642    13.8155 0.0000e+00  -61.22583  -54.41183 1152909504 195.860011    34.5220      19344          1  0.000e+00
    499.722    -0.4868   2.849124    -0.4858   2.849582    6.35284    -0.0319    13.8155 0.0000e+00  -61.22583  -54.41183 1152909504 195.860012    34.5219      19345          1  0.000e+00
    499.693    -0.4865   2.849124    -0.4853   2.849600    6.35277    -0.0426    13.8155 0.0000e+00  -61.22583  -54.41183 1152909504 195.860012    34.5216      19346          1  0.000e+00
    499.434    -0.4861   2.849181    -0.4853   2.849570    6.35245    -0.0642    13.8155 0.0000e+00  -61.22583  -54.41183 1152909504 195.860021    34.5219      19364          2  0.000e+00
    499.367    -0.4854   2.849171    -0.4856   2.849582    6.34738    -0.0749    13.8155 0.0000e+00  -61.22583  -54.41183 1152909504 195.860021    34.5211      19365          2  0.000e+00
    499.415    -0.4856   2.849204    -0.4853   2.849600    6.34743    -0.0426    13.8155 0.0000e+00  -61.22583  -54.41183 1152909504 195.860022    34.5218      19366          2  0.000e+00
    499.367    -0.4854   2.849164    -0.4858   2.849564    6.34738    -0.0642    13.8155 0.0000e+00  -61.22583  -54.41183 1152909504 195.860022    34.5211      19367          2  0.000e+00
    499.367    -0.4854   2.849164    -0.4856   2.849553    6.34738    -0.0426    13.8155 0.0000e+00  -61.22583  -54.41183 1152909504 195.860023    34.5211      19368          2  0.000e+00
    499.415    -0.4861   2.849154    -0.4860   2.849576    6.34751    -0.0426    13.8155 0.0000e+00  -61.22583  -54.41183 1152909504 195.860023    34.5216      19369          2  0.000e+00
    499.367    -0.4856   2.849181    -0.4856   2.849559    6.35233    -0.0642    13.8155 0.0000e+00  -61.22583  -54.41183 1152909504 195.860024    34.5215      19370          2  0.000e+00
    499.367    -0.4856   2.849194    -0.4855   2.849594    6.34739    -0.0426    13.8155 0.0000e+00  -61.22583  -54.41183 1152909504 195.860024    34.5216      19371          2  0.000e+00
    499.367    -0.4857   2.849144    -0.4860   2.849611    6.34744    -0.0319    13.8155 0.0000e+00  -61.22583  -54.41183 1152909505 195.860025    34.5211      19372          2  0.000e+00
    499.338    -0.4859   2.849144    -0.4855   2.849588    6.34743    -0.0104    13.8155 0.0000e+00  -61.22583  -54.41183 1152909505 195.860025    34.5213      19373          2  0.000e+00
    499.367    -0.4861   2.849164    -0.4858   2.849582    6.34747    -0.0426    13.8155 0.0000e+00  -61.22583  -54.41183 1152909505 195.860026    34.5218      19374          2  0.000e+00
    499.367    -0.4861   2.849154    -0.4852   2.849559    6.34747    -0.0749    13.8155 0.0000e+00  -61.22583  -54.41183 1152909505 195.860026    34.5216      19375          2  0.000e+00
    499.415    -0.4864   2.849164    -0.4849   2.849553    6.34755    -0.1072    13.8155 0.0000e+00  -61.22583  -54.41183 1152909505 195.860027    34.5221      19376          2  0.000e+00
    499.367    -0.4853   2.849171    -0.4853   2.849594    6.34736    -0.0857    13.8155 0.0000e+00  -61.22583  -54.41183 1152909505 195.860027    34.5210      19377          2  0.000e+00
    499.367    -0.4862   2.849154    -0.4852   2.849588    6.34749    -0.0857    13.8155 0.0000e+00  -61.22583  -54.41183 1152909505 195.860027    34.5218      19378          2  0.000e+00
    499.338    -0.4857   2.849131    -0.4856   2.849599    6.35236    -0.0749    13.8155 0.0000e+00  -61.22583  -54.41183 1152909505 195.860028    34.5210      19379          2  0.000e+00
    499.434    -0.4867   2.849108    -0.4861   2.849588    6.34764    -0.0749    13.8155 0.0000e+00  -61.22583  -54.41183 1152909505 195.860028    34.5216      19380          2  0.000e+00
    499.434    -0.4871   2.849121    -0.4853   2.849564    6.34769    -0.0426    13.8155 0.0000e+00  -61.22583  -54.41183 1152909505 195.860029    34.5224      19381          2  0.000e+00
    499.367    -0.4867   2.849144    -0.4859   2.849553    6.34756    -0.0749    13.8155 0.0000e+00  -61.22583  -54.41183 1152909505 195.860029    34.5222      19382          2  0.000e+00
    499.415    -0.4865   2.849131    -0.4855   2.849570    6.34759    -0.0534    13.8155 0.0000e+00  -61.22583  -54.41183 1152909505 195.860030    34.5218      19383          2  0.000e+00
    499.434    -0.4865   2.849124    -0.4861   2.849600    6.34761    -0.0534    13.8155 0.0000e+00  -61.22583  -54.41183 1152909505 195.860030    34.5217      19384          2  0.000e+00
    499.434    -0.4865   2.849144    -0.4856   2.849564    6.34760    -0.0426    13.8155 0.0000e+00  -61.22583  -54.41183 1152909505 195.860031    34.5220      19385          2  0.000e+00
    499.415    -0.4864   2.849131    -0.4856   2.849570    6.34757    -0.0642    13.8155 0.0000e+00  -61.22583  -54.41183 1152909505 195.860031    34.5216      19386          2  0.000e+00
    499.434    -0.4861   2.849124    -0.4856   2.849582    6.34755    -0.1072    13.8155 0.0000e+00  -61.22583  -54.41183 1152909505 195.860032    34.5212      19387          2  0.000e+00
    499.511    -0.4865   2.849144    -0.4861   2.849559    6.34766    -0.0642    13.8155 0.0000e+00  -61.22583  -54.41183 1152909505 195.860032    34.5219      19388          2  0.000e+00
    499.434    -0.4867   2.849114    -0.4860   2.849570    6.34763    -0.0964    13.8155 0.0000e+00  -61.22583  -54.41183 1152909505 195.860033    34.5217      19389          2  0.000e+00
    499.482    -0.4864   2.849134    -0.4855   2.849582    6.34763    -0.1072    13.8155 0.0000e+00  -61.22583  -54.41183 1152909505 195.860033    34.5217      19390          2  0.000e+00
    499.434    -0.4867   2.849164    -0.4858   2.849582    6.35254    -0.1180    13.8155 0.0000e+00  -61.22583  -54.41183 1152909505 195.860034    34.5224      19391          2  0.000e+00
    499.511    -0.4864   2.849138    -0.4864   2.849582    6.34765    -0.0964    13.8155 0.0000e+00  -61.22583  -54.41183 1152909505 195.860034    34.5217      19392          2  0.000e+00
    499.482    -0.4867   2.849124    -0.4864   2.849582    6.34767    -0.0534    13.8155 0.0000e+00  -61.22583  -54.41183 1152909505 195.860035    34.5218      19393          2  0.000e+00
    499.511    -0.4864   2.849158    -0.4863   2.849547    6.34764    -0.0534    13.8155 0.0000e+00  -61.22583  -54.41183 1152909505 195.860035    34.5219      19394          2  0.000e+00
    499.511    -0.4867   2.849121    -0.4861   2.849547    6.34770    -0.0642    13.8155 0.0000e+00  -61.22583  -54.41183 1152909505 195.860036    34.5218      19395          2  0.000e+00
    499.559    -0.4865   2.849134    -0.4864   2.849553    6.34771    -0.0857    13.8155 0.0000e+00  -61.22583  -54.41183 1152909506 195.860036    34.5218      19396          2  0.000e+00
    499.578    -0.4867   2.849148    -0.4864   2.849553    6.34774    -0.0642    13.8155 0.0000e+00  -61.22583  -54.41183 1152909506 195.860037    34.5221      19397          2  0.000e+00
    499.511    -0.4864   2.849131    -0.4859   2.849535    6.34765    -0.0749    13.8155 0.0000e+00  -61.22583  -54.41183 1152909506 195.860037    34.5216      19398          2  0.000e+00
    499.578    -0.4867   2.849124    -0.4863   2.849529    6.34775    -0.0964    13.8155 0.0000e+00  -61.22583  -54.41183 1152909506 195.860038    34.5218      19399          2  0.000e+00
