product_data/regression_test/downloaded_data/MGDS/320620060703/ctd/p6617802.cnv
* Sea-Bird SBE 9 Data File:
* FileName = D:\Data\Raw\p6617802.dat
* Software Version Seasave Win32 V 5.32
* Temperature SN = 1649
* Conductivity SN = 1431
* Number of Bytes Per Scan = 37
* Number of Voltage Words = 5
* Number of Scans Averaged by the Deck Unit = 1
* NMEA Latitude = 60 36.99 S
* NMEA Longitude = 054 31.80 W
* NMEA UTC (Time) = 00:34:19
** Ship:   Nathaniel B. Palmer 
** Cruise:    NBP0606 
# nquan = 15
# nvalues = 1000                        
# units = specified
# name 0 = prDM: Pressure, Digiquartz [db]
# name 1 = t090C: Temperature [ITS-90, deg C]
# name 2 = c0S/m: Conductivity [S/m]
# name 3 = t190C: Temperature, 2 [ITS-90, deg C]
# name 4 = c1S/m: Conductivity, 2 [S/m]
# name 5 = sbeox0ML/L: Oxygen, SBE 43 [ml/l]
# name 6 = flECO-AFL: Fluorescence, Wetlab ECO-AFL/FL [mg/m^3]
# name 7 = bat: Beam Attenuation, Chelsea/Seatech/Wetlab CStar [1/m]
# name 8 = spar: SPAR/Surface Irradiance
# name 9 = latitude: Latitude [deg]
# name 10 = longitude: Longitude [deg]
# name 11 = timeY: Time, System [seconds]
# name 12 = timeJ: Julian Days
# name 13 = sal00: Salinity [PSU]
# name 14 = flag: flag
# span 0 =      3.000,   1002.000       
# span 1 =    -0.6984,     1.9503       
# span 2 =   2.787808,   3.069223       
# span 3 =    -0.6977,     1.9507       
# span 4 =   2.788530,   3.069490       
# span 5 =    4.42317,    7.62227       
# span 6 =    -0.1051,     0.4051       
# span 7 =    13.8155,    13.8155       
# span 8 = -6.842e-03, 1.9168e-01       
# span 9 =  -60.61650,  -60.61650       
# span 10 =  -54.53000,  -54.53000      
# span 11 = 1153528470, 1153529838      
# span 12 = 203.023967, 203.039811      
# span 13 =    34.1885,    34.7154      
# span 14 = 0.0000e+00, 0.0000e+00      
# interval = decibars: 1                
# start_time = Jul 22 2006 00:34:27
# bad_flag = -9.990e-29
*END*
[from data line 675]
    678.000     1.0998   3.002665     1.0992   3.003235    5.11736    -0.0876    13.8155 0.0000e+00  -60.61650  -54.53000 1153529421 203.034989    34.6548 0.0000e+00
    679.000     1.0906   3.001985     1.0890   3.002235    5.12336    -0.0809    13.8155 0.0000e+00  -60.61650  -54.53000 1153529422 203.034998    34.6563 0.0000e+00
    680.000     1.0751   3.000481     1.0759   3.001054    5.12699    -0.0624    13.8155 0.0000e+00  -60.61650  -54.53000 1153529423 203.035007    34.6537 0.0000e+00
    681.000     1.0671   2.999887     1.0687   3.000407    5.13117    -0.0684    13.8155 0.0000e+00  -60.61650  -54.53000 1153529423 203.035016    34.6550 0.0000e+00
    682.000     1.0884   3.001931     1.0843   3.001953    5.13446    -0.0720    13.8155 0.0000e+00  -60.61650  -54.53000 1153529424 203.035025    34.6558 0.0000e+00
    683.000     1.0683   3.000025     1.0639   3.000096    5.13952    -0.0716    13.8155 0.0000e+00  -60.61650  -54.53000 1153529425 203.035036    34.6532 0.0000e+00
    684.000     1.0537   2.998749     1.0532   2.999136    5.14591    -0.0702    13.8155 0.0000e+00  -60.61650  -54.53000 1153529426 203.035048    34.6527 0.0000e+00
    685.000     1.0453   2.998019     1.0466   2.998556    5.14969    -0.0588    13.8155 0.0000e+00  -60.61650  -54.53000 1153529427 203.035062    34.6522 0.0000e+00
    686.000     1.0435   2.997904     1.0435   2.998297    5.15728    -0.0714    13.8155 0.0000e+00  -60.61650  -54.53000 1153529429 203.035078    34.6518 0.0000e+00
    687.000     1.0418   2.997828     1.0441   2.998412    5.15893    -0.0790    13.8155 0.0000e+00  -60.61650  -54.53000 1153529431 203.035097    34.6518 0.0000e+00
    688.000     1.0501   2.998640     1.0479   2.998811    5.15764    -0.0752    13.8155 0.0000e+00  -60.61650  -54.53000 1153529432 203.035117    34.6520 0.0000e+00
    689.000     1.0413   2.997879     1.0396   2.998082    5.15353    -0.0736    13.8155 0.0000e+00  -60.61650  -54.53000 1153529434 203.035141    34.6514 0.0000e+00
    690.000     1.0487   2.998672     1.0506   2.999215    5.15066    -0.0784    13.8155 0.0000e+00  -60.61650  -54.53000 1153529436 203.035158    34.6524 0.0000e+00
    691.000     1.0584   2.999713     1.0618   3.000315    5.14523    -0.0681    13.8155 0.0000e+00  -60.61650  -54.53000 1153529437 203.035171    34.6544 0.0000e+00
    692.000     1.0959   3.003411     1.0978   3.003814    5.13863    -0.0843    13.8155 0.0000e+00  -60.61650  -54.53000 1153529438 203.035182    34.6586 0.0000e+00
    693.000     1.1056   3.004397     1.1107   3.005096    5.12903    -0.0839    13.8155 0.0000e+00  -60.61650  -54.53000 1153529439 203.035191    34.6599 0.0000e+00
    694.000     1.1390   3.007632     1.1362   3.007586    5.11806    -0.0930    13.8155 0.0000e+00  -60.61650  -54.53000 1153529439 203.035200    34.6626 0.0000e+00
    695.000     1.1464   3.008319     1.1495   3.008905    5.10475    -0.0772    13.8155 0.0000e+00  -60.61650  -54.53000 1153529440 203.035209    34.6635 0.0000e+00
    696.000     1.1817   3.011821     1.1812   3.011976    5.09470    -0.0813    13.8155 0.0000e+00  -60.61650  -54.53000 1153529441 203.035218    34.6667 0.0000e+00
    697.000     1.1849   3.012161     1.1898   3.012886    5.07771    -0.0756    13.8155 0.0000e+00  -60.61650  -54.53000 1153529442 203.035232    34.6671 0.0000e+00
    698.000     1.1895   3.012629     1.1920   3.013188    5.06362    -0.0796    13.8155 0.0000e+00  -60.61650  -54.53000 1153529444 203.035256    34.6681 0.0000e+00
    699.000     1.2107   3.014762     1.2167   3.015530    5.04703    -0.0850    13.8155 0.0000e+00  -60.61650  -54.53000 1153529446 203.035278    34.6717 0.0000e+00
    700.000     1.2281   3.016386     1.2285   3.016749    5.04765    -0.0721    13.8155 0.0000e+00  -60.61650  -54.53000 1153529448 203.035300    34.6722 0.0000e+00
    701.000     1.2307   3.016711     1.2322   3.017151    5.03534    -0.0730    13.8155 0.0000e+00  -60.61650  -54.53000 1153529449 203.035316    34.6735 0.0000e+00
    702.000     1.2573   3.019403     1.2552   3.019330    5.03005    -0.0644    13.8155 0.0000e+00  -60.61650  -54.53000 1153529450 203.035327    34.6778 0.0000e+00
    703.000     1.2602   3.019534     1.2593   3.019876    5.02733    -0.0927    13.8155 0.0000e+00  -60.61650  -54.53000 1153529451 203.035337    34.6748 0.0000e+00
    704.000     1.2213   3.016001     1.2204   3.016344    5.02585    -0.0782    13.8155 0.0000e+00  -60.61650  -54.53000 1153529452 203.035348    34.6738 0.0000e+00
    705.000     1.2199   3.016027     1.2225   3.016548    5.02215    -0.0804    13.8155 0.0000e+00  -60.61650  -54.53000 1153529453 203.035362    34.6760 0.0000e+00
    706.000     1.2313   3.017148     1.2306   3.017387    5.02108    -0.0932    13.8155 0.0000e+00  -60.61650  -54.53000 1153529454 203.035374    34.6764 0.0000e+00
    707.000     1.2317   3.017224     1.2316   3.017530    5.01912    -0.0819    13.8155 0.0000e+00  -60.61650  -54.53000 1153529455 203.035385    34.6765 0.0000e+00
    708.000     1.2340   3.017507     1.2341   3.017818    5.01678    -0.0877    13.8155 0.0000e+00  -60.61650  -54.53000 1153529456 203.035395    34.6772 0.0000e+00
    709.000     1.2365   3.017769     1.2367   3.018104    5.01395    -0.0763    13.8155 0.0000e+00  -60.61650  -54.53000 1153529457 203.035408    34.6772 0.0000e+00
    710.000     1.2380   3.017962     1.2368   3.018165    5.01288    -0.0904    13.8155 0.0000e+00  -60.61650  -54.53000 1153529459 203.035427    34.6775 0.0000e+00
    711.000     1.2434   3.018521     1.2432   3.018806    5.01093    -0.0841    13.8155 0.0000e+00  -60.61650  -54.53000 1153529461 203.035450    34.6782 0.0000e+00
    712.000     1.2428   3.018496     1.2431   3.018867    5.01563    -0.0822    13.8155 0.0000e+00  -60.61650  -54.53000 1153529463 203.035476    34.6781 0.0000e+00
    713.000     1.2448   3.018757     1.2431   3.018920    5.01735    -0.0826    13.8155 0.0000e+00  -60.61650  -54.53000 1153529465 203.035492    34.6787 0.0000e+00
    714.000     1.2431   3.018586     1.2357   3.018351    5.02258    -0.0706    13.8155 0.0000e+00  -60.61650  -54.53000 1153529466 203.035504    34.6775 0.0000e+00
    715.000     1.2079   3.015296     1.2052   3.015519    5.02583    -0.0967    13.8155 0.0000e+00  -60.61650  -54.53000 1153529466 203.035514    34.6749 0.0000e+00
    716.000     1.1944   3.014127     1.1946   3.014544    5.02902    -0.0832    13.8155 0.0000e+00  -60.61650  -54.53000 1153529467 203.035523    34.6750 0.0000e+00
    717.000     1.1959   3.014333     1.1957   3.014674    5.03249    -0.0931    13.8155 0.0000e+00  -60.61650  -54.53000 1153529468 203.035531    34.6753 0.0000e+00
    718.000     1.1917   3.013908     1.1914   3.014319    5.03645    -0.0778    13.8155 0.0000e+00  -60.61650  -54.53000 1153529469 203.035541    34.6742 0.0000e+00
    719.000     1.1768   3.012600     1.1777   3.013121    5.03990    -0.0777    13.8155 0.0000e+00  -60.61650  -54.53000 1153529470 203.035553    34.6736 0.0000e+00
    720.000     1.1744   3.012437     1.1741   3.012779    5.04097    -0.0703    13.8155 0.0000e+00  -60.61650  -54.53000 1153529471 203.035569    34.6734 0.0000e+00
    721.000     1.1735   3.012406     1.1749   3.012880    5.04517    -0.0771    13.8155 0.0000e+00  -60.61650  -54.53000 1153529473 203.035590    34.6732 0.0000e+00
    722.000     1.1751   3.012611     1.1757   3.013027    5.04937    -0.0826    13.8155 0.0000e+00  -60.61650  -54.53000 1153529475 203.035613    34.6732 0.0000e+00
    723.000     1.1745   3.012604     1.1752   3.013034    5.05064    -0.0660    13.8155 0.0000e+00  -60.61650  -54.53000 1153529476 203.035627    34.6730 0.0000e+00
    724.000     1.1704   3.012259     1.1709   3.012685    5.05404    -0.0921    13.8155 0.0000e+00  -60.61650  -54.53000 1153529477 203.035638    34.6726 0.0000e+00
    725.000     1.1670   3.012000     1.1648   3.012162    5.05770    -0.0821    13.8155 0.0000e+00  -60.61650  -54.53000 1153529478 203.035649    34.6726 0.0000e+00
    726.000     1.1628   3.011640     1.1650   3.012233    5.05708    -0.0758    13.8155 0.0000e+00  -60.61650  -54.53000 1153529480 203.035665    34.6721 0.0000e+00
    727.000     1.1533   3.010777     1.1523   3.011087    5.06240    -0.0711    13.8155 0.0000e+00  -60.61650  -54.53000 1153529482 203.035688    34.6709 0.0000e+00
    728.000     1.1278   3.008437     1.1257   3.008663    5.06705    -0.0691    13.8155 0.0000e+00  -60.61650  -54.53000 1153529483 203.035702    34.6693 0.0000e+00
    729.000     1.1393   3.009724     1.1312   3.009152    5.06430    -0.0733    13.8155 0.0000e+00  -60.61650  -54.53000 1153529484 203.035713    34.6728 0.0000e+00
    730.000     1.1554   3.011188     1.1477   3.010850    5.05941    -0.0848    13.8155 0.0000e+00  -60.61650  -54.53000 1153529485 203.035723    34.6716 0.0000e+00
    731.000     1.1680   3.012608     1.1711   3.013032    5.05566    -0.0677    13.8155 0.0000e+00  -60.61650  -54.53000 1153529486 203.035735    34.6756 0.0000e+00
    732.000     1.1992   3.015561     1.2070   3.016578    5.04566    -0.0730    13.8155 0.0000e+00  -60.61650  -54.53000 1153529487 203.035749    34.6769 0.0000e+00
    733.000     1.2157   3.017250     1.2250   3.018340    5.03209    -0.0824    13.8155 0.0000e+00  -60.61650  -54.53000 1153529488 203.035763    34.6797 0.0000e+00
    734.000     1.2352   3.019089     1.2377   3.019637    5.02404    -0.0737    13.8155 0.0000e+00  -60.61650  -54.53000 1153529489 203.035777    34.6802 0.0000e+00
    735.000     1.2418   3.019784     1.2392   3.019794    5.01589    -0.0768    13.8155 0.0000e+00  -60.61650  -54.53000 1153529490 203.035790    34.6816 0.0000e+00
    736.000     1.2380   3.019500     1.2481   3.020717    5.00895    -0.0779    13.8155 0.0000e+00  -60.61650  -54.53000 1153529492 203.035804    34.6820 0.0000e+00
    737.000     1.2581   3.021422     1.2624   3.022133    5.00403    -0.0879    13.8155 0.0000e+00  -60.61650  -54.53000 1153529493 203.035825    34.6831 0.0000e+00
    738.000     1.2551   3.021180     1.2572   3.021681    5.00280    -0.0687    13.8155 0.0000e+00  -60.61650  -54.53000 1153529495 203.035847    34.6835 0.0000e+00
    739.000     1.2553   3.021229     1.2566   3.021704    5.00942    -0.0787    13.8155 0.0000e+00  -60.61650  -54.53000 1153529496 203.035861    34.6834 0.0000e+00
    740.000     1.2486   3.020599     1.2493   3.021047    5.01897    -0.0860    13.8155 0.0000e+00  -60.61650  -54.53000 1153529498 203.035874    34.6823 0.0000e+00
    741.000     1.2313   3.019021     1.2316   3.019419    5.02446    -0.0829    13.8155 0.0000e+00  -60.61650  -54.53000 1153529499 203.035888    34.6816 0.0000e+00
    742.000     1.2063   3.016597     1.2022   3.016719    5.03486    -0.0746    13.8155 0.0000e+00  -60.61650  -54.53000 1153529500 203.035904    34.6779 0.0000e+00
    743.000     1.1681   3.013047     1.1669   3.013415    5.04867    -0.0946    13.8155 0.0000e+00  -60.61650  -54.53000 1153529501 203.035916    34.6753 0.0000e+00
    744.000     1.1067   3.007148     1.1057   3.007788    5.05925    -0.0911    13.8155 0.0000e+00  -60.61650  -54.53000 1153529502 203.035926    34.6684 0.0000e+00
    745.000     1.0870   3.005500     1.0874   3.005951    5.06989    -0.0671    13.8155 0.0000e+00  -60.61650  -54.53000 1153529503 203.035937    34.6697 0.0000e+00
    746.000     1.0910   3.005921     1.0910   3.006307    5.07897    -0.0737    13.8155 0.0000e+00  -60.61650  -54.53000 1153529504 203.035947    34.6696 0.0000e+00
    747.000     1.0895   3.005811     1.0870   3.005978    5.08908    -0.0772    13.8155 0.0000e+00  -60.61650  -54.53000 1153529505 203.035960    34.6686 0.0000e+00
    748.000     1.0886   3.005801     1.0806   3.005417    5.09432    -0.0788    13.8155 0.0000e+00  -60.61650  -54.53000 1153529506 203.035976    34.6687 0.0000e+00
    749.000     1.0819   3.005190     1.0839   3.005760    5.10007    -0.0814    13.8155 0.0000e+00  -60.61650  -54.53000 1153529508 203.035994    34.6671 0.0000e+00
    750.000     1.0757   3.004654     1.0760   3.005080    5.10517    -0.0792    13.8155 0.0000e+00  -60.61650  -54.53000 1153529509 203.036011    34.6665 0.0000e+00
    751.000     1.0717   3.004345     1.0697   3.004525    5.10674    -0.0791    13.8155 0.0000e+00  -60.61650  -54.53000 1153529512 203.036041    34.6660 0.0000e+00
    752.000     1.0578   3.003109     1.0597   3.003673    5.10799    -0.0875    13.8155 0.0000e+00  -60.61650  -54.53000 1153529514 203.036059    34.6652 0.0000e+00
    753.000     1.0722   3.004610     1.0729   3.004907    5.10487    -0.0947    13.8155 0.0000e+00  -60.61650  -54.53000 1153529515 203.036070    34.6676 0.0000e+00
    754.000     1.1479   3.012372     1.1390   3.011189    5.09872    -0.0841    13.8155 0.0000e+00  -60.61650  -54.53000 1153529515 203.036079    34.6768 0.0000e+00
    755.000     1.1289   3.009912     1.1271   3.010208    5.08925    -0.0826    13.8155 0.0000e+00  -60.61650  -54.53000 1153529516 203.036088    34.6706 0.0000e+00
    756.000     1.1422   3.011514     1.1367   3.011178    5.07736    -0.0955    13.8155 0.0000e+00  -60.61650  -54.53000 1153529517 203.036096    34.6753 0.0000e+00
    757.000     1.1789   3.015073     1.1773   3.015069    5.06585    -0.0793    13.8155 0.0000e+00  -60.61650  -54.53000 1153529518 203.036106    34.6781 0.0000e+00
    758.000     1.1919   3.016348     1.1924   3.016653    5.05551    -0.0737    13.8155 0.0000e+00  -60.61650  -54.53000 1153529519 203.036117    34.6792 0.0000e+00
    759.000     1.1916   3.016369     1.1911   3.016619    5.04359    -0.0710    13.8155 0.0000e+00  -60.61650  -54.53000 1153529520 203.036131    34.6794 0.0000e+00
    760.000     1.2081   3.018021     1.2045   3.017901    5.02945    -0.0783    13.8155 0.0000e+00  -60.61650  -54.53000 1153529522 203.036150    34.6820 0.0000e+00
    761.000     1.2347   3.020658     1.2362   3.021000    5.01160    -0.0653    13.8155 0.0000e+00  -60.61650  -54.53000 1153529523 203.036172    34.6854 0.0000e+00
    762.000     1.2590   3.023044     1.2602   3.023403    4.99626    -0.0724    13.8155 0.0000e+00  -60.61650  -54.53000 1153529525 203.036191    34.6881 0.0000e+00
    763.000     1.2686   3.023991     1.2679   3.024207    4.98374    -0.0830    13.8155 0.0000e+00  -60.61650  -54.53000 1153529527 203.036212    34.6892 0.0000e+00
    764.000     1.2794   3.025070     1.2793   3.025360    4.97748    -0.0696    13.8155 0.0000e+00  -60.61650  -54.53000 1153529528 203.036226    34.6910 0.0000e+00
    765.000     1.2807   3.025307     1.2808   3.025605    4.97090    -0.0713    13.8155 0.0000e+00  -60.61650  -54.53000 1153529529 203.036236    34.6916 0.0000e+00
    766.000     1.2799   3.025260     1.2794   3.025515    4.96760    -0.0729    13.8155 0.0000e+00  -60.61650  -54.53000 1153529530 203.036246    34.6916 0.0000e+00
    767.000     1.2812   3.025412     1.2809   3.025688    4.96662    -0.0740    13.8155 0.0000e+00  -60.61650  -54.53000 1153529531 203.036255    34.6918 0.0000e+00
    768.000     1.2813   3.025461     1.2812   3.025757    4.96293    -0.0763    13.8155 0.0000e+00  -60.61650  -54.53000 1153529532 203.036269    34.6920 0.0000e+00
    769.000     1.2842   3.025805     1.2846   3.026118    4.95944    -0.0800    13.8155 0.0000e+00  -60.61650  -54.53000 1153529533 203.036287    34.6928 0.0000e+00
    770.000     1.2887   3.026262     1.2892   3.026618    4.95923    -0.0792    13.8155 0.0000e+00  -60.61650  -54.53000 1153529535 203.036303    34.6932 0.0000e+00
    771.000     1.2896   3.026390     1.2897   3.026703    4.95659    -0.0748    13.8155 0.0000e+00  -60.61650  -54.53000 1153529536 203.036318    34.6934 0.0000e+00
    772.000     1.2903   3.026496     1.2905   3.026809    4.95583    -0.0828    13.8155 0.0000e+00  -60.61650  -54.53000 1153529537 203.036332    34.6936 0.0000e+00
    773.000     1.2881   3.026344     1.2877   3.026611    4.95685    -0.0751    13.8155 0.0000e+00  -60.61650  -54.53000 1153529538 203.036346    34.6936 0.0000e+00
