product_data/regression_test/downloaded_data/MGDS/320620060703/ctd/p6617608.ros
* Sea-Bird SBE 9 Data File:
* FileName = D:\Data\Raw\p6617608.dat
* Software Version Seasave Win32 V 5.32
* Temperature SN = 1649
* Conductivity SN = 1431
* Number of Bytes Per Scan = 37
* Number of Voltage Words = 5
* Number of Scans Averaged by the Deck Unit = 1
* NMEA Latitude = 60 36.97 S
* NMEA Longitude = 054 43.19 W
* NMEA UTC (Time) = 11:17:29
** Ship:   Nathaniel B. Palmer 
** Cruise:    NBP0606 
# nquan = 17
# nvalues = 1176                    
# units = specified
# name 0 = prDM: Pressure, Digiquartz [db]
# name 1 = t090C: Temperature [ITS-90, deg C]
# name 2 = c0S/m: Conductivity [S/m]
# name 3 = t190C: Temperature, 2 [ITS-90, deg C]
# name 4 = c1S/m: Conductivity, 2 [S/m]
# name 5 = sbeox0ML/L: Oxygen, SBE 43 [ml/l]
# name 6 = flECO-AFL: Fluorescence, Wetlab ECO-AFL/FL [mg/m^3]
# name 7 = bat: Beam Attenuation, Chelsea/Seatech/Wetlab CStar [1/m]
# name 8 = spar: SPAR/Surface Irradiance
# name 9 = latitude: Latitude [deg]
# name 10 = longitude: Longitude [deg]
# name 11 = timeY: Time, System [seconds]
# name 12 = timeJ: Julian Days
# name 13 = sal00: Salinity [PSU]
# name 14 = scan: scan number
# name 15 = nbf: number of bottles fired
# name 16 = flag:  0.000e+00
# interval = seconds: 0.0416667                   
# start_time = Jul 21 2006 11:17:36
*END*
[from data line 1107]
   1110.716     0.9628   3.013286     0.9624   3.013646    5.07298    -0.1072    13.8155 0.0000e+00  -60.61617  -54.71983 1153482735 202.494636    34.6992      49935         23  0.000e+00
   1110.648     0.9629   3.013296     0.9631   3.013652    5.07808    -0.0964    13.8155 0.0000e+00  -60.61617  -54.71983 1153482735 202.494637    34.6992      49936         23  0.000e+00
   1110.648     0.9628   3.013344     0.9624   3.013646    5.07807    -0.0857    13.8155 0.0000e+00  -60.61617  -54.71983 1153482735 202.494637    34.6999      49937         23  0.000e+00
   1110.648     0.9624   3.013331     0.9628   3.013652    5.06778    -0.1072    13.8155 0.0000e+00  -60.61617  -54.71983 1153482735 202.494638    34.7001      49938         23  0.000e+00
   1110.648     0.9626   3.013313     0.9624   3.013634    5.07294    -0.0857    13.8155 0.0000e+00  -60.61617  -54.71983 1153482735 202.494638    34.6997      49939         23  0.000e+00
   1110.648     0.9626   3.013283     0.9625   3.013640    5.07812    -0.1180    13.8155 0.0000e+00  -60.61617  -54.71983 1153482735 202.494639    34.6993      49940         23  0.000e+00
   1110.571     0.9631   3.013310     0.9628   3.013652    5.07283    -0.1072    13.8155 0.0000e+00  -60.61617  -54.71983 1153482736 202.494639    34.6992      49941         23  0.000e+00
   1110.648     0.9629   3.013279     0.9626   3.013664    5.07292    -0.0964    13.8155 0.0000e+00  -60.61617  -54.71983 1153482736 202.494640    34.6990      49942         23  0.000e+00
   1110.571     0.9628   3.013307     0.9626   3.013699    5.07803    -0.0211    13.8155 0.0000e+00  -60.61617  -54.71983 1153482736 202.494640    34.6995      49943         23  0.000e+00
   1110.571     0.9624   3.013262     0.9626   3.013658    5.07292    -0.0534    13.8155 0.0000e+00  -60.61617  -54.71983 1153482736 202.494641    34.6993      49944         23  0.000e+00
   1110.648     0.9624   3.013266     0.9630   3.013628    5.06781    -0.0749    13.8155 0.0000e+00  -60.61617  -54.71983 1153482736 202.494641    34.6993      49945         23  0.000e+00
   1110.503     0.9627   3.013293     0.9625   3.013664    5.07283    -0.0749    13.8155 0.0000e+00  -60.61617  -54.71983 1153482736 202.494642    34.6994      49946         23  0.000e+00
   1110.571     0.9626   3.013255     0.9630   3.013652    5.07808    -0.0964    13.8155 0.0000e+00  -60.61617  -54.71983 1153482736 202.494642    34.6990      49947         23  0.000e+00
   1110.561     0.9624   3.013231     0.9628   3.013652    5.07810    -0.0749    13.8155 0.0000e+00  -60.61617  -54.71983 1153482736 202.494643    34.6989      49948         23  0.000e+00
   1110.571     0.9623   3.013290     0.9630   3.013646    5.07292    -0.0749    13.8155 0.0000e+00  -60.61617  -54.71983 1153482736 202.494643    34.6998      49949         23  0.000e+00
   1110.503     0.9623   3.013320     0.9630   3.013652    5.07286    -0.0749    13.8155 0.0000e+00  -60.61617  -54.71983 1153482736 202.494644    34.7002      49950         23  0.000e+00
   1110.503     0.9621   3.013324     0.9631   3.013646    5.07805    -0.0964    13.8155 0.0000e+00  -60.61617  -54.71983 1153482736 202.494644    34.7005      49951         23  0.000e+00
   1110.503     0.9627   3.013296     0.9624   3.013669    5.07799    -0.1072    13.8155 0.0000e+00  -60.61617  -54.71983 1153482736 202.494645    34.6994      49952         23  0.000e+00
   1110.503     0.9628   3.013279     0.9625   3.013664    5.06766    -0.0426    13.8155 0.0000e+00  -60.61617  -54.71983 1153482736 202.494645    34.6992      49953         23  0.000e+00
   1110.503     0.9626   3.013266     0.9628   3.013622    5.07285    -0.0426    13.8155 0.0000e+00  -60.61617  -54.71983 1153482736 202.494646    34.6992      49954         23  0.000e+00
   1111.442     0.9632   3.013344     0.9611   3.013616    5.06825    -0.1395    13.8155 0.0000e+00  -60.61617  -54.71983 1153482742 202.494718    34.6990      50104         24  0.000e+00
   1111.442     0.9628   3.013362     0.9609   3.013556    5.07346    -0.1287    13.8155 0.0000e+00  -60.61617  -54.71983 1153482742 202.494718    34.6997      50105         24  0.000e+00
   1111.510     0.9624   3.013406     0.9611   3.013568    5.07352    -0.0749    13.8155 0.0000e+00  -60.61617  -54.71983 1153482742 202.494719    34.7006      50106         24  0.000e+00
   1111.655     0.9629   3.013430     0.9603   3.013550    5.06839    -0.0426    13.8155 0.0000e+00  -60.61617  -54.71983 1153482742 202.494719    34.7003      50107         24  0.000e+00
   1111.588     0.9636   3.013386     0.9602   3.013449    5.07346    -0.1072    13.8155 0.0000e+00  -60.61617  -54.71983 1153482742 202.494720    34.6991      50108         24  0.000e+00
   1111.588     0.9624   3.013163     0.9585   3.013341    5.06851    -0.0964    13.8155 0.0000e+00  -60.61617  -54.71983 1153482743 202.494720    34.6975      50109         24  0.000e+00
   1111.723     0.9601   3.012941     0.9578   3.013246    5.07412    -0.0964    13.8155 0.0000e+00  -60.61617  -54.71983 1153482743 202.494721    34.6972      50110         24  0.000e+00
   1111.723     0.9590   3.012856     0.9575   3.013252    5.07428    -0.1072    13.8155 0.0000e+00  -60.61617  -54.71983 1153482743 202.494721    34.6973      50111         24  0.000e+00
   1111.723     0.9573   3.012815     0.9575   3.013263    5.07447    -0.1180    13.8155 0.0000e+00  -60.61617  -54.71983 1153482743 202.494722    34.6986      50112         24  0.000e+00
   1111.801     0.9573   3.012798     0.9575   3.013252    5.07454    -0.1072    13.8155 0.0000e+00  -60.61617  -54.71983 1153482743 202.494722    34.6984      50113         24  0.000e+00
   1111.868     0.9566   3.012805     0.9571   3.013234    5.07465    -0.0857    13.8155 0.0000e+00  -60.61617  -54.71983 1153482743 202.494723    34.6991      50114         24  0.000e+00
   1111.868     0.9568   3.012798     0.9571   3.013222    5.06947    -0.0749    13.8155 0.0000e+00  -60.61617  -54.71983 1153482743 202.494723    34.6989      50115         24  0.000e+00
   1111.868     0.9570   3.012877     0.9566   3.013228    5.06942    -0.0642    13.8155 0.0000e+00  -60.61617  -54.71983 1153482743 202.494724    34.6997      50116         24  0.000e+00
   1111.946     0.9575   3.012914     0.9571   3.013222    5.07457    -0.0642    13.8155 0.0000e+00  -60.61617  -54.71983 1153482743 202.494724    34.6996      50117         24  0.000e+00
   1111.946     0.9577   3.012935     0.9577   3.013252    5.07453    -0.0534    13.8155 0.0000e+00  -60.61617  -54.71983 1153482743 202.494725    34.6995      50118         24  0.000e+00
   1112.014     0.9571   3.012877     0.9588   3.013365    5.07467    -0.0749    13.8155 0.0000e+00  -60.61617  -54.71983 1153482743 202.494725    34.6994      50119         24  0.000e+00
   1112.014     0.9570   3.012846     0.9600   3.013473    5.07470    -0.0749    13.8155 0.0000e+00  -60.61617  -54.71983 1153482743 202.494726    34.6992      50120         24  0.000e+00
   1112.091     0.9566   3.012853     0.9611   3.013616    5.06962    -0.0749    13.8155 0.0000e+00  -60.61617  -54.71983 1153482743 202.494726    34.6996      50121         24  0.000e+00
   1112.091     0.9563   3.012812     0.9624   3.013748    5.06967    -0.0426    13.8155 0.0000e+00  -60.61617  -54.71983 1153482743 202.494727    34.6994      50122         24  0.000e+00
   1112.159     0.9568   3.012860     0.9631   3.013813    5.06964    -0.0534    13.8155 0.0000e+00  -60.61617  -54.71983 1153482743 202.494727    34.6995      50123         24  0.000e+00
   1112.159     0.9573   3.012924     0.9634   3.013813    5.06956    -0.0534    13.8155 0.0000e+00  -60.61617  -54.71983 1153482743 202.494728    34.6998      50124         24  0.000e+00
   1112.159     0.9579   3.013013     0.9633   3.013819    5.06946    -0.0857    13.8155 0.0000e+00  -60.61617  -54.71983 1153482743 202.494728    34.7002      50125         24  0.000e+00
   1112.237     0.9587   3.013082     0.9633   3.013825    5.07457    -0.0749    13.8155 0.0000e+00  -60.61617  -54.71983 1153482743 202.494728    34.7002      50126         24  0.000e+00
   1112.237     0.9601   3.013177     0.9634   3.013813    5.06921    -0.0749    13.8155 0.0000e+00  -60.61617  -54.71983 1153482743 202.494729    34.6999      50127         24  0.000e+00
   1112.237     0.9606   3.013287     0.9626   3.013760    5.06911    -0.0642    13.8155 0.0000e+00  -60.61617  -54.71983 1153482743 202.494729    34.7008      50128         24  0.000e+00
   1112.304     0.9617   3.013338     0.9628   3.013748    5.06902    -0.0857    13.8155 0.0000e+00  -60.61617  -54.71983 1153482743 202.494730    34.7002      50129         24  0.000e+00
   1112.304     0.9617   3.013287     0.9630   3.013766    5.06904    -0.1072    13.8155 0.0000e+00  -60.61617  -54.71983 1153482743 202.494730    34.6995      50130         24  0.000e+00
   1112.372     0.9612   3.013290     0.9628   3.013754    5.07431    -0.1287    13.8155 0.0000e+00  -60.61617  -54.71983 1153482743 202.494731    34.7001      50131         24  0.000e+00
   1112.304     0.9612   3.013263     0.9613   3.013634    5.06910    -0.1072    13.8155 0.0000e+00  -60.61617  -54.71983 1153482743 202.494731    34.6997      50132         24  0.000e+00
   1112.372     0.9615   3.013314     0.9594   3.013449    5.07426    -0.0534    13.8155 0.0000e+00  -60.61617  -54.71983 1153482744 202.494732    34.7000      50133         24  0.000e+00
   1112.372     0.9615   3.013328     0.9577   3.013311    5.07426    -0.0642    13.8155 0.0000e+00  -60.61617  -54.71983 1153482744 202.494732    34.7002      50134         24  0.000e+00
   1112.450     0.9617   3.013335     0.9571   3.013264    5.06913    -0.0857    13.8155 0.0000e+00  -60.61617  -54.71983 1153482744 202.494733    34.7001      50135         24  0.000e+00
   1112.372     0.9624   3.013328     0.9566   3.013210    5.06899    -0.1180    13.8155 0.0000e+00  -60.61617  -54.71983 1153482744 202.494733    34.6992      50136         24  0.000e+00
   1112.450     0.9624   3.013287     0.9566   3.013222    5.06906    -0.1287    13.8155 0.0000e+00  -60.61617  -54.71983 1153482744 202.494734    34.6986      50137         24  0.000e+00
   1112.450     0.9610   3.013123     0.9569   3.013246    5.06928    -0.1072    13.8155 0.0000e+00  -60.61617  -54.71983 1153482744 202.494734    34.6980      50138         24  0.000e+00
   1112.450     0.9592   3.013044     0.9572   3.013234    5.07469    -0.1180    13.8155 0.0000e+00  -60.61617  -54.71983 1153482744 202.494735    34.6991      50139         24  0.000e+00
   1112.450     0.9582   3.013044     0.9567   3.013270    5.06962    -0.1072    13.8155 0.0000e+00  -60.61617  -54.71983 1153482744 202.494735    34.7001      50140         24  0.000e+00
   1112.450     0.9587   3.013109     0.9571   3.013258    5.06954    -0.1395    13.8155 0.0000e+00  -60.61617  -54.71983 1153482744 202.494736    34.7004      50141         24  0.000e+00
   1112.450     0.9592   3.013167     0.9578   3.013258    5.06946    -0.1287    13.8155 0.0000e+00  -60.61617  -54.71983 1153482744 202.494736    34.7007      50142         24  0.000e+00
   1112.517     0.9593   3.013242     0.9577   3.013252    5.06946    -0.0426    13.8155 0.0000e+00  -60.61617  -54.71983 1153482744 202.494737    34.7014      50143         24  0.000e+00
   1112.450     0.9604   3.013273     0.9582   3.013323    5.06928    -0.0534    13.8155 0.0000e+00  -60.61617  -54.71983 1153482744 202.494737    34.7006      50144         24  0.000e+00
   1112.450     0.9609   3.013287     0.9586   3.013383    5.07440    -0.0749    13.8155 0.0000e+00  -60.61617  -54.71983 1153482744 202.494738    34.7003      50145         24  0.000e+00
   1112.450     0.9613   3.013280     0.9586   3.013389    5.06918    -0.0534    13.8155 0.0000e+00  -60.61617  -54.71983 1153482744 202.494738    34.6997      50146         24  0.000e+00
   1112.450     0.9610   3.013239     0.9589   3.013395    5.06923    -0.0749    13.8155 0.0000e+00  -60.61617  -54.71983 1153482744 202.494739    34.6995      50147         24  0.000e+00
   1112.450     0.9604   3.013147     0.9599   3.013455    5.06934    -0.1072    13.8155 0.0000e+00  -60.61617  -54.71983 1153482744 202.494739    34.6990      50148         24  0.000e+00
   1112.450     0.9601   3.013003     0.9602   3.013503    5.06944    -0.0749    13.8155 0.0000e+00  -60.61617  -54.71983 1153482744 202.494740    34.6976      50149         24  0.000e+00
   1112.450     0.9589   3.012901     0.9603   3.013503    5.06961    -0.0964    13.8155 0.0000e+00  -60.61617  -54.71983 1153482744 202.494740    34.6976      50150         24  0.000e+00
   1112.372     0.9579   3.013034     0.9597   3.013449    5.06960    -0.0964    13.8155 0.0000e+00  -60.61617  -54.71983 1153482744 202.494741    34.7004      50151         24  0.000e+00
   1112.450     0.9585   3.013095     0.9591   3.013431    5.06956    -0.0857    13.8155 0.0000e+00  -60.61617  -54.71983 1153482744 202.494741    34.7005      50152         24  0.000e+00
