product_data/regression_test/downloaded_data/MGDS/320620060703/ctd/p6610701.ros
* Sea-Bird SBE 9 Data File:
* FileName = D:\Data\Raw\p6610701.dat
* Software Version Seasave Win32 V 5.32
* Temperature SN = 1649
* Conductivity SN = 1431
* Number of Bytes Per Scan = 37
* Number of Voltage Words = 5
* Number of Scans Averaged by the Deck Unit = 1
* NMEA Latitude = 61 11.45 S
* NMEA Longitude = 054 52.55 W
* NMEA UTC (Time) = 22:26:40
** Ship:   Nathaniel B. Palmer 
** Cruise:    NBP0606 
# nquan = 17
# nvalues = 1154                    
# units = specified
# name 0 = prDM: Pressure, Digiquartz [db]
# name 1 = t090C: Temperature [ITS-90, deg C]
# name 2 = c0S/m: Conductivity [S/m]
# name 3 = t190C: Temperature, 2 [ITS-90, deg C]
# name 4 = c1S/m: Conductivity, 2 [S/m]
# name 5 = sbeox0ML/L: Oxygen, SBE 43 [ml/l]
# name 6 = flECO-AFL: Fluorescence, Wetlab ECO-AFL/FL [mg/m^3]
# name 7 = bat: Beam Attenuation, Chelsea/Seatech/Wetlab CStar [1/m]
# name 8 = spar: SPAR/Surface Irradiance
# name 9 = latitude: Latitude [deg]
# name 10 = longitude: Longitude [deg]
# name 11 = timeY: Time, System [seconds]
# name 12 = timeJ: Julian Days
# name 13 = sal00: Salinity [PSU]
# name 14 = scan: scan number
# name 15 = nbf: number of bottles fired
# name 16 = flag:  0.000e+00
# interval = seconds: 0.0416667                   
# start_time = Jul 13 2006 22:26:47
*END*
[from data line 1022]
     10.221    -0.6372   2.796753    -0.6369   2.797167    7.36628     0.0757    13.8155 0.0000e+00  -61.19083  -54.87583 1152830227 194.942459    34.2870      14916         22  0.000e+00
     10.221    -0.6369   2.796753    -0.6365   2.797184    7.36624     0.0757    13.8155 0.0000e+00  -61.19083  -54.87583 1152830227 194.942459    34.2867      14917         22  0.000e+00
     10.240    -0.6375   2.796720    -0.6362   2.797190    7.36637     0.0972    13.8155 0.0000e+00  -61.19083  -54.87583 1152830227 194.942460    34.2869      14918         22  0.000e+00
     10.221    -0.6372   2.796740    -0.6367   2.797173    7.36629     0.0650    13.8155 0.0000e+00  -61.19083  -54.87583 1152830227 194.942460    34.2868      14919         22  0.000e+00
     10.174    -0.6370   2.796740    -0.6367   2.797184    7.37086     0.0972    13.8155 0.0000e+00  -61.19083  -54.87583 1152830227 194.942461    34.2867      14920         22  0.000e+00
     10.221    -0.6373   2.796746    -0.6364   2.797190    7.36630     0.0972    13.8155 0.0000e+00  -61.19083  -54.87583 1152830227 194.942461    34.2871      14921         22  0.000e+00
     10.221    -0.6373   2.796720    -0.6362   2.797173    7.36632     0.0542    13.8155 0.0000e+00  -61.19083  -54.87583 1152830227 194.942462    34.2867      14922         22  0.000e+00
     10.174    -0.6375   2.796723    -0.6365   2.797202    7.36630     0.0972    13.8155 0.0000e+00  -61.19083  -54.87583 1152830227 194.942462    34.2870      14923         22  0.000e+00
     10.221    -0.6372   2.796763    -0.6366   2.797178    7.36627     0.0542    13.8155 0.0000e+00  -61.19083  -54.87583 1152830227 194.942463    34.2872      14924         22  0.000e+00
     10.221    -0.6376   2.796740    -0.6362   2.797184    7.37100     0.0219    13.8155 0.0000e+00  -61.19083  -54.87583 1152830227 194.942463    34.2874      14925         22  0.000e+00
     10.174    -0.6372   2.796746    -0.6369   2.797173    7.36623     0.0434    13.8155 0.0000e+00  -61.19083  -54.87583 1152830227 194.942464    34.2870      14926         22  0.000e+00
     10.221    -0.6370   2.796753    -0.6362   2.797167    7.37090     0.0865    13.8155 0.0000e+00  -61.19083  -54.87583 1152830227 194.942464    34.2868      14927         22  0.000e+00
     10.174    -0.6372   2.796756    -0.6369   2.797120    7.36623     0.0865    13.8155 0.0000e+00  -61.19083  -54.87583 1152830227 194.942465    34.2871      14928         22  0.000e+00
     10.221    -0.6375   2.796736    -0.6362   2.797149    7.36634     0.0972    13.8155 0.0000e+00  -61.19083  -54.87583 1152830227 194.942465    34.2872      14929         22  0.000e+00
     10.221    -0.6373   2.796746    -0.6367   2.797167    7.36630     0.0757    13.8155 0.0000e+00  -61.19083  -54.87583 1152830227 194.942466    34.2871      14930         22  0.000e+00
     10.174    -0.6372   2.796733    -0.6369   2.797167    7.36624     0.0865    13.8155 0.0000e+00  -61.19083  -54.87583 1152830227 194.942466    34.2868      14931         22  0.000e+00
     10.221    -0.6373   2.796730    -0.6369   2.797184    7.36631     0.0972    13.8155 0.0000e+00  -61.19083  -54.87583 1152830227 194.942467    34.2869      14932         22  0.000e+00
     10.174    -0.6370   2.796713    -0.6364   2.797173    7.36623     0.0865    13.8155 0.0000e+00  -61.19083  -54.87583 1152830227 194.942467    34.2863      14933         22  0.000e+00
     10.221    -0.6378   2.796740    -0.6361   2.797184    7.36638     0.1295    13.8155 0.0000e+00  -61.19083  -54.87583 1152830228 194.942468    34.2876      14934         22  0.000e+00
     10.221    -0.6375   2.796733    -0.6366   2.797190    7.36634     0.0972    13.8155 0.0000e+00  -61.19083  -54.87583 1152830228 194.942468    34.2871      14935         22  0.000e+00
     10.174    -0.6375   2.796746    -0.6364   2.797213    7.36628     0.0434    13.8155 0.0000e+00  -61.19083  -54.87583 1152830228 194.942469    34.2873      14936         22  0.000e+00
     10.145    -0.6372   2.796740    -0.6362   2.797178    7.36621     0.0650    13.8155 0.0000e+00  -61.19083  -54.87583 1152830228 194.942469    34.2869      14937         22  0.000e+00
     10.174    -0.6376   2.796730    -0.6364   2.797184    7.36631     0.1080    13.8155 0.0000e+00  -61.19083  -54.87583 1152830228 194.942470    34.2873      14938         22  0.000e+00
     10.221    -0.6370   2.796730    -0.6362   2.797190    7.36627     0.1080    13.8155 0.0000e+00  -61.19083  -54.87583 1152830228 194.942470    34.2865      14939         22  0.000e+00
     10.221    -0.6372   2.796746    -0.6372   2.797173    7.36628     0.1618    13.8155 0.0000e+00  -61.19083  -54.87583 1152830228 194.942471    34.2869      14940         22  0.000e+00
     10.174    -0.6370   2.796753    -0.6358   2.797202    7.36620     0.1403    13.8155 0.0000e+00  -61.19083  -54.87583 1152830228 194.942471    34.2869      14941         22  0.000e+00
     10.221    -0.6370   2.796753    -0.6362   2.797178    7.36625     0.1403    13.8155 0.0000e+00  -61.19083  -54.87583 1152830228 194.942472    34.2868      14942         22  0.000e+00
     10.174    -0.6367   2.796753    -0.6362   2.797184    7.36617     0.1080    13.8155 0.0000e+00  -61.19083  -54.87583 1152830228 194.942472    34.2866      14943         22  0.000e+00
     10.145    -0.6373   2.796753    -0.6364   2.797190    7.36157     0.1618    13.8155 0.0000e+00  -61.19083  -54.87583 1152830228 194.942473    34.2872      14944         22  0.000e+00
     10.221    -0.6375   2.796773    -0.6362   2.797190    7.36631     0.1618    13.8155 0.0000e+00  -61.19083  -54.87583 1152830228 194.942473    34.2876      14945         22  0.000e+00
     10.174    -0.6368   2.796759    -0.6362   2.797190    7.36618     0.0757    13.8155 0.0000e+00  -61.19083  -54.87583 1152830228 194.942473    34.2868      14946         22  0.000e+00
     10.221    -0.6372   2.796753    -0.6364   2.797190    7.36628     0.0542    13.8155 0.0000e+00  -61.19083  -54.87583 1152830228 194.942474    34.2870      14947         22  0.000e+00
     10.145    -0.6375   2.796769    -0.6364   2.797173    7.36623     0.0650    13.8155 0.0000e+00  -61.19083  -54.87583 1152830228 194.942474    34.2877      14948         22  0.000e+00
     10.240    -0.6372   2.796740    -0.6366   2.797202    7.36631     0.0972    13.8155 0.0000e+00  -61.19083  -54.87583 1152830228 194.942475    34.2868      14949         22  0.000e+00
     10.145    -0.6373   2.796746    -0.6362   2.797202    7.36623     0.1403    13.8155 0.0000e+00  -61.19083  -54.87583 1152830228 194.942475    34.2871      14950         22  0.000e+00
     10.240    -0.6368   2.796733    -0.6361   2.797190    7.36626     0.1188    13.8155 0.0000e+00  -61.19083  -54.87583 1152830228 194.942476    34.2864      14951         22  0.000e+00
     10.145    -0.6372   2.796730    -0.6364   2.797173    7.36622     0.0327    13.8155 0.0000e+00  -61.19083  -54.87583 1152830228 194.942476    34.2868      14952         22  0.000e+00
     10.221    -0.6370   2.796750    -0.6364   2.797184    7.36625     0.0650    13.8155 0.0000e+00  -61.19083  -54.87583 1152830228 194.942477    34.2868      14953         22  0.000e+00
     10.078    -0.6372   2.796763    -0.6366   2.797184    7.36612     0.1188    13.8155 0.0000e+00  -61.19083  -54.87583 1152830228 194.942478    34.2872      14955         23  0.000e+00
     10.174    -0.6372   2.796756    -0.6366   2.797190    7.36158     0.0972    13.8155 0.0000e+00  -61.19083  -54.87583 1152830228 194.942478    34.2871      14956         23  0.000e+00
     10.288    -0.6370   2.796769    -0.6363   2.797173    7.36166     0.1080    13.8155 0.0000e+00  -61.19083  -54.87583 1152830228 194.942479    34.2870      14957         23  0.000e+00
     10.221    -0.6372   2.796756    -0.6362   2.797202    7.36628     0.0650    13.8155 0.0000e+00  -61.19083  -54.87583 1152830228 194.942479    34.2871      14958         23  0.000e+00
     10.174    -0.6368   2.796753    -0.6362   2.797178    7.36618     0.0650    13.8155 0.0000e+00  -61.19083  -54.87583 1152830228 194.942480    34.2867      14959         23  0.000e+00
     10.221    -0.6370   2.796753    -0.6366   2.797167    7.36625     0.0650    13.8155 0.0000e+00  -61.19083  -54.87583 1152830228 194.942480    34.2868      14960         23  0.000e+00
     10.174    -0.6367   2.796756    -0.6366   2.797184    7.36616     0.0972    13.8155 0.0000e+00  -61.19083  -54.87583 1152830229 194.942481    34.2866      14961         23  0.000e+00
     10.145    -0.6368   2.796753    -0.6364   2.797190    7.36615     0.1080    13.8155 0.0000e+00  -61.19083  -54.87583 1152830229 194.942481    34.2867      14962         23  0.000e+00
     10.221    -0.6370   2.796753    -0.6365   2.797207    7.36161     0.0757    13.8155 0.0000e+00  -61.19083  -54.87583 1152830229 194.942482    34.2868      14963         23  0.000e+00
     10.240    -0.6368   2.796753    -0.6364   2.797196    7.36160     0.1403    13.8155 0.0000e+00  -61.19083  -54.87583 1152830229 194.942482    34.2867      14964         23  0.000e+00
     10.145    -0.6372   2.796733    -0.6364   2.797173    7.36621     0.1403    13.8155 0.0000e+00  -61.19083  -54.87583 1152830229 194.942483    34.2868      14965         23  0.000e+00
     10.240    -0.6372   2.796746    -0.6361   2.797184    7.36166     0.1188    13.8155 0.0000e+00  -61.19083  -54.87583 1152830229 194.942483    34.2869      14966         23  0.000e+00
     10.221    -0.6367   2.796786    -0.6361   2.797190    7.36154     0.0972    13.8155 0.0000e+00  -61.19083  -54.87583 1152830229 194.942484    34.2869      14967         23  0.000e+00
     10.145    -0.6365   2.796763    -0.6359   2.797173    7.36145     0.0650    13.8155 0.0000e+00  -61.19083  -54.87583 1152830229 194.942484    34.2865      14968         23  0.000e+00
     10.174    -0.6367   2.796740    -0.6362   2.797184    7.36153     0.1188    13.8155 0.0000e+00  -61.19083  -54.87583 1152830229 194.942485    34.2864      14969         23  0.000e+00
     10.221    -0.6368   2.796766    -0.6362   2.797207    7.36158     0.0650    13.8155 0.0000e+00  -61.19083  -54.87583 1152830229 194.942485    34.2868      14970         23  0.000e+00
     10.221    -0.6372   2.796776    -0.6367   2.797196    7.36162     0.0434    13.8155 0.0000e+00  -61.19083  -54.87583 1152830229 194.942486    34.2873      14971         23  0.000e+00
     10.174    -0.6368   2.796740    -0.6361   2.797190    7.36155     0.0757    13.8155 0.0000e+00  -61.19083  -54.87583 1152830229 194.942486    34.2865      14972         23  0.000e+00
     10.221    -0.6370   2.796779    -0.6362   2.797190    7.36159     0.0865    13.8155 0.0000e+00  -61.19083  -54.87583 1152830229 194.942486    34.2872      14973         23  0.000e+00
     10.240    -0.6367   2.796730    -0.6361   2.797207    7.36160     0.0757    13.8155 0.0000e+00  -61.19083  -54.87583 1152830229 194.942487    34.2862      14974         23  0.000e+00
     10.145    -0.6370   2.796723    -0.6361   2.797219    7.36155     0.0972    13.8155 0.0000e+00  -61.19083  -54.87583 1152830229 194.942487    34.2865      14975         23  0.000e+00
     10.221    -0.6368   2.796763    -0.6359   2.797219    7.36158     0.1188    13.8155 0.0000e+00  -61.19083  -54.87583 1152830229 194.942488    34.2868      14976         23  0.000e+00
     10.174    -0.6373   2.796756    -0.6360   2.797219    7.36160     0.1080    13.8155 0.0000e+00  -61.19083  -54.87583 1152830229 194.942488    34.2873      14977         23  0.000e+00
     10.221    -0.6366   2.796723    -0.6361   2.797219    7.36156     0.1080    13.8155 0.0000e+00  -61.19083  -54.87583 1152830229 194.942489    34.2859      14978         23  0.000e+00
     10.240    -0.6368   2.796743    -0.6361   2.797219    7.36161     0.0972    13.8155 0.0000e+00  -61.19083  -54.87583 1152830229 194.942489    34.2865      14979         23  0.000e+00
     10.221    -0.6373   2.796769    -0.6359   2.797219    7.36164     0.1295    13.8155 0.0000e+00  -61.19083  -54.87583 1152830230 194.942490    34.2874      14980         23  0.000e+00
     10.145    -0.6370   2.796792    -0.6361   2.797219    7.36150     0.1080    13.8155 0.0000e+00  -61.19083  -54.87583 1152830230 194.942490    34.2874      14981         23  0.000e+00
     10.240    -0.6364   2.796763    -0.6362   2.797219    7.36153     0.0865    13.8155 0.0000e+00  -61.19083  -54.87583 1152830230 194.942491    34.2863      14982         23  0.000e+00
     10.145    -0.6367   2.796733    -0.6362   2.797219    7.36150     0.0542    13.8155 0.0000e+00  -61.19083  -54.87583 1152830230 194.942491    34.2863      14983         23  0.000e+00
     10.241    -0.6368   2.796763    -0.6365   2.797196    7.36160     0.0650    13.8155 0.0000e+00  -61.19083  -54.87583 1152830230 194.942492    34.2868      14984         23  0.000e+00
     10.221    -0.6370   2.796740    -0.6359   2.797207    7.36161     0.0757    13.8155 0.0000e+00  -61.19083  -54.87583 1152830230 194.942492    34.2866      14985         23  0.000e+00
     10.145    -0.6367   2.796750    -0.6364   2.797196    7.36149     0.0650    13.8155 0.0000e+00  -61.19083  -54.87583 1152830230 194.942493    34.2865      14986         23  0.000e+00
     10.241    -0.6372   2.796753    -0.6359   2.797190    7.36165     0.1080    13.8155 0.0000e+00  -61.19083  -54.87583 1152830230 194.942493    34.2870      14987         23  0.000e+00
     10.145    -0.6370   2.796753    -0.6359   2.797248    7.36153     0.0542    13.8155 0.0000e+00  -61.19083  -54.87583 1152830230 194.942494    34.2869      14988         23  0.000e+00
     10.241    -0.6370   2.796753    -0.6361   2.797190    7.36163     0.0865    13.8155 0.0000e+00  -61.19083  -54.87583 1152830230 194.942494    34.2868      14989         23  0.000e+00
     10.221    -0.6372   2.796769    -0.6363   2.797184    7.36162     0.1295    13.8155 0.0000e+00  -61.19083  -54.87583 1152830230 194.942495    34.2872      14990         23  0.000e+00
     10.221    -0.6370   2.796776    -0.6362   2.797207    7.36159     0.0972    13.8155 0.0000e+00  -61.19083  -54.87583 1152830230 194.942495    34.2871      14991         23  0.000e+00
     10.174    -0.6364   2.796776    -0.6364   2.797202    7.36145     0.0972    13.8155 0.0000e+00  -61.19083  -54.87583 1152830230 194.942496    34.2865      14992         23  0.000e+00
     10.221    -0.6365   2.796756    -0.6361   2.797213    7.36154     0.1295    13.8155 0.0000e+00  -61.19083  -54.87583 1152830230 194.942496    34.2864      14993         23  0.000e+00
     10.174    -0.6370   2.796740    -0.6361   2.797202    7.36157     0.1188    13.8155 0.0000e+00  -61.19083  -54.87583 1152830230 194.942497    34.2867      14994         23  0.000e+00
     10.221    -0.6368   2.796746    -0.6362   2.797190    7.36159     0.0757    13.8155 0.0000e+00  -61.19083  -54.87583 1152830230 194.942497    34.2866      14995         23  0.000e+00
     10.221    -0.6367   2.796753    -0.6364   2.797207    7.36157     0.0542    13.8155 0.0000e+00  -61.19083  -54.87583 1152830230 194.942498    34.2865      14996         23  0.000e+00
     10.174    -0.6372   2.796769    -0.6363   2.797178    7.36157     0.0542    13.8155 0.0000e+00  -61.19083  -54.87583 1152830230 194.942498    34.2873      14997         23  0.000e+00
     10.222    -0.6365   2.796756    -0.6362   2.797184    7.36154     0.1080    13.8155 0.0000e+00  -61.19083  -54.87583 1152830230 194.942499    34.2864      14998         23  0.000e+00
     10.222    -0.6368   2.796753    -0.6362   2.797190    7.36158     0.1618    13.8155 0.0000e+00  -61.19083  -54.87583 1152830230 194.942499    34.2867      14999         23  0.000e+00
     10.174    -0.6372   2.796786    -0.6364   2.797190    7.36156     0.1080    13.8155 0.0000e+00  -61.19083  -54.87583 1152830230 194.942500    34.2875      15000         23  0.000e+00
