product_data/regression_test/downloaded_data/MGDS/320620060703/ctd/p6617611.ros
* Sea-Bird SBE 9 Data File:
* FileName = D:\Data\Raw\p6617611.dat
* Software Version Seasave Win32 V 5.32
* Temperature SN = 1649
* Conductivity SN = 1431
* Number of Bytes Per Scan = 37
* Number of Voltage Words = 5
* Number of Scans Averaged by the Deck Unit = 1
* NMEA Latitude = 60 37.00 S
* NMEA Longitude = 054 43.23 W
* NMEA UTC (Time) = 14:47:03
** Ship:   Nathaniel B. Palmer 
** Cruise:    NBP0606 
# nquan = 17
# nvalues = 1176                    
# units = specified
# name 0 = prDM: Pressure, Digiquartz [db]
# name 1 = t090C: Temperature [ITS-90, deg C]
# name 2 = c0S/m: Conductivity [S/m]
# name 3 = t190C: Temperature, 2 [ITS-90, deg C]
# name 4 = c1S/m: Conductivity, 2 [S/m]
# name 5 = sbeox0ML/L: Oxygen, SBE 43 [ml/l]
# name 6 = flECO-AFL: Fluorescence, Wetlab ECO-AFL/FL [mg/m^3]
# name 7 = bat: Beam Attenuation, Chelsea/Seatech/Wetlab CStar [1/m]
# name 8 = spar: SPAR/Surface Irradiance
# name 9 = latitude: Latitude [deg]
# name 10 = longitude: Longitude [deg]
# name 11 = timeY: Time, System [seconds]
# name 12 = timeJ: Julian Days
# name 13 = sal00: Salinity [PSU]
# name 14 = scan: scan number
# name 15 = nbf: number of bottles fired
# name 16 = flag:  0.000e+00
# interval = seconds: 0.0416667                   
# start_time = Jul 21 2006 14:47:11
*END*
[from data line 171]
    751.381     0.9833   2.996760     0.9840   2.997105    5.15594    -0.0534    13.8155 6.2341e+01  -60.61667  -54.72050 1153494331 202.628858    34.6649      26456          4  0.000e+00
    751.381     0.9833   2.996760     0.9837   2.997099    5.15594    -0.0749    13.8155 6.2341e+01  -60.61667  -54.72050 1153494331 202.628858    34.6649      26457          4  0.000e+00
    751.381     0.9831   2.996739     0.9840   2.997117    5.15597    -0.0964    13.8155 6.2341e+01  -60.61667  -54.72050 1153494331 202.628859    34.6649      26458          4  0.000e+00
    751.304     0.9833   2.996736     0.9843   2.997087    5.15589    -0.1072    13.8155 6.2341e+01  -60.61667  -54.72050 1153494331 202.628859    34.6646      26459          4  0.000e+00
    751.381     0.9834   2.996736     0.9837   2.997135    5.15594    -0.1287    13.8155 6.2341e+01  -60.61667  -54.72050 1153494331 202.628859    34.6645      26460          4  0.000e+00
    751.237     0.9838   2.996743     0.9843   2.997135    5.15579    -0.1395    13.8155 6.2341e+01  -60.61667  -54.72050 1153494332 202.628860    34.6642      26461          4  0.000e+00
    751.304     0.9834   2.996790     0.9843   2.997099    5.15586    -0.0964    13.8155 6.2341e+01  -60.61667  -54.72050 1153494332 202.628860    34.6652      26462          4  0.000e+00
    751.237     0.9838   2.996753     0.9846   2.997117    5.15579    -0.0749    13.8155 6.4289e+01  -60.61667  -54.72050 1153494332 202.628861    34.6644      26463          4  0.000e+00
    751.169     0.9833   2.996770     0.9840   2.997105    5.16070    -0.1180    13.8155 6.2341e+01  -60.61667  -54.72050 1153494332 202.628861    34.6651      26464          4  0.000e+00
    751.237     0.9838   2.996763     0.9841   2.997081    5.15579    -0.1072    13.8155 6.2341e+01  -60.61667  -54.72050 1153494332 202.628862    34.6645      26465          4  0.000e+00
    751.169     0.9835   2.996722     0.9840   2.997093    5.15578    -0.0964    13.8155 6.2341e+01  -60.61667  -54.72050 1153494332 202.628862    34.6643      26466          4  0.000e+00
    751.092     0.9833   2.996719     0.9840   2.997099    5.15575    -0.0857    13.8155 6.0393e+01  -60.61667  -54.72050 1153494332 202.628863    34.6646      26467          4  0.000e+00
    751.170     0.9835   2.996732     0.9843   2.997099    5.15578    -0.0642    13.8155 6.0393e+01  -60.61667  -54.72050 1153494332 202.628863    34.6645      26468          4  0.000e+00
    751.025     0.9838   2.996715     0.9842   2.997081    5.15566    -0.0749    13.8155 6.2341e+01  -60.61667  -54.72050 1153494332 202.628864    34.6640      26469          4  0.000e+00
    751.092     0.9833   2.996746     0.9841   2.997075    5.15574    -0.0534    13.8155 6.2341e+01  -60.61667  -54.72050 1153494332 202.628864    34.6649      26470          4  0.000e+00
    751.025     0.9835   2.996722     0.9840   2.997075    5.16060    -0.0426    13.8155 6.0393e+01  -60.61667  -54.72050 1153494332 202.628865    34.6644      26471          4  0.000e+00
    751.025     0.9838   2.996753     0.9839   2.997093    5.15564    -0.0642    13.8155 6.0393e+01  -60.61667  -54.72050 1153494332 202.628865    34.6645      26472          4  0.000e+00
    750.967     0.9837   2.996760     0.9838   2.997081    5.15561    -0.0642    13.8155 6.0393e+01  -60.61667  -54.72050 1153494332 202.628866    34.6648      26473          4  0.000e+00
    750.948     0.9836   2.996760     0.9840   2.997075    5.15560    -0.0857    13.8155 6.0393e+01  -60.61667  -54.72050 1153494332 202.628866    34.6648      26474          4  0.000e+00
    750.881     0.9837   2.996760     0.9840   2.997075    5.16047    -0.0642    13.8155 6.0393e+01  -60.61667  -54.72050 1153494332 202.628867    34.6648      26475          4  0.000e+00
    750.948     0.9836   2.996739     0.9840   2.997075    5.16053    -0.1072    13.8155 6.0393e+01  -60.61667  -54.72050 1153494332 202.628867    34.6646      26476          4  0.000e+00
    750.813     0.9839   2.996742     0.9842   2.997075    5.15548    -0.0749    13.8155 6.2341e+01  -60.61667  -54.72050 1153494332 202.628868    34.6644      26477          4  0.000e+00
    750.881     0.9838   2.996736     0.9841   2.997075    5.15554    -0.0857    13.8155 6.0393e+01  -60.61667  -54.72050 1153494332 202.628868    34.6643      26478          4  0.000e+00
    750.813     0.9834   2.996736     0.9845   2.997111    5.15553    -0.0857    13.8155 6.0393e+01  -60.61667  -54.72050 1153494332 202.628869    34.6648      26479          4  0.000e+00
    750.736     0.9833   2.996736     0.9840   2.997087    5.15548    -0.0857    13.8155 6.0393e+01  -60.61667  -54.72050 1153494332 202.628869    34.6649      26480          4  0.000e+00
    751.451     0.9823   2.996692     0.9839   2.997087    5.16105    -0.0857    13.8155 5.8444e+01  -60.61667  -54.72050 1153494338 202.628937    34.6651      26620          5  0.000e+00
    751.451     0.9823   2.996668     0.9832   2.997075    5.16107    -0.0857    13.8155 6.0393e+01  -60.61667  -54.72050 1153494338 202.628937    34.6649      26621          5  0.000e+00
    751.383     0.9830   2.996726     0.9832   2.997069    5.16091    -0.1287    13.8155 6.0393e+01  -60.61667  -54.72050 1153494338 202.628938    34.6648      26622          5  0.000e+00
    751.528     0.9826   2.996736     0.9832   2.997052    5.16105    -0.1395    13.8155 6.0393e+01  -60.61667  -54.72050 1153494338 202.628938    34.6653      26623          5  0.000e+00
    751.528     0.9829   2.996736     0.9830   2.997081    5.16102    -0.1072    13.8155 6.0393e+01  -60.61667  -54.72050 1153494338 202.628939    34.6650      26624          5  0.000e+00
    751.528     0.9826   2.996736     0.9825   2.997099    5.16105    -0.0964    13.8155 6.0393e+01  -60.61667  -54.72050 1153494338 202.628939    34.6653      26625          5  0.000e+00
    751.528     0.9829   2.996753     0.9827   2.997058    5.16101    -0.1072    13.8155 6.0393e+01  -60.61667  -54.72050 1153494338 202.628940    34.6652      26626          5  0.000e+00
    751.595     0.9830   2.996767     0.9834   2.997064    5.16105    -0.1502    13.8155 6.0393e+01  -60.61667  -54.72050 1153494338 202.628940    34.6652      26627          5  0.000e+00
    751.595     0.9827   2.996780     0.9834   2.997076    5.16107    -0.1072    13.8155 6.0393e+01  -60.61667  -54.72050 1153494338 202.628940    34.6657      26628          5  0.000e+00
    751.663     0.9833   2.996729     0.9833   2.997093    5.16108    -0.1180    13.8155 6.0393e+01  -60.61667  -54.72050 1153494339 202.628941    34.6644      26629          5  0.000e+00
    751.663     0.9833   2.996763     0.9842   2.997081    5.16106    -0.1610    13.8155 6.0393e+01  -60.61667  -54.72050 1153494339 202.628941    34.6648      26630          5  0.000e+00
    751.595     0.9832   2.996729     0.9837   2.997093    5.16104    -0.1287    13.8155 6.0393e+01  -60.61667  -54.72050 1153494339 202.628942    34.6645      26631          5  0.000e+00
    751.740     0.9836   2.996702     0.9839   2.997117    5.16111    -0.1287    13.8155 6.0393e+01  -60.61667  -54.72050 1153494339 202.628942    34.6637      26632          5  0.000e+00
    751.740     0.9833   2.996760     0.9836   2.997105    5.16112    -0.1180    13.8155 6.0393e+01  -60.61667  -54.72050 1153494339 202.628943    34.6647      26633          5  0.000e+00
    751.663     0.9834   2.996801     0.9830   2.997117    5.16103    -0.0857    13.8155 6.0393e+01  -60.61667  -54.72050 1153494339 202.628943    34.6652      26634          5  0.000e+00
    751.750     0.9830   2.996787     0.9834   2.997087    5.16114    -0.0749    13.8155 6.0393e+01  -60.61667  -54.72050 1153494339 202.628944    34.6654      26635          5  0.000e+00
    751.807     0.9836   2.996746     0.9837   2.997111    5.16114    -0.0534    13.8155 6.0393e+01  -60.61667  -54.72050 1153494339 202.628944    34.6642      26636          5  0.000e+00
    751.807     0.9833   2.996743     0.9839   2.997105    5.16118    -0.0534    13.8155 6.2341e+01  -60.61667  -54.72050 1153494339 202.628945    34.6645      26637          5  0.000e+00
    751.807     0.9832   2.996756     0.9836   2.997117    5.16118    -0.0749    13.8155 6.2341e+01  -60.61667  -54.72050 1153494339 202.628945    34.6648      26638          5  0.000e+00
    751.807     0.9834   2.996777     0.9835   2.997129    5.16115    -0.0642    13.8155 6.0393e+01  -60.61667  -54.72050 1153494339 202.628946    34.6648      26639          5  0.000e+00
    751.884     0.9832   2.996801     0.9837   2.997105    5.16122    -0.0534    13.8155 6.2341e+01  -60.61667  -54.72050 1153494339 202.628946    34.6653      26640          5  0.000e+00
    751.884     0.9833   2.996770     0.9837   2.997099    5.16122    -0.0642    13.8155 6.2341e+01  -60.61667  -54.72050 1153494339 202.628947    34.6648      26641          5  0.000e+00
    751.885     0.9835   2.996760     0.9836   2.997099    5.16120    -0.0749    13.8155 6.2341e+01  -60.61667  -54.72050 1153494339 202.628947    34.6644      26642          5  0.000e+00
    751.885     0.9834   2.996801     0.9836   2.997117    5.16119    -0.1072    13.8155 6.0393e+01  -60.61667  -54.72050 1153494339 202.628948    34.6650      26643          5  0.000e+00
    751.952     0.9833   2.996736     0.9835   2.997129    5.16128    -0.1072    13.8155 6.0393e+01  -60.61667  -54.72050 1153494339 202.628948    34.6643      26644          5  0.000e+00
    751.885     0.9833   2.996746     0.9839   2.997129    5.16122    -0.0857    13.8155 6.0393e+01  -60.61667  -54.72050 1153494339 202.628949    34.6644      26645          5  0.000e+00
    751.952     0.9830   2.996777     0.9840   2.997165    5.16130    -0.1072    13.8155 6.2341e+01  -60.61667  -54.72050 1153494339 202.628949    34.6652      26646          5  0.000e+00
    751.952     0.9833   2.996784     0.9836   2.997141    5.16126    -0.0857    13.8155 6.2341e+01  -60.61667  -54.72050 1153494339 202.628950    34.6649      26647          5  0.000e+00
    752.029     0.9833   2.996773     0.9837   2.997105    5.15640    -0.0642    13.8155 6.0393e+01  -60.61667  -54.72050 1153494339 202.628950    34.6648      26648          5  0.000e+00
    751.952     0.9832   2.996780     0.9838   2.997141    5.15635    -0.0857    13.8155 6.0393e+01  -60.61667  -54.72050 1153494339 202.628951    34.6650      26649          5  0.000e+00
    752.029     0.9833   2.996746     0.9842   2.997135    5.15641    -0.0857    13.8155 6.0393e+01  -60.61667  -54.72050 1153494339 202.628951    34.6644      26650          5  0.000e+00
    752.029     0.9833   2.996770     0.9843   2.997147    5.16132    -0.0534    13.8155 6.0393e+01  -60.61667  -54.72050 1153494339 202.628952    34.6647      26651          5  0.000e+00
    752.029     0.9829   2.996784     0.9843   2.997159    5.16136    -0.0857    13.8155 6.0393e+01  -60.61667  -54.72050 1153494339 202.628952    34.6653      26652          5  0.000e+00
    752.029     0.9834   2.996808     0.9843   2.997177    5.16129    -0.0857    13.8155 6.0393e+01  -60.61667  -54.72050 1153494340 202.628953    34.6650      26653          5  0.000e+00
    752.029     0.9833   2.996773     0.9838   2.997165    5.16132    -0.0964    13.8155 6.2341e+01  -60.61667  -54.72050 1153494340 202.628953    34.6647      26654          5  0.000e+00
    752.029     0.9836   2.996760     0.9843   2.997159    5.16130    -0.1072    13.8155 6.0393e+01  -60.61667  -54.72050 1153494340 202.628954    34.6642      26655          5  0.000e+00
    752.097     0.9835   2.996777     0.9839   2.997159    5.16135    -0.0857    13.8155 6.0393e+01  -60.61667  -54.72050 1153494340 202.628954    34.6645      26656          5  0.000e+00
    752.029     0.9836   2.996763     0.9841   2.997177    5.16129    -0.0426    13.8155 6.2341e+01  -60.61667  -54.72050 1153494340 202.628954    34.6643      26657          5  0.000e+00
    752.106     0.9836   2.996784     0.9839   2.997141    5.16134    -0.0534    13.8155 6.2341e+01  -60.61667  -54.72050 1153494340 202.628955    34.6645      26658          5  0.000e+00
    752.029     0.9835   2.996767     0.9843   2.997147    5.16130    -0.0534    13.8155 6.0393e+01  -60.61667  -54.72050 1153494340 202.628955    34.6644      26659          5  0.000e+00
    752.097     0.9833   2.996760     0.9839   2.997159    5.16138    -0.0749    13.8155 6.2341e+01  -60.61667  -54.72050 1153494340 202.628956    34.6645      26660          5  0.000e+00
    752.097     0.9833   2.996777     0.9840   2.997135    5.16136    -0.0642    13.8155 6.2341e+01  -60.61667  -54.72050 1153494340 202.628956    34.6647      26661          5  0.000e+00
    752.097     0.9831   2.996801     0.9838   2.997147    5.16138    -0.0964    13.8155 6.4289e+01  -60.61667  -54.72050 1153494340 202.628957    34.6652      26662          5  0.000e+00
    752.029     0.9835   2.996770     0.9842   2.997159    5.16130    -0.0857    13.8155 6.4289e+01  -60.61667  -54.72050 1153494340 202.628957    34.6645      26663          5  0.000e+00
    752.097     0.9833   2.996801     0.9841   2.997177    5.16136    -0.0964    13.8155 6.4289e+01  -60.61667  -54.72050 1153494340 202.628958    34.6651      26664          5  0.000e+00
    752.097     0.9833   2.996791     0.9847   2.997165    5.16136    -0.0749    13.8155 6.4289e+01  -60.61667  -54.72050 1153494340 202.628958    34.6649      26665          5  0.000e+00
    752.097     0.9838   2.996763     0.9839   2.997159    5.16132    -0.0749    13.8155 6.4289e+01  -60.61667  -54.72050 1153494340 202.628959    34.6640      26666          5  0.000e+00
    752.097     0.9833   2.996794     0.9841   2.997135    5.15644    -0.0857    13.8155 6.2341e+01  -60.61667  -54.72050 1153494340 202.628959    34.6650      26667          5  0.000e+00
    752.097     0.9835   2.996787     0.9837   2.997064    5.15642    -0.1072    13.8155 6.2341e+01  -60.61667  -54.72050 1153494340 202.628960    34.6646      26668          5  0.000e+00
    750.172     0.9841   2.996742     0.9845   2.997117    5.15992    -0.1072    13.8155 5.8444e+01  -60.61667  -54.72050 1153494346 202.629030    34.6645      26814          6  0.000e+00
    750.239     0.9841   2.996735     0.9843   2.997105    5.15997    -0.1072    13.8155 6.0393e+01  -60.61667  -54.72050 1153494346 202.629031    34.6644      26815          6  0.000e+00
    750.172     0.9839   2.996770     0.9843   2.997081    5.15993    -0.0642    13.8155 6.0393e+01  -60.61667  -54.72050 1153494346 202.629031    34.6651      26816          6  0.000e+00
    750.172     0.9841   2.996746     0.9845   2.997093    5.15991    -0.0211    13.8155 6.0393e+01  -60.61667  -54.72050 1153494346 202.629032    34.6645      26817          6  0.000e+00
    750.258     0.9839   2.996753     0.9843   2.997081    5.16000    -0.0426    13.8155 6.0393e+01  -60.61667  -54.72050 1153494346 202.629032    34.6648      26818          6  0.000e+00
    750.239     0.9844   2.996739     0.9847   2.997093    5.15501    -0.0426    13.8155 6.0393e+01  -60.61667  -54.72050 1153494346 202.629033    34.6641      26819          6  0.000e+00
    750.172     0.9847   2.996725     0.9847   2.997099    5.15986    -0.0749    13.8155 6.0393e+01  -60.61667  -54.72050 1153494346 202.629033    34.6636      26820          6  0.000e+00
    750.239     0.9843   2.996749     0.9845   2.997099    5.15994    -0.0857    13.8155 6.0393e+01  -60.61667  -54.72050 1153494347 202.629034    34.6643      26821          6  0.000e+00
    750.172     0.9841   2.996759     0.9850   2.997099    5.15991    -0.0211    13.8155 6.0393e+01  -60.61667  -54.72050 1153494347 202.629034    34.6648      26822          6  0.000e+00
    750.172     0.9840   2.996776     0.9846   2.997117    5.15992    -0.0104    13.8155 6.0393e+01  -60.61667  -54.72050 1153494347 202.629035    34.6651      26823          6  0.000e+00
