product_data/regression_test/downloaded_data/MGDS/320620060703/ctd/p6618001.cnv
* Sea-Bird SBE 9 Data File:
* FileName = D:\Data\Raw\p6618001.dat
* Software Version Seasave Win32 V 5.32
* Temperature SN = 1649
* Conductivity SN = 1431
* Number of Bytes Per Scan = 37
* Number of Voltage Words = 5
* Number of Scans Averaged by the Deck Unit = 1
* NMEA Latitude = 60 36.98 S
* NMEA Longitude = 054 20.46 W
* NMEA UTC (Time) = 04:50:41
** Ship:   Nathaniel B. Palmer 
** Cruise:    NBP0606 
# nquan = 15
# nvalues = 1002                        
# units = specified
# name 0 = prDM: Pressure, Digiquartz [db]
# name 1 = t090C: Temperature [ITS-90, deg C]
# name 2 = c0S/m: Conductivity [S/m]
# name 3 = t190C: Temperature, 2 [ITS-90, deg C]
# name 4 = c1S/m: Conductivity, 2 [S/m]
# name 5 = sbeox0ML/L: Oxygen, SBE 43 [ml/l]
# name 6 = flECO-AFL: Fluorescence, Wetlab ECO-AFL/FL [mg/m^3]
# name 7 = bat: Beam Attenuation, Chelsea/Seatech/Wetlab CStar [1/m]
# name 8 = spar: SPAR/Surface Irradiance
# name 9 = latitude: Latitude [deg]
# name 10 = longitude: Longitude [deg]
# name 11 = timeY: Time, System [seconds]
# name 12 = timeJ: Julian Days
# name 13 = sal00: Salinity [PSU]
# name 14 = flag: flag
# span 0 =      1.000,   1002.000       
# span 1 =    -0.8529,     1.7349       
# span 2 =   2.766985,   3.047664       
# span 3 =    -0.8533,     1.7458       
# span 4 =   2.767695,   3.048743       
# span 5 =    4.67234,    7.77513       
# span 6 =    -0.1062,     0.3969       
# span 7 =    13.8155,    13.8155       
# span 8 = 0.0000e+00, 0.0000e+00       
# span 9 =  -60.61633,  -60.61633       
# span 10 =  -54.34100,  -54.34100      
# span 11 = 1153543850, 1153545235      
# span 12 = 203.201986, 203.218028      
# span 13 =    34.1321,    34.7172      
# span 14 = 0.0000e+00, 0.0000e+00      
# interval = decibars: 1                
# start_time = Jul 22 2006 04:50:49
# bad_flag = -9.990e-29
*END*
[from data line 675]
    676.000     1.1360   3.007805     1.1362   3.008140    5.05138    -0.0867    13.8155 0.0000e+00  -60.61633  -54.34100 1153544800 203.212994    34.6796 0.0000e+00
    677.000     1.1300   3.007238     1.1301   3.007627    5.04865    -0.0909    13.8155 0.0000e+00  -60.61633  -54.34100 1153544801 203.213002    34.6791 0.0000e+00
    678.000     1.1247   3.006824     1.1247   3.007167    5.04864    -0.1009    13.8155 0.0000e+00  -60.61633  -54.34100 1153544802 203.213009    34.6789 0.0000e+00
    679.000     1.1244   3.006839     1.1248   3.007209    5.04901    -0.0907    13.8155 0.0000e+00  -60.61633  -54.34100 1153544803 203.213017    34.6789 0.0000e+00
    680.000     1.1252   3.006982     1.1251   3.007281    5.04935    -0.0757    13.8155 0.0000e+00  -60.61633  -54.34100 1153544803 203.213026    34.6793 0.0000e+00
    681.000     1.1250   3.007025     1.1253   3.007357    5.04953    -0.0722    13.8155 0.0000e+00  -60.61633  -54.34100 1153544804 203.213039    34.6795 0.0000e+00
    682.000     1.1245   3.007022     1.1247   3.007359    5.04709    -0.0741    13.8155 0.0000e+00  -60.61633  -54.34100 1153544806 203.213054    34.6795 0.0000e+00
    683.000     1.1242   3.007035     1.1244   3.007362    5.04579    -0.0844    13.8155 0.0000e+00  -60.61633  -54.34100 1153544807 203.213070    34.6794 0.0000e+00
    684.000     1.1247   3.007124     1.1249   3.007448    5.04470    -0.0771    13.8155 0.0000e+00  -60.61633  -54.34100 1153544810 203.213104    34.6794 0.0000e+00
    685.000     1.1246   3.007164     1.1247   3.007485    5.04757    -0.0673    13.8155 0.0000e+00  -60.61633  -54.34100 1153544812 203.213127    34.6794 0.0000e+00
    686.000     1.1262   3.007378     1.1264   3.007695    5.04940    -0.0723    13.8155 0.0000e+00  -60.61633  -54.34100 1153544813 203.213139    34.6798 0.0000e+00
    687.000     1.1272   3.007521     1.1273   3.007836    5.05043    -0.0770    13.8155 0.0000e+00  -60.61633  -54.34100 1153544814 203.213149    34.6800 0.0000e+00
    688.000     1.1266   3.007520     1.1266   3.007838    5.05078    -0.0822    13.8155 0.0000e+00  -60.61633  -54.34100 1153544815 203.213160    34.6800 0.0000e+00
    689.000     1.1235   3.007305     1.1248   3.007726    5.05032    -0.0866    13.8155 0.0000e+00  -60.61633  -54.34100 1153544816 203.213173    34.6803 0.0000e+00
    690.000     1.1229   3.007286     1.1217   3.007531    5.05157    -0.0788    13.8155 0.0000e+00  -60.61633  -54.34100 1153544817 203.213187    34.6801 0.0000e+00
    691.000     1.1178   3.006843     1.1182   3.007215    5.05170    -0.0774    13.8155 0.0000e+00  -60.61633  -54.34100 1153544818 203.213200    34.6796 0.0000e+00
    692.000     1.1107   3.006243     1.1121   3.006714    5.05540    -0.0938    13.8155 0.0000e+00  -60.61633  -54.34100 1153544819 203.213211    34.6795 0.0000e+00
    693.000     1.1049   3.005714     1.1024   3.005857    5.05824    -0.0673    13.8155 0.0000e+00  -60.61633  -54.34100 1153544820 203.213220    34.6786 0.0000e+00
    694.000     1.0995   3.005285     1.0988   3.005557    5.05751    -0.0732    13.8155 0.0000e+00  -60.61633  -54.34100 1153544821 203.213230    34.6788 0.0000e+00
    695.000     1.0996   3.005369     1.1006   3.005750    5.05648    -0.0792    13.8155 0.0000e+00  -60.61633  -54.34100 1153544822 203.213242    34.6792 0.0000e+00
    696.000     1.1054   3.005968     1.1075   3.006472    5.05527    -0.0719    13.8155 0.0000e+00  -60.61633  -54.34100 1153544825 203.213275    34.6794 0.0000e+00
    697.000     1.1093   3.006393     1.1105   3.006778    5.05249    -0.0689    13.8155 0.0000e+00  -60.61633  -54.34100 1153544827 203.213303    34.6800 0.0000e+00
    698.000     1.1168   3.007164     1.1176   3.007538    5.05331    -0.0791    13.8155 0.0000e+00  -60.61633  -54.34100 1153544828 203.213316    34.6806 0.0000e+00
    699.000     1.1163   3.007146     1.1167   3.007508    5.05379    -0.0710    13.8155 0.0000e+00  -60.61633  -54.34100 1153544829 203.213326    34.6803 0.0000e+00
    700.000     1.1182   3.007395     1.1188   3.007740    5.05225    -0.0957    13.8155 0.0000e+00  -60.61633  -54.34100 1153544830 203.213335    34.6809 0.0000e+00
    701.000     1.1204   3.007653     1.1203   3.007940    5.04972    -0.0822    13.8155 0.0000e+00  -60.61633  -54.34100 1153544831 203.213345    34.6810 0.0000e+00
    702.000     1.1212   3.007782     1.1214   3.008109    5.04917    -0.0730    13.8155 0.0000e+00  -60.61633  -54.34100 1153544832 203.213355    34.6813 0.0000e+00
    703.000     1.1218   3.007884     1.1221   3.008219    5.04668    -0.0914    13.8155 0.0000e+00  -60.61633  -54.34100 1153544833 203.213366    34.6814 0.0000e+00
    704.000     1.1223   3.007993     1.1225   3.008308    5.04431    -0.0724    13.8155 0.0000e+00  -60.61633  -54.34100 1153544834 203.213378    34.6816 0.0000e+00
    705.000     1.1225   3.008056     1.1225   3.008352    5.04456    -0.0740    13.8155 0.0000e+00  -60.61633  -54.34100 1153544835 203.213393    34.6817 0.0000e+00
    706.000     1.1221   3.008050     1.1224   3.008376    5.04458    -0.0779    13.8155 0.0000e+00  -60.61633  -54.34100 1153544837 203.213418    34.6815 0.0000e+00
    707.000     1.1173   3.007722     1.1192   3.008158    5.04613    -0.0805    13.8155 0.0000e+00  -60.61633  -54.34100 1153544839 203.213441    34.6816 0.0000e+00
    708.000     1.1174   3.007743     1.1173   3.008038    5.04819    -0.0807    13.8155 0.0000e+00  -60.61633  -54.34100 1153544840 203.213455    34.6819 0.0000e+00
    709.000     1.1173   3.007777     1.1175   3.008106    5.04824    -0.0890    13.8155 0.0000e+00  -60.61633  -54.34100 1153544841 203.213466    34.6820 0.0000e+00
    710.000     1.1182   3.007898     1.1184   3.008228    5.04852    -0.0740    13.8155 0.0000e+00  -60.61633  -54.34100 1153544842 203.213477    34.6818 0.0000e+00
    711.000     1.1182   3.007935     1.1185   3.008281    5.05035    -0.0877    13.8155 0.0000e+00  -60.61633  -54.34100 1153544843 203.213490    34.6817 0.0000e+00
    712.000     1.1137   3.007538     1.1134   3.007856    5.05486    -0.0790    13.8155 0.0000e+00  -60.61633  -54.34100 1153544845 203.213504    34.6811 0.0000e+00
    713.000     1.1041   3.006700     1.1049   3.007136    5.05672    -0.0830    13.8155 0.0000e+00  -60.61633  -54.34100 1153544846 203.213516    34.6807 0.0000e+00
    714.000     1.1041   3.006776     1.1023   3.006926    5.05713    -0.0841    13.8155 0.0000e+00  -60.61633  -54.34100 1153544847 203.213529    34.6812 0.0000e+00
    715.000     1.0999   3.006434     1.0994   3.006706    5.05891    -0.0711    13.8155 0.0000e+00  -60.61633  -54.34100 1153544848 203.213546    34.6810 0.0000e+00
    716.000     1.0960   3.006115     1.0961   3.006454    5.05789    -0.0637    13.8155 0.0000e+00  -60.61633  -54.34100 1153544850 203.213567    34.6806 0.0000e+00
    717.000     1.0912   3.005684     1.0898   3.005913    5.06060    -0.0797    13.8155 0.0000e+00  -60.61633  -54.34100 1153544851 203.213583    34.6798 0.0000e+00
    718.000     1.0820   3.004881     1.0822   3.005264    5.06229    -0.0848    13.8155 0.0000e+00  -60.61633  -54.34100 1153544852 203.213595    34.6794 0.0000e+00
    719.000     1.0823   3.004997     1.0833   3.005382    5.06331    -0.0611    13.8155 0.0000e+00  -60.61633  -54.34100 1153544853 203.213607    34.6800 0.0000e+00
    720.000     1.0932   3.006110     1.0940   3.006461    5.06109    -0.0636    13.8155 0.0000e+00  -60.61633  -54.34100 1153544855 203.213619    34.6812 0.0000e+00
    721.000     1.1096   3.007849     1.1079   3.007998    5.05735    -0.0726    13.8155 0.0000e+00  -60.61633  -54.34100 1153544856 203.213632    34.6828 0.0000e+00
    722.000     1.1156   3.008359     1.1159   3.008687    5.05293    -0.0815    13.8155 0.0000e+00  -60.61633  -54.34100 1153544857 203.213645    34.6833 0.0000e+00
    723.000     1.1120   3.008072     1.1121   3.008393    5.04940    -0.0834    13.8155 0.0000e+00  -60.61633  -54.34100 1153544858 203.213660    34.6832 0.0000e+00
    724.000     1.1032   3.007265     1.1037   3.007663    5.04906    -0.0767    13.8155 0.0000e+00  -60.61633  -54.34100 1153544860 203.213681    34.6823 0.0000e+00
    725.000     1.0892   3.006005     1.0885   3.006268    5.05338    -0.0698    13.8155 0.0000e+00  -60.61633  -54.34100 1153544862 203.213704    34.6819 0.0000e+00
    726.000     1.0859   3.005759     1.0866   3.006127    5.05368    -0.0773    13.8155 0.0000e+00  -60.61633  -54.34100 1153544863 203.213719    34.6816 0.0000e+00
    727.000     1.0914   3.006318     1.0930   3.006772    5.05645    -0.0799    13.8155 0.0000e+00  -60.61633  -54.34100 1153544864 203.213730    34.6820 0.0000e+00
    728.000     1.0929   3.006477     1.0920   3.006734    5.05788    -0.0776    13.8155 0.0000e+00  -60.61633  -54.34100 1153544865 203.213739    34.6816 0.0000e+00
    729.000     1.0862   3.005833     1.0847   3.006098    5.05779    -0.0872    13.8155 0.0000e+00  -60.61633  -54.34100 1153544866 203.213748    34.6802 0.0000e+00
    730.000     1.0820   3.005556     1.0822   3.005870    5.05817    -0.0805    13.8155 0.0000e+00  -60.61633  -54.34100 1153544866 203.213756    34.6813 0.0000e+00
    731.000     1.0920   3.006604     1.0922   3.006886    5.05530    -0.0868    13.8155 0.0000e+00  -60.61633  -54.34100 1153544867 203.213767    34.6827 0.0000e+00
    732.000     1.0963   3.007024     1.0957   3.007293    5.05355    -0.0782    13.8155 0.0000e+00  -60.61633  -54.34100 1153544869 203.213792    34.6824 0.0000e+00
    733.000     1.1009   3.007552     1.1022   3.007940    5.05191    -0.0777    13.8155 0.0000e+00  -60.61633  -54.34100 1153544872 203.213822    34.6836 0.0000e+00
    734.000     1.1040   3.007909     1.1042   3.008242    5.04783    -0.0682    13.8155 0.0000e+00  -60.61633  -54.34100 1153544873 203.213835    34.6839 0.0000e+00
    735.000     1.1137   3.008913     1.1175   3.009551    5.04315    -0.0824    13.8155 0.0000e+00  -60.61633  -54.34100 1153544874 203.213847    34.6853 0.0000e+00
    736.000     1.1155   3.009123     1.1185   3.009733    5.04254    -0.0806    13.8155 0.0000e+00  -60.61633  -54.34100 1153544875 203.213858    34.6852 0.0000e+00
    737.000     1.1150   3.009117     1.1155   3.009473    5.04043    -0.0709    13.8155 0.0000e+00  -60.61633  -54.34100 1153544876 203.213869    34.6854 0.0000e+00
    738.000     1.1248   3.010145     1.1253   3.010430    5.03629    -0.0840    13.8155 0.0000e+00  -60.61633  -54.34100 1153544877 203.213882    34.6870 0.0000e+00
    739.000     1.1332   3.011006     1.1329   3.011239    5.03559    -0.0764    13.8155 0.0000e+00  -60.61633  -54.34100 1153544878 203.213894    34.6878 0.0000e+00
    740.000     1.1360   3.011279     1.1357   3.011570    5.03341    -0.0855    13.8155 0.0000e+00  -60.61633  -54.34100 1153544879 203.213905    34.6875 0.0000e+00
    741.000     1.1242   3.010216     1.1237   3.010516    5.03389    -0.0877    13.8155 0.0000e+00  -60.61633  -54.34100 1153544880 203.213917    34.6869 0.0000e+00
    742.000     1.1193   3.009816     1.1192   3.010114    5.03289    -0.0762    13.8155 0.0000e+00  -60.61633  -54.34100 1153544882 203.213933    34.6869 0.0000e+00
    743.000     1.1148   3.009425     1.1165   3.009902    5.03521    -0.0759    13.8155 0.0000e+00  -60.61633  -54.34100 1153544884 203.213955    34.6866 0.0000e+00
    744.000     1.1026   3.008304     1.1005   3.008440    5.03832    -0.0839    13.8155 0.0000e+00  -60.61633  -54.34100 1153544885 203.213977    34.6854 0.0000e+00
    745.000     1.0985   3.007960     1.0983   3.008279    5.04324    -0.0798    13.8155 0.0000e+00  -60.61633  -54.34100 1153544887 203.213997    34.6850 0.0000e+00
    746.000     1.0960   3.007762     1.0964   3.008145    5.04538    -0.0940    13.8155 0.0000e+00  -60.61633  -54.34100 1153544888 203.214011    34.6848 0.0000e+00
    747.000     1.0956   3.007807     1.0955   3.008115    5.04636    -0.0771    13.8155 0.0000e+00  -60.61633  -54.34100 1153544889 203.214022    34.6852 0.0000e+00
    748.000     1.0984   3.008117     1.0986   3.008445    5.04657    -0.0972    13.8155 0.0000e+00  -60.61633  -54.34100 1153544890 203.214032    34.6854 0.0000e+00
    749.000     1.0982   3.008152     1.0982   3.008485    5.04677    -0.0871    13.8155 0.0000e+00  -60.61633  -54.34100 1153544891 203.214041    34.6853 0.0000e+00
    750.000     1.0956   3.007970     1.0957   3.008324    5.04687    -0.0936    13.8155 0.0000e+00  -60.61633  -54.34100 1153544892 203.214050    34.6855 0.0000e+00
    751.000     1.0954   3.008022     1.0956   3.008368    5.04700    -0.0786    13.8155 0.0000e+00  -60.61633  -54.34100 1153544893 203.214059    34.6857 0.0000e+00
    752.000     1.0953   3.008065     1.0955   3.008406    5.04704    -0.0767    13.8155 0.0000e+00  -60.61633  -54.34100 1153544894 203.214071    34.6859 0.0000e+00
    753.000     1.0960   3.008190     1.0961   3.008512    5.04504    -0.0847    13.8155 0.0000e+00  -60.61633  -54.34100 1153544896 203.214096    34.6860 0.0000e+00
    754.000     1.0970   3.008331     1.0972   3.008655    5.04121    -0.0727    13.8155 0.0000e+00  -60.61633  -54.34100 1153544899 203.214130    34.6861 0.0000e+00
    755.000     1.0990   3.008618     1.0992   3.008943    5.04180    -0.0734    13.8155 0.0000e+00  -60.61633  -54.34100 1153544900 203.214146    34.6869 0.0000e+00
    756.000     1.0999   3.008812     1.1001   3.009140    5.03989    -0.0806    13.8155 0.0000e+00  -60.61633  -54.34100 1153544901 203.214157    34.6877 0.0000e+00
    757.000     1.1043   3.009330     1.1045   3.009631    5.03516    -0.0791    13.8155 0.0000e+00  -60.61633  -54.34100 1153544902 203.214166    34.6890 0.0000e+00
    758.000     1.1175   3.010749     1.1187   3.011071    5.03161    -0.0773    13.8155 0.0000e+00  -60.61633  -54.34100 1153544903 203.214174    34.6919 0.0000e+00
    759.000     1.1298   3.011935     1.1295   3.012187    5.02743    -0.0760    13.8155 0.0000e+00  -60.61633  -54.34100 1153544903 203.214183    34.6921 0.0000e+00
    760.000     1.1304   3.012051     1.1307   3.012378    5.02284    -0.0774    13.8155 0.0000e+00  -60.61633  -54.34100 1153544904 203.214192    34.6924 0.0000e+00
    761.000     1.1311   3.012167     1.1327   3.012621    5.01866    -0.0842    13.8155 0.0000e+00  -60.61633  -54.34100 1153544905 203.214205    34.6926 0.0000e+00
    762.000     1.1306   3.012165     1.1304   3.012455    5.01511    -0.0879    13.8155 0.0000e+00  -60.61633  -54.34100 1153544907 203.214226    34.6929 0.0000e+00
    763.000     1.1306   3.012218     1.1308   3.012542    5.01397    -0.0820    13.8155 0.0000e+00  -60.61633  -54.34100 1153544909 203.214254    34.6930 0.0000e+00
    764.000     1.1270   3.011903     1.1281   3.012333    5.01749    -0.0880    13.8155 0.0000e+00  -60.61633  -54.34100 1153544911 203.214275    34.6926 0.0000e+00
    765.000     1.1219   3.011471     1.1206   3.011690    5.01810    -0.0797    13.8155 0.0000e+00  -60.61633  -54.34100 1153544912 203.214287    34.6924 0.0000e+00
    766.000     1.1191   3.011258     1.1197   3.011634    5.01770    -0.1002    13.8155 0.0000e+00  -60.61633  -54.34100 1153544913 203.214297    34.6924 0.0000e+00
    767.000     1.1167   3.011077     1.1171   3.011450    5.01820    -0.0844    13.8155 0.0000e+00  -60.61633  -54.34100 1153544914 203.214305    34.6921 0.0000e+00
    768.000     1.1132   3.010776     1.1111   3.010945    5.01786    -0.0690    13.8155 0.0000e+00  -60.61633  -54.34100 1153544914 203.214313    34.6916 0.0000e+00
    769.000     1.1063   3.010176     1.1042   3.010330    5.01951    -0.0700    13.8155 0.0000e+00  -60.61633  -54.34100 1153544915 203.214322    34.6912 0.0000e+00
    770.000     1.1017   3.009819     1.1039   3.010306    5.02232    -0.0745    13.8155 0.0000e+00  -60.61633  -54.34100 1153544917 203.214344    34.6913 0.0000e+00
    771.000     1.1081   3.010430     1.1067   3.010623    5.02424    -0.0751    13.8155 0.0000e+00  -60.61633  -54.34100 1153544920 203.214375    34.6911 0.0000e+00
