product_data/regression_test/downloaded_data/MGDS/320620060703/ctd/p6617802.cnv
* Sea-Bird SBE 9 Data File:
* FileName = D:\Data\Raw\p6617802.dat
* Software Version Seasave Win32 V 5.32
* Temperature SN = 1649
* Conductivity SN = 1431
* Number of Bytes Per Scan = 37
* Number of Voltage Words = 5
* Number of Scans Averaged by the Deck Unit = 1
* NMEA Latitude = 60 36.99 S
* NMEA Longitude = 054 31.80 W
* NMEA UTC (Time) = 00:34:19
** Ship:   Nathaniel B. Palmer 
** Cruise:    NBP0606 
# nquan = 15
# nvalues = 1000                        
# units = specified
# name 0 = prDM: Pressure, Digiquartz [db]
# name 1 = t090C: Temperature [ITS-90, deg C]
# name 2 = c0S/m: Conductivity [S/m]
# name 3 = t190C: Temperature, 2 [ITS-90, deg C]
# name 4 = c1S/m: Conductivity, 2 [S/m]
# name 5 = sbeox0ML/L: Oxygen, SBE 43 [ml/l]
# name 6 = flECO-AFL: Fluorescence, Wetlab ECO-AFL/FL [mg/m^3]
# name 7 = bat: Beam Attenuation, Chelsea/Seatech/Wetlab CStar [1/m]
# name 8 = spar: SPAR/Surface Irradiance
# name 9 = latitude: Latitude [deg]
# name 10 = longitude: Longitude [deg]
# name 11 = timeY: Time, System [seconds]
# name 12 = timeJ: Julian Days
# name 13 = sal00: Salinity [PSU]
# name 14 = flag: flag
# span 0 =      3.000,   1002.000       
# span 1 =    -0.6984,     1.9503       
# span 2 =   2.787808,   3.069223       
# span 3 =    -0.6977,     1.9507       
# span 4 =   2.788530,   3.069490       
# span 5 =    4.42317,    7.62227       
# span 6 =    -0.1051,     0.4051       
# span 7 =    13.8155,    13.8155       
# span 8 = -6.842e-03, 1.9168e-01       
# span 9 =  -60.61650,  -60.61650       
# span 10 =  -54.53000,  -54.53000      
# span 11 = 1153528470, 1153529838      
# span 12 = 203.023967, 203.039811      
# span 13 =    34.1885,    34.7154      
# span 14 = 0.0000e+00, 0.0000e+00      
# interval = decibars: 1                
# start_time = Jul 22 2006 00:34:27
# bad_flag = -9.990e-29
*END*
[from data line 772]
    775.000     1.2851   3.026140     1.2863   3.026555    4.95558    -0.0821    13.8155 0.0000e+00  -60.61650  -54.53000 1153529541 203.036380    34.6936 0.0000e+00
    776.000     1.2816   3.025837     1.2819   3.026205    4.95980    -0.0838    13.8155 0.0000e+00  -60.61650  -54.53000 1153529543 203.036396    34.6930 0.0000e+00
    777.000     1.2747   3.025221     1.2747   3.025566    4.97030    -0.0875    13.8155 0.0000e+00  -60.61650  -54.53000 1153529544 203.036412    34.6927 0.0000e+00
    778.000     1.2712   3.024950     1.2718   3.025331    4.97595    -0.0943    13.8155 0.0000e+00  -60.61650  -54.53000 1153529545 203.036427    34.6926 0.0000e+00
    779.000     1.2695   3.024840     1.2692   3.025154    4.98118    -0.0637    13.8155 0.0000e+00  -60.61650  -54.53000 1153529546 203.036438    34.6924 0.0000e+00
    780.000     1.2487   3.022876     1.2461   3.023176    4.99155    -0.0627    13.8155 0.0000e+00  -60.61650  -54.53000 1153529547 203.036448    34.6898 0.0000e+00
    781.000     1.2309   3.021333     1.2225   3.021065    4.99902    -0.0740    13.8155 0.0000e+00  -60.61650  -54.53000 1153529548 203.036458    34.6897 0.0000e+00
    782.000     1.1492   3.013531     1.1497   3.014156    5.01142    -0.0864    13.8155 0.0000e+00  -60.61650  -54.53000 1153529549 203.036470    34.6820 0.0000e+00
    783.000     1.1098   3.009878     1.1061   3.010012    5.03709    -0.0660    13.8155 0.0000e+00  -60.61650  -54.53000 1153529551 203.036492    34.6790 0.0000e+00
    784.000     1.0993   3.008996     1.0979   3.009197    5.05165    -0.0926    13.8155 0.0000e+00  -60.61650  -54.53000 1153529553 203.036517    34.6787 0.0000e+00
    785.000     1.1398   3.012859     1.1338   3.012732    5.05270    -0.0916    13.8155 0.0000e+00  -60.61650  -54.53000 1153529555 203.036535    34.6800 0.0000e+00
    786.000     1.1125   3.010413     1.1179   3.011249    5.05489    -0.0727    13.8155 0.0000e+00  -60.61650  -54.53000 1153529556 203.036548    34.6796 0.0000e+00
    787.000     1.1449   3.013629     1.1461   3.013911    5.05772    -0.1000    13.8155 0.0000e+00  -60.61650  -54.53000 1153529557 203.036558    34.6836 0.0000e+00
    788.000     1.1498   3.014031     1.1515   3.014579    5.05354    -0.0810    13.8155 0.0000e+00  -60.61650  -54.53000 1153529557 203.036567    34.6819 0.0000e+00
    789.000     1.1547   3.014626     1.1555   3.014986    5.05146    -0.0762    13.8155 0.0000e+00  -60.61650  -54.53000 1153529558 203.036576    34.6836 0.0000e+00
    790.000     1.1643   3.015572     1.1663   3.016089    5.04770    -0.0620    13.8155 0.0000e+00  -60.61650  -54.53000 1153529559 203.036586    34.6840 0.0000e+00
    791.000     1.1457   3.013817     1.1435   3.014033    5.04684    -0.0801    13.8155 0.0000e+00  -60.61650  -54.53000 1153529561 203.036603    34.6818 0.0000e+00
    792.000     1.1412   3.013441     1.1445   3.014063    5.04777    -0.0902    13.8155 0.0000e+00  -60.61650  -54.53000 1153529563 203.036635    34.6816 0.0000e+00
    793.000     1.1396   3.013393     1.1381   3.013537    5.04560    -0.0845    13.8155 0.0000e+00  -60.61650  -54.53000 1153529565 203.036651    34.6825 0.0000e+00
    794.000     1.1655   3.015959     1.1646   3.016110    5.04373    -0.0920    13.8155 0.0000e+00  -60.61650  -54.53000 1153529566 203.036662    34.6852 0.0000e+00
    795.000     1.1744   3.016817     1.1765   3.017353    5.04217    -0.0851    13.8155 0.0000e+00  -60.61650  -54.53000 1153529567 203.036673    34.6851 0.0000e+00
    796.000     1.1604   3.015516     1.1617   3.016001    5.04206    -0.0600    13.8155 0.0000e+00  -60.61650  -54.53000 1153529568 203.036683    34.6839 0.0000e+00
    797.000     1.1564   3.015229     1.1556   3.015480    5.04041    -0.0709    13.8155 0.0000e+00  -60.61650  -54.53000 1153529568 203.036694    34.6843 0.0000e+00
    798.000     1.1614   3.015740     1.1622   3.016123    5.04002    -0.0845    13.8155 0.0000e+00  -60.61650  -54.53000 1153529569 203.036705    34.6846 0.0000e+00
    799.000     1.1614   3.015753     1.1606   3.016020    5.03958    -0.0773    13.8155 0.0000e+00  -60.61650  -54.53000 1153529571 203.036721    34.6843 0.0000e+00
    800.000     1.1563   3.015316     1.1593   3.015949    5.03533    -0.0757    13.8155 0.0000e+00  -60.61650  -54.53000 1153529573 203.036741    34.6840 0.0000e+00
    801.000     1.1476   3.014497     1.1504   3.015142    5.03884    -0.0712    13.8155 0.0000e+00  -60.61650  -54.53000 1153529575 203.036766    34.6827 0.0000e+00
    802.000     1.1363   3.013492     1.1367   3.013873    5.04544    -0.0817    13.8155 0.0000e+00  -60.61650  -54.53000 1153529577 203.036787    34.6821 0.0000e+00
    803.000     1.1482   3.014767     1.1470   3.014865    5.04379    -0.0880    13.8155 0.0000e+00  -60.61650  -54.53000 1153529578 203.036799    34.6847 0.0000e+00
    804.000     1.1534   3.015281     1.1615   3.016320    5.04289    -0.0816    13.8155 0.0000e+00  -60.61650  -54.53000 1153529578 203.036808    34.6847 0.0000e+00
    805.000     1.1817   3.018097     1.1837   3.018512    5.03989    -0.0982    13.8155 0.0000e+00  -60.61650  -54.53000 1153529579 203.036817    34.6880 0.0000e+00
    806.000     1.1800   3.017846     1.1779   3.018108    5.03872    -0.0930    13.8155 0.0000e+00  -60.61650  -54.53000 1153529580 203.036826    34.6854 0.0000e+00
    807.000     1.1651   3.016595     1.1644   3.016857    5.03822    -0.0936    13.8155 0.0000e+00  -60.61650  -54.53000 1153529581 203.036836    34.6864 0.0000e+00
    808.000     1.1560   3.015736     1.1541   3.015971    5.03648    -0.0773    13.8155 0.0000e+00  -60.61650  -54.53000 1153529582 203.036849    34.6850 0.0000e+00
    809.000     1.1391   3.014208     1.1382   3.014484    5.04031    -0.0766    13.8155 0.0000e+00  -60.61650  -54.53000 1153529583 203.036864    34.6842 0.0000e+00
    810.000     1.1357   3.013941     1.1377   3.014425    5.04882    -0.0775    13.8155 0.0000e+00  -60.61650  -54.53000 1153529586 203.036895    34.6840 0.0000e+00
    811.000     1.1292   3.013310     1.1248   3.013333    5.05571    -0.0937    13.8155 0.0000e+00  -60.61650  -54.53000 1153529588 203.036919    34.6823 0.0000e+00
    812.000     1.1170   3.012222     1.1146   3.012414    5.06106    -0.0836    13.8155 0.0000e+00  -60.61650  -54.53000 1153529589 203.036931    34.6817 0.0000e+00
    813.000     1.1054   3.011200     1.1051   3.011570    5.06494    -0.0718    13.8155 0.0000e+00  -60.61650  -54.53000 1153529590 203.036941    34.6813 0.0000e+00
    814.000     1.0997   3.010739     1.0999   3.011123    5.06583    -0.0797    13.8155 0.0000e+00  -60.61650  -54.53000 1153529591 203.036951    34.6812 0.0000e+00
    815.000     1.0957   3.010393     1.0951   3.010718    5.06671    -0.0812    13.8155 0.0000e+00  -60.61650  -54.53000 1153529592 203.036962    34.6806 0.0000e+00
    816.000     1.0922   3.010123     1.0923   3.010486    5.07071    -0.0708    13.8155 0.0000e+00  -60.61650  -54.53000 1153529593 203.036973    34.6805 0.0000e+00
    817.000     1.0783   3.008821     1.0799   3.009426    5.07655    -0.0849    13.8155 0.0000e+00  -60.61650  -54.53000 1153529594 203.036987    34.6791 0.0000e+00
    818.000     1.0714   3.008250     1.0724   3.008702    5.08146    -0.0928    13.8155 0.0000e+00  -60.61650  -54.53000 1153529595 203.037002    34.6786 0.0000e+00
    819.000     1.0711   3.008270     1.0710   3.008619    5.08514    -0.0828    13.8155 0.0000e+00  -60.61650  -54.53000 1153529596 203.037018    34.6783 0.0000e+00
    820.000     1.0720   3.008406     1.0712   3.008666    5.08809    -0.0830    13.8155 0.0000e+00  -60.61650  -54.53000 1153529598 203.037036    34.6784 0.0000e+00
    821.000     1.0722   3.008463     1.0725   3.008835    5.08925    -0.0948    13.8155 0.0000e+00  -60.61650  -54.53000 1153529600 203.037056    34.6781 0.0000e+00
    822.000     1.0717   3.008463     1.0718   3.008812    5.09036    -0.0833    13.8155 0.0000e+00  -60.61650  -54.53000 1153529601 203.037072    34.6781 0.0000e+00
    823.000     1.0748   3.008811     1.0759   3.009243    5.09107    -0.0651    13.8155 0.0000e+00  -60.61650  -54.53000 1153529602 203.037086    34.6784 0.0000e+00
    824.000     1.0757   3.008945     1.0763   3.009348    5.09000    -0.0839    13.8155 0.0000e+00  -60.61650  -54.53000 1153529603 203.037098    34.6784 0.0000e+00
    825.000     1.0758   3.009007     1.0758   3.009343    5.08873    -0.0821    13.8155 0.0000e+00  -60.61650  -54.53000 1153529604 203.037109    34.6785 0.0000e+00
    826.000     1.0755   3.009019     1.0742   3.009248    5.09056    -0.0857    13.8155 0.0000e+00  -60.61650  -54.53000 1153529605 203.037119    34.6783 0.0000e+00
    827.000     1.0721   3.008722     1.0716   3.009055    5.09110    -0.0769    13.8155 0.0000e+00  -60.61650  -54.53000 1153529606 203.037129    34.6778 0.0000e+00
    828.000     1.0676   3.008363     1.0673   3.008694    5.09174    -0.0764    13.8155 0.0000e+00  -60.61650  -54.53000 1153529607 203.037142    34.6778 0.0000e+00
    829.000     1.0712   3.008761     1.0711   3.009072    5.08966    -0.0934    13.8155 0.0000e+00  -60.61650  -54.53000 1153529611 203.037185    34.6780 0.0000e+00
    830.000     1.0682   3.008545     1.0684   3.008928    5.09343    -0.0914    13.8155 0.0000e+00  -60.61650  -54.53000 1153529612 203.037202    34.6779 0.0000e+00
    831.000     1.0653   3.008342     1.0653   3.008715    5.09419    -0.0874    13.8155 0.0000e+00  -60.61650  -54.53000 1153529613 203.037211    34.6783 0.0000e+00
    832.000     1.0691   3.008772     1.0677   3.009004    5.09093    -0.0889    13.8155 0.0000e+00  -60.61650  -54.53000 1153529614 203.037219    34.6786 0.0000e+00
    833.000     1.0686   3.008754     1.0690   3.009103    5.08654    -0.0845    13.8155 0.0000e+00  -60.61650  -54.53000 1153529614 203.037226    34.6786 0.0000e+00
    834.000     1.0784   3.009853     1.0781   3.010057    5.08347    -0.0824    13.8155 0.0000e+00  -60.61650  -54.53000 1153529615 203.037233    34.6809 0.0000e+00
    835.000     1.0981   3.011708     1.0983   3.012001    5.07936    -0.0637    13.8155 0.0000e+00  -60.61650  -54.53000 1153529616 203.037242    34.6816 0.0000e+00
    836.000     1.0944   3.011377     1.0922   3.011492    5.07649    -0.0740    13.8155 0.0000e+00  -60.61650  -54.53000 1153529618 203.037262    34.6812 0.0000e+00
    837.000     1.0836   3.010413     1.0841   3.010775    5.07554    -0.0821    13.8155 0.0000e+00  -60.61650  -54.53000 1153529621 203.037301    34.6808 0.0000e+00
    838.000     1.0914   3.011176     1.0909   3.011420    5.08043    -0.0813    13.8155 0.0000e+00  -60.61650  -54.53000 1153529622 203.037317    34.6812 0.0000e+00
    839.000     1.0880   3.010889     1.0891   3.011317    5.07964    -0.0896    13.8155 0.0000e+00  -60.61650  -54.53000 1153529623 203.037329    34.6809 0.0000e+00
    840.000     1.0946   3.011549     1.0953   3.011967    5.07980    -0.0824    13.8155 0.0000e+00  -60.61650  -54.53000 1153529624 203.037340    34.6812 0.0000e+00
    841.000     1.0879   3.010937     1.0850   3.011016    5.08183    -0.0983    13.8155 0.0000e+00  -60.61650  -54.53000 1153529625 203.037350    34.6803 0.0000e+00
    842.000     1.0667   3.008950     1.0664   3.009368    5.08335    -0.0805    13.8155 0.0000e+00  -60.61650  -54.53000 1153529626 203.037360    34.6784 0.0000e+00
    843.000     1.0658   3.008952     1.0657   3.009281    5.08457    -0.0887    13.8155 0.0000e+00  -60.61650  -54.53000 1153529627 203.037372    34.6790 0.0000e+00
    844.000     1.0681   3.009220     1.0685   3.009581    5.08494    -0.0785    13.8155 0.0000e+00  -60.61650  -54.53000 1153529628 203.037384    34.6793 0.0000e+00
    845.000     1.0734   3.009778     1.0724   3.009995    5.08872    -0.0785    13.8155 0.0000e+00  -60.61650  -54.53000 1153529630 203.037401    34.6797 0.0000e+00
    846.000     1.0708   3.009564     1.0716   3.009953    5.08926    -0.0892    13.8155 0.0000e+00  -60.61650  -54.53000 1153529632 203.037424    34.6793 0.0000e+00
    847.000     1.0744   3.009963     1.0745   3.010286    5.08766    -0.0903    13.8155 0.0000e+00  -60.61650  -54.53000 1153529633 203.037441    34.6797 0.0000e+00
    848.000     1.0786   3.010408     1.0795   3.010819    5.08544    -0.0738    13.8155 0.0000e+00  -60.61650  -54.53000 1153529634 203.037456    34.6801 0.0000e+00
    849.000     1.0854   3.011136     1.0855   3.011441    5.08114    -0.0820    13.8155 0.0000e+00  -60.61650  -54.53000 1153529635 203.037470    34.6812 0.0000e+00
    850.000     1.0901   3.011640     1.0896   3.011889    5.07899    -0.0799    13.8155 0.0000e+00  -60.61650  -54.53000 1153529637 203.037484    34.6817 0.0000e+00
    851.000     1.0919   3.011849     1.0924   3.012222    5.07623    -0.0953    13.8155 0.0000e+00  -60.61650  -54.53000 1153529638 203.037498    34.6818 0.0000e+00
    852.000     1.0930   3.012022     1.0952   3.012523    5.07561    -0.0847    13.8155 0.0000e+00  -60.61650  -54.53000 1153529639 203.037510    34.6825 0.0000e+00
    853.000     1.1014   3.012820     1.1048   3.013508    5.07179    -0.0862    13.8155 0.0000e+00  -60.61650  -54.53000 1153529640 203.037521    34.6823 0.0000e+00
    854.000     1.1005   3.012856     1.1015   3.013238    5.06628    -0.1010    13.8155 0.0000e+00  -60.61650  -54.53000 1153529641 203.037532    34.6836 0.0000e+00
    855.000     1.1129   3.014063     1.1068   3.013808    5.06322    -0.0879    13.8155 0.0000e+00  -60.61650  -54.53000 1153529642 203.037544    34.6842 0.0000e+00
    856.000     1.1108   3.013906     1.1145   3.014577    5.06097    -0.0925    13.8155 0.0000e+00  -60.61650  -54.53000 1153529643 203.037559    34.6842 0.0000e+00
    857.000     1.1095   3.013844     1.1104   3.014246    5.05792    -0.0871    13.8155 0.0000e+00  -60.61650  -54.53000 1153529645 203.037579    34.6844 0.0000e+00
    858.000     1.1111   3.014033     1.1117   3.014418    5.05818    -0.0860    13.8155 0.0000e+00  -60.61650  -54.53000 1153529647 203.037601    34.6846 0.0000e+00
    859.000     1.1134   3.014301     1.1133   3.014613    5.05763    -0.0738    13.8155 0.0000e+00  -60.61650  -54.53000 1153529649 203.037629    34.6850 0.0000e+00
    860.000     1.1109   3.014083     1.1087   3.014269    5.05897    -0.0666    13.8155 0.0000e+00  -60.61650  -54.53000 1153529650 203.037643    34.6848 0.0000e+00
    861.000     1.1036   3.013503     1.1040   3.013870    5.05983    -0.0804    13.8155 0.0000e+00  -60.61650  -54.53000 1153529651 203.037652    34.6850 0.0000e+00
    862.000     1.1047   3.013623     1.1047   3.013973    5.06067    -0.0902    13.8155 0.0000e+00  -60.61650  -54.53000 1153529652 203.037660    34.6846 0.0000e+00
    863.000     1.1043   3.013630     1.1041   3.013953    5.05929    -0.0917    13.8155 0.0000e+00  -60.61650  -54.53000 1153529653 203.037668    34.6847 0.0000e+00
    864.000     1.1078   3.013991     1.1076   3.014325    5.06048    -0.0859    13.8155 0.0000e+00  -60.61650  -54.53000 1153529653 203.037675    34.6847 0.0000e+00
    865.000     1.1027   3.013531     1.1020   3.013840    5.06317    -0.0793    13.8155 0.0000e+00  -60.61650  -54.53000 1153529654 203.037685    34.6839 0.0000e+00
    866.000     1.0982   3.013177     1.0950   3.013201    5.06457    -0.0770    13.8155 0.0000e+00  -60.61650  -54.53000 1153529656 203.037707    34.6841 0.0000e+00
    867.000     1.0892   3.012323     1.0940   3.013182    5.06961    -0.0934    13.8155 0.0000e+00  -60.61650  -54.53000 1153529658 203.037732    34.6824 0.0000e+00
    868.000     1.0755   3.011094     1.0751   3.011437    5.07428    -0.0897    13.8155 0.0000e+00  -60.61650  -54.53000 1153529659 203.037746    34.6819 0.0000e+00
    869.000     1.0743   3.011035     1.0750   3.011440    5.07732    -0.0773    13.8155 0.0000e+00  -60.61650  -54.53000 1153529661 203.037761    34.6819 0.0000e+00
