product_data/regression_test/downloaded_data/MGDS/320620060703/ctd/p6619804.ros
* Sea-Bird SBE 9 Data File:
* FileName = D:\Data\Raw\p6619804.dat
* Software Version Seasave Win32 V 5.32
* Temperature SN = 1649
* Conductivity SN = 1431
* Number of Bytes Per Scan = 37
* Number of Voltage Words = 5
* Number of Scans Averaged by the Deck Unit = 1
* NMEA Latitude = 60 45.03 S
* NMEA Longitude = 059 14.86 W
* NMEA UTC (Time) = 05:10:09
** Ship:   Nathaniel B. Palmer 
** Cruise:    NBP0606 
# nquan = 17
# nvalues = 1176                    
# units = specified
# name 0 = prDM: Pressure, Digiquartz [db]
# name 1 = t090C: Temperature [ITS-90, deg C]
# name 2 = c0S/m: Conductivity [S/m]
# name 3 = t190C: Temperature, 2 [ITS-90, deg C]
# name 4 = c1S/m: Conductivity, 2 [S/m]
# name 5 = sbeox0ML/L: Oxygen, SBE 43 [ml/l]
# name 6 = flECO-AFL: Fluorescence, Wetlab ECO-AFL/FL [mg/m^3]
# name 7 = bat: Beam Attenuation, Chelsea/Seatech/Wetlab CStar [1/m]
# name 8 = spar: SPAR/Surface Irradiance
# name 9 = latitude: Latitude [deg]
# name 10 = longitude: Longitude [deg]
# name 11 = timeY: Time, System [seconds]
# name 12 = timeJ: Julian Days
# name 13 = sal00: Salinity [PSU]
# name 14 = scan: scan number
# name 15 = nbf: number of bottles fired
# name 16 = flag:  0.000e+00
# interval = seconds: 0.0416667                   
# start_time = Jul 26 2006 05:10:17
*END*
[from data line 596]
     50.068    -1.1393   2.732657    -1.1407   2.732933    8.05375     0.1080    13.8155 0.0000e+00  -60.75050  -59.24767 1153893968 207.254280    33.9598      80467         13  0.000e+00
     49.991    -1.1395   2.732640    -1.1407   2.732944    8.05370     0.1188    13.8155 0.0000e+00  -60.75050  -59.24767 1153893968 207.254280    33.9597      80468         13  0.000e+00
     49.991    -1.1395   2.732617    -1.1408   2.732990    8.05373     0.0972    13.8155 0.0000e+00  -60.75050  -59.24767 1153893968 207.254280    33.9595      80469         13  0.000e+00
     49.925    -1.1393   2.732643    -1.1402   2.732990    8.05360     0.0972    13.8155 0.0000e+00  -60.75050  -59.24767 1153893968 207.254281    33.9597      80470         13  0.000e+00
     49.925    -1.1400   2.732689    -1.1399   2.733019    8.05367     0.0757    13.8155 0.0000e+00  -60.75050  -59.24767 1153893968 207.254281    33.9610      80471         13  0.000e+00
     49.925    -1.1395   2.732676    -1.1401   2.733013    8.05361     0.0757    13.8155 0.0000e+00  -60.75050  -59.24767 1153893968 207.254282    33.9603      80472         13  0.000e+00
     49.925    -1.1397   2.732660    -1.1401   2.733007    8.05364     0.0434    13.8155 0.0000e+00  -60.75050  -59.24767 1153893968 207.254282    33.9602      80473         13  0.000e+00
     49.858    -1.1398   2.732673    -1.1399   2.733025    8.05358     0.0327    13.8155 0.0000e+00  -60.75050  -59.24767 1153893968 207.254283    33.9606      80474         13  0.000e+00
     49.925    -1.1395   2.732696    -1.1398   2.733013    8.05359     0.0327    13.8155 0.0000e+00  -60.75050  -59.24767 1153893968 207.254283    33.9605      80475         13  0.000e+00
     49.782    -1.1397   2.732653    -1.1399   2.733007    8.05349     0.0757    13.8155 0.0000e+00  -60.75050  -59.24767 1153893968 207.254284    33.9603      80476         13  0.000e+00
     49.849    -1.1393   2.732650    -1.1395   2.733025    8.05351     0.0757    13.8155 0.0000e+00  -60.75050  -59.24767 1153893968 207.254284    33.9598      80477         13  0.000e+00
     49.782    -1.1398   2.732657    -1.1399   2.733030    8.05351     0.0327    13.8155 0.0000e+00  -60.75050  -59.24767 1153893968 207.254285    33.9605      80478         13  0.000e+00
     49.782    -1.1397   2.732607    -1.1399   2.733071    8.05352     0.0327    13.8155 0.0000e+00  -60.75050  -59.24767 1153893968 207.254285    33.9596      80479         13  0.000e+00
     49.782    -1.1398   2.732591    -1.1393   2.733059    8.05356     0.0650    13.8155 0.0000e+00  -60.75050  -59.24767 1153893968 207.254286    33.9596      80480         13  0.000e+00
     49.715    -1.1400   2.732607    -1.1392   2.733077    8.05349     0.1188    13.8155 0.0000e+00  -60.75050  -59.24767 1153893968 207.254286    33.9600      80481         13  0.000e+00
     49.715    -1.1401   2.732614    -1.1393   2.733059    8.05352     0.1403    13.8155 0.0000e+00  -60.75050  -59.24767 1153893969 207.254287    33.9603      80482         13  0.000e+00
     49.715    -1.1400   2.732630    -1.1400   2.733059    8.05348     0.0757    13.8155 0.0000e+00  -60.75050  -59.24767 1153893969 207.254287    33.9604      80483         13  0.000e+00
     49.715    -1.1392   2.732686    -1.1396   2.733065    8.05331     0.0327    13.8155 0.0000e+00  -60.75050  -59.24767 1153893969 207.254288    33.9602      80484         13  0.000e+00
     49.648    -1.1395   2.732702    -1.1392   2.733077    8.05327     0.0865    13.8155 0.0000e+00  -60.75050  -59.24767 1153893969 207.254288    33.9608      80485         13  0.000e+00
     49.648    -1.1390   2.732702    -1.1388   2.733082    8.05320     0.1403    13.8155 0.0000e+00  -60.75050  -59.24767 1153893969 207.254289    33.9603      80486         13  0.000e+00
     49.648    -1.1391   2.732702    -1.1393   2.733105    8.05320     0.1403    13.8155 0.0000e+00  -60.75050  -59.24767 1153893969 207.254289    33.9603      80487         13  0.000e+00
     49.572    -1.1393   2.732719    -1.1384   2.733105    8.05789     0.0757    13.8155 0.0000e+00  -60.75050  -59.24767 1153893969 207.254290    33.9609      80488         13  0.000e+00
     49.572    -1.1395   2.732673    -1.1395   2.733111    8.05321     0.0650    13.8155 0.0000e+00  -60.75050  -59.24767 1153893969 207.254290    33.9604      80489         13  0.000e+00
     49.572    -1.1394   2.732640    -1.1390   2.733134    8.05321     0.0757    13.8155 0.0000e+00  -60.75050  -59.24767 1153893969 207.254291    33.9599      80490         13  0.000e+00
     49.572    -1.1392   2.732617    -1.1392   2.733094    8.05320     0.0865    13.8155 0.0000e+00  -60.75050  -59.24767 1153893969 207.254291    33.9594      80491         13  0.000e+00
     49.505    -1.1395   2.732640    -1.1393   2.733105    8.05316     0.0650    13.8155 0.0000e+00  -60.75050  -59.24767 1153893969 207.254292    33.9600      80492         13  0.000e+00
     49.572    -1.1401   2.732620    -1.1390   2.733094    8.05335     0.0542    13.8155 0.0000e+00  -60.75050  -59.24767 1153893969 207.254292    33.9605      80493         13  0.000e+00
     49.505    -1.1400   2.732614    -1.1392   2.733082    8.05326     0.0434    13.8155 0.0000e+00  -60.75050  -59.24767 1153893969 207.254293    33.9603      80494         13  0.000e+00
     49.439    -1.1398   2.732630    -1.1395   2.733105    8.05788     0.0542    13.8155 0.0000e+00  -60.75050  -59.24767 1153893969 207.254293    33.9603      80495         13  0.000e+00
     49.505    -1.1400   2.732601    -1.1390   2.733117    8.05326     0.0542    13.8155 0.0000e+00  -60.75050  -59.24767 1153893969 207.254293    33.9600      80496         13  0.000e+00
     49.439    -1.1393   2.732640    -1.1393   2.733105    8.05306     0.0757    13.8155 0.0000e+00  -60.75050  -59.24767 1153893969 207.254294    33.9599      80497         13  0.000e+00
     49.439    -1.1397   2.732624    -1.1401   2.733088    8.05313     0.0972    13.8155 0.0000e+00  -60.75050  -59.24767 1153893969 207.254294    33.9601      80498         13  0.000e+00
     49.439    -1.1395   2.732643    -1.1395   2.733071    8.05782     0.0865    13.8155 0.0000e+00  -60.75050  -59.24767 1153893969 207.254295    33.9601      80499         13  0.000e+00
     49.362    -1.1397   2.732640    -1.1392   2.733076    8.05777     0.0650    13.8155 0.0000e+00  -60.75050  -59.24767 1153893969 207.254295    33.9603      80500         13  0.000e+00
     49.439    -1.1398   2.732637    -1.1398   2.733082    8.05788     0.0865    13.8155 0.0000e+00  -60.75050  -59.24767 1153893969 207.254296    33.9604      80501         13  0.000e+00
     49.362    -1.1395   2.732702    -1.1396   2.733048    8.05769     0.1188    13.8155 0.0000e+00  -60.75050  -59.24767 1153893969 207.254296    33.9610      80502         13  0.000e+00
     49.362    -1.1398   2.732689    -1.1396   2.733030    8.05301     0.1188    13.8155 0.0000e+00  -60.75050  -59.24767 1153893969 207.254297    33.9612      80503         13  0.000e+00
     49.362    -1.1398   2.732679    -1.1396   2.733053    8.05776     0.0865    13.8155 0.0000e+00  -60.75050  -59.24767 1153893969 207.254297    33.9610      80504         13  0.000e+00
     49.362    -1.1391   2.732679    -1.1395   2.733065    8.05764     0.0542    13.8155 0.0000e+00  -60.75050  -59.24767 1153893969 207.254298    33.9602      80505         13  0.000e+00
     49.296    -1.1397   2.732679    -1.1398   2.733053    8.05766     0.0757    13.8155 0.0000e+00  -60.75050  -59.24767 1153893970 207.254298    33.9609      80506         13  0.000e+00
     49.362    -1.1395   2.732679    -1.1401   2.733036    8.05771     0.1188    13.8155 0.0000e+00  -60.75050  -59.24767 1153893970 207.254299    33.9607      80507         13  0.000e+00
     35.014    -1.1417   2.731798    -1.1415   2.732179    8.05683     0.1618    13.8155 0.0000e+00  -60.75050  -59.24767 1153894017 207.254848    33.9601      81646         14  0.000e+00
     35.224    -1.1415   2.731812    -1.1422   2.732162    8.05703     0.0972    13.8155 0.0000e+00  -60.75050  -59.24767 1153894017 207.254849    33.9599      81647         14  0.000e+00
     35.147    -1.1417   2.731802    -1.1419   2.732128    8.05698     0.0650    13.8155 0.0000e+00  -60.75050  -59.24767 1153894017 207.254849    33.9600      81648         14  0.000e+00
     35.014    -1.1421   2.731805    -1.1419   2.732156    8.05690     0.0972    13.8155 0.0000e+00  -60.75050  -59.24767 1153894017 207.254850    33.9607      81649         14  0.000e+00
     35.147    -1.1417   2.731799    -1.1416   2.732162    8.05698     0.1403    13.8155 0.0000e+00  -60.75050  -59.24767 1153894017 207.254850    33.9600      81650         14  0.000e+00
     35.081    -1.1415   2.731762    -1.1418   2.732145    8.05691     0.1403    13.8155 0.0000e+00  -60.75050  -59.24767 1153894017 207.254851    33.9594      81651         14  0.000e+00
     35.147    -1.1414   2.731785    -1.1421   2.732156    8.05695     0.1833    13.8155 0.0000e+00  -60.75050  -59.24767 1153894017 207.254851    33.9595      81652         14  0.000e+00
     35.071    -1.1415   2.731798    -1.1421   2.732168    8.05687     0.2048    13.8155 0.0000e+00  -60.75050  -59.24767 1153894017 207.254851    33.9599      81653         14  0.000e+00
     35.081    -1.1415   2.731812    -1.1424   2.732151    8.05687     0.1618    13.8155 0.0000e+00  -60.75050  -59.24767 1153894017 207.254852    33.9600      81654         14  0.000e+00
     35.147    -1.1408   2.731802    -1.1421   2.732156    8.05683     0.0972    13.8155 0.0000e+00  -60.75050  -59.24767 1153894017 207.254852    33.9590      81655         14  0.000e+00
     35.081    -1.1411   2.731798    -1.1422   2.732145    8.05681     0.1188    13.8155 0.0000e+00  -60.75050  -59.24767 1153894017 207.254853    33.9593      81656         14  0.000e+00
     35.147    -1.1412   2.731812    -1.1424   2.732145    8.05690     0.1295    13.8155 0.0000e+00  -60.75050  -59.24767 1153894017 207.254853    33.9596      81657         14  0.000e+00
     35.081    -1.1417   2.731785    -1.1422   2.732156    8.05692     0.1295    13.8155 0.0000e+00  -60.75050  -59.24767 1153894018 207.254854    33.9598      81658         14  0.000e+00
     35.147    -1.1421   2.731766    -1.1419   2.732145    8.05709     0.1403    13.8155 0.0000e+00  -60.75050  -59.24767 1153894018 207.254854    33.9601      81659         14  0.000e+00
     35.081    -1.1421   2.731753    -1.1419   2.732162    8.05702     0.0972    13.8155 0.0000e+00  -60.75050  -59.24767 1153894018 207.254855    33.9599      81660         14  0.000e+00
     35.147    -1.1423   2.731733    -1.1424   2.732122    8.05713     0.1188    13.8155 0.0000e+00  -60.75050  -59.24767 1153894018 207.254855    33.9598      81661         14  0.000e+00
     35.081    -1.1418   2.731746    -1.1422   2.732133    8.05697     0.1080    13.8155 0.0000e+00  -60.75050  -59.24767 1153894018 207.254856    33.9595      81662         14  0.000e+00
     35.147    -1.1423   2.731769    -1.1422   2.732133    8.05711     0.1188    13.8155 0.0000e+00  -60.75050  -59.24767 1153894018 207.254856    33.9603      81663         14  0.000e+00
     35.147    -1.1420   2.731776    -1.1424   2.732139    8.05705     0.1295    13.8155 0.0000e+00  -60.75050  -59.24767 1153894018 207.254857    33.9600      81664         14  0.000e+00
     35.147    -1.1424   2.731776    -1.1421   2.732145    8.05713     0.1726    13.8155 0.0000e+00  -60.75050  -59.24767 1153894018 207.254857    33.9605      81665         14  0.000e+00
     35.147    -1.1421   2.731756    -1.1421   2.732156    8.05709     0.1618    13.8155 0.0000e+00  -60.75050  -59.24767 1153894018 207.254858    33.9599      81666         14  0.000e+00
     35.147    -1.1423   2.731769    -1.1422   2.732145    8.05711     0.1510    13.8155 0.0000e+00  -60.75050  -59.24767 1153894018 207.254858    33.9603      81667         14  0.000e+00
     35.147    -1.1420   2.731792    -1.1419   2.732162    8.05704     0.1188    13.8155 0.0000e+00  -60.75050  -59.24767 1153894018 207.254859    33.9602      81668         14  0.000e+00
     35.147    -1.1421   2.731763    -1.1419   2.732179    8.05708     0.1188    13.8155 0.0000e+00  -60.75050  -59.24767 1153894018 207.254859    33.9600      81669         14  0.000e+00
     35.148    -1.1420   2.731743    -1.1419   2.732174    8.05708     0.1188    13.8155 0.0000e+00  -60.75050  -59.24767 1153894018 207.254860    33.9596      81670         14  0.000e+00
     35.224    -1.1423   2.731730    -1.1419   2.732179    8.05722     0.0972    13.8155 0.0000e+00  -60.75050  -59.24767 1153894018 207.254860    33.9597      81671         14  0.000e+00
     35.148    -1.1424   2.731730    -1.1418   2.732191    8.05716     0.0650    13.8155 0.0000e+00  -60.75050  -59.24767 1153894018 207.254861    33.9599      81672         14  0.000e+00
     35.224    -1.1426   2.731763    -1.1415   2.732197    8.05725     0.0757    13.8155 0.0000e+00  -60.75050  -59.24767 1153894018 207.254861    33.9605      81673         14  0.000e+00
     35.224    -1.1424   2.731740    -1.1413   2.732168    8.05724     0.0972    13.8155 0.0000e+00  -60.75050  -59.24767 1153894018 207.254862    33.9600      81674         14  0.000e+00
     35.148    -1.1426   2.731746    -1.1419   2.732168    8.05718     0.1403    13.8155 0.0000e+00  -60.75050  -59.24767 1153894018 207.254862    33.9603      81675         14  0.000e+00
     35.291    -1.1426   2.731733    -1.1421   2.732174    8.05734     0.1188    13.8155 0.0000e+00  -60.75050  -59.24767 1153894018 207.254863    33.9600      81676         14  0.000e+00
     35.224    -1.1424   2.731746    -1.1419   2.732162    8.05723     0.1188    13.8155 0.0000e+00  -60.75050  -59.24767 1153894018 207.254863    33.9601      81677         14  0.000e+00
     35.224    -1.1426   2.731753    -1.1419   2.732168    8.05726     0.1295    13.8155 0.0000e+00  -60.75050  -59.24767 1153894018 207.254864    33.9604      81678         14  0.000e+00
     35.224    -1.1423   2.731753    -1.1419   2.732174    8.05247     0.1403    13.8155 0.0000e+00  -60.75050  -59.24767 1153894018 207.254864    33.9600      81679         14  0.000e+00
     35.291    -1.1426   2.731743    -1.1419   2.732162    8.05733     0.1510    13.8155 0.0000e+00  -60.75050  -59.24767 1153894018 207.254864    33.9602      81680         14  0.000e+00
     35.281    -1.1423   2.731766    -1.1419   2.732168    8.05726     0.1188    13.8155 0.0000e+00  -60.75050  -59.24767 1153894018 207.254865    33.9601      81681         14  0.000e+00
     35.224    -1.1425   2.731756    -1.1422   2.732179    8.05723     0.0972    13.8155 0.0000e+00  -60.75050  -59.24767 1153894019 207.254865    33.9603      81682         14  0.000e+00
     35.291    -1.1423   2.731753    -1.1422   2.732151    8.05728     0.0972    13.8155 0.0000e+00  -60.75050  -59.24767 1153894019 207.254866    33.9599      81683         14  0.000e+00
     35.291    -1.1423   2.731769    -1.1416   2.732162    8.05726     0.1080    13.8155 0.0000e+00  -60.75050  -59.24767 1153894019 207.254866    33.9602      81684         14  0.000e+00
     35.357    -1.1424   2.731756    -1.1421   2.732202    8.06211     0.1403    13.8155 0.0000e+00  -60.75050  -59.24767 1153894019 207.254867    33.9601      81685         14  0.000e+00
     35.291    -1.1423   2.731769    -1.1419   2.732197    8.05727     0.1403    13.8155 0.0000e+00  -60.75050  -59.24767 1153894019 207.254867    33.9602      81686         14  0.000e+00
     35.357    -1.1420   2.731776    -1.1418   2.732197    8.06202     0.1510    13.8155 0.0000e+00  -60.75050  -59.24767 1153894019 207.254868    33.9599      81687         14  0.000e+00
     35.357    -1.1424   2.731756    -1.1419   2.732185    8.05738     0.1403    13.8155 0.0000e+00  -60.75050  -59.24767 1153894019 207.254868    33.9601      81688         14  0.000e+00
