product_data/regression_test/downloaded_data/MGDS/320620060703/ctd/p6619103.cnv
* Sea-Bird SBE 9 Data File:
* FileName = D:\Data\Raw\p6619103.dat
* Software Version Seasave Win32 V 5.32
* Temperature SN = 1649
* Conductivity SN = 1431
* Number of Bytes Per Scan = 37
* Number of Voltage Words = 5
* Number of Scans Averaged by the Deck Unit = 1
* NMEA Latitude = 60 48.00 S
* NMEA Longitude = 055 00.25 W
* NMEA UTC (Time) = 16:10:00
** Ship:   Nathaniel B. Palmer 
** Cruise:    NBP0606 
# nquan = 15
# nvalues = 1001                        
# units = specified
# name 0 = prDM: Pressure, Digiquartz [db]
# name 1 = t090C: Temperature [ITS-90, deg C]
# name 2 = c0S/m: Conductivity [S/m]
# name 3 = t190C: Temperature, 2 [ITS-90, deg C]
# name 4 = c1S/m: Conductivity, 2 [S/m]
# name 5 = sbeox0ML/L: Oxygen, SBE 43 [ml/l]
# name 6 = flECO-AFL: Fluorescence, Wetlab ECO-AFL/FL [mg/m^3]
# name 7 = bat: Beam Attenuation, Chelsea/Seatech/Wetlab CStar [1/m]
# name 8 = spar: SPAR/Surface Irradiance
# name 9 = latitude: Latitude [deg]
# name 10 = longitude: Longitude [deg]
# name 11 = timeY: Time, System [seconds]
# name 12 = timeJ: Julian Days
# name 13 = sal00: Salinity [PSU]
# name 14 = flag: flag
# span 0 =      2.000,   1002.000       
# span 1 =    -1.0889,     0.5170       
# span 2 =   2.766357,   2.964633       
# span 3 =    -1.0883,     0.5172       
# span 4 =   2.766956,   2.964953       
# span 5 =    5.37715,    7.46280       
# span 6 =    -0.1049,     0.9169       
# span 7 =    13.8155,    13.8155       
# span 8 = 1.0153e+02, 1.5499e+02       
# span 9 =  -60.80000,  -60.80000       
# span 10 =  -55.00417,  -55.00417      
# span 11 = 1153671006, 1153672366      
# span 12 = 204.673695, 204.689450      
# span 13 =    34.2881,    34.6611      
# span 14 = 0.0000e+00, 0.0000e+00      
# interval = decibars: 1                
# start_time = Jul 23 2006 16:10:08
# bad_flag = -9.990e-29
*END*
[from data line 97]
     99.000    -1.0495   2.769200    -1.0611   2.768841    7.28852     0.5955    13.8155 1.2663e+02  -60.80000  -55.00417 1153671208 204.676049    34.3297 0.0000e+00
    100.000    -1.0720   2.767353    -1.0710   2.767961    7.30614     0.5643    13.8155 1.2642e+02  -60.80000  -55.00417 1153671210 204.676069    34.3293 0.0000e+00
    101.000    -1.0835   2.766460    -1.0839   2.766956    7.31571     0.5774    13.8155 1.2523e+02  -60.80000  -55.00417 1153671211 204.676082    34.3302 0.0000e+00
    102.000    -1.0860   2.766357    -1.0850   2.766968    7.32080     0.6074    13.8155 1.2319e+02  -60.80000  -55.00417 1153671212 204.676092    34.3308 0.0000e+00
    103.000    -1.0832   2.766675    -1.0820   2.767248    7.32509     0.7461    13.8155 1.2288e+02  -60.80000  -55.00417 1153671213 204.676104    34.3309 0.0000e+00
    104.000    -1.0851   2.766631    -1.0844   2.767181    7.32578     0.8121    13.8155 1.2445e+02  -60.80000  -55.00417 1153671214 204.676119    34.3313 0.0000e+00
    105.000    -1.0853   2.766692    -1.0846   2.767232    7.32251     0.9169    13.8155 1.2327e+02  -60.80000  -55.00417 1153671217 204.676143    34.3313 0.0000e+00
    106.000    -1.0863   2.766653    -1.0847   2.767224    7.32379     0.8843    13.8155 1.2336e+02  -60.80000  -55.00417 1153671218 204.676165    34.3307 0.0000e+00
    107.000    -1.0867   2.766660    -1.0846   2.767301    7.32876     0.7522    13.8155 1.2330e+02  -60.80000  -55.00417 1153671220 204.676186    34.3306 0.0000e+00
    108.000    -1.0841   2.766939    -1.0826   2.767492    7.33145     0.6594    13.8155 1.2290e+02  -60.80000  -55.00417 1153671222 204.676210    34.3304 0.0000e+00
    109.000    -1.0839   2.767011    -1.0829   2.767555    7.33286     0.6580    13.8155 1.2385e+02  -60.80000  -55.00417 1153671224 204.676226    34.3304 0.0000e+00
    110.000    -1.0864   2.766869    -1.0856   2.767419    7.33325     0.7013    13.8155 1.2323e+02  -60.80000  -55.00417 1153671225 204.676238    34.3306 0.0000e+00
    111.000    -1.0882   2.766751    -1.0871   2.767299    7.33075     0.7314    13.8155 1.2384e+02  -60.80000  -55.00417 1153671226 204.676249    34.3306 0.0000e+00
    112.000    -1.0881   2.766848    -1.0867   2.767424    7.32782     0.6875    13.8155 1.2292e+02  -60.80000  -55.00417 1153671227 204.676260    34.3310 0.0000e+00
    113.000    -1.0861   2.767093    -1.0854   2.767593    7.32559     0.7651    13.8155 1.2369e+02  -60.80000  -55.00417 1153671228 204.676272    34.3313 0.0000e+00
    114.000    -1.0878   2.766956    -1.0869   2.767467    7.32486     0.8579    13.8155 1.2287e+02  -60.80000  -55.00417 1153671229 204.676287    34.3308 0.0000e+00
    115.000    -1.0833   2.767456    -1.0827   2.767938    7.32034     0.8508    13.8155 1.2277e+02  -60.80000  -55.00417 1153671231 204.676308    34.3316 0.0000e+00
    116.000    -1.0801   2.767802    -1.0790   2.768329    7.32476     0.7737    13.8155 1.2349e+02  -60.80000  -55.00417 1153671233 204.676330    34.3318 0.0000e+00
    117.000    -1.0887   2.766985    -1.0867   2.767629    7.32808     0.7313    13.8155 1.2288e+02  -60.80000  -55.00417 1153671234 204.676346    34.3302 0.0000e+00
    118.000    -1.0851   2.767443    -1.0831   2.768012    7.33092     0.6156    13.8155 1.2382e+02  -60.80000  -55.00417 1153671235 204.676358    34.3317 0.0000e+00
    119.000    -1.0889   2.767037    -1.0883   2.767558    7.33246     0.5713    13.8155 1.2263e+02  -60.80000  -55.00417 1153671236 204.676370    34.3297 0.0000e+00
    120.000    -1.0887   2.767124    -1.0874   2.767661    7.33135     0.5496    13.8155 1.2277e+02  -60.80000  -55.00417 1153671237 204.676383    34.3302 0.0000e+00
    121.000    -1.0835   2.767616    -1.0825   2.768104    7.32904     0.5007    13.8155 1.2363e+02  -60.80000  -55.00417 1153671238 204.676396    34.3302 0.0000e+00
    122.000    -1.0834   2.767667    -1.0828   2.768148    7.32623     0.4938    13.8155 1.2383e+02  -60.80000  -55.00417 1153671240 204.676411    34.3301 0.0000e+00
    123.000    -1.0858   2.767520    -1.0839   2.768097    7.32442     0.4589    13.8155 1.2267e+02  -60.80000  -55.00417 1153671241 204.676427    34.3303 0.0000e+00
    124.000    -1.0847   2.767642    -1.0828   2.768221    7.32107     0.4513    13.8155 1.2415e+02  -60.80000  -55.00417 1153671242 204.676442    34.3300 0.0000e+00
    125.000    -1.0817   2.768072    -1.0801   2.768594    7.32065     0.4027    13.8155 1.2293e+02  -60.80000  -55.00417 1153671244 204.676457    34.3318 0.0000e+00
    126.000    -1.0807   2.768228    -1.0799   2.768720    7.32013     0.3869    13.8155 1.2278e+02  -60.80000  -55.00417 1153671245 204.676475    34.3320 0.0000e+00
    127.000    -1.0792   2.768443    -1.0768   2.769060    7.32041     0.3415    13.8155 1.2322e+02  -60.80000  -55.00417 1153671247 204.676491    34.3327 0.0000e+00
    128.000    -1.0749   2.768898    -1.0738   2.769391    7.31842     0.3045    13.8155 1.2353e+02  -60.80000  -55.00417 1153671248 204.676503    34.3333 0.0000e+00
    129.000    -1.0738   2.769046    -1.0731   2.769514    7.31479     0.2536    13.8155 1.2260e+02  -60.80000  -55.00417 1153671249 204.676513    34.3333 0.0000e+00
    130.000    -1.0737   2.769084    -1.0728   2.769572    7.31259     0.2419    13.8155 1.2334e+02  -60.80000  -55.00417 1153671250 204.676524    34.3332 0.0000e+00
    131.000    -1.0766   2.768858    -1.0757   2.769352    7.31173     0.2134    13.8155 1.2338e+02  -60.80000  -55.00417 1153671251 204.676538    34.3328 0.0000e+00
    132.000    -1.0774   2.768837    -1.0757   2.769384    7.31010     0.2021    13.8155 1.2357e+02  -60.80000  -55.00417 1153671253 204.676564    34.3329 0.0000e+00
    133.000    -1.0749   2.769138    -1.0738   2.769618    7.31087     0.2111    13.8155 1.2301e+02  -60.80000  -55.00417 1153671255 204.676587    34.3335 0.0000e+00
    134.000    -1.0749   2.769179    -1.0736   2.769698    7.30892     0.1994    13.8155 1.2324e+02  -60.80000  -55.00417 1153671256 204.676600    34.3335 0.0000e+00
    135.000    -1.0745   2.769284    -1.0737   2.769748    7.30411     0.2018    13.8155 1.2273e+02  -60.80000  -55.00417 1153671257 204.676612    34.3337 0.0000e+00
    136.000    -1.0776   2.769025    -1.0766   2.769545    7.30046     0.1964    13.8155 1.2273e+02  -60.80000  -55.00417 1153671258 204.676623    34.3333 0.0000e+00
    137.000    -1.0786   2.768988    -1.0776   2.769487    7.30407     0.2298    13.8155 1.2273e+02  -60.80000  -55.00417 1153671259 204.676634    34.3334 0.0000e+00
    138.000    -1.0797   2.768977    -1.0782   2.769503    7.30072     0.2484    13.8155 1.2273e+02  -60.80000  -55.00417 1153671260 204.676646    34.3339 0.0000e+00
    139.000    -1.0632   2.770697    -1.0572   2.771530    7.28489     0.2466    13.8155 1.2273e+02  -60.80000  -55.00417 1153671261 204.676661    34.3377 0.0000e+00
    140.000    -1.0283   2.774079    -1.0275   2.774497    7.26411     0.2577    13.8155 1.2273e+02  -60.80000  -55.00417 1153671263 204.676680    34.3421 0.0000e+00
    141.000    -1.0335   2.773642    -1.0317   2.774194    7.25062     0.2602    13.8155 1.2286e+02  -60.80000  -55.00417 1153671265 204.676698    34.3417 0.0000e+00
    142.000    -1.0270   2.774331    -1.0261   2.774742    7.24024     0.2528    13.8155 1.2354e+02  -60.80000  -55.00417 1153671266 204.676712    34.3433 0.0000e+00
    143.000    -1.0230   2.774714    -1.0217   2.775209    7.23839     0.2413    13.8155 1.2283e+02  -60.80000  -55.00417 1153671267 204.676725    34.3431 0.0000e+00
    144.000    -1.0285   2.774220    -1.0287   2.774596    7.23655     0.2192    13.8155 1.2311e+02  -60.80000  -55.00417 1153671268 204.676739    34.3424 0.0000e+00
    145.000    -1.0245   2.774657    -1.0259   2.774879    7.23207     0.1869    13.8155 1.2273e+02  -60.80000  -55.00417 1153671270 204.676757    34.3432 0.0000e+00
    146.000    -1.0258   2.774560    -1.0248   2.775054    7.23129     0.1649    13.8155 1.2273e+02  -60.80000  -55.00417 1153671271 204.676774    34.3429 0.0000e+00
    147.000    -1.0301   2.774210    -1.0291   2.774702    7.23140     0.1694    13.8155 1.2287e+02  -60.80000  -55.00417 1153671272 204.676786    34.3426 0.0000e+00
    148.000    -1.0279   2.774492    -1.0257   2.775044    7.22794     0.1412    13.8155 1.2161e+02  -60.80000  -55.00417 1153671273 204.676798    34.3434 0.0000e+00
    149.000    -1.0188   2.775363    -1.0169   2.775874    7.22656     0.1112    13.8155 1.2202e+02  -60.80000  -55.00417 1153671274 204.676811    34.3441 0.0000e+00
    150.000    -1.0118   2.776056    -1.0107   2.776501    7.22255     0.1094    13.8155 1.2090e+02  -60.80000  -55.00417 1153671276 204.676827    34.3447 0.0000e+00
    151.000    -1.0100   2.776273    -1.0092   2.776711    7.22194     0.0904    13.8155 1.2079e+02  -60.80000  -55.00417 1153671277 204.676843    34.3450 0.0000e+00
    152.000    -1.0091   2.776366    -1.0086   2.776833    7.22333     0.0765    13.8155 -9.990e-29  -60.80000  -55.00417 1153671278 204.676855    34.3445 0.0000e+00
    153.000    -1.0212   2.775277    -1.0216   2.775633    7.22457     0.0726    13.8155 -9.990e-29  -60.80000  -55.00417 1153671279 204.676867    34.3435 0.0000e+00
    154.000    -1.0180   2.775648    -1.0171   2.776106    7.22347     0.0685    13.8155 -9.990e-29  -60.80000  -55.00417 1153671281 204.676888    34.3442 0.0000e+00
    155.000    -1.0127   2.776197    -1.0117   2.776654    7.21863     0.0502    13.8155 -9.990e-29  -60.80000  -55.00417 1153671283 204.676915    34.3450 0.0000e+00
    156.000    -1.0098   2.776573    -1.0100   2.776912    7.21341     0.0567    13.8155 -9.990e-29  -60.80000  -55.00417 1153671284 204.676927    34.3460 0.0000e+00
    157.000    -1.0108   2.776520    -1.0098   2.776985    7.21053     0.0486    13.8155 1.2052e+02  -60.80000  -55.00417 1153671285 204.676937    34.3458 0.0000e+00
    158.000    -1.0139   2.776245    -1.0138   2.776646    7.21066     0.0553    13.8155 1.2061e+02  -60.80000  -55.00417 1153671286 204.676946    34.3451 0.0000e+00
    159.000    -1.0137   2.776345    -1.0130   2.776768    7.20909     0.0453    13.8155 1.2134e+02  -60.80000  -55.00417 1153671287 204.676959    34.3457 0.0000e+00
    160.000    -1.0122   2.776532    -1.0113   2.776964    7.20965     0.0370    13.8155 1.2280e+02  -60.80000  -55.00417 1153671289 204.676976    34.3459 0.0000e+00
    161.000    -1.0097   2.776838    -1.0086   2.777315    7.20621     0.0311    13.8155 1.2284e+02  -60.80000  -55.00417 1153671290 204.676992    34.3465 0.0000e+00
    162.000    -1.0078   2.777072    -1.0075   2.777443    7.20543     0.0237    13.8155 1.2073e+02  -60.80000  -55.00417 1153671291 204.677007    34.3471 0.0000e+00
    163.000    -1.0069   2.777199    -1.0039   2.777841    7.20193     0.0243    13.8155 1.2066e+02  -60.80000  -55.00417 1153671293 204.677023    34.3470 0.0000e+00
    164.000    -0.9969   2.778176    -0.9997   2.778261    7.19616     0.0137    13.8155 1.2211e+02  -60.80000  -55.00417 1153671295 204.677047    34.3480 0.0000e+00
    165.000    -0.9991   2.778022    -0.9959   2.778677    7.19186     0.0125    13.8155 1.2245e+02  -60.80000  -55.00417 1153671296 204.677066    34.3479 0.0000e+00
    166.000    -0.9894   2.779040    -0.9890   2.779309    7.18435     0.0232    13.8155 1.2068e+02  -60.80000  -55.00417 1153671297 204.677078    34.3502 0.0000e+00
    167.000    -0.9608   2.781548    -0.9625   2.781705    7.17363     0.0173    13.8155 1.2131e+02  -60.80000  -55.00417 1153671298 204.677088    34.3499 0.0000e+00
    168.000    -0.9595   2.781738    -0.9589   2.782123    7.16966     0.0129    13.8155 1.2231e+02  -60.80000  -55.00417 1153671299 204.677097    34.3505 0.0000e+00
    169.000    -0.9580   2.781966    -0.9570   2.782375    7.16258     0.0026    13.8155 1.2085e+02  -60.80000  -55.00417 1153671300 204.677106    34.3515 0.0000e+00
    170.000    -0.9540   2.782438    -0.9526   2.782867    7.15080     0.0029    13.8155 1.2247e+02  -60.80000  -55.00417 1153671301 204.677118    34.3527 0.0000e+00
    171.000    -0.9283   2.784689    -0.9254   2.785530    7.13523     0.0210    13.8155 1.2264e+02  -60.80000  -55.00417 1153671303 204.677139    34.3562 0.0000e+00
    172.000    -0.9205   2.785717    -0.9190   2.786155    7.11552     0.0122    13.8155 1.2351e+02  -60.80000  -55.00417 1153671305 204.677168    34.3575 0.0000e+00
    173.000    -0.9163   2.786180    -0.9139   2.786700    7.10700     0.0013    13.8155 1.2260e+02  -60.80000  -55.00417 1153671307 204.677193    34.3588 0.0000e+00
    174.000    -0.9062   2.787254    -0.9050   2.787706    7.10165     0.0060    13.8155 1.2315e+02  -60.80000  -55.00417 1153671309 204.677208    34.3610 0.0000e+00
    175.000    -0.9068   2.787284    -0.9055   2.787711    7.09607    -0.0092    13.8155 1.2361e+02  -60.80000  -55.00417 1153671309 204.677218    34.3617 0.0000e+00
    176.000    -0.9069   2.787304    -0.9052   2.787769    7.09182     0.0064    13.8155 1.2300e+02  -60.80000  -55.00417 1153671310 204.677228    34.3615 0.0000e+00
    177.000    -0.9067   2.787363    -0.9058   2.787777    7.08785    -0.0105    13.8155 1.2431e+02  -60.80000  -55.00417 1153671311 204.677237    34.3616 0.0000e+00
    178.000    -0.9072   2.787378    -0.9061   2.787787    7.08332     0.0139    13.8155 1.2412e+02  -60.80000  -55.00417 1153671312 204.677248    34.3619 0.0000e+00
    179.000    -0.9071   2.787422    -0.9057   2.787864    7.07988    -0.0033    13.8155 1.2356e+02  -60.80000  -55.00417 1153671313 204.677261    34.3619 0.0000e+00
    180.000    -0.9064   2.787516    -0.9051   2.787961    7.07933     0.0034    13.8155 1.2350e+02  -60.80000  -55.00417 1153671315 204.677278    34.3618 0.0000e+00
    181.000    -0.9049   2.787702    -0.9035   2.788144    7.07898     0.0038    13.8155 1.2340e+02  -60.80000  -55.00417 1153671317 204.677306    34.3622 0.0000e+00
    182.000    -0.9040   2.787819    -0.9041   2.788155    7.07891    -0.0014    13.8155 1.2412e+02  -60.80000  -55.00417 1153671319 204.677325    34.3622 0.0000e+00
    183.000    -0.9041   2.787876    -0.9016   2.788423    7.07770     0.0009    13.8155 1.2325e+02  -60.80000  -55.00417 1153671320 204.677337    34.3626 0.0000e+00
    184.000    -0.9044   2.787896    -0.9043   2.788240    7.08187    -0.0018    13.8155 1.2379e+02  -60.80000  -55.00417 1153671321 204.677350    34.3625 0.0000e+00
    185.000    -0.9123   2.787260    -0.9119   2.787659    7.08382    -0.0043    13.8155 1.2353e+02  -60.80000  -55.00417 1153671322 204.677365    34.3622 0.0000e+00
    186.000    -0.9208   2.786546    -0.9210   2.786887    7.08693     0.0042    13.8155 1.2286e+02  -60.80000  -55.00417 1153671324 204.677384    34.3621 0.0000e+00
    187.000    -0.9315   2.785667    -0.9315   2.786016    7.08938    -0.0094    13.8155 1.2319e+02  -60.80000  -55.00417 1153671326 204.677403    34.3622 0.0000e+00
    188.000    -0.9372   2.785224    -0.9345   2.785814    7.09010    -0.0119    13.8155 1.2303e+02  -60.80000  -55.00417 1153671327 204.677417    34.3621 0.0000e+00
    189.000    -0.9372   2.785274    -0.9360   2.785727    7.08845     0.0057    13.8155 1.2282e+02  -60.80000  -55.00417 1153671328 204.677427    34.3621 0.0000e+00
    190.000    -0.9325   2.785752    -0.9316   2.786155    7.08519    -0.0012    13.8155 1.2282e+02  -60.80000  -55.00417 1153671328 204.677437    34.3625 0.0000e+00
    191.000    -0.9280   2.786224    -0.9253   2.786767    7.07816    -0.0015    13.8155 1.2421e+02  -60.80000  -55.00417 1153671329 204.677449    34.3629 0.0000e+00
    192.000    -0.9238   2.786636    -0.9210   2.787198    7.07189     0.0108    13.8155 1.2592e+02  -60.80000  -55.00417 1153671332 204.677477    34.3629 0.0000e+00
    193.000    -0.9038   2.788671    -0.8898   2.789289    7.05693    -0.0073    13.8155 1.2614e+02  -60.80000  -55.00417 1153671334 204.677503    34.3673 0.0000e+00
