product_data/regression_test/downloaded_data/MGDS/320620060703/ctd/p6611501.cnv
* Sea-Bird SBE 9 Data File:
* FileName = D:\Data\Raw\p6611501.dat
* Software Version Seasave Win32 V 5.32
* Temperature SN = 1649
* Conductivity SN = 1431
* Number of Bytes Per Scan = 37
* Number of Voltage Words = 5
* Number of Scans Averaged by the Deck Unit = 1
* NMEA Latitude = 61 33.00 S
* NMEA Longitude = 054 52.51 W
* NMEA UTC (Time) = 10:29:23
** Ship:   Nathaniel B. Palmer 
** Cruise:    NBP0606 
# nquan = 15
# nvalues = 992                         
# units = specified
# name 0 = prDM: Pressure, Digiquartz [db]
# name 1 = t090C: Temperature [ITS-90, deg C]
# name 2 = c0S/m: Conductivity [S/m]
# name 3 = t190C: Temperature, 2 [ITS-90, deg C]
# name 4 = c1S/m: Conductivity, 2 [S/m]
# name 5 = sbeox0ML/L: Oxygen, SBE 43 [ml/l]
# name 6 = flECO-AFL: Fluorescence, Wetlab ECO-AFL/FL [mg/m^3]
# name 7 = bat: Beam Attenuation, Chelsea/Seatech/Wetlab CStar [1/m]
# name 8 = spar: SPAR/Surface Irradiance
# name 9 = latitude: Latitude [deg]
# name 10 = longitude: Longitude [deg]
# name 11 = timeY: Time, System [seconds]
# name 12 = timeJ: Julian Days
# name 13 = sal00: Salinity [PSU]
# name 14 = flag: flag
# span 0 =     10.000,   1001.000       
# span 1 =    -1.6778,    -0.4605       
# span 2 =   2.700916,   2.860617       
# span 3 =    -1.6785,    -0.4595       
# span 4 =   2.702193,   2.861056       
# span 5 =    6.43610,    8.38526       
# span 6 =    -0.1275,     0.2002       
# span 7 =    13.8155,    13.8155       
# span 8 = 0.0000e+00, 0.0000e+00       
# span 9 =  -61.55000,  -61.55000       
# span 10 =  -54.87517,  -54.87517      
# span 11 = 1152872924, 1152874460      
# span 12 = 195.436603, 195.454419      
# span 13 =    34.1570,    34.5312      
# span 14 = 0.0000e+00, 0.0000e+00      
# interval = decibars: 1                
# start_time = Jul 14 2006 10:29:31
# bad_flag = -9.990e-29
*END*
[from data line 772]
    782.000    -0.5794   2.853790    -0.5791   2.854237    6.46165    -0.0894    13.8155 0.0000e+00  -61.55000  -54.87517 1152874101 195.450260    34.5215 0.0000e+00
    783.000    -0.5795   2.853842    -0.5791   2.854286    6.45668    -0.0952    13.8155 0.0000e+00  -61.55000  -54.87517 1152874103 195.450286    34.5217 0.0000e+00
    784.000    -0.5795   2.853893    -0.5793   2.854337    6.45516    -0.0761    13.8155 0.0000e+00  -61.55000  -54.87517 1152874105 195.450306    34.5218 0.0000e+00
    785.000    -0.5795   2.853935    -0.5793   2.854381    6.45807    -0.0975    13.8155 0.0000e+00  -61.55000  -54.87517 1152874106 195.450319    34.5218 0.0000e+00
    786.000    -0.5794   2.853989    -0.5790   2.854437    6.45832    -0.1082    13.8155 0.0000e+00  -61.55000  -54.87517 1152874107 195.450331    34.5219 0.0000e+00
    787.000    -0.5795   2.854019    -0.5791   2.854473    6.45853    -0.0950    13.8155 0.0000e+00  -61.55000  -54.87517 1152874108 195.450346    34.5218 0.0000e+00
    788.000    -0.5798   2.854050    -0.5793   2.854507    6.45948    -0.0956    13.8155 0.0000e+00  -61.55000  -54.87517 1152874110 195.450362    34.5219 0.0000e+00
    789.000    -0.5799   2.854084    -0.5798   2.854528    6.45711    -0.1053    13.8155 0.0000e+00  -61.55000  -54.87517 1152874111 195.450376    34.5219 0.0000e+00
    790.000    -0.5797   2.854140    -0.5795   2.854585    6.45773    -0.0812    13.8155 0.0000e+00  -61.55000  -54.87517 1152874112 195.450389    34.5219 0.0000e+00
    791.000    -0.5796   2.854197    -0.5794   2.854641    6.45699    -0.1045    13.8155 0.0000e+00  -61.55000  -54.87517 1152874113 195.450403    34.5219 0.0000e+00
    792.000    -0.5798   2.854227    -0.5797   2.854664    6.45763    -0.0889    13.8155 0.0000e+00  -61.55000  -54.87517 1152874114 195.450418    34.5219 0.0000e+00
    793.000    -0.5800   2.854250    -0.5801   2.854672    6.45945    -0.0988    13.8155 0.0000e+00  -61.55000  -54.87517 1152874116 195.450432    34.5219 0.0000e+00
    794.000    -0.5834   2.854045    -0.5831   2.854505    6.45983    -0.1016    13.8155 0.0000e+00  -61.55000  -54.87517 1152874117 195.450449    34.5225 0.0000e+00
    795.000    -0.5826   2.854156    -0.5829   2.854554    6.46105    -0.0983    13.8155 0.0000e+00  -61.55000  -54.87517 1152874119 195.450467    34.5225 0.0000e+00
    796.000    -0.5824   2.854216    -0.5820   2.854678    6.46341    -0.0995    13.8155 0.0000e+00  -61.55000  -54.87517 1152874120 195.450486    34.5225 0.0000e+00
    797.000    -0.5823   2.854262    -0.5823   2.854689    6.46465    -0.0931    13.8155 0.0000e+00  -61.55000  -54.87517 1152874122 195.450502    34.5224 0.0000e+00
    798.000    -0.5844   2.854153    -0.5842   2.854606    6.46454    -0.0885    13.8155 0.0000e+00  -61.55000  -54.87517 1152874123 195.450515    34.5227 0.0000e+00
    799.000    -0.5848   2.854183    -0.5845   2.854630    6.46381    -0.0956    13.8155 0.0000e+00  -61.55000  -54.87517 1152874124 195.450528    34.5231 0.0000e+00
    800.000    -0.5842   2.854255    -0.5842   2.854694    6.46263    -0.0970    13.8155 0.0000e+00  -61.55000  -54.87517 1152874125 195.450540    34.5227 0.0000e+00
    801.000    -0.5857   2.854195    -0.5861   2.854598    6.46206    -0.0922    13.8155 0.0000e+00  -61.55000  -54.87517 1152874126 195.450555    34.5230 0.0000e+00
    802.000    -0.5882   2.854047    -0.5881   2.854487    6.46350    -0.0892    13.8155 0.0000e+00  -61.55000  -54.87517 1152874128 195.450571    34.5233 0.0000e+00
    803.000    -0.5894   2.854027    -0.5892   2.854474    6.46415    -0.0936    13.8155 0.0000e+00  -61.55000  -54.87517 1152874129 195.450586    34.5238 0.0000e+00
    804.000    -0.5902   2.854015    -0.5901   2.854462    6.46450    -0.0817    13.8155 0.0000e+00  -61.55000  -54.87517 1152874130 195.450600    34.5240 0.0000e+00
    805.000    -0.5890   2.854138    -0.5888   2.854577    6.46500    -0.0893    13.8155 0.0000e+00  -61.55000  -54.87517 1152874131 195.450613    34.5236 0.0000e+00
    806.000    -0.5889   2.854183    -0.5885   2.854632    6.46500    -0.0904    13.8155 0.0000e+00  -61.55000  -54.87517 1152874133 195.450631    34.5235 0.0000e+00
    807.000    -0.5889   2.854225    -0.5887   2.854668    6.46421    -0.0800    13.8155 0.0000e+00  -61.55000  -54.87517 1152874135 195.450652    34.5235 0.0000e+00
    808.000    -0.5901   2.854189    -0.5900   2.854634    6.46331    -0.1025    13.8155 0.0000e+00  -61.55000  -54.87517 1152874136 195.450667    34.5238 0.0000e+00
    809.000    -0.5905   2.854205    -0.5903   2.854658    6.46388    -0.0938    13.8155 0.0000e+00  -61.55000  -54.87517 1152874137 195.450681    34.5239 0.0000e+00
    810.000    -0.5906   2.854252    -0.5905   2.854695    6.46443    -0.1024    13.8155 0.0000e+00  -61.55000  -54.87517 1152874138 195.450696    34.5241 0.0000e+00
    811.000    -0.5906   2.854295    -0.5905   2.854747    6.46493    -0.0979    13.8155 0.0000e+00  -61.55000  -54.87517 1152874140 195.450709    34.5240 0.0000e+00
    812.000    -0.5906   2.854344    -0.5904   2.854799    6.46540    -0.1022    13.8155 0.0000e+00  -61.55000  -54.87517 1152874141 195.450722    34.5241 0.0000e+00
    813.000    -0.5906   2.854386    -0.5903   2.854835    6.46599    -0.0912    13.8155 0.0000e+00  -61.55000  -54.87517 1152874142 195.450736    34.5240 0.0000e+00
    814.000    -0.5907   2.854440    -0.5905   2.854881    6.46646    -0.0906    13.8155 0.0000e+00  -61.55000  -54.87517 1152874143 195.450750    34.5242 0.0000e+00
    815.000    -0.5904   2.854497    -0.5902   2.854945    6.46704    -0.0972    13.8155 0.0000e+00  -61.55000  -54.87517 1152874144 195.450765    34.5241 0.0000e+00
    816.000    -0.5904   2.854534    -0.5903   2.854974    6.46625    -0.0928    13.8155 0.0000e+00  -61.55000  -54.87517 1152874146 195.450780    34.5240 0.0000e+00
    817.000    -0.5906   2.854569    -0.5904   2.855012    6.46531    -0.0985    13.8155 0.0000e+00  -61.55000  -54.87517 1152874147 195.450800    34.5241 0.0000e+00
    818.000    -0.5903   2.854639    -0.5902   2.855076    6.46367    -0.0919    13.8155 0.0000e+00  -61.55000  -54.87517 1152874149 195.450822    34.5241 0.0000e+00
    819.000    -0.5902   2.854692    -0.5899   2.855135    6.46454    -0.0996    13.8155 0.0000e+00  -61.55000  -54.87517 1152874151 195.450837    34.5241 0.0000e+00
    820.000    -0.5899   2.854753    -0.5898   2.855193    6.46489    -0.0811    13.8155 0.0000e+00  -61.55000  -54.87517 1152874152 195.450848    34.5240 0.0000e+00
    821.000    -0.5901   2.854783    -0.5900   2.855224    6.46510    -0.0876    13.8155 0.0000e+00  -61.55000  -54.87517 1152874152 195.450859    34.5240 0.0000e+00
    822.000    -0.5902   2.854823    -0.5900   2.855263    6.46593    -0.0822    13.8155 0.0000e+00  -61.55000  -54.87517 1152874153 195.450869    34.5240 0.0000e+00
    823.000    -0.5897   2.854888    -0.5896   2.855334    6.46576    -0.0926    13.8155 0.0000e+00  -61.55000  -54.87517 1152874154 195.450882    34.5238 0.0000e+00
    824.000    -0.5896   2.854944    -0.5893   2.855385    6.46355    -0.0907    13.8155 0.0000e+00  -61.55000  -54.87517 1152874156 195.450906    34.5238 0.0000e+00
    825.000    -0.5895   2.855002    -0.5893   2.855442    6.46412    -0.0949    13.8155 0.0000e+00  -61.55000  -54.87517 1152874158 195.450928    34.5239 0.0000e+00
    826.000    -0.5891   2.855066    -0.5889   2.855507    6.46500    -0.0930    13.8155 0.0000e+00  -61.55000  -54.87517 1152874159 195.450942    34.5237 0.0000e+00
    827.000    -0.5892   2.855104    -0.5890   2.855551    6.46611    -0.0950    13.8155 0.0000e+00  -61.55000  -54.87517 1152874161 195.450956    34.5238 0.0000e+00
    828.000    -0.5889   2.855162    -0.5888   2.855601    6.46707    -0.0917    13.8155 0.0000e+00  -61.55000  -54.87517 1152874162 195.450969    34.5236 0.0000e+00
    829.000    -0.5891   2.855191    -0.5889   2.855637    6.46744    -0.0948    13.8155 0.0000e+00  -61.55000  -54.87517 1152874163 195.450982    34.5237 0.0000e+00
    830.000    -0.5893   2.855233    -0.5891   2.855671    6.46778    -0.1035    13.8155 0.0000e+00  -61.55000  -54.87517 1152874164 195.450995    34.5238 0.0000e+00
    831.000    -0.5900   2.855227    -0.5897   2.855678    6.46553    -0.0822    13.8155 0.0000e+00  -61.55000  -54.87517 1152874165 195.451007    34.5240 0.0000e+00
    832.000    -0.5907   2.855235    -0.5906   2.855667    6.46434    -0.0991    13.8155 0.0000e+00  -61.55000  -54.87517 1152874166 195.451021    34.5244 0.0000e+00
    833.000    -0.5904   2.855287    -0.5900   2.855741    6.46389    -0.0941    13.8155 0.0000e+00  -61.55000  -54.87517 1152874169 195.451048    34.5242 0.0000e+00
    834.000    -0.5915   2.855276    -0.5915   2.855716    6.46610    -0.0988    13.8155 0.0000e+00  -61.55000  -54.87517 1152874170 195.451066    34.5246 0.0000e+00
    835.000    -0.5914   2.855329    -0.5908   2.855796    6.46703    -0.0928    13.8155 0.0000e+00  -61.55000  -54.87517 1152874171 195.451078    34.5246 0.0000e+00
    836.000    -0.5911   2.855389    -0.5908   2.855843    6.46419    -0.0913    13.8155 0.0000e+00  -61.55000  -54.87517 1152874172 195.451090    34.5245 0.0000e+00
    837.000    -0.5918   2.855401    -0.5912   2.855858    6.46434    -0.1059    13.8155 0.0000e+00  -61.55000  -54.87517 1152874173 195.451104    34.5248 0.0000e+00
    838.000    -0.5933   2.855360    -0.5930   2.855811    6.46322    -0.0885    13.8155 0.0000e+00  -61.55000  -54.87517 1152874175 195.451118    34.5255 0.0000e+00
    839.000    -0.5932   2.855409    -0.5930   2.855854    6.46424    -0.1072    13.8155 0.0000e+00  -61.55000  -54.87517 1152874176 195.451133    34.5255 0.0000e+00
    840.000    -0.5934   2.855441    -0.5932   2.855894    6.46660    -0.0785    13.8155 0.0000e+00  -61.55000  -54.87517 1152874177 195.451148    34.5255 0.0000e+00
    841.000    -0.5938   2.855460    -0.5936   2.855912    6.46602    -0.0897    13.8155 0.0000e+00  -61.55000  -54.87517 1152874179 195.451164    34.5256 0.0000e+00
    842.000    -0.5940   2.855499    -0.5937   2.855937    6.46428    -0.1071    13.8155 0.0000e+00  -61.55000  -54.87517 1152874180 195.451178    34.5257 0.0000e+00
    843.000    -0.5931   2.855592    -0.5928   2.856039    6.46385    -0.0956    13.8155 0.0000e+00  -61.55000  -54.87517 1152874181 195.451194    34.5254 0.0000e+00
    844.000    -0.5933   2.855622    -0.5936   2.856042    6.46025    -0.0921    13.8155 0.0000e+00  -61.55000  -54.87517 1152874183 195.451212    34.5254 0.0000e+00
    845.000    -0.5939   2.855624    -0.5945   2.856020    6.46066    -0.0865    13.8155 0.0000e+00  -61.55000  -54.87517 1152874184 195.451225    34.5256 0.0000e+00
    846.000    -0.5952   2.855590    -0.5946   2.856068    6.46134    -0.0895    13.8155 0.0000e+00  -61.55000  -54.87517 1152874185 195.451237    34.5261 0.0000e+00
    847.000    -0.5952   2.855634    -0.5950   2.856076    6.46003    -0.0893    13.8155 0.0000e+00  -61.55000  -54.87517 1152874187 195.451256    34.5261 0.0000e+00
    848.000    -0.5950   2.855695    -0.5948   2.856135    6.45960    -0.1113    13.8155 0.0000e+00  -61.55000  -54.87517 1152874189 195.451284    34.5260 0.0000e+00
    849.000    -0.5948   2.855759    -0.5947   2.856192    6.46052    -0.0923    13.8155 0.0000e+00  -61.55000  -54.87517 1152874190 195.451295    34.5260 0.0000e+00
    850.000    -0.5949   2.855787    -0.5947   2.856242    6.46109    -0.1072    13.8155 0.0000e+00  -61.55000  -54.87517 1152874191 195.451306    34.5259 0.0000e+00
    851.000    -0.5952   2.855815    -0.5952   2.856259    6.46008    -0.1045    13.8155 0.0000e+00  -61.55000  -54.87517 1152874192 195.451316    34.5261 0.0000e+00
    852.000    -0.5952   2.855864    -0.5949   2.856310    6.45805    -0.1007    13.8155 0.0000e+00  -61.55000  -54.87517 1152874193 195.451327    34.5262 0.0000e+00
    853.000    -0.5951   2.855907    -0.5949   2.856346    6.45662    -0.0844    13.8155 0.0000e+00  -61.55000  -54.87517 1152874194 195.451338    34.5260 0.0000e+00
    854.000    -0.5952   2.855945    -0.5950   2.856388    6.45814    -0.0881    13.8155 0.0000e+00  -61.55000  -54.87517 1152874195 195.451358    34.5261 0.0000e+00
    855.000    -0.5951   2.856005    -0.5948   2.856454    6.46500    -0.1019    13.8155 0.0000e+00  -61.55000  -54.87517 1152874199 195.451398    34.5261 0.0000e+00
    856.000    -0.5953   2.856033    -0.5951   2.856481    6.46491    -0.1042    13.8155 0.0000e+00  -61.55000  -54.87517 1152874200 195.451407    34.5262 0.0000e+00
    857.000    -0.5950   2.856089    -0.5950   2.856537    6.46552    -0.0874    13.8155 0.0000e+00  -61.55000  -54.87517 1152874200 195.451416    34.5260 0.0000e+00
    858.000    -0.5950   2.856139    -0.5949   2.856570    6.46408    -0.0966    13.8155 0.0000e+00  -61.55000  -54.87517 1152874201 195.451425    34.5260 0.0000e+00
    859.000    -0.5951   2.856164    -0.5951   2.856610    6.46610    -0.1155    13.8155 0.0000e+00  -61.55000  -54.87517 1152874202 195.451434    34.5260 0.0000e+00
    860.000    -0.5959   2.856167    -0.5955   2.856620    6.46416    -0.1000    13.8155 0.0000e+00  -61.55000  -54.87517 1152874203 195.451450    34.5262 0.0000e+00
    861.000    -0.5956   2.856236    -0.5954   2.856670    6.46320    -0.0891    13.8155 0.0000e+00  -61.55000  -54.87517 1152874205 195.451474    34.5262 0.0000e+00
    862.000    -0.5952   2.856301    -0.5949   2.856740    6.46140    -0.1041    13.8155 0.0000e+00  -61.55000  -54.87517 1152874206 195.451487    34.5261 0.0000e+00
    863.000    -0.5953   2.856334    -0.5951   2.856778    6.46379    -0.0871    13.8155 0.0000e+00  -61.55000  -54.87517 1152874208 195.451502    34.5261 0.0000e+00
    864.000    -0.5954   2.856385    -0.5951   2.856831    6.46636    -0.1002    13.8155 0.0000e+00  -61.55000  -54.87517 1152874210 195.451530    34.5262 0.0000e+00
    865.000    -0.5943   2.856499    -0.5944   2.856932    6.46577    -0.1009    13.8155 0.0000e+00  -61.55000  -54.87517 1152874212 195.451545    34.5260 0.0000e+00
    866.000    -0.5945   2.856522    -0.5943   2.856975    6.46403    -0.0883    13.8155 0.0000e+00  -61.55000  -54.87517 1152874212 195.451555    34.5259 0.0000e+00
    867.000    -0.5951   2.856529    -0.5951   2.856970    6.46342    -0.0871    13.8155 0.0000e+00  -61.55000  -54.87517 1152874213 195.451565    34.5262 0.0000e+00
    868.000    -0.5962   2.856498    -0.5960   2.856951    6.46355    -0.0873    13.8155 0.0000e+00  -61.55000  -54.87517 1152874214 195.451576    34.5264 0.0000e+00
    869.000    -0.5966   2.856514    -0.5964   2.856956    6.46271    -0.1041    13.8155 0.0000e+00  -61.55000  -54.87517 1152874216 195.451594    34.5265 0.0000e+00
    870.000    -0.5967   2.856558    -0.5964   2.857006    6.46295    -0.0941    13.8155 0.0000e+00  -61.55000  -54.87517 1152874218 195.451616    34.5266 0.0000e+00
    871.000    -0.5968   2.856590    -0.5968   2.857030    6.46386    -0.1275    13.8155 0.0000e+00  -61.55000  -54.87517 1152874219 195.451632    34.5266 0.0000e+00
    872.000    -0.5963   2.856668    -0.5962   2.857117    6.46426    -0.1065    13.8155 0.0000e+00  -61.55000  -54.87517 1152874220 195.451645    34.5265 0.0000e+00
    873.000    -0.5965   2.856699    -0.5963   2.857142    6.46429    -0.1079    13.8155 0.0000e+00  -61.55000  -54.87517 1152874221 195.451657    34.5265 0.0000e+00
    874.000    -0.5964   2.856752    -0.5965   2.857172    6.46155    -0.1003    13.8155 0.0000e+00  -61.55000  -54.87517 1152874222 195.451670    34.5265 0.0000e+00
    875.000    -0.5965   2.856787    -0.5963   2.857234    6.46038    -0.0901    13.8155 0.0000e+00  -61.55000  -54.87517 1152874224 195.451686    34.5266 0.0000e+00
    876.000    -0.5967   2.856827    -0.5963   2.857274    6.46128    -0.1065    13.8155 0.0000e+00  -61.55000  -54.87517 1152874225 195.451705    34.5267 0.0000e+00
