product_data/regression_test/downloaded_data/MGDS/320620060703/ctd/p6619804.ros
* Sea-Bird SBE 9 Data File:
* FileName = D:\Data\Raw\p6619804.dat
* Software Version Seasave Win32 V 5.32
* Temperature SN = 1649
* Conductivity SN = 1431
* Number of Bytes Per Scan = 37
* Number of Voltage Words = 5
* Number of Scans Averaged by the Deck Unit = 1
* NMEA Latitude = 60 45.03 S
* NMEA Longitude = 059 14.86 W
* NMEA UTC (Time) = 05:10:09
** Ship:   Nathaniel B. Palmer 
** Cruise:    NBP0606 
# nquan = 17
# nvalues = 1176                    
# units = specified
# name 0 = prDM: Pressure, Digiquartz [db]
# name 1 = t090C: Temperature [ITS-90, deg C]
# name 2 = c0S/m: Conductivity [S/m]
# name 3 = t190C: Temperature, 2 [ITS-90, deg C]
# name 4 = c1S/m: Conductivity, 2 [S/m]
# name 5 = sbeox0ML/L: Oxygen, SBE 43 [ml/l]
# name 6 = flECO-AFL: Fluorescence, Wetlab ECO-AFL/FL [mg/m^3]
# name 7 = bat: Beam Attenuation, Chelsea/Seatech/Wetlab CStar [1/m]
# name 8 = spar: SPAR/Surface Irradiance
# name 9 = latitude: Latitude [deg]
# name 10 = longitude: Longitude [deg]
# name 11 = timeY: Time, System [seconds]
# name 12 = timeJ: Julian Days
# name 13 = sal00: Salinity [PSU]
# name 14 = scan: scan number
# name 15 = nbf: number of bottles fired
# name 16 = flag:  0.000e+00
# interval = seconds: 0.0416667                   
# start_time = Jul 26 2006 05:10:17
*END*
[from data line 426]
    101.111    -0.8277   2.771077    -0.8258   2.771599    7.69583    -0.0319    13.8155 0.0000e+00  -60.75050  -59.24767 1153893824 207.252614    34.0987      77013          9  0.000e+00
    101.140    -0.8267   2.771106    -0.8251   2.771668    7.69569    -0.0319    13.8155 0.0000e+00  -60.75050  -59.24767 1153893824 207.252614    34.0980      77014          9  0.000e+00
    101.073    -0.8261   2.771152    -0.8237   2.771721    7.69076    -0.0426    13.8155 0.0000e+00  -60.75050  -59.24767 1153893824 207.252615    34.0980      77015          9  0.000e+00
    101.140    -0.8261   2.771165    -0.8224   2.771790    7.69082    -0.0426    13.8155 0.0000e+00  -60.75050  -59.24767 1153893824 207.252615    34.0981      77016          9  0.000e+00
    101.073    -0.8263   2.771215    -0.8196   2.771970    7.69074    -0.0534    13.8155 0.0000e+00  -60.75050  -59.24767 1153893824 207.252616    34.0990      77017          9  0.000e+00
    101.073    -0.8246   2.771363    -0.8177   2.772057    7.69037    -0.0426    13.8155 0.0000e+00  -60.75050  -59.24767 1153893824 207.252616    34.0991      77018          9  0.000e+00
    101.140    -0.8221   2.771541    -0.8174   2.772155    7.68993    -0.0534    13.8155 0.0000e+00  -60.75050  -59.24767 1153893824 207.252617    34.0986      77019          9  0.000e+00
    101.073    -0.8188   2.771686    -0.8179   2.772201    7.68926    -0.0642    13.8155 0.0000e+00  -60.75050  -59.24767 1153893824 207.252617    34.0970      77020          9  0.000e+00
    101.073    -0.8173   2.771854    -0.8177   2.772207    7.68890    -0.0426    13.8155 0.0000e+00  -60.75050  -59.24767 1153893824 207.252618    34.0975      77021          9  0.000e+00
    100.997    -0.8148   2.772130    -0.8177   2.772190    7.68824     0.0112    13.8155 0.0000e+00  -60.75050  -59.24767 1153893824 207.252618    34.0985      77022          9  0.000e+00
    101.073    -0.8126   2.772292    -0.8179   2.772213    7.68787     0.0434    13.8155 0.0000e+00  -60.75050  -59.24767 1153893824 207.252619    34.0982      77023          9  0.000e+00
    101.073    -0.8111   2.772404    -0.8179   2.772207    7.68755     0.0219    13.8155 0.0000e+00  -60.75050  -59.24767 1153893824 207.252619    34.0979      77024          9  0.000e+00
    100.997    -0.8069   2.772700    -0.8170   2.772224    7.68662    -0.0534    13.8155 0.0000e+00  -60.75050  -59.24767 1153893824 207.252620    34.0973      77025          9  0.000e+00
    100.997    -0.8038   2.772957    -0.8162   2.772288    7.69069    -0.0857    13.8155 0.0000e+00  -60.75050  -59.24767 1153893824 207.252620    34.0973      77026          9  0.000e+00
    100.997    -0.8026   2.773043    -0.8147   2.772445    7.68570    -0.0319    13.8155 0.0000e+00  -60.75050  -59.24767 1153893825 207.252621    34.0970      77027          9  0.000e+00
     74.798    -0.8680   2.759683    -0.9118   2.756405    7.62064     0.0112    13.8155 0.0000e+00  -60.75050  -59.24767 1153893876 207.253222    34.0059      78274         10  0.000e+00
     74.922    -0.8696   2.759959    -0.9169   2.755930    7.61609     0.0219    13.8155 0.0000e+00  -60.75050  -59.24767 1153893877 207.253222    34.0113      78275         10  0.000e+00
     74.655    -0.8642   2.760301    -0.9120   2.755942    7.61474     0.0004    13.8155 0.0000e+00  -60.75050  -59.24767 1153893877 207.253223    34.0100      78276         10  0.000e+00
     75.199    -0.8638   2.760097    -0.9015   2.756723    7.61069     0.0112    13.8155 0.0000e+00  -60.75050  -59.24767 1153893877 207.253223    34.0066      78277         10  0.000e+00
     74.798    -0.8635   2.760472    -0.8886   2.758053    7.61467     0.0112    13.8155 0.0000e+00  -60.75050  -59.24767 1153893877 207.253224    34.0116      78278         10  0.000e+00
     74.989    -0.8577   2.761182    -0.8755   2.759406    7.61820     0.0112    13.8155 0.0000e+00  -60.75050  -59.24767 1153893877 207.253224    34.0146      78279         10  0.000e+00
     74.942    -0.8555   2.761346    -0.8620   2.760627    7.61769    -0.0319    13.8155 0.0000e+00  -60.75050  -59.24767 1153893877 207.253225    34.0143      78280         10  0.000e+00
     74.922    -0.8561   2.760942    -0.8550   2.761396    7.61806    -0.0534    13.8155 0.0000e+00  -60.75050  -59.24767 1153893877 207.253225    34.0095      78281         10  0.000e+00
     74.942    -0.8591   2.760754    -0.8510   2.761795    7.61866    -0.0534    13.8155 0.0000e+00  -60.75050  -59.24767 1153893877 207.253226    34.0103      78282         10  0.000e+00
     74.922    -0.8589   2.760919    -0.8384   2.762525    7.61850    -0.0211    13.8155 0.0000e+00  -60.75050  -59.24767 1153893877 207.253226    34.0123      78283         10  0.000e+00
     75.008    -0.8533   2.762168    -0.8061   2.764585    7.61685    -0.0104    13.8155 0.0000e+00  -60.75050  -59.24767 1153893877 207.253227    34.0230      78284         10  0.000e+00
     74.922    -0.8338   2.765168    -0.7671   2.767746    7.61165    -0.0211    13.8155 0.0000e+00  -60.75050  -59.24767 1153893877 207.253227    34.0417      78285         10  0.000e+00
     75.008    -0.7990   2.767777    -0.7434   2.770010    7.60458    -0.0104    13.8155 0.0000e+00  -60.75050  -59.24767 1153893877 207.253228    34.0377      78286         10  0.000e+00
     74.989    -0.7860   2.769255    -0.7270   2.771592    7.60624     0.0542    13.8155 0.0000e+00  -60.75050  -59.24767 1153893877 207.253228    34.0431      78287         10  0.000e+00
     74.942    -0.7680   2.771309    -0.7181   2.772889    7.60199     0.0542    13.8155 0.0000e+00  -60.75050  -59.24767 1153893877 207.253229    34.0506      78288         10  0.000e+00
     74.989    -0.7462   2.772525    -0.7133   2.773677    7.59786     0.0542    13.8155 0.0000e+00  -60.75050  -59.24767 1153893877 207.253229    34.0424      78289         10  0.000e+00
     74.942    -0.7368   2.772383    -0.7174   2.773816    7.59649     0.0327    13.8155 0.0000e+00  -60.75050  -59.24767 1153893877 207.253230    34.0300      78290         10  0.000e+00
     75.056    -0.7395   2.771751    -0.7293   2.773156    7.59746    -0.0104    13.8155 0.0000e+00  -60.75050  -59.24767 1153893877 207.253230    34.0244      78291         10  0.000e+00
     74.942    -0.7401   2.771579    -0.7580   2.771249    7.59755    -0.0104    13.8155 0.0000e+00  -60.75050  -59.24767 1153893877 207.253231    34.0227      78292         10  0.000e+00
     74.989    -0.7370   2.771579    -0.8029   2.767757    7.59714    -0.0426    13.8155 0.0000e+00  -60.75050  -59.24767 1153893877 207.253231    34.0193      78293         10  0.000e+00
     75.008    -0.7357   2.771662    -0.8111   2.765446    7.60161    -0.0426    13.8155 0.0000e+00  -60.75050  -59.24767 1153893877 207.253232    34.0189      78294         10  0.000e+00
     74.989    -0.7355   2.771540    -0.8164   2.764607    7.60164     0.0004    13.8155 0.0000e+00  -60.75050  -59.24767 1153893877 207.253232    34.0170      78295         10  0.000e+00
     75.008    -0.7410   2.770519    -0.8396   2.762992    7.60322     0.0004    13.8155 0.0000e+00  -60.75050  -59.24767 1153893877 207.253233    34.0094      78296         10  0.000e+00
     74.989    -0.7533   2.768791    -0.8651   2.760695    7.60630     0.0112    13.8155 0.0000e+00  -60.75050  -59.24767 1153893877 207.253233    33.9999      78297         10  0.000e+00
     75.008    -0.7754   2.766793    -0.8696   2.759833    7.61110    -0.0211    13.8155 0.0000e+00  -60.75050  -59.24767 1153893878 207.253234    33.9977      78298         10  0.000e+00
     74.989    -0.7993   2.764286    -0.8608   2.760487    7.62123     0.0112    13.8155 0.0000e+00  -60.75050  -59.24767 1153893878 207.253234    33.9908      78299         10  0.000e+00
     75.008    -0.8290   2.760968    -0.8442   2.761807    7.62815     0.0004    13.8155 0.0000e+00  -60.75050  -59.24767 1153893878 207.253234    33.9793      78300         10  0.000e+00
     75.056    -0.8575   2.758407    -0.8405   2.762658    7.63438     0.0004    13.8155 0.0000e+00  -60.75050  -59.24767 1153893878 207.253235    33.9766      78301         10  0.000e+00
     75.008    -0.8787   2.757116    -0.8344   2.763318    7.63850    -0.0211    13.8155 0.0000e+00  -60.75050  -59.24767 1153893878 207.253235    33.9829      78302         10  0.000e+00
     75.056    -0.8920   2.756758    -0.8176   2.764730    7.64085    -0.0104    13.8155 0.0000e+00  -60.75050  -59.24767 1153893878 207.253236    33.9931      78303         10  0.000e+00
     75.008    -0.8981   2.756702    -0.8210   2.765158    7.64651    -0.0319    13.8155 0.0000e+00  -60.75050  -59.24767 1153893878 207.253236    33.9993      78304         10  0.000e+00
     75.056    -0.8939   2.757583    -0.8071   2.765656    7.64528    -0.0319    13.8155 0.0000e+00  -60.75050  -59.24767 1153893878 207.253237    34.0064      78305         10  0.000e+00
     75.075    -0.8830   2.758559    -0.7809   2.767822    7.64293    -0.0319    13.8155 0.0000e+00  -60.75050  -59.24767 1153893878 207.253237    34.0074      78306         10  0.000e+00
     75.056    -0.8742   2.760488    -0.7597   2.770086    7.64491    -0.0749    13.8155 0.0000e+00  -60.75050  -59.24767 1153893878 207.253238    34.0237      78307         10  0.000e+00
     75.152    -0.8550   2.763122    -0.7531   2.771129    7.64019    -0.0749    13.8155 0.0000e+00  -60.75050  -59.24767 1153893878 207.253238    34.0377      78308         10  0.000e+00
     75.056    -0.8365   2.765191    -0.7479   2.771494    7.63577    -0.0642    13.8155 0.0000e+00  -60.75050  -59.24767 1153893878 207.253239    34.0449      78309         10  0.000e+00
     75.075    -0.8193   2.766550    -0.7468   2.771505    7.63691    -0.0534    13.8155 0.0000e+00  -60.75050  -59.24767 1153893878 207.253239    34.0439      78310         10  0.000e+00
     75.133    -0.7992   2.767379    -0.7526   2.771030    7.63330    -0.0319    13.8155 0.0000e+00  -60.75050  -59.24767 1153893878 207.253240    34.0324      78311         10  0.000e+00
     75.152    -0.7897   2.767632    -0.7580   2.770265    7.63170     0.0004    13.8155 0.0000e+00  -60.75050  -59.24767 1153893878 207.253240    34.0252      78312         10  0.000e+00
     75.133    -0.7907   2.767395    -0.7804   2.768713    7.63671     0.0004    13.8155 0.0000e+00  -60.75050  -59.24767 1153893878 207.253241    34.0231      78313         10  0.000e+00
     75.075    -0.7800   2.769248    -0.7883   2.767572    7.62898    -0.0319    13.8155 0.0000e+00  -60.75050  -59.24767 1153893878 207.253241    34.0361      78314         10  0.000e+00
     75.133    -0.7586   2.771879    -0.7957   2.767062    7.62862    -0.0104    13.8155 0.0000e+00  -60.75050  -59.24767 1153893878 207.253242    34.0476      78315         10  0.000e+00
     75.152    -0.7379   2.773506    -0.8082   2.766124    7.62432     0.0112    13.8155 0.0000e+00  -60.75050  -59.24767 1153893878 207.253242    34.0463      78316         10  0.000e+00
     75.133    -0.7245   2.774264    -0.8251   2.764757    7.62642    -0.0211    13.8155 0.0000e+00  -60.75050  -59.24767 1153893878 207.253243    34.0414      78317         10  0.000e+00
     75.152    -0.7151   2.774659    -0.8335   2.763548    7.62474     0.0112    13.8155 0.0000e+00  -60.75050  -59.24767 1153893878 207.253243    34.0362      78318         10  0.000e+00
     75.199    -0.7085   2.774939    -0.8435   2.762674    7.62358     0.0219    13.8155 0.0000e+00  -60.75050  -59.24767 1153893878 207.253244    34.0325      78319         10  0.000e+00
     75.152    -0.7065   2.775226    -0.8391   2.762436    7.62302     0.0112    13.8155 0.0000e+00  -60.75050  -59.24767 1153893878 207.253244    34.0341      78320         10  0.000e+00
     75.133    -0.7030   2.775532    -0.8286   2.763137    7.62226     0.0004    13.8155 0.0000e+00  -60.75050  -59.24767 1153893878 207.253245    34.0344      78321         10  0.000e+00
     75.152    -0.7000   2.775760    -0.8266   2.763513    7.62636     0.0112    13.8155 0.0000e+00  -60.75050  -59.24767 1153893879 207.253245    34.0340      78322         10  0.000e+00
     74.638    -0.9003   2.755907    -0.9316   2.753636    7.78412     0.0327    13.8155 0.0000e+00  -60.75050  -59.24767 1153893886 207.253327    33.9912      78492         11  0.000e+00
     74.657    -0.9008   2.756518    -0.9334   2.753693    7.78379     0.0327    13.8155 0.0000e+00  -60.75050  -59.24767 1153893886 207.253328    34.0001      78493         11  0.000e+00
     74.638    -0.8947   2.757198    -0.9364   2.753659    7.78704     0.0542    13.8155 0.0000e+00  -60.75050  -59.24767 1153893886 207.253328    34.0024      78494         11  0.000e+00
     74.733    -0.8811   2.757596    -0.9365   2.753664    7.78474     0.0757    13.8155 0.0000e+00  -60.75050  -59.24767 1153893886 207.253329    33.9924      78495         11  0.000e+00
     74.638    -0.8637   2.758190    -0.9356   2.753757    7.78148     0.0865    13.8155 0.0000e+00  -60.75050  -59.24767 1153893886 207.253329    33.9809      78496         11  0.000e+00
     74.657    -0.8529   2.759045    -0.9356   2.753820    7.77919     0.0650    13.8155 0.0000e+00  -60.75050  -59.24767 1153893886 207.253329    33.9803      78497         11  0.000e+00
     74.705    -0.8537   2.759400    -0.9253   2.754046    7.77912     0.0542    13.8155 0.0000e+00  -60.75050  -59.24767 1153893886 207.253330    33.9860      78498         11  0.000e+00
     74.590    -0.8734   2.759147    -0.9154   2.754734    7.78225     0.0542    13.8155 0.0000e+00  -60.75050  -59.24767 1153893886 207.253330    34.0049      78499         11  0.000e+00
     74.638    -0.8808   2.758966    -0.9167   2.755653    7.78359     0.0112    13.8155 0.0000e+00  -60.75050  -59.24767 1153893886 207.253331    34.0108      78500         11  0.000e+00
     74.733    -0.8719   2.758470    -0.9136   2.756457    7.78266     0.0112    13.8155 0.0000e+00  -60.75050  -59.24767 1153893886 207.253331    33.9938      78501         11  0.000e+00
     74.638    -0.8733   2.757083    -0.9163   2.756925    7.78850     0.0112    13.8155 0.0000e+00  -60.75050  -59.24767 1153893886 207.253332    33.9766      78502         11  0.000e+00
     74.733    -0.9006   2.755693    -0.9167   2.756856    7.79389     0.0112    13.8155 0.0000e+00  -60.75050  -59.24767 1153893886 207.253332    33.9886      78503         11  0.000e+00
     74.638    -0.9119   2.755901    -0.9102   2.756492    7.79539     0.0434    13.8155 0.0000e+00  -60.75050  -59.24767 1153893886 207.253333    34.0042      78504         11  0.000e+00
     74.733    -0.8930   2.756876    -0.9118   2.756145    7.79183     0.0650    13.8155 0.0000e+00  -60.75050  -59.24767 1153893886 207.253333    33.9960      78505         11  0.000e+00
     74.638    -0.8845   2.757609    -0.9259   2.755202    7.78988     0.0327    13.8155 0.0000e+00  -60.75050  -59.24767 1153893886 207.253334    33.9965      78506         11  0.000e+00
     74.733    -0.8801   2.758095    -0.9549   2.753167    7.79366     0.0004    13.8155 0.0000e+00  -60.75050  -59.24767 1153893886 207.253334    33.9980      78507         11  0.000e+00
     74.705    -0.8759   2.757790    -0.9764   2.750931    7.79320    -0.0104    13.8155 0.0000e+00  -60.75050  -59.24767 1153893886 207.253335    33.9892      78508         11  0.000e+00
     74.657    -0.8852   2.756239    -0.9863   2.749591    7.79573     0.0112    13.8155 0.0000e+00  -60.75050  -59.24767 1153893886 207.253335    33.9786      78509         11  0.000e+00
     74.781    -0.9108   2.754669    -0.9861   2.749331    7.80101    -0.0104    13.8155 0.0000e+00  -60.75050  -59.24767 1153893886 207.253336    33.9861      78510         11  0.000e+00
     74.657    -0.9258   2.753874    -0.9809   2.749845    7.80380    -0.0104    13.8155 0.0000e+00  -60.75050  -59.24767 1153893886 207.253336    33.9923      78511         11  0.000e+00
