product_data/regression_test/downloaded_data/MGDS/320620060703/ctd/p6622803.ros
* Sea-Bird SBE 9 Data File:
* FileName = D:\Data\Raw\p6622803.dat
* Software Version Seasave Win32 V 5.32
* Temperature SN = 1649
* Conductivity SN = 1431
* Number of Bytes Per Scan = 37
* Number of Voltage Words = 5
* Number of Scans Averaged by the Deck Unit = 1
* NMEA Latitude = 63 03.41 S
* NMEA Longitude = 057 19.21 W
* NMEA UTC (Time) = 05:51:10
** Ship:   Nathaniel B. Palmer 
** Cruise:    NBP0606 
# nquan = 17
# nvalues = 1176                    
# units = specified
# name 0 = prDM: Pressure, Digiquartz [db]
# name 1 = t090C: Temperature [ITS-90, deg C]
# name 2 = c0S/m: Conductivity [S/m]
# name 3 = t190C: Temperature, 2 [ITS-90, deg C]
# name 4 = c1S/m: Conductivity, 2 [S/m]
# name 5 = sbeox0ML/L: Oxygen, SBE 43 [ml/l]
# name 6 = flECO-AFL: Fluorescence, Wetlab ECO-AFL/FL [mg/m^3]
# name 7 = bat: Beam Attenuation, Chelsea/Seatech/Wetlab CStar [1/m]
# name 8 = spar: SPAR/Surface Irradiance
# name 9 = latitude: Latitude [deg]
# name 10 = longitude: Longitude [deg]
# name 11 = timeY: Time, System [seconds]
# name 12 = timeJ: Julian Days
# name 13 = sal00: Salinity [PSU]
# name 14 = scan: scan number
# name 15 = nbf: number of bottles fired
# name 16 = flag:  0.000e+00
# interval = seconds: 0.0416667                   
# start_time = Aug 04 2006 05:52:01
*END*
[from data line 341]
    200.218    -1.8842   2.715712    -1.8847   2.715872    7.61024    -0.0123    13.8155 0.0000e+00  -63.05683  -57.32017 1154671665 216.255403    34.4857      22701          7  0.000e+00
    200.266    -1.8843   2.715744    -1.8846   2.715878    7.61029    -0.0343    13.8155 0.0000e+00  -63.05683  -57.32017 1154671665 216.255404    34.4863      22702          7  0.000e+00
    200.293    -1.8843   2.715722    -1.8849   2.715901    7.61034    -0.0564    13.8155 0.0000e+00  -63.05683  -57.32017 1154671675 216.255517    34.4860      22937          8  0.000e+00
    200.398    -1.8840   2.715744    -1.8844   2.715878    7.61038    -0.1225    13.8155 0.0000e+00  -63.05683  -57.32017 1154671675 216.255517    34.4859      22938          8  0.000e+00
    200.216    -1.8839   2.715722    -1.8843   2.715907    7.61510    -0.0564    13.8155 0.0000e+00  -63.05683  -57.32017 1154671675 216.255518    34.4855      22939          8  0.000e+00
    200.359    -1.8842   2.715744    -1.8840   2.715907    7.61528    -0.0233    13.8155 0.0000e+00  -63.05683  -57.32017 1154671675 216.255518    34.4861      22940          8  0.000e+00
    200.264    -1.8840   2.715722    -1.8845   2.715918    7.61517    -0.0454    13.8155 0.0000e+00  -63.05683  -57.32017 1154671675 216.255519    34.4856      22941          8  0.000e+00
    200.359    -1.8843   2.715741    -1.8843   2.715890    7.61040    -0.0674    13.8155 0.0000e+00  -63.05683  -57.32017 1154671675 216.255519    34.4862      22942          8  0.000e+00
    200.293    -1.8842   2.715738    -1.8845   2.715936    7.61030    -0.1004    13.8155 0.0000e+00  -63.05683  -57.32017 1154671675 216.255520    34.4860      22943          8  0.000e+00
    200.264    -1.8843   2.715751    -1.8846   2.715890    7.61029    -0.0343    13.8155 0.0000e+00  -63.05683  -57.32017 1154671675 216.255520    34.4864      22944          8  0.000e+00
    200.293    -1.8842   2.715722    -1.8842   2.715930    7.61523    -0.0123    13.8155 0.0000e+00  -63.05683  -57.32017 1154671675 216.255521    34.4858      22945          8  0.000e+00
    200.359    -1.8840   2.715761    -1.8849   2.715890    7.61033    -0.0123    13.8155 0.0000e+00  -63.05683  -57.32017 1154671675 216.255521    34.4861      22946          8  0.000e+00
    200.264    -1.8842   2.715744    -1.8842   2.715890    7.61027    -0.0894    13.8155 0.0000e+00  -63.05683  -57.32017 1154671675 216.255522    34.4862      22947          8  0.000e+00
    200.293    -1.8845   2.715764    -1.8844   2.715901    7.61524    -0.1004    13.8155 0.0000e+00  -63.05683  -57.32017 1154671675 216.255522    34.4867      22948          8  0.000e+00
    200.331    -1.8846   2.715728    -1.8846   2.715919    7.61042    -0.0784    13.8155 0.0000e+00  -63.05683  -57.32017 1154671675 216.255523    34.4864      22949          8  0.000e+00
    200.359    -1.8842   2.715744    -1.8844   2.715907    7.61037    -0.0233    13.8155 0.0000e+00  -63.05683  -57.32017 1154671675 216.255523    34.4861      22950          8  0.000e+00
    200.293    -1.8842   2.715738    -1.8846   2.715918    7.61030    -0.0454    13.8155 0.0000e+00  -63.05683  -57.32017 1154671675 216.255524    34.4860      22951          8  0.000e+00
    200.264    -1.8846   2.715751    -1.8844   2.715924    7.61033    -0.0784    13.8155 0.0000e+00  -63.05683  -57.32017 1154671675 216.255524    34.4868      22952          8  0.000e+00
    200.293    -1.8843   2.715757    -1.8846   2.715924    7.61031    -0.1114    13.8155 0.0000e+00  -63.05683  -57.32017 1154671675 216.255525    34.4865      22953          8  0.000e+00
    200.359    -1.8842   2.715722    -1.8841   2.715907    7.61039    -0.1225    13.8155 0.0000e+00  -63.05683  -57.32017 1154671675 216.255525    34.4858      22954          8  0.000e+00
    200.264    -1.8840   2.715728    -1.8846   2.715901    7.61025    -0.1225    13.8155 0.0000e+00  -63.05683  -57.32017 1154671675 216.255526    34.4857      22955          8  0.000e+00
    200.293    -1.8845   2.715735    -1.8844   2.715919    7.61035    -0.1555    13.8155 0.0000e+00  -63.05683  -57.32017 1154671676 216.255526    34.4863      22956          8  0.000e+00
    200.359    -1.8848   2.715735    -1.8846   2.715907    7.61047    -0.0784    13.8155 0.0000e+00  -63.05683  -57.32017 1154671676 216.255527    34.4867      22957          8  0.000e+00
    200.331    -1.8843   2.715751    -1.8849   2.715878    7.61035    -0.1004    13.8155 0.0000e+00  -63.05683  -57.32017 1154671676 216.255527    34.4863      22958          8  0.000e+00
    200.292    -1.8843   2.715705    -1.8843   2.715895    7.61035    -0.1004    13.8155 0.0000e+00  -63.05683  -57.32017 1154671676 216.255528    34.4858      22959          8  0.000e+00
    200.264    -1.8842   2.715689    -1.8844   2.715878    7.61031    -0.0784    13.8155 0.0000e+00  -63.05683  -57.32017 1154671676 216.255528    34.4854      22960          8  0.000e+00
    200.216    -1.8843   2.715738    -1.8846   2.715890    7.61025    -0.0123    13.8155 0.0000e+00  -63.05683  -57.32017 1154671676 216.255529    34.4863      22961          8  0.000e+00
    200.426    -1.8843   2.715738    -1.8840   2.715919    7.61047     0.0207    13.8155 0.0000e+00  -63.05683  -57.32017 1154671676 216.255529    34.4861      22962          8  0.000e+00
    200.264    -1.8842   2.715735    -1.8845   2.715907    7.61028    -0.0454    13.8155 0.0000e+00  -63.05683  -57.32017 1154671676 216.255530    34.4860      22963          8  0.000e+00
    200.359    -1.8843   2.715735    -1.8847   2.715919    7.61531    -0.0894    13.8155 0.0000e+00  -63.05683  -57.32017 1154671676 216.255530    34.4861      22964          8  0.000e+00
    200.292    -1.8846   2.715715    -1.8848   2.715907    7.61039    -0.0564    13.8155 0.0000e+00  -63.05683  -57.32017 1154671676 216.255530    34.4862      22965          8  0.000e+00
    200.331    -1.8845   2.715744    -1.8844   2.715878    7.61039     0.0318    13.8155 0.0000e+00  -63.05683  -57.32017 1154671676 216.255531    34.4864      22966          8  0.000e+00
    200.292    -1.8842   2.715738    -1.8845   2.715907    7.61030    -0.0123    13.8155 0.0000e+00  -63.05683  -57.32017 1154671676 216.255531    34.4860      22967          8  0.000e+00
    200.292    -1.8842   2.715751    -1.8844   2.715907    7.61030    -0.0674    13.8155 0.0000e+00  -63.05683  -57.32017 1154671676 216.255532    34.4862      22968          8  0.000e+00
    200.331    -1.8842   2.715722    -1.8845   2.715901    7.61036    -0.1335    13.8155 0.0000e+00  -63.05683  -57.32017 1154671676 216.255532    34.4858      22969          8  0.000e+00
    200.292    -1.8839   2.715725    -1.8844   2.715878    7.61026    -0.1665    13.8155 0.0000e+00  -63.05683  -57.32017 1154671676 216.255533    34.4855      22970          8  0.000e+00
    200.331    -1.8843   2.715715    -1.8843   2.715896    7.61530    -0.0894    13.8155 0.0000e+00  -63.05683  -57.32017 1154671676 216.255533    34.4859      22971          8  0.000e+00
    200.292    -1.8843   2.715728    -1.8844   2.715918    7.61525    -0.0123    13.8155 0.0000e+00  -63.05683  -57.32017 1154671676 216.255534    34.4861      22972          8  0.000e+00
    200.359    -1.8842   2.715735    -1.8842   2.715924    7.61529    -0.0564    13.8155 0.0000e+00  -63.05683  -57.32017 1154671676 216.255534    34.4860      22973          8  0.000e+00
    200.264    -1.8842   2.715715    -1.8841   2.715884    7.61520    -0.0454    13.8155 0.0000e+00  -63.05683  -57.32017 1154671676 216.255535    34.4857      22974          8  0.000e+00
    200.292    -1.8848   2.715712    -1.8843   2.715890    7.61533    -0.0013    13.8155 0.0000e+00  -63.05683  -57.32017 1154671676 216.255535    34.4864      22975          8  0.000e+00
    200.359    -1.8840   2.715761    -1.8844   2.715919    7.61033    -0.0674    13.8155 0.0000e+00  -63.05683  -57.32017 1154671676 216.255536    34.4861      22976          8  0.000e+00
    200.331    -1.8836   2.715761    -1.8846   2.715890    7.61023    -0.1445    13.8155 0.0000e+00  -63.05683  -57.32017 1154671676 216.255536    34.4856      22977          8  0.000e+00
    200.292    -1.8843   2.715738    -1.8843   2.715913    7.61033    -0.1225    13.8155 0.0000e+00  -63.05683  -57.32017 1154671676 216.255537    34.4862      22978          8  0.000e+00
    200.292    -1.8845   2.715735    -1.8846   2.715907    7.61035    -0.1004    13.8155 0.0000e+00  -63.05683  -57.32017 1154671676 216.255537    34.4863      22979          8  0.000e+00
    200.331    -1.8840   2.715748    -1.8841   2.715919    7.61522    -0.0564    13.8155 0.0000e+00  -63.05683  -57.32017 1154671677 216.255538    34.4859      22980          8  0.000e+00
    200.292    -1.8842   2.715754    -1.8846   2.715907    7.61029    -0.1004    13.8155 0.0000e+00  -63.05683  -57.32017 1154671677 216.255538    34.4863      22981          8  0.000e+00
    200.331    -1.8842   2.715758    -1.8847   2.715919    7.61033    -0.1225    13.8155 0.0000e+00  -63.05683  -57.32017 1154671677 216.255539    34.4863      22982          8  0.000e+00
    200.359    -1.8840   2.715758    -1.8851   2.715907    7.61525    -0.1004    13.8155 0.0000e+00  -63.05683  -57.32017 1154671677 216.255539    34.4861      22983          8  0.000e+00
    200.292    -1.8842   2.715722    -1.8840   2.715942    7.61523    -0.1114    13.8155 0.0000e+00  -63.05683  -57.32017 1154671677 216.255540    34.4858      22984          8  0.000e+00
    200.331    -1.8843   2.715712    -1.8846   2.715930    7.61039    -0.1004    13.8155 0.0000e+00  -63.05683  -57.32017 1154671677 216.255540    34.4858      22985          8  0.000e+00
    150.313    -1.8873   2.713310    -1.8869   2.713462    7.60363    -0.1004    13.8155 0.0000e+00  -63.05683  -57.32017 1154671776 216.256692    34.4877      25374          9  0.000e+00
    150.313    -1.8868   2.713294    -1.8869   2.713467    7.60845    -0.0343    13.8155 0.0000e+00  -63.05683  -57.32017 1154671776 216.256693    34.4870      25375          9  0.000e+00
    150.246    -1.8867   2.713290    -1.8871   2.713467    7.60836    -0.1114    13.8155 0.0000e+00  -63.05683  -57.32017 1154671776 216.256693    34.4868      25376          9  0.000e+00
    150.322    -1.8868   2.713274    -1.8872   2.713467    7.60360    -0.1445    13.8155 0.0000e+00  -63.05683  -57.32017 1154671776 216.256694    34.4867      25377          9  0.000e+00
    150.246    -1.8868   2.713271    -1.8872   2.713467    7.60352    -0.1555    13.8155 0.0000e+00  -63.05683  -57.32017 1154671776 216.256694    34.4867      25378          9  0.000e+00
    150.312    -1.8870   2.713254    -1.8869   2.713467    7.60362    -0.0674    13.8155 0.0000e+00  -63.05683  -57.32017 1154671776 216.256695    34.4866      25379          9  0.000e+00
    150.246    -1.8865   2.713264    -1.8871   2.713485    7.60347    -0.0233    13.8155 0.0000e+00  -63.05683  -57.32017 1154671777 216.256695    34.4862      25380          9  0.000e+00
    150.312    -1.8868   2.713287    -1.8867   2.713450    7.60358    -0.0784    13.8155 0.0000e+00  -63.05683  -57.32017 1154671777 216.256696    34.4869      25381          9  0.000e+00
    150.255    -1.8873   2.713294    -1.8872   2.713456    7.60358    -0.1555    13.8155 0.0000e+00  -63.05683  -57.32017 1154671777 216.256696    34.4875      25382          9  0.000e+00
    150.312    -1.8862   2.713323    -1.8875   2.713462    7.60833    -0.0894    13.8155 0.0000e+00  -63.05683  -57.32017 1154671777 216.256697    34.4866      25383          9  0.000e+00
    150.246    -1.8867   2.713320    -1.8866   2.713462    7.60834    -0.1225    13.8155 0.0000e+00  -63.05683  -57.32017 1154671777 216.256697    34.4872      25384          9  0.000e+00
    150.312    -1.8865   2.713297    -1.8867   2.713485    7.60840    -0.0784    13.8155 0.0000e+00  -63.05683  -57.32017 1154671777 216.256698    34.4866      25385          9  0.000e+00
    150.246    -1.8863   2.713310    -1.8871   2.713450    7.60342    -0.1004    13.8155 0.0000e+00  -63.05683  -57.32017 1154671777 216.256698    34.4867      25386          9  0.000e+00
    150.322    -1.8867   2.713297    -1.8870   2.713473    7.60356    -0.1665    13.8155 0.0000e+00  -63.05683  -57.32017 1154671777 216.256698    34.4868      25387          9  0.000e+00
    150.246    -1.8870   2.713310    -1.8866   2.713473    7.60351    -0.1775    13.8155 0.0000e+00  -63.05683  -57.32017 1154671777 216.256699    34.4874      25388          9  0.000e+00
    150.312    -1.8870   2.713297    -1.8867   2.713467    7.60359    -0.1445    13.8155 0.0000e+00  -63.05683  -57.32017 1154671777 216.256699    34.4872      25389          9  0.000e+00
    150.246    -1.8867   2.713294    -1.8869   2.713467    7.60348    -0.0674    13.8155 0.0000e+00  -63.05683  -57.32017 1154671777 216.256700    34.4868      25390          9  0.000e+00
    150.322    -1.8868   2.713310    -1.8867   2.713485    7.60845    -0.1004    13.8155 0.0000e+00  -63.05683  -57.32017 1154671777 216.256700    34.4872      25391          9  0.000e+00
    150.246    -1.8867   2.713316    -1.8868   2.713490    7.60834    -0.0564    13.8155 0.0000e+00  -63.05683  -57.32017 1154671777 216.256701    34.4871      25392          9  0.000e+00
    150.312    -1.8868   2.713297    -1.8873   2.713467    7.60357    -0.1225    13.8155 0.0000e+00  -63.05683  -57.32017 1154671777 216.256701    34.4870      25393          9  0.000e+00
    150.246    -1.8867   2.713294    -1.8868   2.713444    7.60837    -0.0454    13.8155 0.0000e+00  -63.05683  -57.32017 1154671777 216.256702    34.4869      25394          9  0.000e+00
    150.312    -1.8868   2.713274    -1.8872   2.713473    7.60359    -0.0343    13.8155 0.0000e+00  -63.05683  -57.32017 1154671777 216.256702    34.4867      25395          9  0.000e+00
    150.322    -1.8867   2.713287    -1.8871   2.713450    7.60356    -0.0564    13.8155 0.0000e+00  -63.05683  -57.32017 1154671777 216.256703    34.4867      25396          9  0.000e+00
    150.246    -1.8871   2.713310    -1.8867   2.713473    7.60353    -0.0784    13.8155 0.0000e+00  -63.05683  -57.32017 1154671777 216.256703    34.4876      25397          9  0.000e+00
    150.312    -1.8868   2.713280    -1.8874   2.713490    7.60358    -0.1004    13.8155 0.0000e+00  -63.05683  -57.32017 1154671777 216.256704    34.4868      25398          9  0.000e+00
    150.245    -1.8868   2.713287    -1.8870   2.713473    7.60839    -0.0343    13.8155 0.0000e+00  -63.05683  -57.32017 1154671777 216.256704    34.4869      25399          9  0.000e+00
    150.312    -1.8870   2.713294    -1.8875   2.713467    7.60359    -0.0564    13.8155 0.0000e+00  -63.05683  -57.32017 1154671777 216.256705    34.4871      25400          9  0.000e+00
    150.255    -1.8870   2.713310    -1.8867   2.713467    7.60352    -0.0343    13.8155 0.0000e+00  -63.05683  -57.32017 1154671777 216.256705    34.4874      25401          9  0.000e+00
    150.312    -1.8870   2.713316    -1.8869   2.713462    7.60358    -0.0784    13.8155 0.0000e+00  -63.05683  -57.32017 1154671777 216.256706    34.4874      25402          9  0.000e+00
    150.245    -1.8865   2.713297    -1.8872   2.713462    7.60345    -0.1114    13.8155 0.0000e+00  -63.05683  -57.32017 1154671778 216.256706    34.4867      25403          9  0.000e+00
    150.312    -1.8874   2.713294    -1.8874   2.713467    7.60366    -0.0674    13.8155 0.0000e+00  -63.05683  -57.32017 1154671778 216.256707    34.4876      25404          9  0.000e+00
    150.322    -1.8865   2.713274    -1.8872   2.713444    7.60355    -0.1445    13.8155 0.0000e+00  -63.05683  -57.32017 1154671778 216.256707    34.4863      25405          9  0.000e+00
    150.245    -1.8870   2.713303    -1.8868   2.713439    7.60352    -0.1886    13.8155 0.0000e+00  -63.05683  -57.32017 1154671778 216.256708    34.4873      25406          9  0.000e+00
