product_data/regression_test/downloaded_data/MGDS/320620060703/ctd/p6623504.ros
* Sea-Bird SBE 9 Data File:
* FileName = D:\Data\Raw\p6623504.dat
* Software Version Seasave Win32 V 5.32
* Temperature SN = 1649
* Conductivity SN = 1431
* Number of Bytes Per Scan = 37
* Number of Voltage Words = 5
* Number of Scans Averaged by the Deck Unit = 1
* NMEA Latitude = 61 47.47 S
* NMEA Longitude = 053 17.41 W
* NMEA UTC (Time) = 18:47:37
** Ship:   Nathaniel B. Palmer 
** Cruise:    NBP0606 
# nquan = 17
# nvalues = 1176                    
# units = specified
# name 0 = prDM: Pressure, Digiquartz [db]
# name 1 = t090C: Temperature [ITS-90, deg C]
# name 2 = c0S/m: Conductivity [S/m]
# name 3 = t190C: Temperature, 2 [ITS-90, deg C]
# name 4 = c1S/m: Conductivity, 2 [S/m]
# name 5 = sbeox0ML/L: Oxygen, SBE 43 [ml/l]
# name 6 = flECO-AFL: Fluorescence, Wetlab ECO-AFL/FL [mg/m^3]
# name 7 = bat: Beam Attenuation, Chelsea/Seatech/Wetlab CStar [1/m]
# name 8 = spar: SPAR/Surface Irradiance
# name 9 = latitude: Latitude [deg]
# name 10 = longitude: Longitude [deg]
# name 11 = timeY: Time, System [seconds]
# name 12 = timeJ: Julian Days
# name 13 = sal00: Salinity [PSU]
# name 14 = scan: scan number
# name 15 = nbf: number of bottles fired
# name 16 = flag:  0.000e+00
# interval = seconds: 0.0416667                   
# start_time = Aug 07 2006 18:49:11
*END*
[from data line 256]
    300.434    -0.7987   2.805855    -0.7986   2.805977    6.86426    -0.1555    13.8155 8.3770e+01  -61.79117  -53.29017 1154977606 219.796384    34.4143      25358          6  0.000e+00
    300.338    -0.7987   2.805819    -0.7984   2.806006    6.86420    -0.1225    13.8155 8.3770e+01  -61.79117  -53.29017 1154977606 219.796384    34.4138      25359          6  0.000e+00
    300.405    -0.7989   2.805842    -0.7986   2.805983    6.85942    -0.0454    13.8155 8.3770e+01  -61.79117  -53.29017 1154977606 219.796385    34.4143      25360          6  0.000e+00
    300.434    -0.7992   2.805819    -0.7983   2.805960    6.85950    -0.0233    13.8155 8.3770e+01  -61.79117  -53.29017 1154977606 219.796385    34.4143      25361          6  0.000e+00
    300.405    -0.7989   2.805826    -0.7989   2.805960    6.85943    -0.0454    13.8155 8.3770e+01  -61.79117  -53.29017 1154977606 219.796386    34.4141      25362          6  0.000e+00
    300.338    -0.7990   2.805812    -0.7986   2.805971    6.86424    -0.1114    13.8155 8.1822e+01  -61.79117  -53.29017 1154977606 219.796386    34.4141      25363          6  0.000e+00
    300.434    -0.7986   2.805842    -0.7984   2.805960    6.86425    -0.1004    13.8155 8.1822e+01  -61.79117  -53.29017 1154977607 219.796386    34.4139      25364          6  0.000e+00
    300.405    -0.7989   2.805819    -0.7987   2.805977    6.86428    -0.1004    13.8155 8.3770e+01  -61.79117  -53.29017 1154977607 219.796387    34.4140      25365          6  0.000e+00
    300.405    -0.7987   2.805826    -0.7984   2.805977    6.86426    -0.0674    13.8155 8.3770e+01  -61.79117  -53.29017 1154977607 219.796387    34.4139      25366          6  0.000e+00
    300.357    -0.7992   2.805832    -0.7989   2.806000    6.85942    -0.0784    13.8155 8.3770e+01  -61.79117  -53.29017 1154977607 219.796388    34.4145      25367          6  0.000e+00
    300.405    -0.7989   2.805812    -0.7989   2.805994    6.86428    -0.0564    13.8155 8.3770e+01  -61.79117  -53.29017 1154977607 219.796388    34.4139      25368          6  0.000e+00
    300.405    -0.7993   2.805826    -0.7987   2.805965    6.86434    -0.0784    13.8155 8.3770e+01  -61.79117  -53.29017 1154977607 219.796389    34.4146      25369          6  0.000e+00
    300.434    -0.7987   2.805845    -0.7983   2.805948    6.86427    -0.1555    13.8155 8.3770e+01  -61.79117  -53.29017 1154977607 219.796389    34.4141      25370          6  0.000e+00
    300.338    -0.7990   2.805852    -0.7982   2.805954    6.85937    -0.1445    13.8155 8.3770e+01  -61.79117  -53.29017 1154977607 219.796390    34.4146      25371          6  0.000e+00
    300.472    -0.7993   2.805819    -0.7987   2.805977    6.85956    -0.0123    13.8155 8.3770e+01  -61.79117  -53.29017 1154977607 219.796390    34.4144      25372          6  0.000e+00
    300.357    -0.7989   2.805826    -0.7982   2.805977    6.85938     0.0318    13.8155 8.3770e+01  -61.79117  -53.29017 1154977607 219.796391    34.4141      25373          6  0.000e+00
    300.405    -0.7992   2.805832    -0.7987   2.805960    6.85947     0.0207    13.8155 8.3770e+01  -61.79117  -53.29017 1154977607 219.796391    34.4145      25374          6  0.000e+00
    300.405    -0.7992   2.805832    -0.7986   2.805960    6.85947    -0.0343    13.8155 8.3770e+01  -61.79117  -53.29017 1154977607 219.796392    34.4145      25375          6  0.000e+00
    300.434    -0.7993   2.805862    -0.7986   2.805960    6.85950    -0.1225    13.8155 8.3770e+01  -61.79117  -53.29017 1154977607 219.796392    34.4151      25376          6  0.000e+00
    300.405    -0.7989   2.805842    -0.7986   2.805971    6.85942    -0.1225    13.8155 8.3770e+01  -61.79117  -53.29017 1154977607 219.796393    34.4143      25377          6  0.000e+00
    300.405    -0.7992   2.805849    -0.7987   2.805960    6.86430    -0.1114    13.8155 8.3770e+01  -61.79117  -53.29017 1154977607 219.796393    34.4147      25378          6  0.000e+00
    300.434    -0.7989   2.805819    -0.7987   2.805942    6.86431    -0.0674    13.8155 8.3770e+01  -61.79117  -53.29017 1154977607 219.796394    34.4139      25379          6  0.000e+00
    300.405    -0.7992   2.805826    -0.7986   2.805965    6.85947    -0.0894    13.8155 8.3770e+01  -61.79117  -53.29017 1154977607 219.796394    34.4144      25380          6  0.000e+00
    300.405    -0.7986   2.805832    -0.7982   2.805959    6.85938    -0.1225    13.8155 8.3770e+01  -61.79117  -53.29017 1154977607 219.796395    34.4138      25381          6  0.000e+00
    300.434    -0.7989   2.805832    -0.7989   2.805942    6.85945    -0.1886    13.8155 8.3770e+01  -61.79117  -53.29017 1154977607 219.796395    34.4141      25382          6  0.000e+00
    300.405    -0.7993   2.805832    -0.7982   2.805989    6.85949    -0.0343    13.8155 8.3770e+01  -61.79117  -53.29017 1154977607 219.796396    34.4147      25383          6  0.000e+00
    300.405    -0.7987   2.805812    -0.7986   2.805954    6.86426     0.0758    13.8155 8.3770e+01  -61.79117  -53.29017 1154977607 219.796396    34.4137      25384          6  0.000e+00
    300.434    -0.7989   2.805842    -0.7986   2.805954    6.86429     0.0207    13.8155 8.3770e+01  -61.79117  -53.29017 1154977607 219.796397    34.4143      25385          6  0.000e+00
    300.405    -0.7992   2.805885    -0.7984   2.805960    6.86428    -0.1004    13.8155 8.3770e+01  -61.79117  -53.29017 1154977607 219.796397    34.4152      25386          6  0.000e+00
    300.472    -0.7992   2.805849    -0.7984   2.805930    6.86437    -0.0674    13.8155 8.1822e+01  -61.79117  -53.29017 1154977607 219.796398    34.4147      25387          6  0.000e+00
    300.434    -0.7989   2.805812    -0.7987   2.805948    6.85946    -0.0343    13.8155 8.1822e+01  -61.79117  -53.29017 1154977608 219.796398    34.4139      25388          6  0.000e+00
    300.405    -0.7987   2.805842    -0.7989   2.805977    6.85940     0.0207    13.8155 8.1822e+01  -61.79117  -53.29017 1154977608 219.796399    34.4141      25389          6  0.000e+00
    300.405    -0.7992   2.805855    -0.7987   2.805977    6.85945    -0.0564    13.8155 8.3770e+01  -61.79117  -53.29017 1154977608 219.796399    34.4148      25390          6  0.000e+00
    300.433    -0.7989   2.805835    -0.7987   2.805960    6.85945    -0.0123    13.8155 8.3770e+01  -61.79117  -53.29017 1154977608 219.796399    34.4142      25391          6  0.000e+00
    300.405    -0.7990   2.805832    -0.7986   2.805960    6.85944     0.0097    13.8155 8.3770e+01  -61.79117  -53.29017 1154977608 219.796400    34.4143      25392          6  0.000e+00
    300.405    -0.7990   2.805845    -0.7986   2.805971    6.85944    -0.0123    13.8155 8.3770e+01  -61.79117  -53.29017 1154977608 219.796400    34.4145      25393          6  0.000e+00
    300.433    -0.7986   2.805835    -0.7986   2.805960    6.85940    -0.0233    13.8155 8.3770e+01  -61.79117  -53.29017 1154977608 219.796401    34.4138      25394          6  0.000e+00
    300.405    -0.7993   2.805832    -0.7984   2.805994    6.85949     0.0207    13.8155 8.3770e+01  -61.79117  -53.29017 1154977608 219.796401    34.4147      25395          6  0.000e+00
    250.254    -0.8355   2.799885    -0.8380   2.799692    6.90731    -0.0564    13.8155 1.9287e+02  -61.79117  -53.29017 1154977687 219.797319    34.4062      27298          7  0.000e+00
    250.331    -0.8343   2.799984    -0.8404   2.799384    6.90715    -0.1335    13.8155 1.9287e+02  -61.79117  -53.29017 1154977687 219.797320    34.4061      27299          7  0.000e+00
    250.321    -0.8326   2.800106    -0.8409   2.799332    6.90682    -0.1004    13.8155 1.9287e+02  -61.79117  -53.29017 1154977687 219.797320    34.4058      27300          7  0.000e+00
    250.264    -0.8324   2.800110    -0.8424   2.799268    6.90192    -0.1114    13.8155 1.9287e+02  -61.79117  -53.29017 1154977687 219.797321    34.4057      27301          7  0.000e+00
    250.254    -0.8323   2.800080    -0.8441   2.799053    6.90673    -0.1225    13.8155 1.9287e+02  -61.79117  -53.29017 1154977687 219.797321    34.4051      27302          7  0.000e+00
    250.331    -0.8323   2.800073    -0.8459   2.798907    6.90681    -0.1004    13.8155 1.9287e+02  -61.79117  -53.29017 1154977687 219.797322    34.4050      27303          7  0.000e+00
    250.321    -0.8322   2.800093    -0.8468   2.798739    6.90676    -0.0674    13.8155 1.9481e+02  -61.79117  -53.29017 1154977687 219.797322    34.4051      27304          7  0.000e+00
    250.264    -0.8320   2.800116    -0.8459   2.798785    6.90667    -0.0784    13.8155 1.9287e+02  -61.79117  -53.29017 1154977687 219.797323    34.4052      27305          7  0.000e+00
    250.254    -0.8318   2.800083    -0.8456   2.798826    6.90666    -0.1225    13.8155 1.9287e+02  -61.79117  -53.29017 1154977687 219.797323    34.4046      27306          7  0.000e+00
    250.331    -0.8315   2.800057    -0.8468   2.798779    6.90671    -0.1004    13.8155 1.9287e+02  -61.79117  -53.29017 1154977687 219.797323    34.4039      27307          7  0.000e+00
    250.321    -0.8324   2.799881    -0.8478   2.798675    6.90694    -0.0674    13.8155 1.9287e+02  -61.79117  -53.29017 1154977687 219.797324    34.4026      27308          7  0.000e+00
    250.264    -0.8352   2.799690    -0.8487   2.798680    6.90740    -0.1225    13.8155 1.9287e+02  -61.79117  -53.29017 1154977688 219.797324    34.4032      27309          7  0.000e+00
    250.321    -0.8365   2.799716    -0.8453   2.798849    6.90761    -0.1225    13.8155 1.9287e+02  -61.79117  -53.29017 1154977688 219.797325    34.4049      27310          7  0.000e+00
    250.264    -0.8365   2.799822    -0.8418   2.799186    6.90749    -0.1004    13.8155 1.9287e+02  -61.79117  -53.29017 1154977688 219.797325    34.4064      27311          7  0.000e+00
    250.321    -0.8351   2.799918    -0.8389   2.799454    6.90729    -0.1004    13.8155 1.9287e+02  -61.79117  -53.29017 1154977688 219.797326    34.4061      27312          7  0.000e+00
    250.330    -0.8342   2.799921    -0.8372   2.799617    6.90717    -0.1225    13.8155 1.9287e+02  -61.79117  -53.29017 1154977688 219.797326    34.4051      27313          7  0.000e+00
    250.321    -0.8332   2.799918    -0.8361   2.799686    6.90703    -0.0564    13.8155 1.9287e+02  -61.79117  -53.29017 1154977688 219.797327    34.4039      27314          7  0.000e+00
    250.330    -0.8343   2.799901    -0.8358   2.799768    6.90720    -0.0784    13.8155 1.9287e+02  -61.79117  -53.29017 1154977688 219.797327    34.4049      27315          7  0.000e+00
    250.321    -0.8340   2.799862    -0.8354   2.799797    6.90717    -0.1225    13.8155 1.9287e+02  -61.79117  -53.29017 1154977688 219.797328    34.4041      27316          7  0.000e+00
    250.330    -0.8343   2.799832    -0.8359   2.799733    6.90724    -0.0454    13.8155 1.9287e+02  -61.79117  -53.29017 1154977688 219.797328    34.4040      27317          7  0.000e+00
    250.263    -0.8348   2.799779    -0.8360   2.799721    6.90728    -0.0564    13.8155 1.9287e+02  -61.79117  -53.29017 1154977688 219.797329    34.4039      27318          7  0.000e+00
    250.254    -0.8355   2.799693    -0.8393   2.799553    6.90743    -0.0123    13.8155 1.9287e+02  -61.79117  -53.29017 1154977688 219.797329    34.4036      27319          7  0.000e+00
    250.474    -0.8362   2.799551    -0.8436   2.799186    6.90782    -0.0564    13.8155 1.9287e+02  -61.79117  -53.29017 1154977688 219.797330    34.4022      27320          7  0.000e+00
    250.321    -0.8369   2.799362    -0.8462   2.798832    6.90790    -0.0784    13.8155 1.9287e+02  -61.79117  -53.29017 1154977688 219.797330    34.4006      27321          7  0.000e+00
    250.330    -0.8391   2.799107    -0.8481   2.798605    6.90838    -0.1225    13.8155 1.9287e+02  -61.79117  -53.29017 1154977688 219.797331    34.3997      27322          7  0.000e+00
    250.321    -0.8413   2.798803    -0.8487   2.798483    6.90887    -0.0784    13.8155 1.9287e+02  -61.79117  -53.29017 1154977688 219.797331    34.3980      27323          7  0.000e+00
    250.330    -0.8451   2.798525    -0.8490   2.798454    6.90960    -0.0674    13.8155 1.9287e+02  -61.79117  -53.29017 1154977688 219.797332    34.3986      27324          7  0.000e+00
    250.321    -0.8464   2.798509    -0.8491   2.798454    6.90978    -0.0894    13.8155 1.9287e+02  -61.79117  -53.29017 1154977688 219.797332    34.3998      27325          7  0.000e+00
    250.330    -0.8464   2.798558    -0.8485   2.798495    6.91458    -0.0013    13.8155 1.9287e+02  -61.79117  -53.29017 1154977688 219.797333    34.4005      27326          7  0.000e+00
    250.321    -0.8445   2.798790    -0.8487   2.798506    6.91416    -0.0343    13.8155 1.9287e+02  -61.79117  -53.29017 1154977688 219.797333    34.4015      27327          7  0.000e+00
    250.330    -0.8416   2.799031    -0.8484   2.798524    6.90878    -0.0454    13.8155 1.9287e+02  -61.79117  -53.29017 1154977688 219.797334    34.4014      27328          7  0.000e+00
    250.321    -0.8402   2.799236    -0.8482   2.798535    6.90844    -0.0674    13.8155 1.9287e+02  -61.79117  -53.29017 1154977688 219.797334    34.4026      27329          7  0.000e+00
    250.330    -0.8396   2.799220    -0.8485   2.798512    6.90838     0.0097    13.8155 1.9287e+02  -61.79117  -53.29017 1154977688 219.797335    34.4017      27330          7  0.000e+00
    250.321    -0.8410   2.798896    -0.8487   2.798506    6.90877    -0.0013    13.8155 1.9092e+02  -61.79117  -53.29017 1154977688 219.797335    34.3989      27331          7  0.000e+00
    250.330    -0.8442   2.798558    -0.8485   2.798524    6.90945    -0.0343    13.8155 1.9287e+02  -61.79117  -53.29017 1154977689 219.797336    34.3980      27332          7  0.000e+00
    250.321    -0.8464   2.798396    -0.8488   2.798535    6.90985    -0.0454    13.8155 1.9287e+02  -61.79117  -53.29017 1154977689 219.797336    34.3983      27333          7  0.000e+00
    250.263    -0.8471   2.798420    -0.8482   2.798489    6.90989    -0.0343    13.8155 1.9287e+02  -61.79117  -53.29017 1154977689 219.797337    34.3995      27334          7  0.000e+00
    250.321    -0.8471   2.798420    -0.8482   2.798541    6.90995    -0.0674    13.8155 1.9287e+02  -61.79117  -53.29017 1154977689 219.797337    34.3995      27335          7  0.000e+00
    250.330    -0.8479   2.798430    -0.8479   2.798535    6.91006    -0.0454    13.8155 1.9287e+02  -61.79117  -53.29017 1154977689 219.797337    34.4005      27336          7  0.000e+00
    250.321    -0.8492   2.798453    -0.8473   2.798576    6.91021    -0.0343    13.8155 1.9287e+02  -61.79117  -53.29017 1154977689 219.797338    34.4022      27337          7  0.000e+00
    250.330    -0.8490   2.798542    -0.8473   2.798646    6.91496    -0.0343    13.8155 1.9287e+02  -61.79117  -53.29017 1154977689 219.797338    34.4032      27338          7  0.000e+00
    250.320    -0.8485   2.798691    -0.8444   2.798785    6.91479    -0.0454    13.8155 1.9287e+02  -61.79117  -53.29017 1154977689 219.797339    34.4047      27339          7  0.000e+00
    250.330    -0.8471   2.798760    -0.8431   2.798942    6.90974    -0.0564    13.8155 1.9287e+02  -61.79117  -53.29017 1154977689 219.797339    34.4041      27340          7  0.000e+00
    250.320    -0.8458   2.798959    -0.8432   2.798966    6.90941    -0.0123    13.8155 1.9287e+02  -61.79117  -53.29017 1154977689 219.797340    34.4053      27341          7  0.000e+00
    250.330    -0.8423   2.799071    -0.8433   2.798954    6.90886    -0.0674    13.8155 1.9287e+02  -61.79117  -53.29017 1154977689 219.797340    34.4028      27342          7  0.000e+00
    250.320    -0.8408   2.799088    -0.8436   2.798942    6.91345    -0.0784    13.8155 1.9287e+02  -61.79117  -53.29017 1154977689 219.797341    34.4013      27343          7  0.000e+00
