product_data/regression_test/downloaded_data/MGDS/320620060703/ctd/p6620101.ros
* Sea-Bird SBE 9 Data File:
* FileName = D:\Data\Raw\p6620101.dat
* Software Version Seasave Win32 V 5.32
* Temperature SN = 1649
* Conductivity SN = 1431
* Number of Bytes Per Scan = 37
* Number of Voltage Words = 5
* Number of Scans Averaged by the Deck Unit = 1
* NMEA Latitude = 64 25.00 S
* NMEA Longitude = 062 03.85 W
* NMEA UTC (Time) = 01:19:49
** Ship:   Nathaniel B. Palmer 
** Cruise:    NBP0606 
# nquan = 17
# nvalues = 1176                    
# units = specified
# name 0 = prDM: Pressure, Digiquartz [db]
# name 1 = t090C: Temperature [ITS-90, deg C]
# name 2 = c0S/m: Conductivity [S/m]
# name 3 = t190C: Temperature, 2 [ITS-90, deg C]
# name 4 = c1S/m: Conductivity, 2 [S/m]
# name 5 = sbeox0ML/L: Oxygen, SBE 43 [ml/l]
# name 6 = flECO-AFL: Fluorescence, Wetlab ECO-AFL/FL [mg/m^3]
# name 7 = bat: Beam Attenuation, Chelsea/Seatech/Wetlab CStar [1/m]
# name 8 = spar: SPAR/Surface Irradiance
# name 9 = latitude: Latitude [deg]
# name 10 = longitude: Longitude [deg]
# name 11 = timeY: Time, System [seconds]
# name 12 = timeJ: Julian Days
# name 13 = sal00: Salinity [PSU]
# name 14 = scan: scan number
# name 15 = nbf: number of bottles fired
# name 16 = flag:  0.000e+00
# interval = seconds: 0.0416667                   
# start_time = Jul 28 2006 01:19:57
*END*
    900.617     0.1469   2.922431     0.1470   2.922747    5.90448    -0.1225    13.8155 0.0000e+00  -64.41667  -62.06417 1154051120 209.073169    34.5460      36597          1  0.000e+00
    900.569     0.1469   2.922428     0.1467   2.922747    5.90445    -0.1335    13.8155 0.0000e+00  -64.41667  -62.06417 1154051120 209.073170    34.5460      36598          1  0.000e+00
    900.694     0.1471   2.922448     0.1465   2.922747    5.90452    -0.1114    13.8155 0.0000e+00  -64.41667  -62.06417 1154051120 209.073170    34.5460      36599          1  0.000e+00
    900.617     0.1468   2.922418     0.1464   2.922706    5.90451    -0.0784    13.8155 0.0000e+00  -64.41667  -62.06417 1154051120 209.073171    34.5460      36600          1  0.000e+00
    900.569     0.1464   2.922404     0.1470   2.922730    5.90452    -0.0013    13.8155 0.0000e+00  -64.41667  -62.06417 1154051121 209.073171    34.5462      36601          1  0.000e+00
    900.695     0.1471   2.922421     0.1466   2.922682    5.90453    -0.0454    13.8155 0.0000e+00  -64.41667  -62.06417 1154051121 209.073172    34.5457      36602          1  0.000e+00
    900.569     0.1466   2.922448     0.1470   2.922724    5.89934    -0.1225    13.8155 0.0000e+00  -64.41667  -62.06417 1154051121 209.073172    34.5466      36603          1  0.000e+00
    900.617     0.1469   2.922418     0.1470   2.922724    5.89936    -0.0564    13.8155 0.0000e+00  -64.41667  -62.06417 1154051121 209.073173    34.5459      36604          1  0.000e+00
    900.646     0.1469   2.922421     0.1473   2.922735    5.90451    -0.0233    13.8155 0.0000e+00  -64.41667  -62.06417 1154051121 209.073173    34.5459      36605          1  0.000e+00
    900.550     0.1466   2.922445     0.1468   2.922724    5.90446     0.0097    13.8155 0.0000e+00  -64.41667  -62.06417 1154051121 209.073174    34.5466      36606          1  0.000e+00
    900.617     0.1468   2.922431     0.1464   2.922735    5.90450    -0.0343    13.8155 0.0000e+00  -64.41667  -62.06417 1154051121 209.073174    34.5462      36607          1  0.000e+00
    900.646     0.1463   2.922448     0.1471   2.922735    5.90457    -0.0343    13.8155 0.0000e+00  -64.41667  -62.06417 1154051121 209.073175    34.5469      36608          1  0.000e+00
    900.617     0.1471   2.922435     0.1470   2.922741    5.89933    -0.0343    13.8155 0.0000e+00  -64.41667  -62.06417 1154051121 209.073175    34.5459      36609          1  0.000e+00
    900.569     0.1469   2.922408     0.1471   2.922765    5.89933    -0.0123    13.8155 0.0000e+00  -64.41667  -62.06417 1154051121 209.073176    34.5457      36610          1  0.000e+00
    900.617     0.1469   2.922404     0.1467   2.922730    5.90450    -0.0123    13.8155 0.0000e+00  -64.41667  -62.06417 1154051121 209.073176    34.5457      36611          1  0.000e+00
    900.569     0.1466   2.922425     0.1467   2.922718    5.89936    -0.1335    13.8155 0.0000e+00  -64.41667  -62.06417 1154051121 209.073177    34.5463      36612          1  0.000e+00
    900.617     0.1469   2.922411     0.1473   2.922718    5.90449    -0.0894    13.8155 0.0000e+00  -64.41667  -62.06417 1154051121 209.073177    34.5457      36613          1  0.000e+00
    900.646     0.1466   2.922438     0.1473   2.922718    5.90455    -0.0343    13.8155 0.0000e+00  -64.41667  -62.06417 1154051121 209.073178    34.5465      36614          1  0.000e+00
    900.550     0.1469   2.922414     0.1469   2.922735    5.90444    -0.0123    13.8155 0.0000e+00  -64.41667  -62.06417 1154051121 209.073178    34.5458      36615          1  0.000e+00
    900.617     0.1464   2.922425     0.1470   2.922747    5.90455    -0.0123    13.8155 0.0000e+00  -64.41667  -62.06417 1154051121 209.073179    34.5464      36616          1  0.000e+00
    900.646     0.1469   2.922428     0.1466   2.922747    5.90451    -0.0674    13.8155 0.0000e+00  -64.41667  -62.06417 1154051121 209.073179    34.5459      36617          1  0.000e+00
    900.617     0.1466   2.922428     0.1467   2.922765    5.90453    -0.1335    13.8155 0.0000e+00  -64.41667  -62.06417 1154051121 209.073179    34.5463      36618          1  0.000e+00
    900.569     0.1466   2.922408     0.1465   2.922730    5.89936    -0.0894    13.8155 0.0000e+00  -64.41667  -62.06417 1154051121 209.073180    34.5461      36619          1  0.000e+00
    900.617     0.1469   2.922425     0.1472   2.922718    5.90449    -0.0674    13.8155 0.0000e+00  -64.41667  -62.06417 1154051121 209.073180    34.5459      36620          1  0.000e+00
    900.569     0.1471   2.922394     0.1467   2.922718    5.89932    -0.0564    13.8155 0.0000e+00  -64.41667  -62.06417 1154051121 209.073181    34.5454      36621          1  0.000e+00
    900.617     0.1468   2.922415     0.1464   2.922718    5.89938    -0.1335    13.8155 0.0000e+00  -64.41667  -62.06417 1154051121 209.073181    34.5460      36622          1  0.000e+00
    900.617     0.1468   2.922428     0.1467   2.922735    5.90451    -0.1114    13.8155 0.0000e+00  -64.41667  -62.06417 1154051121 209.073182    34.5461      36623          1  0.000e+00
    900.646     0.1468   2.922448     0.1469   2.922747    5.90452    -0.1004    13.8155 0.0000e+00  -64.41667  -62.06417 1154051122 209.073182    34.5464      36624          1  0.000e+00
    900.550     0.1466   2.922418     0.1470   2.922735    5.90447    -0.1555    13.8155 0.0000e+00  -64.41667  -62.06417 1154051122 209.073183    34.5462      36625          1  0.000e+00
    900.646     0.1471   2.922455     0.1469   2.922741    5.90448    -0.0454    13.8155 0.0000e+00  -64.41667  -62.06417 1154051122 209.073183    34.5461      36626          1  0.000e+00
    900.617     0.1469   2.922421     0.1470   2.922747    5.90449    -0.0013    13.8155 0.0000e+00  -64.41667  -62.06417 1154051122 209.073184    34.5459      36627          1  0.000e+00
    900.646     0.1471   2.922404     0.1464   2.922747    5.90450    -0.0123    13.8155 0.0000e+00  -64.41667  -62.06417 1154051122 209.073184    34.5455      36628          1  0.000e+00
    900.617     0.1469   2.922408     0.1468   2.922747    5.90450     0.0097    13.8155 0.0000e+00  -64.41667  -62.06417 1154051122 209.073185    34.5457      36629          1  0.000e+00
    900.569     0.1464   2.922388     0.1466   2.922747    5.90453    -0.0564    13.8155 0.0000e+00  -64.41667  -62.06417 1154051122 209.073185    34.5460      36630          1  0.000e+00
    900.695     0.1468   2.922431     0.1470   2.922747    5.90457    -0.0674    13.8155 0.0000e+00  -64.41667  -62.06417 1154051122 209.073186    34.5461      36631          1  0.000e+00
    900.617     0.1468   2.922431     0.1467   2.922724    5.90450    -0.0784    13.8155 0.0000e+00  -64.41667  -62.06417 1154051122 209.073186    34.5462      36632          1  0.000e+00
    900.646     0.1468   2.922448     0.1467   2.922759    5.90452    -0.0564    13.8155 0.0000e+00  -64.41667  -62.06417 1154051122 209.073187    34.5464      36633          1  0.000e+00
    900.617     0.1464   2.922452     0.1470   2.922753    5.90453    -0.1004    13.8155 0.0000e+00  -64.41667  -62.06417 1154051122 209.073187    34.5468      36634          1  0.000e+00
    900.646     0.1468   2.922468     0.1467   2.922747    5.90451    -0.0013    13.8155 0.0000e+00  -64.41667  -62.06417 1154051122 209.073188    34.5467      36635          1  0.000e+00
    900.618     0.1468   2.922438     0.1470   2.922747    5.90450    -0.0233    13.8155 0.0000e+00  -64.41667  -62.06417 1154051122 209.073188    34.5463      36636          1  0.000e+00
    900.646     0.1468   2.922431     0.1466   2.922747    5.89940    -0.1004    13.8155 0.0000e+00  -64.41667  -62.06417 1154051122 209.073189    34.5462      36637          1  0.000e+00
    900.695     0.1471   2.922411     0.1470   2.922747    5.90454    -0.0784    13.8155 0.0000e+00  -64.41667  -62.06417 1154051122 209.073189    34.5455      36638          1  0.000e+00
    900.618     0.1464   2.922421     0.1469   2.922747    5.90455    -0.0674    13.8155 0.0000e+00  -64.41667  -62.06417 1154051122 209.073190    34.5464      36639          1  0.000e+00
    900.714     0.1469   2.922445     0.1468   2.922747    5.90456    -0.1114    13.8155 0.0000e+00  -64.41667  -62.06417 1154051122 209.073190    34.5462      36640          1  0.000e+00
    900.618     0.1471   2.922472     0.1475   2.922747    5.90444    -0.0784    13.8155 0.0000e+00  -64.41667  -62.06417 1154051122 209.073191    34.5464      36641          1  0.000e+00
    900.714     0.1468   2.922458     0.1467   2.922735    5.90457    -0.0013    13.8155 0.0000e+00  -64.41667  -62.06417 1154051122 209.073191    34.5465      36642          1  0.000e+00
    900.695     0.1471   2.922431     0.1467   2.922741    5.90453    -0.0674    13.8155 0.0000e+00  -64.41667  -62.06417 1154051122 209.073192    34.5458      36643          1  0.000e+00
    900.647     0.1468   2.922428     0.1465   2.922747    5.90453    -0.0674    13.8155 0.0000e+00  -64.41667  -62.06417 1154051122 209.073192    34.5461      36644          1  0.000e+00
    900.695     0.1466   2.922428     0.1469   2.922724    5.90459    -0.0894    13.8155 0.0000e+00  -64.41667  -62.06417 1154051122 209.073193    34.5463      36645          1  0.000e+00
    800.818     0.1416   2.917463     0.1413   2.917805    5.89223    -0.1004    13.8155 0.0000e+00  -64.41667  -62.06417 1154051254 209.074719    34.5439      39811          2  0.000e+00
    800.741     0.1408   2.917477     0.1410   2.917799    5.89226    -0.0454    13.8155 0.0000e+00  -64.41667  -62.06417 1154051254 209.074720    34.5450      39812          2  0.000e+00
    800.818     0.1413   2.917500     0.1413   2.917805    5.89225    -0.0454    13.8155 0.0000e+00  -64.41667  -62.06417 1154051254 209.074720    34.5447      39813          2  0.000e+00
    800.789     0.1408   2.917507     0.1417   2.917823    5.89228    -0.0784    13.8155 0.0000e+00  -64.41667  -62.06417 1154051254 209.074721    34.5454      39814          2  0.000e+00
    800.673     0.1413   2.917507     0.1410   2.917834    5.89213    -0.0564    13.8155 0.0000e+00  -64.41667  -62.06417 1154051254 209.074721    34.5449      39815          2  0.000e+00
    800.886     0.1413   2.917507     0.1414   2.917829    5.89230    -0.0454    13.8155 0.0000e+00  -64.41667  -62.06417 1154051254 209.074722    34.5448      39816          2  0.000e+00
    800.741     0.1415   2.917521     0.1416   2.917828    5.89215    -0.0674    13.8155 0.0000e+00  -64.41667  -62.06417 1154051254 209.074722    34.5449      39817          2  0.000e+00
    800.934     0.1415   2.917510     0.1420   2.917834    5.89232     0.0097    13.8155 0.0000e+00  -64.41667  -62.06417 1154051255 209.074723    34.5447      39818          2  0.000e+00
    800.886     0.1415   2.917507     0.1416   2.917811    5.89228    -0.0454    13.8155 0.0000e+00  -64.41667  -62.06417 1154051255 209.074723    34.5446      39819          2  0.000e+00
    800.886     0.1415   2.917521     0.1413   2.917823    5.89227    -0.1114    13.8155 0.0000e+00  -64.41667  -62.06417 1154051255 209.074724    34.5448      39820          2  0.000e+00
    800.886     0.1413   2.917510     0.1416   2.917829    5.89230    -0.1225    13.8155 0.0000e+00  -64.41667  -62.06417 1154051255 209.074724    34.5449      39821          2  0.000e+00
    800.934     0.1413   2.917507     0.1411   2.917811    5.89234    -0.0564    13.8155 0.0000e+00  -64.41667  -62.06417 1154051255 209.074725    34.5448      39822          2  0.000e+00
    800.886     0.1415   2.917507     0.1413   2.917846    5.89228    -0.0123    13.8155 0.0000e+00  -64.41667  -62.06417 1154051255 209.074725    34.5446      39823          2  0.000e+00
    800.963     0.1413   2.917537     0.1413   2.917840    5.89235    -0.0564    13.8155 0.0000e+00  -64.41667  -62.06417 1154051255 209.074726    34.5452      39824          2  0.000e+00
    801.030     0.1418   2.917517     0.1415   2.917811    5.89236    -0.0894    13.8155 0.0000e+00  -64.41667  -62.06417 1154051255 209.074726    34.5443      39825          2  0.000e+00
    800.934     0.1416   2.917507     0.1414   2.917823    5.89230    -0.0894    13.8155 0.0000e+00  -64.41667  -62.06417 1154051255 209.074727    34.5444      39826          2  0.000e+00
    801.030     0.1416   2.917521     0.1413   2.917829    5.89238    -0.0784    13.8155 0.0000e+00  -64.41667  -62.06417 1154051255 209.074727    34.5446      39827          2  0.000e+00
    801.030     0.1413   2.917511     0.1414   2.917834    5.89242    -0.0894    13.8155 0.0000e+00  -64.41667  -62.06417 1154051255 209.074728    34.5448      39828          2  0.000e+00
    801.030     0.1410   2.917521     0.1413   2.917834    5.89245    -0.1335    13.8155 0.0000e+00  -64.41667  -62.06417 1154051255 209.074728    34.5452      39829          2  0.000e+00
    801.078     0.1410   2.917511     0.1413   2.917870    5.89250    -0.0784    13.8155 0.0000e+00  -64.41667  -62.06417 1154051255 209.074728    34.5451      39830          2  0.000e+00
    801.107     0.1413   2.917487     0.1416   2.917817    5.89249    -0.0784    13.8155 0.0000e+00  -64.41667  -62.06417 1154051255 209.074729    34.5444      39831          2  0.000e+00
    801.107     0.1416   2.917484     0.1414   2.917846    5.89246    -0.1004    13.8155 0.0000e+00  -64.41667  -62.06417 1154051255 209.074729    34.5440      39832          2  0.000e+00
    801.107     0.1409   2.917514     0.1416   2.917840    5.89253    -0.0454    13.8155 0.0000e+00  -64.41667  -62.06417 1154051255 209.074730    34.5453      39833          2  0.000e+00
    801.156     0.1413   2.917561     0.1414   2.917835    5.89250    -0.0013    13.8155 0.0000e+00  -64.41667  -62.06417 1154051255 209.074730    34.5454      39834          2  0.000e+00
    801.107     0.1412   2.917524     0.1415   2.917835    5.89249    -0.0233    13.8155 0.0000e+00  -64.41667  -62.06417 1154051255 209.074731    34.5451      39835          2  0.000e+00
    801.175     0.1413   2.917521     0.1411   2.917829    5.89253    -0.0894    13.8155 0.0000e+00  -64.41667  -62.06417 1154051255 209.074731    34.5448      39836          2  0.000e+00
    801.242     0.1423   2.917544     0.1413   2.917811    5.89246    -0.1004    13.8155 0.0000e+00  -64.41667  -62.06417 1154051255 209.074732    34.5440      39837          2  0.000e+00
    801.223     0.1415   2.917517     0.1411   2.917823    5.89255    -0.0343    13.8155 0.0000e+00  -64.41667  -62.06417 1154051255 209.074732    34.5445      39838          2  0.000e+00
    801.242     0.1416   2.917521     0.1419   2.917835    5.89255    -0.0343    13.8155 0.0000e+00  -64.41667  -62.06417 1154051255 209.074733    34.5445      39839          2  0.000e+00
    801.242     0.1415   2.917511     0.1416   2.917835    5.89763    -0.0784    13.8155 0.0000e+00  -64.41667  -62.06417 1154051255 209.074733    34.5444      39840          2  0.000e+00
    801.242     0.1418   2.917538     0.1412   2.917829    5.89252    -0.0894    13.8155 0.0000e+00  -64.41667  -62.06417 1154051255 209.074734    34.5445      39841          2  0.000e+00
    801.291     0.1416   2.917531     0.1414   2.917811    5.89258    -0.0233    13.8155 0.0000e+00  -64.41667  -62.06417 1154051255 209.074734    34.5445      39842          2  0.000e+00
    801.320     0.1421   2.917527     0.1415   2.917846    5.89255    -0.0233    13.8155 0.0000e+00  -64.41667  -62.06417 1154051256 209.074735    34.5440      39843          2  0.000e+00
    801.320     0.1415   2.917511     0.1413   2.917817    5.89263    -0.0454    13.8155 0.0000e+00  -64.41667  -62.06417 1154051256 209.074735    34.5444      39844          2  0.000e+00
    801.387     0.1416   2.917521     0.1413   2.917823    5.89266    -0.1114    13.8155 0.0000e+00  -64.41667  -62.06417 1154051256 209.074736    34.5443      39845          2  0.000e+00
    801.320     0.1416   2.917511     0.1411   2.917811    5.89262    -0.1114    13.8155 0.0000e+00  -64.41667  -62.06417 1154051256 209.074736    34.5443      39846          2  0.000e+00
