product_data/regression_test/downloaded_data/MGDS/320620060703/ctd/p6622003.ros
* Sea-Bird SBE 9 Data File:
* FileName = D:\Data\Raw\p6622003.dat
* Software Version Seasave Win32 V 5.32
* Temperature SN = 1649
* Conductivity SN = 1431
* Number of Bytes Per Scan = 37
* Number of Voltage Words = 5
* Number of Scans Averaged by the Deck Unit = 1
* NMEA Latitude = 62 29.14 S
* NMEA Longitude = 057 57.73 W
* NMEA UTC (Time) = 05:33:42
** Ship:   Nathaniel B. Palmer 
** Cruise:    NBP0606 
# nquan = 17
# nvalues = 1176                    
# units = specified
# name 0 = prDM: Pressure, Digiquartz [db]
# name 1 = t090C: Temperature [ITS-90, deg C]
# name 2 = c0S/m: Conductivity [S/m]
# name 3 = t190C: Temperature, 2 [ITS-90, deg C]
# name 4 = c1S/m: Conductivity, 2 [S/m]
# name 5 = sbeox0ML/L: Oxygen, SBE 43 [ml/l]
# name 6 = flECO-AFL: Fluorescence, Wetlab ECO-AFL/FL [mg/m^3]
# name 7 = bat: Beam Attenuation, Chelsea/Seatech/Wetlab CStar [1/m]
# name 8 = spar: SPAR/Surface Irradiance
# name 9 = latitude: Latitude [deg]
# name 10 = longitude: Longitude [deg]
# name 11 = timeY: Time, System [seconds]
# name 12 = timeJ: Julian Days
# name 13 = sal00: Salinity [PSU]
# name 14 = scan: scan number
# name 15 = nbf: number of bottles fired
# name 16 = flag:  0.000e+00
# interval = seconds: 0.0416667                   
# start_time = Aug 03 2006 05:34:21
*END*
[from data line 937]
     15.193    -1.8411   2.700060    -1.8414   2.700313    7.66548    -0.1114    13.8155 0.0000e+00  -62.48567  -57.96217 1154587909 215.285986    34.3357     111558         20  0.000e+00
     15.289    -1.8410   2.700087    -1.8415   2.700295    7.66075    -0.0784    13.8155 0.0000e+00  -62.48567  -57.96217 1154587909 215.285987    34.3358     111559         20  0.000e+00
     15.193    -1.8413   2.700096    -1.8414   2.700313    7.66069    -0.0454    13.8155 0.0000e+00  -62.48567  -57.96217 1154587909 215.285987    34.3364     111560         20  0.000e+00
     15.289    -1.8412   2.700096    -1.8420   2.700313    7.66558     0.0097    13.8155 0.0000e+00  -62.48567  -57.96217 1154587909 215.285988    34.3363     111561         20  0.000e+00
     15.260    -1.8410   2.700080    -1.8421   2.700295    7.66551     0.0648    13.8155 0.0000e+00  -62.48567  -57.96217 1154587909 215.285988    34.3358     111562         20  0.000e+00
     15.212    -1.8407   2.700106    -1.8415   2.700313    7.66540     0.1309    13.8155 0.0000e+00  -62.48567  -57.96217 1154587909 215.285989    34.3358     111563         20  0.000e+00
     15.260    -1.8410   2.700100    -1.8418   2.700318    7.66550     0.0428    13.8155 0.0000e+00  -62.48567  -57.96217 1154587909 215.285989    34.3360     111564         20  0.000e+00
     15.213    -1.8408   2.700096    -1.8415   2.700313    7.66543    -0.0343    13.8155 0.0000e+00  -62.48567  -57.96217 1154587909 215.285990    34.3359     111565         20  0.000e+00
     15.260    -1.8410   2.700113    -1.8414   2.700295    7.66549    -0.0894    13.8155 0.0000e+00  -62.48567  -57.96217 1154587909 215.285990    34.3362     111566         20  0.000e+00
     15.213    -1.8411   2.700100    -1.8415   2.700330    7.66547    -0.0894    13.8155 0.0000e+00  -62.48567  -57.96217 1154587909 215.285991    34.3362     111567         20  0.000e+00
     15.260    -1.8411   2.700080    -1.8415   2.700307    7.66553    -0.0233    13.8155 0.0000e+00  -62.48567  -57.96217 1154587909 215.285991    34.3359     111568         20  0.000e+00
     15.213    -1.8405   2.700090    -1.8414   2.700330    7.66538    -0.0013    13.8155 0.0000e+00  -62.48567  -57.96217 1154587909 215.285992    34.3354     111569         20  0.000e+00
     15.260    -1.8411   2.700077    -1.8417   2.700324    7.66554    -0.0233    13.8155 0.0000e+00  -62.48567  -57.96217 1154587909 215.285992    34.3359     111570         20  0.000e+00
     15.194    -1.8410   2.700109    -1.8414   2.700318    7.66542     0.0318    13.8155 0.0000e+00  -62.48567  -57.96217 1154587909 215.285992    34.3362     111571         20  0.000e+00
     15.289    -1.8408   2.700083    -1.8415   2.700336    7.66552    -0.0123    13.8155 0.0000e+00  -62.48567  -57.96217 1154587909 215.285993    34.3356     111572         20  0.000e+00
     15.194    -1.8412   2.700106    -1.8418   2.700324    7.66547    -0.0564    13.8155 0.0000e+00  -62.48567  -57.96217 1154587909 215.285993    34.3365     111573         20  0.000e+00
     15.289    -1.8414   2.700087    -1.8412   2.700336    7.66561    -0.0233    13.8155 0.0000e+00  -62.48567  -57.96217 1154587909 215.285994    34.3364     111574         20  0.000e+00
     15.194    -1.8411   2.700074    -1.8415   2.700347    7.66547     0.0428    13.8155 0.0000e+00  -62.48567  -57.96217 1154587909 215.285994    34.3359     111575         20  0.000e+00
     15.289    -1.8411   2.700090    -1.8414   2.700341    7.66556     0.0207    13.8155 0.0000e+00  -62.48567  -57.96217 1154587909 215.285995    34.3361     111576         20  0.000e+00
     15.194    -1.8410   2.700080    -1.8412   2.700307    7.66544     0.0207    13.8155 0.0000e+00  -62.48567  -57.96217 1154587909 215.285995    34.3358     111577         20  0.000e+00
     15.213    -1.8410   2.700090    -1.8412   2.700330    7.66545    -0.0013    13.8155 0.0000e+00  -62.48567  -57.96217 1154587909 215.285996    34.3359     111578         20  0.000e+00
     15.261    -1.8411   2.700096    -1.8412   2.700364    7.66552    -0.0343    13.8155 0.0000e+00  -62.48567  -57.96217 1154587909 215.285996    34.3362     111579         20  0.000e+00
     15.213    -1.8411   2.700116    -1.8412   2.700347    7.66546    -0.0123    13.8155 0.0000e+00  -62.48567  -57.96217 1154587909 215.285997    34.3365     111580         20  0.000e+00
     15.261    -1.8410   2.700067    -1.8411   2.700358    7.66552    -0.0013    13.8155 0.0000e+00  -62.48567  -57.96217 1154587909 215.285997    34.3356     111581         20  0.000e+00
     15.261    -1.8405   2.700083    -1.8415   2.700370    7.66544    -0.0123    13.8155 0.0000e+00  -62.48567  -57.96217 1154587910 215.285998    34.3353     111582         20  0.000e+00
     15.213    -1.8413   2.700080    -1.8414   2.700387    7.66551    -0.0674    13.8155 0.0000e+00  -62.48567  -57.96217 1154587910 215.285998    34.3362     111583         20  0.000e+00
     15.261    -1.8410   2.700106    -1.8412   2.700393    7.66549    -0.0894    13.8155 0.0000e+00  -62.48567  -57.96217 1154587910 215.285999    34.3361     111584         20  0.000e+00
     15.213    -1.8413   2.700100    -1.8409   2.700358    7.66550    -0.0454    13.8155 0.0000e+00  -62.48567  -57.96217 1154587910 215.285999    34.3364     111585         20  0.000e+00
     15.194    -1.8414   2.700080    -1.8409   2.700364    7.66551    -0.0564    13.8155 0.0000e+00  -62.48567  -57.96217 1154587910 215.286000    34.3363     111586         20  0.000e+00
     15.289    -1.8410   2.700106    -1.8415   2.700364    7.66552    -0.0564    13.8155 0.0000e+00  -62.48567  -57.96217 1154587910 215.286000    34.3361     111587         20  0.000e+00
     15.194    -1.8413   2.700100    -1.8412   2.700347    7.66548    -0.0343    13.8155 0.0000e+00  -62.48567  -57.96217 1154587910 215.286001    34.3365     111588         20  0.000e+00
     15.289    -1.8411   2.700080    -1.8407   2.700364    7.66557    -0.0013    13.8155 0.0000e+00  -62.48567  -57.96217 1154587910 215.286001    34.3359     111589         20  0.000e+00
     15.194    -1.8412   2.700090    -1.8407   2.700353    7.66548    -0.0343    13.8155 0.0000e+00  -62.48567  -57.96217 1154587910 215.286002    34.3363     111590         20  0.000e+00
     15.289    -1.8411   2.700061    -1.8406   2.700341    7.66558     0.0097    13.8155 0.0000e+00  -62.48567  -57.96217 1154587910 215.286002    34.3356     111591         20  0.000e+00
     15.194    -1.8413   2.700116    -1.8409   2.700381    7.66067     0.0207    13.8155 0.0000e+00  -62.48567  -57.96217 1154587910 215.286003    34.3367     111592         20  0.000e+00
     15.261    -1.8412   2.700139    -1.8409   2.700416    7.66072    -0.0233    13.8155 0.0000e+00  -62.48567  -57.96217 1154587910 215.286003    34.3369     111593         20  0.000e+00
     15.213    -1.8410   2.700139    -1.8415   2.700404    7.66542    -0.0454    13.8155 0.0000e+00  -62.48567  -57.96217 1154587910 215.286004    34.3366     111594         20  0.000e+00
     15.261    -1.8407   2.700155    -1.8411   2.700393    7.66541    -0.0564    13.8155 0.0000e+00  -62.48567  -57.96217 1154587910 215.286004    34.3365     111595         20  0.000e+00
     15.213    -1.8410   2.700181    -1.8409   2.700393    7.66539    -0.0343    13.8155 0.0000e+00  -62.48567  -57.96217 1154587910 215.286005    34.3372     111596         20  0.000e+00
     15.261    -1.8403   2.700184    -1.8417   2.700416    7.66534     0.0318    13.8155 0.0000e+00  -62.48567  -57.96217 1154587910 215.286005    34.3365     111597         20  0.000e+00
     15.213    -1.8410   2.700148    -1.8411   2.700404    7.66541     0.0207    13.8155 0.0000e+00  -62.48567  -57.96217 1154587910 215.286005    34.3368     111598         20  0.000e+00
     15.261    -1.8403   2.700126    -1.8411   2.700370    7.66538     0.0207    13.8155 0.0000e+00  -62.48567  -57.96217 1154587910 215.286006    34.3357     111599         20  0.000e+00
     15.213    -1.8408   2.700103    -1.8411   2.700387    7.66542    -0.0784    13.8155 0.0000e+00  -62.48567  -57.96217 1154587910 215.286006    34.3359     111600         20  0.000e+00
     10.233    -1.8447   2.699538    -1.8444   2.699732    7.68028    -0.0564    13.8155 0.0000e+00  -62.48567  -57.96217 1154587937 215.286318    34.3357     112245         21  0.000e+00
     10.233    -1.8445   2.699502    -1.8447   2.699766    7.68027     0.0428    13.8155 0.0000e+00  -62.48567  -57.96217 1154587937 215.286318    34.3350     112246         21  0.000e+00
     10.262    -1.8445   2.699506    -1.8452   2.699778    7.68031     0.0318    13.8155 0.0000e+00  -62.48567  -57.96217 1154587937 215.286318    34.3351     112247         21  0.000e+00
     10.376    -1.8445   2.699493    -1.8444   2.699749    7.68044     0.0097    13.8155 0.0000e+00  -62.48567  -57.96217 1154587937 215.286319    34.3348     112248         21  0.000e+00
     10.100    -1.8446   2.699486    -1.8453   2.699766    7.68017    -0.0013    13.8155 0.0000e+00  -62.48567  -57.96217 1154587937 215.286319    34.3351     112249         21  0.000e+00
     10.328    -1.8448   2.699506    -1.8446   2.699778    7.68043    -0.0343    13.8155 0.0000e+00  -62.48567  -57.96217 1154587937 215.286320    34.3354     112250         21  0.000e+00
     10.309    -1.8445   2.699506    -1.8450   2.699755    7.68036    -0.0564    13.8155 0.0000e+00  -62.48567  -57.96217 1154587937 215.286320    34.3350     112251         21  0.000e+00
     10.195    -1.8445   2.699506    -1.8449   2.699760    7.68023    -0.0233    13.8155 0.0000e+00  -62.48567  -57.96217 1154587937 215.286321    34.3351     112252         21  0.000e+00
     10.309    -1.8445   2.699522    -1.8449   2.699772    7.68035    -0.0233    13.8155 0.0000e+00  -62.48567  -57.96217 1154587938 215.286321    34.3353     112253         21  0.000e+00
     10.233    -1.8445   2.699516    -1.8446   2.699755    7.68027     0.0207    13.8155 0.0000e+00  -62.48567  -57.96217 1154587938 215.286322    34.3352     112254         21  0.000e+00
     10.262    -1.8445   2.699493    -1.8446   2.699783    7.68031     0.0538    13.8155 0.0000e+00  -62.48567  -57.96217 1154587938 215.286322    34.3349     112255         21  0.000e+00
     10.233    -1.8447   2.699499    -1.8450   2.699760    7.68031     0.0428    13.8155 0.0000e+00  -62.48567  -57.96217 1154587938 215.286323    34.3352     112256         21  0.000e+00
     10.310    -1.8443   2.699509    -1.8453   2.699732    7.68033    -0.0233    13.8155 0.0000e+00  -62.48567  -57.96217 1154587938 215.286323    34.3349     112257         21  0.000e+00
     10.262    -1.8448   2.699506    -1.8452   2.699743    7.68035    -0.0233    13.8155 0.0000e+00  -62.48567  -57.96217 1154587938 215.286324    34.3354     112258         21  0.000e+00
     10.233    -1.8443   2.699522    -1.8452   2.699720    7.68024     0.0207    13.8155 0.0000e+00  -62.48567  -57.96217 1154587938 215.286324    34.3351     112259         21  0.000e+00
     10.262    -1.8447   2.699483    -1.8450   2.699720    7.68035     0.0207    13.8155 0.0000e+00  -62.48567  -57.96217 1154587938 215.286325    34.3350     112260         21  0.000e+00
     10.233    -1.8446   2.699529    -1.8452   2.699726    7.67549    -0.0123    13.8155 0.0000e+00  -62.48567  -57.96217 1154587938 215.286325    34.3356     112261         21  0.000e+00
     10.310    -1.8450   2.699503    -1.8451   2.699737    7.68043     0.0097    13.8155 0.0000e+00  -62.48567  -57.96217 1154587938 215.286326    34.3355     112262         21  0.000e+00
     10.262    -1.8447   2.699486    -1.8452   2.699726    7.68035     0.0207    13.8155 0.0000e+00  -62.48567  -57.96217 1154587938 215.286326    34.3350     112263         21  0.000e+00
     10.310    -1.8442   2.699506    -1.8450   2.699726    7.68031    -0.0123    13.8155 0.0000e+00  -62.48567  -57.96217 1154587938 215.286327    34.3347     112264         21  0.000e+00
     10.234    -1.8448   2.699506    -1.8450   2.699703    7.68033    -0.0343    13.8155 0.0000e+00  -62.48567  -57.96217 1154587938 215.286327    34.3355     112265         21  0.000e+00
     10.329    -1.8445   2.699506    -1.8451   2.699709    7.68038    -0.0013    13.8155 0.0000e+00  -62.48567  -57.96217 1154587938 215.286328    34.3350     112266         21  0.000e+00
     10.234    -1.8448   2.699493    -1.8453   2.699737    7.68033    -0.0564    13.8155 0.0000e+00  -62.48567  -57.96217 1154587938 215.286328    34.3352     112267         21  0.000e+00
     10.310    -1.8448   2.699499    -1.8449   2.699732    7.68041    -0.1225    13.8155 0.0000e+00  -62.48567  -57.96217 1154587938 215.286329    34.3353     112268         21  0.000e+00
     10.262    -1.8448   2.699506    -1.8453   2.699714    7.68036    -0.1555    13.8155 0.0000e+00  -62.48567  -57.96217 1154587938 215.286329    34.3354     112269         21  0.000e+00
     10.310    -1.8445   2.699509    -1.8451   2.699737    7.68035    -0.0784    13.8155 0.0000e+00  -62.48567  -57.96217 1154587938 215.286330    34.3350     112270         21  0.000e+00
     10.262    -1.8450   2.699522    -1.8453   2.699709    7.68037     0.0097    13.8155 0.0000e+00  -62.48567  -57.96217 1154587938 215.286330    34.3358     112271         21  0.000e+00
     10.310    -1.8447   2.699496    -1.8449   2.699715    7.67560    -0.0454    13.8155 0.0000e+00  -62.48567  -57.96217 1154587938 215.286331    34.3351     112272         21  0.000e+00
     10.234    -1.8448   2.699499    -1.8452   2.699714    7.67554    -0.0454    13.8155 0.0000e+00  -62.48567  -57.96217 1154587938 215.286331    34.3353     112273         21  0.000e+00
     10.329    -1.8448   2.699493    -1.8458   2.699697    7.67565    -0.0454    13.8155 0.0000e+00  -62.48567  -57.96217 1154587938 215.286332    34.3352     112274         21  0.000e+00
     10.234    -1.8447   2.699499    -1.8458   2.699657    7.67552     0.0097    13.8155 0.0000e+00  -62.48567  -57.96217 1154587938 215.286332    34.3352     112275         21  0.000e+00
     10.310    -1.8443   2.699489    -1.8463   2.699680    7.68034    -0.0343    13.8155 0.0000e+00  -62.48567  -57.96217 1154587938 215.286332    34.3346     112276         21  0.000e+00
     10.262    -1.8445   2.699486    -1.8457   2.699674    7.68032    -0.0013    13.8155 0.0000e+00  -62.48567  -57.96217 1154587938 215.286333    34.3348     112277         21  0.000e+00
     10.310    -1.8450   2.699470    -1.8458   2.699674    7.67567     0.0648    13.8155 0.0000e+00  -62.48567  -57.96217 1154587939 215.286333    34.3351     112278         21  0.000e+00
     10.329    -1.8449   2.699444    -1.8458   2.699674    7.67570     0.0428    13.8155 0.0000e+00  -62.48567  -57.96217 1154587939 215.286334    34.3347     112279         21  0.000e+00
     10.234    -1.8453   2.699421    -1.8458   2.699686    7.68046    -0.0233    13.8155 0.0000e+00  -62.48567  -57.96217 1154587939 215.286334    34.3348     112280         21  0.000e+00
     10.310    -1.8451   2.699437    -1.8463   2.699674    7.67572    -0.0674    13.8155 0.0000e+00  -62.48567  -57.96217 1154587939 215.286335    34.3348     112281         21  0.000e+00
     10.329    -1.8449   2.699441    -1.8458   2.699674    7.67571    -0.0343    13.8155 0.0000e+00  -62.48567  -57.96217 1154587939 215.286335    34.3346     112282         21  0.000e+00
     10.310    -1.8451   2.699457    -1.8461   2.699703    7.67570    -0.0123    13.8155 0.0000e+00  -62.48567  -57.96217 1154587939 215.286336    34.3351     112283         21  0.000e+00
     10.234    -1.8450   2.699434    -1.8456   2.699680    7.68040    -0.0343    13.8155 0.0000e+00  -62.48567  -57.96217 1154587939 215.286336    34.3346     112284         21  0.000e+00
     10.329    -1.8454   2.699454    -1.8458   2.699692    7.68056    -0.0233    13.8155 0.0000e+00  -62.48567  -57.96217 1154587939 215.286337    34.3353     112285         21  0.000e+00
