product_data/regression_test/downloaded_data/MGDS/320620060703/ctd/p6621901.ros
* Sea-Bird SBE 9 Data File:
* FileName = D:\Data\Raw\p6621901.dat
* Software Version Seasave Win32 V 5.32
* Temperature SN = 1649
* Conductivity SN = 1431
* Number of Bytes Per Scan = 37
* Number of Voltage Words = 5
* Number of Scans Averaged by the Deck Unit = 1
* NMEA Latitude = 62 08.99 S
* NMEA Longitude = 063 05.99 W
* NMEA UTC (Time) = 23:41:35
** Ship:   Nathaniel B. Palmer 
** Cruise:    NBP0606 
# nquan = 17
# nvalues = 1176                    
# units = specified
# name 0 = prDM: Pressure, Digiquartz [db]
# name 1 = t090C: Temperature [ITS-90, deg C]
# name 2 = c0S/m: Conductivity [S/m]
# name 3 = t190C: Temperature, 2 [ITS-90, deg C]
# name 4 = c1S/m: Conductivity, 2 [S/m]
# name 5 = sbeox0ML/L: Oxygen, SBE 43 [ml/l]
# name 6 = flECO-AFL: Fluorescence, Wetlab ECO-AFL/FL [mg/m^3]
# name 7 = bat: Beam Attenuation, Chelsea/Seatech/Wetlab CStar [1/m]
# name 8 = spar: SPAR/Surface Irradiance
# name 9 = latitude: Latitude [deg]
# name 10 = longitude: Longitude [deg]
# name 11 = timeY: Time, System [seconds]
# name 12 = timeJ: Julian Days
# name 13 = sal00: Salinity [PSU]
# name 14 = scan: scan number
# name 15 = nbf: number of bottles fired
# name 16 = flag:  0.000e+00
# interval = seconds: 0.0416667                   
# start_time = Aug 01 2006 23:41:59
*END*
[from data line 596]
    100.373    -1.2625   2.726609    -1.2623   2.726989    8.00585    -0.0784    13.8155 0.0000e+00  -62.14983  -63.09983 1154478447 214.019078    33.9850      65506         13  0.000e+00
    100.306    -1.2626   2.726579    -1.2623   2.726983    8.00583    -0.0454    13.8155 0.0000e+00  -62.14983  -63.09983 1154478447 214.019079    33.9849      65507         13  0.000e+00
    100.373    -1.2625   2.726563    -1.2618   2.726978    8.00589    -0.0013    13.8155 0.0000e+00  -62.14983  -63.09983 1154478447 214.019079    33.9844      65508         13  0.000e+00
    100.306    -1.2622   2.726615    -1.2626   2.726983    8.00573     0.0097    13.8155 0.0000e+00  -62.14983  -63.09983 1154478447 214.019080    33.9848      65509         13  0.000e+00
    100.306    -1.2621   2.726615    -1.2626   2.726995    8.00572    -0.0674    13.8155 0.0000e+00  -62.14983  -63.09983 1154478447 214.019080    33.9848      65510         13  0.000e+00
    100.373    -1.2620   2.726605    -1.2620   2.726989    8.00579    -0.0894    13.8155 0.0000e+00  -62.14983  -63.09983 1154478447 214.019081    33.9845      65511         13  0.000e+00
    100.239    -1.2621   2.726625    -1.2623   2.726954    8.00564    -0.0343    13.8155 0.0000e+00  -62.14983  -63.09983 1154478447 214.019081    33.9850      65512         13  0.000e+00
    100.277    -1.2618   2.726635    -1.2629   2.726977    8.00563     0.0097    13.8155 0.0000e+00  -62.14983  -63.09983 1154478447 214.019082    33.9848      65513         13  0.000e+00
    100.239    -1.2616   2.726596    -1.2631   2.726972    8.00557    -0.0013    13.8155 0.0000e+00  -62.14983  -63.09983 1154478447 214.019082    33.9839      65514         13  0.000e+00
    100.306    -1.2617   2.726586    -1.2623   2.726949    8.00567    -0.0013    13.8155 0.0000e+00  -62.14983  -63.09983 1154478447 214.019083    33.9839      65515         13  0.000e+00
    100.239    -1.2618   2.726599    -1.2628   2.726960    8.00561     0.0538    13.8155 0.0000e+00  -62.14983  -63.09983 1154478447 214.019083    33.9843      65516         13  0.000e+00
    100.163    -1.2623   2.726592    -1.2625   2.726931    8.00561     0.0318    13.8155 0.0000e+00  -62.14983  -63.09983 1154478447 214.019084    33.9848      65517         13  0.000e+00
    100.239    -1.2620   2.726589    -1.2632   2.726931    8.00565     0.1199    13.8155 0.0000e+00  -62.14983  -63.09983 1154478447 214.019084    33.9844      65518         13  0.000e+00
    100.163    -1.2618   2.726569    -1.2632   2.726920    8.00555     0.0428    13.8155 0.0000e+00  -62.14983  -63.09983 1154478447 214.019085    33.9839      65519         13  0.000e+00
    100.239    -1.2621   2.726566    -1.2635   2.726874    8.00569    -0.0343    13.8155 0.0000e+00  -62.14983  -63.09983 1154478447 214.019085    33.9842      65520         13  0.000e+00
    100.163    -1.2625   2.726583    -1.2634   2.726845    8.00564    -0.0564    13.8155 0.0000e+00  -62.14983  -63.09983 1154478447 214.019086    33.9848      65521         13  0.000e+00
    100.096    -1.2626   2.726582    -1.2637   2.726833    8.00559     0.0538    13.8155 0.0000e+00  -62.14983  -63.09983 1154478447 214.019086    33.9850      65522         13  0.000e+00
    100.163    -1.2623   2.726573    -1.2639   2.726839    8.00562     0.0318    13.8155 0.0000e+00  -62.14983  -63.09983 1154478447 214.019087    33.9845      65523         13  0.000e+00
    100.096    -1.2625   2.726569    -1.2635   2.726874    8.00558    -0.0123    13.8155 0.0000e+00  -62.14983  -63.09983 1154478447 214.019087    33.9847      65524         13  0.000e+00
    100.096    -1.2628   2.726579    -1.2635   2.726868    8.00562    -0.1004    13.8155 0.0000e+00  -62.14983  -63.09983 1154478447 214.019088    33.9852      65525         13  0.000e+00
    100.134    -1.2623   2.726537    -1.2631   2.726920    8.00562    -0.1225    13.8155 0.0000e+00  -62.14983  -63.09983 1154478447 214.019088    33.9840      65526         13  0.000e+00
    100.029    -1.2623   2.726556    -1.2635   2.726903    8.00549     0.0097    13.8155 0.0000e+00  -62.14983  -63.09983 1154478447 214.019089    33.9844      65527         13  0.000e+00
    100.096    -1.2623   2.726563    -1.2629   2.726885    8.00556    -0.0013    13.8155 0.0000e+00  -62.14983  -63.09983 1154478447 214.019089    33.9844      65528         13  0.000e+00
    100.029    -1.2628   2.726582    -1.2637   2.726891    8.00554    -0.0123    13.8155 0.0000e+00  -62.14983  -63.09983 1154478448 214.019090    33.9853      65529         13  0.000e+00
    100.029    -1.2625   2.726573    -1.2635   2.726845    8.00550     0.0648    13.8155 0.0000e+00  -62.14983  -63.09983 1154478448 214.019090    33.9848      65530         13  0.000e+00
     99.953    -1.2623   2.726579    -1.2642   2.726799    8.00539     0.0538    13.8155 0.0000e+00  -62.14983  -63.09983 1154478448 214.019090    33.9847      65531         13  0.000e+00
    100.029    -1.2626   2.726586    -1.2642   2.726782    8.00072    -0.0013    13.8155 0.0000e+00  -62.14983  -63.09983 1154478448 214.019091    33.9851      65532         13  0.000e+00
     99.953    -1.2628   2.726582    -1.2651   2.726712    8.00546    -0.0233    13.8155 0.0000e+00  -62.14983  -63.09983 1154478448 214.019091    33.9853      65533         13  0.000e+00
     99.953    -1.2626   2.726586    -1.2658   2.726655    8.00543    -0.0123    13.8155 0.0000e+00  -62.14983  -63.09983 1154478448 214.019092    33.9851      65534         13  0.000e+00
     99.886    -1.2626   2.726556    -1.2661   2.726638    8.00538     0.0538    13.8155 0.0000e+00  -62.14983  -63.09983 1154478448 214.019092    33.9848      65535         13  0.000e+00
     99.953    -1.2628   2.726524    -1.2663   2.726603    8.00550    -0.0454    13.8155 0.0000e+00  -62.14983  -63.09983 1154478448 214.019093    33.9845      65536         13  0.000e+00
     99.886    -1.2637   2.726488    -1.2668   2.726563    8.00560    -0.0454    13.8155 0.0000e+00  -62.14983  -63.09983 1154478448 214.019093    33.9851      65537         13  0.000e+00
     99.858    -1.2640   2.726412    -1.2675   2.726545    8.00568     0.0097    13.8155 0.0000e+00  -62.14983  -63.09983 1154478448 214.019094    33.9844      65538         13  0.000e+00
     99.886    -1.2645   2.726370    -1.2669   2.726528    8.00582     0.0758    13.8155 0.0000e+00  -62.14983  -63.09983 1154478448 214.019094    33.9843      65539         13  0.000e+00
     99.820    -1.2648   2.726304    -1.2671   2.726545    8.00584    -0.0123    13.8155 0.0000e+00  -62.14983  -63.09983 1154478448 214.019095    33.9838      65540         13  0.000e+00
     99.820    -1.2657   2.726265    -1.2668   2.726528    8.00602    -0.0343    13.8155 0.0000e+00  -62.14983  -63.09983 1154478448 214.019095    33.9844      65541         13  0.000e+00
     99.820    -1.2657   2.726252    -1.2672   2.726528    8.00603     0.0097    13.8155 0.0000e+00  -62.14983  -63.09983 1154478448 214.019096    33.9842      65542         13  0.000e+00
     99.820    -1.2660   2.726308    -1.2669   2.726563    8.00604     0.0318    13.8155 0.0000e+00  -62.14983  -63.09983 1154478448 214.019096    33.9853      65543         13  0.000e+00
     99.820    -1.2657   2.726321    -1.2672   2.726557    8.00598     0.0097    13.8155 0.0000e+00  -62.14983  -63.09983 1154478448 214.019097    33.9851      65544         13  0.000e+00
     99.743    -1.2662   2.726308    -1.2672   2.726545    8.00598    -0.0343    13.8155 0.0000e+00  -62.14983  -63.09983 1154478448 214.019097    33.9855      65545         13  0.000e+00
     99.743    -1.2660   2.726288    -1.2669   2.726494    8.00597    -0.0894    13.8155 0.0000e+00  -62.14983  -63.09983 1154478448 214.019098    33.9851      65546         13  0.000e+00
    100.308    -1.2705   2.725837    -1.2710   2.726171    8.00288     0.0318    13.8155 0.0000e+00  -62.14983  -63.09983 1154478453 214.019156    33.9836      65666         14  0.000e+00
    100.308    -1.2705   2.725827    -1.2712   2.726194    8.00288     0.0097    13.8155 0.0000e+00  -62.14983  -63.09983 1154478453 214.019156    33.9835      65667         14  0.000e+00
    100.308    -1.2710   2.725837    -1.2720   2.726171    8.00295    -0.0564    13.8155 0.0000e+00  -62.14983  -63.09983 1154478453 214.019157    33.9842      65668         14  0.000e+00
    100.308    -1.2705   2.725837    -1.2718   2.726131    8.00287    -0.0784    13.8155 0.0000e+00  -62.14983  -63.09983 1154478453 214.019157    33.9836      65669         14  0.000e+00
    100.308    -1.2708   2.725808    -1.2715   2.726114    8.00294    -0.0343    13.8155 0.0000e+00  -62.14983  -63.09983 1154478453 214.019158    33.9835      65670         14  0.000e+00
    100.308    -1.2707   2.725827    -1.2714   2.726183    8.00291     0.0207    13.8155 0.0000e+00  -62.14983  -63.09983 1154478453 214.019158    33.9837      65671         14  0.000e+00
    100.308    -1.2706   2.725827    -1.2704   2.726235    8.00290    -0.0123    13.8155 0.0000e+00  -62.14983  -63.09983 1154478454 214.019158    33.9836      65672         14  0.000e+00
    100.241    -1.2711   2.725824    -1.2694   2.726292    8.00291     0.0097    13.8155 0.0000e+00  -62.14983  -63.09983 1154478454 214.019159    33.9842      65673         14  0.000e+00
    100.346    -1.2706   2.725814    -1.2697   2.726258    7.99817    -0.0013    13.8155 0.0000e+00  -62.14983  -63.09983 1154478454 214.019159    33.9834      65674         14  0.000e+00
    100.241    -1.2711   2.725821    -1.2700   2.726252    7.99813    -0.0564    13.8155 0.0000e+00  -62.14983  -63.09983 1154478454 214.019160    33.9841      65675         14  0.000e+00
    100.241    -1.2712   2.725785    -1.2700   2.726258    7.99817    -0.0674    13.8155 0.0000e+00  -62.14983  -63.09983 1154478454 214.019160    33.9838      65676         14  0.000e+00
    100.308    -1.2716   2.725762    -1.2698   2.726223    7.99832    -0.0343    13.8155 0.0000e+00  -62.14983  -63.09983 1154478454 214.019161    33.9838      65677         14  0.000e+00
    100.241    -1.2714   2.725788    -1.2701   2.726246    8.00299    -0.0564    13.8155 0.0000e+00  -62.14983  -63.09983 1154478454 214.019161    33.9840      65678         14  0.000e+00
    100.241    -1.2711   2.725742    -1.2697   2.726263    8.00297     0.0207    13.8155 0.0000e+00  -62.14983  -63.09983 1154478454 214.019162    33.9831      65679         14  0.000e+00
    100.241    -1.2720   2.725732    -1.2697   2.726258    7.99834     0.0097    13.8155 0.0000e+00  -62.14983  -63.09983 1154478454 214.019162    33.9839      65680         14  0.000e+00
    100.241    -1.2722   2.725697    -1.2694   2.726286    7.99839     0.0207    13.8155 0.0000e+00  -62.14983  -63.09983 1154478454 214.019163    33.9837      65681         14  0.000e+00
    100.241    -1.2726   2.725703    -1.2700   2.726286    7.99846     0.0097    13.8155 0.0000e+00  -62.14983  -63.09983 1154478454 214.019163    33.9842      65682         14  0.000e+00
    100.165    -1.2727   2.725713    -1.2698   2.726292    8.00316     0.0318    13.8155 0.0000e+00  -62.14983  -63.09983 1154478454 214.019164    33.9845      65683         14  0.000e+00
    100.241    -1.2725   2.725690    -1.2701   2.726263    7.99844     0.0097    13.8155 0.0000e+00  -62.14983  -63.09983 1154478454 214.019164    33.9839      65684         14  0.000e+00
    100.165    -1.2723   2.725674    -1.2706   2.726246    7.99835     0.0097    13.8155 0.0000e+00  -62.14983  -63.09983 1154478454 214.019165    33.9836      65685         14  0.000e+00
    100.165    -1.2721   2.725700    -1.2703   2.726194    7.99828     0.0538    13.8155 0.0000e+00  -62.14983  -63.09983 1154478454 214.019165    33.9836      65686         14  0.000e+00
    100.203    -1.2722   2.725703    -1.2706   2.726165    7.99834    -0.0343    13.8155 0.0000e+00  -62.14983  -63.09983 1154478454 214.019166    33.9837      65687         14  0.000e+00
    100.165    -1.2727   2.725677    -1.2706   2.726217    7.99840    -0.0454    13.8155 0.0000e+00  -62.14983  -63.09983 1154478454 214.019166    33.9840      65688         14  0.000e+00
    100.165    -1.2725   2.725680    -1.2707   2.726183    7.99837     0.0097    13.8155 0.0000e+00  -62.14983  -63.09983 1154478454 214.019167    33.9838      65689         14  0.000e+00
    100.165    -1.2724   2.725690    -1.2717   2.726131    7.99834     0.0538    13.8155 0.0000e+00  -62.14983  -63.09983 1154478454 214.019167    33.9838      65690         14  0.000e+00
    100.165    -1.2723   2.725693    -1.2720   2.726108    7.99833     0.0318    13.8155 0.0000e+00  -62.14983  -63.09983 1154478454 214.019168    33.9838      65691         14  0.000e+00
    100.098    -1.2716   2.725732    -1.2717   2.726131    7.99811    -0.0343    13.8155 0.0000e+00  -62.14983  -63.09983 1154478454 214.019168    33.9835      65692         14  0.000e+00
    100.165    -1.2716   2.725788    -1.2709   2.726148    7.99335    -0.0564    13.8155 0.0000e+00  -62.14983  -63.09983 1154478454 214.019169    33.9842      65693         14  0.000e+00
    100.098    -1.2714   2.725811    -1.2712   2.726142    7.99803    -0.0564    13.8155 0.0000e+00  -62.14983  -63.09983 1154478454 214.019169    33.9845      65694         14  0.000e+00
    100.098    -1.2711   2.725821    -1.2703   2.726188    7.99796    -0.0343    13.8155 0.0000e+00  -62.14983  -63.09983 1154478454 214.019170    33.9842      65695         14  0.000e+00
    100.165    -1.2708   2.725853    -1.2712   2.726154    7.99797     0.0097    13.8155 0.0000e+00  -62.14983  -63.09983 1154478455 214.019170    33.9843      65696         14  0.000e+00
    100.098    -1.2705   2.725876    -1.2709   2.726188    7.99782     0.0758    13.8155 0.0000e+00  -62.14983  -63.09983 1154478455 214.019171    33.9843      65697         14  0.000e+00
    100.099    -1.2703   2.725886    -1.2714   2.726194    7.99779     0.0538    13.8155 0.0000e+00  -62.14983  -63.09983 1154478455 214.019171    33.9842      65698         14  0.000e+00
    100.099    -1.2697   2.725880    -1.2714   2.726177    7.99769     0.0979    13.8155 0.0000e+00  -62.14983  -63.09983 1154478455 214.019171    33.9834      65699         14  0.000e+00
    100.070    -1.2700   2.725902    -1.2709   2.726206    8.00248     0.0318    13.8155 0.0000e+00  -62.14983  -63.09983 1154478455 214.019172    33.9841      65700         14  0.000e+00
    100.032    -1.2702   2.725912    -1.2714   2.726183    7.99767    -0.0343    13.8155 0.0000e+00  -62.14983  -63.09983 1154478455 214.019172    33.9845      65701         14  0.000e+00
    100.099    -1.2702   2.725902    -1.2715   2.726188    7.99775    -0.0343    13.8155 0.0000e+00  -62.14983  -63.09983 1154478455 214.019173    33.9843      65702         14  0.000e+00
    100.032    -1.2696   2.725909    -1.2707   2.726177    7.99758    -0.0343    13.8155 0.0000e+00  -62.14983  -63.09983 1154478455 214.019173    33.9837      65703         14  0.000e+00
    100.032    -1.2694   2.725886    -1.2715   2.726177    7.99757     0.0538    13.8155 0.0000e+00  -62.14983  -63.09983 1154478455 214.019174    33.9832      65704         14  0.000e+00
    100.099    -1.2701   2.725886    -1.2712   2.726165    7.99774     0.0097    13.8155 0.0000e+00  -62.14983  -63.09983 1154478455 214.019174    33.9839      65705         14  0.000e+00
    100.032    -1.2700   2.725853    -1.2715   2.726171    7.99769    -0.0564    13.8155 0.0000e+00  -62.14983  -63.09983 1154478455 214.019175    33.9835      65706         14  0.000e+00
    100.032    -1.2708   2.725804    -1.2710   2.726148    7.99785     0.0318    13.8155 0.0000e+00  -62.14983  -63.09983 1154478455 214.019175    33.9837      65707         14  0.000e+00
    100.032    -1.2705   2.725863    -1.2714   2.726165    7.99776     0.0318    13.8155 0.0000e+00  -62.14983  -63.09983 1154478455 214.019176    33.9841      65708         14  0.000e+00
