product_data/regression_test/downloaded_data/MGDS/320620060703/ctd/p6623504.ros
* Sea-Bird SBE 9 Data File:
* FileName = D:\Data\Raw\p6623504.dat
* Software Version Seasave Win32 V 5.32
* Temperature SN = 1649
* Conductivity SN = 1431
* Number of Bytes Per Scan = 37
* Number of Voltage Words = 5
* Number of Scans Averaged by the Deck Unit = 1
* NMEA Latitude = 61 47.47 S
* NMEA Longitude = 053 17.41 W
* NMEA UTC (Time) = 18:47:37
** Ship:   Nathaniel B. Palmer 
** Cruise:    NBP0606 
# nquan = 17
# nvalues = 1176                    
# units = specified
# name 0 = prDM: Pressure, Digiquartz [db]
# name 1 = t090C: Temperature [ITS-90, deg C]
# name 2 = c0S/m: Conductivity [S/m]
# name 3 = t190C: Temperature, 2 [ITS-90, deg C]
# name 4 = c1S/m: Conductivity, 2 [S/m]
# name 5 = sbeox0ML/L: Oxygen, SBE 43 [ml/l]
# name 6 = flECO-AFL: Fluorescence, Wetlab ECO-AFL/FL [mg/m^3]
# name 7 = bat: Beam Attenuation, Chelsea/Seatech/Wetlab CStar [1/m]
# name 8 = spar: SPAR/Surface Irradiance
# name 9 = latitude: Latitude [deg]
# name 10 = longitude: Longitude [deg]
# name 11 = timeY: Time, System [seconds]
# name 12 = timeJ: Julian Days
# name 13 = sal00: Salinity [PSU]
# name 14 = scan: scan number
# name 15 = nbf: number of bottles fired
# name 16 = flag:  0.000e+00
# interval = seconds: 0.0416667                   
# start_time = Aug 07 2006 18:49:11
*END*
[from data line 596]
     99.870    -1.5820   2.720392    -1.5823   2.720624    7.57531     0.0097    13.8155 7.0133e+01  -61.79117  -53.29017 1154977959 219.800470    34.2651      33832         13  0.000e+00
     99.794    -1.5825   2.720441    -1.5824   2.720624    7.57528    -0.0894    13.8155 7.0133e+01  -61.79117  -53.29017 1154977959 219.800471    34.2664      33833         13  0.000e+00
     99.870    -1.5824   2.720444    -1.5825   2.720596    7.58015    -0.0894    13.8155 7.0133e+01  -61.79117  -53.29017 1154977959 219.800471    34.2662      33834         13  0.000e+00
     99.794    -1.5827   2.720421    -1.5820   2.720607    7.58014    -0.0123    13.8155 7.0133e+01  -61.79117  -53.29017 1154977960 219.800472    34.2663      33835         13  0.000e+00
     99.870    -1.5821   2.720415    -1.5819   2.720607    7.58012    -0.0784    13.8155 7.0133e+01  -61.79117  -53.29017 1154977960 219.800472    34.2655      33836         13  0.000e+00
     99.794    -1.5827   2.720415    -1.5824   2.720613    7.58014    -0.1225    13.8155 6.8185e+01  -61.79117  -53.29017 1154977960 219.800473    34.2663      33837         13  0.000e+00
     99.870    -1.5821   2.720415    -1.5825   2.720619    7.58012    -0.1335    13.8155 7.0133e+01  -61.79117  -53.29017 1154977960 219.800473    34.2655      33838         13  0.000e+00
     99.794    -1.5825   2.720464    -1.5826   2.720647    7.58008    -0.0784    13.8155 7.0133e+01  -61.79117  -53.29017 1154977960 219.800474    34.2667      33839         13  0.000e+00
     99.794    -1.5822   2.720451    -1.5827   2.720607    7.57522    -0.0784    13.8155 7.0133e+01  -61.79117  -53.29017 1154977960 219.800474    34.2662      33840         13  0.000e+00
     99.870    -1.5821   2.720421    -1.5823   2.720607    7.58012    -0.1886    13.8155 7.0133e+01  -61.79117  -53.29017 1154977960 219.800475    34.2656      33841         13  0.000e+00
     99.794    -1.5823   2.720447    -1.5825   2.720584    7.57523    -0.1445    13.8155 7.0133e+01  -61.79117  -53.29017 1154977960 219.800475    34.2662      33842         13  0.000e+00
     99.870    -1.5819   2.720444    -1.5826   2.720607    7.57526    -0.1335    13.8155 7.0133e+01  -61.79117  -53.29017 1154977960 219.800476    34.2657      33843         13  0.000e+00
     99.832    -1.5825   2.720438    -1.5827   2.720596    7.57532     0.0097    13.8155 7.0133e+01  -61.79117  -53.29017 1154977960 219.800476    34.2664      33844         13  0.000e+00
     99.794    -1.5821   2.720418    -1.5825   2.720573    7.57522     0.0318    13.8155 7.0133e+01  -61.79117  -53.29017 1154977960 219.800476    34.2656      33845         13  0.000e+00
     99.870    -1.5828   2.720402    -1.5826   2.720596    7.57543    -0.0343    13.8155 7.0133e+01  -61.79117  -53.29017 1154977960 219.800477    34.2662      33846         13  0.000e+00
     99.794    -1.5830   2.720359    -1.5825   2.720613    7.57542     0.0097    13.8155 7.0133e+01  -61.79117  -53.29017 1154977960 219.800477    34.2659      33847         13  0.000e+00
     99.870    -1.5830   2.720317    -1.5826   2.720619    7.57552     0.0097    13.8155 7.0133e+01  -61.79117  -53.29017 1154977960 219.800478    34.2652      33848         13  0.000e+00
     99.794    -1.5836   2.720291    -1.5826   2.720607    7.57555     0.0538    13.8155 7.0133e+01  -61.79117  -53.29017 1154977960 219.800478    34.2656      33849         13  0.000e+00
     99.870    -1.5839   2.720268    -1.5828   2.720590    7.57570    -0.0123    13.8155 7.0133e+01  -61.79117  -53.29017 1154977960 219.800479    34.2656      33850         13  0.000e+00
     99.794    -1.5838   2.720242    -1.5824   2.720590    7.57562    -0.0123    13.8155 7.0133e+01  -61.79117  -53.29017 1154977960 219.800479    34.2651      33851         13  0.000e+00
     99.870    -1.5838   2.720258    -1.5826   2.720578    7.57568    -0.0784    13.8155 7.0133e+01  -61.79117  -53.29017 1154977960 219.800480    34.2653      33852         13  0.000e+00
     99.793    -1.5842   2.720245    -1.5825   2.720607    7.57568    -0.1004    13.8155 7.0133e+01  -61.79117  -53.29017 1154977960 219.800480    34.2656      33853         13  0.000e+00
     99.793    -1.5844   2.720255    -1.5826   2.720596    7.57570    -0.1004    13.8155 7.0133e+01  -61.79117  -53.29017 1154977960 219.800481    34.2660      33854         13  0.000e+00
     99.870    -1.5842   2.720248    -1.5830   2.720590    7.57576    -0.1004    13.8155 7.0133e+01  -61.79117  -53.29017 1154977960 219.800481    34.2656      33855         13  0.000e+00
     99.832    -1.5841   2.720238    -1.5829   2.720538    7.57571    -0.0564    13.8155 7.0133e+01  -61.79117  -53.29017 1154977960 219.800482    34.2654      33856         13  0.000e+00
     99.793    -1.5842   2.720255    -1.5835   2.720492    7.57567    -0.0123    13.8155 7.0133e+01  -61.79117  -53.29017 1154977960 219.800482    34.2658      33857         13  0.000e+00
     99.793    -1.5847   2.720264    -1.5846   2.720463    7.57574    -0.0233    13.8155 7.0133e+01  -61.79117  -53.29017 1154977960 219.800483    34.2665      33858         13  0.000e+00
     99.870    -1.5842   2.720261    -1.5852   2.720446    7.57575    -0.0564    13.8155 7.0133e+01  -61.79117  -53.29017 1154977961 219.800483    34.2658      33859         13  0.000e+00
     99.793    -1.5837   2.720261    -1.5851   2.720434    7.57558    -0.1114    13.8155 7.0133e+01  -61.79117  -53.29017 1154977961 219.800484    34.2652      33860         13  0.000e+00
     99.870    -1.5845   2.720281    -1.5851   2.720394    7.57578    -0.1445    13.8155 6.8185e+01  -61.79117  -53.29017 1154977961 219.800484    34.2665      33861         13  0.000e+00
     99.793    -1.5839   2.720268    -1.5846   2.720411    7.57562    -0.0894    13.8155 7.0133e+01  -61.79117  -53.29017 1154977961 219.800485    34.2656      33862         13  0.000e+00
     99.870    -1.5844   2.720277    -1.5852   2.720446    7.57576    -0.0564    13.8155 7.0133e+01  -61.79117  -53.29017 1154977961 219.800485    34.2663      33863         13  0.000e+00
     99.870    -1.5841   2.720222    -1.5848   2.720417    7.58057    -0.0343    13.8155 7.0133e+01  -61.79117  -53.29017 1154977961 219.800486    34.2651      33864         13  0.000e+00
     99.793    -1.5843   2.720212    -1.5854   2.720388    7.58053    -0.0123    13.8155 7.0133e+01  -61.79117  -53.29017 1154977961 219.800486    34.2653      33865         13  0.000e+00
     99.870    -1.5842   2.720170    -1.5851   2.720411    7.57581    -0.0784    13.8155 7.0133e+01  -61.79117  -53.29017 1154977961 219.800487    34.2646      33866         13  0.000e+00
     99.793    -1.5850   2.720189    -1.5849   2.720406    7.57584    -0.0343    13.8155 7.0133e+01  -61.79117  -53.29017 1154977961 219.800487    34.2658      33867         13  0.000e+00
     99.870    -1.5847   2.720180    -1.5842   2.720406    7.57588    -0.0233    13.8155 7.0133e+01  -61.79117  -53.29017 1154977961 219.800488    34.2652      33868         13  0.000e+00
     99.831    -1.5853   2.720173    -1.5843   2.720394    7.57595    -0.0454    13.8155 7.0133e+01  -61.79117  -53.29017 1154977961 219.800488    34.2659      33869         13  0.000e+00
     99.793    -1.5855   2.720144    -1.5850   2.720423    7.57595    -0.1004    13.8155 7.0133e+01  -61.79117  -53.29017 1154977961 219.800489    34.2657      33870         13  0.000e+00
     99.870    -1.5851   2.720163    -1.5851   2.720411    7.57596    -0.0894    13.8155 7.0133e+01  -61.79117  -53.29017 1154977961 219.800489    34.2655      33871         13  0.000e+00
     99.793    -1.5851   2.720157    -1.5855   2.720354    7.57589    -0.0564    13.8155 7.0133e+01  -61.79117  -53.29017 1154977961 219.800489    34.2655      33872         13  0.000e+00
     99.869    -1.5859   2.720059    -1.5868   2.720227    7.58097     0.0538    13.8155 7.0133e+01  -61.79117  -53.29017 1154977962 219.800504    34.2650      33902         14  0.000e+00
     99.793    -1.5870   2.720046    -1.5869   2.720216    7.57625    -0.0013    13.8155 7.0133e+01  -61.79117  -53.29017 1154977962 219.800504    34.2661      33903         14  0.000e+00
     99.793    -1.5866   2.720062    -1.5869   2.720222    7.58100    -0.0454    13.8155 7.0133e+01  -61.79117  -53.29017 1154977962 219.800505    34.2659      33904         14  0.000e+00
     99.869    -1.5865   2.720016    -1.5863   2.720204    7.58110    -0.0564    13.8155 7.0133e+01  -61.79117  -53.29017 1154977962 219.800505    34.2651      33905         14  0.000e+00
     99.793    -1.5868   2.720049    -1.5867   2.720227    7.58104    -0.0123    13.8155 7.0133e+01  -61.79117  -53.29017 1154977962 219.800506    34.2659      33906         14  0.000e+00
     99.831    -1.5864   2.720016    -1.5863   2.720187    7.58104     0.0538    13.8155 7.0133e+01  -61.79117  -53.29017 1154977963 219.800506    34.2649      33907         14  0.000e+00
     99.793    -1.5870   2.720049    -1.5864   2.720193    7.58107     0.0097    13.8155 7.0133e+01  -61.79117  -53.29017 1154977963 219.800507    34.2661      33908         14  0.000e+00
     99.869    -1.5872   2.720016    -1.5871   2.720227    7.57639    -0.0564    13.8155 6.8185e+01  -61.79117  -53.29017 1154977963 219.800507    34.2659      33909         14  0.000e+00
     99.793    -1.5868   2.720036    -1.5871   2.720204    7.57624    -0.0343    13.8155 6.8185e+01  -61.79117  -53.29017 1154977963 219.800508    34.2658      33910         14  0.000e+00
     99.869    -1.5864   2.720059    -1.5869   2.720216    7.58105    -0.0784    13.8155 7.0133e+01  -61.79117  -53.29017 1154977963 219.800508    34.2655      33911         14  0.000e+00
     99.793    -1.5868   2.720029    -1.5869   2.720227    7.58106    -0.0233    13.8155 6.8185e+01  -61.79117  -53.29017 1154977963 219.800509    34.2657      33912         14  0.000e+00
     99.869    -1.5869   2.720039    -1.5872   2.720233    7.58114    -0.0233    13.8155 7.0133e+01  -61.79117  -53.29017 1154977963 219.800509    34.2658      33913         14  0.000e+00
     99.792    -1.5870   2.720026    -1.5867   2.720268    7.58108    -0.0674    13.8155 7.0133e+01  -61.79117  -53.29017 1154977963 219.800510    34.2658      33914         14  0.000e+00
     99.792    -1.5870   2.720019    -1.5871   2.720239    7.58109    -0.1445    13.8155 7.0133e+01  -61.79117  -53.29017 1154977963 219.800510    34.2657      33915         14  0.000e+00
     99.869    -1.5873   2.720039    -1.5867   2.720233    7.58120    -0.0894    13.8155 7.0133e+01  -61.79117  -53.29017 1154977963 219.800511    34.2663      33916         14  0.000e+00
     99.792    -1.5872   2.720026    -1.5866   2.720227    7.58112    -0.0343    13.8155 7.0133e+01  -61.79117  -53.29017 1154977963 219.800511    34.2661      33917         14  0.000e+00
     99.792    -1.5870   2.720003    -1.5868   2.720204    7.57628     0.0097    13.8155 7.0133e+01  -61.79117  -53.29017 1154977963 219.800512    34.2655      33918         14  0.000e+00
     99.831    -1.5868   2.720013    -1.5874   2.720199    7.57629    -0.0123    13.8155 7.0133e+01  -61.79117  -53.29017 1154977963 219.800512    34.2654      33919         14  0.000e+00
     99.869    -1.5872   2.720023    -1.5872   2.720210    7.57637    -0.0564    13.8155 7.0133e+01  -61.79117  -53.29017 1154977963 219.800513    34.2659      33920         14  0.000e+00
     99.792    -1.5872   2.720019    -1.5875   2.720199    7.57630    -0.0123    13.8155 7.0133e+01  -61.79117  -53.29017 1154977963 219.800513    34.2659      33921         14  0.000e+00
     99.792    -1.5866   2.720019    -1.5873   2.720181    7.57621    -0.0674    13.8155 7.0133e+01  -61.79117  -53.29017 1154977963 219.800514    34.2653      33922         14  0.000e+00
     99.792    -1.5874   2.719990    -1.5872   2.720181    7.58118     0.0097    13.8155 7.0133e+01  -61.79117  -53.29017 1154977963 219.800514    34.2658      33923         14  0.000e+00
     99.869    -1.5870   2.719993    -1.5875   2.720193    7.58119    -0.0013    13.8155 7.0133e+01  -61.79117  -53.29017 1154977963 219.800515    34.2653      33924         14  0.000e+00
     99.792    -1.5872   2.720000    -1.5875   2.720181    7.58113    -0.0343    13.8155 7.0133e+01  -61.79117  -53.29017 1154977963 219.800515    34.2656      33925         14  0.000e+00
     99.792    -1.5870   2.719987    -1.5873   2.720181    7.57630    -0.0343    13.8155 7.0133e+01  -61.79117  -53.29017 1154977963 219.800516    34.2653      33926         14  0.000e+00
     99.792    -1.5873   2.720010    -1.5877   2.720193    7.57633    -0.0564    13.8155 7.0133e+01  -61.79117  -53.29017 1154977963 219.800516    34.2659      33927         14  0.000e+00
     99.869    -1.5874   2.719987    -1.5871   2.720199    7.57645    -0.0784    13.8155 7.0133e+01  -61.79117  -53.29017 1154977963 219.800516    34.2657      33928         14  0.000e+00
     99.792    -1.5873   2.719964    -1.5871   2.720199    7.57636    -0.0674    13.8155 7.0133e+01  -61.79117  -53.29017 1154977963 219.800517    34.2653      33929         14  0.000e+00
     99.869    -1.5872   2.719970    -1.5873   2.720170    7.57642    -0.0454    13.8155 7.0133e+01  -61.79117  -53.29017 1154977963 219.800517    34.2652      33930         14  0.000e+00
     99.792    -1.5874   2.719993    -1.5874   2.720147    7.57636    -0.0564    13.8155 7.0133e+01  -61.79117  -53.29017 1154977963 219.800518    34.2659      33931         14  0.000e+00
     99.830    -1.5873   2.719970    -1.5877   2.720181    7.58121    -0.0454    13.8155 7.0133e+01  -61.79117  -53.29017 1154977964 219.800518    34.2654      33932         14  0.000e+00
     99.792    -1.5874   2.719954    -1.5872   2.720187    7.58121     0.0097    13.8155 6.8185e+01  -61.79117  -53.29017 1154977964 219.800519    34.2653      33933         14  0.000e+00
     99.792    -1.5877   2.719987    -1.5871   2.720193    7.57640     0.0868    13.8155 6.8185e+01  -61.79117  -53.29017 1154977964 219.800519    34.2661      33934         14  0.000e+00
     99.792    -1.5872   2.719987    -1.5867   2.720199    7.57632     0.0648    13.8155 6.8185e+01  -61.79117  -53.29017 1154977964 219.800520    34.2655      33935         14  0.000e+00
     99.792    -1.5873   2.720010    -1.5872   2.720158    7.57633    -0.0343    13.8155 7.0133e+01  -61.79117  -53.29017 1154977964 219.800520    34.2659      33936         14  0.000e+00
     99.868    -1.5873   2.719970    -1.5874   2.720199    7.57643    -0.0784    13.8155 7.0133e+01  -61.79117  -53.29017 1154977964 219.800521    34.2653      33937         14  0.000e+00
     99.725    -1.5875   2.719974    -1.5875   2.720164    7.57631    -0.0454    13.8155 7.0133e+01  -61.79117  -53.29017 1154977964 219.800521    34.2657      33938         14  0.000e+00
     99.868    -1.5872   2.720010    -1.5876   2.720164    7.57638    -0.0564    13.8155 7.0133e+01  -61.79117  -53.29017 1154977964 219.800522    34.2657      33939         14  0.000e+00
     99.792    -1.5874   2.719987    -1.5872   2.720141    7.57636    -0.0894    13.8155 7.0133e+01  -61.79117  -53.29017 1154977964 219.800522    34.2658      33940         14  0.000e+00
     99.792    -1.5874   2.719993    -1.5872   2.720141    7.57636    -0.0564    13.8155 7.0133e+01  -61.79117  -53.29017 1154977964 219.800523    34.2659      33941         14  0.000e+00
     99.792    -1.5874   2.719987    -1.5877   2.720124    7.58118    -0.0343    13.8155 7.0133e+01  -61.79117  -53.29017 1154977964 219.800523    34.2658      33942         14  0.000e+00
     99.868    -1.5872   2.719961    -1.5881   2.720135    7.58125     0.0097    13.8155 7.0133e+01  -61.79117  -53.29017 1154977964 219.800524    34.2651      33943         14  0.000e+00
     99.763    -1.5873   2.719935    -1.5875   2.720135    7.58117     0.0207    13.8155 7.0133e+01  -61.79117  -53.29017 1154977964 219.800524    34.2649      33944         14  0.000e+00
