product_data/regression_test/downloaded_data/MGDS/320620060703/ctd/p6622301.ros
* Sea-Bird SBE 9 Data File:
* FileName = D:\Data\Raw\p6622301.dat
* Software Version Seasave Win32 V 5.32
* Temperature SN = 1649
* Conductivity SN = 1431
* Number of Bytes Per Scan = 37
* Number of Voltage Words = 5
* Number of Scans Averaged by the Deck Unit = 1
* NMEA Latitude = 62 45.31 S
* NMEA Longitude = 057 47.75 W
* NMEA UTC (Time) = 14:19:13
** Ship:   Nathaniel B. Palmer 
** Cruise:    NBP0606 
# nquan = 17
# nvalues = 1176                    
# units = specified
# name 0 = prDM: Pressure, Digiquartz [db]
# name 1 = t090C: Temperature [ITS-90, deg C]
# name 2 = c0S/m: Conductivity [S/m]
# name 3 = t190C: Temperature, 2 [ITS-90, deg C]
# name 4 = c1S/m: Conductivity, 2 [S/m]
# name 5 = sbeox0ML/L: Oxygen, SBE 43 [ml/l]
# name 6 = flECO-AFL: Fluorescence, Wetlab ECO-AFL/FL [mg/m^3]
# name 7 = bat: Beam Attenuation, Chelsea/Seatech/Wetlab CStar [1/m]
# name 8 = spar: SPAR/Surface Irradiance
# name 9 = latitude: Latitude [deg]
# name 10 = longitude: Longitude [deg]
# name 11 = timeY: Time, System [seconds]
# name 12 = timeJ: Julian Days
# name 13 = sal00: Salinity [PSU]
# name 14 = scan: scan number
# name 15 = nbf: number of bottles fired
# name 16 = flag:  0.000e+00
# interval = seconds: 0.0416667                   
# start_time = Aug 03 2006 14:19:57
*END*
[from data line 852]
     20.454    -1.7816   2.707007    -1.7810   2.707244    7.57527    -0.1004    13.8155 8.1822e+02  -62.75517  -57.79583 1154617113 215.624008    34.3605      55617         18  0.000e+00
     20.435    -1.7814   2.707014    -1.7812   2.707261    7.57521    -0.0784    13.8155 8.2017e+02  -62.75517  -57.79583 1154617113 215.624009    34.3603      55618         18  0.000e+00
     20.454    -1.7814   2.707017    -1.7816   2.707226    7.57522    -0.0564    13.8155 8.1822e+02  -62.75517  -57.79583 1154617113 215.624009    34.3603      55619         18  0.000e+00
     20.435    -1.7810   2.707046    -1.7821   2.707232    7.57512    -0.0013    13.8155 8.1822e+02  -62.75517  -57.79583 1154617113 215.624010    34.3603      55620         18  0.000e+00
     20.454    -1.7816   2.707043    -1.7821   2.707221    7.57523    -0.0564    13.8155 8.1822e+02  -62.75517  -57.79583 1154617113 215.624010    34.3609      55621         18  0.000e+00
     20.454    -1.7806   2.707007    -1.7821   2.707232    7.57033    -0.0343    13.8155 8.2017e+02  -62.75517  -57.79583 1154617113 215.624011    34.3593      55622         18  0.000e+00
     20.435    -1.7810   2.706978    -1.7822   2.707203    7.57517    -0.0123    13.8155 8.1822e+02  -62.75517  -57.79583 1154617113 215.624011    34.3593      55623         18  0.000e+00
     20.454    -1.7817   2.706971    -1.7821   2.707192    7.57531    -0.0343    13.8155 8.1822e+02  -62.75517  -57.79583 1154617113 215.624012    34.3601      55624         18  0.000e+00
     20.511    -1.7820   2.706991    -1.7815   2.707192    7.57540    -0.0343    13.8155 8.1822e+02  -62.75517  -57.79583 1154617113 215.624012    34.3606      55625         18  0.000e+00
     20.454    -1.7821   2.706978    -1.7821   2.707152    7.57536    -0.0343    13.8155 8.2017e+02  -62.75517  -57.79583 1154617113 215.624013    34.3606      55626         18  0.000e+00
     20.435    -1.7820   2.706971    -1.7827   2.707117    7.57533    -0.0564    13.8155 8.2017e+02  -62.75517  -57.79583 1154617113 215.624013    34.3604      55627         18  0.000e+00
     20.454    -1.7822   2.706974    -1.7836   2.707071    7.57538    -0.0564    13.8155 8.2017e+02  -62.75517  -57.79583 1154617113 215.624014    34.3606      55628         18  0.000e+00
     20.387    -1.7818   2.707004    -1.7841   2.707043    7.57523     0.0097    13.8155 8.2017e+02  -62.75517  -57.79583 1154617113 215.624014    34.3607      55629         18  0.000e+00
     20.511    -1.7814   2.707014    -1.7836   2.707014    7.57529     0.0097    13.8155 8.2017e+02  -62.75517  -57.79583 1154617113 215.624015    34.3602      55630         18  0.000e+00
     20.454    -1.7810   2.707000    -1.7837   2.707043    7.57517     0.0538    13.8155 8.2017e+02  -62.75517  -57.79583 1154617113 215.624015    34.3596      55631         18  0.000e+00
     20.435    -1.7806   2.707043    -1.7831   2.707043    7.57505    -0.0233    13.8155 8.2017e+02  -62.75517  -57.79583 1154617113 215.624016    34.3597      55632         18  0.000e+00
     20.454    -1.7814   2.707075    -1.7833   2.707037    7.57518    -0.0784    13.8155 8.2017e+02  -62.75517  -57.79583 1154617113 215.624016    34.3611      55633         18  0.000e+00
     20.435    -1.7808   2.707049    -1.7844   2.707054    7.57508    -0.0343    13.8155 8.2017e+02  -62.75517  -57.79583 1154617113 215.624017    34.3601      55634         18  0.000e+00
     20.454    -1.7806   2.707036    -1.7847   2.706979    7.57508    -0.0343    13.8155 8.2017e+02  -62.75517  -57.79583 1154617113 215.624017    34.3596      55635         18  0.000e+00
     20.454    -1.7803   2.707056    -1.7853   2.706956    7.57503    -0.0454    13.8155 8.2017e+02  -62.75517  -57.79583 1154617113 215.624018    34.3596      55636         18  0.000e+00
     20.435    -1.7806   2.707027    -1.7854   2.706916    7.57508    -0.0784    13.8155 8.1822e+02  -62.75517  -57.79583 1154617113 215.624018    34.3596      55637         18  0.000e+00
     20.454    -1.7810   2.706981    -1.7860   2.706905    7.57518    -0.0564    13.8155 8.1822e+02  -62.75517  -57.79583 1154617113 215.624019    34.3593      55638         18  0.000e+00
     20.435    -1.7821   2.706971    -1.7856   2.706887    7.58013    -0.0784    13.8155 8.1822e+02  -62.75517  -57.79583 1154617113 215.624019    34.3605      55639         18  0.000e+00
     20.454    -1.7823   2.706974    -1.7862   2.706882    7.58019    -0.0564    13.8155 8.1822e+02  -62.75517  -57.79583 1154617113 215.624020    34.3608      55640         18  0.000e+00
     20.435    -1.7829   2.706922    -1.7857   2.706859    7.58030    -0.0674    13.8155 8.2017e+02  -62.75517  -57.79583 1154617114 215.624020    34.3608      55641         18  0.000e+00
     20.454    -1.7827   2.706939    -1.7858   2.706870    7.58027    -0.0123    13.8155 8.1822e+02  -62.75517  -57.79583 1154617114 215.624021    34.3608      55642         18  0.000e+00
     20.454    -1.7828   2.706935    -1.7856   2.706882    7.57550    -0.0564    13.8155 8.1822e+02  -62.75517  -57.79583 1154617114 215.624021    34.3608      55643         18  0.000e+00
     20.435    -1.7828   2.706877    -1.7857   2.706882    7.58031     0.0097    13.8155 8.1822e+02  -62.75517  -57.79583 1154617114 215.624022    34.3600      55644         18  0.000e+00
     20.454    -1.7835   2.706815    -1.7856   2.706859    7.57570    -0.0343    13.8155 8.1822e+02  -62.75517  -57.79583 1154617114 215.624022    34.3599      55645         18  0.000e+00
     20.435    -1.7849   2.706733    -1.7859   2.706853    7.57596    -0.0894    13.8155 8.1822e+02  -62.75517  -57.79583 1154617114 215.624022    34.3605      55646         18  0.000e+00
     15.540    -1.7969   2.705239    -1.8069   2.704733    7.58809    -0.0123    13.8155 8.2212e+02  -62.75517  -57.79583 1154617142 215.624354    34.3567      56334         19  0.000e+00
     15.416    -1.7986   2.705135    -1.8071   2.704744    7.58352     0.0097    13.8155 8.2212e+02  -62.75517  -57.79583 1154617142 215.624355    34.3573      56335         19  0.000e+00
     15.607    -1.7994   2.705070    -1.8069   2.704750    7.58867    -0.0454    13.8155 8.2212e+02  -62.75517  -57.79583 1154617142 215.624355    34.3571      56336         19  0.000e+00
     15.559    -1.7994   2.705031    -1.8066   2.704738    7.58865    -0.1114    13.8155 8.2212e+02  -62.75517  -57.79583 1154617143 215.624356    34.3566      56337         19  0.000e+00
     15.540    -1.8001   2.704998    -1.8066   2.704727    7.58398    -0.1114    13.8155 8.2212e+02  -62.75517  -57.79583 1154617143 215.624356    34.3570      56338         19  0.000e+00
     15.493    -1.8012   2.705021    -1.8062   2.704744    7.57930    -0.0454    13.8155 8.2212e+02  -62.75517  -57.79583 1154617143 215.624357    34.3586      56339         19  0.000e+00
     15.540    -1.8014   2.705044    -1.8062   2.704733    7.57935    -0.0343    13.8155 8.2212e+02  -62.75517  -57.79583 1154617143 215.624357    34.3591      56340         19  0.000e+00
     15.416    -1.8014   2.705037    -1.8060   2.704727    7.58401     0.0207    13.8155 8.2212e+02  -62.75517  -57.79583 1154617143 215.624358    34.3591      56341         19  0.000e+00
     15.607    -1.8014   2.705073    -1.8054   2.704744    7.57940    -0.0784    13.8155 8.2212e+02  -62.75517  -57.79583 1154617143 215.624358    34.3595      56342         19  0.000e+00
     15.559    -1.8028   2.705096    -1.8059   2.704721    7.58434    -0.1225    13.8155 8.2212e+02  -62.75517  -57.79583 1154617143 215.624359    34.3614      56343         19  0.000e+00
     15.464    -1.8024   2.705174    -1.8066   2.704721    7.58413    -0.0674    13.8155 8.2212e+02  -62.75517  -57.79583 1154617143 215.624359    34.3622      56344         19  0.000e+00
     15.559    -1.8020   2.705207    -1.8071   2.704727    7.58893    -0.0564    13.8155 8.2212e+02  -62.75517  -57.79583 1154617143 215.624360    34.3621      56345         19  0.000e+00
     15.540    -1.8014   2.705210    -1.8072   2.704704    7.58880    -0.0784    13.8155 8.2212e+02  -62.75517  -57.79583 1154617143 215.624360    34.3614      56346         19  0.000e+00
     15.540    -1.8014   2.705168    -1.8072   2.704681    7.57926     0.0097    13.8155 8.2212e+02  -62.75517  -57.79583 1154617143 215.624361    34.3608      56347         19  0.000e+00
     15.493    -1.8011   2.705177    -1.8075   2.704635    7.57916    -0.0343    13.8155 8.2212e+02  -62.75517  -57.79583 1154617143 215.624361    34.3606      56348         19  0.000e+00
     15.540    -1.7988   2.705246    -1.8072   2.704624    7.57880    -0.0564    13.8155 8.2212e+02  -62.75517  -57.79583 1154617143 215.624361    34.3589      56349         19  0.000e+00
     15.559    -1.7965   2.705321    -1.8073   2.704652    7.57841    -0.0233    13.8155 8.2212e+02  -62.75517  -57.79583 1154617143 215.624362    34.3572      56350         19  0.000e+00
     15.540    -1.7958   2.705340    -1.8075   2.704669    7.58307     0.0097    13.8155 8.2212e+02  -62.75517  -57.79583 1154617143 215.624362    34.3568      56351         19  0.000e+00
     15.493    -1.7988   2.705314    -1.8072   2.704652    7.58349    -0.0013    13.8155 8.2212e+02  -62.75517  -57.79583 1154617143 215.624363    34.3599      56352         19  0.000e+00
     15.540    -1.8011   2.705265    -1.8077   2.704629    7.57914    -0.0343    13.8155 8.2212e+02  -62.75517  -57.79583 1154617143 215.624363    34.3618      56353         19  0.000e+00
     15.559    -1.8011   2.705194    -1.8069   2.704624    7.57922    -0.0784    13.8155 8.2212e+02  -62.75517  -57.79583 1154617143 215.624364    34.3608      56354         19  0.000e+00
     15.540    -1.8014   2.705168    -1.8074   2.704624    7.58405    -0.1225    13.8155 8.2212e+02  -62.75517  -57.79583 1154617143 215.624364    34.3608      56355         19  0.000e+00
     15.493    -1.8017   2.705142    -1.8074   2.704658    7.57928    -0.1114    13.8155 8.2212e+02  -62.75517  -57.79583 1154617143 215.624365    34.3609      56356         19  0.000e+00
     15.540    -1.8014   2.705125    -1.8075   2.704664    7.57929    -0.1225    13.8155 8.2212e+02  -62.75517  -57.79583 1154617143 215.624365    34.3602      56357         19  0.000e+00
     15.493    -1.8006   2.705090    -1.8074   2.704629    7.58394    -0.0564    13.8155 8.2212e+02  -62.75517  -57.79583 1154617143 215.624366    34.3589      56358         19  0.000e+00
     15.540    -1.8006   2.705070    -1.8078   2.704658    7.58400    -0.0454    13.8155 8.2212e+02  -62.75517  -57.79583 1154617143 215.624366    34.3586      56359         19  0.000e+00
     15.493    -1.8000   2.705041    -1.8075   2.704692    7.57909    -0.0784    13.8155 8.2212e+02  -62.75517  -57.79583 1154617144 215.624367    34.3575      56360         19  0.000e+00
     15.540    -1.8009   2.704959    -1.8077   2.704658    7.57935    -0.0564    13.8155 8.2212e+02  -62.75517  -57.79583 1154617144 215.624367    34.3574      56361         19  0.000e+00
     15.560    -1.8029   2.704845    -1.8075   2.704647    7.57976    -0.0784    13.8155 8.2212e+02  -62.75517  -57.79583 1154617144 215.624368    34.3581      56362         19  0.000e+00
     15.540    -1.8043   2.704725    -1.8080   2.704629    7.58004    -0.0123    13.8155 8.2212e+02  -62.75517  -57.79583 1154617144 215.624368    34.3580      56363         19  0.000e+00
     15.493    -1.8055   2.704689    -1.8078   2.704612    7.58020     0.0097    13.8155 8.2212e+02  -62.75517  -57.79583 1154617144 215.624369    34.3590      56364         19  0.000e+00
     15.540    -1.8063   2.704702    -1.8080   2.704618    7.58036    -0.0233    13.8155 8.2212e+02  -62.75517  -57.79583 1154617144 215.624369    34.3600      56365         19  0.000e+00
     15.493    -1.8063   2.704666    -1.8078   2.704601    7.58034    -0.0013    13.8155 8.2212e+02  -62.75517  -57.79583 1154617144 215.624370    34.3596      56366         19  0.000e+00
     15.540    -1.8066   2.704663    -1.8078   2.704595    7.58523    -0.0123    13.8155 8.2017e+02  -62.75517  -57.79583 1154617144 215.624370    34.3598      56367         19  0.000e+00
     15.560    -1.8068   2.704624    -1.8083   2.704612    7.58052    -0.0564    13.8155 8.2017e+02  -62.75517  -57.79583 1154617144 215.624371    34.3595      56368         19  0.000e+00
     15.540    -1.8061   2.704585    -1.8074   2.704624    7.58521    -0.1225    13.8155 8.2017e+02  -62.75517  -57.79583 1154617144 215.624371    34.3582      56369         19  0.000e+00
     15.493    -1.8068   2.704552    -1.8077   2.704601    7.58050    -0.0343    13.8155 8.2212e+02  -62.75517  -57.79583 1154617144 215.624372    34.3585      56370         19  0.000e+00
     15.540    -1.8064   2.704519    -1.8075   2.704624    7.58052    -0.0343    13.8155 8.2212e+02  -62.75517  -57.79583 1154617144 215.624372    34.3577      56371         19  0.000e+00
     15.560    -1.8064   2.704552    -1.8072   2.704641    7.58052    -0.0564    13.8155 8.2212e+02  -62.75517  -57.79583 1154617144 215.624373    34.3581      56372         19  0.000e+00
     15.464    -1.8048   2.704607    -1.8075   2.704647    7.58012    -0.0343    13.8155 8.2212e+02  -62.75517  -57.79583 1154617144 215.624373    34.3570      56373         19  0.000e+00
     15.560    -1.8049   2.704594    -1.8077   2.704647    7.58025    -0.1225    13.8155 8.2212e+02  -62.75517  -57.79583 1154617144 215.624374    34.3569      56374         19  0.000e+00
     15.541    -1.8049   2.704578    -1.8080   2.704629    7.58024    -0.2106    13.8155 8.2212e+02  -62.75517  -57.79583 1154617144 215.624374    34.3567      56375         19  0.000e+00
     15.493    -1.8055   2.704558    -1.8077   2.704624    7.58031    -0.0674    13.8155 8.2212e+02  -62.75517  -57.79583 1154617144 215.624375    34.3572      56376         19  0.000e+00
     15.541    -1.8066   2.704513    -1.8078   2.704601    7.58055    -0.0784    13.8155 8.2212e+02  -62.75517  -57.79583 1154617144 215.624375    34.3577      56377         19  0.000e+00
     15.493    -1.8077   2.704461    -1.8075   2.704606    7.58071    -0.0564    13.8155 8.2212e+02  -62.75517  -57.79583 1154617144 215.624375    34.3583      56378         19  0.000e+00
     15.541    -1.8081   2.704438    -1.8080   2.704618    7.58085    -0.1004    13.8155 8.2212e+02  -62.75517  -57.79583 1154617144 215.624376    34.3585      56379         19  0.000e+00
     15.541    -1.8086   2.704396    -1.8080   2.704624    7.58573    -0.1445    13.8155 8.2212e+02  -62.75517  -57.79583 1154617144 215.624376    34.3584      56380         19  0.000e+00
     15.560    -1.8086   2.704422    -1.8077   2.704624    7.58574    -0.1225    13.8155 8.2212e+02  -62.75517  -57.79583 1154617144 215.624377    34.3588      56381         19  0.000e+00
     15.464    -1.8080   2.704396    -1.8075   2.704624    7.58556    -0.0784    13.8155 8.2212e+02  -62.75517  -57.79583 1154617144 215.624377    34.3577      56382         19  0.000e+00
     15.561    -1.8103   2.704073    -1.8104   2.704342    7.59584    -0.0123    13.8155 8.2212e+02  -62.75517  -57.79583 1154617156 215.624509    34.3559      56654         20  0.000e+00
     15.542    -1.8106   2.704083    -1.8104   2.704342    7.59585    -0.0123    13.8155 8.2212e+02  -62.75517  -57.79583 1154617156 215.624509    34.3563      56655         20  0.000e+00
     15.628    -1.8103   2.704076    -1.8101   2.704314    7.60069    -0.0674    13.8155 8.2212e+02  -62.75517  -57.79583 1154617156 215.624510    34.3559      56656         20  0.000e+00
     15.542    -1.8103   2.704050    -1.8103   2.704308    7.60062    -0.0343    13.8155 8.2212e+02  -62.75517  -57.79583 1154617156 215.624510    34.3555      56657         20  0.000e+00
     15.561    -1.8106   2.704053    -1.8109   2.704319    7.60069    -0.0123    13.8155 8.2212e+02  -62.75517  -57.79583 1154617156 215.624511    34.3560      56658         20  0.000e+00
