product_data/regression_test/downloaded_data/MGDS/320620060703/ctd/p6620901.ros
* Sea-Bird SBE 9 Data File:
* FileName = D:\Data\Raw\p6620901.dat
* Software Version Seasave Win32 V 5.32
* Temperature SN = 1649
* Conductivity SN = 1431
* Number of Bytes Per Scan = 37
* Number of Voltage Words = 5
* Number of Scans Averaged by the Deck Unit = 1
* NMEA Latitude = 64 32.49 S
* NMEA Longitude = 062 46.94 W
* NMEA UTC (Time) = 01:40:15
** Ship:   Nathaniel B. Palmer 
** Cruise:    NBP0606 
# nquan = 17
# nvalues = 1176                    
# units = specified
# name 0 = prDM: Pressure, Digiquartz [db]
# name 1 = t090C: Temperature [ITS-90, deg C]
# name 2 = c0S/m: Conductivity [S/m]
# name 3 = t190C: Temperature, 2 [ITS-90, deg C]
# name 4 = c1S/m: Conductivity, 2 [S/m]
# name 5 = sbeox0ML/L: Oxygen, SBE 43 [ml/l]
# name 6 = flECO-AFL: Fluorescence, Wetlab ECO-AFL/FL [mg/m^3]
# name 7 = bat: Beam Attenuation, Chelsea/Seatech/Wetlab CStar [1/m]
# name 8 = spar: SPAR/Surface Irradiance
# name 9 = latitude: Latitude [deg]
# name 10 = longitude: Longitude [deg]
# name 11 = timeY: Time, System [seconds]
# name 12 = timeJ: Julian Days
# name 13 = sal00: Salinity [PSU]
# name 14 = scan: scan number
# name 15 = nbf: number of bottles fired
# name 16 = flag:  0.000e+00
# interval = seconds: 0.0416667                   
# start_time = Jul 31 2006 01:40:24
*END*
[from data line 171]
    400.656     0.1686   2.899341     0.1689   2.899586    5.85269    -0.1004    13.8155 0.0000e+00  -64.54150  -62.78233 1154310882 212.079680    34.5092      20650          4  0.000e+00
    400.733     0.1688   2.899351     0.1689   2.899545    5.85272    -0.0894    13.8155 0.0000e+00  -64.54150  -62.78233 1154310882 212.079681    34.5090      20651          4  0.000e+00
    400.733     0.1685   2.899348     0.1685   2.899563    5.85276    -0.0894    13.8155 0.0000e+00  -64.54150  -62.78233 1154310882 212.079681    34.5093      20652          4  0.000e+00
    400.733     0.1685   2.899348     0.1685   2.899551    5.85276    -0.0894    13.8155 0.0000e+00  -64.54150  -62.78233 1154310882 212.079682    34.5093      20653          4  0.000e+00
    400.733     0.1685   2.899328     0.1685   2.899527    5.85278    -0.0674    13.8155 0.0000e+00  -64.54150  -62.78233 1154310882 212.079682    34.5091      20654          4  0.000e+00
    400.733     0.1687   2.899355     0.1689   2.899539    5.85753    -0.1114    13.8155 0.0000e+00  -64.54150  -62.78233 1154310882 212.079683    34.5092      20655          4  0.000e+00
    400.733     0.1685   2.899334     0.1684   2.899527    5.85277    -0.0894    13.8155 0.0000e+00  -64.54150  -62.78233 1154310882 212.079683    34.5091      20656          4  0.000e+00
    400.657     0.1686   2.899355     0.1690   2.899539    5.85269    -0.0674    13.8155 0.0000e+00  -64.54150  -62.78233 1154310883 212.079684    34.5094      20657          4  0.000e+00
    400.733     0.1685   2.899351     0.1690   2.899551    5.85276    -0.0013    13.8155 0.0000e+00  -64.54150  -62.78233 1154310883 212.079684    34.5093      20658          4  0.000e+00
    400.733     0.1685   2.899334     0.1687   2.899527    5.85756    -0.1114    13.8155 0.0000e+00  -64.54150  -62.78233 1154310883 212.079685    34.5091      20659          4  0.000e+00
    400.733     0.1687   2.899341     0.1687   2.899557    5.85274    -0.1886    13.8155 0.0000e+00  -64.54150  -62.78233 1154310883 212.079685    34.5091      20660          4  0.000e+00
    400.733     0.1685   2.899348     0.1687   2.899539    5.85277    -0.1445    13.8155 0.0000e+00  -64.54150  -62.78233 1154310883 212.079686    34.5094      20661          4  0.000e+00
    400.733     0.1685   2.899348     0.1685   2.899539    5.85276    -0.0894    13.8155 0.0000e+00  -64.54150  -62.78233 1154310883 212.079686    34.5093      20662          4  0.000e+00
    400.733     0.1688   2.899348     0.1689   2.899563    5.85272    -0.0233    13.8155 0.0000e+00  -64.54150  -62.78233 1154310883 212.079687    34.5090      20663          4  0.000e+00
    400.733     0.1686   2.899328     0.1685   2.899580    5.85276    -0.0233    13.8155 0.0000e+00  -64.54150  -62.78233 1154310883 212.079687    34.5090      20664          4  0.000e+00
    400.657     0.1684   2.899341     0.1687   2.899551    5.85272    -0.0343    13.8155 0.0000e+00  -64.54150  -62.78233 1154310883 212.079687    34.5094      20665          4  0.000e+00
    400.733     0.1688   2.899378     0.1687   2.899563    5.85271    -0.0564    13.8155 0.0000e+00  -64.54150  -62.78233 1154310883 212.079688    34.5094      20666          4  0.000e+00
    400.733     0.1684   2.899361     0.1689   2.899574    5.85277    -0.0784    13.8155 0.0000e+00  -64.54150  -62.78233 1154310883 212.079688    34.5097      20667          4  0.000e+00
    400.752     0.1685   2.899331     0.1690   2.899580    5.85279    -0.0343    13.8155 0.0000e+00  -64.54150  -62.78233 1154310883 212.079689    34.5092      20668          4  0.000e+00
    400.657     0.1690   2.899375     0.1685   2.899551    5.85263    -0.0123    13.8155 0.0000e+00  -64.54150  -62.78233 1154310883 212.079689    34.5092      20669          4  0.000e+00
    400.733     0.1687   2.899371     0.1685   2.899545    5.85273    -0.0343    13.8155 0.0000e+00  -64.54150  -62.78233 1154310883 212.079690    34.5095      20670          4  0.000e+00
    400.733     0.1688   2.899351     0.1687   2.899592    5.85273    -0.1225    13.8155 0.0000e+00  -64.54150  -62.78233 1154310883 212.079690    34.5091      20671          4  0.000e+00
    400.733     0.1685   2.899348     0.1685   2.899557    5.85755    -0.1555    13.8155 0.0000e+00  -64.54150  -62.78233 1154310883 212.079691    34.5093      20672          4  0.000e+00
    400.733     0.1690   2.899348     0.1687   2.899563    5.85750    -0.1335    13.8155 0.0000e+00  -64.54150  -62.78233 1154310883 212.079691    34.5088      20673          4  0.000e+00
    400.733     0.1684   2.899328     0.1692   2.899580    5.85758    -0.0784    13.8155 0.0000e+00  -64.54150  -62.78233 1154310883 212.079692    34.5092      20674          4  0.000e+00
    349.720     0.1777   2.897644     0.1779   2.897881    5.84927    -0.0674    13.8155 0.0000e+00  -64.54150  -62.78233 1154310961 212.080589    34.5069      22535          5  0.000e+00
    349.710     0.1779   2.897641     0.1778   2.897893    5.84925    -0.0674    13.8155 0.0000e+00  -64.54150  -62.78233 1154310961 212.080590    34.5067      22536          5  0.000e+00
    349.653     0.1774   2.897641     0.1783   2.897864    5.84450    -0.0564    13.8155 0.0000e+00  -64.54150  -62.78233 1154310961 212.080590    34.5072      22537          5  0.000e+00
    349.796     0.1780   2.897641     0.1779   2.897858    5.84454    -0.0454    13.8155 0.0000e+00  -64.54150  -62.78233 1154310961 212.080591    34.5065      22538          5  0.000e+00
    349.653     0.1774   2.897641     0.1783   2.897864    5.84926    -0.0454    13.8155 0.0000e+00  -64.54150  -62.78233 1154310961 212.080591    34.5072      22539          5  0.000e+00
    349.720     0.1779   2.897658     0.1778   2.897881    5.84925    -0.0784    13.8155 0.0000e+00  -64.54150  -62.78233 1154310961 212.080592    34.5069      22540          5  0.000e+00
    349.653     0.1777   2.897627     0.1775   2.897864    5.84447    -0.0784    13.8155 0.0000e+00  -64.54150  -62.78233 1154310961 212.080592    34.5067      22541          5  0.000e+00
    349.710     0.1777   2.897651     0.1779   2.897858    5.84450    -0.0674    13.8155 0.0000e+00  -64.54150  -62.78233 1154310961 212.080593    34.5070      22542          5  0.000e+00
    349.720     0.1781   2.897664     0.1778   2.897864    5.84445    -0.0233    13.8155 0.0000e+00  -64.54150  -62.78233 1154310961 212.080593    34.5067      22543          5  0.000e+00
    349.720     0.1779   2.897644     0.1785   2.897823    5.84449    -0.0343    13.8155 0.0000e+00  -64.54150  -62.78233 1154310961 212.080594    34.5067      22544          5  0.000e+00
    349.720     0.1780   2.897674     0.1781   2.897864    5.84446    -0.0564    13.8155 0.0000e+00  -64.54150  -62.78233 1154310961 212.080594    34.5069      22545          5  0.000e+00
    349.720     0.1782   2.897651     0.1778   2.897864    5.84445    -0.0784    13.8155 0.0000e+00  -64.54150  -62.78233 1154310961 212.080595    34.5065      22546          5  0.000e+00
    349.653     0.1781   2.897621     0.1780   2.897864    5.84442    -0.0894    13.8155 0.0000e+00  -64.54150  -62.78233 1154310961 212.080595    34.5061      22547          5  0.000e+00
    349.787     0.1779   2.897634     0.1783   2.897834    5.84455    -0.1114    13.8155 0.0000e+00  -64.54150  -62.78233 1154310961 212.080596    34.5065      22548          5  0.000e+00
    349.653     0.1779   2.897657     0.1778   2.897852    5.84443    -0.0784    13.8155 0.0000e+00  -64.54150  -62.78233 1154310961 212.080596    34.5069      22549          5  0.000e+00
    349.720     0.1777   2.897664     0.1783   2.897864    5.84450    -0.0123    13.8155 0.0000e+00  -64.54150  -62.78233 1154310961 212.080597    34.5071      22550          5  0.000e+00
    349.720     0.1777   2.897654     0.1780   2.897864    5.84451    -0.0123    13.8155 0.0000e+00  -64.54150  -62.78233 1154310961 212.080597    34.5071      22551          5  0.000e+00
    349.720     0.1779   2.897644     0.1781   2.897876    5.84449    -0.0123    13.8155 0.0000e+00  -64.54150  -62.78233 1154310962 212.080598    34.5067      22552          5  0.000e+00
    349.653     0.1782   2.897657     0.1779   2.897887    5.84916    -0.0123    13.8155 0.0000e+00  -64.54150  -62.78233 1154310962 212.080598    34.5066      22553          5  0.000e+00
    349.787     0.1779   2.897627     0.1779   2.897870    5.84456    -0.0454    13.8155 0.0000e+00  -64.54150  -62.78233 1154310962 212.080598    34.5065      22554          5  0.000e+00
    349.720     0.1774   2.897651     0.1780   2.897881    5.84930    -0.1225    13.8155 0.0000e+00  -64.54150  -62.78233 1154310962 212.080599    34.5073      22555          5  0.000e+00
    349.720     0.1781   2.897644     0.1784   2.897881    5.84446    -0.1004    13.8155 0.0000e+00  -64.54150  -62.78233 1154310962 212.080599    34.5064      22556          5  0.000e+00
    349.720     0.1777   2.897641     0.1779   2.897805    5.84451    -0.0674    13.8155 0.0000e+00  -64.54150  -62.78233 1154310962 212.080600    34.5068      22557          5  0.000e+00
    349.720     0.1780   2.897641     0.1783   2.897840    5.84448    -0.1225    13.8155 0.0000e+00  -64.54150  -62.78233 1154310962 212.080600    34.5065      22558          5  0.000e+00
    349.653     0.1779   2.897641     0.1781   2.897881    5.84444    -0.1004    13.8155 0.0000e+00  -64.54150  -62.78233 1154310962 212.080601    34.5067      22559          5  0.000e+00
    349.787     0.1781   2.897641     0.1779   2.897881    5.84928    -0.0564    13.8155 0.0000e+00  -64.54150  -62.78233 1154310962 212.080601    34.5063      22560          5  0.000e+00
    349.720     0.1777   2.897641     0.1778   2.897864    5.84451    -0.0233    13.8155 0.0000e+00  -64.54150  -62.78233 1154310962 212.080602    34.5068      22561          5  0.000e+00
    349.720     0.1782   2.897621     0.1783   2.897864    5.84447    -0.0454    13.8155 0.0000e+00  -64.54150  -62.78233 1154310962 212.080602    34.5061      22562          5  0.000e+00
    349.720     0.1779   2.897634     0.1783   2.897846    5.84450    -0.1225    13.8155 0.0000e+00  -64.54150  -62.78233 1154310962 212.080603    34.5066      22563          5  0.000e+00
    349.720     0.1775   2.897641     0.1776   2.897852    5.84454    -0.1225    13.8155 0.0000e+00  -64.54150  -62.78233 1154310962 212.080603    34.5071      22564          5  0.000e+00
    349.653     0.1779   2.897674     0.1781   2.897881    5.84442    -0.1445    13.8155 0.0000e+00  -64.54150  -62.78233 1154310962 212.080604    34.5072      22565          5  0.000e+00
    349.787     0.1782   2.897634     0.1779   2.897870    5.84452    -0.1445    13.8155 0.0000e+00  -64.54150  -62.78233 1154310962 212.080604    34.5062      22566          5  0.000e+00
    349.720     0.1780   2.897617     0.1783   2.897864    5.84449    -0.0894    13.8155 0.0000e+00  -64.54150  -62.78233 1154310962 212.080605    34.5062      22567          5  0.000e+00
    349.720     0.1780   2.897634     0.1781   2.897858    5.84448    -0.0343    13.8155 0.0000e+00  -64.54150  -62.78233 1154310962 212.080605    34.5064      22568          5  0.000e+00
    349.720     0.1777   2.897621     0.1780   2.897881    5.84453    -0.0784    13.8155 0.0000e+00  -64.54150  -62.78233 1154310962 212.080606    34.5066      22569          5  0.000e+00
    349.720     0.1777   2.897634     0.1775   2.897893    5.84452    -0.1335    13.8155 0.0000e+00  -64.54150  -62.78233 1154310962 212.080606    34.5067      22570          5  0.000e+00
    349.653     0.1782   2.897641     0.1775   2.897852    5.84440    -0.1004    13.8155 0.0000e+00  -64.54150  -62.78233 1154310962 212.080607    34.5064      22571          5  0.000e+00
    349.787     0.1775   2.897641     0.1778   2.897870    5.84459    -0.0454    13.8155 0.0000e+00  -64.54150  -62.78233 1154310962 212.080607    34.5070      22572          5  0.000e+00
    349.720     0.1780   2.897631     0.1775   2.897887    5.84449    -0.0564    13.8155 0.0000e+00  -64.54150  -62.78233 1154310962 212.080608    34.5064      22573          5  0.000e+00
    349.720     0.1780   2.897637     0.1776   2.897852    5.84448    -0.0343    13.8155 0.0000e+00  -64.54150  -62.78233 1154310962 212.080608    34.5064      22574          5  0.000e+00
    349.797     0.1783   2.897674     0.1783   2.897852    5.84448    -0.0343    13.8155 0.0000e+00  -64.54150  -62.78233 1154310962 212.080609    34.5065      22575          5  0.000e+00
    349.720     0.1779   2.897651     0.1780   2.897858    5.84449    -0.0454    13.8155 0.0000e+00  -64.54150  -62.78233 1154310963 212.080609    34.5068      22576          5  0.000e+00
    349.710     0.1780   2.897674     0.1778   2.897846    5.84446    -0.0784    13.8155 0.0000e+00  -64.54150  -62.78233 1154310963 212.080610    34.5070      22577          5  0.000e+00
    349.720     0.1779   2.897634     0.1781   2.897876    5.84450    -0.0564    13.8155 0.0000e+00  -64.54150  -62.78233 1154310963 212.080610    34.5066      22578          5  0.000e+00
    349.720     0.1782   2.897634     0.1778   2.897881    5.84446    -0.0013    13.8155 0.0000e+00  -64.54150  -62.78233 1154310963 212.080611    34.5062      22579          5  0.000e+00
    349.720     0.1780   2.897641     0.1780   2.897864    5.84448     0.0097    13.8155 0.0000e+00  -64.54150  -62.78233 1154310963 212.080611    34.5065      22580          5  0.000e+00
    349.720     0.1779   2.897674     0.1778   2.897864    5.84448    -0.0233    13.8155 0.0000e+00  -64.54150  -62.78233 1154310963 212.080611    34.5071      22581          5  0.000e+00
    349.720     0.1777   2.897651     0.1783   2.897846    5.84451     0.0097    13.8155 0.0000e+00  -64.54150  -62.78233 1154310963 212.080612    34.5070      22582          5  0.000e+00
    349.711     0.1782   2.897658     0.1780   2.897870    5.84444    -0.0013    13.8155 0.0000e+00  -64.54150  -62.78233 1154310963 212.080612    34.5066      22583          5  0.000e+00
    349.721     0.1780   2.897658     0.1778   2.897858    5.84447    -0.0013    13.8155 0.0000e+00  -64.54150  -62.78233 1154310968 212.080671    34.5067      22704          6  0.000e+00
    349.721     0.1774   2.897664     0.1783   2.897864    5.84454    -0.0123    13.8155 0.0000e+00  -64.54150  -62.78233 1154310968 212.080671    34.5075      22705          6  0.000e+00
    349.798     0.1780   2.897644     0.1783   2.897846    5.84454    -0.0123    13.8155 0.0000e+00  -64.54150  -62.78233 1154310968 212.080672    34.5065      22706          6  0.000e+00
    349.721     0.1780   2.897668     0.1778   2.897852    5.84447    -0.0674    13.8155 0.0000e+00  -64.54150  -62.78233 1154310968 212.080672    34.5069      22707          6  0.000e+00
    349.721     0.1779   2.897631     0.1783   2.897858    5.84450    -0.0564    13.8155 0.0000e+00  -64.54150  -62.78233 1154310968 212.080673    34.5065      22708          6  0.000e+00
    349.788     0.1782   2.897634     0.1781   2.897864    5.84452    -0.0674    13.8155 0.0000e+00  -64.54150  -62.78233 1154310968 212.080673    34.5062      22709          6  0.000e+00
    349.721     0.1780   2.897658     0.1781   2.897864    5.84923    -0.0674    13.8155 0.0000e+00  -64.54150  -62.78233 1154310968 212.080674    34.5067      22710          6  0.000e+00
    349.721     0.1780   2.897627     0.1778   2.897858    5.84925    -0.0343    13.8155 0.0000e+00  -64.54150  -62.78233 1154310968 212.080674    34.5064      22711          6  0.000e+00
    349.798     0.1782   2.897617     0.1783   2.897858    5.84930    -0.0454    13.8155 0.0000e+00  -64.54150  -62.78233 1154310968 212.080675    34.5060      22712          6  0.000e+00
    349.721     0.1777   2.897651     0.1780   2.897864    5.84927    -0.0564    13.8155 0.0000e+00  -64.54150  -62.78233 1154310968 212.080675    34.5070      22713          6  0.000e+00
