product_data/regression_test/downloaded_data/MGDS/320620060703/ctd/p6621705.cnv
* Sea-Bird SBE 9 Data File:
* FileName = D:\Data\Raw\p6621705.dat
* Software Version Seasave Win32 V 5.32
* Temperature SN = 1649
* Conductivity SN = 1431
* Number of Bytes Per Scan = 37
* Number of Voltage Words = 5
* Number of Scans Averaged by the Deck Unit = 1
* NMEA Latitude = 62 31.54 S
* NMEA Longitude = 062 27.50 W
* NMEA UTC (Time) = 15:50:37
** Ship:   Nathaniel B. Palmer 
** Cruise:    NBP0606 
# nquan = 15
# nvalues = 418                         
# units = specified
# name 0 = prDM: Pressure, Digiquartz [db]
# name 1 = t090C: Temperature [ITS-90, deg C]
# name 2 = c0S/m: Conductivity [S/m]
# name 3 = t190C: Temperature, 2 [ITS-90, deg C]
# name 4 = c1S/m: Conductivity, 2 [S/m]
# name 5 = sbeox0ML/L: Oxygen, SBE 43 [ml/l]
# name 6 = flECO-AFL: Fluorescence, Wetlab ECO-AFL/FL [mg/m^3]
# name 7 = bat: Beam Attenuation, Chelsea/Seatech/Wetlab CStar [1/m]
# name 8 = spar: SPAR/Surface Irradiance
# name 9 = latitude: Latitude [deg]
# name 10 = longitude: Longitude [deg]
# name 11 = timeY: Time, System [seconds]
# name 12 = timeJ: Julian Days
# name 13 = sal00: Salinity [PSU]
# name 14 = flag: flag
# span 0 =     15.000,    432.000       
# span 1 =    -1.0324,     0.9215       
# span 2 =   2.756841,   2.972807       
# span 3 =    -1.0331,     0.9224       
# span 4 =   2.757498,   2.973026       
# span 5 =    5.28342,    8.01494       
# span 6 =    -0.0918,     0.1259       
# span 7 =    13.8155,    13.8155       
# span 8 = 1.5191e+02, 3.6883e+02       
# span 9 =  -62.52567,  -62.52567       
# span 10 =  -62.45833,  -62.45833      
# span 11 = 1154447463, 1154448167      
# span 12 = 213.660457, 213.668608      
# span 13 =    34.1902,    34.6097      
# span 14 = 0.0000e+00, 0.0000e+00      
# interval = decibars: 1                
# start_time = Aug 01 2006 15:50:56
# bad_flag = -9.990e-29
*END*
[from data line 290]
    305.000     0.5382   2.928079     0.5393   2.928260    5.70988    -0.0401    13.8155 2.9988e+02  -62.52567  -62.45833 1154447995 213.666629    34.5277 0.0000e+00
    306.000     0.5385   2.928210     0.5392   2.928401    5.70548    -0.0367    13.8155 2.9792e+02  -62.52567  -62.45833 1154447996 213.666636    34.5286 0.0000e+00
    307.000     0.5385   2.928257     0.5392   2.928443    5.70019    -0.0460    13.8155 2.9806e+02  -62.52567  -62.45833 1154447997 213.666643    34.5287 0.0000e+00
    308.000     0.5385   2.928278     0.5392   2.928490    5.69785    -0.0290    13.8155 2.9771e+02  -62.52567  -62.45833 1154447997 213.666651    34.5285 0.0000e+00
    309.000     0.5339   2.927855     0.5375   2.928357    5.69275    -0.0564    13.8155 2.9226e+02  -62.52567  -62.45833 1154448001 213.666692    34.5279 0.0000e+00
    310.000     0.5362   2.928274     0.5371   2.928472    5.68968    -0.0241    13.8155 2.9284e+02  -62.52567  -62.45833 1154448001 213.666699    34.5304 0.0000e+00
    311.000     0.5352   2.928371     0.5364   2.928582    5.68765    -0.0508    13.8155 2.9327e+02  -62.52567  -62.45833 1154448002 213.666707    34.5322 0.0000e+00
    312.000     0.5356   2.928438     0.5366   2.928664    5.68578    -0.0504    13.8155 2.9457e+02  -62.52567  -62.45833 1154448003 213.666714    34.5320 0.0000e+00
    313.000     0.5350   2.928428     0.5359   2.928646    5.68391    -0.0483    13.8155 2.9568e+02  -62.52567  -62.45833 1154448003 213.666721    34.5320 0.0000e+00
    314.000     0.5350   2.928431     0.5360   2.928651    5.68581    -0.0404    13.8155 2.6130e+02  -62.52567  -62.45833 1154448006 213.666751    34.5316 0.0000e+00
    315.000     0.5349   2.928548     0.5362   2.928759    5.68753    -0.0341    13.8155 2.4818e+02  -62.52567  -62.45833 1154448008 213.666776    34.5327 0.0000e+00
    316.000     0.5368   2.928863     0.5378   2.929077    5.68410    -0.0224    13.8155 2.4547e+02  -62.52567  -62.45833 1154448009 213.666783    34.5342 0.0000e+00
    317.000     0.5364   2.928844     0.5375   2.929075    5.68200    -0.0469    13.8155 2.4522e+02  -62.52567  -62.45833 1154448009 213.666791    34.5336 0.0000e+00
    318.000     0.5374   2.928997     0.5384   2.929210    5.67952    -0.0378    13.8155 2.4518e+02  -62.52567  -62.45833 1154448010 213.666799    34.5341 0.0000e+00
    319.000     0.5391   2.929245     0.5402   2.929451    5.67952    -0.0401    13.8155 2.4484e+02  -62.52567  -62.45833 1154448012 213.666817    34.5347 0.0000e+00
    320.000     0.5401   2.929392     0.5413   2.929626    5.67910    -0.0287    13.8155 2.4537e+02  -62.52567  -62.45833 1154448013 213.666839    34.5350 0.0000e+00
    321.000     0.5403   2.929482     0.5414   2.929687    5.67811    -0.0476    13.8155 2.4746e+02  -62.52567  -62.45833 1154448015 213.666852    34.5354 0.0000e+00
    322.000     0.5446   2.930021     0.5455   2.930183    5.67513    -0.0702    13.8155 2.4960e+02  -62.52567  -62.45833 1154448016 213.666864    34.5369 0.0000e+00
    323.000     0.5457   2.930161     0.5467   2.930374    5.67219    -0.0379    13.8155 2.5343e+02  -62.52567  -62.45833 1154448017 213.666875    34.5369 0.0000e+00
    324.000     0.5463   2.930298     0.5472   2.930466    5.66687    -0.0376    13.8155 2.5980e+02  -62.52567  -62.45833 1154448018 213.666887    34.5374 0.0000e+00
    325.000     0.5502   2.930757     0.5510   2.930911    5.66273    -0.0502    13.8155 2.6483e+02  -62.52567  -62.45833 1154448019 213.666900    34.5384 0.0000e+00
    326.000     0.5513   2.930912     0.5522   2.931095    5.66022    -0.0510    13.8155 2.7143e+02  -62.52567  -62.45833 1154448020 213.666916    34.5385 0.0000e+00
    327.000     0.5535   2.931194     0.5551   2.931451    5.65772    -0.0472    13.8155 2.7841e+02  -62.52567  -62.45833 1154448022 213.666935    34.5392 0.0000e+00
    328.000     0.5556   2.931462     0.5566   2.931678    5.65444    -0.0616    13.8155 2.8622e+02  -62.52567  -62.45833 1154448023 213.666953    34.5398 0.0000e+00
    329.000     0.5566   2.931628     0.5579   2.931856    5.65013    -0.0450    13.8155 2.8986e+02  -62.52567  -62.45833 1154448024 213.666966    34.5403 0.0000e+00
    330.000     0.5626   2.932365     0.5647   2.932668    5.64561    -0.0395    13.8155 2.9165e+02  -62.52567  -62.45833 1154448025 213.666976    34.5425 0.0000e+00
    331.000     0.5652   2.932691     0.5659   2.932845    5.64377    -0.0386    13.8155 2.9530e+02  -62.52567  -62.45833 1154448026 213.666986    34.5432 0.0000e+00
    332.000     0.5668   2.932917     0.5673   2.933059    5.64111    -0.0728    13.8155 3.0154e+02  -62.52567  -62.45833 1154448027 213.666999    34.5438 0.0000e+00
    333.000     0.5693   2.933257     0.5694   2.933342    5.63857    -0.0568    13.8155 3.1208e+02  -62.52567  -62.45833 1154448029 213.667020    34.5449 0.0000e+00
    334.000     0.5705   2.933485     0.5715   2.933717    5.63847    -0.0454    13.8155 3.1466e+02  -62.52567  -62.45833 1154448031 213.667038    34.5459 0.0000e+00
    335.000     0.5678   2.933283     0.5686   2.933478    5.63576    -0.0520    13.8155 3.1364e+02  -62.52567  -62.45833 1154448032 213.667050    34.5458 0.0000e+00
    336.000     0.5622   2.932839     0.5632   2.933078    5.63495    -0.0256    13.8155 3.1549e+02  -62.52567  -62.45833 1154448033 213.667060    34.5458 0.0000e+00
    337.000     0.5608   2.932742     0.5614   2.932933    5.63429    -0.0433    13.8155 3.1567e+02  -62.52567  -62.45833 1154448033 213.667071    34.5456 0.0000e+00
    338.000     0.5621   2.932916     0.5624   2.933052    5.63329    -0.0479    13.8155 3.1742e+02  -62.52567  -62.45833 1154448035 213.667089    34.5458 0.0000e+00
    339.000     0.5618   2.932920     0.5622   2.933098    5.63414    -0.0640    13.8155 3.1908e+02  -62.52567  -62.45833 1154448037 213.667107    34.5457 0.0000e+00
    340.000     0.5614   2.932963     0.5623   2.933180    5.63394    -0.0708    13.8155 3.2186e+02  -62.52567  -62.45833 1154448038 213.667118    34.5462 0.0000e+00
    341.000     0.5625   2.933121     0.5630   2.933294    5.63182    -0.0511    13.8155 3.2107e+02  -62.52567  -62.45833 1154448038 213.667128    34.5463 0.0000e+00
    342.000     0.5626   2.933252     0.5634   2.933462    5.63065    -0.0478    13.8155 3.1744e+02  -62.52567  -62.45833 1154448039 213.667140    34.5472 0.0000e+00
    343.000     0.5613   2.933175     0.5623   2.933404    5.63117    -0.0459    13.8155 3.1158e+02  -62.52567  -62.45833 1154448041 213.667159    34.5472 0.0000e+00
    344.000     0.5615   2.933269     0.5632   2.933539    5.63063    -0.0420    13.8155 3.1008e+02  -62.52567  -62.45833 1154448043 213.667176    34.5477 0.0000e+00
    345.000     0.5678   2.933989     0.5684   2.934121    5.62315    -0.0477    13.8155 3.0977e+02  -62.52567  -62.45833 1154448044 213.667188    34.5493 0.0000e+00
    346.000     0.5849   2.935717     0.5861   2.935878    5.61553    -0.0332    13.8155 3.0649e+02  -62.52567  -62.45833 1154448045 213.667201    34.5517 0.0000e+00
    347.000     0.5960   2.936832     0.5987   2.937148    5.60651    -0.0281    13.8155 3.0105e+02  -62.52567  -62.45833 1154448046 213.667218    34.5529 0.0000e+00
    348.000     0.6000   2.937256     0.6012   2.937473    5.60029    -0.0219    13.8155 2.9827e+02  -62.52567  -62.45833 1154448048 213.667234    34.5534 0.0000e+00
    349.000     0.6057   2.937884     0.6068   2.938087    5.59825    -0.0362    13.8155 2.9336e+02  -62.52567  -62.45833 1154448048 213.667244    34.5546 0.0000e+00
    350.000     0.6058   2.937934     0.6067   2.938151    5.59574    -0.0543    13.8155 2.9348e+02  -62.52567  -62.45833 1154448049 213.667253    34.5546 0.0000e+00
    351.000     0.6112   2.938515     0.6119   2.938664    5.59229    -0.0479    13.8155 2.9152e+02  -62.52567  -62.45833 1154448050 213.667260    34.5555 0.0000e+00
    352.000     0.6133   2.938743     0.6139   2.938902    5.58872    -0.0418    13.8155 2.9100e+02  -62.52567  -62.45833 1154448051 213.667270    34.5555 0.0000e+00
    353.000     0.6111   2.938588     0.6126   2.938847    5.58173    -0.0340    13.8155 2.8309e+02  -62.52567  -62.45833 1154448054 213.667306    34.5557 0.0000e+00
    354.000     0.6146   2.938988     0.6175   2.939359    5.57800    -0.0418    13.8155 2.8222e+02  -62.52567  -62.45833 1154448055 213.667320    34.5566 0.0000e+00
    355.000     0.6179   2.939383     0.6227   2.939892    5.57322    -0.0248    13.8155 2.8322e+02  -62.52567  -62.45833 1154448056 213.667331    34.5577 0.0000e+00
    356.000     0.6423   2.941780     0.6440   2.941989    5.56650    -0.0537    13.8155 2.7994e+02  -62.52567  -62.45833 1154448057 213.667344    34.5600 0.0000e+00
    357.000     0.6459   2.942157     0.6450   2.942169    5.56139    -0.0549    13.8155 2.7584e+02  -62.52567  -62.45833 1154448059 213.667364    34.5605 0.0000e+00
    358.000     0.6451   2.942127     0.6454   2.942261    5.55893    -0.0610    13.8155 2.7300e+02  -62.52567  -62.45833 1154448060 213.667379    34.5606 0.0000e+00
    359.000     0.6463   2.942298     0.6470   2.942462    5.55450    -0.0262    13.8155 2.7278e+02  -62.52567  -62.45833 1154448061 213.667390    34.5610 0.0000e+00
    360.000     0.6531   2.943015     0.6539   2.943168    5.55078    -0.0552    13.8155 2.7381e+02  -62.52567  -62.45833 1154448062 213.667400    34.5621 0.0000e+00
    361.000     0.6561   2.943319     0.6566   2.943499    5.54654    -0.0530    13.8155 2.7302e+02  -62.52567  -62.45833 1154448063 213.667408    34.5619 0.0000e+00
    362.000     0.6577   2.943539     0.6596   2.943800    5.54116    -0.0526    13.8155 2.7264e+02  -62.52567  -62.45833 1154448063 213.667417    34.5626 0.0000e+00
    363.000     0.6591   2.943711     0.6612   2.944011    5.53376    -0.0428    13.8155 2.7029e+02  -62.52567  -62.45833 1154448064 213.667430    34.5628 0.0000e+00
    364.000     0.6738   2.945163     0.6766   2.945517    5.51893    -0.0398    13.8155 2.6749e+02  -62.52567  -62.45833 1154448066 213.667449    34.5644 0.0000e+00
    365.000     0.6757   2.945382     0.6771   2.945617    5.51535    -0.0514    13.8155 2.6170e+02  -62.52567  -62.45833 1154448068 213.667470    34.5647 0.0000e+00
    366.000     0.6916   2.946990     0.6946   2.947305    5.50408    -0.0430    13.8155 2.5917e+02  -62.52567  -62.45833 1154448069 213.667487    34.5672 0.0000e+00
    367.000     0.7396   2.951739     0.7444   2.952105    5.48659    -0.0519    13.8155 2.5577e+02  -62.52567  -62.45833 1154448071 213.667501    34.5739 0.0000e+00
    368.000     0.7533   2.953008     0.7537   2.953133    5.47377    -0.0534    13.8155 2.5289e+02  -62.52567  -62.45833 1154448072 213.667516    34.5738 0.0000e+00
    369.000     0.7471   2.952494     0.7488   2.952766    5.46582    -0.0751    13.8155 2.5118e+02  -62.52567  -62.45833 1154448073 213.667530    34.5741 0.0000e+00
    370.000     0.7553   2.953461     0.7565   2.953604    5.46075    -0.0575    13.8155 2.4934e+02  -62.52567  -62.45833 1154448074 213.667543    34.5772 0.0000e+00
    371.000     0.7629   2.954309     0.7641   2.954510    5.45610    -0.0521    13.8155 2.5150e+02  -62.52567  -62.45833 1154448075 213.667555    34.5789 0.0000e+00
    372.000     0.7651   2.954560     0.7654   2.954697    5.44998    -0.0658    13.8155 2.5121e+02  -62.52567  -62.45833 1154448076 213.667566    34.5794 0.0000e+00
    373.000     0.7685   2.954939     0.7690   2.955072    5.44338    -0.0392    13.8155 2.5101e+02  -62.52567  -62.45833 1154448077 213.667576    34.5800 0.0000e+00
    374.000     0.7671   2.954823     0.7681   2.955056    5.44328    -0.0371    13.8155 2.5229e+02  -62.52567  -62.45833 1154448078 213.667586    34.5795 0.0000e+00
    375.000     0.7631   2.954501     0.7642   2.954709    5.44223    -0.0497    13.8155 2.5468e+02  -62.52567  -62.45833 1154448079 213.667599    34.5796 0.0000e+00
    376.000     0.7624   2.954449     0.7627   2.954609    5.44024    -0.0638    13.8155 2.6192e+02  -62.52567  -62.45833 1154448081 213.667627    34.5795 0.0000e+00
    377.000     0.7637   2.954649     0.7636   2.954741    5.44012    -0.0595    13.8155 2.6482e+02  -62.52567  -62.45833 1154448083 213.667644    34.5802 0.0000e+00
    378.000     0.7670   2.955002     0.7675   2.955171    5.43879    -0.0438    13.8155 2.6760e+02  -62.52567  -62.45833 1154448084 213.667655    34.5803 0.0000e+00
    379.000     0.7644   2.954797     0.7645   2.954944    5.44065    -0.0740    13.8155 2.7016e+02  -62.52567  -62.45833 1154448085 213.667666    34.5802 0.0000e+00
    380.000     0.7633   2.954746     0.7645   2.954964    5.44205    -0.0246    13.8155 2.7279e+02  -62.52567  -62.45833 1154448086 213.667677    34.5802 0.0000e+00
    381.000     0.7646   2.954899     0.7664   2.955189    5.44242    -0.0450    13.8155 2.7592e+02  -62.52567  -62.45833 1154448087 213.667691    34.5803 0.0000e+00
    382.000     0.7644   2.954924     0.7649   2.955098    5.44059    -0.0582    13.8155 2.7921e+02  -62.52567  -62.45833 1154448089 213.667707    34.5803 0.0000e+00
    383.000     0.7613   2.954687     0.7628   2.954947    5.44154    -0.0528    13.8155 2.8224e+02  -62.52567  -62.45833 1154448090 213.667722    34.5802 0.0000e+00
    384.000     0.7624   2.954847     0.7630   2.955013    5.44282    -0.0177    13.8155 2.8306e+02  -62.52567  -62.45833 1154448091 213.667737    34.5805 0.0000e+00
    385.000     0.7602   2.954669     0.7619   2.954955    5.43993    -0.0414    13.8155 2.8428e+02  -62.52567  -62.45833 1154448092 213.667750    34.5802 0.0000e+00
    386.000     0.7609   2.954782     0.7617   2.954988    5.43931    -0.0622    13.8155 2.8728e+02  -62.52567  -62.45833 1154448093 213.667762    34.5803 0.0000e+00
    387.000     0.7606   2.954796     0.7613   2.955009    5.43944    -0.0495    13.8155 2.9140e+02  -62.52567  -62.45833 1154448094 213.667774    34.5802 0.0000e+00
    388.000     0.7583   2.954627     0.7596   2.954885    5.43990    -0.0585    13.8155 2.9604e+02  -62.52567  -62.45833 1154448095 213.667789    34.5800 0.0000e+00
    389.000     0.7570   2.954555     0.7582   2.954789    5.44192    -0.0521    13.8155 3.0549e+02  -62.52567  -62.45833 1154448097 213.667811    34.5801 0.0000e+00
    390.000     0.7565   2.954550     0.7569   2.954730    5.44158    -0.0422    13.8155 3.1448e+02  -62.52567  -62.45833 1154448099 213.667829    34.5799 0.0000e+00
    391.000     0.7559   2.954546     0.7567   2.954761    5.44209    -0.0177    13.8155 3.1728e+02  -62.52567  -62.45833 1154448100 213.667840    34.5801 0.0000e+00
    392.000     0.7561   2.954605     0.7569   2.954832    5.44334    -0.0918    13.8155 3.1989e+02  -62.52567  -62.45833 1154448101 213.667849    34.5799 0.0000e+00
    393.000     0.7578   2.954838     0.7585   2.955044    5.44176    -0.0454    13.8155 3.2393e+02  -62.52567  -62.45833 1154448101 213.667857    34.5805 0.0000e+00
    394.000     0.7641   2.955517     0.7640   2.955609    5.43992    -0.0441    13.8155 3.2929e+02  -62.52567  -62.45833 1154448102 213.667868    34.5816 0.0000e+00
    395.000     0.7638   2.955523     0.7654   2.955808    5.43497    -0.0476    13.8155 3.4250e+02  -62.52567  -62.45833 1154448105 213.667895    34.5813 0.0000e+00
    396.000     0.7683   2.956037     0.7713   2.956426    5.42855    -0.0282    13.8155 3.5508e+02  -62.52567  -62.45833 1154448106 213.667913    34.5825 0.0000e+00
    397.000     0.7698   2.956210     0.7716   2.956506    5.42283    -0.0492    13.8155 3.5944e+02  -62.52567  -62.45833 1154448107 213.667923    34.5823 0.0000e+00
    398.000     0.7781   2.957115     0.7832   2.957671    5.41807    -0.0438    13.8155 3.6059e+02  -62.52567  -62.45833 1154448108 213.667932    34.5842 0.0000e+00
    399.000     0.8020   2.959543     0.8048   2.959762    5.41106    -0.0502    13.8155 3.6060e+02  -62.52567  -62.45833 1154448109 213.667941    34.5880 0.0000e+00
