product_data/regression_test/downloaded_data/MGDS/320620060703/ctd/p6621705.cnv
* Sea-Bird SBE 9 Data File:
* FileName = D:\Data\Raw\p6621705.dat
* Software Version Seasave Win32 V 5.32
* Temperature SN = 1649
* Conductivity SN = 1431
* Number of Bytes Per Scan = 37
* Number of Voltage Words = 5
* Number of Scans Averaged by the Deck Unit = 1
* NMEA Latitude = 62 31.54 S
* NMEA Longitude = 062 27.50 W
* NMEA UTC (Time) = 15:50:37
** Ship:   Nathaniel B. Palmer 
** Cruise:    NBP0606 
# nquan = 15
# nvalues = 418                         
# units = specified
# name 0 = prDM: Pressure, Digiquartz [db]
# name 1 = t090C: Temperature [ITS-90, deg C]
# name 2 = c0S/m: Conductivity [S/m]
# name 3 = t190C: Temperature, 2 [ITS-90, deg C]
# name 4 = c1S/m: Conductivity, 2 [S/m]
# name 5 = sbeox0ML/L: Oxygen, SBE 43 [ml/l]
# name 6 = flECO-AFL: Fluorescence, Wetlab ECO-AFL/FL [mg/m^3]
# name 7 = bat: Beam Attenuation, Chelsea/Seatech/Wetlab CStar [1/m]
# name 8 = spar: SPAR/Surface Irradiance
# name 9 = latitude: Latitude [deg]
# name 10 = longitude: Longitude [deg]
# name 11 = timeY: Time, System [seconds]
# name 12 = timeJ: Julian Days
# name 13 = sal00: Salinity [PSU]
# name 14 = flag: flag
# span 0 =     15.000,    432.000       
# span 1 =    -1.0324,     0.9215       
# span 2 =   2.756841,   2.972807       
# span 3 =    -1.0331,     0.9224       
# span 4 =   2.757498,   2.973026       
# span 5 =    5.28342,    8.01494       
# span 6 =    -0.0918,     0.1259       
# span 7 =    13.8155,    13.8155       
# span 8 = 1.5191e+02, 3.6883e+02       
# span 9 =  -62.52567,  -62.52567       
# span 10 =  -62.45833,  -62.45833      
# span 11 = 1154447463, 1154448167      
# span 12 = 213.660457, 213.668608      
# span 13 =    34.1902,    34.6097      
# span 14 = 0.0000e+00, 0.0000e+00      
# interval = decibars: 1                
# start_time = Aug 01 2006 15:50:56
# bad_flag = -9.990e-29
*END*
[from data line 97]
    112.000    -0.9873   2.768775    -0.9864   2.769169    7.90056     0.0608    13.8155 2.1130e+02  -62.52567  -62.45833 1154447681 213.662987    34.2417 0.0000e+00
    113.000    -0.9880   2.768756    -0.9868   2.769148    7.90423     0.0653    13.8155 2.0656e+02  -62.52567  -62.45833 1154447684 213.663027    34.2416 0.0000e+00
    114.000    -0.9872   2.768901    -0.9861   2.769293    7.90438     0.0555    13.8155 2.0501e+02  -62.52567  -62.45833 1154447686 213.663047    34.2420 0.0000e+00
    115.000    -0.9872   2.768937    -0.9861   2.769346    7.89750     0.0529    13.8155 2.0200e+02  -62.52567  -62.45833 1154447687 213.663062    34.2420 0.0000e+00
    116.000    -0.9865   2.769093    -0.9855   2.769488    7.89383     0.0530    13.8155 1.9865e+02  -62.52567  -62.45833 1154447688 213.663078    34.2427 0.0000e+00
    117.000    -0.9863   2.769172    -0.9851   2.769559    7.89316     0.0548    13.8155 1.9871e+02  -62.52567  -62.45833 1154447690 213.663091    34.2428 0.0000e+00
    118.000    -0.9860   2.769239    -0.9848   2.769635    7.89156     0.0615    13.8155 1.9871e+02  -62.52567  -62.45833 1154447691 213.663102    34.2428 0.0000e+00
    119.000    -0.9862   2.769271    -0.9848   2.769701    7.88840     0.0742    13.8155 1.9886e+02  -62.52567  -62.45833 1154447694 213.663137    34.2429 0.0000e+00
    120.000    -0.9858   2.769323    -0.9844   2.769728    7.89024     0.0435    13.8155 2.0103e+02  -62.52567  -62.45833 1154447696 213.663163    34.2430 0.0000e+00
    121.000    -0.9849   2.769514    -0.9838   2.769897    7.89082     0.0463    13.8155 2.0439e+02  -62.52567  -62.45833 1154447697 213.663174    34.2435 0.0000e+00
    122.000    -0.9842   2.769656    -0.9833   2.770011    7.88807     0.0636    13.8155 2.0534e+02  -62.52567  -62.45833 1154447698 213.663187    34.2439 0.0000e+00
    123.000    -0.9838   2.769732    -0.9827   2.770113    7.88426     0.0579    13.8155 2.0875e+02  -62.52567  -62.45833 1154447700 213.663209    34.2440 0.0000e+00
    124.000    -0.9836   2.769809    -0.9825   2.770185    7.88636     0.0480    13.8155 2.1055e+02  -62.52567  -62.45833 1154447702 213.663231    34.2441 0.0000e+00
    125.000    -0.9831   2.769922    -0.9819   2.770315    7.88551     0.0652    13.8155 2.1210e+02  -62.52567  -62.45833 1154447703 213.663249    34.2445 0.0000e+00
    126.000    -0.9830   2.769984    -0.9818   2.770365    7.88220     0.0530    13.8155 2.1385e+02  -62.52567  -62.45833 1154447705 213.663270    34.2446 0.0000e+00
    127.000    -0.9819   2.770156    -0.9810   2.770519    7.87842     0.0335    13.8155 2.1285e+02  -62.52567  -62.45833 1154447707 213.663293    34.2451 0.0000e+00
    128.000    -0.9812   2.770291    -0.9801   2.770653    7.87821     0.0568    13.8155 2.1134e+02  -62.52567  -62.45833 1154447709 213.663315    34.2454 0.0000e+00
    129.000    -0.9806   2.770411    -0.9794   2.770798    7.87801     0.0589    13.8155 2.0920e+02  -62.52567  -62.45833 1154447711 213.663341    34.2458 0.0000e+00
    130.000    -0.9805   2.770469    -0.9796   2.770829    7.87720     0.0638    13.8155 2.0638e+02  -62.52567  -62.45833 1154447712 213.663356    34.2458 0.0000e+00
    131.000    -0.9782   2.770785    -0.9771   2.771152    7.87780     0.0718    13.8155 2.0369e+02  -62.52567  -62.45833 1154447714 213.663368    34.2466 0.0000e+00
    132.000    -0.9779   2.770851    -0.9768   2.771222    7.87866     0.0566    13.8155 2.0233e+02  -62.52567  -62.45833 1154447715 213.663387    34.2468 0.0000e+00
    133.000    -0.9780   2.770895    -0.9768   2.771256    7.87934     0.0614    13.8155 1.9779e+02  -62.52567  -62.45833 1154447717 213.663413    34.2469 0.0000e+00
    134.000    -0.9773   2.771008    -0.9762   2.771378    7.87505     0.0472    13.8155 1.9517e+02  -62.52567  -62.45833 1154447719 213.663433    34.2471 0.0000e+00
    135.000    -0.9772   2.771063    -0.9761   2.771428    7.87224     0.0569    13.8155 1.9128e+02  -62.52567  -62.45833 1154447721 213.663452    34.2471 0.0000e+00
    136.000    -0.9769   2.771151    -0.9758   2.771509    7.87307     0.0503    13.8155 1.8951e+02  -62.52567  -62.45833 1154447723 213.663475    34.2473 0.0000e+00
    137.000    -0.9765   2.771235    -0.9753   2.771617    7.87181     0.0437    13.8155 1.8888e+02  -62.52567  -62.45833 1154447725 213.663498    34.2474 0.0000e+00
    138.000    -0.9755   2.771401    -0.9744   2.771750    7.87029     0.0502    13.8155 1.8891e+02  -62.52567  -62.45833 1154447726 213.663516    34.2479 0.0000e+00
    139.000    -0.9745   2.771523    -0.9733   2.771921    7.86613     0.0466    13.8155 1.8897e+02  -62.52567  -62.45833 1154447728 213.663530    34.2478 0.0000e+00
    140.000    -0.9746   2.771574    -0.9735   2.771943    7.86595     0.0812    13.8155 1.8990e+02  -62.52567  -62.45833 1154447729 213.663542    34.2480 0.0000e+00
    141.000    -0.9738   2.771702    -0.9729   2.772047    7.86675     0.0550    13.8155 1.9503e+02  -62.52567  -62.45833 1154447730 213.663563    34.2482 0.0000e+00
    142.000    -0.9724   2.771934    -0.9725   2.772131    7.86728     0.0639    13.8155 2.0651e+02  -62.52567  -62.45833 1154447734 213.663607    34.2485 0.0000e+00
    143.000    -0.9706   2.772101    -0.9701   2.772420    7.86720     0.0530    13.8155 2.0650e+02  -62.52567  -62.45833 1154447735 213.663616    34.2487 0.0000e+00
    144.000    -0.9705   2.772159    -0.9695   2.772505    7.86626     0.0398    13.8155 2.1088e+02  -62.52567  -62.45833 1154447736 213.663626    34.2488 0.0000e+00
    145.000    -0.9709   2.772154    -0.9698   2.772523    7.86397     0.0571    13.8155 2.2036e+02  -62.52567  -62.45833 1154447738 213.663651    34.2485 0.0000e+00
    146.000    -0.9701   2.772298    -0.9693   2.772616    7.85924     0.0607    13.8155 2.2547e+02  -62.52567  -62.45833 1154447740 213.663676    34.2489 0.0000e+00
    147.000    -0.9697   2.772371    -0.9685   2.772751    7.85898     0.0451    13.8155 2.2795e+02  -62.52567  -62.45833 1154447741 213.663688    34.2489 0.0000e+00
    148.000    -0.9685   2.772548    -0.9674   2.772901    7.85836     0.0431    13.8155 2.2951e+02  -62.52567  -62.45833 1154447742 213.663702    34.2493 0.0000e+00
    149.000    -0.9667   2.772780    -0.9656   2.773132    7.85425     0.0561    13.8155 2.3475e+02  -62.52567  -62.45833 1154447744 213.663717    34.2497 0.0000e+00
    150.000    -0.9657   2.772934    -0.9646   2.773283    7.85406     0.0513    13.8155 2.3860e+02  -62.52567  -62.45833 1154447746 213.663741    34.2501 0.0000e+00
    151.000    -0.9659   2.772961    -0.9641   2.773384    7.85481     0.0330    13.8155 2.4081e+02  -62.52567  -62.45833 1154447749 213.663779    34.2501 0.0000e+00
    152.000    -0.9653   2.773088    -0.9642   2.773439    7.85054     0.0465    13.8155 2.4045e+02  -62.52567  -62.45833 1154447751 213.663797    34.2505 0.0000e+00
    153.000    -0.9662   2.773087    -0.9651   2.773445    7.84942     0.0446    13.8155 2.3923e+02  -62.52567  -62.45833 1154447752 213.663819    34.2510 0.0000e+00
    154.000    -0.9671   2.773118    -0.9659   2.773476    7.84930     0.0668    13.8155 2.3550e+02  -62.52567  -62.45833 1154447755 213.663841    34.2518 0.0000e+00
    155.000    -0.9686   2.773078    -0.9675   2.773441    7.84718     0.0295    13.8155 2.3254e+02  -62.52567  -62.45833 1154447756 213.663854    34.2524 0.0000e+00
    156.000    -0.9696   2.773061    -0.9686   2.773427    7.84455     0.0477    13.8155 2.3351e+02  -62.52567  -62.45833 1154447756 213.663865    34.2527 0.0000e+00
    157.000    -0.9706   2.773112    -0.9694   2.773482    7.84201     0.0077    13.8155 2.3242e+02  -62.52567  -62.45833 1154447757 213.663875    34.2540 0.0000e+00
    158.000    -0.9674   2.773499    -0.9664   2.773832    7.84347     0.0196    13.8155 2.3286e+02  -62.52567  -62.45833 1154447759 213.663892    34.2548 0.0000e+00
    159.000    -0.9680   2.773426    -0.9669   2.773784    7.84667     0.0521    13.8155 2.3177e+02  -62.52567  -62.45833 1154447762 213.663933    34.2540 0.0000e+00
    160.000    -0.9699   2.773376    -0.9687   2.773715    7.84504     0.0682    13.8155 2.2846e+02  -62.52567  -62.45833 1154447765 213.663967    34.2548 0.0000e+00
    161.000    -0.9742   2.773252    -0.9736   2.773596    7.84266     0.0419    13.8155 2.2791e+02  -62.52567  -62.45833 1154447766 213.663980    34.2565 0.0000e+00
    162.000    -0.9769   2.773089    -0.9757   2.773438    7.84306     0.0244    13.8155 2.2588e+02  -62.52567  -62.45833 1154447767 213.663992    34.2576 0.0000e+00
    163.000    -0.9765   2.773161    -0.9754   2.773506    7.84283     0.0386    13.8155 2.2266e+02  -62.52567  -62.45833 1154447769 213.664011    34.2578 0.0000e+00
    164.000    -0.9761   2.773256    -0.9751   2.773587    7.84445     0.0431    13.8155 2.1866e+02  -62.52567  -62.45833 1154447771 213.664036    34.2578 0.0000e+00
    165.000    -0.9749   2.773419    -0.9737   2.773768    7.84539     0.0416    13.8155 2.1515e+02  -62.52567  -62.45833 1154447772 213.664048    34.2580 0.0000e+00
    166.000    -0.9742   2.773536    -0.9731   2.773881    7.84287     0.0384    13.8155 2.1424e+02  -62.52567  -62.45833 1154447773 213.664058    34.2582 0.0000e+00
    167.000    -0.9742   2.773588    -0.9729   2.773940    7.83606     0.0359    13.8155 2.1029e+02  -62.52567  -62.45833 1154447775 213.664082    34.2582 0.0000e+00
    168.000    -0.9736   2.773688    -0.9719   2.774068    7.83005     0.0336    13.8155 2.0261e+02  -62.52567  -62.45833 1154447778 213.664116    34.2583 0.0000e+00
    169.000    -0.9699   2.774092    -0.9686   2.774432    7.82989     0.0546    13.8155 1.9866e+02  -62.52567  -62.45833 1154447780 213.664140    34.2588 0.0000e+00
    170.000    -0.9686   2.774258    -0.9676   2.774580    7.83038     0.0466    13.8155 1.9660e+02  -62.52567  -62.45833 1154447783 213.664166    34.2591 0.0000e+00
    171.000    -0.9643   2.774693    -0.9632   2.775032    7.82955     0.0298    13.8155 1.9695e+02  -62.52567  -62.45833 1154447784 213.664178    34.2593 0.0000e+00
    172.000    -0.9635   2.774811    -0.9624   2.775153    7.82672     0.0033    13.8155 1.9761e+02  -62.52567  -62.45833 1154447784 213.664188    34.2593 0.0000e+00
    173.000    -0.9624   2.774966    -0.9614   2.775296    7.82547     0.0352    13.8155 1.9851e+02  -62.52567  -62.45833 1154447785 213.664199    34.2596 0.0000e+00
    174.000    -0.9620   2.775042    -0.9605   2.775414    7.81843     0.0417    13.8155 2.0355e+02  -62.52567  -62.45833 1154447788 213.664226    34.2596 0.0000e+00
    175.000    -0.9607   2.775218    -0.9586   2.775607    7.81263     0.0386    13.8155 2.0660e+02  -62.52567  -62.45833 1154447791 213.664260    34.2600 0.0000e+00
    176.000    -0.9330   2.777926    -0.9307   2.778162    7.79084     0.0192    13.8155 2.0874e+02  -62.52567  -62.45833 1154447792 213.664279    34.2623 0.0000e+00
    177.000    -0.8965   2.781182    -0.8944   2.781509    7.76868     0.0356    13.8155 2.1491e+02  -62.52567  -62.45833 1154447794 213.664301    34.2652 0.0000e+00
    178.000    -0.8984   2.781048    -0.8986   2.781226    7.75022     0.0206    13.8155 2.1711e+02  -62.52567  -62.45833 1154447796 213.664317    34.2652 0.0000e+00
    179.000    -0.8745   2.783267    -0.8725   2.783550    7.73348     0.0422    13.8155 2.1772e+02  -62.52567  -62.45833 1154447797 213.664330    34.2682 0.0000e+00
    180.000    -0.8556   2.785018    -0.8556   2.785190    7.71423     0.0489    13.8155 2.2010e+02  -62.52567  -62.45833 1154447798 213.664348    34.2685 0.0000e+00
    181.000    -0.8691   2.783813    -0.8678   2.784161    7.67814     0.0481    13.8155 2.2271e+02  -62.52567  -62.45833 1154447802 213.664387    34.2681 0.0000e+00
    182.000    -0.8317   2.787217    -0.8287   2.787564    7.64193     0.0002    13.8155 2.2383e+02  -62.52567  -62.45833 1154447804 213.664418    34.2719 0.0000e+00
    183.000    -0.7500   2.794349    -0.7502   2.794341    7.61054     0.0275    13.8155 2.2403e+02  -62.52567  -62.45833 1154447805 213.664429    34.2778 0.0000e+00
    184.000    -0.7454   2.795235    -0.7463   2.795310    7.58863     0.0261    13.8155 2.2384e+02  -62.52567  -62.45833 1154447806 213.664439    34.2770 0.0000e+00
    185.000    -0.7293   2.796813    -0.7314   2.796658    7.56672     0.0150    13.8155 2.2570e+02  -62.52567  -62.45833 1154447807 213.664448    34.2800 0.0000e+00
    186.000    -0.7262   2.797102    -0.7254   2.797304    7.53437     0.0260    13.8155 2.2978e+02  -62.52567  -62.45833 1154447808 213.664464    34.2800 0.0000e+00
    187.000    -0.7451   2.795370    -0.7417   2.795837    7.50241     0.0289    13.8155 2.3578e+02  -62.52567  -62.45833 1154447811 213.664498    34.2795 0.0000e+00
    188.000    -0.7160   2.798068    -0.7141   2.798270    7.48763     0.0216    13.8155 2.4114e+02  -62.52567  -62.45833 1154447814 213.664526    34.2819 0.0000e+00
    189.000    -0.7100   2.798656    -0.7079   2.799025    7.47233     0.0423    13.8155 2.4350e+02  -62.52567  -62.45833 1154447816 213.664554    34.2829 0.0000e+00
    190.000    -0.7109   2.798612    -0.7086   2.798995    7.46674     0.0285    13.8155 2.4345e+02  -62.52567  -62.45833 1154447817 213.664568    34.2831 0.0000e+00
    191.000    -0.7099   2.798765    -0.7086   2.799058    7.46016     0.0093    13.8155 2.4340e+02  -62.52567  -62.45833 1154447818 213.664582    34.2835 0.0000e+00
    192.000    -0.7086   2.798917    -0.7066   2.799275    7.45555     0.0139    13.8155 2.4119e+02  -62.52567  -62.45833 1154447820 213.664598    34.2836 0.0000e+00
    193.000    -0.7082   2.799003    -0.7073   2.799287    7.45399     0.0136    13.8155 2.3720e+02  -62.52567  -62.45833 1154447821 213.664616    34.2839 0.0000e+00
    194.000    -0.7049   2.799400    -0.7040   2.799669    7.44652     0.0197    13.8155 2.3418e+02  -62.52567  -62.45833 1154447823 213.664634    34.2851 0.0000e+00
    195.000    -0.7046   2.799489    -0.7025   2.799853    7.42884     0.0263    13.8155 2.2222e+02  -62.52567  -62.45833 1154447827 213.664686    34.2857 0.0000e+00
    196.000    -0.6940   2.800584    -0.6936   2.800741    7.42474     0.0074    13.8155 2.1906e+02  -62.52567  -62.45833 1154447828 213.664699    34.2878 0.0000e+00
    197.000    -0.6895   2.801030    -0.6863   2.801478    7.41611     0.0158    13.8155 2.1619e+02  -62.52567  -62.45833 1154447829 213.664709    34.2878 0.0000e+00
    198.000    -0.6724   2.802692    -0.6728   2.802728    7.40182     0.0055    13.8155 2.1442e+02  -62.52567  -62.45833 1154447830 213.664721    34.2901 0.0000e+00
    199.000    -0.6394   2.805768    -0.6357   2.806262    7.37829     0.0140    13.8155 2.1295e+02  -62.52567  -62.45833 1154447832 213.664743    34.2926 0.0000e+00
    200.000    -0.6280   2.806930    -0.6265   2.807125    7.35086     0.0170    13.8155 2.0981e+02  -62.52567  -62.45833 1154447834 213.664763    34.2956 0.0000e+00
    201.000    -0.6014   2.809428    -0.6003   2.809585    7.33032     0.0276    13.8155 2.0704e+02  -62.52567  -62.45833 1154447835 213.664776    34.2975 0.0000e+00
    202.000    -0.5943   2.810014    -0.5869   2.810961    7.28709     0.0044    13.8155 2.0858e+02  -62.52567  -62.45833 1154447838 213.664812    34.2971 0.0000e+00
    203.000    -0.5752   2.811983    -0.5681   2.812650    7.26500     0.0319    13.8155 2.1042e+02  -62.52567  -62.45833 1154447841 213.664837    34.3018 0.0000e+00
    204.000    -0.5673   2.812646    -0.5665   2.812884    7.24143     0.0023    13.8155 2.1131e+02  -62.52567  -62.45833 1154447841 213.664849    34.3002 0.0000e+00
    205.000    -0.5137   2.818109    -0.4884   2.819544    7.20912     0.0212    13.8155 2.1222e+02  -62.52567  -62.45833 1154447843 213.664864    34.3087 0.0000e+00
    206.000    -0.4745   2.821379    -0.4760   2.821400    7.17013    -0.0010    13.8155 2.1669e+02  -62.52567  -62.45833 1154447845 213.664884    34.3102 0.0000e+00
