product_data/regression_test/downloaded_data/MGDS/320620060703/ctd/p6620101.ros
* Sea-Bird SBE 9 Data File:
* FileName = D:\Data\Raw\p6620101.dat
* Software Version Seasave Win32 V 5.32
* Temperature SN = 1649
* Conductivity SN = 1431
* Number of Bytes Per Scan = 37
* Number of Voltage Words = 5
* Number of Scans Averaged by the Deck Unit = 1
* NMEA Latitude = 64 25.00 S
* NMEA Longitude = 062 03.85 W
* NMEA UTC (Time) = 01:19:49
** Ship:   Nathaniel B. Palmer 
** Cruise:    NBP0606 
# nquan = 17
# nvalues = 1176                    
# units = specified
# name 0 = prDM: Pressure, Digiquartz [db]
# name 1 = t090C: Temperature [ITS-90, deg C]
# name 2 = c0S/m: Conductivity [S/m]
# name 3 = t190C: Temperature, 2 [ITS-90, deg C]
# name 4 = c1S/m: Conductivity, 2 [S/m]
# name 5 = sbeox0ML/L: Oxygen, SBE 43 [ml/l]
# name 6 = flECO-AFL: Fluorescence, Wetlab ECO-AFL/FL [mg/m^3]
# name 7 = bat: Beam Attenuation, Chelsea/Seatech/Wetlab CStar [1/m]
# name 8 = spar: SPAR/Surface Irradiance
# name 9 = latitude: Latitude [deg]
# name 10 = longitude: Longitude [deg]
# name 11 = timeY: Time, System [seconds]
# name 12 = timeJ: Julian Days
# name 13 = sal00: Salinity [PSU]
# name 14 = scan: scan number
# name 15 = nbf: number of bottles fired
# name 16 = flag:  0.000e+00
# interval = seconds: 0.0416667                   
# start_time = Jul 28 2006 01:19:57
*END*
[from data line 681]
    100.796    -0.1023   2.845190    -0.1041   2.845379    6.24344    -0.0784    13.8155 0.0000e+00  -64.41667  -62.06417 1154052271 209.086485    34.2768      64209         14  0.000e+00
    100.729    -0.1019   2.845236    -0.1046   2.845379    6.24330    -0.0894    13.8155 0.0000e+00  -64.41667  -62.06417 1154052271 209.086486    34.2770      64210         14  0.000e+00
    100.729    -0.1022   2.845230    -0.1042   2.845356    6.24335    -0.1665    13.8155 0.0000e+00  -64.41667  -62.06417 1154052271 209.086486    34.2773      64211         14  0.000e+00
    100.729    -0.1017   2.845233    -0.1038   2.845368    6.24793    -0.1225    13.8155 0.0000e+00  -64.41667  -62.06417 1154052271 209.086487    34.2768      64212         14  0.000e+00
    100.729    -0.1014   2.845243    -0.1041   2.845327    6.24788    -0.0123    13.8155 0.0000e+00  -64.41667  -62.06417 1154052271 209.086487    34.2766      64213         14  0.000e+00
    101.007    -0.1064   2.844677    -0.1063   2.845034    6.25372    -0.0894    13.8155 0.0000e+00  -64.41667  -62.06417 1154052276 209.086549    34.2745      64340         15  0.000e+00
    101.083    -0.1065   2.844667    -0.1061   2.845046    6.25381    -0.0674    13.8155 0.0000e+00  -64.41667  -62.06417 1154052276 209.086549    34.2745      64341         15  0.000e+00
    101.007    -0.1070   2.844670    -0.1060   2.845058    6.25380    -0.0674    13.8155 0.0000e+00  -64.41667  -62.06417 1154052276 209.086549    34.2751      64342         15  0.000e+00
    101.083    -0.1072   2.844683    -0.1067   2.845075    6.25852    -0.0233    13.8155 0.0000e+00  -64.41667  -62.06417 1154052276 209.086550    34.2754      64343         15  0.000e+00
    101.007    -0.1072   2.844677    -0.1064   2.845040    6.25846    -0.0454    13.8155 0.0000e+00  -64.41667  -62.06417 1154052276 209.086550    34.2754      64344         15  0.000e+00
    101.083    -0.1066   2.844703    -0.1063   2.845046    6.25844    -0.0454    13.8155 0.0000e+00  -64.41667  -62.06417 1154052276 209.086551    34.2751      64345         15  0.000e+00
    101.007    -0.1067   2.844683    -0.1067   2.845034    6.25375    -0.0343    13.8155 0.0000e+00  -64.41667  -62.06417 1154052276 209.086551    34.2749      64346         15  0.000e+00
    101.083    -0.1069   2.844667    -0.1067   2.845034    6.25385    -0.0454    13.8155 0.0000e+00  -64.41667  -62.06417 1154052277 209.086552    34.2748      64347         15  0.000e+00
    101.045    -0.1069   2.844687    -0.1069   2.845029    6.25380    -0.0454    13.8155 0.0000e+00  -64.41667  -62.06417 1154052277 209.086552    34.2751      64348         15  0.000e+00
    101.083    -0.1067   2.844707    -0.1066   2.845029    6.25845    -0.1004    13.8155 0.0000e+00  -64.41667  -62.06417 1154052277 209.086553    34.2752      64349         15  0.000e+00
    101.007    -0.1067   2.844700    -0.1067   2.845029    6.25838    -0.1114    13.8155 0.0000e+00  -64.41667  -62.06417 1154052277 209.086553    34.2751      64350         15  0.000e+00
    101.083    -0.1067   2.844727    -0.1063   2.845046    6.25844    -0.0564    13.8155 0.0000e+00  -64.41667  -62.06417 1154052277 209.086554    34.2754      64351         15  0.000e+00
    101.083    -0.1063   2.844707    -0.1063   2.845058    6.25840    -0.1004    13.8155 0.0000e+00  -64.41667  -62.06417 1154052277 209.086554    34.2747      64352         15  0.000e+00
    101.007    -0.1067   2.844707    -0.1064   2.845052    6.25838    -0.1114    13.8155 0.0000e+00  -64.41667  -62.06417 1154052277 209.086555    34.2752      64353         15  0.000e+00
    101.007    -0.1065   2.844667    -0.1064   2.845093    6.25839    -0.1114    13.8155 0.0000e+00  -64.41667  -62.06417 1154052277 209.086555    34.2745      64354         15  0.000e+00
    101.083    -0.1072   2.844663    -0.1063   2.845087    6.25853    -0.0564    13.8155 0.0000e+00  -64.41667  -62.06417 1154052277 209.086556    34.2751      64355         15  0.000e+00
    100.978    -0.1067   2.844670    -0.1066   2.845040    6.25838    -0.0233    13.8155 0.0000e+00  -64.41667  -62.06417 1154052277 209.086556    34.2747      64356         15  0.000e+00
    101.083    -0.1070   2.844657    -0.1064   2.845052    6.25852    -0.0343    13.8155 0.0000e+00  -64.41667  -62.06417 1154052277 209.086557    34.2749      64357         15  0.000e+00
    100.940    -0.1065   2.844680    -0.1061   2.845034    6.25832    -0.0013    13.8155 0.0000e+00  -64.41667  -62.06417 1154052277 209.086557    34.2747      64358         15  0.000e+00
    101.007    -0.1066   2.844693    -0.1070   2.845029    6.25838    -0.0123    13.8155 0.0000e+00  -64.41667  -62.06417 1154052277 209.086558    34.2750      64359         15  0.000e+00
    101.007    -0.1067   2.844690    -0.1063   2.845029    6.25839    -0.0123    13.8155 0.0000e+00  -64.41667  -62.06417 1154052277 209.086558    34.2750      64360         15  0.000e+00
    101.007    -0.1070   2.844660    -0.1064   2.845011    6.25845    -0.0564    13.8155 0.0000e+00  -64.41667  -62.06417 1154052277 209.086559    34.2749      64361         15  0.000e+00
    100.940    -0.1067   2.844697    -0.1066   2.845040    6.25833    -0.0784    13.8155 0.0000e+00  -64.41667  -62.06417 1154052277 209.086559    34.2751      64362         15  0.000e+00
    100.940    -0.1067   2.844700    -0.1066   2.845011    6.25833    -0.0674    13.8155 0.0000e+00  -64.41667  -62.06417 1154052277 209.086560    34.2752      64363         15  0.000e+00
    100.978    -0.1064   2.844673    -0.1072   2.845017    6.25834    -0.0784    13.8155 0.0000e+00  -64.41667  -62.06417 1154052277 209.086560    34.2744      64364         15  0.000e+00
    100.940    -0.1067   2.844670    -0.1063   2.845005    6.25834     0.0097    13.8155 0.0000e+00  -64.41667  -62.06417 1154052277 209.086561    34.2748      64365         15  0.000e+00
    100.940    -0.1064   2.844683    -0.1064   2.845029    6.25830     0.0097    13.8155 0.0000e+00  -64.41667  -62.06417 1154052277 209.086561    34.2746      64366         15  0.000e+00
    100.873    -0.1068   2.844693    -0.1066   2.845028    6.25829     0.0318    13.8155 0.0000e+00  -64.41667  -62.06417 1154052277 209.086562    34.2752      64367         15  0.000e+00
    100.940    -0.1065   2.844657    -0.1066   2.845046    6.25833     0.0207    13.8155 0.0000e+00  -64.41667  -62.06417 1154052277 209.086562    34.2744      64368         15  0.000e+00
    100.873    -0.1065   2.844663    -0.1069   2.845034    6.25827    -0.0454    13.8155 0.0000e+00  -64.41667  -62.06417 1154052277 209.086562    34.2746      64369         15  0.000e+00
    100.873    -0.1070   2.844683    -0.1067   2.845005    6.25832    -0.0564    13.8155 0.0000e+00  -64.41667  -62.06417 1154052277 209.086563    34.2753      64370         15  0.000e+00
    100.873    -0.1065   2.844660    -0.1070   2.845005    6.25827    -0.0013    13.8155 0.0000e+00  -64.41667  -62.06417 1154052277 209.086563    34.2745      64371         15  0.000e+00
    100.835    -0.1069   2.844680    -0.1064   2.844999    6.25827    -0.0233    13.8155 0.0000e+00  -64.41667  -62.06417 1154052278 209.086564    34.2752      64372         15  0.000e+00
    100.873    -0.1067   2.844660    -0.1066   2.845017    6.25829    -0.0454    13.8155 0.0000e+00  -64.41667  -62.06417 1154052278 209.086564    34.2747      64373         15  0.000e+00
    100.797    -0.1071   2.844653    -0.1067   2.844988    6.25828    -0.0343    13.8155 0.0000e+00  -64.41667  -62.06417 1154052278 209.086565    34.2751      64374         15  0.000e+00
    100.797    -0.1064   2.844663    -0.1066   2.845011    6.25818    -0.0233    13.8155 0.0000e+00  -64.41667  -62.06417 1154052278 209.086565    34.2744      64375         15  0.000e+00
    100.797    -0.1069   2.844687    -0.1067   2.844993    6.25823    -0.0123    13.8155 0.0000e+00  -64.41667  -62.06417 1154052278 209.086566    34.2753      64376         15  0.000e+00
    100.730    -0.1069   2.844657    -0.1066   2.845017    6.25819     0.0097    13.8155 0.0000e+00  -64.41667  -62.06417 1154052278 209.086566    34.2749      64377         15  0.000e+00
    100.730    -0.1069   2.844663    -0.1067   2.844988    6.25819    -0.0784    13.8155 0.0000e+00  -64.41667  -62.06417 1154052278 209.086567    34.2750      64378         15  0.000e+00
    100.730    -0.1072   2.844633    -0.1067   2.844993    6.25824    -0.1775    13.8155 0.0000e+00  -64.41667  -62.06417 1154052278 209.086567    34.2749      64379         15  0.000e+00
    100.769    -0.1069   2.844643    -0.1067   2.844999    6.25823    -0.1555    13.8155 0.0000e+00  -64.41667  -62.06417 1154052278 209.086568    34.2747      64380         15  0.000e+00
    100.730    -0.1071   2.844630    -0.1069   2.844982    6.25824    -0.0564    13.8155 0.0000e+00  -64.41667  -62.06417 1154052278 209.086568    34.2748      64381         15  0.000e+00
    100.654    -0.1069   2.844643    -0.1069   2.844976    6.25813    -0.0674    13.8155 0.0000e+00  -64.41667  -62.06417 1154052278 209.086569    34.2748      64382         15  0.000e+00
    100.654    -0.1070   2.844643    -0.1070   2.845011    6.25815    -0.1004    13.8155 0.0000e+00  -64.41667  -62.06417 1154052278 209.086569    34.2749      64383         15  0.000e+00
    100.654    -0.1072   2.844613    -0.1063   2.845005    6.26283    -0.0454    13.8155 0.0000e+00  -64.41667  -62.06417 1154052278 209.086570    34.2747      64384         15  0.000e+00
    100.654    -0.1064   2.844633    -0.1069   2.844982    6.26272    -0.0564    13.8155 0.0000e+00  -64.41667  -62.06417 1154052278 209.086570    34.2741      64385         15  0.000e+00
    100.587    -0.1069   2.844633    -0.1072   2.844958    6.25808     0.0097    13.8155 0.0000e+00  -64.41667  -62.06417 1154052278 209.086571    34.2747      64386         15  0.000e+00
    100.654    -0.1065   2.844640    -0.1063   2.844987    6.25809    -0.0013    13.8155 0.0000e+00  -64.41667  -62.06417 1154052278 209.086571    34.2744      64387         15  0.000e+00
    100.559    -0.1073   2.844633    -0.1067   2.844958    6.26275    -0.0564    13.8155 0.0000e+00  -64.41667  -62.06417 1154052278 209.086572    34.2752      64388         15  0.000e+00
     74.863    -0.5293   2.802677    -0.5217   2.804005    6.68786    -0.1225    13.8155 0.0000e+00  -64.41667  -62.06417 1154052323 209.087089    34.2047      65460         16  0.000e+00
     75.073    -0.5310   2.802701    -0.5217   2.803988    6.68827    -0.0564    13.8155 0.0000e+00  -64.41667  -62.06417 1154052323 209.087089    34.2068      65461         16  0.000e+00
     74.987    -0.5304   2.803005    -0.5236   2.803901    6.68792    -0.0013    13.8155 0.0000e+00  -64.41667  -62.06417 1154052323 209.087090    34.2103      65462         16  0.000e+00
     75.073    -0.5266   2.803326    -0.5238   2.803772    6.68730     0.0318    13.8155 0.0000e+00  -64.41667  -62.06417 1154052323 209.087090    34.2104      65463         16  0.000e+00
     74.920    -0.5280   2.803088    -0.5240   2.803685    6.68749    -0.0674    13.8155 0.0000e+00  -64.41667  -62.06417 1154052323 209.087091    34.2088      65464         16  0.000e+00
     74.939    -0.5317   2.802724    -0.5248   2.803581    6.68824    -0.1114    13.8155 0.0000e+00  -64.41667  -62.06417 1154052323 209.087091    34.2081      65465         16  0.000e+00
     75.053    -0.5336   2.802482    -0.5276   2.803453    6.68874    -0.0674    13.8155 0.0000e+00  -64.41667  -62.06417 1154052323 209.087092    34.2069      65466         16  0.000e+00
     74.939    -0.5327   2.802406    -0.5285   2.803406    6.69324    -0.0343    13.8155 0.0000e+00  -64.41667  -62.06417 1154052323 209.087092    34.2049      65467         16  0.000e+00
     74.939    -0.5330   2.802340    -0.5243   2.803674    6.69332    -0.0013    13.8155 0.0000e+00  -64.41667  -62.06417 1154052323 209.087092    34.2043      65468         16  0.000e+00
     74.987    -0.5330   2.802310    -0.5183   2.804011    6.69338     0.0097    13.8155 0.0000e+00  -64.41667  -62.06417 1154052323 209.087093    34.2039      65469         16  0.000e+00
     74.939    -0.5349   2.802148    -0.5153   2.804209    6.69370     0.0648    13.8155 0.0000e+00  -64.41667  -62.06417 1154052323 209.087093    34.2039      65470         16  0.000e+00
     74.987    -0.5370   2.801959    -0.5162   2.804267    6.69882     0.0318    13.8155 0.0000e+00  -64.41667  -62.06417 1154052323 209.087094    34.2037      65471         16  0.000e+00
     75.006    -0.5387   2.802025    -0.5151   2.804418    6.69903     0.0538    13.8155 0.0000e+00  -64.41667  -62.06417 1154052323 209.087094    34.2065      65472         16  0.000e+00
     74.920    -0.5384   2.802002    -0.5071   2.805041    6.69425    -0.0013    13.8155 0.0000e+00  -64.41667  -62.06417 1154052323 209.087095    34.2060      65473         16  0.000e+00
     75.006    -0.5386   2.802151    -0.5015   2.805693    6.69425    -0.0784    13.8155 0.0000e+00  -64.41667  -62.06417 1154052323 209.087095    34.2080      65474         16  0.000e+00
     74.939    -0.5366   2.802790    -0.5053   2.805600    6.69352    -0.0784    13.8155 0.0000e+00  -64.41667  -62.06417 1154052324 209.087096    34.2144      65475         16  0.000e+00
     74.987    -0.5301   2.803296    -0.5059   2.805192    6.69238    -0.0784    13.8155 0.0000e+00  -64.41667  -62.06417 1154052324 209.087096    34.2139      65476         16  0.000e+00
     74.863    -0.5285   2.803356    -0.5064   2.804930    6.69201    -0.0454    13.8155 0.0000e+00  -64.41667  -62.06417 1154052324 209.087097    34.2130      65477         16  0.000e+00
     75.054    -0.5248   2.803928    -0.5036   2.805041    6.69133    -0.1004    13.8155 0.0000e+00  -64.41667  -62.06417 1154052324 209.087097    34.2164      65478         16  0.000e+00
     75.006    -0.5191   2.804263    -0.4970   2.805733    6.69498    -0.0674    13.8155 0.0000e+00  -64.41667  -62.06417 1154052324 209.087098    34.2144      65479         16  0.000e+00
     74.987    -0.5164   2.804319    -0.4895   2.806630    6.69458     0.0207    13.8155 0.0000e+00  -64.41667  -62.06417 1154052324 209.087098    34.2122      65480         16  0.000e+00
     74.939    -0.5195   2.803501    -0.4864   2.806973    6.69545    -0.0343    13.8155 0.0000e+00  -64.41667  -62.06417 1154052324 209.087099    34.2047      65481         16  0.000e+00
     74.987    -0.5277   2.802730    -0.4887   2.806828    6.69709    -0.0564    13.8155 0.0000e+00  -64.41667  -62.06417 1154052324 209.087099    34.2036      65482         16  0.000e+00
     75.006    -0.5322   2.802475    -0.4823   2.807154    6.69787    -0.0123    13.8155 0.0000e+00  -64.41667  -62.06417 1154052324 209.087100    34.2053      65483         16  0.000e+00
     75.006    -0.5324   2.803078    -0.4761   2.807742    6.69752    -0.0013    13.8155 0.0000e+00  -64.41667  -62.06417 1154052324 209.087100    34.2136      65484         16  0.000e+00
     74.987    -0.5197   2.804845    -0.4741   2.808155    6.69469    -0.0233    13.8155 0.0000e+00  -64.41667  -62.06417 1154052324 209.087101    34.2230      65485         16  0.000e+00
     75.006    -0.5059   2.805921    -0.4672   2.808557    6.69218    -0.0784    13.8155 0.0000e+00  -64.41667  -62.06417 1154052324 209.087101    34.2219      65486         16  0.000e+00
     74.987    -0.5013   2.805901    -0.4612   2.809092    6.69155    -0.0454    13.8155 0.0000e+00  -64.41667  -62.06417 1154052324 209.087102    34.2164      65487         16  0.000e+00
     75.006    -0.4991   2.805799    -0.4626   2.809325    6.69133    -0.0454    13.8155 0.0000e+00  -64.41667  -62.06417 1154052324 209.087102    34.2125      65488         16  0.000e+00
     75.054    -0.4981   2.805686    -0.4709   2.808836    6.69132    -0.0564    13.8155 0.0000e+00  -64.41667  -62.06417 1154052324 209.087103    34.2099      65489         16  0.000e+00
