product_data/regression_test/downloaded_data/MGDS/320620060703/ctd/p6621901.cnv
* Sea-Bird SBE 9 Data File:
* FileName = D:\Data\Raw\p6621901.dat
* Software Version Seasave Win32 V 5.32
* Temperature SN = 1649
* Conductivity SN = 1431
* Number of Bytes Per Scan = 37
* Number of Voltage Words = 5
* Number of Scans Averaged by the Deck Unit = 1
* NMEA Latitude = 62 08.99 S
* NMEA Longitude = 063 05.99 W
* NMEA UTC (Time) = 23:41:35
** Ship:   Nathaniel B. Palmer 
** Cruise:    NBP0606 
# nquan = 15
# nvalues = 1008                        
# units = specified
# name 0 = prDM: Pressure, Digiquartz [db]
# name 1 = t090C: Temperature [ITS-90, deg C]
# name 2 = c0S/m: Conductivity [S/m]
# name 3 = t190C: Temperature, 2 [ITS-90, deg C]
# name 4 = c1S/m: Conductivity, 2 [S/m]
# name 5 = sbeox0ML/L: Oxygen, SBE 43 [ml/l]
# name 6 = flECO-AFL: Fluorescence, Wetlab ECO-AFL/FL [mg/m^3]
# name 7 = bat: Beam Attenuation, Chelsea/Seatech/Wetlab CStar [1/m]
# name 8 = spar: SPAR/Surface Irradiance
# name 9 = latitude: Latitude [deg]
# name 10 = longitude: Longitude [deg]
# name 11 = timeY: Time, System [seconds]
# name 12 = timeJ: Julian Days
# name 13 = sal00: Salinity [PSU]
# name 14 = flag: flag
# span 0 =      4.000,   1011.000       
# span 1 =    -1.3503,     1.9975       
# span 2 =   2.712887,   3.069213       
# span 3 =    -1.3511,     1.9988       
# span 4 =   2.713479,   3.069400       
# span 5 =    4.35074,    8.12785       
# span 6 =    -0.1257,     0.1211       
# span 7 =    13.8155,    13.8155       
# span 8 = 0.0000e+00, 0.0000e+00       
# span 9 =  -62.14983,  -62.14983       
# span 10 =  -63.09983,  -63.09983      
# span 11 = 1154475721, 1154477109      
# span 12 = 213.987532, 214.003599      
# span 13 =    33.9525,    34.7278      
# span 14 = 0.0000e+00, 0.0000e+00      
# interval = decibars: 1                
# start_time = Aug 01 2006 23:41:59
# bad_flag = -9.990e-29
*END*
[from data line 772]
    776.000     1.6419   3.059617     1.6419   3.059815    4.70508    -0.0664    13.8155 0.0000e+00  -62.14983  -63.09983 1154476810 214.000136    34.7255 0.0000e+00
    777.000     1.6416   3.059638     1.6418   3.059854    4.70519    -0.0903    13.8155 0.0000e+00  -62.14983  -63.09983 1154476811 214.000145    34.7255 0.0000e+00
    778.000     1.6414   3.059651     1.6415   3.059856    4.70551    -0.0807    13.8155 0.0000e+00  -62.14983  -63.09983 1154476811 214.000155    34.7253 0.0000e+00
    779.000     1.6405   3.059628     1.6409   3.059837    4.70544    -0.0617    13.8155 0.0000e+00  -62.14983  -63.09983 1154476813 214.000171    34.7255 0.0000e+00
    780.000     1.6413   3.059744     1.6407   3.059884    4.70479    -0.0810    13.8155 0.0000e+00  -62.14983  -63.09983 1154476816 214.000203    34.7254 0.0000e+00
    781.000     1.6386   3.059547     1.6381   3.059709    4.70460    -0.0551    13.8155 0.0000e+00  -62.14983  -63.09983 1154476817 214.000216    34.7253 0.0000e+00
    782.000     1.6380   3.059548     1.6382   3.059753    4.70300    -0.0824    13.8155 0.0000e+00  -62.14983  -63.09983 1154476817 214.000226    34.7255 0.0000e+00
    783.000     1.6380   3.059586     1.6382   3.059791    4.69997    -0.0986    13.8155 0.0000e+00  -62.14983  -63.09983 1154476818 214.000235    34.7255 0.0000e+00
    784.000     1.6378   3.059621     1.6381   3.059823    4.69977    -0.0766    13.8155 0.0000e+00  -62.14983  -63.09983 1154476819 214.000249    34.7255 0.0000e+00
    785.000     1.6383   3.059695     1.6385   3.059899    4.70780    -0.1047    13.8155 0.0000e+00  -62.14983  -63.09983 1154476822 214.000278    34.7253 0.0000e+00
    786.000     1.6380   3.059716     1.6382   3.059933    4.70685    -0.0631    13.8155 0.0000e+00  -62.14983  -63.09983 1154476823 214.000287    34.7254 0.0000e+00
    787.000     1.6381   3.059776     1.6383   3.059995    4.70614    -0.0966    13.8155 0.0000e+00  -62.14983  -63.09983 1154476824 214.000295    34.7255 0.0000e+00
    788.000     1.6384   3.059841     1.6384   3.060050    4.70508    -0.1038    13.8155 0.0000e+00  -62.14983  -63.09983 1154476824 214.000302    34.7254 0.0000e+00
    789.000     1.6386   3.059886     1.6385   3.060089    4.70480    -0.0935    13.8155 0.0000e+00  -62.14983  -63.09983 1154476825 214.000309    34.7252 0.0000e+00
    790.000     1.6383   3.059890     1.6382   3.060105    4.70427    -0.0969    13.8155 0.0000e+00  -62.14983  -63.09983 1154476825 214.000316    34.7249 0.0000e+00
    791.000     1.6374   3.059893     1.6377   3.060092    4.70752    -0.0877    13.8155 0.0000e+00  -62.14983  -63.09983 1154476828 214.000348    34.7254 0.0000e+00
    792.000     1.6381   3.059993     1.6383   3.060211    4.70954    -0.0899    13.8155 0.0000e+00  -62.14983  -63.09983 1154476831 214.000378    34.7253 0.0000e+00
    793.000     1.6368   3.059921     1.6367   3.060113    4.70972    -0.0465    13.8155 0.0000e+00  -62.14983  -63.09983 1154476831 214.000386    34.7254 0.0000e+00
    794.000     1.6372   3.060021     1.6372   3.060226    4.71048    -0.0750    13.8155 0.0000e+00  -62.14983  -63.09983 1154476832 214.000393    34.7256 0.0000e+00
    795.000     1.6371   3.060079     1.6374   3.060288    4.71070    -0.0793    13.8155 0.0000e+00  -62.14983  -63.09983 1154476833 214.000401    34.7258 0.0000e+00
    796.000     1.6365   3.060076     1.6367   3.060277    4.71215    -0.0790    13.8155 0.0000e+00  -62.14983  -63.09983 1154476834 214.000417    34.7260 0.0000e+00
    797.000     1.6360   3.060066     1.6361   3.060276    4.71458    -0.0842    13.8155 0.0000e+00  -62.14983  -63.09983 1154476836 214.000439    34.7258 0.0000e+00
    798.000     1.6346   3.060018     1.6349   3.060222    4.71366    -0.0729    13.8155 0.0000e+00  -62.14983  -63.09983 1154476837 214.000452    34.7262 0.0000e+00
    799.000     1.6347   3.060054     1.6350   3.060258    4.71169    -0.0863    13.8155 0.0000e+00  -62.14983  -63.09983 1154476838 214.000464    34.7260 0.0000e+00
    800.000     1.6343   3.060059     1.6344   3.060262    4.71244    -0.0772    13.8155 0.0000e+00  -62.14983  -63.09983 1154476839 214.000477    34.7260 0.0000e+00
    801.000     1.6329   3.059979     1.6331   3.060185    4.71353    -0.0765    13.8155 0.0000e+00  -62.14983  -63.09983 1154476841 214.000496    34.7260 0.0000e+00
    802.000     1.6318   3.059923     1.6319   3.060139    4.71449    -0.0556    13.8155 0.0000e+00  -62.14983  -63.09983 1154476842 214.000510    34.7259 0.0000e+00
    803.000     1.6289   3.059742     1.6284   3.059895    4.71496    -0.0690    13.8155 0.0000e+00  -62.14983  -63.09983 1154476843 214.000521    34.7263 0.0000e+00
    804.000     1.6276   3.059654     1.6276   3.059846    4.71549    -0.0742    13.8155 0.0000e+00  -62.14983  -63.09983 1154476844 214.000532    34.7261 0.0000e+00
    805.000     1.6246   3.059425     1.6248   3.059639    4.71448    -0.0726    13.8155 0.0000e+00  -62.14983  -63.09983 1154476845 214.000546    34.7261 0.0000e+00
    806.000     1.6225   3.059293     1.6228   3.059490    4.71873    -0.0771    13.8155 0.0000e+00  -62.14983  -63.09983 1154476847 214.000569    34.7261 0.0000e+00
    807.000     1.6186   3.058969     1.6181   3.059141    4.71983    -0.0774    13.8155 0.0000e+00  -62.14983  -63.09983 1154476849 214.000587    34.7258 0.0000e+00
    808.000     1.6153   3.058741     1.6155   3.058966    4.72014    -0.0974    13.8155 0.0000e+00  -62.14983  -63.09983 1154476850 214.000598    34.7261 0.0000e+00
    809.000     1.6121   3.058489     1.6125   3.058712    4.72020    -0.0804    13.8155 0.0000e+00  -62.14983  -63.09983 1154476851 214.000609    34.7258 0.0000e+00
    810.000     1.6107   3.058405     1.6108   3.058627    4.71752    -0.0777    13.8155 0.0000e+00  -62.14983  -63.09983 1154476851 214.000619    34.7258 0.0000e+00
    811.000     1.6099   3.058382     1.6101   3.058596    4.71714    -0.0786    13.8155 0.0000e+00  -62.14983  -63.09983 1154476853 214.000631    34.7258 0.0000e+00
    812.000     1.6087   3.058329     1.6091   3.058550    4.71731    -0.0825    13.8155 0.0000e+00  -62.14983  -63.09983 1154476854 214.000652    34.7258 0.0000e+00
    813.000     1.6093   3.058434     1.6095   3.058630    4.71701    -0.0738    13.8155 0.0000e+00  -62.14983  -63.09983 1154476856 214.000670    34.7259 0.0000e+00
    814.000     1.6070   3.058266     1.6069   3.058451    4.71546    -0.0810    13.8155 0.0000e+00  -62.14983  -63.09983 1154476857 214.000682    34.7257 0.0000e+00
    815.000     1.6060   3.058220     1.6060   3.058416    4.71380    -0.0757    13.8155 0.0000e+00  -62.14983  -63.09983 1154476858 214.000693    34.7258 0.0000e+00
    816.000     1.6044   3.058122     1.6046   3.058336    4.71220    -0.0887    13.8155 0.0000e+00  -62.14983  -63.09983 1154476859 214.000703    34.7257 0.0000e+00
    817.000     1.6039   3.058129     1.6041   3.058330    4.71170    -0.0816    13.8155 0.0000e+00  -62.14983  -63.09983 1154476860 214.000718    34.7257 0.0000e+00
    818.000     1.6039   3.058167     1.6038   3.058346    4.71287    -0.0893    13.8155 0.0000e+00  -62.14983  -63.09983 1154476862 214.000744    34.7256 0.0000e+00
    819.000     1.6021   3.058068     1.6026   3.058302    4.71343    -0.0881    13.8155 0.0000e+00  -62.14983  -63.09983 1154476863 214.000758    34.7258 0.0000e+00
    820.000     1.6023   3.058133     1.6027   3.058352    4.71388    -0.0753    13.8155 0.0000e+00  -62.14983  -63.09983 1154476864 214.000770    34.7258 0.0000e+00
    821.000     1.6022   3.058163     1.6023   3.058366    4.71431    -0.0783    13.8155 0.0000e+00  -62.14983  -63.09983 1154476865 214.000780    34.7258 0.0000e+00
    822.000     1.6025   3.058233     1.6027   3.058430    4.71494    -0.0686    13.8155 0.0000e+00  -62.14983  -63.09983 1154476867 214.000793    34.7257 0.0000e+00
    823.000     1.6023   3.058259     1.6026   3.058469    4.71634    -0.0585    13.8155 0.0000e+00  -62.14983  -63.09983 1154476868 214.000810    34.7257 0.0000e+00
    824.000     1.6018   3.058265     1.6021   3.058467    4.71820    -0.0698    13.8155 0.0000e+00  -62.14983  -63.09983 1154476869 214.000827    34.7257 0.0000e+00
    825.000     1.6015   3.058280     1.6015   3.058460    4.71922    -0.1061    13.8155 0.0000e+00  -62.14983  -63.09983 1154476871 214.000842    34.7257 0.0000e+00
    826.000     1.5996   3.058158     1.5993   3.058328    4.71984    -0.0676    13.8155 0.0000e+00  -62.14983  -63.09983 1154476872 214.000855    34.7256 0.0000e+00
    827.000     1.5968   3.057954     1.5969   3.058149    4.72058    -0.0657    13.8155 0.0000e+00  -62.14983  -63.09983 1154476873 214.000866    34.7258 0.0000e+00
    828.000     1.5938   3.057720     1.5939   3.057938    4.72105    -0.0881    13.8155 0.0000e+00  -62.14983  -63.09983 1154476874 214.000876    34.7256 0.0000e+00
    829.000     1.5895   3.057391     1.5897   3.057608    4.72120    -0.0811    13.8155 0.0000e+00  -62.14983  -63.09983 1154476875 214.000889    34.7257 0.0000e+00
    830.000     1.5872   3.057225     1.5872   3.057433    4.71912    -0.0834    13.8155 0.0000e+00  -62.14983  -63.09983 1154476876 214.000907    34.7256 0.0000e+00
    831.000     1.5835   3.056948     1.5836   3.057153    4.71759    -0.0514    13.8155 0.0000e+00  -62.14983  -63.09983 1154476878 214.000927    34.7257 0.0000e+00
    832.000     1.5819   3.056859     1.5819   3.057064    4.71675    -0.0879    13.8155 0.0000e+00  -62.14983  -63.09983 1154476879 214.000943    34.7256 0.0000e+00
    833.000     1.5789   3.056632     1.5791   3.056848    4.71579    -0.0737    13.8155 0.0000e+00  -62.14983  -63.09983 1154476881 214.000956    34.7255 0.0000e+00
    834.000     1.5768   3.056490     1.5769   3.056707    4.71632    -0.0609    13.8155 0.0000e+00  -62.14983  -63.09983 1154476882 214.000967    34.7256 0.0000e+00
    835.000     1.5762   3.056478     1.5762   3.056682    4.71708    -0.0824    13.8155 0.0000e+00  -62.14983  -63.09983 1154476883 214.000979    34.7255 0.0000e+00
    836.000     1.5747   3.056400     1.5747   3.056583    4.72031    -0.0872    13.8155 0.0000e+00  -62.14983  -63.09983 1154476884 214.001000    34.7255 0.0000e+00
    837.000     1.5746   3.056442     1.5748   3.056657    4.72335    -0.0740    13.8155 0.0000e+00  -62.14983  -63.09983 1154476886 214.001016    34.7256 0.0000e+00
    838.000     1.5746   3.056506     1.5748   3.056712    4.72555    -0.0865    13.8155 0.0000e+00  -62.14983  -63.09983 1154476887 214.001027    34.7257 0.0000e+00
    839.000     1.5747   3.056567     1.5749   3.056772    4.72456    -0.0976    13.8155 0.0000e+00  -62.14983  -63.09983 1154476888 214.001036    34.7258 0.0000e+00
    840.000     1.5739   3.056538     1.5739   3.056744    4.72348    -0.0605    13.8155 0.0000e+00  -62.14983  -63.09983 1154476888 214.001046    34.7258 0.0000e+00
    841.000     1.5722   3.056430     1.5723   3.056630    4.72623    -0.0751    13.8155 0.0000e+00  -62.14983  -63.09983 1154476889 214.001059    34.7258 0.0000e+00
    842.000     1.5732   3.056560     1.5737   3.056781    4.73219    -0.0843    13.8155 0.0000e+00  -62.14983  -63.09983 1154476892 214.001091    34.7256 0.0000e+00
    843.000     1.5719   3.056511     1.5721   3.056707    4.73292    -0.1179    13.8155 0.0000e+00  -62.14983  -63.09983 1154476893 214.001105    34.7259 0.0000e+00
    844.000     1.5720   3.056552     1.5721   3.056757    4.73307    -0.0821    13.8155 0.0000e+00  -62.14983  -63.09983 1154476894 214.001115    34.7258 0.0000e+00
    845.000     1.5717   3.056603     1.5718   3.056808    4.73351    -0.0803    13.8155 0.0000e+00  -62.14983  -63.09983 1154476895 214.001124    34.7262 0.0000e+00
    846.000     1.5715   3.056634     1.5717   3.056841    4.73405    -0.0928    13.8155 0.0000e+00  -62.14983  -63.09983 1154476896 214.001135    34.7263 0.0000e+00
    847.000     1.5707   3.056614     1.5709   3.056813    4.73344    -0.0820    13.8155 0.0000e+00  -62.14983  -63.09983 1154476898 214.001156    34.7263 0.0000e+00
    848.000     1.5701   3.056601     1.5704   3.056822    4.73862    -0.0775    13.8155 0.0000e+00  -62.14983  -63.09983 1154476900 214.001178    34.7263 0.0000e+00
    849.000     1.5693   3.056596     1.5695   3.056803    4.73908    -0.0636    13.8155 0.0000e+00  -62.14983  -63.09983 1154476901 214.001189    34.7266 0.0000e+00
    850.000     1.5683   3.056534     1.5685   3.056747    4.73888    -0.0776    13.8155 0.0000e+00  -62.14983  -63.09983 1154476902 214.001199    34.7263 0.0000e+00
    851.000     1.5643   3.056236     1.5645   3.056468    4.73882    -0.0905    13.8155 0.0000e+00  -62.14983  -63.09983 1154476902 214.001209    34.7264 0.0000e+00
    852.000     1.5584   3.055772     1.5585   3.055988    4.73837    -0.0699    13.8155 0.0000e+00  -62.14983  -63.09983 1154476903 214.001220    34.7266 0.0000e+00
    853.000     1.5542   3.055451     1.5544   3.055667    4.73960    -0.0633    13.8155 0.0000e+00  -62.14983  -63.09983 1154476905 214.001236    34.7268 0.0000e+00
    854.000     1.5537   3.055456     1.5540   3.055675    4.74233    -0.0839    13.8155 0.0000e+00  -62.14983  -63.09983 1154476907 214.001256    34.7267 0.0000e+00
    855.000     1.5534   3.055486     1.5538   3.055696    4.74719    -0.0703    13.8155 0.0000e+00  -62.14983  -63.09983 1154476908 214.001275    34.7268 0.0000e+00
    856.000     1.5533   3.055518     1.5534   3.055729    4.74869    -0.0933    13.8155 0.0000e+00  -62.14983  -63.09983 1154476909 214.001289    34.7267 0.0000e+00
    857.000     1.5531   3.055555     1.5531   3.055755    4.74876    -0.0688    13.8155 0.0000e+00  -62.14983  -63.09983 1154476910 214.001299    34.7269 0.0000e+00
    858.000     1.5524   3.055537     1.5529   3.055777    4.74902    -0.0682    13.8155 0.0000e+00  -62.14983  -63.09983 1154476911 214.001309    34.7268 0.0000e+00
    859.000     1.5507   3.055430     1.5512   3.055656    4.74701    -0.0796    13.8155 0.0000e+00  -62.14983  -63.09983 1154476912 214.001318    34.7268 0.0000e+00
    860.000     1.5508   3.055487     1.5514   3.055723    4.74629    -0.0686    13.8155 0.0000e+00  -62.14983  -63.09983 1154476914 214.001337    34.7268 0.0000e+00
    861.000     1.5506   3.055515     1.5516   3.055785    4.74741    -0.0918    13.8155 0.0000e+00  -62.14983  -63.09983 1154476916 214.001364    34.7267 0.0000e+00
    862.000     1.5499   3.055497     1.5500   3.055707    4.74748    -0.0945    13.8155 0.0000e+00  -62.14983  -63.09983 1154476917 214.001375    34.7267 0.0000e+00
    863.000     1.5496   3.055513     1.5496   3.055717    4.74774    -0.0626    13.8155 0.0000e+00  -62.14983  -63.09983 1154476918 214.001385    34.7268 0.0000e+00
    864.000     1.5491   3.055522     1.5492   3.055722    4.74874    -0.0605    13.8155 0.0000e+00  -62.14983  -63.09983 1154476919 214.001395    34.7269 0.0000e+00
    865.000     1.5487   3.055532     1.5489   3.055733    4.75060    -0.0735    13.8155 0.0000e+00  -62.14983  -63.09983 1154476920 214.001416    34.7268 0.0000e+00
    866.000     1.5483   3.055541     1.5481   3.055712    4.75217    -0.1043    13.8155 0.0000e+00  -62.14983  -63.09983 1154476922 214.001441    34.7268 0.0000e+00
    867.000     1.5457   3.055360     1.5458   3.055565    4.75211    -0.0915    13.8155 0.0000e+00  -62.14983  -63.09983 1154476923 214.001450    34.7269 0.0000e+00
    868.000     1.5456   3.055364     1.5459   3.055620    4.74937    -0.0817    13.8155 0.0000e+00  -62.14983  -63.09983 1154476924 214.001458    34.7268 0.0000e+00
    869.000     1.5454   3.055423     1.5457   3.055650    4.74712    -0.0949    13.8155 0.0000e+00  -62.14983  -63.09983 1154476925 214.001465    34.7269 0.0000e+00
    870.000     1.5452   3.055426     1.5446   3.055604    4.74318    -0.0527    13.8155 0.0000e+00  -62.14983  -63.09983 1154476925 214.001472    34.7266 0.0000e+00
