product_data/regression_test/downloaded_data/MGDS/320620060703/ctd/p6621901.ros
* Sea-Bird SBE 9 Data File:
* FileName = D:\Data\Raw\p6621901.dat
* Software Version Seasave Win32 V 5.32
* Temperature SN = 1649
* Conductivity SN = 1431
* Number of Bytes Per Scan = 37
* Number of Voltage Words = 5
* Number of Scans Averaged by the Deck Unit = 1
* NMEA Latitude = 62 08.99 S
* NMEA Longitude = 063 05.99 W
* NMEA UTC (Time) = 23:41:35
** Ship:   Nathaniel B. Palmer 
** Cruise:    NBP0606 
# nquan = 17
# nvalues = 1176                    
# units = specified
# name 0 = prDM: Pressure, Digiquartz [db]
# name 1 = t090C: Temperature [ITS-90, deg C]
# name 2 = c0S/m: Conductivity [S/m]
# name 3 = t190C: Temperature, 2 [ITS-90, deg C]
# name 4 = c1S/m: Conductivity, 2 [S/m]
# name 5 = sbeox0ML/L: Oxygen, SBE 43 [ml/l]
# name 6 = flECO-AFL: Fluorescence, Wetlab ECO-AFL/FL [mg/m^3]
# name 7 = bat: Beam Attenuation, Chelsea/Seatech/Wetlab CStar [1/m]
# name 8 = spar: SPAR/Surface Irradiance
# name 9 = latitude: Latitude [deg]
# name 10 = longitude: Longitude [deg]
# name 11 = timeY: Time, System [seconds]
# name 12 = timeJ: Julian Days
# name 13 = sal00: Salinity [PSU]
# name 14 = scan: scan number
# name 15 = nbf: number of bottles fired
# name 16 = flag:  0.000e+00
# interval = seconds: 0.0416667                   
# start_time = Aug 01 2006 23:41:59
*END*
[from data line 426]
    249.209     1.9818   3.057481     1.9843   3.057763    4.33255    -0.1114    13.8155 0.0000e+00  -62.14983  -63.09983 1154478197 214.016195    34.6226      59526          9  0.000e+00
    249.142     1.9829   3.057553     1.9840   3.057643    4.33239    -0.0343    13.8155 0.0000e+00  -62.14983  -63.09983 1154478197 214.016195    34.6223      59527          9  0.000e+00
    249.142     1.9840   3.057667     1.9832   3.057535    4.33224    -0.0784    13.8155 0.0000e+00  -62.14983  -63.09983 1154478197 214.016196    34.6225      59528          9  0.000e+00
    249.133     1.9863   3.057770     1.9820   3.057414    4.33200    -0.1225    13.8155 0.0000e+00  -62.14983  -63.09983 1154478198 214.016196    34.6213      59529          9  0.000e+00
    249.142     1.9866   3.057866     1.9815   3.057306    4.33194    -0.0564    13.8155 0.0000e+00  -62.14983  -63.09983 1154478198 214.016196    34.6221      59530          9  0.000e+00
    249.133     1.9881   3.057856     1.9807   3.057174    4.33181    -0.0564    13.8155 0.0000e+00  -62.14983  -63.09983 1154478198 214.016197    34.6205      59531          9  0.000e+00
    249.142     1.9877   3.057639     1.9802   3.057066    4.33193    -0.1555    13.8155 0.0000e+00  -62.14983  -63.09983 1154478198 214.016197    34.6182      59532          9  0.000e+00
    249.133     1.9854   3.057230     1.9796   3.057006    4.33228    -0.1225    13.8155 0.0000e+00  -62.14983  -63.09983 1154478198 214.016198    34.6155      59533          9  0.000e+00
    249.142     1.9818   3.056842     1.9792   3.056982    4.33275    -0.1114    13.8155 0.0000e+00  -62.14983  -63.09983 1154478198 214.016198    34.6146      59534          9  0.000e+00
    249.133     1.9782   3.056567     1.9790   3.056940    4.33315    -0.1445    13.8155 0.0000e+00  -62.14983  -63.09983 1154478198 214.016199    34.6150      59535          9  0.000e+00
    249.142     1.9772   3.056487     1.9780   3.056940    4.33328    -0.1004    13.8155 0.0000e+00  -62.14983  -63.09983 1154478198 214.016199    34.6152      59536          9  0.000e+00
    249.209     1.9770   3.056556     1.9799   3.057018    4.33331    -0.1225    13.8155 0.0000e+00  -62.14983  -63.09983 1154478198 214.016200    34.6162      59537          9  0.000e+00
    249.142     1.9770   3.056635     1.9827   3.057348    4.33324    -0.1665    13.8155 0.0000e+00  -62.14983  -63.09983 1154478198 214.016200    34.6172      59538          9  0.000e+00
    249.209     1.9776   3.056818     1.9855   3.057817    4.32867    -0.0343    13.8155 0.0000e+00  -62.14983  -63.09983 1154478198 214.016201    34.6188      59539          9  0.000e+00
    249.209     1.9780   3.056945     1.9883   3.058226    4.33308    -0.0343    13.8155 0.0000e+00  -62.14983  -63.09983 1154478198 214.016201    34.6200      59540          9  0.000e+00
    200.620     1.3280   2.988382     1.3768   2.993420    4.66892    -0.0784    13.8155 0.0000e+00  -62.14983  -63.09983 1154478275 214.017093    34.4931      61389         10  0.000e+00
    200.649     1.3273   2.987851     1.3776   2.993414    4.66921    -0.0454    13.8155 0.0000e+00  -62.14983  -63.09983 1154478275 214.017093    34.4870      61390         10  0.000e+00
    200.716     1.3218   2.987146     1.3779   2.993301    4.67006    -0.0784    13.8155 0.0000e+00  -62.14983  -63.09983 1154478275 214.017094    34.4840      61391         10  0.000e+00
    200.687     1.3171   2.987061     1.3741   2.993021    4.67053    -0.0454    13.8155 0.0000e+00  -62.14983  -63.09983 1154478275 214.017094    34.4881      61392         10  0.000e+00
    200.649     1.3183   2.987408     1.3717   2.992729    4.67026    -0.0013    13.8155 0.0000e+00  -62.14983  -63.09983 1154478275 214.017095    34.4913      61393         10  0.000e+00
    200.792     1.3199   2.987858     1.3707   2.992639    4.67001    -0.0564    13.8155 0.0000e+00  -62.14983  -63.09983 1154478275 214.017095    34.4951      61394         10  0.000e+00
    200.687     1.3289   2.989768     1.3718   2.992651    4.66832    -0.0784    13.8155 0.0000e+00  -62.14983  -63.09983 1154478275 214.017096    34.5097      61395         10  0.000e+00
    200.716     1.3502   2.992169     1.3640   2.991989    4.66533    -0.1555    13.8155 0.0000e+00  -62.14983  -63.09983 1154478275 214.017096    34.5169      61396         10  0.000e+00
    200.716     1.3682   2.993177     1.3473   2.990374    4.66320    -0.1335    13.8155 0.0000e+00  -62.14983  -63.09983 1154478275 214.017097    34.5099      61397         10  0.000e+00
    200.687     1.3740   2.992826     1.3371   2.989123    4.65824    -0.0343    13.8155 0.0000e+00  -62.14983  -63.09983 1154478275 214.017097    34.4991      61398         10  0.000e+00
    200.649     1.3738   2.992938     1.3289   2.988408    4.65818     0.0097    13.8155 0.0000e+00  -62.14983  -63.09983 1154478275 214.017098    34.5007      61399         10  0.000e+00
    200.830     1.3784   2.993221     1.3272   2.988330    4.66228     0.0428    13.8155 0.0000e+00  -62.14983  -63.09983 1154478275 214.017098    34.4992      61400         10  0.000e+00
    200.792     1.3799   2.993108     1.3399   2.989277    4.65762    -0.0784    13.8155 0.0000e+00  -62.14983  -63.09983 1154478276 214.017099    34.4961      61401         10  0.000e+00
    200.716     1.3768   2.992924     1.3533   2.990678    4.65794    -0.1555    13.8155 0.0000e+00  -62.14983  -63.09983 1154478276 214.017099    34.4972      61402         10  0.000e+00
    200.764     1.3759   2.992918     1.3552   2.991417    4.66260    -0.1225    13.8155 0.0000e+00  -62.14983  -63.09983 1154478276 214.017100    34.4981      61403         10  0.000e+00
    200.792     1.3752   2.992553     1.3482   2.991143    4.66283    -0.0343    13.8155 0.0000e+00  -62.14983  -63.09983 1154478276 214.017100    34.4941      61404         10  0.000e+00
    200.716     1.3699   2.991770     1.3436   2.990487    4.66360     0.0538    13.8155 0.0000e+00  -62.14983  -63.09983 1154478276 214.017101    34.4901      61405         10  0.000e+00
    200.831     1.3668   2.990758     1.3371   2.989999    4.66438    -0.0013    13.8155 0.0000e+00  -62.14983  -63.09983 1154478276 214.017101    34.4806      61406         10  0.000e+00
    200.716     1.3602   2.989733     1.3364   2.989850    4.66082    -0.0454    13.8155 0.0000e+00  -62.14983  -63.09983 1154478276 214.017102    34.4748      61407         10  0.000e+00
    200.792     1.3463   2.988831     1.3415   2.989981    4.66255    -0.1114    13.8155 0.0000e+00  -62.14983  -63.09983 1154478276 214.017102    34.4785      61408         10  0.000e+00
    200.764     1.3375   2.988913     1.3491   2.990601    4.66335    -0.1225    13.8155 0.0000e+00  -62.14983  -63.09983 1154478276 214.017103    34.4893      61409         10  0.000e+00
    200.792     1.3408   2.989699     1.3594   2.991501    4.66727    -0.0784    13.8155 0.0000e+00  -62.14983  -63.09983 1154478276 214.017103    34.4956      61410         10  0.000e+00
    200.764     1.3438   2.989737     1.3659   2.992156    4.66695    -0.1114    13.8155 0.0000e+00  -62.14983  -63.09983 1154478276 214.017104    34.4929      61411         10  0.000e+00
    200.792     1.3425   2.989614     1.3654   2.992126    4.66714    -0.1004    13.8155 0.0000e+00  -62.14983  -63.09983 1154478276 214.017104    34.4926      61412         10  0.000e+00
    200.859     1.3434   2.990190     1.3460   2.990434    4.66686    -0.0123    13.8155 0.0000e+00  -62.14983  -63.09983 1154478276 214.017105    34.4990      61413         10  0.000e+00
    200.831     1.3488   2.990595     1.3086   2.987044    4.66616     0.0097    13.8155 0.0000e+00  -62.14983  -63.09983 1154478276 214.017105    34.4982      61414         10  0.000e+00
    200.792     1.3521   2.990901     1.2924   2.984906    4.66571     0.0097    13.8155 0.0000e+00  -62.14983  -63.09983 1154478276 214.017106    34.4986      61415         10  0.000e+00
    200.926     1.3539   2.990547     1.2986   2.984888    4.66576    -0.0784    13.8155 0.0000e+00  -62.14983  -63.09983 1154478276 214.017106    34.4919      61416         10  0.000e+00
    200.831     1.3504   2.989979     1.2940   2.984781    4.66626    -0.1004    13.8155 0.0000e+00  -62.14983  -63.09983 1154478276 214.017106    34.4886      61417         10  0.000e+00
    200.926     1.3441   2.989349     1.2756   2.983530    4.66718    -0.0343    13.8155 0.0000e+00  -62.14983  -63.09983 1154478276 214.017107    34.4875      61418         10  0.000e+00
    200.926     1.3404   2.989053     1.2871   2.984251    4.66766    -0.0343    13.8155 0.0000e+00  -62.14983  -63.09983 1154478276 214.017107    34.4878      61419         10  0.000e+00
    200.974     1.3447   2.990040     1.3146   2.986883    4.66687    -0.0894    13.8155 0.0000e+00  -62.14983  -63.09983 1154478276 214.017108    34.4956      61420         10  0.000e+00
    200.926     1.3532   2.991082     1.3245   2.988301    4.66561    -0.1114    13.8155 0.0000e+00  -62.14983  -63.09983 1154478276 214.017108    34.4995      61421         10  0.000e+00
    200.974     1.3586   2.991436     1.3315   2.989010    4.66498    -0.0894    13.8155 0.0000e+00  -62.14983  -63.09983 1154478276 214.017109    34.4981      61422         10  0.000e+00
    201.070     1.3601   2.991532     1.3434   2.989999    4.66487    -0.0123    13.8155 0.0000e+00  -62.14983  -63.09983 1154478276 214.017109    34.4977      61423         10  0.000e+00
    201.070     1.3606   2.991314     1.3418   2.990154    4.66490    -0.0564    13.8155 0.0000e+00  -62.14983  -63.09983 1154478277 214.017110    34.4942      61424         10  0.000e+00
    201.117     1.3572   2.990278     1.3360   2.989403    4.66568    -0.0894    13.8155 0.0000e+00  -62.14983  -63.09983 1154478277 214.017110    34.4848      61425         10  0.000e+00
    201.070     1.3502   2.990275     1.3309   2.988664    4.66631    -0.1114    13.8155 0.0000e+00  -62.14983  -63.09983 1154478277 214.017111    34.4924      61426         10  0.000e+00
    201.137     1.3571   2.991457     1.3264   2.988056    4.66976    -0.1225    13.8155 0.0000e+00  -62.14983  -63.09983 1154478277 214.017111    34.4999      61427         10  0.000e+00
    201.118     1.3644   2.991991     1.3127   2.986698    4.66883    -0.0674    13.8155 0.0000e+00  -62.14983  -63.09983 1154478277 214.017112    34.4987      61428         10  0.000e+00
    201.137     1.3641   2.991835     1.2877   2.984477    4.66441     0.0097    13.8155 0.0000e+00  -62.14983  -63.09983 1154478277 214.017112    34.4971      61429         10  0.000e+00
    201.213     1.3619   2.991460     1.2673   2.982453    4.66481    -0.0123    13.8155 0.0000e+00  -62.14983  -63.09983 1154478277 214.017113    34.4946      61430         10  0.000e+00
    201.184     1.3580   2.990874     1.2533   2.981083    4.66540    -0.0674    13.8155 0.0000e+00  -62.14983  -63.09983 1154478277 214.017113    34.4915      61431         10  0.000e+00
    201.213     1.3539   2.990360     1.2449   2.980220    4.66603    -0.1555    13.8155 0.0000e+00  -62.14983  -63.09983 1154478277 214.017114    34.4895      61432         10  0.000e+00
    201.280     1.3533   2.990057     1.2493   2.980161    4.66624    -0.1555    13.8155 0.0000e+00  -62.14983  -63.09983 1154478277 214.017114    34.4862      61433         10  0.000e+00
    201.251     1.3520   2.989628     1.2409   2.979863    4.66653    -0.0564    13.8155 0.0000e+00  -62.14983  -63.09983 1154478277 214.017115    34.4822      61434         10  0.000e+00
    201.213     1.3397   2.988011     1.2233   2.978304    4.66833    -0.0123    13.8155 0.0000e+00  -62.14983  -63.09983 1154478277 214.017115    34.4751      61435         10  0.000e+00
    201.280     1.3203   2.986500     1.2037   2.976359    4.67084    -0.0564    13.8155 0.0000e+00  -62.14983  -63.09983 1154478277 214.017116    34.4771      61436         10  0.000e+00
    201.251     1.3075   2.985826     1.1859   2.974700    4.67686    -0.1225    13.8155 0.0000e+00  -62.14983  -63.09983 1154478277 214.017116    34.4826      61437         10  0.000e+00
    150.842    -0.1403   2.840235    -0.1340   2.837640    5.92038    -0.0674    13.8155 0.0000e+00  -62.14983  -63.09983 1154478350 214.017955    34.2231      63177         11  0.000e+00
    150.918    -0.1075   2.839932    -0.1342   2.838873    5.91664    -0.0564    13.8155 0.0000e+00  -62.14983  -63.09983 1154478350 214.017956    34.1824      63178         11  0.000e+00
    150.842    -0.1271   2.836341    -0.1390   2.838189    5.92088    -0.0343    13.8155 0.0000e+00  -62.14983  -63.09983 1154478350 214.017956    34.1566      63179         11  0.000e+00
    150.785    -0.1438   2.836158    -0.1372   2.838002    5.92765    -0.0564    13.8155 0.0000e+00  -62.14983  -63.09983 1154478350 214.017957    34.1730      63180         11  0.000e+00
    150.842    -0.1401   2.837779    -0.1260   2.839095    5.92637    -0.0454    13.8155 0.0000e+00  -62.14983  -63.09983 1154478350 214.017957    34.1903      63181         11  0.000e+00
    150.842    -0.1196   2.839236    -0.1221   2.840212    5.92310    -0.0784    13.8155 0.0000e+00  -62.14983  -63.09983 1154478350 214.017958    34.1867      63182         11  0.000e+00
    150.919    -0.1250   2.836624    -0.0856   2.842445    5.92990    -0.0784    13.8155 0.0000e+00  -62.14983  -63.09983 1154478350 214.017958    34.1580      63183         11  0.000e+00
    150.785    -0.1601   2.831682    -0.0491   2.845633    5.93672    -0.0343    13.8155 0.0000e+00  -62.14983  -63.09983 1154478350 214.017959    34.1316      63184         11  0.000e+00
    150.985    -0.1947   2.829160    -0.0322   2.846933    5.94716    -0.0454    13.8155 0.0000e+00  -62.14983  -63.09983 1154478350 214.017959    34.1367      63185         11  0.000e+00
    150.842    -0.2152   2.830087    -0.0748   2.844107    5.94903    -0.0343    13.8155 0.0000e+00  -62.14983  -63.09983 1154478350 214.017960    34.1721      63186         11  0.000e+00
    150.919    -0.2043   2.830592    -0.1374   2.838646    5.95218    -0.0564    13.8155 0.0000e+00  -62.14983  -63.09983 1154478350 214.017960    34.1666      63187         11  0.000e+00
    150.919    -0.2157   2.829632    -0.1860   2.833744    5.95409    -0.0564    13.8155 0.0000e+00  -62.14983  -63.09983 1154478350 214.017961    34.1665      63188         11  0.000e+00
    150.919    -0.2265   2.829934    -0.2028   2.831303    5.95524    -0.0454    13.8155 0.0000e+00  -62.14983  -63.09983 1154478350 214.017961    34.1826      63189         11  0.000e+00
    150.919    -0.2202   2.829017    -0.1994   2.831133    5.95966    -0.0784    13.8155 0.0000e+00  -62.14983  -63.09983 1154478350 214.017962    34.1633      63190         11  0.000e+00
    150.919    -0.2283   2.828306    -0.2225   2.830234    5.96104    -0.0564    13.8155 0.0000e+00  -62.14983  -63.09983 1154478350 214.017962    34.1629      63191         11  0.000e+00
    150.986    -0.2284   2.826950    -0.2194   2.830088    5.96654    -0.0784    13.8155 0.0000e+00  -62.14983  -63.09983 1154478350 214.017962    34.1449      63192         11  0.000e+00
    150.919    -0.2491   2.825502    -0.1736   2.833107    5.97450    -0.1445    13.8155 0.0000e+00  -62.14983  -63.09983 1154478350 214.017963    34.1489      63193         11  0.000e+00
    150.995    -0.2493   2.826382    -0.1542   2.835999    5.97411    -0.1445    13.8155 0.0000e+00  -62.14983  -63.09983 1154478350 214.017963    34.1608      63194         11  0.000e+00
    150.986    -0.2485   2.826705    -0.1747   2.836052    5.97383    -0.1004    13.8155 0.0000e+00  -62.14983  -63.09983 1154478350 214.017964    34.1642      63195         11  0.000e+00
    150.986    -0.2630   2.826024    -0.1893   2.834474    5.98536    -0.1445    13.8155 0.0000e+00  -62.14983  -63.09983 1154478350 214.017964    34.1713      63196         11  0.000e+00
