product_data/regression_test/downloaded_data/MGDS/320620060703/ctd/p6620301.ros
* Sea-Bird SBE 9 Data File:
* FileName = D:\Data\Raw\p6620301.dat
* Software Version Seasave Win32 V 5.32
* Temperature SN = 1649
* Conductivity SN = 1431
* Number of Bytes Per Scan = 37
* Number of Voltage Words = 5
* Number of Scans Averaged by the Deck Unit = 1
* NMEA Latitude = 64 28.09 S
* NMEA Longitude = 061 55.02 W
* NMEA UTC (Time) = 04:29:14
** Ship:   Nathaniel B. Palmer 
** Cruise:    NBP0606 
# nquan = 17
# nvalues = 1176                    
# units = specified
# name 0 = prDM: Pressure, Digiquartz [db]
# name 1 = t090C: Temperature [ITS-90, deg C]
# name 2 = c0S/m: Conductivity [S/m]
# name 3 = t190C: Temperature, 2 [ITS-90, deg C]
# name 4 = c1S/m: Conductivity, 2 [S/m]
# name 5 = sbeox0ML/L: Oxygen, SBE 43 [ml/l]
# name 6 = flECO-AFL: Fluorescence, Wetlab ECO-AFL/FL [mg/m^3]
# name 7 = bat: Beam Attenuation, Chelsea/Seatech/Wetlab CStar [1/m]
# name 8 = spar: SPAR/Surface Irradiance
# name 9 = latitude: Latitude [deg]
# name 10 = longitude: Longitude [deg]
# name 11 = timeY: Time, System [seconds]
# name 12 = timeJ: Julian Days
# name 13 = sal00: Salinity [PSU]
# name 14 = scan: scan number
# name 15 = nbf: number of bottles fired
# name 16 = flag:  0.000e+00
# interval = seconds: 0.0416667                   
# start_time = Jul 28 2006 04:29:23
*END*
[from data line 511]
    200.280    -0.0986   2.860797    -0.0986   2.861054    6.15184    -0.0674    13.8155 0.0000e+00  -64.46817  -61.91700 1154062196 209.201370    34.4197      29649         11  0.000e+00
    200.242    -0.0986   2.860770    -0.0986   2.861095    6.14713    -0.0564    13.8155 0.0000e+00  -64.46817  -61.91700 1154062196 209.201370    34.4194      29650         11  0.000e+00
    200.280    -0.0986   2.860777    -0.0987   2.861112    6.15185    -0.0784    13.8155 0.0000e+00  -64.46817  -61.91700 1154062196 209.201371    34.4195      29651         11  0.000e+00
    200.242    -0.0986   2.860757    -0.0986   2.861066    6.15183    -0.1555    13.8155 0.0000e+00  -64.46817  -61.91700 1154062196 209.201371    34.4192      29652         11  0.000e+00
    200.280    -0.0986   2.860790    -0.0986   2.861071    6.15185    -0.1114    13.8155 0.0000e+00  -64.46817  -61.91700 1154062196 209.201372    34.4196      29653         11  0.000e+00
    200.242    -0.0989   2.860787    -0.0990   2.861042    6.15185    -0.0674    13.8155 0.0000e+00  -64.46817  -61.91700 1154062196 209.201372    34.4199      29654         11  0.000e+00
    200.242    -0.0988   2.860790    -0.0984   2.861066    6.15184    -0.0454    13.8155 0.0000e+00  -64.46817  -61.91700 1154062196 209.201372    34.4199      29655         11  0.000e+00
    200.213    -0.0992   2.860767    -0.0984   2.861083    6.15188    -0.0784    13.8155 0.0000e+00  -64.46817  -61.91700 1154062196 209.201373    34.4201      29656         11  0.000e+00
    200.242    -0.0989   2.860760    -0.0982   2.861142    6.15187    -0.0784    13.8155 0.0000e+00  -64.46817  -61.91700 1154062197 209.201373    34.4196      29657         11  0.000e+00
    200.213    -0.0985   2.860777    -0.0980   2.861148    6.15178    -0.0454    13.8155 0.0000e+00  -64.46817  -61.91700 1154062197 209.201374    34.4193      29658         11  0.000e+00
    200.242    -0.0986   2.860790    -0.0981   2.861159    6.15181    -0.1114    13.8155 0.0000e+00  -64.46817  -61.91700 1154062197 209.201374    34.4197      29659         11  0.000e+00
    200.213    -0.0987   2.860820    -0.0979   2.861159    6.15179    -0.1004    13.8155 0.0000e+00  -64.46817  -61.91700 1154062197 209.201375    34.4202      29660         11  0.000e+00
    200.242    -0.0983   2.860847    -0.0981   2.861159    6.15174    -0.0454    13.8155 0.0000e+00  -64.46817  -61.91700 1154062197 209.201375    34.4201      29661         11  0.000e+00
    200.165    -0.0983   2.860854    -0.0978   2.861200    6.15167    -0.1555    13.8155 0.0000e+00  -64.46817  -61.91700 1154062197 209.201376    34.4202      29662         11  0.000e+00
    200.213    -0.0980   2.860860    -0.0969   2.861236    6.15167    -0.2106    13.8155 0.0000e+00  -64.46817  -61.91700 1154062197 209.201376    34.4199      29663         11  0.000e+00
    200.242    -0.0985   2.860870    -0.0970   2.861300    6.15175    -0.1555    13.8155 0.0000e+00  -64.46817  -61.91700 1154062197 209.201377    34.4206      29664         11  0.000e+00
    200.213    -0.0981   2.860907    -0.0967   2.861323    6.15166    -0.1225    13.8155 0.0000e+00  -64.46817  -61.91700 1154062197 209.201377    34.4207      29665         11  0.000e+00
    200.242    -0.0978   2.860971    -0.0970   2.861347    6.15162    -0.1555    13.8155 0.0000e+00  -64.46817  -61.91700 1154062197 209.201378    34.4212      29666         11  0.000e+00
    200.165    -0.0978   2.861031    -0.0972   2.861359    6.15152    -0.1114    13.8155 0.0000e+00  -64.46817  -61.91700 1154062197 209.201378    34.4220      29667         11  0.000e+00
    200.213    -0.0980   2.860967    -0.0976   2.861306    6.15161    -0.0784    13.8155 0.0000e+00  -64.46817  -61.91700 1154062197 209.201379    34.4213      29668         11  0.000e+00
    200.242    -0.0983   2.860857    -0.0976   2.861259    6.15174    -0.0564    13.8155 0.0000e+00  -64.46817  -61.91700 1154062197 209.201379    34.4202      29669         11  0.000e+00
    200.213    -0.0980   2.860860    -0.0970   2.861282    6.15167    -0.0564    13.8155 0.0000e+00  -64.46817  -61.91700 1154062197 209.201380    34.4199      29670         11  0.000e+00
    200.242    -0.0984   2.860934    -0.0975   2.861300    6.15171    -0.0784    13.8155 0.0000e+00  -64.46817  -61.91700 1154062197 209.201380    34.4214      29671         11  0.000e+00
    200.213    -0.0980   2.860997    -0.0973   2.861318    6.14690    -0.1665    13.8155 0.0000e+00  -64.46817  -61.91700 1154062197 209.201381    34.4217      29672         11  0.000e+00
    200.242    -0.0978   2.861097    -0.0966   2.861288    6.14685    -0.1225    13.8155 0.0000e+00  -64.46817  -61.91700 1154062197 209.201381    34.4229      29673         11  0.000e+00
    200.165    -0.0970   2.861144    -0.0972   2.861294    6.15136    -0.0454    13.8155 0.0000e+00  -64.46817  -61.91700 1154062197 209.201382    34.4226      29674         11  0.000e+00
    200.280    -0.0966   2.861121    -0.0970   2.861300    6.15141    -0.0233    13.8155 0.0000e+00  -64.46817  -61.91700 1154062197 209.201382    34.4218      29675         11  0.000e+00
    200.165    -0.0969   2.861087    -0.0973   2.861294    6.15137    -0.0454    13.8155 0.0000e+00  -64.46817  -61.91700 1154062197 209.201383    34.4217      29676         11  0.000e+00
    200.308    -0.0994   2.860500    -0.0990   2.860743    6.15213    -0.1445    13.8155 0.0000e+00  -64.46817  -61.91700 1154062205 209.201467    34.4166      29850         12  0.000e+00
    200.279    -0.0999   2.860523    -0.0990   2.860749    6.15215    -0.0784    13.8155 0.0000e+00  -64.46817  -61.91700 1154062205 209.201467    34.4175      29851         12  0.000e+00
    200.308    -0.0992   2.860480    -0.0993   2.860761    6.15212    -0.0564    13.8155 0.0000e+00  -64.46817  -61.91700 1154062205 209.201467    34.4162      29852         12  0.000e+00
    200.346    -0.0992   2.860480    -0.0990   2.860778    6.15215    -0.0454    13.8155 0.0000e+00  -64.46817  -61.91700 1154062205 209.201468    34.4162      29853         12  0.000e+00
    200.307    -0.0997   2.860460    -0.0992   2.860767    6.15219    -0.0674    13.8155 0.0000e+00  -64.46817  -61.91700 1154062205 209.201468    34.4164      29854         12  0.000e+00
    200.346    -0.0999   2.860406    -0.1000   2.860696    6.15227    -0.1114    13.8155 0.0000e+00  -64.46817  -61.91700 1154062205 209.201469    34.4159      29855         12  0.000e+00
    200.307    -0.1000   2.860410    -0.0998   2.860679    6.15226    -0.0454    13.8155 0.0000e+00  -64.46817  -61.91700 1154062205 209.201469    34.4161      29856         12  0.000e+00
    200.374    -0.0997   2.860383    -0.1001   2.860638    6.15229    -0.0674    13.8155 0.0000e+00  -64.46817  -61.91700 1154062205 209.201470    34.4154      29857         12  0.000e+00
    200.346    -0.0998   2.860386    -0.0996   2.860644    6.15228    -0.0674    13.8155 0.0000e+00  -64.46817  -61.91700 1154062205 209.201470    34.4156      29858         12  0.000e+00
    200.374    -0.0997   2.860403    -0.0996   2.860632    6.15228    -0.0784    13.8155 0.0000e+00  -64.46817  -61.91700 1154062205 209.201471    34.4156      29859         12  0.000e+00
    200.346    -0.0995   2.860413    -0.0999   2.860626    6.15223    -0.0564    13.8155 0.0000e+00  -64.46817  -61.91700 1154062205 209.201471    34.4156      29860         12  0.000e+00
    200.374    -0.0997   2.860416    -0.0996   2.860602    6.15227    -0.0454    13.8155 0.0000e+00  -64.46817  -61.91700 1154062205 209.201472    34.4158      29861         12  0.000e+00
    200.346    -0.0992   2.860396    -0.1000   2.860597    6.15220    -0.0784    13.8155 0.0000e+00  -64.46817  -61.91700 1154062205 209.201472    34.4151      29862         12  0.000e+00
    200.374    -0.1000   2.860366    -0.1001   2.860632    6.15234    -0.0564    13.8155 0.0000e+00  -64.46817  -61.91700 1154062205 209.201473    34.4155      29863         12  0.000e+00
    200.374    -0.1000   2.860349    -0.0998   2.860632    6.15234    -0.0674    13.8155 0.0000e+00  -64.46817  -61.91700 1154062205 209.201473    34.4153      29864         12  0.000e+00
    200.422    -0.1000   2.860380    -0.1003   2.860626    6.15237    -0.0454    13.8155 0.0000e+00  -64.46817  -61.91700 1154062205 209.201474    34.4157      29865         12  0.000e+00
    200.451    -0.1000   2.860343    -0.1001   2.860603    6.15242    -0.0123    13.8155 0.0000e+00  -64.46817  -61.91700 1154062205 209.201474    34.4152      29866         12  0.000e+00
    200.346    -0.1003   2.860386    -0.1001   2.860597    6.15234    -0.0343    13.8155 0.0000e+00  -64.46817  -61.91700 1154062205 209.201475    34.4161      29867         12  0.000e+00
    200.451    -0.0997   2.860346    -0.1000   2.860597    6.15238    -0.0013    13.8155 0.0000e+00  -64.46817  -61.91700 1154062205 209.201475    34.4148      29868         12  0.000e+00
    200.422    -0.0998   2.860306    -0.1001   2.860614    6.15239    -0.0123    13.8155 0.0000e+00  -64.46817  -61.91700 1154062205 209.201476    34.4145      29869         12  0.000e+00
    200.451    -0.0995   2.860370    -0.0996   2.860644    6.15235    -0.0233    13.8155 0.0000e+00  -64.46817  -61.91700 1154062205 209.201476    34.4150      29870         12  0.000e+00
    200.451    -0.0995   2.860366    -0.0998   2.860608    6.15235    -0.0564    13.8155 0.0000e+00  -64.46817  -61.91700 1154062205 209.201477    34.4150      29871         12  0.000e+00
    200.422    -0.1000   2.860350    -0.0998   2.860597    6.15239    -0.0343    13.8155 0.0000e+00  -64.46817  -61.91700 1154062205 209.201477    34.4153      29872         12  0.000e+00
    200.451    -0.0995   2.860350    -0.1000   2.860597    6.15236    -0.0123    13.8155 0.0000e+00  -64.46817  -61.91700 1154062206 209.201478    34.4147      29873         12  0.000e+00
    200.489    -0.0997   2.860366    -0.0998   2.860614    6.15240    -0.1114    13.8155 0.0000e+00  -64.46817  -61.91700 1154062206 209.201478    34.4151      29874         12  0.000e+00
    200.451    -0.1001   2.860373    -0.1001   2.860626    6.15711    -0.1665    13.8155 0.0000e+00  -64.46817  -61.91700 1154062206 209.201479    34.4157      29875         12  0.000e+00
    200.489    -0.1002   2.860380    -0.1003   2.860579    6.15245    -0.2106    13.8155 0.0000e+00  -64.46817  -61.91700 1154062206 209.201479    34.4158      29876         12  0.000e+00
    200.451    -0.1002   2.860356    -0.1000   2.860626    6.15243    -0.1225    13.8155 0.0000e+00  -64.46817  -61.91700 1154062206 209.201480    34.4155      29877         12  0.000e+00
    200.518    -0.0997   2.860366    -0.1000   2.860608    6.15242    -0.0784    13.8155 0.0000e+00  -64.46817  -61.91700 1154062206 209.201480    34.4151      29878         12  0.000e+00
    200.422    -0.1002   2.860373    -0.1004   2.860614    6.15240    -0.0564    13.8155 0.0000e+00  -64.46817  -61.91700 1154062206 209.201481    34.4158      29879         12  0.000e+00
    200.518    -0.0999   2.860346    -0.0999   2.860626    6.15245    -0.0564    13.8155 0.0000e+00  -64.46817  -61.91700 1154062206 209.201481    34.4150      29880         12  0.000e+00
    200.489    -0.1000   2.860363    -0.1003   2.860626    6.15243    -0.0343    13.8155 0.0000e+00  -64.46817  -61.91700 1154062206 209.201481    34.4154      29881         12  0.000e+00
    200.518    -0.0997   2.860336    -0.0998   2.860626    6.15244    -0.0784    13.8155 0.0000e+00  -64.46817  -61.91700 1154062206 209.201482    34.4147      29882         12  0.000e+00
    200.451    -0.0997   2.860343    -0.1000   2.860603    6.15238    -0.1114    13.8155 0.0000e+00  -64.46817  -61.91700 1154062206 209.201482    34.4148      29883         12  0.000e+00
    200.489    -0.0997   2.860356    -0.1001   2.860614    6.15240    -0.1555    13.8155 0.0000e+00  -64.46817  -61.91700 1154062206 209.201483    34.4150      29884         12  0.000e+00
    200.518    -0.1005   2.860350    -0.0998   2.860626    6.15253    -0.0784    13.8155 0.0000e+00  -64.46817  -61.91700 1154062206 209.201483    34.4157      29885         12  0.000e+00
    200.489    -0.1000   2.860350    -0.1000   2.860644    6.15714    -0.0564    13.8155 0.0000e+00  -64.46817  -61.91700 1154062206 209.201484    34.4152      29886         12  0.000e+00
    200.518    -0.1002   2.860350    -0.0996   2.860608    6.15249    -0.0674    13.8155 0.0000e+00  -64.46817  -61.91700 1154062206 209.201484    34.4154      29887         12  0.000e+00
    200.489    -0.1000   2.860356    -0.1003   2.860614    6.15244    -0.1555    13.8155 0.0000e+00  -64.46817  -61.91700 1154062206 209.201485    34.4153      29888         12  0.000e+00
    200.518    -0.1000   2.860333    -0.1001   2.860603    6.15248    -0.1996    13.8155 0.0000e+00  -64.46817  -61.91700 1154062206 209.201485    34.4150      29889         12  0.000e+00
    200.451    -0.1002   2.860360    -0.0998   2.860597    6.15243    -0.1114    13.8155 0.0000e+00  -64.46817  -61.91700 1154062206 209.201486    34.4156      29890         12  0.000e+00
    200.489    -0.0999   2.860353    -0.0996   2.860632    6.15713    -0.0454    13.8155 0.0000e+00  -64.46817  -61.91700 1154062206 209.201486    34.4151      29891         12  0.000e+00
    200.518    -0.1000   2.860350    -0.1000   2.860632    6.15717    -0.0123    13.8155 0.0000e+00  -64.46817  -61.91700 1154062206 209.201487    34.4152      29892         12  0.000e+00
    200.489    -0.0999   2.860340    -0.1000   2.860626    6.15243    -0.0123    13.8155 0.0000e+00  -64.46817  -61.91700 1154062206 209.201487    34.4149      29893         12  0.000e+00
    200.518    -0.0999   2.860329    -0.1003   2.860626    6.15246    -0.0564    13.8155 0.0000e+00  -64.46817  -61.91700 1154062206 209.201488    34.4148      29894         12  0.000e+00
    200.489    -0.1002   2.860326    -0.1000   2.860644    6.15248    -0.0674    13.8155 0.0000e+00  -64.46817  -61.91700 1154062206 209.201488    34.4151      29895         12  0.000e+00
    200.451    -0.1000   2.860343    -0.1001   2.860591    6.15712    -0.0674    13.8155 0.0000e+00  -64.46817  -61.91700 1154062206 209.201489    34.4152      29896         12  0.000e+00
    200.518    -0.1003   2.860356    -0.1000   2.860608    6.15721    -0.0784    13.8155 0.0000e+00  -64.46817  -61.91700 1154062207 209.201489    34.4156      29897         12  0.000e+00
    200.346    -0.1001   2.860349    -0.0998   2.860626    6.15704    -0.0564    13.8155 0.0000e+00  -64.46817  -61.91700 1154062207 209.201490    34.4154      29898         12  0.000e+00
    150.120    -0.2092   2.845910    -0.2184   2.845523    6.27623    -0.0123    13.8155 0.0000e+00  -64.46817  -61.91700 1154062283 209.202377    34.3766      31737         13  0.000e+00
    150.186    -0.2160   2.845237    -0.2193   2.845505    6.27754    -0.0894    13.8155 0.0000e+00  -64.46817  -61.91700 1154062283 209.202377    34.3753      31738         13  0.000e+00
    150.120    -0.2210   2.844914    -0.2208   2.845394    6.27362    -0.0564    13.8155 0.0000e+00  -64.46817  -61.91700 1154062283 209.202378    34.3767      31739         13  0.000e+00
    150.196    -0.2230   2.844868    -0.2212   2.845341    6.27865    -0.0343    13.8155 0.0000e+00  -64.46817  -61.91700 1154062283 209.202378    34.3782      31740         13  0.000e+00
    150.120    -0.2233   2.845051    -0.2210   2.845277    6.27852    -0.0564    13.8155 0.0000e+00  -64.46817  -61.91700 1154062283 209.202378    34.3811      31741         13  0.000e+00
    150.120    -0.2203   2.845274    -0.2224   2.845224    6.27801    -0.0784    13.8155 0.0000e+00  -64.46817  -61.91700 1154062283 209.202379    34.3807      31742         13  0.000e+00
    150.196    -0.2191   2.845267    -0.2224   2.845201    6.27793    -0.0894    13.8155 0.0000e+00  -64.46817  -61.91700 1154062283 209.202379    34.3792      31743         13  0.000e+00
