product_data/regression_test/downloaded_data/MGDS/320620060703/ctd/p6622603.ros
* Sea-Bird SBE 9 Data File:
* FileName = D:\Data\Raw\p6622603.dat
* Software Version Seasave Win32 V 5.32
* Temperature SN = 1649
* Conductivity SN = 1431
* Number of Bytes Per Scan = 37
* Number of Voltage Words = 5
* Number of Scans Averaged by the Deck Unit = 1
* NMEA Latitude = 62 56.90 S
* NMEA Longitude = 057 40.19 W
* NMEA UTC (Time) = 23:11:34
** Ship:   Nathaniel B. Palmer 
** Cruise:    NBP0606 
# nquan = 17
# nvalues = 1176                    
# units = specified
# name 0 = prDM: Pressure, Digiquartz [db]
# name 1 = t090C: Temperature [ITS-90, deg C]
# name 2 = c0S/m: Conductivity [S/m]
# name 3 = t190C: Temperature, 2 [ITS-90, deg C]
# name 4 = c1S/m: Conductivity, 2 [S/m]
# name 5 = sbeox0ML/L: Oxygen, SBE 43 [ml/l]
# name 6 = flECO-AFL: Fluorescence, Wetlab ECO-AFL/FL [mg/m^3]
# name 7 = bat: Beam Attenuation, Chelsea/Seatech/Wetlab CStar [1/m]
# name 8 = spar: SPAR/Surface Irradiance
# name 9 = latitude: Latitude [deg]
# name 10 = longitude: Longitude [deg]
# name 11 = timeY: Time, System [seconds]
# name 12 = timeJ: Julian Days
# name 13 = sal00: Salinity [PSU]
# name 14 = scan: scan number
# name 15 = nbf: number of bottles fired
# name 16 = flag:  0.000e+00
# interval = seconds: 0.0416667                   
# start_time = Aug 03 2006 23:12:22
*END*
[from data line 86]
    150.303    -1.8525   2.715173    -1.8513   2.715462    7.56758     0.0428    13.8155 0.0000e+00  -62.94833  -57.66983 1154647124 215.971368    34.4733       9221          2  0.000e+00
    150.303    -1.8524   2.715189    -1.8514   2.715468    7.57730    -0.0674    13.8155 0.0000e+00  -62.94833  -57.66983 1154647124 215.971368    34.4734       9222          2  0.000e+00
    150.227    -1.8520   2.715163    -1.8512   2.715457    7.57718    -0.0674    13.8155 0.0000e+00  -62.94833  -57.66983 1154647124 215.971369    34.4726       9223          2  0.000e+00
    150.303    -1.8525   2.715183    -1.8508   2.715485    7.58220    -0.0013    13.8155 0.0000e+00  -62.94833  -57.66983 1154647124 215.971369    34.4735       9224          2  0.000e+00
    150.303    -1.8519   2.715163    -1.8510   2.715474    7.58212     0.0097    13.8155 0.0000e+00  -62.94833  -57.66983 1154647124 215.971370    34.4725       9225          2  0.000e+00
    150.303    -1.8527   2.715153    -1.8513   2.715468    7.57737     0.0318    13.8155 0.0000e+00  -62.94833  -57.66983 1154647124 215.971370    34.4732       9226          2  0.000e+00
    150.303    -1.8526   2.715202    -1.8511   2.715485    7.57732     0.0318    13.8155 0.0000e+00  -62.94833  -57.66983 1154647124 215.971371    34.4738       9227          2  0.000e+00
    150.236    -1.8524   2.715183    -1.8513   2.715474    7.57723    -0.0233    13.8155 0.0000e+00  -62.94833  -57.66983 1154647124 215.971371    34.4733       9228          2  0.000e+00
    150.303    -1.8528   2.715189    -1.8511   2.715468    7.57736     0.0207    13.8155 0.0000e+00  -62.94833  -57.66983 1154647124 215.971372    34.4739       9229          2  0.000e+00
    150.303    -1.8524   2.715163    -1.8510   2.715474    7.57245     0.0207    13.8155 0.0000e+00  -62.94833  -57.66983 1154647124 215.971372    34.4731       9230          2  0.000e+00
    150.303    -1.8520   2.715183    -1.8508   2.715468    7.56750     0.0097    13.8155 0.0000e+00  -62.94833  -57.66983 1154647125 215.971372    34.4729       9231          2  0.000e+00
    150.303    -1.8524   2.715212    -1.8507   2.715468    7.57240    -0.0123    13.8155 0.0000e+00  -62.94833  -57.66983 1154647125 215.971373    34.4737       9232          2  0.000e+00
    150.303    -1.8551   2.715003    -1.8543   2.715290    7.57786     0.0097    13.8155 0.0000e+00  -62.94833  -57.66983 1154647130 215.971440    34.4740       9372          3  0.000e+00
    150.370    -1.8551   2.715013    -1.8546   2.715301    7.57792     0.0318    13.8155 0.0000e+00  -62.94833  -57.66983 1154647130 215.971441    34.4741       9373          3  0.000e+00
    150.303    -1.8549   2.715003    -1.8544   2.715250    7.57783     0.0097    13.8155 0.0000e+00  -62.94833  -57.66983 1154647130 215.971441    34.4737       9374          3  0.000e+00
    150.303    -1.8553   2.715013    -1.8546   2.715290    7.57788     0.0097    13.8155 0.0000e+00  -62.94833  -57.66983 1154647130 215.971442    34.4743       9375          3  0.000e+00
    150.370    -1.8553   2.714987    -1.8543   2.715290    7.57797     0.0207    13.8155 0.0000e+00  -62.94833  -57.66983 1154647131 215.971442    34.4739       9376          3  0.000e+00
    150.370    -1.8556   2.714977    -1.8548   2.715296    7.57802     0.0097    13.8155 0.0000e+00  -62.94833  -57.66983 1154647131 215.971443    34.4741       9377          3  0.000e+00
    150.303    -1.8553   2.715026    -1.8549   2.715250    7.57788    -0.0564    13.8155 0.0000e+00  -62.94833  -57.66983 1154647131 215.971443    34.4746       9378          3  0.000e+00
    150.370    -1.8556   2.714994    -1.8549   2.715290    7.57801    -0.1004    13.8155 0.0000e+00  -62.94833  -57.66983 1154647131 215.971444    34.4744       9379          3  0.000e+00
    150.370    -1.8557   2.714994    -1.8548   2.715273    7.57803    -0.0343    13.8155 0.0000e+00  -62.94833  -57.66983 1154647131 215.971444    34.4745       9380          3  0.000e+00
    150.303    -1.8557   2.715013    -1.8551   2.715296    7.57795    -0.0674    13.8155 0.0000e+00  -62.94833  -57.66983 1154647131 215.971445    34.4748       9381          3  0.000e+00
    150.379    -1.8558   2.714987    -1.8549   2.715250    7.57806    -0.0674    13.8155 0.0000e+00  -62.94833  -57.66983 1154647131 215.971445    34.4745       9382          3  0.000e+00
    150.303    -1.8556   2.714994    -1.8547   2.715284    7.57794    -0.0013    13.8155 0.0000e+00  -62.94833  -57.66983 1154647131 215.971446    34.4744       9383          3  0.000e+00
    150.370    -1.8554   2.715013    -1.8548   2.715250    7.57797     0.0538    13.8155 0.0000e+00  -62.94833  -57.66983 1154647131 215.971446    34.4745       9384          3  0.000e+00
    150.370    -1.8560   2.714987    -1.8546   2.715250    7.57807     0.0538    13.8155 0.0000e+00  -62.94833  -57.66983 1154647131 215.971447    34.4747       9385          3  0.000e+00
    150.303    -1.8560   2.714994    -1.8544   2.715278    7.57801     0.0428    13.8155 0.0000e+00  -62.94833  -57.66983 1154647131 215.971447    34.4749       9386          3  0.000e+00
    150.379    -1.8556   2.714964    -1.8545   2.715267    7.57804    -0.0233    13.8155 0.0000e+00  -62.94833  -57.66983 1154647131 215.971448    34.4739       9387          3  0.000e+00
    150.370    -1.8557   2.714971    -1.8548   2.715278    7.57805     0.0097    13.8155 0.0000e+00  -62.94833  -57.66983 1154647131 215.971448    34.4742       9388          3  0.000e+00
    150.303    -1.8558   2.714958    -1.8549   2.715267    7.57800     0.0868    13.8155 0.0000e+00  -62.94833  -57.66983 1154647131 215.971449    34.4742       9389          3  0.000e+00
    150.370    -1.8560   2.714987    -1.8548   2.715267    7.57809    -0.0123    13.8155 0.0000e+00  -62.94833  -57.66983 1154647131 215.971449    34.4748       9390          3  0.000e+00
    150.379    -1.8562   2.714980    -1.8546   2.715261    7.57812    -0.0123    13.8155 0.0000e+00  -62.94833  -57.66983 1154647131 215.971450    34.4749       9391          3  0.000e+00
    150.303    -1.8556   2.714977    -1.8546   2.715296    7.57795     0.0648    13.8155 0.0000e+00  -62.94833  -57.66983 1154647131 215.971450    34.4742       9392          3  0.000e+00
    150.370    -1.8558   2.714958    -1.8545   2.715290    7.57807     0.0318    13.8155 0.0000e+00  -62.94833  -57.66983 1154647131 215.971451    34.4741       9393          3  0.000e+00
    150.370    -1.8557   2.714971    -1.8548   2.715267    7.57805    -0.0343    13.8155 0.0000e+00  -62.94833  -57.66983 1154647131 215.971451    34.4742       9394          3  0.000e+00
    150.303    -1.8557   2.714994    -1.8545   2.715278    7.57796    -0.0454    13.8155 0.0000e+00  -62.94833  -57.66983 1154647131 215.971452    34.4746       9395          3  0.000e+00
    150.379    -1.8563   2.714980    -1.8547   2.715255    7.57815    -0.0674    13.8155 0.0000e+00  -62.94833  -57.66983 1154647131 215.971452    34.4750       9396          3  0.000e+00
    150.227    -1.8557   2.714993    -1.8551   2.715273    7.57787     0.0097    13.8155 0.0000e+00  -62.94833  -57.66983 1154647131 215.971453    34.4745       9397          3  0.000e+00
    150.446    -1.8559   2.715000    -1.8548   2.715284    7.57814     0.0979    13.8155 0.0000e+00  -62.94833  -57.66983 1154647131 215.971453    34.4748       9398          3  0.000e+00
    150.370    -1.8557   2.714964    -1.8544   2.715284    7.57805     0.0318    13.8155 0.0000e+00  -62.94833  -57.66983 1154647132 215.971454    34.4741       9399          3  0.000e+00
    150.303    -1.8561   2.714971    -1.8540   2.715284    7.57804    -0.0894    13.8155 0.0000e+00  -62.94833  -57.66983 1154647132 215.971454    34.4747       9400          3  0.000e+00
    150.370    -1.8560   2.714958    -1.8542   2.715284    7.57811    -0.0454    13.8155 0.0000e+00  -62.94833  -57.66983 1154647132 215.971454    34.4744       9401          3  0.000e+00
    150.370    -1.8557   2.714954    -1.8545   2.715267    7.57806    -0.0343    13.8155 0.0000e+00  -62.94833  -57.66983 1154647132 215.971455    34.4740       9402          3  0.000e+00
    150.303    -1.8560   2.714987    -1.8545   2.715250    7.57802    -0.0233    13.8155 0.0000e+00  -62.94833  -57.66983 1154647132 215.971455    34.4748       9403          3  0.000e+00
    150.370    -1.8558   2.714980    -1.8548   2.715296    7.57806     0.0758    13.8155 0.0000e+00  -62.94833  -57.66983 1154647132 215.971456    34.4744       9404          3  0.000e+00
    150.379    -1.8554   2.714977    -1.8550   2.715290    7.57801     0.0318    13.8155 0.0000e+00  -62.94833  -57.66983 1154647132 215.971456    34.4739       9405          3  0.000e+00
    150.303    -1.8557   2.714977    -1.8542   2.715301    7.57797     0.0318    13.8155 0.0000e+00  -62.94833  -57.66983 1154647132 215.971457    34.4743       9406          3  0.000e+00
    150.370    -1.8557   2.714977    -1.8548   2.715290    7.57804     0.0538    13.8155 0.0000e+00  -62.94833  -57.66983 1154647132 215.971457    34.4743       9407          3  0.000e+00
    150.370    -1.8551   2.714994    -1.8545   2.715284    7.57793     0.0318    13.8155 0.0000e+00  -62.94833  -57.66983 1154647132 215.971458    34.4737       9408          3  0.000e+00
    150.379    -1.8557   2.715000    -1.8545   2.715273    7.57316    -0.0123    13.8155 0.0000e+00  -62.94833  -57.66983 1154647132 215.971458    34.4746       9409          3  0.000e+00
    150.303    -1.8559   2.715013    -1.8548   2.715278    7.56822    -0.0784    13.8155 0.0000e+00  -62.94833  -57.66983 1154647132 215.971459    34.4750       9410          3  0.000e+00
    150.370    -1.8557   2.714987    -1.8542   2.715284    7.57316    -0.0123    13.8155 0.0000e+00  -62.94833  -57.66983 1154647132 215.971459    34.4744       9411          3  0.000e+00
    150.370    -1.8557   2.714994    -1.8548   2.715284    7.57802     0.0207    13.8155 0.0000e+00  -62.94833  -57.66983 1154647132 215.971460    34.4745       9412          3  0.000e+00
    150.303    -1.8554   2.715013    -1.8546   2.715244    7.57790     0.0097    13.8155 0.0000e+00  -62.94833  -57.66983 1154647132 215.971460    34.4745       9413          3  0.000e+00
    150.370    -1.8556   2.715020    -1.8545   2.715250    7.57799     0.0538    13.8155 0.0000e+00  -62.94833  -57.66983 1154647132 215.971461    34.4747       9414          3  0.000e+00
    150.370    -1.8552   2.714987    -1.8547   2.715278    7.57796     0.0097    13.8155 0.0000e+00  -62.94833  -57.66983 1154647132 215.971461    34.4738       9415          3  0.000e+00
    150.303    -1.8554   2.714994    -1.8548   2.715232    7.56816    -0.0013    13.8155 0.0000e+00  -62.94833  -57.66983 1154647132 215.971462    34.4742       9416          3  0.000e+00
    150.370    -1.8556   2.715029    -1.8543   2.715227    7.56823     0.0097    13.8155 0.0000e+00  -62.94833  -57.66983 1154647132 215.971462    34.4749       9417          3  0.000e+00
    150.379    -1.8556   2.714994    -1.8550   2.715267    7.57802    -0.0564    13.8155 0.0000e+00  -62.94833  -57.66983 1154647132 215.971463    34.4743       9418          3  0.000e+00
    150.303    -1.8557   2.715007    -1.8549   2.715267    7.57794     0.1199    13.8155 0.0000e+00  -62.94833  -57.66983 1154647132 215.971463    34.4747       9419          3  0.000e+00
    150.370    -1.8557   2.715003    -1.8542   2.715261    7.57803     0.0758    13.8155 0.0000e+00  -62.94833  -57.66983 1154647132 215.971464    34.4747       9420          3  0.000e+00
    124.806    -1.8220   2.715731    -1.8202   2.716036    7.49675     0.0318    13.8155 0.0000e+00  -62.94833  -57.66983 1154647210 215.972360    34.4621      11279          4  0.000e+00
    125.083    -1.8226   2.715747    -1.8200   2.716036    7.49711    -0.0233    13.8155 0.0000e+00  -62.94833  -57.66983 1154647210 215.972361    34.4627      11280          4  0.000e+00
    124.883    -1.8223   2.715741    -1.8202   2.716036    7.49687     0.0428    13.8155 0.0000e+00  -62.94833  -57.66983 1154647210 215.972361    34.4625      11281          4  0.000e+00
    124.806    -1.8218   2.715701    -1.8204   2.716036    7.50159     0.0538    13.8155 0.0000e+00  -62.94833  -57.66983 1154647210 215.972362    34.4614      11282          4  0.000e+00
    124.940    -1.8220   2.715708    -1.8205   2.716019    7.49691    -0.0454    13.8155 0.0000e+00  -62.94833  -57.66983 1154647210 215.972362    34.4617      11283          4  0.000e+00
    124.883    -1.8224   2.715714    -1.8206   2.715990    7.49690    -0.0454    13.8155 0.0000e+00  -62.94833  -57.66983 1154647210 215.972363    34.4622      11284          4  0.000e+00
    124.873    -1.8219   2.715695    -1.8206   2.716036    7.49196    -0.0123    13.8155 0.0000e+00  -62.94833  -57.66983 1154647210 215.972363    34.4613      11285          4  0.000e+00
    124.873    -1.8222   2.715724    -1.8208   2.716002    7.49200    -0.0123    13.8155 0.0000e+00  -62.94833  -57.66983 1154647210 215.972364    34.4622      11286          4  0.000e+00
    124.883    -1.8214   2.715737    -1.8204   2.716002    7.49187     0.0538    13.8155 0.0000e+00  -62.94833  -57.66983 1154647210 215.972364    34.4614      11287          4  0.000e+00
    124.873    -1.8211   2.715767    -1.8208   2.715973    7.49179     0.0868    13.8155 0.0000e+00  -62.94833  -57.66983 1154647210 215.972364    34.4614      11288          4  0.000e+00
    124.940    -1.8209   2.715744    -1.8209   2.715979    7.49184     0.0097    13.8155 0.0000e+00  -62.94833  -57.66983 1154647210 215.972365    34.4608      11289          4  0.000e+00
    124.883    -1.8214   2.715750    -1.8211   2.715985    7.49187    -0.0343    13.8155 0.0000e+00  -62.94833  -57.66983 1154647210 215.972365    34.4616      11290          4  0.000e+00
    124.873    -1.8215   2.715741    -1.8211   2.715962    7.49187     0.0097    13.8155 0.0000e+00  -62.94833  -57.66983 1154647210 215.972366    34.4615      11291          4  0.000e+00
    124.883    -1.8217   2.715767    -1.8209   2.715990    7.49190     0.0428    13.8155 0.0000e+00  -62.94833  -57.66983 1154647210 215.972366    34.4621      11292          4  0.000e+00
    124.873    -1.8213   2.715760    -1.8212   2.716008    7.49183     0.1419    13.8155 0.0000e+00  -62.94833  -57.66983 1154647210 215.972367    34.4616      11293          4  0.000e+00
    124.873    -1.8214   2.715741    -1.8199   2.715990    7.49186     0.0538    13.8155 0.0000e+00  -62.94833  -57.66983 1154647210 215.972367    34.4614      11294          4  0.000e+00
    124.883    -1.8215   2.715750    -1.8200   2.716002    7.49187     0.0538    13.8155 0.0000e+00  -62.94833  -57.66983 1154647211 215.972368    34.4616      11295          4  0.000e+00
    124.940    -1.8216   2.715757    -1.8200   2.716042    7.49194     0.1309    13.8155 0.0000e+00  -62.94833  -57.66983 1154647211 215.972368    34.4618      11296          4  0.000e+00
    124.873    -1.8213   2.715757    -1.8199   2.716042    7.49184     0.0538    13.8155 0.0000e+00  -62.94833  -57.66983 1154647211 215.972369    34.4616      11297          4  0.000e+00
    124.883    -1.8212   2.715757    -1.8200   2.716036    7.48698     0.0097    13.8155 0.0000e+00  -62.94833  -57.66983 1154647211 215.972369    34.4615      11298          4  0.000e+00
    124.873    -1.8219   2.715737    -1.8200   2.716054    7.49193     0.0428    13.8155 0.0000e+00  -62.94833  -57.66983 1154647211 215.972370    34.4619      11299          4  0.000e+00
    124.940    -1.8218   2.715734    -1.8200   2.716048    7.49199     0.0648    13.8155 0.0000e+00  -62.94833  -57.66983 1154647211 215.972370    34.4617      11300          4  0.000e+00
    124.883    -1.8217   2.715718    -1.8200   2.716013    7.48708     0.0538    13.8155 0.0000e+00  -62.94833  -57.66983 1154647211 215.972371    34.4615      11301          4  0.000e+00
