product_data/regression_test/downloaded_data/MGDS/320620060703/ctd/p6620201.ros
* Sea-Bird SBE 9 Data File:
* FileName = D:\Data\Raw\p6620201.dat
* Software Version Seasave Win32 V 5.32
* Temperature SN = 1649
* Conductivity SN = 1431
* Number of Bytes Per Scan = 37
* Number of Voltage Words = 5
* Number of Scans Averaged by the Deck Unit = 1
* NMEA Latitude = 64 26.68 S
* NMEA Longitude = 061 58.97 W
* NMEA UTC (Time) = 03:19:51
** Ship:   Nathaniel B. Palmer 
** Cruise:    NBP0606 
# nquan = 17
# nvalues = 1176                    
# units = specified
# name 0 = prDM: Pressure, Digiquartz [db]
# name 1 = t090C: Temperature [ITS-90, deg C]
# name 2 = c0S/m: Conductivity [S/m]
# name 3 = t190C: Temperature, 2 [ITS-90, deg C]
# name 4 = c1S/m: Conductivity, 2 [S/m]
# name 5 = sbeox0ML/L: Oxygen, SBE 43 [ml/l]
# name 6 = flECO-AFL: Fluorescence, Wetlab ECO-AFL/FL [mg/m^3]
# name 7 = bat: Beam Attenuation, Chelsea/Seatech/Wetlab CStar [1/m]
# name 8 = spar: SPAR/Surface Irradiance
# name 9 = latitude: Latitude [deg]
# name 10 = longitude: Longitude [deg]
# name 11 = timeY: Time, System [seconds]
# name 12 = timeJ: Julian Days
# name 13 = sal00: Salinity [PSU]
# name 14 = scan: scan number
# name 15 = nbf: number of bottles fired
# name 16 = flag:  0.000e+00
# interval = seconds: 0.0416667                   
# start_time = Jul 28 2006 03:19:59
*END*
[from data line 596]
    150.593    -0.1213   2.853598    -0.1214   2.854033    6.22373     0.0428    13.8155 0.0000e+00  -64.44467  -61.98283 1154058205 209.155181    34.3797      33809         13  0.000e+00
    150.669    -0.1236   2.853387    -0.1195   2.854085    6.22421    -0.0343    13.8155 0.0000e+00  -64.44467  -61.98283 1154058205 209.155182    34.3795      33810         13  0.000e+00
    150.593    -0.1272   2.853267    -0.1206   2.854033    6.22466    -0.1225    13.8155 0.0000e+00  -64.44467  -61.98283 1154058206 209.155182    34.3820      33811         13  0.000e+00
    150.602    -0.1288   2.853281    -0.1232   2.853875    6.22486    -0.1004    13.8155 0.0000e+00  -64.44467  -61.98283 1154058206 209.155183    34.3839      33812         13  0.000e+00
    150.526    -0.1294   2.853394    -0.1249   2.853722    6.22480    -0.0233    13.8155 0.0000e+00  -64.44467  -61.98283 1154058206 209.155183    34.3862      33813         13  0.000e+00
    150.669    -0.1267   2.853591    -0.1240   2.853693    6.22448    -0.0564    13.8155 0.0000e+00  -64.44467  -61.98283 1154058206 209.155184    34.3857      33814         13  0.000e+00
    150.526    -0.1235   2.853738    -0.1229   2.853752    6.22387    -0.0674    13.8155 0.0000e+00  -64.44467  -61.98283 1154058206 209.155184    34.3841      33815         13  0.000e+00
    150.593    -0.1210   2.853738    -0.1234   2.853711    6.22361    -0.0784    13.8155 0.0000e+00  -64.44467  -61.98283 1154058206 209.155185    34.3812      33816         13  0.000e+00
    150.593    -0.1213   2.853604    -0.1264   2.853570    6.22373    -0.1004    13.8155 0.0000e+00  -64.44467  -61.98283 1154058206 209.155185    34.3798      33817         13  0.000e+00
    150.593    -0.1238   2.853344    -0.1283   2.853365    6.22419    -0.1335    13.8155 0.0000e+00  -64.44467  -61.98283 1154058206 209.155186    34.3792      33818         13  0.000e+00
    150.602    -0.1247   2.853287    -0.1339   2.853043    6.22434    -0.1445    13.8155 0.0000e+00  -64.44467  -61.98283 1154058206 209.155186    34.3794      33819         13  0.000e+00
    150.593    -0.1246   2.853414    -0.1363   2.852780    6.22425    -0.0784    13.8155 0.0000e+00  -64.44467  -61.98283 1154058206 209.155187    34.3810      33820         13  0.000e+00
    150.593    -0.1230   2.853467    -0.1352   2.852721    6.22869    -0.1004    13.8155 0.0000e+00  -64.44467  -61.98283 1154058206 209.155187    34.3799      33821         13  0.000e+00
    150.593    -0.1258   2.853387    -0.1331   2.852780    6.22909    -0.0233    13.8155 0.0000e+00  -64.44467  -61.98283 1154058206 209.155188    34.3820      33822         13  0.000e+00
    150.602    -0.1283   2.853187    -0.1373   2.852575    6.22952     0.0207    13.8155 0.0000e+00  -64.44467  -61.98283 1154058206 209.155188    34.3821      33823         13  0.000e+00
    150.593    -0.1317   2.852780    -0.1439   2.851995    6.23018     0.0097    13.8155 0.0000e+00  -64.44467  -61.98283 1154058206 209.155189    34.3806      33824         13  0.000e+00
    150.526    -0.1345   2.852467    -0.1496   2.851480    6.23065    -0.0123    13.8155 0.0000e+00  -64.44467  -61.98283 1154058206 209.155189    34.3796      33825         13  0.000e+00
    150.602    -0.1334   2.852504    -0.1486   2.851246    6.23056    -0.0343    13.8155 0.0000e+00  -64.44467  -61.98283 1154058206 209.155190    34.3788      33826         13  0.000e+00
    150.593    -0.1314   2.852590    -0.1497   2.851310    6.23025     0.0318    13.8155 0.0000e+00  -64.44467  -61.98283 1154058206 209.155190    34.3777      33827         13  0.000e+00
    150.593    -0.1297   2.852574    -0.1486   2.851363    6.23004    -0.0013    13.8155 0.0000e+00  -64.44467  -61.98283 1154058206 209.155190    34.3756      33828         13  0.000e+00
    150.593    -0.1308   2.852440    -0.1469   2.851491    6.23025    -0.1555    13.8155 0.0000e+00  -64.44467  -61.98283 1154058206 209.155191    34.3750      33829         13  0.000e+00
    150.526    -0.1308   2.852117    -0.1446   2.851673    6.23038    -0.1555    13.8155 0.0000e+00  -64.44467  -61.98283 1154058206 209.155191    34.3707      33830         13  0.000e+00
    150.593    -0.1365   2.851810    -0.1420   2.851843    6.23601    -0.0894    13.8155 0.0000e+00  -64.44467  -61.98283 1154058206 209.155192    34.3731      33831         13  0.000e+00
    150.593    -0.1424   2.851603    -0.1405   2.852024    6.23220    -0.1335    13.8155 0.0000e+00  -64.44467  -61.98283 1154058206 209.155192    34.3770      33832         13  0.000e+00
    150.593    -0.1448   2.851540    -0.1399   2.852130    6.23253    -0.1004    13.8155 0.0000e+00  -64.44467  -61.98283 1154058206 209.155193    34.3788      33833         13  0.000e+00
    150.526    -0.1448   2.851620    -0.1391   2.852188    6.23710    -0.0454    13.8155 0.0000e+00  -64.44467  -61.98283 1154058206 209.155193    34.3799      33834         13  0.000e+00
    150.593    -0.1457   2.851733    -0.1397   2.852247    6.23721    -0.0894    13.8155 0.0000e+00  -64.44467  -61.98283 1154058207 209.155194    34.3824      33835         13  0.000e+00
    150.593    -0.1451   2.851663    -0.1415   2.852141    6.23250    -0.1335    13.8155 0.0000e+00  -64.44467  -61.98283 1154058207 209.155194    34.3808      33836         13  0.000e+00
    150.526    -0.1468   2.851523    -0.1443   2.851913    6.23741    -0.0123    13.8155 0.0000e+00  -64.44467  -61.98283 1154058207 209.155195    34.3809      33837         13  0.000e+00
    150.593    -0.1477   2.851440    -0.1439   2.851796    6.23763     0.0428    13.8155 0.0000e+00  -64.44467  -61.98283 1154058207 209.155195    34.3807      33838         13  0.000e+00
    150.593    -0.1459   2.851557    -0.1440   2.851937    6.23266    -0.0013    13.8155 0.0000e+00  -64.44467  -61.98283 1154058207 209.155196    34.3802      33839         13  0.000e+00
    150.526    -0.1429   2.851603    -0.1425   2.852212    6.23687    -0.0013    13.8155 0.0000e+00  -64.44467  -61.98283 1154058207 209.155196    34.3775      33840         13  0.000e+00
    150.602    -0.1418   2.851643    -0.1366   2.852551    6.23678    -0.0894    13.8155 0.0000e+00  -64.44467  -61.98283 1154058207 209.155197    34.3768      33841         13  0.000e+00
    150.593    -0.1392   2.851820    -0.1326   2.852862    6.23634    -0.0564    13.8155 0.0000e+00  -64.44467  -61.98283 1154058207 209.155197    34.3762      33842         13  0.000e+00
    150.526    -0.1382   2.852083    -0.1322   2.852973    6.23601    -0.0343    13.8155 0.0000e+00  -64.44467  -61.98283 1154058207 209.155198    34.3787      33843         13  0.000e+00
    150.602    -0.1382   2.852357    -0.1352   2.852967    6.23592     0.0097    13.8155 0.0000e+00  -64.44467  -61.98283 1154058207 209.155198    34.3823      33844         13  0.000e+00
    150.526    -0.1356   2.852457    -0.1346   2.852961    6.23547    -0.0123    13.8155 0.0000e+00  -64.44467  -61.98283 1154058207 209.155199    34.3807      33845         13  0.000e+00
    150.593    -0.1341   2.852520    -0.1323   2.853061    6.23529    -0.0123    13.8155 0.0000e+00  -64.44467  -61.98283 1154058207 209.155199    34.3797      33846         13  0.000e+00
    150.526    -0.1323   2.852597    -0.1302   2.853195    6.23498    -0.0123    13.8155 0.0000e+00  -64.44467  -61.98283 1154058207 209.155200    34.3789      33847         13  0.000e+00
    150.602    -0.1302   2.852727    -0.1291   2.853172    6.23470    -0.0233    13.8155 0.0000e+00  -64.44467  -61.98283 1154058207 209.155200    34.3781      33848         13  0.000e+00
    150.526    -0.1308   2.852734    -0.1289   2.853107    6.23470    -0.0564    13.8155 0.0000e+00  -64.44467  -61.98283 1154058207 209.155201    34.3789      33849         13  0.000e+00
    150.316    -0.1415   2.851466    -0.1866   2.847734    6.24594    -0.0013    13.8155 0.0000e+00  -64.44467  -61.98283 1154058213 209.155263    34.3743      33979         14  0.000e+00
    150.316    -0.1406   2.851343    -0.1866   2.847640    6.24589    -0.0564    13.8155 0.0000e+00  -64.44467  -61.98283 1154058213 209.155264    34.3716      33980         14  0.000e+00
    150.459    -0.1400   2.851236    -0.1863   2.847605    6.24600    -0.0784    13.8155 0.0000e+00  -64.44467  -61.98283 1154058213 209.155264    34.3694      33981         14  0.000e+00
    150.383    -0.1404   2.851076    -0.1869   2.847599    6.24608    -0.1225    13.8155 0.0000e+00  -64.44467  -61.98283 1154058213 209.155265    34.3678      33982         14  0.000e+00
    150.316    -0.1449   2.850710    -0.1862   2.847634    6.24680    -0.0454    13.8155 0.0000e+00  -64.44467  -61.98283 1154058213 209.155265    34.3681      33983         14  0.000e+00
    150.449    -0.1516   2.850053    -0.1866   2.847628    6.24814    -0.0343    13.8155 0.0000e+00  -64.44467  -61.98283 1154058213 209.155266    34.3668      33984         14  0.000e+00
    150.316    -0.1603   2.849406    -0.1872   2.847582    6.25417    -0.0674    13.8155 0.0000e+00  -64.44467  -61.98283 1154058213 209.155266    34.3680      33985         14  0.000e+00
    150.383    -0.1674   2.848859    -0.1866   2.847570    6.25076     0.0428    13.8155 0.0000e+00  -64.44467  -61.98283 1154058213 209.155267    34.3687      33986         14  0.000e+00
    150.383    -0.1752   2.848356    -0.1874   2.847553    6.25203    -0.0123    13.8155 0.0000e+00  -64.44467  -61.98283 1154058213 209.155267    34.3708      33987         14  0.000e+00
    150.383    -0.1785   2.848060    -0.1872   2.847564    6.25261    -0.0343    13.8155 0.0000e+00  -64.44467  -61.98283 1154058213 209.155268    34.3705      33988         14  0.000e+00
    150.316    -0.1789   2.847983    -0.1880   2.847553    6.25266    -0.0454    13.8155 0.0000e+00  -64.44467  -61.98283 1154058213 209.155268    34.3701      33989         14  0.000e+00
    150.383    -0.1805   2.847963    -0.1890   2.847523    6.25761    -0.0674    13.8155 0.0000e+00  -64.44467  -61.98283 1154058213 209.155269    34.3715      33990         14  0.000e+00
    150.383    -0.1814   2.847856    -0.1897   2.847494    6.25778    -0.1335    13.8155 0.0000e+00  -64.44467  -61.98283 1154058213 209.155269    34.3711      33991         14  0.000e+00
    150.383    -0.1823   2.847713    -0.1890   2.847441    6.25798    -0.0784    13.8155 0.0000e+00  -64.44467  -61.98283 1154058213 209.155270    34.3702      33992         14  0.000e+00
    150.383    -0.1825   2.847630    -0.1889   2.847453    6.25805     0.0428    13.8155 0.0000e+00  -64.44467  -61.98283 1154058213 209.155270    34.3693      33993         14  0.000e+00
    150.316    -0.1835   2.847593    -0.1897   2.847441    6.25346     0.0758    13.8155 0.0000e+00  -64.44467  -61.98283 1154058213 209.155271    34.3700      33994         14  0.000e+00
    150.383    -0.1840   2.847556    -0.1891   2.847436    6.25829    -0.0564    13.8155 0.0000e+00  -64.44467  -61.98283 1154058213 209.155271    34.3701      33995         14  0.000e+00
    150.383    -0.1840   2.847550    -0.1895   2.847418    6.25829    -0.1004    13.8155 0.0000e+00  -64.44467  -61.98283 1154058213 209.155272    34.3700      33996         14  0.000e+00
    150.383    -0.1855   2.847526    -0.1889   2.847430    6.25381    -0.0343    13.8155 0.0000e+00  -64.44467  -61.98283 1154058213 209.155272    34.3713      33997         14  0.000e+00
    150.383    -0.1861   2.847506    -0.1895   2.847371    6.25857    -0.0564    13.8155 0.0000e+00  -64.44467  -61.98283 1154058213 209.155272    34.3717      33998         14  0.000e+00
    150.383    -0.1861   2.847496    -0.1898   2.847354    6.25858    -0.1335    13.8155 0.0000e+00  -64.44467  -61.98283 1154058213 209.155273    34.3716      33999         14  0.000e+00
    150.383    -0.1849   2.847466    -0.1912   2.847295    6.25845    -0.1555    13.8155 0.0000e+00  -64.44467  -61.98283 1154058213 209.155273    34.3698      34000         14  0.000e+00
    150.383    -0.1848   2.847423    -0.1904   2.847295    6.25846    -0.1445    13.8155 0.0000e+00  -64.44467  -61.98283 1154058213 209.155274    34.3692      34001         14  0.000e+00
    150.383    -0.1856   2.847353    -0.1885   2.847401    6.25860    -0.0894    13.8155 0.0000e+00  -64.44467  -61.98283 1154058214 209.155274    34.3691      34002         14  0.000e+00
    150.383    -0.1881   2.847220    -0.1883   2.847418    6.25900    -0.0894    13.8155 0.0000e+00  -64.44467  -61.98283 1154058214 209.155275    34.3702      34003         14  0.000e+00
    150.383    -0.1895   2.847090    -0.1912   2.847266    6.25924    -0.0674    13.8155 0.0000e+00  -64.44467  -61.98283 1154058214 209.155275    34.3700      34004         14  0.000e+00
    150.383    -0.1889   2.846947    -0.1931   2.847137    6.25924    -0.0343    13.8155 0.0000e+00  -64.44467  -61.98283 1154058214 209.155276    34.3674      34005         14  0.000e+00
    150.383    -0.1894   2.846790    -0.1919   2.847108    6.25940    -0.0454    13.8155 0.0000e+00  -64.44467  -61.98283 1154058214 209.155276    34.3659      34006         14  0.000e+00
    150.383    -0.1924   2.846673    -0.1906   2.847231    6.25985    -0.0784    13.8155 0.0000e+00  -64.44467  -61.98283 1154058214 209.155277    34.3677      34007         14  0.000e+00
    150.383    -0.1938   2.846590    -0.1894   2.847330    6.26008    -0.1445    13.8155 0.0000e+00  -64.44467  -61.98283 1154058214 209.155277    34.3682      34008         14  0.000e+00
    150.383    -0.1942   2.846580    -0.1887   2.847395    6.26014    -0.1335    13.8155 0.0000e+00  -64.44467  -61.98283 1154058214 209.155278    34.3686      34009         14  0.000e+00
    150.383    -0.1947   2.846573    -0.1885   2.847447    6.26021    -0.1555    13.8155 0.0000e+00  -64.44467  -61.98283 1154058214 209.155278    34.3690      34010         14  0.000e+00
    150.383    -0.1947   2.846527    -0.1883   2.847465    6.26023    -0.0894    13.8155 0.0000e+00  -64.44467  -61.98283 1154058214 209.155279    34.3684      34011         14  0.000e+00
    150.383    -0.1944   2.846487    -0.1869   2.847483    6.26021    -0.0674    13.8155 0.0000e+00  -64.44467  -61.98283 1154058214 209.155279    34.3675      34012         14  0.000e+00
    150.383    -0.1951   2.846443    -0.1861   2.847506    6.26500    -0.0343    13.8155 0.0000e+00  -64.44467  -61.98283 1154058214 209.155280    34.3677      34013         14  0.000e+00
    150.383    -0.1954   2.846390    -0.1832   2.847576    6.26507    -0.0674    13.8155 0.0000e+00  -64.44467  -61.98283 1154058214 209.155280    34.3673      34014         14  0.000e+00
    150.383    -0.1951   2.846400    -0.1839   2.847658    6.26504    -0.0233    13.8155 0.0000e+00  -64.44467  -61.98283 1154058214 209.155281    34.3672      34015         14  0.000e+00
    150.383    -0.1958   2.846400    -0.1843   2.847635    6.26512    -0.0343    13.8155 0.0000e+00  -64.44467  -61.98283 1154058214 209.155281    34.3680      34016         14  0.000e+00
    150.459    -0.1958   2.846340    -0.1855   2.847623    6.26053    -0.1004    13.8155 0.0000e+00  -64.44467  -61.98283 1154058214 209.155282    34.3670      34017         14  0.000e+00
    150.383    -0.1966   2.846360    -0.1859   2.847582    6.26057    -0.0454    13.8155 0.0000e+00  -64.44467  -61.98283 1154058214 209.155282    34.3683      34018         14  0.000e+00
    150.383    -0.1955   2.846437    -0.1860   2.847605    6.26038    -0.0343    13.8155 0.0000e+00  -64.44467  -61.98283 1154058214 209.155283    34.3681      34019         14  0.000e+00
    150.383    -0.1956   2.846517    -0.1848   2.847664    6.26503    -0.1114    13.8155 0.0000e+00  -64.44467  -61.98283 1154058214 209.155283    34.3693      34020         14  0.000e+00
    150.383    -0.1955   2.846627    -0.1846   2.847699    6.26027    -0.0784    13.8155 0.0000e+00  -64.44467  -61.98283 1154058214 209.155284    34.3706      34021         14  0.000e+00
