product_data/regression_test/downloaded_data/MGDS/320620060703/ctd/p6621901.cnv
* Sea-Bird SBE 9 Data File:
* FileName = D:\Data\Raw\p6621901.dat
* Software Version Seasave Win32 V 5.32
* Temperature SN = 1649
* Conductivity SN = 1431
* Number of Bytes Per Scan = 37
* Number of Voltage Words = 5
* Number of Scans Averaged by the Deck Unit = 1
* NMEA Latitude = 62 08.99 S
* NMEA Longitude = 063 05.99 W
* NMEA UTC (Time) = 23:41:35
** Ship:   Nathaniel B. Palmer 
** Cruise:    NBP0606 
# nquan = 15
# nvalues = 1008                        
# units = specified
# name 0 = prDM: Pressure, Digiquartz [db]
# name 1 = t090C: Temperature [ITS-90, deg C]
# name 2 = c0S/m: Conductivity [S/m]
# name 3 = t190C: Temperature, 2 [ITS-90, deg C]
# name 4 = c1S/m: Conductivity, 2 [S/m]
# name 5 = sbeox0ML/L: Oxygen, SBE 43 [ml/l]
# name 6 = flECO-AFL: Fluorescence, Wetlab ECO-AFL/FL [mg/m^3]
# name 7 = bat: Beam Attenuation, Chelsea/Seatech/Wetlab CStar [1/m]
# name 8 = spar: SPAR/Surface Irradiance
# name 9 = latitude: Latitude [deg]
# name 10 = longitude: Longitude [deg]
# name 11 = timeY: Time, System [seconds]
# name 12 = timeJ: Julian Days
# name 13 = sal00: Salinity [PSU]
# name 14 = flag: flag
# span 0 =      4.000,   1011.000       
# span 1 =    -1.3503,     1.9975       
# span 2 =   2.712887,   3.069213       
# span 3 =    -1.3511,     1.9988       
# span 4 =   2.713479,   3.069400       
# span 5 =    4.35074,    8.12785       
# span 6 =    -0.1257,     0.1211       
# span 7 =    13.8155,    13.8155       
# span 8 = 0.0000e+00, 0.0000e+00       
# span 9 =  -62.14983,  -62.14983       
# span 10 =  -63.09983,  -63.09983      
# span 11 = 1154475721, 1154477109      
# span 12 = 213.987532, 214.003599      
# span 13 =    33.9525,    34.7278      
# span 14 = 0.0000e+00, 0.0000e+00      
# interval = decibars: 1                
# start_time = Aug 01 2006 23:41:59
# bad_flag = -9.990e-29
*END*
      4.000    -1.3317   2.714174    -1.3325   2.714804    8.11081     0.1172    13.8155 0.0000e+00  -62.14983  -63.09983 1154475721 213.987532    33.9531 0.0000e+00
      5.000    -1.3433   2.713259    -1.3439   2.713927    8.11495     0.1061    13.8155 0.0000e+00  -62.14983  -63.09983 1154475726 213.987599    33.9534 0.0000e+00
      6.000    -1.3463   2.713033    -1.3478   2.713626    8.11865     0.1211    13.8155 0.0000e+00  -62.14983  -63.09983 1154475729 213.987634    33.9532 0.0000e+00
      7.000    -1.3474   2.712996    -1.3486   2.713567    8.12237     0.1071    13.8155 0.0000e+00  -62.14983  -63.09983 1154475733 213.987676    33.9533 0.0000e+00
      8.000    -1.3477   2.713034    -1.3489   2.713574    8.12209     0.1003    13.8155 0.0000e+00  -62.14983  -63.09983 1154475735 213.987702    33.9534 0.0000e+00
      9.000    -1.3477   2.713062    -1.3489   2.713613    8.12283     0.1136    13.8155 0.0000e+00  -62.14983  -63.09983 1154475736 213.987715    33.9532 0.0000e+00
     10.000    -1.3483   2.713038    -1.3496   2.713603    8.12632     0.0960    13.8155 0.0000e+00  -62.14983  -63.09983 1154475742 213.987777    33.9529 0.0000e+00
     11.000    -1.3503   2.712887    -1.3511   2.713479    8.12227     0.1065    13.8155 0.0000e+00  -62.14983  -63.09983 1154475743 213.987787    33.9525 0.0000e+00
     12.000    -1.3494   2.713037    -1.3497   2.713649    8.12141     0.1083    13.8155 0.0000e+00  -62.14983  -63.09983 1154475746 213.987820    33.9529 0.0000e+00
     13.000    -1.3486   2.713164    -1.3495   2.713734    8.12757     0.0817    13.8155 0.0000e+00  -62.14983  -63.09983 1154475749 213.987864    33.9530 0.0000e+00
     14.000    -1.3501   2.713065    -1.3509   2.713614    8.12708     0.1072    13.8155 0.0000e+00  -62.14983  -63.09983 1154475751 213.987885    33.9528 0.0000e+00
     15.000    -1.3497   2.713173    -1.3504   2.713723    8.12785     0.0960    13.8155 0.0000e+00  -62.14983  -63.09983 1154475756 213.987937    33.9531 0.0000e+00
     16.000    -1.3448   2.713725    -1.3465   2.714147    8.12400     0.0959    13.8155 0.0000e+00  -62.14983  -63.09983 1154475758 213.987959    33.9545 0.0000e+00
     17.000    -1.3470   2.713559    -1.3479   2.714072    8.12456     0.1020    13.8155 0.0000e+00  -62.14983  -63.09983 1154475762 213.988008    33.9540 0.0000e+00
     18.000    -1.3477   2.713531    -1.3484   2.714065    8.12336     0.0962    13.8155 0.0000e+00  -62.14983  -63.09983 1154475763 213.988019    33.9539 0.0000e+00
     19.000    -1.3467   2.713681    -1.3467   2.714278    8.12458     0.1077    13.8155 0.0000e+00  -62.14983  -63.09983 1154475766 213.988061    33.9541 0.0000e+00
     20.000    -1.3459   2.713833    -1.3463   2.714359    8.12263     0.0928    13.8155 0.0000e+00  -62.14983  -63.09983 1154475769 213.988098    33.9547 0.0000e+00
     21.000    -1.3447   2.713983    -1.3451   2.714518    8.12100     0.1178    13.8155 0.0000e+00  -62.14983  -63.09983 1154475771 213.988118    33.9547 0.0000e+00
     22.000    -1.3444   2.714070    -1.3445   2.714611    8.12381     0.0994    13.8155 0.0000e+00  -62.14983  -63.09983 1154475776 213.988171    33.9549 0.0000e+00
     23.000    -1.3443   2.714132    -1.3440   2.714721    8.12458     0.0942    13.8155 0.0000e+00  -62.14983  -63.09983 1154475778 213.988194    33.9552 0.0000e+00
     24.000    -1.3441   2.714194    -1.3441   2.714744    8.12573     0.0941    13.8155 0.0000e+00  -62.14983  -63.09983 1154475780 213.988222    33.9551 0.0000e+00
     25.000    -1.3406   2.714606    -1.3420   2.715020    8.11715     0.0750    13.8155 0.0000e+00  -62.14983  -63.09983 1154475785 213.988273    33.9561 0.0000e+00
     26.000    -1.3432   2.714377    -1.3439   2.714832    8.12116     0.0868    13.8155 0.0000e+00  -62.14983  -63.09983 1154475786 213.988284    33.9553 0.0000e+00
     27.000    -1.3430   2.714445    -1.3429   2.714987    8.12197     0.0882    13.8155 0.0000e+00  -62.14983  -63.09983 1154475790 213.988329    33.9554 0.0000e+00
     28.000    -1.3451   2.714282    -1.3459   2.714734    8.12100     0.1142    13.8155 0.0000e+00  -62.14983  -63.09983 1154475792 213.988357    33.9549 0.0000e+00
     29.000    -1.3472   2.714109    -1.3477   2.714578    8.12016     0.1003    13.8155 0.0000e+00  -62.14983  -63.09983 1154475794 213.988382    33.9544 0.0000e+00
     30.000    -1.3400   2.714929    -1.3381   2.715578    8.11526     0.1024    13.8155 0.0000e+00  -62.14983  -63.09983 1154475799 213.988443    33.9569 0.0000e+00
     31.000    -1.3379   2.715166    -1.3378   2.715706    8.10877     0.0997    13.8155 0.0000e+00  -62.14983  -63.09983 1154475800 213.988454    33.9568 0.0000e+00
     32.000    -1.3230   2.716822    -1.3243   2.717073    8.10321     0.0910    13.8155 0.0000e+00  -62.14983  -63.09983 1154475803 213.988486    33.9622 0.0000e+00
     33.000    -1.3044   2.718838    -1.3039   2.719277    8.09711     0.0735    13.8155 0.0000e+00  -62.14983  -63.09983 1154475807 213.988530    33.9673 0.0000e+00
     34.000    -1.3032   2.718956    -1.3033   2.719412    8.09138     0.0901    13.8155 0.0000e+00  -62.14983  -63.09983 1154475808 213.988539    33.9669 0.0000e+00
     35.000    -1.3060   2.718739    -1.3044   2.719370    8.08888     0.0900    13.8155 0.0000e+00  -62.14983  -63.09983 1154475812 213.988593    33.9670 0.0000e+00
     36.000    -1.3024   2.719143    -1.3024   2.719622    8.08788     0.0877    13.8155 0.0000e+00  -62.14983  -63.09983 1154475814 213.988612    33.9678 0.0000e+00
     37.000    -1.3029   2.719116    -1.3032   2.719584    8.08596     0.0905    13.8155 0.0000e+00  -62.14983  -63.09983 1154475815 213.988620    33.9674 0.0000e+00
     38.000    -1.3025   2.719204    -1.3026   2.719667    8.08256     0.0943    13.8155 0.0000e+00  -62.14983  -63.09983 1154475816 213.988637    33.9676 0.0000e+00
     39.000    -1.3017   2.719342    -1.3012   2.719864    8.07611     0.0861    13.8155 0.0000e+00  -62.14983  -63.09983 1154475821 213.988699    33.9681 0.0000e+00
     40.000    -1.3012   2.719462    -1.3007   2.719949    8.08005     0.1125    13.8155 0.0000e+00  -62.14983  -63.09983 1154475823 213.988718    33.9686 0.0000e+00
     41.000    -1.3005   2.719578    -1.3000   2.720067    8.07842     0.0985    13.8155 0.0000e+00  -62.14983  -63.09983 1154475825 213.988741    33.9687 0.0000e+00
     42.000    -1.3000   2.719697    -1.2996   2.720172    8.07311     0.0759    13.8155 0.0000e+00  -62.14983  -63.09983 1154475826 213.988755    33.9693 0.0000e+00
     43.000    -1.2998   2.719754    -1.2992   2.720255    8.07096     0.0921    13.8155 0.0000e+00  -62.14983  -63.09983 1154475827 213.988767    33.9691 0.0000e+00
     44.000    -1.2899   2.720832    -1.2915   2.721068    8.07111     0.0902    13.8155 0.0000e+00  -62.14983  -63.09983 1154475832 213.988820    33.9719 0.0000e+00
     45.000    -1.2895   2.720929    -1.2891   2.721380    8.07396     0.0854    13.8155 0.0000e+00  -62.14983  -63.09983 1154475834 213.988850    33.9722 0.0000e+00
     46.000    -1.2889   2.721034    -1.2885   2.721480    8.07143     0.1086    13.8155 0.0000e+00  -62.14983  -63.09983 1154475836 213.988869    33.9723 0.0000e+00
     47.000    -1.2894   2.721020    -1.2888   2.721491    8.06803     0.0902    13.8155 0.0000e+00  -62.14983  -63.09983 1154475838 213.988891    33.9722 0.0000e+00
     48.000    -1.2885   2.721166    -1.2881   2.721608    8.06410     0.0871    13.8155 0.0000e+00  -62.14983  -63.09983 1154475841 213.988922    33.9725 0.0000e+00
     49.000    -1.2891   2.721152    -1.2888   2.721585    8.06304     0.0957    13.8155 0.0000e+00  -62.14983  -63.09983 1154475843 213.988944    33.9724 0.0000e+00
     50.000    -1.2895   2.721155    -1.2891   2.721596    8.06169     0.0859    13.8155 0.0000e+00  -62.14983  -63.09983 1154475844 213.988965    33.9724 0.0000e+00
     51.000    -1.2897   2.721174    -1.2894   2.721606    8.06137     0.1028    13.8155 0.0000e+00  -62.14983  -63.09983 1154475847 213.988993    33.9723 0.0000e+00
     52.000    -1.2872   2.721510    -1.2867   2.721952    8.06681     0.1195    13.8155 0.0000e+00  -62.14983  -63.09983 1154475851 213.989038    33.9734 0.0000e+00
     53.000    -1.2845   2.721860    -1.2835   2.722334    8.06350     0.0862    13.8155 0.0000e+00  -62.14983  -63.09983 1154475852 213.989056    33.9745 0.0000e+00
     54.000    -1.2835   2.722011    -1.2829   2.722444    8.06371     0.1002    13.8155 0.0000e+00  -62.14983  -63.09983 1154475853 213.989069    33.9747 0.0000e+00
     55.000    -1.2837   2.722042    -1.2833   2.722444    8.06419     0.0817    13.8155 0.0000e+00  -62.14983  -63.09983 1154475855 213.989083    33.9747 0.0000e+00
     56.000    -1.2846   2.721978    -1.2840   2.722404    8.06768     0.1081    13.8155 0.0000e+00  -62.14983  -63.09983 1154475857 213.989115    33.9743 0.0000e+00
     57.000    -1.2847   2.722042    -1.2844   2.722430    8.06696     0.0871    13.8155 0.0000e+00  -62.14983  -63.09983 1154475859 213.989138    33.9747 0.0000e+00
     58.000    -1.2848   2.722053    -1.2843   2.722469    8.06469     0.1070    13.8155 0.0000e+00  -62.14983  -63.09983 1154475861 213.989153    33.9743 0.0000e+00
     59.000    -1.2845   2.722139    -1.2839   2.722552    8.06483     0.1092    13.8155 0.0000e+00  -62.14983  -63.09983 1154475863 213.989180    33.9746 0.0000e+00
     60.000    -1.2834   2.722322    -1.2827   2.722745    8.06181     0.1056    13.8155 0.0000e+00  -62.14983  -63.09983 1154475865 213.989201    33.9752 0.0000e+00
     61.000    -1.2834   2.722368    -1.2827   2.722790    8.05698     0.0996    13.8155 0.0000e+00  -62.14983  -63.09983 1154475867 213.989222    33.9752 0.0000e+00
     62.000    -1.2841   2.722345    -1.2831   2.722806    8.06685     0.1076    13.8155 0.0000e+00  -62.14983  -63.09983 1154475871 213.989270    33.9751 0.0000e+00
     63.000    -1.2821   2.722613    -1.2814   2.723024    8.06675     0.0827    13.8155 0.0000e+00  -62.14983  -63.09983 1154475872 213.989283    33.9759 0.0000e+00
     64.000    -1.2800   2.722890    -1.2793   2.723294    8.06244     0.0872    13.8155 0.0000e+00  -62.14983  -63.09983 1154475873 213.989294    33.9766 0.0000e+00
     65.000    -1.2796   2.722974    -1.2791   2.723357    8.05736     0.0896    13.8155 0.0000e+00  -62.14983  -63.09983 1154475874 213.989307    33.9767 0.0000e+00
     66.000    -1.2797   2.723013    -1.2788   2.723433    8.06035     0.1189    13.8155 0.0000e+00  -62.14983  -63.09983 1154475878 213.989349    33.9767 0.0000e+00
     67.000    -1.2785   2.723181    -1.2776   2.723624    8.05872     0.0802    13.8155 0.0000e+00  -62.14983  -63.09983 1154475879 213.989366    33.9770 0.0000e+00
     68.000    -1.2789   2.723175    -1.2778   2.723653    8.05802     0.0917    13.8155 0.0000e+00  -62.14983  -63.09983 1154475880 213.989376    33.9768 0.0000e+00
     69.000    -1.2774   2.723384    -1.2766   2.723804    8.05739     0.0860    13.8155 0.0000e+00  -62.14983  -63.09983 1154475881 213.989390    33.9773 0.0000e+00
     70.000    -1.2792   2.723230    -1.2784   2.723643    8.05405     0.1025    13.8155 0.0000e+00  -62.14983  -63.09983 1154475885 213.989436    33.9767 0.0000e+00
     71.000    -1.2806   2.723144    -1.2799   2.723533    8.05157     0.0944    13.8155 0.0000e+00  -62.14983  -63.09983 1154475887 213.989462    33.9766 0.0000e+00
     72.000    -1.2773   2.723511    -1.2765   2.723921    8.05159     0.0913    13.8155 0.0000e+00  -62.14983  -63.09983 1154475888 213.989474    33.9771 0.0000e+00
     73.000    -1.2768   2.723597    -1.2762   2.723990    8.05200     0.0827    13.8155 0.0000e+00  -62.14983  -63.09983 1154475889 213.989487    33.9771 0.0000e+00
     74.000    -1.2777   2.723557    -1.2767   2.723984    8.05657     0.0979    13.8155 0.0000e+00  -62.14983  -63.09983 1154475893 213.989523    33.9770 0.0000e+00
     75.000    -1.2727   2.724117    -1.2747   2.724211    8.05246     0.0881    13.8155 0.0000e+00  -62.14983  -63.09983 1154475895 213.989545    33.9782 0.0000e+00
     76.000    -1.2681   2.724615    -1.2640   2.725295    8.04873     0.0709    13.8155 0.0000e+00  -62.14983  -63.09983 1154475896 213.989556    33.9793 0.0000e+00
     77.000    -1.2641   2.725057    -1.2624   2.725536    8.04406     0.0939    13.8155 0.0000e+00  -62.14983  -63.09983 1154475897 213.989576    33.9799 0.0000e+00
     78.000    -1.2668   2.724905    -1.2636   2.725484    8.04336     0.1111    13.8155 0.0000e+00  -62.14983  -63.09983 1154475901 213.989618    33.9801 0.0000e+00
     79.000    -1.2670   2.724939    -1.2657   2.725361    8.04093     0.0791    13.8155 0.0000e+00  -62.14983  -63.09983 1154475902 213.989629    33.9806 0.0000e+00
     80.000    -1.2670   2.724958    -1.2659   2.725380    8.03986     0.0997    13.8155 0.0000e+00  -62.14983  -63.09983 1154475903 213.989641    33.9802 0.0000e+00
     81.000    -1.2679   2.724908    -1.2670   2.725286    8.04048     0.1203    13.8155 0.0000e+00  -62.14983  -63.09983 1154475905 213.989662    33.9800 0.0000e+00
     82.000    -1.2670   2.725026    -1.2657   2.725443    8.04569     0.1055    13.8155 0.0000e+00  -62.14983  -63.09983 1154475908 213.989698    33.9799 0.0000e+00
     83.000    -1.2666   2.725114    -1.2660   2.725481    8.04262     0.0958    13.8155 0.0000e+00  -62.14983  -63.09983 1154475910 213.989728    33.9800 0.0000e+00
     84.000    -1.2689   2.724967    -1.2680   2.725349    8.04290     0.1073    13.8155 0.0000e+00  -62.14983  -63.09983 1154475911 213.989741    33.9801 0.0000e+00
     85.000    -1.2664   2.725267    -1.2657   2.725608    8.04285     0.1010    13.8155 0.0000e+00  -62.14983  -63.09983 1154475913 213.989757    33.9807 0.0000e+00
     86.000    -1.2638   2.725539    -1.2636   2.725862    8.04330     0.0773    13.8155 0.0000e+00  -62.14983  -63.09983 1154475915 213.989781    33.9807 0.0000e+00
     87.000    -1.2597   2.726024    -1.2577   2.726460    8.04234     0.0790    13.8155 0.0000e+00  -62.14983  -63.09983 1154475917 213.989802    33.9822 0.0000e+00
     88.000    -1.2549   2.726515    -1.2543   2.726848    8.03967     0.0943    13.8155 0.0000e+00  -62.14983  -63.09983 1154475919 213.989833    33.9826 0.0000e+00
     89.000    -1.2552   2.726540    -1.2542   2.726928    8.03608     0.1101    13.8155 0.0000e+00  -62.14983  -63.09983 1154475922 213.989863    33.9828 0.0000e+00
     90.000    -1.2551   2.726609    -1.2534   2.727042    8.03601     0.0977    13.8155 0.0000e+00  -62.14983  -63.09983 1154475924 213.989884    33.9830 0.0000e+00
     91.000    -1.2550   2.726661    -1.2531   2.727150    8.03498     0.1079    13.8155 0.0000e+00  -62.14983  -63.09983 1154475925 213.989902    33.9830 0.0000e+00
     92.000    -1.2564   2.726569    -1.2556   2.726934    8.03503     0.0763    13.8155 0.0000e+00  -62.14983  -63.09983 1154475927 213.989916    33.9828 0.0000e+00
     93.000    -1.2564   2.726633    -1.2552   2.727017    8.03475     0.1041    13.8155 0.0000e+00  -62.14983  -63.09983 1154475929 213.989946    33.9830 0.0000e+00
     94.000    -1.2572   2.726628    -1.2564   2.726958    8.03191     0.1118    13.8155 0.0000e+00  -62.14983  -63.09983 1154475933 213.989986    33.9832 0.0000e+00
     95.000    -1.2574   2.726616    -1.2558   2.727045    8.03079     0.1005    13.8155 0.0000e+00  -62.14983  -63.09983 1154475933 213.989996    33.9828 0.0000e+00
     96.000    -1.2560   2.726765    -1.2545   2.727182    8.03061     0.0510    13.8155 0.0000e+00  -62.14983  -63.09983 1154475934 213.990007    33.9826 0.0000e+00
     97.000    -1.2554   2.726872    -1.2543   2.727246    8.03087     0.0897    13.8155 0.0000e+00  -62.14983  -63.09983 1154475936 213.990022    33.9827 0.0000e+00
     98.000    -1.2560   2.726865    -1.2549   2.727232    8.02809     0.1135    13.8155 0.0000e+00  -62.14983  -63.09983 1154475939 213.990062    33.9827 0.0000e+00
     99.000    -1.2519   2.727298    -1.2502   2.727700    8.02820     0.0648    13.8155 0.0000e+00  -62.14983  -63.09983 1154475942 213.990092    33.9832 0.0000e+00
