product_data/regression_test/downloaded_data/MGDS/320620060703/ctd/p6623401.cnv
* Sea-Bird SBE 9 Data File:
* FileName = D:\Data\Raw\p6623401.dat
* Software Version Seasave Win32 V 5.32
* Temperature SN = 1649
* Conductivity SN = 1431
* Number of Bytes Per Scan = 37
* Number of Voltage Words = 5
* Number of Scans Averaged by the Deck Unit = 1
* NMEA Latitude = 61 50.28 S
* NMEA Longitude = 053 16.58 W
* NMEA UTC (Time) = 13:14:47
** Ship:   Nathaniel B. Palmer 
** Cruise:    NBP0606 
# nquan = 15
# nvalues = 490                         
# units = specified
# name 0 = prDM: Pressure, Digiquartz [db]
# name 1 = t090C: Temperature [ITS-90, deg C]
# name 2 = c0S/m: Conductivity [S/m]
# name 3 = t190C: Temperature, 2 [ITS-90, deg C]
# name 4 = c1S/m: Conductivity, 2 [S/m]
# name 5 = sbeox0ML/L: Oxygen, SBE 43 [ml/l]
# name 6 = flECO-AFL: Fluorescence, Wetlab ECO-AFL/FL [mg/m^3]
# name 7 = bat: Beam Attenuation, Chelsea/Seatech/Wetlab CStar [1/m]
# name 8 = spar: SPAR/Surface Irradiance
# name 9 = latitude: Latitude [deg]
# name 10 = longitude: Longitude [deg]
# name 11 = timeY: Time, System [seconds]
# name 12 = timeJ: Julian Days
# name 13 = sal00: Salinity [PSU]
# name 14 = flag: flag
# span 0 =      1.000,    490.000       
# span 1 =    -1.6701,    -0.6470       
# span 2 =   2.706882,   2.835973       
# span 3 =    -1.6715,    -0.6463       
# span 4 =   2.707487,   2.836045       
# span 5 =    6.30493,    7.59077       
# span 6 =    -0.0946,     0.0681       
# span 7 =    13.8155,    13.8155       
# span 8 = 7.5785e+02, 8.2890e+02       
# span 9 =  -61.83800,  -61.83800       
# span 10 =  -53.27633,  -53.27633      
# span 11 = 1154956610, 1154957420      
# span 12 = 219.553379, 219.562755      
# span 13 =    34.2402,    34.5458      
# span 14 = 0.0000e+00, 0.0000e+00      
# interval = decibars: 1                
# start_time = Aug 07 2006 13:16:19
# bad_flag = -9.990e-29
*END*
[from data line 193]
    194.000    -0.9030   2.792210    -0.9018   2.792339    6.91708    -0.0326    13.8155 7.8504e+02  -61.83800  -53.27633 1154956950 219.557318    34.4130 0.0000e+00
    195.000    -0.8983   2.792733    -0.8994   2.792658    6.91083    -0.0188    13.8155 7.8378e+02  -61.83800  -53.27633 1154956952 219.557335    34.4142 0.0000e+00
    196.000    -0.9001   2.792622    -0.9005   2.792608    6.90809    -0.0359    13.8155 7.8410e+02  -61.83800  -53.27633 1154956953 219.557351    34.4142 0.0000e+00
    197.000    -0.8983   2.792847    -0.8962   2.793054    6.90126    -0.0500    13.8155 7.8483e+02  -61.83800  -53.27633 1154956955 219.557368    34.4147 0.0000e+00
    198.000    -0.8855   2.794126    -0.8816   2.794443    6.88978     0.0047    13.8155 7.8504e+02  -61.83800  -53.27633 1154956956 219.557385    34.4168 0.0000e+00
    199.000    -0.8696   2.795683    -0.8631   2.796276    6.88523    -0.0358    13.8155 7.8656e+02  -61.83800  -53.27633 1154956957 219.557401    34.4185 0.0000e+00
    200.000    -0.8522   2.797506    -0.8506   2.797580    6.87125    -0.0346    13.8155 7.8506e+02  -61.83800  -53.27633 1154956959 219.557418    34.4228 0.0000e+00
    201.000    -0.8280   2.799921    -0.8277   2.799935    6.85574    -0.0230    13.8155 7.8510e+02  -61.83800  -53.27633 1154956960 219.557435    34.4265 0.0000e+00
    202.000    -0.8424   2.798775    -0.8414   2.798891    6.84990    -0.0565    13.8155 7.8510e+02  -61.83800  -53.27633 1154956962 219.557451    34.4274 0.0000e+00
    203.000    -0.8462   2.798567    -0.8440   2.798761    6.84534    -0.0328    13.8155 7.8510e+02  -61.83800  -53.27633 1154956963 219.557467    34.4288 0.0000e+00
    204.000    -0.8439   2.798926    -0.8428   2.799017    6.84075    -0.0229    13.8155 7.8520e+02  -61.83800  -53.27633 1154956965 219.557483    34.4306 0.0000e+00
    205.000    -0.8429   2.799115    -0.8427   2.799155    6.83668    -0.0449    13.8155 -9.990e-29  -61.83800  -53.27633 1154956966 219.557498    34.4314 0.0000e+00
    206.000    -0.8459   2.798886    -0.8449   2.799009    6.83711    -0.0303    13.8155 -9.990e-29  -61.83800  -53.27633 1154956967 219.557513    34.4313 0.0000e+00
    207.000    -0.8522   2.798480    -0.8514   2.798579    6.83668    -0.0352    13.8155 7.8698e+02  -61.83800  -53.27633 1154956968 219.557528    34.4326 0.0000e+00
    208.000    -0.8483   2.798843    -0.8469   2.798972    6.83103    -0.0340    13.8155 7.8566e+02  -61.83800  -53.27633 1154956970 219.557543    34.4325 0.0000e+00
    209.000    -0.8482   2.798898    -0.8463   2.799091    6.82802    -0.0380    13.8155 7.8684e+02  -61.83800  -53.27633 1154956971 219.557558    34.4324 0.0000e+00
    210.000    -0.8529   2.798573    -0.8526   2.798636    6.82908    -0.0295    13.8155 7.8680e+02  -61.83800  -53.27633 1154956972 219.557573    34.4330 0.0000e+00
    211.000    -0.8566   2.798331    -0.8550   2.798493    6.82470    -0.0278    13.8155 7.8700e+02  -61.83800  -53.27633 1154956974 219.557588    34.4334 0.0000e+00
    212.000    -0.8573   2.798335    -0.8556   2.798514    6.82198    -0.0351    13.8155 7.8964e+02  -61.83800  -53.27633 1154956975 219.557604    34.4336 0.0000e+00
    213.000    -0.8651   2.797729    -0.8642   2.797882    6.82447    -0.0255    13.8155 7.8690e+02  -61.83800  -53.27633 1154956976 219.557618    34.4338 0.0000e+00
    214.000    -0.8740   2.797034    -0.8716   2.797273    6.82920    -0.0243    13.8155 7.8839e+02  -61.83800  -53.27633 1154956978 219.557633    34.4343 0.0000e+00
    215.000    -0.8716   2.797305    -0.8684   2.797622    6.83240    -0.0409    13.8155 7.8928e+02  -61.83800  -53.27633 1154956979 219.557648    34.4346 0.0000e+00
    216.000    -0.8756   2.796969    -0.8741   2.797156    6.83615    -0.0397    13.8155 7.8899e+02  -61.83800  -53.27633 1154956980 219.557663    34.4338 0.0000e+00
    217.000    -0.8767   2.796926    -0.8754   2.797085    6.83684    -0.0342    13.8155 7.8914e+02  -61.83800  -53.27633 1154956981 219.557678    34.4340 0.0000e+00
    218.000    -0.8733   2.797290    -0.8745   2.797191    6.83736    -0.0182    13.8155 7.8941e+02  -61.83800  -53.27633 1154956983 219.557693    34.4342 0.0000e+00
    219.000    -0.8712   2.797519    -0.8691   2.797736    6.83784    -0.0507    13.8155 7.8755e+02  -61.83800  -53.27633 1154956984 219.557708    34.4342 0.0000e+00
    220.000    -0.8713   2.797563    -0.8706   2.797670    6.83695    -0.0621    13.8155 7.8909e+02  -61.83800  -53.27633 1154956985 219.557724    34.4343 0.0000e+00
    221.000    -0.8686   2.797912    -0.8670   2.798081    6.83275    -0.0714    13.8155 7.8823e+02  -61.83800  -53.27633 1154956987 219.557739    34.4352 0.0000e+00
    222.000    -0.8657   2.798207    -0.8640   2.798352    6.82885    -0.0298    13.8155 7.8698e+02  -61.83800  -53.27633 1154956988 219.557754    34.4352 0.0000e+00
    223.000    -0.8669   2.798177    -0.8653   2.798336    6.82519    -0.0530    13.8155 7.8692e+02  -61.83800  -53.27633 1154956989 219.557769    34.4355 0.0000e+00
    224.000    -0.8681   2.798134    -0.8672   2.798257    6.82129    -0.0577    13.8155 7.8792e+02  -61.83800  -53.27633 1154956991 219.557784    34.4358 0.0000e+00
    225.000    -0.8713   2.798001    -0.8702   2.798135    6.81780    -0.0167    13.8155 7.8754e+02  -61.83800  -53.27633 1154956992 219.557800    34.4371 0.0000e+00
    226.000    -0.8746   2.797922    -0.8736   2.798056    6.81718    -0.0470    13.8155 7.8946e+02  -61.83800  -53.27633 1154956993 219.557815    34.4392 0.0000e+00
    227.000    -0.8752   2.797939    -0.8735   2.798091    6.81473    -0.0307    13.8155 7.9009e+02  -61.83800  -53.27633 1154956994 219.557829    34.4395 0.0000e+00
    228.000    -0.8758   2.797936    -0.8745   2.798084    6.81246    -0.0315    13.8155 7.9028e+02  -61.83800  -53.27633 1154956996 219.557845    34.4395 0.0000e+00
    229.000    -0.8809   2.797592    -0.8799   2.797728    6.81201    -0.0365    13.8155 7.9228e+02  -61.83800  -53.27633 1154956997 219.557860    34.4402 0.0000e+00
    230.000    -0.8818   2.797566    -0.8804   2.797722    6.81389    -0.0412    13.8155 7.8894e+02  -61.83800  -53.27633 1154956998 219.557875    34.4403 0.0000e+00
    231.000    -0.8810   2.797676    -0.8797   2.797830    6.81586    -0.0513    13.8155 7.8795e+02  -61.83800  -53.27633 1154957000 219.557891    34.4402 0.0000e+00
    232.000    -0.8815   2.797693    -0.8803   2.797836    6.81529    -0.0519    13.8155 7.8864e+02  -61.83800  -53.27633 1154957001 219.557906    34.4404 0.0000e+00
    233.000    -0.8820   2.797700    -0.8808   2.797850    6.81486    -0.0482    13.8155 7.8907e+02  -61.83800  -53.27633 1154957002 219.557921    34.4404 0.0000e+00
    234.000    -0.8823   2.797746    -0.8810   2.797886    6.81238    -0.0452    13.8155 7.8900e+02  -61.83800  -53.27633 1154957004 219.557936    34.4406 0.0000e+00
    235.000    -0.8843   2.797613    -0.8830   2.797751    6.81365    -0.0545    13.8155 7.8900e+02  -61.83800  -53.27633 1154957005 219.557951    34.4405 0.0000e+00
    236.000    -0.8853   2.797564    -0.8844   2.797680    6.81842    -0.0404    13.8155 7.8900e+02  -61.83800  -53.27633 1154957006 219.557966    34.4404 0.0000e+00
    237.000    -0.8856   2.797592    -0.8844   2.797718    6.81792    -0.0226    13.8155 7.8896e+02  -61.83800  -53.27633 1154957008 219.557981    34.4405 0.0000e+00
    238.000    -0.8852   2.797668    -0.8838   2.797819    6.81453    -0.0486    13.8155 7.9037e+02  -61.83800  -53.27633 1154957009 219.557996    34.4405 0.0000e+00
    239.000    -0.8851   2.797724    -0.8837   2.797873    6.81228    -0.0573    13.8155 7.8984e+02  -61.83800  -53.27633 1154957010 219.558012    34.4404 0.0000e+00
    240.000    -0.8845   2.797825    -0.8831   2.797969    6.81241    -0.0448    13.8155 7.9096e+02  -61.83800  -53.27633 1154957012 219.558027    34.4405 0.0000e+00
    241.000    -0.8839   2.797930    -0.8828   2.798062    6.81287    -0.0391    13.8155 7.9095e+02  -61.83800  -53.27633 1154957013 219.558043    34.4405 0.0000e+00
    242.000    -0.8853   2.797887    -0.8834   2.798071    6.81338    -0.0527    13.8155 7.9095e+02  -61.83800  -53.27633 1154957014 219.558059    34.4410 0.0000e+00
    243.000    -0.8860   2.797897    -0.8846   2.798044    6.81607    -0.0377    13.8155 7.9095e+02  -61.83800  -53.27633 1154957016 219.558074    34.4413 0.0000e+00
    244.000    -0.8859   2.797945    -0.8846   2.798092    6.81698    -0.0299    13.8155 7.9113e+02  -61.83800  -53.27633 1154957017 219.558090    34.4412 0.0000e+00
    245.000    -0.8868   2.797922    -0.8855   2.798066    6.81711    -0.0388    13.8155 7.9221e+02  -61.83800  -53.27633 1154957018 219.558105    34.4413 0.0000e+00
    246.000    -0.8873   2.797934    -0.8864   2.798057    6.81661    -0.0380    13.8155 7.9094e+02  -61.83800  -53.27633 1154957020 219.558121    34.4414 0.0000e+00
    247.000    -0.8883   2.797922    -0.8871   2.798052    6.82094    -0.0536    13.8155 7.9095e+02  -61.83800  -53.27633 1154957021 219.558136    34.4418 0.0000e+00
    248.000    -0.8884   2.797945    -0.8875   2.798068    6.82334    -0.0608    13.8155 7.9095e+02  -61.83800  -53.27633 1154957022 219.558152    34.4416 0.0000e+00
    249.000    -0.8897   2.797894    -0.8887   2.798017    6.82419    -0.0347    13.8155 7.9095e+02  -61.83800  -53.27633 1154957024 219.558167    34.4419 0.0000e+00
    250.000    -0.8940   2.797571    -0.8947   2.797585    6.82390    -0.0337    13.8155 7.8995e+02  -61.83800  -53.27633 1154957025 219.558183    34.4417 0.0000e+00
    251.000    -0.9012   2.797020    -0.9007   2.797104    6.82539    -0.0394    13.8155 7.9046e+02  -61.83800  -53.27633 1154957026 219.558198    34.4421 0.0000e+00
    252.000    -0.9056   2.796699    -0.9024   2.797013    6.82377    -0.0566    13.8155 7.9095e+02  -61.83800  -53.27633 1154957028 219.558214    34.4422 0.0000e+00
    253.000    -0.9050   2.796794    -0.9032   2.796983    6.82153    -0.0434    13.8155 7.9095e+02  -61.83800  -53.27633 1154957029 219.558229    34.4422 0.0000e+00
    254.000    -0.9093   2.796465    -0.9081   2.796620    6.82450    -0.0452    13.8155 7.9243e+02  -61.83800  -53.27633 1154957030 219.558245    34.4419 0.0000e+00
    255.000    -0.9131   2.796196    -0.9117   2.796353    6.82461    -0.0513    13.8155 7.9142e+02  -61.83800  -53.27633 1154957032 219.558261    34.4421 0.0000e+00
    256.000    -0.9120   2.796340    -0.9105   2.796506    6.82438    -0.0609    13.8155 7.9174e+02  -61.83800  -53.27633 1154957033 219.558276    34.4420 0.0000e+00
    257.000    -0.9084   2.796677    -0.9086   2.796678    6.82557    -0.0378    13.8155 7.9199e+02  -61.83800  -53.27633 1154957034 219.558292    34.4417 0.0000e+00
    258.000    -0.9038   2.797130    -0.9031   2.797191    6.82584    -0.0658    13.8155 7.9225e+02  -61.83800  -53.27633 1154957036 219.558307    34.4420 0.0000e+00
    259.000    -0.8979   2.797684    -0.8965   2.797823    6.82846    -0.0305    13.8155 7.9097e+02  -61.83800  -53.27633 1154957037 219.558323    34.4420 0.0000e+00
    260.000    -0.8966   2.797828    -0.8941   2.798082    6.83069    -0.0604    13.8155 7.9227e+02  -61.83800  -53.27633 1154957038 219.558338    34.4416 0.0000e+00
    261.000    -0.8945   2.798065    -0.8935   2.798186    6.82969    -0.0486    13.8155 7.9235e+02  -61.83800  -53.27633 1154957040 219.558354    34.4420 0.0000e+00
    262.000    -0.8984   2.797765    -0.8957   2.798051    6.82742    -0.0604    13.8155 7.9162e+02  -61.83800  -53.27633 1154957041 219.558369    34.4416 0.0000e+00
    263.000    -0.9135   2.796471    -0.9140   2.796538    6.82833    -0.0484    13.8155 7.9276e+02  -61.83800  -53.27633 1154957042 219.558385    34.4415 0.0000e+00
    264.000    -0.9297   2.795264    -0.9277   2.795466    6.82877    -0.0630    13.8155 7.9422e+02  -61.83800  -53.27633 1154957044 219.558400    34.4432 0.0000e+00
    265.000    -0.9310   2.795254    -0.9302   2.795369    6.82813    -0.0395    13.8155 7.9282e+02  -61.83800  -53.27633 1154957045 219.558416    34.4438 0.0000e+00
    266.000    -0.9319   2.795242    -0.9313   2.795339    6.83046    -0.0519    13.8155 7.9278e+02  -61.83800  -53.27633 1154957046 219.558431    34.4440 0.0000e+00
    267.000    -0.9336   2.795245    -0.9329   2.795327    6.83046    -0.0366    13.8155 7.9460e+02  -61.83800  -53.27633 1154957048 219.558447    34.4453 0.0000e+00
    268.000    -0.9326   2.795396    -0.9313   2.795564    6.82841    -0.0496    13.8155 7.9590e+02  -61.83800  -53.27633 1154957049 219.558462    34.4454 0.0000e+00
    269.000    -0.9351   2.795214    -0.9346   2.795323    6.82833    -0.0376    13.8155 7.9316e+02  -61.83800  -53.27633 1154957050 219.558478    34.4452 0.0000e+00
    270.000    -0.9367   2.795135    -0.9357   2.795260    6.82829    -0.0399    13.8155 7.9224e+02  -61.83800  -53.27633 1154957052 219.558493    34.4453 0.0000e+00
    271.000    -0.9390   2.794950    -0.9376   2.795117    6.82831    -0.0267    13.8155 -9.990e-29  -61.83800  -53.27633 1154957053 219.558509    34.4448 0.0000e+00
    272.000    -0.9396   2.794965    -0.9379   2.795161    6.82876    -0.0199    13.8155 -9.990e-29  -61.83800  -53.27633 1154957054 219.558524    34.4450 0.0000e+00
    273.000    -0.9325   2.795689    -0.9358   2.795383    6.82615    -0.0464    13.8155 7.9470e+02  -61.83800  -53.27633 1154957056 219.558538    34.4461 0.0000e+00
    274.000    -0.9289   2.796061    -0.9274   2.796168    6.82366    -0.0494    13.8155 7.9439e+02  -61.83800  -53.27633 1154957057 219.558553    34.4463 0.0000e+00
    275.000    -0.9184   2.797053    -0.9168   2.797219    6.82360    -0.0481    13.8155 7.9356e+02  -61.83800  -53.27633 1154957058 219.558569    34.4466 0.0000e+00
    276.000    -0.9193   2.797002    -0.9184   2.797113    6.82186    -0.0525    13.8155 7.9340e+02  -61.83800  -53.27633 1154957060 219.558584    34.4464 0.0000e+00
    277.000    -0.9199   2.796996    -0.9195   2.797053    6.81736    -0.0813    13.8155 7.9296e+02  -61.83800  -53.27633 1154957061 219.558599    34.4464 0.0000e+00
    278.000    -0.9214   2.796905    -0.9207   2.797005    6.81486    -0.0492    13.8155 7.9410e+02  -61.83800  -53.27633 1154957062 219.558614    34.4463 0.0000e+00
    279.000    -0.9214   2.796938    -0.9203   2.797073    6.81207    -0.0577    13.8155 7.9397e+02  -61.83800  -53.27633 1154957064 219.558629    34.4463 0.0000e+00
    280.000    -0.9201   2.797271    -0.9199   2.797280    6.80704    -0.0338    13.8155 7.9322e+02  -61.83800  -53.27633 1154957065 219.558643    34.4488 0.0000e+00
    281.000    -0.9146   2.798212    -0.9148   2.798113    6.79604    -0.0736    13.8155 7.9278e+02  -61.83800  -53.27633 1154957066 219.558658    34.4544 0.0000e+00
    282.000    -0.9077   2.798986    -0.9063   2.799128    6.78730    -0.0355    13.8155 7.9325e+02  -61.83800  -53.27633 1154957067 219.558672    34.4561 0.0000e+00
    283.000    -0.9046   2.799386    -0.8995   2.799960    6.78044    -0.0524    13.8155 7.9471e+02  -61.83800  -53.27633 1154957068 219.558686    34.4576 0.0000e+00
    284.000    -0.9051   2.799421    -0.9027   2.799663    6.77205    -0.0716    13.8155 7.9484e+02  -61.83800  -53.27633 1154957070 219.558701    34.4583 0.0000e+00
    285.000    -0.8942   2.800627    -0.8911   2.800944    6.76519    -0.0549    13.8155 7.9308e+02  -61.83800  -53.27633 1154957071 219.558715    34.4611 0.0000e+00
    286.000    -0.8873   2.801353    -0.8872   2.801327    6.75998    -0.0339    13.8155 7.9328e+02  -61.83800  -53.27633 1154957072 219.558730    34.4625 0.0000e+00
    287.000    -0.8688   2.803148    -0.8666   2.803308    6.74725    -0.0496    13.8155 7.9486e+02  -61.83800  -53.27633 1154957074 219.558745    34.4647 0.0000e+00
    288.000    -0.8451   2.805421    -0.8415   2.805669    6.73430    -0.0353    13.8155 7.9484e+02  -61.83800  -53.27633 1154957075 219.558759    34.4674 0.0000e+00
    289.000    -0.8420   2.805770    -0.8415   2.805855    6.72323    -0.0522    13.8155 7.9486e+02  -61.83800  -53.27633 1154957076 219.558774    34.4677 0.0000e+00
