product_data/regression_test/downloaded_data/MGDS/320620060703/ctd/p6622701.ros
* Sea-Bird SBE 9 Data File:
* FileName = D:\Data\Raw\p6622701.dat
* Software Version Seasave Win32 V 5.32
* Temperature SN = 1649
* Conductivity SN = 1431
* Number of Bytes Per Scan = 37
* Number of Voltage Words = 5
* Number of Scans Averaged by the Deck Unit = 1
* NMEA Latitude = 62 59.98 S
* NMEA Longitude = 057 36.92 W
* NMEA UTC (Time) = 02:40:11
** Ship:   Nathaniel B. Palmer 
** Cruise:    NBP0606 
# nquan = 17
# nvalues = 1174                    
# units = specified
# name 0 = prDM: Pressure, Digiquartz [db]
# name 1 = t090C: Temperature [ITS-90, deg C]
# name 2 = c0S/m: Conductivity [S/m]
# name 3 = t190C: Temperature, 2 [ITS-90, deg C]
# name 4 = c1S/m: Conductivity, 2 [S/m]
# name 5 = sbeox0ML/L: Oxygen, SBE 43 [ml/l]
# name 6 = flECO-AFL: Fluorescence, Wetlab ECO-AFL/FL [mg/m^3]
# name 7 = bat: Beam Attenuation, Chelsea/Seatech/Wetlab CStar [1/m]
# name 8 = spar: SPAR/Surface Irradiance
# name 9 = latitude: Latitude [deg]
# name 10 = longitude: Longitude [deg]
# name 11 = timeY: Time, System [seconds]
# name 12 = timeJ: Julian Days
# name 13 = sal00: Salinity [PSU]
# name 14 = scan: scan number
# name 15 = nbf: number of bottles fired
# name 16 = flag:  0.000e+00
# interval = seconds: 0.0416667                   
# start_time = Aug 04 2006 02:41:00
*END*
[from data line 1022]
     10.879    -1.8179   2.708710    -1.8162   2.708948    7.41166    -0.0343    13.8155 0.0000e+00  -62.99967  -57.61533 1154659885 216.119062    34.4326      15048         21  0.000e+00
     10.812    -1.8178   2.708697    -1.8162   2.708936    7.41637    -0.0564    13.8155 0.0000e+00  -62.99967  -57.61533 1154659886 216.119062    34.4324      15049         21  0.000e+00
     10.841    -1.8177   2.708677    -1.8162   2.708948    7.41640    -0.0674    13.8155 0.0000e+00  -62.99967  -57.61533 1154659886 216.119063    34.4320      15050         21  0.000e+00
     10.879    -1.8179   2.708674    -1.8159   2.708971    7.41170     0.0207    13.8155 0.0000e+00  -62.99967  -57.61533 1154659886 216.119063    34.4322      15051         21  0.000e+00
     10.841    -1.8183   2.708687    -1.8156   2.708959    7.41171     0.0538    13.8155 0.0000e+00  -62.99967  -57.61533 1154659886 216.119064    34.4328      15052         21  0.000e+00
     11.021    -1.8161   2.708785    -1.8149   2.709034    7.41627    -0.0674    13.8155 0.0000e+00  -62.99967  -57.61533 1154659889 216.119103    34.4315      15133         22  0.000e+00
     10.630    -1.8162   2.708811    -1.8152   2.709034    7.41585     0.0097    13.8155 0.0000e+00  -62.99967  -57.61533 1154659889 216.119103    34.4322      15134         22  0.000e+00
     11.021    -1.8164   2.708824    -1.8150   2.708994    7.41629     0.0207    13.8155 0.0000e+00  -62.99967  -57.61533 1154659889 216.119104    34.4324      15135         22  0.000e+00
     10.954    -1.8160   2.708808    -1.8146   2.709017    7.41617    -0.0013    13.8155 0.0000e+00  -62.99967  -57.61533 1154659889 216.119104    34.4318      15136         22  0.000e+00
     10.907    -1.8167   2.708804    -1.8155   2.709034    7.41623     0.0207    13.8155 0.0000e+00  -62.99967  -57.61533 1154659889 216.119105    34.4326      15137         22  0.000e+00
     10.954    -1.8157   2.708817    -1.8150   2.709034    7.41612    -0.0233    13.8155 0.0000e+00  -62.99967  -57.61533 1154659889 216.119105    34.4315      15138         22  0.000e+00
     10.878    -1.8161   2.708795    -1.8153   2.709034    7.41611    -0.0564    13.8155 0.0000e+00  -62.99967  -57.61533 1154659889 216.119106    34.4317      15139         22  0.000e+00
     10.907    -1.8165   2.708798    -1.8150   2.709011    7.41620    -0.0343    13.8155 0.0000e+00  -62.99967  -57.61533 1154659889 216.119106    34.4322      15140         22  0.000e+00
     10.954    -1.8160   2.708804    -1.8153   2.708988    7.41616    -0.0784    13.8155 0.0000e+00  -62.99967  -57.61533 1154659889 216.119107    34.4316      15141         22  0.000e+00
     10.907    -1.8163   2.708804    -1.8152   2.708999    7.41617    -0.0454    13.8155 0.0000e+00  -62.99967  -57.61533 1154659889 216.119107    34.4321      15142         22  0.000e+00
     10.878    -1.8160   2.708804    -1.8152   2.709005    7.41131    -0.0233    13.8155 0.0000e+00  -62.99967  -57.61533 1154659889 216.119108    34.4318      15143         22  0.000e+00
     10.954    -1.8156   2.708834    -1.8150   2.709022    7.41609     0.0097    13.8155 0.0000e+00  -62.99967  -57.61533 1154659889 216.119108    34.4317      15144         22  0.000e+00
     10.907    -1.8160   2.708827    -1.8153   2.709034    7.41610     0.0979    13.8155 0.0000e+00  -62.99967  -57.61533 1154659890 216.119109    34.4321      15145         22  0.000e+00
     10.878    -1.8152   2.708840    -1.8149   2.709034    7.41594     0.0318    13.8155 0.0000e+00  -62.99967  -57.61533 1154659890 216.119109    34.4313      15146         22  0.000e+00
     10.907    -1.8159   2.708847    -1.8149   2.709051    7.41607     0.0207    13.8155 0.0000e+00  -62.99967  -57.61533 1154659890 216.119110    34.4322      15147         22  0.000e+00
     10.954    -1.8150   2.708831    -1.8148   2.709040    7.41600     0.0097    13.8155 0.0000e+00  -62.99967  -57.61533 1154659890 216.119110    34.4309      15148         22  0.000e+00
     10.878    -1.8155   2.708840    -1.8147   2.709051    7.41599    -0.0343    13.8155 0.0000e+00  -62.99967  -57.61533 1154659890 216.119111    34.4317      15149         22  0.000e+00
     10.907    -1.8155   2.708863    -1.8149   2.709040    7.41600    -0.0013    13.8155 0.0000e+00  -62.99967  -57.61533 1154659890 216.119111    34.4319      15150         22  0.000e+00
     10.954    -1.8155   2.708850    -1.8147   2.709011    7.41607    -0.0564    13.8155 0.0000e+00  -62.99967  -57.61533 1154659890 216.119112    34.4318      15151         22  0.000e+00
     10.907    -1.8152   2.708866    -1.8147   2.709022    7.41595     0.0207    13.8155 0.0000e+00  -62.99967  -57.61533 1154659890 216.119112    34.4317      15152         22  0.000e+00
     10.878    -1.8152   2.708870    -1.8145   2.709011    7.41593     0.0318    13.8155 0.0000e+00  -62.99967  -57.61533 1154659890 216.119113    34.4318      15153         22  0.000e+00
     10.878    -1.8150   2.708870    -1.8145   2.709005    7.41589     0.0097    13.8155 0.0000e+00  -62.99967  -57.61533 1154659890 216.119113    34.4315      15154         22  0.000e+00
     10.907    -1.8149   2.708870    -1.8145   2.709040    7.41591    -0.0674    13.8155 0.0000e+00  -62.99967  -57.61533 1154659890 216.119114    34.4314      15155         22  0.000e+00
     10.954    -1.8152   2.708853    -1.8147   2.709057    7.41601    -0.1445    13.8155 0.0000e+00  -62.99967  -57.61533 1154659890 216.119114    34.4314      15156         22  0.000e+00
     10.878    -1.8149   2.708863    -1.8147   2.709040    7.41589    -0.0784    13.8155 0.0000e+00  -62.99967  -57.61533 1154659890 216.119115    34.4313      15157         22  0.000e+00
     10.907    -1.8147   2.708850    -1.8144   2.709034    7.41589     0.0318    13.8155 0.0000e+00  -62.99967  -57.61533 1154659890 216.119115    34.4309      15158         22  0.000e+00
     10.878    -1.8149   2.708847    -1.8145   2.709034    7.41590    -0.0123    13.8155 0.0000e+00  -62.99967  -57.61533 1154659890 216.119116    34.4311      15159         22  0.000e+00
     10.906    -1.8150   2.708847    -1.8149   2.709011    7.41116    -0.0564    13.8155 0.0000e+00  -62.99967  -57.61533 1154659890 216.119116    34.4312      15160         22  0.000e+00
     10.878    -1.8151   2.708847    -1.8149   2.709022    7.41592    -0.0894    13.8155 0.0000e+00  -62.99967  -57.61533 1154659890 216.119117    34.4313      15161         22  0.000e+00
     10.954    -1.8152   2.708847    -1.8147   2.709011    7.41602    -0.0564    13.8155 0.0000e+00  -62.99967  -57.61533 1154659890 216.119117    34.4313      15162         22  0.000e+00
     10.906    -1.8149   2.708847    -1.8147   2.709005    7.41593    -0.0013    13.8155 0.0000e+00  -62.99967  -57.61533 1154659890 216.119117    34.4311      15163         22  0.000e+00
     10.878    -1.8147   2.708863    -1.8149   2.709040    7.41585     0.0097    13.8155 0.0000e+00  -62.99967  -57.61533 1154659890 216.119118    34.4311      15164         22  0.000e+00
     10.906    -1.8152   2.708853    -1.8145   2.709040    7.41597     0.0428    13.8155 0.0000e+00  -62.99967  -57.61533 1154659890 216.119118    34.4315      15165         22  0.000e+00
     10.878    -1.8155   2.708830    -1.8149   2.709034    7.41599     0.0318    13.8155 0.0000e+00  -62.99967  -57.61533 1154659890 216.119119    34.4315      15166         22  0.000e+00
     10.878    -1.8154   2.708840    -1.8147   2.709011    7.41597    -0.0123    13.8155 0.0000e+00  -62.99967  -57.61533 1154659890 216.119119    34.4315      15167         22  0.000e+00
     10.906    -1.8153   2.708847    -1.8149   2.709022    7.41599    -0.0013    13.8155 0.0000e+00  -62.99967  -57.61533 1154659890 216.119120    34.4315      15168         22  0.000e+00
     10.878    -1.8154   2.708814    -1.8150   2.709011    7.41599    -0.0233    13.8155 0.0000e+00  -62.99967  -57.61533 1154659891 216.119120    34.4312      15169         22  0.000e+00
     10.906    -1.8158   2.708834    -1.8152   2.709005    7.41607    -0.0233    13.8155 0.0000e+00  -62.99967  -57.61533 1154659891 216.119121    34.4319      15170         22  0.000e+00
     10.878    -1.8159   2.708847    -1.8149   2.709022    7.41604    -0.0564    13.8155 0.0000e+00  -62.99967  -57.61533 1154659891 216.119121    34.4322      15171         22  0.000e+00
     10.878    -1.8153   2.708847    -1.8154   2.709034    7.41596    -0.1004    13.8155 0.0000e+00  -62.99967  -57.61533 1154659891 216.119122    34.4316      15172         22  0.000e+00
     10.906    -1.8155   2.708814    -1.8153   2.709011    7.41604    -0.0013    13.8155 0.0000e+00  -62.99967  -57.61533 1154659891 216.119122    34.4313      15173         22  0.000e+00
     10.878    -1.8160   2.708804    -1.8155   2.708971    7.41608    -0.0013    13.8155 0.0000e+00  -62.99967  -57.61533 1154659891 216.119123    34.4317      15174         22  0.000e+00
     10.878    -1.8151   2.708817    -1.8152   2.709034    7.41594    -0.0123    13.8155 0.0000e+00  -62.99967  -57.61533 1154659891 216.119123    34.4309      15175         22  0.000e+00
     10.906    -1.8158   2.708808    -1.8150   2.709017    7.41609     0.0318    13.8155 0.0000e+00  -62.99967  -57.61533 1154659891 216.119124    34.4315      15176         22  0.000e+00
     10.878    -1.8152   2.708804    -1.8150   2.709005    7.41598     0.0207    13.8155 0.0000e+00  -62.99967  -57.61533 1154659891 216.119124    34.4309      15177         22  0.000e+00
     10.906    -1.8158   2.708834    -1.8152   2.709005    7.41607    -0.0343    13.8155 0.0000e+00  -62.99967  -57.61533 1154659891 216.119125    34.4319      15178         22  0.000e+00
     10.878    -1.8163   2.708814    -1.8153   2.709005    7.41613    -0.1004    13.8155 0.0000e+00  -62.99967  -57.61533 1154659891 216.119125    34.4323      15179         22  0.000e+00
     10.878    -1.8161   2.708817    -1.8150   2.708988    7.41610    -0.0674    13.8155 0.0000e+00  -62.99967  -57.61533 1154659891 216.119126    34.4320      15180         22  0.000e+00
     10.906    -1.8159   2.708824    -1.8147   2.709017    7.41608     0.0097    13.8155 0.0000e+00  -62.99967  -57.61533 1154659891 216.119126    34.4318      15181         22  0.000e+00
     10.744    -1.8182   2.708651    -1.8166   2.708896    7.41639    -0.0784    13.8155 0.0000e+00  -62.99967  -57.61533 1154659894 216.119159    34.4322      15249         23  0.000e+00
     10.763    -1.8176   2.708651    -1.8170   2.708902    7.42111    -0.0233    13.8155 0.0000e+00  -62.99967  -57.61533 1154659894 216.119159    34.4316      15250         23  0.000e+00
     10.810    -1.8183   2.708667    -1.8170   2.708862    7.41647     0.0428    13.8155 0.0000e+00  -62.99967  -57.61533 1154659894 216.119160    34.4326      15251         23  0.000e+00
     10.810    -1.8178   2.708690    -1.8167   2.708884    7.41637     0.1199    13.8155 0.0000e+00  -62.99967  -57.61533 1154659894 216.119160    34.4323      15252         23  0.000e+00
     10.839    -1.8179   2.708661    -1.8168   2.708902    7.41643     0.0538    13.8155 0.0000e+00  -62.99967  -57.61533 1154659894 216.119161    34.4319      15253         23  0.000e+00
     10.744    -1.8182   2.708651    -1.8170   2.708884    7.42117    -0.0784    13.8155 0.0000e+00  -62.99967  -57.61533 1154659894 216.119161    34.4322      15254         23  0.000e+00
     10.744    -1.8184   2.708651    -1.8168   2.708879    7.41643    -0.0564    13.8155 0.0000e+00  -62.99967  -57.61533 1154659894 216.119162    34.4325      15255         23  0.000e+00
     10.839    -1.8177   2.708651    -1.8173   2.708902    7.41642    -0.0013    13.8155 0.0000e+00  -62.99967  -57.61533 1154659894 216.119162    34.4316      15256         23  0.000e+00
     10.744    -1.8178   2.708651    -1.8167   2.708902    7.41633    -0.0343    13.8155 0.0000e+00  -62.99967  -57.61533 1154659894 216.119163    34.4318      15257         23  0.000e+00
     10.763    -1.8177   2.708680    -1.8171   2.708884    7.41632    -0.0233    13.8155 0.0000e+00  -62.99967  -57.61533 1154659894 216.119163    34.4321      15258         23  0.000e+00
     10.810    -1.8181   2.708661    -1.8165   2.708879    7.41644    -0.0123    13.8155 0.0000e+00  -62.99967  -57.61533 1154659894 216.119164    34.4322      15259         23  0.000e+00
     10.743    -1.8177   2.708651    -1.8172   2.708879    7.41632    -0.0343    13.8155 0.0000e+00  -62.99967  -57.61533 1154659894 216.119164    34.4317      15260         23  0.000e+00
     10.763    -1.8179   2.708681    -1.8167   2.708896    7.41635    -0.0233    13.8155 0.0000e+00  -62.99967  -57.61533 1154659894 216.119165    34.4323      15261         23  0.000e+00
     10.810    -1.8179   2.708661    -1.8162   2.708884    7.42119    -0.0564    13.8155 0.0000e+00  -62.99967  -57.61533 1154659894 216.119165    34.4319      15262         23  0.000e+00
     10.763    -1.8176   2.708680    -1.8168   2.708879    7.41631     0.0318    13.8155 0.0000e+00  -62.99967  -57.61533 1154659894 216.119166    34.4320      15263         23  0.000e+00
     10.743    -1.8180   2.708677    -1.8168   2.708896    7.41635    -0.0123    13.8155 0.0000e+00  -62.99967  -57.61533 1154659894 216.119166    34.4324      15264         23  0.000e+00
     10.810    -1.8175   2.708687    -1.8171   2.708884    7.41633    -0.0674    13.8155 0.0000e+00  -62.99967  -57.61533 1154659895 216.119167    34.4319      15265         23  0.000e+00
     10.762    -1.8176   2.708661    -1.8170   2.708856    7.41631    -0.0454    13.8155 0.0000e+00  -62.99967  -57.61533 1154659895 216.119167    34.4316      15266         23  0.000e+00
     10.743    -1.8181   2.708667    -1.8168   2.708867    7.41637    -0.0784    13.8155 0.0000e+00  -62.99967  -57.61533 1154659895 216.119168    34.4323      15267         23  0.000e+00
     10.762    -1.8177   2.708690    -1.8167   2.708879    7.41631    -0.0454    13.8155 0.0000e+00  -62.99967  -57.61533 1154659895 216.119168    34.4322      15268         23  0.000e+00
     10.810    -1.8181   2.708677    -1.8170   2.708879    7.41643    -0.0123    13.8155 0.0000e+00  -62.99967  -57.61533 1154659895 216.119169    34.4324      15269         23  0.000e+00
     10.743    -1.8177   2.708703    -1.8172   2.708896    7.41628     0.0428    13.8155 0.0000e+00  -62.99967  -57.61533 1154659895 216.119169    34.4324      15270         23  0.000e+00
     10.762    -1.8181   2.708697    -1.8173   2.708861    7.41636     0.0648    13.8155 0.0000e+00  -62.99967  -57.61533 1154659895 216.119170    34.4327      15271         23  0.000e+00
     10.743    -1.8176   2.708694    -1.8175   2.708867    7.41627     0.0648    13.8155 0.0000e+00  -62.99967  -57.61533 1154659895 216.119170    34.4321      15272         23  0.000e+00
     10.743    -1.8179   2.708694    -1.8178   2.708879    7.41632     0.0097    13.8155 0.0000e+00  -62.99967  -57.61533 1154659895 216.119171    34.4325      15273         23  0.000e+00
     10.762    -1.8176   2.708694    -1.8175   2.708879    7.41629    -0.0343    13.8155 0.0000e+00  -62.99967  -57.61533 1154659895 216.119171    34.4321      15274         23  0.000e+00
     10.743    -1.8176   2.708677    -1.8168   2.708856    7.41629    -0.0233    13.8155 0.0000e+00  -62.99967  -57.61533 1154659895 216.119171    34.4320      15275         23  0.000e+00
     10.762    -1.8174   2.708690    -1.8175   2.708850    7.41627    -0.0454    13.8155 0.0000e+00  -62.99967  -57.61533 1154659895 216.119172    34.4319      15276         23  0.000e+00
     10.743    -1.8182   2.708710    -1.8168   2.708850    7.41635     0.0538    13.8155 0.0000e+00  -62.99967  -57.61533 1154659895 216.119172    34.4330      15277         23  0.000e+00
     10.743    -1.8175   2.708667    -1.8176   2.708833    7.41627     0.0538    13.8155 0.0000e+00  -62.99967  -57.61533 1154659895 216.119173    34.4316      15278         23  0.000e+00
