product_data/regression_test/downloaded_data/MGDS/320620060703/ctd/p6621705.cnv
* Sea-Bird SBE 9 Data File:
* FileName = D:\Data\Raw\p6621705.dat
* Software Version Seasave Win32 V 5.32
* Temperature SN = 1649
* Conductivity SN = 1431
* Number of Bytes Per Scan = 37
* Number of Voltage Words = 5
* Number of Scans Averaged by the Deck Unit = 1
* NMEA Latitude = 62 31.54 S
* NMEA Longitude = 062 27.50 W
* NMEA UTC (Time) = 15:50:37
** Ship:   Nathaniel B. Palmer 
** Cruise:    NBP0606 
# nquan = 15
# nvalues = 418                         
# units = specified
# name 0 = prDM: Pressure, Digiquartz [db]
# name 1 = t090C: Temperature [ITS-90, deg C]
# name 2 = c0S/m: Conductivity [S/m]
# name 3 = t190C: Temperature, 2 [ITS-90, deg C]
# name 4 = c1S/m: Conductivity, 2 [S/m]
# name 5 = sbeox0ML/L: Oxygen, SBE 43 [ml/l]
# name 6 = flECO-AFL: Fluorescence, Wetlab ECO-AFL/FL [mg/m^3]
# name 7 = bat: Beam Attenuation, Chelsea/Seatech/Wetlab CStar [1/m]
# name 8 = spar: SPAR/Surface Irradiance
# name 9 = latitude: Latitude [deg]
# name 10 = longitude: Longitude [deg]
# name 11 = timeY: Time, System [seconds]
# name 12 = timeJ: Julian Days
# name 13 = sal00: Salinity [PSU]
# name 14 = flag: flag
# span 0 =     15.000,    432.000       
# span 1 =    -1.0324,     0.9215       
# span 2 =   2.756841,   2.972807       
# span 3 =    -1.0331,     0.9224       
# span 4 =   2.757498,   2.973026       
# span 5 =    5.28342,    8.01494       
# span 6 =    -0.0918,     0.1259       
# span 7 =    13.8155,    13.8155       
# span 8 = 1.5191e+02, 3.6883e+02       
# span 9 =  -62.52567,  -62.52567       
# span 10 =  -62.45833,  -62.45833      
# span 11 = 1154447463, 1154448167      
# span 12 = 213.660457, 213.668608      
# span 13 =    34.1902,    34.6097      
# span 14 = 0.0000e+00, 0.0000e+00      
# interval = decibars: 1                
# start_time = Aug 01 2006 15:50:56
# bad_flag = -9.990e-29
*END*
     15.000    -1.0292   2.757032    -1.0319   2.757571    8.00804     0.1105    13.8155 1.8423e+02  -62.52567  -62.45833 1154447463 213.660457    34.1902 0.0000e+00
     16.000    -1.0323   2.756841    -1.0330   2.757498    8.01135     0.1052    13.8155 1.7728e+02  -62.52567  -62.45833 1154447471 213.660563    34.1904 0.0000e+00
     17.000    -1.0324   2.756884    -1.0331   2.757525    8.01378     0.0968    13.8155 1.7660e+02  -62.52567  -62.45833 1154447474 213.660593    34.1905 0.0000e+00
     18.000    -1.0320   2.757021    -1.0323   2.757671    8.01494     0.0961    13.8155 1.7659e+02  -62.52567  -62.45833 1154447477 213.660633    34.1912 0.0000e+00
     19.000    -1.0317   2.757079    -1.0325   2.757676    8.01081     0.1131    13.8155 1.7503e+02  -62.52567  -62.45833 1154447479 213.660655    34.1911 0.0000e+00
     20.000    -1.0314   2.757211    -1.0319   2.757816    8.00568     0.0950    13.8155 1.7392e+02  -62.52567  -62.45833 1154447481 213.660674    34.1918 0.0000e+00
     21.000    -1.0316   2.757199    -1.0323   2.757787    8.00627     0.0966    13.8155 1.7118e+02  -62.52567  -62.45833 1154447483 213.660695    34.1912 0.0000e+00
     22.000    -1.0315   2.757237    -1.0322   2.757830    8.00036     0.1139    13.8155 1.6773e+02  -62.52567  -62.45833 1154447485 213.660719    34.1911 0.0000e+00
     23.000    -1.0315   2.757272    -1.0321   2.757864    7.99438     0.1130    13.8155 1.6278e+02  -62.52567  -62.45833 1154447487 213.660751    34.1909 0.0000e+00
     24.000    -1.0313   2.757367    -1.0320   2.757939    8.00113     0.1074    13.8155 1.6037e+02  -62.52567  -62.45833 1154447490 213.660777    34.1914 0.0000e+00
     25.000    -1.0312   2.757453    -1.0318   2.758031    8.00410     0.1105    13.8155 1.5876e+02  -62.52567  -62.45833 1154447492 213.660799    34.1918 0.0000e+00
     26.000    -1.0312   2.757510    -1.0317   2.758094    7.99909     0.1259    13.8155 1.5590e+02  -62.52567  -62.45833 1154447494 213.660833    34.1919 0.0000e+00
     27.000    -1.0310   2.757598    -1.0315   2.758178    8.00301     0.1137    13.8155 1.5358e+02  -62.52567  -62.45833 1154447496 213.660856    34.1922 0.0000e+00
     28.000    -1.0312   2.757614    -1.0317   2.758195    8.00882     0.1071    13.8155 1.5372e+02  -62.52567  -62.45833 1154447498 213.660875    34.1921 0.0000e+00
     29.000    -1.0314   2.757626    -1.0319   2.758191    8.00606     0.1064    13.8155 1.5191e+02  -62.52567  -62.45833 1154447500 213.660895    34.1918 0.0000e+00
     30.000    -1.0314   2.757679    -1.0318   2.758255    8.00209     0.1029    13.8155 1.5246e+02  -62.52567  -62.45833 1154447502 213.660921    34.1919 0.0000e+00
     31.000    -1.0313   2.757743    -1.0318   2.758288    8.00452     0.0883    13.8155 1.5275e+02  -62.52567  -62.45833 1154447504 213.660946    34.1920 0.0000e+00
     32.000    -1.0312   2.757810    -1.0315   2.758377    8.00367     0.0877    13.8155 1.5391e+02  -62.52567  -62.45833 1154447506 213.660969    34.1922 0.0000e+00
     33.000    -1.0305   2.757963    -1.0310   2.758531    8.00204     0.1052    13.8155 1.5738e+02  -62.52567  -62.45833 1154447509 213.660998    34.1929 0.0000e+00
     34.000    -1.0306   2.758006    -1.0310   2.758556    8.00181     0.1207    13.8155 1.5954e+02  -62.52567  -62.45833 1154447512 213.661030    34.1930 0.0000e+00
     35.000    -1.0308   2.758024    -1.0311   2.758585    7.99684     0.0809    13.8155 1.6035e+02  -62.52567  -62.45833 1154447513 213.661049    34.1929 0.0000e+00
     36.000    -1.0306   2.758128    -1.0308   2.758688    7.99494     0.0834    13.8155 1.6390e+02  -62.52567  -62.45833 1154447514 213.661064    34.1933 0.0000e+00
     37.000    -1.0304   2.758179    -1.0307   2.758732    7.99854     0.1008    13.8155 1.6582e+02  -62.52567  -62.45833 1154447517 213.661089    34.1932 0.0000e+00
     38.000    -1.0306   2.758211    -1.0308   2.758764    7.99912     0.0803    13.8155 1.7231e+02  -62.52567  -62.45833 1154447519 213.661121    34.1932 0.0000e+00
     39.000    -1.0301   2.758346    -1.0303   2.758892    7.99512     0.0923    13.8155 1.7882e+02  -62.52567  -62.45833 1154447522 213.661151    34.1939 0.0000e+00
     40.000    -1.0299   2.758423    -1.0302   2.758981    7.99998     0.0955    13.8155 1.8302e+02  -62.52567  -62.45833 1154447525 213.661180    34.1941 0.0000e+00
     41.000    -1.0300   2.758476    -1.0302   2.759003    8.00308     0.0894    13.8155 1.8489e+02  -62.52567  -62.45833 1154447526 213.661194    34.1943 0.0000e+00
     42.000    -1.0300   2.758519    -1.0301   2.759046    8.00290     0.0838    13.8155 1.8762e+02  -62.52567  -62.45833 1154447528 213.661221    34.1943 0.0000e+00
     43.000    -1.0301   2.758532    -1.0301   2.759074    8.00612     0.0843    13.8155 1.8969e+02  -62.52567  -62.45833 1154447532 213.661263    34.1939 0.0000e+00
     44.000    -1.0304   2.758529    -1.0304   2.759086    8.00420     0.0782    13.8155 1.9010e+02  -62.52567  -62.45833 1154447533 213.661276    34.1936 0.0000e+00
     45.000    -1.0303   2.758594    -1.0303   2.759112    8.00160     0.0866    13.8155 1.8887e+02  -62.52567  -62.45833 1154447534 213.661295    34.1938 0.0000e+00
     46.000    -1.0301   2.758667    -1.0300   2.759200    8.00619     0.0611    13.8155 1.8705e+02  -62.52567  -62.45833 1154447538 213.661332    34.1939 0.0000e+00
     47.000    -1.0293   2.758937    -1.0295   2.759402    8.00739     0.0757    13.8155 1.8322e+02  -62.52567  -62.45833 1154447539 213.661347    34.1961 0.0000e+00
     48.000    -1.0292   2.758998    -1.0292   2.759508    8.00261     0.0848    13.8155 1.8171e+02  -62.52567  -62.45833 1154447541 213.661371    34.1961 0.0000e+00
     49.000    -1.0285   2.759264    -1.0283   2.759794    7.99685     0.0781    13.8155 -9.990e-29  -62.52567  -62.45833 1154447544 213.661406    34.1983 0.0000e+00
     50.000    -1.0279   2.759544    -1.0277   2.760095    7.99687     0.0769    13.8155 1.8118e+02  -62.52567  -62.45833 1154447546 213.661429    34.2008 0.0000e+00
     51.000    -1.0282   2.759529    -1.0281   2.760031    7.99153     0.0971    13.8155 1.8277e+02  -62.52567  -62.45833 1154447548 213.661457    34.2004 0.0000e+00
     52.000    -1.0270   2.759926    -1.0269   2.760370    7.98627     0.0635    13.8155 1.8449e+02  -62.52567  -62.45833 1154447551 213.661489    34.2037 0.0000e+00
     53.000    -1.0265   2.760055    -1.0261   2.760620    7.98188     0.0599    13.8155 1.8501e+02  -62.52567  -62.45833 1154447553 213.661509    34.2044 0.0000e+00
     54.000    -1.0247   2.760575    -1.0244   2.761091    7.98007     0.0760    13.8155 1.8507e+02  -62.52567  -62.45833 1154447556 213.661539    34.2087 0.0000e+00
     55.000    -1.0239   2.760875    -1.0232   2.761448    7.97825     0.0660    13.8155 1.8507e+02  -62.52567  -62.45833 1154447557 213.661562    34.2113 0.0000e+00
     56.000    -1.0222   2.761330    -1.0217   2.761878    7.97786     0.0702    13.8155 1.8627e+02  -62.52567  -62.45833 1154447560 213.661590    34.2149 0.0000e+00
     57.000    -1.0215   2.761562    -1.0213   2.762030    7.97095     0.0383    13.8155 1.8812e+02  -62.52567  -62.45833 1154447562 213.661619    34.2167 0.0000e+00
     58.000    -1.0186   2.762371    -1.0184   2.762857    7.96550     0.0656    13.8155 1.8889e+02  -62.52567  -62.45833 1154447564 213.661636    34.2237 0.0000e+00
     59.000    -1.0188   2.762365    -1.0183   2.762847    7.96155     0.0718    13.8155 1.8920e+02  -62.52567  -62.45833 1154447568 213.661686    34.2238 0.0000e+00
     60.000    -1.0158   2.762970    -1.0151   2.763506    7.95872     0.0618    13.8155 -9.990e-29  -62.52567  -62.45833 1154447569 213.661695    34.2275 0.0000e+00
     61.000    -1.0136   2.763276    -1.0134   2.763763    7.95740     0.0525    13.8155 -9.990e-29  -62.52567  -62.45833 1154447570 213.661704    34.2285 0.0000e+00
     62.000    -1.0142   2.763203    -1.0138   2.763722    7.95545     0.0693    13.8155 -9.990e-29  -62.52567  -62.45833 1154447572 213.661731    34.2276 0.0000e+00
     63.000    -1.0149   2.763148    -1.0142   2.763702    7.95458     0.0333    13.8155 1.8898e+02  -62.52567  -62.45833 1154447576 213.661771    34.2271 0.0000e+00
     64.000    -1.0109   2.763725    -1.0104   2.764199    7.94857     0.0751    13.8155 1.8897e+02  -62.52567  -62.45833 1154447577 213.661791    34.2296 0.0000e+00
     65.000    -1.0079   2.764087    -1.0076   2.764541    7.93952     0.0609    13.8155 1.8719e+02  -62.52567  -62.45833 1154447579 213.661816    34.2305 0.0000e+00
     66.000    -1.0094   2.763964    -1.0089   2.764443    7.94373     0.0660    13.8155 1.8398e+02  -62.52567  -62.45833 1154447583 213.661861    34.2301 0.0000e+00
     67.000    -1.0094   2.764031    -1.0088   2.764502    7.94281     0.0630    13.8155 -9.990e-29  -62.52567  -62.45833 1154447585 213.661882    34.2303 0.0000e+00
     68.000    -1.0075   2.764274    -1.0068   2.764768    7.94166     0.0541    13.8155 1.8093e+02  -62.52567  -62.45833 1154447587 213.661910    34.2311 0.0000e+00
     69.000    -1.0054   2.764549    -1.0048   2.765026    7.94138     0.0514    13.8155 1.7954e+02  -62.52567  -62.45833 1154447589 213.661928    34.2315 0.0000e+00
     70.000    -1.0051   2.764630    -1.0042   2.765116    7.93994     0.0673    13.8155 1.7925e+02  -62.52567  -62.45833 1154447590 213.661940    34.2316 0.0000e+00
     71.000    -1.0046   2.764731    -1.0040   2.765194    7.94054     0.0819    13.8155 1.8057e+02  -62.52567  -62.45833 1154447593 213.661976    34.2319 0.0000e+00
     72.000    -1.0037   2.764853    -1.0036   2.765297    7.93220     0.0786    13.8155 1.8299e+02  -62.52567  -62.45833 1154447596 213.662005    34.2324 0.0000e+00
     73.000    -1.0017   2.765115    -1.0012   2.765558    7.93012     0.0701    13.8155 1.8525e+02  -62.52567  -62.45833 1154447597 213.662022    34.2326 0.0000e+00
     74.000    -1.0008   2.765261    -1.0002   2.765715    7.92980     0.0831    13.8155 1.8931e+02  -62.52567  -62.45833 1154447600 213.662056    34.2329 0.0000e+00
     75.000    -1.0007   2.765314    -1.0000   2.765783    7.93214     0.0559    13.8155 1.9395e+02  -62.52567  -62.45833 1154447603 213.662091    34.2329 0.0000e+00
     76.000    -1.0005   2.765384    -0.9999   2.765830    7.92656     0.0452    13.8155 1.9563e+02  -62.52567  -62.45833 1154447605 213.662111    34.2330 0.0000e+00
     77.000    -1.0000   2.765485    -0.9992   2.765949    7.92312     0.0706    13.8155 1.9358e+02  -62.52567  -62.45833 1154447606 213.662128    34.2332 0.0000e+00
     78.000    -0.9984   2.765707    -0.9978   2.766140    7.92200     0.0705    13.8155 1.9358e+02  -62.52567  -62.45833 1154447609 213.662150    34.2337 0.0000e+00
     79.000    -0.9979   2.765804    -0.9971   2.766252    7.92713     0.0725    13.8155 1.9108e+02  -62.52567  -62.45833 1154447612 213.662188    34.2339 0.0000e+00
     80.000    -0.9980   2.765849    -0.9972   2.766303    7.92525     0.0701    13.8155 1.8892e+02  -62.52567  -62.45833 1154447614 213.662220    34.2341 0.0000e+00
     81.000    -0.9981   2.765882    -0.9967   2.766389    7.92761     0.0663    13.8155 1.8897e+02  -62.52567  -62.45833 1154447616 213.662243    34.2340 0.0000e+00
     82.000    -0.9974   2.766018    -0.9960   2.766510    7.92659     0.0793    13.8155 -9.990e-29  -62.52567  -62.45833 1154447619 213.662273    34.2344 0.0000e+00
     83.000    -0.9961   2.766198    -0.9951   2.766655    7.92358     0.0691    13.8155 -9.990e-29  -62.52567  -62.45833 1154447620 213.662290    34.2347 0.0000e+00
     84.000    -0.9956   2.766298    -0.9948   2.766744    7.92158     0.0633    13.8155 1.8897e+02  -62.52567  -62.45833 1154447622 213.662304    34.2349 0.0000e+00
     85.000    -0.9955   2.766365    -0.9945   2.766811    7.91937     0.0758    13.8155 1.9280e+02  -62.52567  -62.45833 1154447626 213.662351    34.2351 0.0000e+00
     86.000    -0.9956   2.766393    -0.9948   2.766828    7.92316     0.0659    13.8155 1.9375e+02  -62.52567  -62.45833 1154447627 213.662371    34.2349 0.0000e+00
     87.000    -0.9955   2.766447    -0.9945   2.766898    7.92426     0.0805    13.8155 1.9585e+02  -62.52567  -62.45833 1154447630 213.662396    34.2350 0.0000e+00
     88.000    -0.9953   2.766542    -0.9943   2.766973    7.92616     0.0711    13.8155 1.9630e+02  -62.52567  -62.45833 1154447632 213.662427    34.2355 0.0000e+00
     89.000    -0.9950   2.766618    -0.9941   2.767061    7.92447     0.0737    13.8155 1.9493e+02  -62.52567  -62.45833 1154447633 213.662441    34.2355 0.0000e+00
     90.000    -0.9949   2.766676    -0.9941   2.767094    7.91990     0.0685    13.8155 1.9614e+02  -62.52567  -62.45833 1154447635 213.662462    34.2356 0.0000e+00
     91.000    -0.9951   2.766730    -0.9941   2.767159    7.91227     0.0730    13.8155 1.9910e+02  -62.52567  -62.45833 1154447638 213.662496    34.2359 0.0000e+00
     92.000    -0.9940   2.766934    -0.9931   2.767365    7.90635     0.0732    13.8155 2.0390e+02  -62.52567  -62.45833 1154447640 213.662516    34.2368 0.0000e+00
     93.000    -0.9939   2.767009    -0.9930   2.767430    7.90287     0.0527    13.8155 2.1184e+02  -62.52567  -62.45833 1154447643 213.662557    34.2371 0.0000e+00
     94.000    -0.9939   2.767050    -0.9930   2.767470    7.89997     0.0688    13.8155 2.1774e+02  -62.52567  -62.45833 1154447646 213.662584    34.2370 0.0000e+00
     95.000    -0.9939   2.767113    -0.9929   2.767538    7.90483     0.0791    13.8155 2.2096e+02  -62.52567  -62.45833 1154447648 213.662608    34.2372 0.0000e+00
     96.000    -0.9940   2.767157    -0.9929   2.767581    7.90506     0.0475    13.8155 2.2215e+02  -62.52567  -62.45833 1154447650 213.662632    34.2373 0.0000e+00
     97.000    -0.9938   2.767208    -0.9929   2.767626    7.90390     0.0399    13.8155 2.2193e+02  -62.52567  -62.45833 1154447651 213.662647    34.2372 0.0000e+00
     98.000    -0.9939   2.767243    -0.9929   2.767659    7.90437     0.0709    13.8155 2.2080e+02  -62.52567  -62.45833 1154447653 213.662669    34.2371 0.0000e+00
     99.000    -0.9938   2.767325    -0.9928   2.767737    7.90920     0.0561    13.8155 2.1358e+02  -62.52567  -62.45833 1154447656 213.662706    34.2376 0.0000e+00
    100.000    -0.9935   2.767411    -0.9926   2.767810    7.91420     0.0504    13.8155 2.0812e+02  -62.52567  -62.45833 1154447659 213.662736    34.2378 0.0000e+00
    101.000    -0.9933   2.767489    -0.9923   2.767903    7.92082     0.0482    13.8155 2.0021e+02  -62.52567  -62.45833 1154447662 213.662777    34.2379 0.0000e+00
    102.000    -0.9931   2.767545    -0.9922   2.767961    7.91924     0.0493    13.8155 1.9876e+02  -62.52567  -62.45833 1154447663 213.662785    34.2379 0.0000e+00
    103.000    -0.9931   2.767590    -0.9923   2.768000    7.91910     0.0444    13.8155 1.9944e+02  -62.52567  -62.45833 1154447664 213.662793    34.2378 0.0000e+00
    104.000    -0.9932   2.767632    -0.9922   2.768033    7.91796     0.0610    13.8155 1.9921e+02  -62.52567  -62.45833 1154447665 213.662812    34.2379 0.0000e+00
    105.000    -0.9931   2.767688    -0.9921   2.768095    7.91124     0.0602    13.8155 2.0141e+02  -62.52567  -62.45833 1154447668 213.662844    34.2380 0.0000e+00
    106.000    -0.9930   2.767752    -0.9921   2.768149    7.91355     0.0636    13.8155 2.0955e+02  -62.52567  -62.45833 1154447672 213.662893    34.2381 0.0000e+00
    107.000    -0.9931   2.767837    -0.9921   2.768227    7.91177     0.0531    13.8155 2.1088e+02  -62.52567  -62.45833 1154447674 213.662912    34.2388 0.0000e+00
    108.000    -0.9930   2.767897    -0.9919   2.768298    7.90938     0.0786    13.8155 2.1103e+02  -62.52567  -62.45833 1154447675 213.662925    34.2388 0.0000e+00
    109.000    -0.9929   2.767977    -0.9918   2.768382    7.90883     0.0624    13.8155 2.1349e+02  -62.52567  -62.45833 1154447677 213.662940    34.2391 0.0000e+00
    110.000    -0.9906   2.768305    -0.9903   2.768601    7.90619     0.0357    13.8155 2.1347e+02  -62.52567  -62.45833 1154447678 213.662957    34.2404 0.0000e+00
