product_data/regression_test/downloaded_data/MGDS/320620060703/ctd/p6623801.ros
* Sea-Bird SBE 9 Data File:
* FileName = D:\Data\Raw\p6623801.dat
* Software Version Seasave Win32 V 5.32
* Temperature SN = 1649
* Conductivity SN = 1431
* Number of Bytes Per Scan = 37
* Number of Voltage Words = 5
* Number of Scans Averaged by the Deck Unit = 1
* NMEA Latitude = 61 28.98 S
* NMEA Longitude = 053 51.85 W
* NMEA UTC (Time) = 01:59:52
** Ship:   Nathaniel B. Palmer 
** Cruise:    NBP0606 
# nquan = 17
# nvalues = 1176                    
# units = specified
# name 0 = prDM: Pressure, Digiquartz [db]
# name 1 = t090C: Temperature [ITS-90, deg C]
# name 2 = c0S/m: Conductivity [S/m]
# name 3 = t190C: Temperature, 2 [ITS-90, deg C]
# name 4 = c1S/m: Conductivity, 2 [S/m]
# name 5 = sbeox0ML/L: Oxygen, SBE 43 [ml/l]
# name 6 = flECO-AFL: Fluorescence, Wetlab ECO-AFL/FL [mg/m^3]
# name 7 = bat: Beam Attenuation, Chelsea/Seatech/Wetlab CStar [1/m]
# name 8 = spar: SPAR/Surface Irradiance
# name 9 = latitude: Latitude [deg]
# name 10 = longitude: Longitude [deg]
# name 11 = timeY: Time, System [seconds]
# name 12 = timeJ: Julian Days
# name 13 = sal00: Salinity [PSU]
# name 14 = scan: scan number
# name 15 = nbf: number of bottles fired
# name 16 = flag:  0.000e+00
# interval = seconds: 0.0416667                   
# start_time = Aug 08 2006 02:01:29
*END*
[from data line 171]
    300.582    -0.6449   2.825437    -0.6450   2.825498    6.42520    -0.1004    13.8155 0.0000e+00  -61.48300  -53.86417 1155003835 220.099955    34.5037      32332          4  0.000e+00
    300.515    -0.6448   2.825427    -0.6453   2.825510    6.42995    -0.0784    13.8155 0.0000e+00  -61.48300  -53.86417 1155003835 220.099956    34.5034      32333          4  0.000e+00
    300.534    -0.6452   2.825467    -0.6447   2.825498    6.43000    -0.1114    13.8155 0.0000e+00  -61.48300  -53.86417 1155003835 220.099956    34.5045      32334          4  0.000e+00
    300.582    -0.6454   2.825403    -0.6455   2.825492    6.42528    -0.1555    13.8155 0.0000e+00  -61.48300  -53.86417 1155003835 220.099957    34.5038      32335          4  0.000e+00
    300.515    -0.6450   2.825400    -0.6451   2.825475    6.42518    -0.1335    13.8155 0.0000e+00  -61.48300  -53.86417 1155003835 220.099957    34.5034      32336          4  0.000e+00
    300.534    -0.6455   2.825437    -0.6451   2.825486    6.42524    -0.0894    13.8155 0.0000e+00  -61.48300  -53.86417 1155003835 220.099958    34.5044      32337          4  0.000e+00
    300.582    -0.6450   2.825437    -0.6448   2.825492    6.42521    -0.0894    13.8155 0.0000e+00  -61.48300  -53.86417 1155003835 220.099958    34.5039      32338          4  0.000e+00
    300.582    -0.6454   2.825443    -0.6448   2.825510    6.42525    -0.0784    13.8155 0.0000e+00  -61.48300  -53.86417 1155003835 220.099959    34.5043      32339          4  0.000e+00
    300.534    -0.6455   2.825453    -0.6448   2.825498    6.42523    -0.1004    13.8155 0.0000e+00  -61.48300  -53.86417 1155003835 220.099959    34.5047      32340          4  0.000e+00
    300.515    -0.6458   2.825420    -0.6450   2.825492    6.42527    -0.1555    13.8155 0.0000e+00  -61.48300  -53.86417 1155003835 220.099959    34.5046      32341          4  0.000e+00
    300.582    -0.6457   2.825420    -0.6448   2.825510    6.43013    -0.1114    13.8155 0.0000e+00  -61.48300  -53.86417 1155003835 220.099960    34.5044      32342          4  0.000e+00
    300.534    -0.6454   2.825447    -0.6448   2.825498    6.42521    -0.0674    13.8155 0.0000e+00  -61.48300  -53.86417 1155003835 220.099960    34.5044      32343          4  0.000e+00
    300.582    -0.6452   2.825447    -0.6450   2.825527    6.43006    -0.0564    13.8155 0.0000e+00  -61.48300  -53.86417 1155003835 220.099961    34.5042      32344          4  0.000e+00
    300.582    -0.6454   2.825417    -0.6445   2.825527    6.43009    -0.1555    13.8155 0.0000e+00  -61.48300  -53.86417 1155003835 220.099961    34.5040      32345          4  0.000e+00
    300.534    -0.6452   2.825420    -0.6445   2.825521    6.43003    -0.0454    13.8155 0.0000e+00  -61.48300  -53.86417 1155003835 220.099962    34.5039      32346          4  0.000e+00
    300.582    -0.6450   2.825430    -0.6448   2.825498    6.42522    -0.0454    13.8155 0.0000e+00  -61.48300  -53.86417 1155003835 220.099962    34.5038      32347          4  0.000e+00
    300.515    -0.6449   2.825410    -0.6450   2.825510    6.42515    -0.1335    13.8155 0.0000e+00  -61.48300  -53.86417 1155003836 220.099963    34.5034      32348          4  0.000e+00
    300.582    -0.6457   2.825443    -0.6448   2.825498    6.42529    -0.0784    13.8155 0.0000e+00  -61.48300  -53.86417 1155003836 220.099963    34.5047      32349          4  0.000e+00
    300.534    -0.6454   2.825417    -0.6448   2.825510    6.42522    -0.0454    13.8155 0.0000e+00  -61.48300  -53.86417 1155003836 220.099964    34.5040      32350          4  0.000e+00
    300.582    -0.6450   2.825443    -0.6450   2.825481    6.43004    -0.0674    13.8155 0.0000e+00  -61.48300  -53.86417 1155003836 220.099964    34.5040      32351          4  0.000e+00
    300.582    -0.6452   2.825433    -0.6448   2.825486    6.42524    -0.0454    13.8155 0.0000e+00  -61.48300  -53.86417 1155003836 220.099965    34.5040      32352          4  0.000e+00
    300.534    -0.6447   2.825447    -0.6451   2.825475    6.42995    -0.0784    13.8155 0.0000e+00  -61.48300  -53.86417 1155003836 220.099965    34.5037      32353          4  0.000e+00
    300.515    -0.6455   2.825417    -0.6450   2.825504    6.42523    -0.1004    13.8155 0.0000e+00  -61.48300  -53.86417 1155003836 220.099966    34.5042      32354          4  0.000e+00
    300.582    -0.6454   2.825443    -0.6450   2.825498    6.43008    -0.0784    13.8155 0.0000e+00  -61.48300  -53.86417 1155003836 220.099966    34.5043      32355          4  0.000e+00
    300.534    -0.6452   2.825417    -0.6450   2.825475    6.43003    -0.0894    13.8155 0.0000e+00  -61.48300  -53.86417 1155003836 220.099967    34.5038      32356          4  0.000e+00
    300.583    -0.6454   2.825427    -0.6448   2.825510    6.43491    -0.1335    13.8155 0.0000e+00  -61.48300  -53.86417 1155003839 220.100002    34.5041      32430          5  0.000e+00
    300.583    -0.6450   2.825430    -0.6447   2.825498    6.43487    -0.0674    13.8155 0.0000e+00  -61.48300  -53.86417 1155003839 220.100003    34.5038      32431          5  0.000e+00
    300.612    -0.6450   2.825460    -0.6448   2.825492    6.43488    -0.0784    13.8155 0.0000e+00  -61.48300  -53.86417 1155003839 220.100003    34.5042      32432          5  0.000e+00
    300.650    -0.6454   2.825440    -0.6450   2.825510    6.43497     0.0097    13.8155 0.0000e+00  -61.48300  -53.86417 1155003839 220.100004    34.5042      32433          5  0.000e+00
    300.516    -0.6449   2.825443    -0.6451   2.825521    6.42996    -0.0013    13.8155 0.0000e+00  -61.48300  -53.86417 1155003839 220.100004    34.5038      32434          5  0.000e+00
    300.612    -0.6450   2.825437    -0.6448   2.825498    6.43489    -0.0343    13.8155 0.0000e+00  -61.48300  -53.86417 1155003839 220.100005    34.5038      32435          5  0.000e+00
    300.583    -0.6454   2.825413    -0.6451   2.825492    6.43492    -0.0784    13.8155 0.0000e+00  -61.48300  -53.86417 1155003839 220.100005    34.5039      32436          5  0.000e+00
    300.516    -0.6454   2.825437    -0.6447   2.825492    6.43485    -0.0894    13.8155 0.0000e+00  -61.48300  -53.86417 1155003839 220.100006    34.5043      32437          5  0.000e+00
    300.679    -0.6449   2.825417    -0.6448   2.825492    6.43495    -0.0894    13.8155 0.0000e+00  -61.48300  -53.86417 1155003839 220.100006    34.5034      32438          5  0.000e+00
    300.650    -0.6454   2.825403    -0.6447   2.825510    6.43016    -0.1225    13.8155 0.0000e+00  -61.48300  -53.86417 1155003839 220.100007    34.5037      32439          5  0.000e+00
    300.583    -0.6457   2.825460    -0.6442   2.825539    6.43494    -0.1004    13.8155 0.0000e+00  -61.48300  -53.86417 1155003839 220.100007    34.5049      32440          5  0.000e+00
    300.612    -0.6454   2.825403    -0.6444   2.825527    6.43495    -0.0343    13.8155 0.0000e+00  -61.48300  -53.86417 1155003839 220.100008    34.5038      32441          5  0.000e+00
    300.583    -0.6457   2.825400    -0.6448   2.825521    6.43497    -0.1004    13.8155 0.0000e+00  -61.48300  -53.86417 1155003839 220.100008    34.5041      32442          5  0.000e+00
    300.650    -0.6454   2.825420    -0.6445   2.825521    6.43015    -0.1004    13.8155 0.0000e+00  -61.48300  -53.86417 1155003839 220.100009    34.5040      32443          5  0.000e+00
    300.583    -0.6457   2.825397    -0.6444   2.825521    6.43015    -0.1114    13.8155 0.0000e+00  -61.48300  -53.86417 1155003839 220.100009    34.5040      32444          5  0.000e+00
    300.612    -0.6457   2.825430    -0.6448   2.825498    6.43015    -0.0674    13.8155 0.0000e+00  -61.48300  -53.86417 1155003840 220.100010    34.5045      32445          5  0.000e+00
    300.583    -0.6449   2.825437    -0.6451   2.825510    6.43002    -0.1225    13.8155 0.0000e+00  -61.48300  -53.86417 1155003840 220.100010    34.5037      32446          5  0.000e+00
    300.650    -0.6452   2.825410    -0.6447   2.825539    6.43497    -0.1114    13.8155 0.0000e+00  -61.48300  -53.86417 1155003840 220.100011    34.5037      32447          5  0.000e+00
    300.612    -0.6457   2.825390    -0.6450   2.825504    6.43500    -0.1114    13.8155 0.0000e+00  -61.48300  -53.86417 1155003840 220.100011    34.5039      32448          5  0.000e+00
    300.583    -0.6458   2.825417    -0.6450   2.825492    6.43498    -0.1886    13.8155 0.0000e+00  -61.48300  -53.86417 1155003840 220.100012    34.5045      32449          5  0.000e+00
    300.583    -0.6448   2.825413    -0.6453   2.825492    6.43002    -0.1225    13.8155 0.0000e+00  -61.48300  -53.86417 1155003840 220.100012    34.5032      32450          5  0.000e+00
    300.612    -0.6452   2.825403    -0.6453   2.825475    6.43494    -0.0894    13.8155 0.0000e+00  -61.48300  -53.86417 1155003840 220.100013    34.5036      32451          5  0.000e+00
    300.650    -0.6450   2.825423    -0.6451   2.825486    6.43494    -0.0233    13.8155 0.0000e+00  -61.48300  -53.86417 1155003840 220.100013    34.5036      32452          5  0.000e+00
    300.583    -0.6455   2.825443    -0.6453   2.825475    6.43493    -0.0233    13.8155 0.0000e+00  -61.48300  -53.86417 1155003840 220.100014    34.5045      32453          5  0.000e+00
    300.612    -0.6452   2.825437    -0.6453   2.825469    6.43009    -0.0564    13.8155 0.0000e+00  -61.48300  -53.86417 1155003840 220.100014    34.5040      32454          5  0.000e+00
    300.650    -0.6455   2.825413    -0.6451   2.825469    6.43501    -0.0123    13.8155 0.0000e+00  -61.48300  -53.86417 1155003840 220.100014    34.5041      32455          5  0.000e+00
    300.583    -0.6455   2.825387    -0.6453   2.825486    6.43013    -0.0784    13.8155 0.0000e+00  -61.48300  -53.86417 1155003840 220.100015    34.5037      32456          5  0.000e+00
    300.612    -0.6455   2.825400    -0.6458   2.825492    6.43015    -0.0784    13.8155 0.0000e+00  -61.48300  -53.86417 1155003840 220.100015    34.5039      32457          5  0.000e+00
    300.650    -0.6458   2.825404    -0.6456   2.825451    6.43505    -0.0454    13.8155 0.0000e+00  -61.48300  -53.86417 1155003840 220.100016    34.5043      32458          5  0.000e+00
    300.650    -0.6452   2.825423    -0.6456   2.825457    6.43496    -0.1114    13.8155 0.0000e+00  -61.48300  -53.86417 1155003840 220.100016    34.5038      32459          5  0.000e+00
    300.612    -0.6454   2.825394    -0.6451   2.825446    6.43496    -0.1445    13.8155 0.0000e+00  -61.48300  -53.86417 1155003840 220.100017    34.5036      32460          5  0.000e+00
    300.583    -0.6457   2.825420    -0.6453   2.825457    6.43013    -0.1445    13.8155 0.0000e+00  -61.48300  -53.86417 1155003840 220.100017    34.5044      32461          5  0.000e+00
    300.650    -0.6454   2.825427    -0.6451   2.825469    6.43015    -0.0894    13.8155 0.0000e+00  -61.48300  -53.86417 1155003840 220.100018    34.5040      32462          5  0.000e+00
    300.583    -0.6455   2.825397    -0.6447   2.825486    6.43013    -0.0784    13.8155 0.0000e+00  -61.48300  -53.86417 1155003840 220.100018    34.5039      32463          5  0.000e+00
    300.536    -0.6452   2.825447    -0.6453   2.825475    6.43002    -0.1114    13.8155 0.0000e+00  -61.48300  -53.86417 1155003840 220.100019    34.5042      32464          5  0.000e+00
    300.727    -0.6454   2.825440    -0.6451   2.825469    6.43021    -0.1555    13.8155 0.0000e+00  -61.48300  -53.86417 1155003840 220.100019    34.5042      32465          5  0.000e+00
    300.650    -0.6452   2.825410    -0.6454   2.825486    6.43014    -0.1886    13.8155 0.0000e+00  -61.48300  -53.86417 1155003840 220.100020    34.5037      32466          5  0.000e+00
    300.612    -0.6452   2.825423    -0.6450   2.825451    6.43010    -0.1335    13.8155 0.0000e+00  -61.48300  -53.86417 1155003840 220.100020    34.5039      32467          5  0.000e+00
    300.651    -0.6457   2.825410    -0.6451   2.825457    6.43020    -0.0454    13.8155 0.0000e+00  -61.48300  -53.86417 1155003841 220.100021    34.5042      32468          5  0.000e+00
    300.584    -0.6452   2.825407    -0.6448   2.825469    6.43008    -0.0674    13.8155 0.0000e+00  -61.48300  -53.86417 1155003841 220.100021    34.5037      32469          5  0.000e+00
    300.612    -0.6455   2.825403    -0.6455   2.825446    6.43015    -0.1004    13.8155 0.0000e+00  -61.48300  -53.86417 1155003841 220.100022    34.5040      32470          5  0.000e+00
    300.651    -0.6455   2.825423    -0.6451   2.825457    6.43017    -0.1335    13.8155 0.0000e+00  -61.48300  -53.86417 1155003841 220.100022    34.5042      32471          5  0.000e+00
    300.651    -0.6455   2.825410    -0.6451   2.825469    6.43501    -0.0233    13.8155 0.0000e+00  -61.48300  -53.86417 1155003841 220.100023    34.5040      32472          5  0.000e+00
    300.612    -0.6455   2.825390    -0.6450   2.825469    6.43499    -0.0564    13.8155 0.0000e+00  -61.48300  -53.86417 1155003841 220.100023    34.5038      32473          5  0.000e+00
    300.651    -0.6457   2.825380    -0.6453   2.825469    6.43022    -0.0784    13.8155 0.0000e+00  -61.48300  -53.86417 1155003841 220.100024    34.5038      32474          5  0.000e+00
    300.584    -0.6452   2.825400    -0.6450   2.825469    6.43009    -0.0123    13.8155 0.0000e+00  -61.48300  -53.86417 1155003841 220.100024    34.5036      32475          5  0.000e+00
    300.612    -0.6455   2.825427    -0.6450   2.825486    6.43014    -0.0343    13.8155 0.0000e+00  -61.48300  -53.86417 1155003841 220.100025    34.5043      32476          5  0.000e+00
    300.651    -0.6454   2.825410    -0.6458   2.825492    6.43499    -0.0564    13.8155 0.0000e+00  -61.48300  -53.86417 1155003841 220.100025    34.5038      32477          5  0.000e+00
    300.651    -0.6455   2.825407    -0.6453   2.825475    6.43018    -0.0564    13.8155 0.0000e+00  -61.48300  -53.86417 1155003841 220.100026    34.5040      32478          5  0.000e+00
    300.584    -0.6450   2.825467    -0.6445   2.825527    6.43002    -0.0454    13.8155 0.0000e+00  -61.48300  -53.86417 1155003842 220.100041    34.5043      32509          6  0.000e+00
    300.728    -0.6450   2.825440    -0.6451   2.825527    6.43017    -0.0454    13.8155 0.0000e+00  -61.48300  -53.86417 1155003842 220.100041    34.5038      32510          6  0.000e+00
    300.680    -0.6448   2.825447    -0.6448   2.825521    6.42526    -0.0674    13.8155 0.0000e+00  -61.48300  -53.86417 1155003842 220.100041    34.5036      32511          6  0.000e+00
    300.584    -0.6450   2.825433    -0.6445   2.825539    6.42522    -0.0564    13.8155 0.0000e+00  -61.48300  -53.86417 1155003842 220.100042    34.5038      32512          6  0.000e+00
    300.651    -0.6452   2.825430    -0.6441   2.825504    6.42530    -0.0674    13.8155 0.0000e+00  -61.48300  -53.86417 1155003842 220.100042    34.5039      32513          6  0.000e+00
    300.680    -0.6448   2.825433    -0.6445   2.825510    6.42527    -0.0894    13.8155 0.0000e+00  -61.48300  -53.86417 1155003842 220.100043    34.5034      32514          6  0.000e+00
    300.651    -0.6455   2.825427    -0.6451   2.825521    6.42535    -0.1445    13.8155 0.0000e+00  -61.48300  -53.86417 1155003842 220.100043    34.5042      32515          6  0.000e+00
    300.651    -0.6452   2.825430    -0.6448   2.825539    6.42530    -0.1114    13.8155 0.0000e+00  -61.48300  -53.86417 1155003843 220.100044    34.5039      32516          6  0.000e+00
    300.613    -0.6458   2.825443    -0.6450   2.825527    6.43017    -0.0894    13.8155 0.0000e+00  -61.48300  -53.86417 1155003843 220.100044    34.5048      32517          6  0.000e+00
    300.651    -0.6449   2.825453    -0.6445   2.825498    6.43007    -0.0894    13.8155 0.0000e+00  -61.48300  -53.86417 1155003843 220.100045    34.5039      32518          6  0.000e+00
