product_data/regression_test/downloaded_data/MGDS/320620060703/ctd/p6620201.ros
* Sea-Bird SBE 9 Data File:
* FileName = D:\Data\Raw\p6620201.dat
* Software Version Seasave Win32 V 5.32
* Temperature SN = 1649
* Conductivity SN = 1431
* Number of Bytes Per Scan = 37
* Number of Voltage Words = 5
* Number of Scans Averaged by the Deck Unit = 1
* NMEA Latitude = 64 26.68 S
* NMEA Longitude = 061 58.97 W
* NMEA UTC (Time) = 03:19:51
** Ship:   Nathaniel B. Palmer 
** Cruise:    NBP0606 
# nquan = 17
# nvalues = 1176                    
# units = specified
# name 0 = prDM: Pressure, Digiquartz [db]
# name 1 = t090C: Temperature [ITS-90, deg C]
# name 2 = c0S/m: Conductivity [S/m]
# name 3 = t190C: Temperature, 2 [ITS-90, deg C]
# name 4 = c1S/m: Conductivity, 2 [S/m]
# name 5 = sbeox0ML/L: Oxygen, SBE 43 [ml/l]
# name 6 = flECO-AFL: Fluorescence, Wetlab ECO-AFL/FL [mg/m^3]
# name 7 = bat: Beam Attenuation, Chelsea/Seatech/Wetlab CStar [1/m]
# name 8 = spar: SPAR/Surface Irradiance
# name 9 = latitude: Latitude [deg]
# name 10 = longitude: Longitude [deg]
# name 11 = timeY: Time, System [seconds]
# name 12 = timeJ: Julian Days
# name 13 = sal00: Salinity [PSU]
# name 14 = scan: scan number
# name 15 = nbf: number of bottles fired
# name 16 = flag:  0.000e+00
# interval = seconds: 0.0416667                   
# start_time = Jul 28 2006 03:19:59
*END*
[from data line 171]
    400.291     0.0407   2.888326     0.0408   2.888649    5.99374    -0.1114    13.8155 0.0000e+00  -64.44467  -61.98283 1154057779 209.150244    34.5077      23571          4  0.000e+00
    400.291     0.0408   2.888309     0.0410   2.888637    5.99374    -0.0343    13.8155 0.0000e+00  -64.44467  -61.98283 1154057779 209.150245    34.5073      23572          4  0.000e+00
    400.291     0.0404   2.888320     0.0408   2.888649    5.99379    -0.0674    13.8155 0.0000e+00  -64.44467  -61.98283 1154057779 209.150245    34.5080      23573          4  0.000e+00
    400.368     0.0407   2.888326     0.0410   2.888661    5.99381    -0.1004    13.8155 0.0000e+00  -64.44467  -61.98283 1154057779 209.150245    34.5077      23574          4  0.000e+00
    400.291     0.0402   2.888326     0.0408   2.888661    5.99380    -0.1114    13.8155 0.0000e+00  -64.44467  -61.98283 1154057779 209.150246    34.5082      23575          4  0.000e+00
    400.368     0.0404   2.888309     0.0411   2.888637    5.99386    -0.1335    13.8155 0.0000e+00  -64.44467  -61.98283 1154057779 209.150246    34.5078      23576          4  0.000e+00
    400.291     0.0411   2.888320     0.0408   2.888608    5.99369    -0.1114    13.8155 0.0000e+00  -64.44467  -61.98283 1154057779 209.150247    34.5071      23577          4  0.000e+00
    400.368     0.0402   2.888289     0.0411   2.888602    5.98907    -0.0674    13.8155 0.0000e+00  -64.44467  -61.98283 1154057779 209.150247    34.5077      23578          4  0.000e+00
    400.368     0.0407   2.888299     0.0406   2.888620    5.99382     0.0207    13.8155 0.0000e+00  -64.44467  -61.98283 1154057779 209.150248    34.5073      23579          4  0.000e+00
    400.368     0.0404   2.888320     0.0408   2.888632    5.99385     0.0758    13.8155 0.0000e+00  -64.44467  -61.98283 1154057779 209.150248    34.5079      23580          4  0.000e+00
    400.368     0.0408   2.888309     0.0408   2.888608    5.99380    -0.0674    13.8155 0.0000e+00  -64.44467  -61.98283 1154057779 209.150249    34.5073      23581          4  0.000e+00
    400.368     0.0407   2.888336     0.0405   2.888661    5.99380    -0.1335    13.8155 0.0000e+00  -64.44467  -61.98283 1154057779 209.150249    34.5078      23582          4  0.000e+00
    400.368     0.0408   2.888346     0.0408   2.888620    5.99378    -0.1335    13.8155 0.0000e+00  -64.44467  -61.98283 1154057779 209.150250    34.5078      23583          4  0.000e+00
    400.368     0.0400   2.888316     0.0410   2.888602    5.99389    -0.1445    13.8155 0.0000e+00  -64.44467  -61.98283 1154057779 209.150250    34.5082      23584          4  0.000e+00
    400.368     0.0405   2.888303     0.0408   2.888643    5.99384    -0.1114    13.8155 0.0000e+00  -64.44467  -61.98283 1154057779 209.150251    34.5076      23585          4  0.000e+00
    400.435     0.0408   2.888286     0.0406   2.888637    5.99387    -0.1225    13.8155 0.0000e+00  -64.44467  -61.98283 1154057779 209.150251    34.5069      23586          4  0.000e+00
    400.368     0.0410   2.888313     0.0411   2.888632    5.99378    -0.0784    13.8155 0.0000e+00  -64.44467  -61.98283 1154057779 209.150252    34.5071      23587          4  0.000e+00
    400.435     0.0404   2.888306     0.0406   2.888608    5.99391    -0.0343    13.8155 0.0000e+00  -64.44467  -61.98283 1154057779 209.150252    34.5077      23588          4  0.000e+00
    400.435     0.0407   2.888303     0.0408   2.888585    5.99388    -0.0454    13.8155 0.0000e+00  -64.44467  -61.98283 1154057780 209.150253    34.5073      23589          4  0.000e+00
    400.406     0.0405   2.888336     0.0410   2.888579    5.99386    -0.0013    13.8155 0.0000e+00  -64.44467  -61.98283 1154057780 209.150253    34.5080      23590          4  0.000e+00
    400.435     0.0402   2.888316     0.0410   2.888614    5.99392    -0.0013    13.8155 0.0000e+00  -64.44467  -61.98283 1154057780 209.150254    34.5080      23591          4  0.000e+00
    400.435     0.0405   2.888320     0.0406   2.888608    5.99389    -0.0233    13.8155 0.0000e+00  -64.44467  -61.98283 1154057780 209.150254    34.5077      23592          4  0.000e+00
    400.435     0.0407   2.888326     0.0410   2.888602    5.99386    -0.0123    13.8155 0.0000e+00  -64.44467  -61.98283 1154057780 209.150255    34.5076      23593          4  0.000e+00
    400.435     0.0407   2.888326     0.0403   2.888620    5.99386    -0.0123    13.8155 0.0000e+00  -64.44467  -61.98283 1154057780 209.150255    34.5076      23594          4  0.000e+00
    400.511     0.0408   2.888340     0.0413   2.888632    5.99390    -0.0343    13.8155 0.0000e+00  -64.44467  -61.98283 1154057780 209.150256    34.5076      23595          4  0.000e+00
    400.290     0.0402   2.888256     0.0406   2.888555    5.99384    -0.1445    13.8155 0.0000e+00  -64.44467  -61.98283 1154057785 209.150316    34.5073      23721          5  0.000e+00
    400.290     0.0400   2.888256     0.0405   2.888567    5.99867    -0.1004    13.8155 0.0000e+00  -64.44467  -61.98283 1154057785 209.150317    34.5075      23722          5  0.000e+00
    400.223     0.0402   2.888242     0.0403   2.888579    5.99860    -0.0454    13.8155 0.0000e+00  -64.44467  -61.98283 1154057785 209.150317    34.5072      23723          5  0.000e+00
    400.290     0.0404   2.888249     0.0405   2.888579    5.99382    -0.0013    13.8155 0.0000e+00  -64.44467  -61.98283 1154057785 209.150318    34.5070      23724          5  0.000e+00
    400.223     0.0402   2.888256     0.0408   2.888579    5.99859    -0.0564    13.8155 0.0000e+00  -64.44467  -61.98283 1154057785 209.150318    34.5073      23725          5  0.000e+00
    400.290     0.0402   2.888242     0.0402   2.888555    5.99384    -0.1114    13.8155 0.0000e+00  -64.44467  -61.98283 1154057785 209.150319    34.5071      23726          5  0.000e+00
    400.367     0.0396   2.888232     0.0399   2.888549    5.99880    -0.0674    13.8155 0.0000e+00  -64.44467  -61.98283 1154057785 209.150319    34.5076      23727          5  0.000e+00
    400.290     0.0397   2.888182     0.0406   2.888532    5.99874    -0.0784    13.8155 0.0000e+00  -64.44467  -61.98283 1154057785 209.150320    34.5069      23728          5  0.000e+00
    400.367     0.0396   2.888179     0.0405   2.888543    5.99402    -0.0233    13.8155 0.0000e+00  -64.44467  -61.98283 1154057785 209.150320    34.5069      23729          5  0.000e+00
    400.290     0.0399   2.888165     0.0400   2.888567    5.99392    -0.0233    13.8155 0.0000e+00  -64.44467  -61.98283 1154057785 209.150321    34.5065      23730          5  0.000e+00
    400.434     0.0394   2.888149     0.0402   2.888555    5.99411    -0.1114    13.8155 0.0000e+00  -64.44467  -61.98283 1154057785 209.150321    34.5067      23731          5  0.000e+00
    400.367     0.0394   2.888155     0.0397   2.888532    5.99886    -0.1114    13.8155 0.0000e+00  -64.44467  -61.98283 1154057786 209.150322    34.5068      23732          5  0.000e+00
    400.405     0.0394   2.888149     0.0402   2.888526    5.99890    -0.0894    13.8155 0.0000e+00  -64.44467  -61.98283 1154057786 209.150322    34.5067      23733          5  0.000e+00
    400.367     0.0400   2.888155     0.0395   2.888479    5.99878    -0.0454    13.8155 0.0000e+00  -64.44467  -61.98283 1154057786 209.150323    34.5061      23734          5  0.000e+00
    400.434     0.0399   2.888165     0.0400   2.888485    5.99885    -0.0674    13.8155 0.0000e+00  -64.44467  -61.98283 1154057786 209.150323    34.5064      23735          5  0.000e+00
    400.434     0.0394   2.888216     0.0399   2.888455    5.99408    -0.0784    13.8155 0.0000e+00  -64.44467  -61.98283 1154057786 209.150324    34.5076      23736          5  0.000e+00
    400.434     0.0397   2.888179     0.0391   2.888479    5.99887    -0.0894    13.8155 0.0000e+00  -64.44467  -61.98283 1154057786 209.150324    34.5067      23737          5  0.000e+00
    400.510     0.0394   2.888182     0.0400   2.888455    5.99416    -0.0013    13.8155 0.0000e+00  -64.44467  -61.98283 1154057786 209.150325    34.5071      23738          5  0.000e+00
    400.510     0.0394   2.888169     0.0397   2.888420    5.99897    -0.0013    13.8155 0.0000e+00  -64.44467  -61.98283 1154057786 209.150325    34.5069      23739          5  0.000e+00
    400.510     0.0391   2.888132     0.0392   2.888432    5.99422    -0.0454    13.8155 0.0000e+00  -64.44467  -61.98283 1154057786 209.150326    34.5068      23740          5  0.000e+00
    400.510     0.0397   2.888152     0.0388   2.888420    5.99414    -0.0454    13.8155 0.0000e+00  -64.44467  -61.98283 1154057786 209.150326    34.5063      23741          5  0.000e+00
    400.510     0.0394   2.888145     0.0391   2.888432    5.99418    -0.0784    13.8155 0.0000e+00  -64.44467  -61.98283 1154057786 209.150326    34.5066      23742          5  0.000e+00
    400.578     0.0391   2.888108     0.0391   2.888420    5.99429    -0.0674    13.8155 0.0000e+00  -64.44467  -61.98283 1154057786 209.150327    34.5064      23743          5  0.000e+00
    400.578     0.0391   2.888128     0.0394   2.888432    5.99428    -0.0343    13.8155 0.0000e+00  -64.44467  -61.98283 1154057786 209.150327    34.5067      23744          5  0.000e+00
    400.578     0.0394   2.888125     0.0391   2.888443    5.99424    -0.0454    13.8155 0.0000e+00  -64.44467  -61.98283 1154057786 209.150328    34.5063      23745          5  0.000e+00
    400.578     0.0388   2.888135     0.0391   2.888420    5.99431    -0.0784    13.8155 0.0000e+00  -64.44467  -61.98283 1154057786 209.150328    34.5071      23746          5  0.000e+00
    400.645     0.0394   2.888142     0.0392   2.888432    5.99429    -0.1225    13.8155 0.0000e+00  -64.44467  -61.98283 1154057786 209.150329    34.5065      23747          5  0.000e+00
    400.645     0.0394   2.888192     0.0397   2.888461    5.99426    -0.0674    13.8155 0.0000e+00  -64.44467  -61.98283 1154057786 209.150329    34.5071      23748          5  0.000e+00
    400.645     0.0391   2.888172     0.0395   2.888467    5.99912    -0.0123    13.8155 0.0000e+00  -64.44467  -61.98283 1154057786 209.150330    34.5072      23749          5  0.000e+00
    400.645     0.0397   2.888149     0.0397   2.888467    5.99425    -0.0123    13.8155 0.0000e+00  -64.44467  -61.98283 1154057786 209.150330    34.5062      23750          5  0.000e+00
    400.645     0.0396   2.888192     0.0399   2.888449    5.99905    -0.0013    13.8155 0.0000e+00  -64.44467  -61.98283 1154057786 209.150331    34.5069      23751          5  0.000e+00
    400.721     0.0393   2.888179     0.0394   2.888479    5.99916    -0.0564    13.8155 0.0000e+00  -64.44467  -61.98283 1154057786 209.150331    34.5071      23752          5  0.000e+00
    400.721     0.0391   2.888179     0.0395   2.888514    5.99918    -0.1335    13.8155 0.0000e+00  -64.44467  -61.98283 1154057786 209.150332    34.5073      23753          5  0.000e+00
    400.721     0.0394   2.888185     0.0395   2.888479    5.99914    -0.1335    13.8155 0.0000e+00  -64.44467  -61.98283 1154057786 209.150332    34.5070      23754          5  0.000e+00
    400.721     0.0397   2.888226     0.0394   2.888467    5.99908    -0.0233    13.8155 0.0000e+00  -64.44467  -61.98283 1154057786 209.150333    34.5072      23755          5  0.000e+00
    400.721     0.0399   2.888199     0.0397   2.888467    5.99427    -0.0784    13.8155 0.0000e+00  -64.44467  -61.98283 1154057787 209.150333    34.5066      23756          5  0.000e+00
    400.788     0.0396   2.888226     0.0391   2.888485    5.99434    -0.0894    13.8155 0.0000e+00  -64.44467  -61.98283 1154057787 209.150334    34.5073      23757          5  0.000e+00
    400.645     0.0399   2.888249     0.0394   2.888455    5.99417    -0.0674    13.8155 0.0000e+00  -64.44467  -61.98283 1154057787 209.150334    34.5073      23758          5  0.000e+00
    400.865     0.0397   2.888202     0.0395   2.888479    5.99921    -0.1225    13.8155 0.0000e+00  -64.44467  -61.98283 1154057787 209.150335    34.5068      23759          5  0.000e+00
    400.788     0.0393   2.888172     0.0394   2.888473    5.99922    -0.1225    13.8155 0.0000e+00  -64.44467  -61.98283 1154057787 209.150335    34.5069      23760          5  0.000e+00
    400.788     0.0390   2.888162     0.0400   2.888485    5.99926    -0.1555    13.8155 0.0000e+00  -64.44467  -61.98283 1154057787 209.150336    34.5072      23761          5  0.000e+00
    400.788     0.0390   2.888112     0.0399   2.888532    5.99929    -0.1225    13.8155 0.0000e+00  -64.44467  -61.98283 1154057787 209.150336    34.5065      23762          5  0.000e+00
    400.865     0.0390   2.888129     0.0400   2.888549    5.99935    -0.0454    13.8155 0.0000e+00  -64.44467  -61.98283 1154057787 209.150337    34.5067      23763          5  0.000e+00
    400.788     0.0394   2.888108     0.0400   2.888549    5.99924     0.0097    13.8155 0.0000e+00  -64.44467  -61.98283 1154057787 209.150337    34.5059      23764          5  0.000e+00
    400.788     0.0387   2.888129     0.0402   2.888532    5.99451     0.0428    13.8155 0.0000e+00  -64.44467  -61.98283 1154057787 209.150338    34.5070      23765          5  0.000e+00
    400.865     0.0390   2.888122     0.0399   2.888526    5.99454     0.0097    13.8155 0.0000e+00  -64.44467  -61.98283 1154057787 209.150338    34.5066      23766          5  0.000e+00
    400.788     0.0388   2.888118     0.0399   2.888543    5.99931    -0.0343    13.8155 0.0000e+00  -64.44467  -61.98283 1154057787 209.150339    34.5068      23767          5  0.000e+00
    400.865     0.0391   2.888118     0.0406   2.888532    5.99933    -0.0343    13.8155 0.0000e+00  -64.44467  -61.98283 1154057787 209.150339    34.5064      23768          5  0.000e+00
    400.788     0.0393   2.888102     0.0403   2.888526    5.99926    -0.1114    13.8155 0.0000e+00  -64.44467  -61.98283 1154057787 209.150340    34.5060      23769          5  0.000e+00
    400.787     0.0400   2.888206     0.0397   2.888532    6.00392    -0.0123    13.8155 0.0000e+00  -64.44467  -61.98283 1154057793 209.150404    34.5065      23902          6  0.000e+00
    400.720     0.0397   2.888226     0.0400   2.888543    6.00389    -0.0454    13.8155 0.0000e+00  -64.44467  -61.98283 1154057793 209.150404    34.5072      23903          6  0.000e+00
    400.787     0.0396   2.888236     0.0402   2.888549    6.00396    -0.0013    13.8155 0.0000e+00  -64.44467  -61.98283 1154057793 209.150405    34.5074      23904          6  0.000e+00
    400.787     0.0397   2.888199     0.0400   2.888549    6.00396     0.0207    13.8155 0.0000e+00  -64.44467  -61.98283 1154057793 209.150405    34.5068      23905          6  0.000e+00
    400.787     0.0394   2.888202     0.0400   2.888532    6.00400    -0.0013    13.8155 0.0000e+00  -64.44467  -61.98283 1154057793 209.150406    34.5072      23906          6  0.000e+00
    400.720     0.0400   2.888212     0.0400   2.888526    6.00386    -0.0013    13.8155 0.0000e+00  -64.44467  -61.98283 1154057793 209.150406    34.5067      23907          6  0.000e+00
    400.787     0.0396   2.888226     0.0402   2.888502    6.00396    -0.0233    13.8155 0.0000e+00  -64.44467  -61.98283 1154057793 209.150407    34.5073      23908          6  0.000e+00
    400.787     0.0400   2.888202     0.0403   2.888514    6.00392    -0.0564    13.8155 0.0000e+00  -64.44467  -61.98283 1154057793 209.150407    34.5065      23909          6  0.000e+00
    400.787     0.0399   2.888202     0.0400   2.888526    6.00394    -0.0233    13.8155 0.0000e+00  -64.44467  -61.98283 1154057793 209.150408    34.5066      23910          6  0.000e+00
    400.787     0.0399   2.888212     0.0400   2.888526    6.00393    -0.0343    13.8155 0.0000e+00  -64.44467  -61.98283 1154057793 209.150408    34.5068      23911          6  0.000e+00
