product_data/regression_test/downloaded_data/MGDS/320620060703/ctd/p6620901.ros
* Sea-Bird SBE 9 Data File:
* FileName = D:\Data\Raw\p6620901.dat
* Software Version Seasave Win32 V 5.32
* Temperature SN = 1649
* Conductivity SN = 1431
* Number of Bytes Per Scan = 37
* Number of Voltage Words = 5
* Number of Scans Averaged by the Deck Unit = 1
* NMEA Latitude = 64 32.49 S
* NMEA Longitude = 062 46.94 W
* NMEA UTC (Time) = 01:40:15
** Ship:   Nathaniel B. Palmer 
** Cruise:    NBP0606 
# nquan = 17
# nvalues = 1176                    
# units = specified
# name 0 = prDM: Pressure, Digiquartz [db]
# name 1 = t090C: Temperature [ITS-90, deg C]
# name 2 = c0S/m: Conductivity [S/m]
# name 3 = t190C: Temperature, 2 [ITS-90, deg C]
# name 4 = c1S/m: Conductivity, 2 [S/m]
# name 5 = sbeox0ML/L: Oxygen, SBE 43 [ml/l]
# name 6 = flECO-AFL: Fluorescence, Wetlab ECO-AFL/FL [mg/m^3]
# name 7 = bat: Beam Attenuation, Chelsea/Seatech/Wetlab CStar [1/m]
# name 8 = spar: SPAR/Surface Irradiance
# name 9 = latitude: Latitude [deg]
# name 10 = longitude: Longitude [deg]
# name 11 = timeY: Time, System [seconds]
# name 12 = timeJ: Julian Days
# name 13 = sal00: Salinity [PSU]
# name 14 = scan: scan number
# name 15 = nbf: number of bottles fired
# name 16 = flag:  0.000e+00
# interval = seconds: 0.0416667                   
# start_time = Jul 31 2006 01:40:24
*END*
[from data line 937]
     75.013    -0.6099   2.793639    -0.6155   2.793360    6.95767    -0.0343    13.8155 0.0000e+00  -64.54150  -62.78233 1154311477 212.086569    34.1739      34935         20  0.000e+00
     75.061    -0.6107   2.793630    -0.6151   2.793331    6.95783     0.0318    13.8155 0.0000e+00  -64.54150  -62.78233 1154311477 212.086570    34.1746      34936         20  0.000e+00
     75.013    -0.6105   2.793593    -0.6154   2.793331    6.95778     0.0318    13.8155 0.0000e+00  -64.54150  -62.78233 1154311477 212.086570    34.1739      34937         20  0.000e+00
     75.061    -0.6103   2.793616    -0.6152   2.793342    6.95779    -0.0123    13.8155 0.0000e+00  -64.54150  -62.78233 1154311478 212.086571    34.1740      34938         20  0.000e+00
     75.090    -0.6107   2.793580    -0.6152   2.793331    6.95789    -0.0343    13.8155 0.0000e+00  -64.54150  -62.78233 1154311478 212.086571    34.1739      34939         20  0.000e+00
     75.061    -0.6107   2.793544    -0.6151   2.793313    6.95789    -0.0674    13.8155 0.0000e+00  -64.54150  -62.78233 1154311478 212.086572    34.1734      34940         20  0.000e+00
     75.013    -0.6102   2.793570    -0.6151   2.793319    6.96244    -0.0784    13.8155 0.0000e+00  -64.54150  -62.78233 1154311478 212.086572    34.1733      34941         20  0.000e+00
     75.061    -0.6106   2.793587    -0.6151   2.793342    6.95785    -0.0123    13.8155 0.0000e+00  -64.54150  -62.78233 1154311478 212.086573    34.1740      34942         20  0.000e+00
     75.090    -0.6109   2.793583    -0.6157   2.793319    6.95793    -0.0123    13.8155 0.0000e+00  -64.54150  -62.78233 1154311478 212.086573    34.1743      34943         20  0.000e+00
     74.994    -0.6103   2.793583    -0.6154   2.793319    6.95775    -0.0343    13.8155 0.0000e+00  -64.54150  -62.78233 1154311478 212.086574    34.1737      34944         20  0.000e+00
     75.090    -0.6097   2.793550    -0.6152   2.793325    6.95778    -0.0564    13.8155 0.0000e+00  -64.54150  -62.78233 1154311478 212.086574    34.1724      34945         20  0.000e+00
     75.061    -0.6094   2.793557    -0.6151   2.793313    6.95770     0.0097    13.8155 0.0000e+00  -64.54150  -62.78233 1154311478 212.086575    34.1722      34946         20  0.000e+00
     75.014    -0.6102   2.793563    -0.6152   2.793319    6.95776     0.0758    13.8155 0.0000e+00  -64.54150  -62.78233 1154311478 212.086575    34.1732      34947         20  0.000e+00
     75.061    -0.6107   2.793544    -0.6155   2.793342    6.95789    -0.0564    13.8155 0.0000e+00  -64.54150  -62.78233 1154311478 212.086576    34.1734      34948         20  0.000e+00
     75.090    -0.6102   2.793540    -0.6154   2.793319    6.95785    -0.1225    13.8155 0.0000e+00  -64.54150  -62.78233 1154311478 212.086576    34.1728      34949         20  0.000e+00
     75.061    -0.6102   2.793521    -0.6155   2.793319    6.95783    -0.0894    13.8155 0.0000e+00  -64.54150  -62.78233 1154311478 212.086576    34.1726      34950         20  0.000e+00
     75.090    -0.6109   2.793497    -0.6154   2.793325    6.95798    -0.0564    13.8155 0.0000e+00  -64.54150  -62.78233 1154311478 212.086577    34.1731      34951         20  0.000e+00
     75.061    -0.6120   2.793445    -0.6155   2.793290    6.95814    -0.0564    13.8155 0.0000e+00  -64.54150  -62.78233 1154311478 212.086577    34.1737      34952         20  0.000e+00
     75.014    -0.6115   2.793494    -0.6154   2.793331    6.95800    -0.0343    13.8155 0.0000e+00  -64.54150  -62.78233 1154311478 212.086578    34.1738      34953         20  0.000e+00
     75.090    -0.6105   2.793497    -0.6155   2.793319    6.95792    -0.0343    13.8155 0.0000e+00  -64.54150  -62.78233 1154311478 212.086578    34.1726      34954         20  0.000e+00
     75.061    -0.6116   2.793425    -0.6151   2.793319    6.95809    -0.1004    13.8155 0.0000e+00  -64.54150  -62.78233 1154311478 212.086579    34.1729      34955         20  0.000e+00
     75.090    -0.6124   2.793372    -0.6152   2.793325    6.95826    -0.0784    13.8155 0.0000e+00  -64.54150  -62.78233 1154311478 212.086579    34.1730      34956         20  0.000e+00
     75.061    -0.6120   2.793292    -0.6155   2.793290    6.96293    -0.1114    13.8155 0.0000e+00  -64.54150  -62.78233 1154311478 212.086580    34.1716      34957         20  0.000e+00
     75.090    -0.6128   2.793253    -0.6155   2.793290    6.95840    -0.0894    13.8155 0.0000e+00  -64.54150  -62.78233 1154311478 212.086580    34.1719      34958         20  0.000e+00
     75.061    -0.6136   2.793230    -0.6155   2.793313    6.95850    -0.0343    13.8155 0.0000e+00  -64.54150  -62.78233 1154311478 212.086581    34.1725      34959         20  0.000e+00
     75.014    -0.6141   2.793190    -0.6155   2.793290    6.95855    -0.0343    13.8155 0.0000e+00  -64.54150  -62.78233 1154311478 212.086581    34.1725      34960         20  0.000e+00
     75.138    -0.6139   2.793197    -0.6154   2.793313    6.95863    -0.0784    13.8155 0.0000e+00  -64.54150  -62.78233 1154311478 212.086582    34.1723      34961         20  0.000e+00
     75.014    -0.6145   2.793203    -0.6154   2.793302    6.95860    -0.1225    13.8155 0.0000e+00  -64.54150  -62.78233 1154311479 212.086582    34.1732      34962         20  0.000e+00
     75.061    -0.6145   2.793236    -0.6158   2.793307    6.95863    -0.1114    13.8155 0.0000e+00  -64.54150  -62.78233 1154311479 212.086583    34.1737      34963         20  0.000e+00
     75.090    -0.6148   2.793250    -0.6155   2.793319    6.95869    -0.1225    13.8155 0.0000e+00  -64.54150  -62.78233 1154311479 212.086583    34.1742      34964         20  0.000e+00
     75.138    -0.6148   2.793217    -0.6155   2.793325    6.95875    -0.0894    13.8155 0.0000e+00  -64.54150  -62.78233 1154311479 212.086584    34.1736      34965         20  0.000e+00
     75.090    -0.6153   2.793269    -0.6152   2.793331    6.95874    -0.0343    13.8155 0.0000e+00  -64.54150  -62.78233 1154311479 212.086584    34.1750      34966         20  0.000e+00
     75.062    -0.6145   2.793276    -0.6155   2.793302    6.95860    -0.0013    13.8155 0.0000e+00  -64.54150  -62.78233 1154311479 212.086585    34.1742      34967         20  0.000e+00
     75.090    -0.6148   2.793302    -0.6154   2.793313    6.95866    -0.0454    13.8155 0.0000e+00  -64.54150  -62.78233 1154311479 212.086585    34.1749      34968         20  0.000e+00
     75.062    -0.6151   2.793332    -0.6151   2.793290    6.95865    -0.0343    13.8155 0.0000e+00  -64.54150  -62.78233 1154311479 212.086586    34.1756      34969         20  0.000e+00
     75.090    -0.6148   2.793339    -0.6154   2.793331    6.95863    -0.0564    13.8155 0.0000e+00  -64.54150  -62.78233 1154311479 212.086586    34.1754      34970         20  0.000e+00
     75.062    -0.6151   2.793319    -0.6152   2.793348    6.95866    -0.0784    13.8155 0.0000e+00  -64.54150  -62.78233 1154311479 212.086587    34.1755      34971         20  0.000e+00
     75.090    -0.6154   2.793283    -0.6149   2.793336    6.95875    -0.0784    13.8155 0.0000e+00  -64.54150  -62.78233 1154311479 212.086587    34.1753      34972         20  0.000e+00
     75.138    -0.6152   2.793253    -0.6149   2.793325    6.95879    -0.0564    13.8155 0.0000e+00  -64.54150  -62.78233 1154311479 212.086588    34.1746      34973         20  0.000e+00
     75.090    -0.6153   2.793213    -0.6149   2.793331    6.95878    -0.0123    13.8155 0.0000e+00  -64.54150  -62.78233 1154311479 212.086588    34.1742      34974         20  0.000e+00
     75.062    -0.6153   2.793183    -0.6151   2.793325    6.95877    -0.0343    13.8155 0.0000e+00  -64.54150  -62.78233 1154311479 212.086589    34.1738      34975         20  0.000e+00
     75.090    -0.6151   2.793147    -0.6152   2.793325    6.95880     0.0097    13.8155 0.0000e+00  -64.54150  -62.78233 1154311479 212.086589    34.1731      34976         20  0.000e+00
     75.062    -0.6151   2.793137    -0.6149   2.793354    6.95878    -0.0564    13.8155 0.0000e+00  -64.54150  -62.78233 1154311479 212.086590    34.1730      34977         20  0.000e+00
     50.071    -0.6147   2.791488    -0.6144   2.791749    6.98233    -0.1335    13.8155 0.0000e+00  -64.54150  -62.78233 1154311538 212.087271    34.1657      36390         21  0.000e+00
     50.071    -0.6145   2.791505    -0.6144   2.791778    6.98230    -0.0343    13.8155 0.0000e+00  -64.54150  -62.78233 1154311538 212.087271    34.1658      36391         21  0.000e+00
     50.071    -0.6142   2.791518    -0.6143   2.791773    6.98224    -0.0123    13.8155 0.0000e+00  -64.54150  -62.78233 1154311538 212.087272    34.1655      36392         21  0.000e+00
     50.214    -0.6144   2.791498    -0.6144   2.791732    6.98242    -0.0564    13.8155 0.0000e+00  -64.54150  -62.78233 1154311538 212.087272    34.1654      36393         21  0.000e+00
     50.071    -0.6139   2.791475    -0.6144   2.791773    6.98223    -0.0233    13.8155 0.0000e+00  -64.54150  -62.78233 1154311538 212.087273    34.1646      36394         21  0.000e+00
     50.138    -0.6145   2.791521    -0.6141   2.791755    6.98235    -0.0454    13.8155 0.0000e+00  -64.54150  -62.78233 1154311538 212.087273    34.1659      36395         21  0.000e+00
     50.138    -0.6147   2.791521    -0.6147   2.791761    6.98237    -0.0784    13.8155 0.0000e+00  -64.54150  -62.78233 1154311538 212.087274    34.1661      36396         21  0.000e+00
     50.138    -0.6143   2.791482    -0.6143   2.791773    6.98235    -0.0784    13.8155 0.0000e+00  -64.54150  -62.78233 1154311538 212.087274    34.1652      36397         21  0.000e+00
     50.138    -0.6142   2.791505    -0.6144   2.791749    6.98232    -0.1225    13.8155 0.0000e+00  -64.54150  -62.78233 1154311538 212.087275    34.1654      36398         21  0.000e+00
     50.138    -0.6139   2.791482    -0.6141   2.791744    6.98229    -0.1225    13.8155 0.0000e+00  -64.54150  -62.78233 1154311538 212.087275    34.1647      36399         21  0.000e+00
     50.138    -0.6142   2.791505    -0.6144   2.791744    6.97764    -0.1445    13.8155 0.0000e+00  -64.54150  -62.78233 1154311538 212.087276    34.1654      36400         21  0.000e+00
     50.138    -0.6145   2.791498    -0.6147   2.791761    6.97768    -0.0564    13.8155 0.0000e+00  -64.54150  -62.78233 1154311539 212.087276    34.1656      36401         21  0.000e+00
     50.138    -0.6142   2.791495    -0.6143   2.791749    6.97765    -0.0123    13.8155 0.0000e+00  -64.54150  -62.78233 1154311539 212.087277    34.1652      36402         21  0.000e+00
     50.138    -0.6144   2.791495    -0.6144   2.791744    6.98234    -0.0343    13.8155 0.0000e+00  -64.54150  -62.78233 1154311539 212.087277    34.1654      36403         21  0.000e+00
     50.138    -0.6148   2.791495    -0.6143   2.791761    6.98241    -0.0784    13.8155 0.0000e+00  -64.54150  -62.78233 1154311539 212.087278    34.1659      36404         21  0.000e+00
     50.138    -0.6146   2.791511    -0.6144   2.791749    6.98237    -0.0564    13.8155 0.0000e+00  -64.54150  -62.78233 1154311539 212.087278    34.1659      36405         21  0.000e+00
     50.138    -0.6141   2.791518    -0.6144   2.791761    6.98229    -0.0674    13.8155 0.0000e+00  -64.54150  -62.78233 1154311539 212.087279    34.1654      36406         21  0.000e+00
     50.072    -0.6141   2.791518    -0.6142   2.791749    6.98222    -0.1004    13.8155 0.0000e+00  -64.54150  -62.78233 1154311539 212.087279    34.1654      36407         21  0.000e+00
     50.138    -0.6144   2.791482    -0.6141   2.791761    6.98235    -0.0343    13.8155 0.0000e+00  -64.54150  -62.78233 1154311539 212.087280    34.1652      36408         21  0.000e+00
     50.072    -0.6140   2.791538    -0.6143   2.791749    6.98220     0.0207    13.8155 0.0000e+00  -64.54150  -62.78233 1154311539 212.087280    34.1656      36409         21  0.000e+00
     50.138    -0.6141   2.791492    -0.6143   2.791779    6.97763    -0.0674    13.8155 0.0000e+00  -64.54150  -62.78233 1154311539 212.087281    34.1650      36410         21  0.000e+00
     50.072    -0.6147   2.791472    -0.6144   2.791755    6.97767    -0.1225    13.8155 0.0000e+00  -64.54150  -62.78233 1154311539 212.087281    34.1655      36411         21  0.000e+00
     50.138    -0.6144   2.791502    -0.6144   2.791744    6.97767    -0.1004    13.8155 0.0000e+00  -64.54150  -62.78233 1154311539 212.087282    34.1655      36412         21  0.000e+00
     50.072    -0.6142   2.791498    -0.6144   2.791761    6.98225    -0.1225    13.8155 0.0000e+00  -64.54150  -62.78233 1154311539 212.087282    34.1653      36413         21  0.000e+00
     50.138    -0.6144   2.791495    -0.6144   2.791749    6.98234    -0.1225    13.8155 0.0000e+00  -64.54150  -62.78233 1154311539 212.087283    34.1654      36414         21  0.000e+00
     50.138    -0.6144   2.791525    -0.6147   2.791744    6.98232    -0.1445    13.8155 0.0000e+00  -64.54150  -62.78233 1154311539 212.087283    34.1658      36415         21  0.000e+00
     50.072    -0.6141   2.791521    -0.6149   2.791778    6.97755    -0.1004    13.8155 0.0000e+00  -64.54150  -62.78233 1154311539 212.087283    34.1655      36416         21  0.000e+00
     50.138    -0.6145   2.791498    -0.6146   2.791755    6.97769    -0.0784    13.8155 0.0000e+00  -64.54150  -62.78233 1154311539 212.087284    34.1656      36417         21  0.000e+00
     50.138    -0.6144   2.791511    -0.6144   2.791761    6.97766    -0.0564    13.8155 0.0000e+00  -64.54150  -62.78233 1154311539 212.087284    34.1656      36418         21  0.000e+00
     50.139    -0.6142   2.791498    -0.6146   2.791784    6.97765    -0.0784    13.8155 0.0000e+00  -64.54150  -62.78233 1154311539 212.087285    34.1653      36419         21  0.000e+00
     50.139    -0.6142   2.791511    -0.6146   2.791755    6.97764    -0.1004    13.8155 0.0000e+00  -64.54150  -62.78233 1154311539 212.087285    34.1654      36420         21  0.000e+00
     50.139    -0.6146   2.791482    -0.6143   2.791779    6.98239    -0.0784    13.8155 0.0000e+00  -64.54150  -62.78233 1154311539 212.087286    34.1655      36421         21  0.000e+00
     50.139    -0.6145   2.791472    -0.6151   2.791779    6.98238    -0.0343    13.8155 0.0000e+00  -64.54150  -62.78233 1154311539 212.087286    34.1653      36422         21  0.000e+00
     50.139    -0.6145   2.791488    -0.6146   2.791732    6.98237     0.0318    13.8155 0.0000e+00  -64.54150  -62.78233 1154311539 212.087287    34.1655      36423         21  0.000e+00
     50.139    -0.6145   2.791475    -0.6146   2.791755    6.97771     0.0538    13.8155 0.0000e+00  -64.54150  -62.78233 1154311539 212.087287    34.1653      36424         21  0.000e+00
     50.139    -0.6150   2.791472    -0.6143   2.791749    6.97777    -0.0013    13.8155 0.0000e+00  -64.54150  -62.78233 1154311540 212.087288    34.1658      36425         21  0.000e+00
     50.139    -0.6147   2.791488    -0.6144   2.791761    6.97772    -0.0343    13.8155 0.0000e+00  -64.54150  -62.78233 1154311540 212.087288    34.1656      36426         21  0.000e+00
     50.072    -0.6145   2.791495    -0.6143   2.791726    6.97763    -0.0343    13.8155 0.0000e+00  -64.54150  -62.78233 1154311540 212.087289    34.1656      36427         21  0.000e+00
     50.139    -0.6148   2.791495    -0.6144   2.791732    6.97774     0.0097    13.8155 0.0000e+00  -64.54150  -62.78233 1154311540 212.087289    34.1659      36428         21  0.000e+00
     50.139    -0.6145   2.791511    -0.6147   2.791726    6.97768    -0.0784    13.8155 0.0000e+00  -64.54150  -62.78233 1154311540 212.087290    34.1657      36429         21  0.000e+00
     50.072    -0.6138   2.791498    -0.6144   2.791715    6.97752    -0.0674    13.8155 0.0000e+00  -64.54150  -62.78233 1154311540 212.087290    34.1648      36430         21  0.000e+00
