product_data/regression_test/downloaded_data/MGDS/320620060703/ctd/p6623103.ros
* Sea-Bird SBE 9 Data File:
* FileName = D:\Data\Raw\p6623103.dat
* Software Version Seasave Win32 V 5.32
* Temperature SN = 1649
* Conductivity SN = 1431
* Number of Bytes Per Scan = 37
* Number of Voltage Words = 5
* Number of Scans Averaged by the Deck Unit = 1
* NMEA Latitude = 61 55.05 S
* NMEA Longitude = 053 03.29 W
* NMEA UTC (Time) = 04:30:49
** Ship:   Nathaniel B. Palmer 
** Cruise:    NBP0606 
# nquan = 17
# nvalues = 1176                    
# units = specified
# name 0 = prDM: Pressure, Digiquartz [db]
# name 1 = t090C: Temperature [ITS-90, deg C]
# name 2 = c0S/m: Conductivity [S/m]
# name 3 = t190C: Temperature, 2 [ITS-90, deg C]
# name 4 = c1S/m: Conductivity, 2 [S/m]
# name 5 = sbeox0ML/L: Oxygen, SBE 43 [ml/l]
# name 6 = flECO-AFL: Fluorescence, Wetlab ECO-AFL/FL [mg/m^3]
# name 7 = bat: Beam Attenuation, Chelsea/Seatech/Wetlab CStar [1/m]
# name 8 = spar: SPAR/Surface Irradiance
# name 9 = latitude: Latitude [deg]
# name 10 = longitude: Longitude [deg]
# name 11 = timeY: Time, System [seconds]
# name 12 = timeJ: Julian Days
# name 13 = sal00: Salinity [PSU]
# name 14 = scan: scan number
# name 15 = nbf: number of bottles fired
# name 16 = flag:  0.000e+00
# interval = seconds: 0.0416667                   
# start_time = Aug 07 2006 04:32:17
*END*
   1942.446    -0.1323   2.949966    -0.1322   2.950165    5.88896    -0.1445    13.8155 0.0000e+00  -61.91750  -53.05483 1154927638 219.218052    34.6449      60065          1  0.000e+00
   1942.593    -0.1327   2.949996    -0.1321   2.950171    5.88911    -0.1445    13.8155 0.0000e+00  -61.91750  -53.05483 1154927638 219.218052    34.6456      60066          1  0.000e+00
   1942.446    -0.1330   2.950003    -0.1317   2.950176    5.89496    -0.1004    13.8155 0.0000e+00  -61.91750  -53.05483 1154927638 219.218053    34.6461      60067          1  0.000e+00
   1942.593    -0.1327   2.950010    -0.1315   2.950194    5.89504    -0.0674    13.8155 0.0000e+00  -61.91750  -53.05483 1154927638 219.218053    34.6457      60068          1  0.000e+00
   1942.515    -0.1325   2.950020    -0.1314   2.950206    5.89495    -0.0343    13.8155 0.0000e+00  -61.91750  -53.05483 1154927638 219.218054    34.6457      60069          1  0.000e+00
   1942.515    -0.1327   2.950013    -0.1321   2.950182    5.89498    -0.0454    13.8155 0.0000e+00  -61.91750  -53.05483 1154927638 219.218054    34.6458      60070          1  0.000e+00
   1942.515    -0.1327   2.949982    -0.1320   2.950176    5.88905    -0.0674    13.8155 0.0000e+00  -61.91750  -53.05483 1154927638 219.218055    34.6454      60071          1  0.000e+00
   1942.515    -0.1327   2.949986    -0.1320   2.950200    5.89499    -0.0564    13.8155 0.0000e+00  -61.91750  -53.05483 1154927638 219.218055    34.6455      60072          1  0.000e+00
   1942.515    -0.1328   2.950013    -0.1323   2.950182    5.89499    -0.0564    13.8155 0.0000e+00  -61.91750  -53.05483 1154927638 219.218056    34.6460      60073          1  0.000e+00
   1942.515    -0.1320   2.949996    -0.1325   2.950194    5.88896    -0.0784    13.8155 0.0000e+00  -61.91750  -53.05483 1154927638 219.218056    34.6449      60074          1  0.000e+00
   1942.593    -0.1327   2.949989    -0.1321   2.950182    5.88911    -0.1004    13.8155 0.0000e+00  -61.91750  -53.05483 1154927638 219.218057    34.6455      60075          1  0.000e+00
   1942.515    -0.1327   2.949996    -0.1325   2.950159    5.88904    -0.1665    13.8155 0.0000e+00  -61.91750  -53.05483 1154927638 219.218057    34.6456      60076          1  0.000e+00
   1942.515    -0.1322   2.950010    -0.1323   2.950171    5.88898    -0.1225    13.8155 0.0000e+00  -61.91750  -53.05483 1154927638 219.218057    34.6453      60077          1  0.000e+00
   1942.515    -0.1323   2.950020    -0.1321   2.950200    5.89493    -0.0784    13.8155 0.0000e+00  -61.91750  -53.05483 1154927638 219.218058    34.6456      60078          1  0.000e+00
   1942.515    -0.1325   2.949996    -0.1317   2.950165    5.89496    -0.1004    13.8155 0.0000e+00  -61.91750  -53.05483 1154927638 219.218058    34.6454      60079          1  0.000e+00
   1942.515    -0.1323   2.950013    -0.1318   2.950188    5.89494    -0.0123    13.8155 0.0000e+00  -61.91750  -53.05483 1154927638 219.218059    34.6455      60080          1  0.000e+00
   1942.515    -0.1322   2.949996    -0.1315   2.950188    5.88899    -0.0343    13.8155 0.0000e+00  -61.91750  -53.05483 1154927638 219.218059    34.6451      60081          1  0.000e+00
   1942.515    -0.1327   2.950013    -0.1320   2.950200    5.88903    -0.0784    13.8155 0.0000e+00  -61.91750  -53.05483 1154927638 219.218060    34.6458      60082          1  0.000e+00
   1942.515    -0.1322   2.950013    -0.1318   2.950206    5.88898    -0.0784    13.8155 0.0000e+00  -61.91750  -53.05483 1154927639 219.218060    34.6453      60083          1  0.000e+00
   1942.515    -0.1325   2.949993    -0.1318   2.950188    5.88902    -0.0894    13.8155 0.0000e+00  -61.91750  -53.05483 1154927639 219.218061    34.6454      60084          1  0.000e+00
   1942.515    -0.1325   2.950013    -0.1318   2.950218    5.89495    -0.1225    13.8155 0.0000e+00  -61.91750  -53.05483 1154927639 219.218061    34.6456      60085          1  0.000e+00
   1942.515    -0.1328   2.949996    -0.1314   2.950212    5.88906    -0.0454    13.8155 0.0000e+00  -61.91750  -53.05483 1154927639 219.218062    34.6458      60086          1  0.000e+00
   1942.515    -0.1328   2.950030    -0.1315   2.950248    5.88904    -0.1225    13.8155 0.0000e+00  -61.91750  -53.05483 1154927639 219.218062    34.6462      60087          1  0.000e+00
   1942.594    -0.1325   2.950020    -0.1309   2.950301    5.89501    -0.1445    13.8155 0.0000e+00  -61.91750  -53.05483 1154927639 219.218063    34.6457      60088          1  0.000e+00
   1942.515    -0.1322   2.950003    -0.1309   2.950295    5.88898    -0.0784    13.8155 0.0000e+00  -61.91750  -53.05483 1154927639 219.218063    34.6452      60089          1  0.000e+00
   1942.515    -0.1322   2.950010    -0.1309   2.950307    5.89492    -0.1665    13.8155 0.0000e+00  -61.91750  -53.05483 1154927639 219.218064    34.6453      60090          1  0.000e+00
   1942.515    -0.1323   2.950037    -0.1308   2.950319    5.89492    -0.1445    13.8155 0.0000e+00  -61.91750  -53.05483 1154927639 219.218064    34.6458      60091          1  0.000e+00
   1942.594    -0.1319   2.950020    -0.1305   2.950337    5.89494    -0.0343    13.8155 0.0000e+00  -61.91750  -53.05483 1154927639 219.218065    34.6450      60092          1  0.000e+00
   1942.515    -0.1320   2.950064    -0.1308   2.950301    5.89487    -0.0343    13.8155 0.0000e+00  -61.91750  -53.05483 1154927639 219.218065    34.6458      60093          1  0.000e+00
   1942.594    -0.1320   2.950091    -0.1306   2.950372    5.88898    -0.0564    13.8155 0.0000e+00  -61.91750  -53.05483 1154927639 219.218066    34.6461      60094          1  0.000e+00
   1942.515    -0.1316   2.950084    -0.1303   2.950354    5.88886    -0.1665    13.8155 0.0000e+00  -61.91750  -53.05483 1154927639 219.218066    34.6456      60095          1  0.000e+00
   1942.515    -0.1314   2.950108    -0.1298   2.950342    5.89477    -0.1665    13.8155 0.0000e+00  -61.91750  -53.05483 1154927639 219.218067    34.6457      60096          1  0.000e+00
   1942.594    -0.1316   2.950108    -0.1302   2.950342    5.89485    -0.1886    13.8155 0.0000e+00  -61.91750  -53.05483 1154927639 219.218067    34.6458      60097          1  0.000e+00
   1942.516    -0.1313   2.950131    -0.1298   2.950366    5.88880    -0.1225    13.8155 0.0000e+00  -61.91750  -53.05483 1154927639 219.218068    34.6458      60098          1  0.000e+00
   1942.594    -0.1314   2.950152    -0.1298   2.950390    5.88887    -0.1004    13.8155 0.0000e+00  -61.91750  -53.05483 1154927639 219.218068    34.6462      60099          1  0.000e+00
   1942.516    -0.1306   2.950145    -0.1302   2.950378    5.88871    -0.1555    13.8155 0.0000e+00  -61.91750  -53.05483 1154927639 219.218069    34.6453      60100          1  0.000e+00
   1942.594    -0.1306   2.950169    -0.1296   2.950372    5.88876    -0.1004    13.8155 0.0000e+00  -61.91750  -53.05483 1154927639 219.218069    34.6456      60101          1  0.000e+00
   1942.516    -0.1303   2.950142    -0.1297   2.950390    5.88867    -0.0454    13.8155 0.0000e+00  -61.91750  -53.05483 1154927639 219.218070    34.6449      60102          1  0.000e+00
   1942.516    -0.1311   2.950121    -0.1302   2.950360    5.88878    -0.1004    13.8155 0.0000e+00  -61.91750  -53.05483 1154927639 219.218070    34.6455      60103          1  0.000e+00
   1942.594    -0.1311   2.950108    -0.1297   2.950384    5.88885    -0.1886    13.8155 0.0000e+00  -61.91750  -53.05483 1154927639 219.218071    34.6453      60104          1  0.000e+00
   1942.516    -0.1308   2.950131    -0.1300   2.950378    5.88874    -0.1775    13.8155 0.0000e+00  -61.91750  -53.05483 1154927639 219.218071    34.6453      60105          1  0.000e+00
   1942.594    -0.1313   2.950152    -0.1303   2.950372    5.88885    -0.1445    13.8155 0.0000e+00  -61.91750  -53.05483 1154927639 219.218071    34.6461      60106          1  0.000e+00
   1942.516    -0.1310   2.950162    -0.1298   2.950348    5.88874    -0.2106    13.8155 0.0000e+00  -61.91750  -53.05483 1154927639 219.218072    34.6459      60107          1  0.000e+00
   1942.594    -0.1306   2.950155    -0.1297   2.950342    5.88877    -0.1555    13.8155 0.0000e+00  -61.91750  -53.05483 1154927640 219.218072    34.6454      60108          1  0.000e+00
   1942.516    -0.1308   2.950145    -0.1296   2.950360    5.88873    -0.0784    13.8155 0.0000e+00  -61.91750  -53.05483 1154927640 219.218073    34.6455      60109          1  0.000e+00
   1942.594    -0.1308   2.950186    -0.1297   2.950390    5.88877    -0.0564    13.8155 0.0000e+00  -61.91750  -53.05483 1154927640 219.218073    34.6460      60110          1  0.000e+00
   1942.447    -0.1306   2.950219    -0.1298   2.950402    5.88862    -0.1335    13.8155 0.0000e+00  -61.91750  -53.05483 1154927640 219.218074    34.6463      60111          1  0.000e+00
   1942.673    -0.1306   2.950179    -0.1295   2.950402    5.88882    -0.1555    13.8155 0.0000e+00  -61.91750  -53.05483 1154927640 219.218074    34.6457      60112          1  0.000e+00
   1942.594    -0.1308   2.950192    -0.1302   2.950378    5.88877    -0.1665    13.8155 0.0000e+00  -61.91750  -53.05483 1154927640 219.218075    34.6460      60113          1  0.000e+00
   1499.668    -0.0896   2.935273    -0.0899   2.935407    5.76968    -0.0564    13.8155 0.0000e+00  -61.91750  -53.05483 1154928225 219.224843    34.6433      74147          2  0.000e+00
   1499.716    -0.0899   2.935252    -0.0898   2.935413    5.76976    -0.0784    13.8155 0.0000e+00  -61.91750  -53.05483 1154928225 219.224843    34.6434      74148          2  0.000e+00
   1499.668    -0.0900   2.935219    -0.0901   2.935401    5.76976    -0.0784    13.8155 0.0000e+00  -61.91750  -53.05483 1154928225 219.224844    34.6431      74149          2  0.000e+00
   1499.717    -0.0897   2.935256    -0.0898   2.935407    5.76974    -0.1004    13.8155 0.0000e+00  -61.91750  -53.05483 1154928225 219.224844    34.6432      74150          2  0.000e+00
   1499.668    -0.0897   2.935273    -0.0896   2.935413    5.76969    -0.1445    13.8155 0.0000e+00  -61.91750  -53.05483 1154928225 219.224845    34.6435      74151          2  0.000e+00
   1499.717    -0.0902   2.935252    -0.0901   2.935413    5.76980    -0.1445    13.8155 0.0000e+00  -61.91750  -53.05483 1154928225 219.224845    34.6437      74152          2  0.000e+00
   1499.668    -0.0899   2.935249    -0.0893   2.935401    5.77532    -0.1335    13.8155 0.0000e+00  -61.91750  -53.05483 1154928225 219.224846    34.6434      74153          2  0.000e+00
   1499.648    -0.0900   2.935229    -0.0902   2.935407    5.76974    -0.0454    13.8155 0.0000e+00  -61.91750  -53.05483 1154928225 219.224846    34.6433      74154          2  0.000e+00
   1499.746    -0.0894   2.935276    -0.0900   2.935395    5.76972    -0.0454    13.8155 0.0000e+00  -61.91750  -53.05483 1154928225 219.224847    34.6431      74155          2  0.000e+00
   1499.668    -0.0894   2.935232    -0.0901   2.935413    5.76968    -0.1225    13.8155 0.0000e+00  -61.91750  -53.05483 1154928225 219.224847    34.6426      74156          2  0.000e+00
   1499.571    -0.0902   2.935239    -0.0899   2.935413    5.77528    -0.1335    13.8155 0.0000e+00  -61.91750  -53.05483 1154928225 219.224848    34.6436      74157          2  0.000e+00
   1499.814    -0.0897   2.935249    -0.0901   2.935372    5.76982    -0.1225    13.8155 0.0000e+00  -61.91750  -53.05483 1154928225 219.224848    34.6431      74158          2  0.000e+00
   1499.649    -0.0899   2.935266    -0.0896   2.935395    5.76970    -0.0784    13.8155 0.0000e+00  -61.91750  -53.05483 1154928225 219.224849    34.6436      74159          2  0.000e+00
   1499.746    -0.0897   2.935273    -0.0901   2.935401    5.76976    -0.0784    13.8155 0.0000e+00  -61.91750  -53.05483 1154928225 219.224849    34.6434      74160          2  0.000e+00
   1499.717    -0.0900   2.935236    -0.0899   2.935389    5.76979    -0.0454    13.8155 0.0000e+00  -61.91750  -53.05483 1154928225 219.224850    34.6433      74161          2  0.000e+00
   1499.668    -0.0902   2.935249    -0.0898   2.935407    5.76977    -0.0894    13.8155 0.0000e+00  -61.91750  -53.05483 1154928225 219.224850    34.6437      74162          2  0.000e+00
   1499.649    -0.0902   2.935269    -0.0896   2.935401    5.77533    -0.0894    13.8155 0.0000e+00  -61.91750  -53.05483 1154928225 219.224851    34.6440      74163          2  0.000e+00
   1499.668    -0.0899   2.935273    -0.0896   2.935407    5.76972    -0.1665    13.8155 0.0000e+00  -61.91750  -53.05483 1154928225 219.224851    34.6437      74164          2  0.000e+00
   1499.668    -0.0896   2.935236    -0.0898   2.935395    5.76970    -0.1665    13.8155 0.0000e+00  -61.91750  -53.05483 1154928225 219.224851    34.6428      74165          2  0.000e+00
   1499.717    -0.0894   2.935242    -0.0896   2.935407    5.76971    -0.1114    13.8155 0.0000e+00  -61.91750  -53.05483 1154928225 219.224852    34.6427      74166          2  0.000e+00
   1499.668    -0.0897   2.935249    -0.0893   2.935419    5.76971    -0.1225    13.8155 0.0000e+00  -61.91750  -53.05483 1154928225 219.224852    34.6432      74167          2  0.000e+00
   1499.649    -0.0897   2.935249    -0.0898   2.935413    5.76969    -0.0564    13.8155 0.0000e+00  -61.91750  -53.05483 1154928225 219.224853    34.6432      74168          2  0.000e+00
   1499.746    -0.0897   2.935219    -0.0899   2.935395    5.77538    -0.0343    13.8155 0.0000e+00  -61.91750  -53.05483 1154928225 219.224853    34.6427      74169          2  0.000e+00
   1499.649    -0.0899   2.935239    -0.0901   2.935395    5.76972    -0.0123    13.8155 0.0000e+00  -61.91750  -53.05483 1154928226 219.224854    34.6432      74170          2  0.000e+00
   1499.668    -0.0899   2.935266    -0.0899   2.935407    5.76972    -0.0343    13.8155 0.0000e+00  -61.91750  -53.05483 1154928226 219.224854    34.6436      74171          2  0.000e+00
   1499.649    -0.0896   2.935252    -0.0896   2.935395    5.76967    -0.0454    13.8155 0.0000e+00  -61.91750  -53.05483 1154928226 219.224855    34.6431      74172          2  0.000e+00
   1499.668    -0.0896   2.935266    -0.0902   2.935389    5.76968    -0.1004    13.8155 0.0000e+00  -61.91750  -53.05483 1154928226 219.224855    34.6432      74173          2  0.000e+00
   1499.668    -0.0896   2.935273    -0.0901   2.935395    5.76968    -0.1665    13.8155 0.0000e+00  -61.91750  -53.05483 1154928226 219.224856    34.6433      74174          2  0.000e+00
   1499.649    -0.0900   2.935242    -0.0898   2.935431    5.76973    -0.1445    13.8155 0.0000e+00  -61.91750  -53.05483 1154928226 219.224856    34.6434      74175          2  0.000e+00
   1499.668    -0.0893   2.935246    -0.0899   2.935419    5.76965    -0.1004    13.8155 0.0000e+00  -61.91750  -53.05483 1154928226 219.224857    34.6426      74176          2  0.000e+00
   1499.649    -0.0899   2.935266    -0.0901   2.935401    5.76970    -0.1225    13.8155 0.0000e+00  -61.91750  -53.05483 1154928226 219.224857    34.6436      74177          2  0.000e+00
   1499.746    -0.0899   2.935236    -0.0898   2.935431    5.76980    -0.0894    13.8155 0.0000e+00  -61.91750  -53.05483 1154928226 219.224858    34.6431      74178          2  0.000e+00
   1499.649    -0.0893   2.935225    -0.0899   2.935401    5.76965    -0.0784    13.8155 0.0000e+00  -61.91750  -53.05483 1154928226 219.224858    34.6424      74179          2  0.000e+00
   1499.669    -0.0899   2.935242    -0.0901   2.935407    5.76973    -0.0674    13.8155 0.0000e+00  -61.91750  -53.05483 1154928226 219.224859    34.6433      74180          2  0.000e+00
   1499.649    -0.0899   2.935249    -0.0899   2.935401    5.76971    -0.0564    13.8155 0.0000e+00  -61.91750  -53.05483 1154928226 219.224859    34.6434      74181          2  0.000e+00
   1499.669    -0.0897   2.935239    -0.0894   2.935389    5.76971    -0.0784    13.8155 0.0000e+00  -61.91750  -53.05483 1154928226 219.224860    34.6430      74182          2  0.000e+00
