product_data/regression_test/downloaded_data/MGDS/320620060703/ctd/p6621201.ros
* Sea-Bird SBE 9 Data File:
* FileName = D:\Data\Raw\p6621201.dat
* Software Version Seasave Win32 V 5.32
* Temperature SN = 1649
* Conductivity SN = 1431
* Number of Bytes Per Scan = 37
* Number of Voltage Words = 5
* Number of Scans Averaged by the Deck Unit = 1
* NMEA Latitude = 63 34.70 S
* NMEA Longitude = 060 34.75 W
* NMEA UTC (Time) = 19:52:24
** Ship:   Nathaniel B. Palmer 
** Cruise:    NBP0606 
# nquan = 17
# nvalues = 1176                    
# units = specified
# name 0 = prDM: Pressure, Digiquartz [db]
# name 1 = t090C: Temperature [ITS-90, deg C]
# name 2 = c0S/m: Conductivity [S/m]
# name 3 = t190C: Temperature, 2 [ITS-90, deg C]
# name 4 = c1S/m: Conductivity, 2 [S/m]
# name 5 = sbeox0ML/L: Oxygen, SBE 43 [ml/l]
# name 6 = flECO-AFL: Fluorescence, Wetlab ECO-AFL/FL [mg/m^3]
# name 7 = bat: Beam Attenuation, Chelsea/Seatech/Wetlab CStar [1/m]
# name 8 = spar: SPAR/Surface Irradiance
# name 9 = latitude: Latitude [deg]
# name 10 = longitude: Longitude [deg]
# name 11 = timeY: Time, System [seconds]
# name 12 = timeJ: Julian Days
# name 13 = sal00: Salinity [PSU]
# name 14 = scan: scan number
# name 15 = nbf: number of bottles fired
# name 16 = flag:  0.000e+00
# interval = seconds: 0.0416667                   
# start_time = Jul 31 2006 19:52:33
*END*
[from data line 937]
     25.282    -1.5225   2.722378    -1.5228   2.722625    7.50549     0.0318    13.8155 0.0000e+00  -63.57833  -60.57917 1154378378 212.860874    34.2717      67837         20  0.000e+00
     25.272    -1.5223   2.722358    -1.5228   2.722619    7.50547    -0.1114    13.8155 0.0000e+00  -63.57833  -60.57917 1154378378 212.860874    34.2712      67838         20  0.000e+00
     25.215    -1.5223   2.722345    -1.5228   2.722630    7.50542    -0.1445    13.8155 0.0000e+00  -63.57833  -60.57917 1154378378 212.860875    34.2711      67839         20  0.000e+00
     25.272    -1.5225   2.722362    -1.5225   2.722613    7.50073    -0.1225    13.8155 0.0000e+00  -63.57833  -60.57917 1154378378 212.860875    34.2715      67840         20  0.000e+00
     25.215    -1.5223   2.722368    -1.5225   2.722625    7.50540    -0.1445    13.8155 0.0000e+00  -63.57833  -60.57917 1154378378 212.860876    34.2714      67841         20  0.000e+00
     25.215    -1.5224   2.722368    -1.5224   2.722653    7.50541    -0.1555    13.8155 0.0000e+00  -63.57833  -60.57917 1154378379 212.860876    34.2715      67842         20  0.000e+00
     25.129    -1.5226   2.722368    -1.5225   2.722619    7.50536    -0.0674    13.8155 0.0000e+00  -63.57833  -60.57917 1154378379 212.860877    34.2718      67843         20  0.000e+00
     25.148    -1.5222   2.722368    -1.5228   2.722625    7.50531    -0.0233    13.8155 0.0000e+00  -63.57833  -60.57917 1154378379 212.860877    34.2713      67844         20  0.000e+00
     25.148    -1.5226   2.722368    -1.5225   2.722636    7.50538    -0.0343    13.8155 0.0000e+00  -63.57833  -60.57917 1154378379 212.860878    34.2718      67845         20  0.000e+00
     25.129    -1.5225   2.722368    -1.5230   2.722619    7.50534    -0.0343    13.8155 0.0000e+00  -63.57833  -60.57917 1154378379 212.860878    34.2716      67846         20  0.000e+00
     25.148    -1.5226   2.722384    -1.5228   2.722607    7.50537    -0.0343    13.8155 0.0000e+00  -63.57833  -60.57917 1154378379 212.860879    34.2720      67847         20  0.000e+00
     25.072    -1.5223   2.722391    -1.5222   2.722624    7.50523    -0.0784    13.8155 0.0000e+00  -63.57833  -60.57917 1154378379 212.860879    34.2718      67848         20  0.000e+00
     25.063    -1.5222   2.722371    -1.5233   2.722619    7.50522    -0.0123    13.8155 0.0000e+00  -63.57833  -60.57917 1154378379 212.860880    34.2714      67849         20  0.000e+00
     25.072    -1.5222   2.722352    -1.5227   2.722630    7.50525    -0.0674    13.8155 0.0000e+00  -63.57833  -60.57917 1154378379 212.860880    34.2712      67850         20  0.000e+00
     25.063    -1.5222   2.722378    -1.5228   2.722613    7.50521    -0.1004    13.8155 0.0000e+00  -63.57833  -60.57917 1154378379 212.860881    34.2715      67851         20  0.000e+00
     25.005    -1.5223   2.722342    -1.5227   2.722647    7.50520    -0.1665    13.8155 0.0000e+00  -63.57833  -60.57917 1154378379 212.860881    34.2712      67852         20  0.000e+00
     25.005    -1.5222   2.722375    -1.5224   2.722619    7.50515    -0.0674    13.8155 0.0000e+00  -63.57833  -60.57917 1154378379 212.860882    34.2714      67853         20  0.000e+00
     24.920    -1.5225   2.722371    -1.5225   2.722607    7.50512    -0.0123    13.8155 0.0000e+00  -63.57833  -60.57917 1154378379 212.860882    34.2718      67854         20  0.000e+00
     25.006    -1.5220   2.722368    -1.5225   2.722624    7.50514    -0.0343    13.8155 0.0000e+00  -63.57833  -60.57917 1154378379 212.860883    34.2712      67855         20  0.000e+00
     24.939    -1.5222   2.722335    -1.5228   2.722636    7.50511    -0.0784    13.8155 0.0000e+00  -63.57833  -60.57917 1154378379 212.860883    34.2709      67856         20  0.000e+00
     24.920    -1.5220   2.722355    -1.5224   2.722636    7.50506    -0.0564    13.8155 0.0000e+00  -63.57833  -60.57917 1154378379 212.860883    34.2711      67857         20  0.000e+00
     24.863    -1.5225   2.722368    -1.5224   2.722653    7.50506    -0.0784    13.8155 0.0000e+00  -63.57833  -60.57917 1154378379 212.860884    34.2718      67858         20  0.000e+00
     24.939    -1.5222   2.722352    -1.5222   2.722659    7.50510    -0.1114    13.8155 0.0000e+00  -63.57833  -60.57917 1154378379 212.860884    34.2712      67859         20  0.000e+00
     24.853    -1.5223   2.722361    -1.5228   2.722642    7.50503    -0.1445    13.8155 0.0000e+00  -63.57833  -60.57917 1154378379 212.860885    34.2715      67860         20  0.000e+00
     24.863    -1.5225   2.722368    -1.5224   2.722636    7.50506    -0.1335    13.8155 0.0000e+00  -63.57833  -60.57917 1154378379 212.860885    34.2718      67861         20  0.000e+00
     24.777    -1.5220   2.722384    -1.5231   2.722613    7.50489    -0.0894    13.8155 0.0000e+00  -63.57833  -60.57917 1154378379 212.860886    34.2716      67862         20  0.000e+00
     24.796    -1.5222   2.722407    -1.5224   2.722624    7.50491    -0.0343    13.8155 0.0000e+00  -63.57833  -60.57917 1154378379 212.860886    34.2720      67863         20  0.000e+00
     24.796    -1.5217   2.722361    -1.5225   2.722670    7.50487    -0.0233    13.8155 0.0000e+00  -63.57833  -60.57917 1154378379 212.860887    34.2709      67864         20  0.000e+00
     24.777    -1.5221   2.722361    -1.5224   2.722665    7.50491    -0.0343    13.8155 0.0000e+00  -63.57833  -60.57917 1154378379 212.860887    34.2713      67865         20  0.000e+00
     24.729    -1.5222   2.722368    -1.5221   2.722676    7.50487    -0.0564    13.8155 0.0000e+00  -63.57833  -60.57917 1154378379 212.860888    34.2715      67866         20  0.000e+00
     24.729    -1.5220   2.722397    -1.5220   2.722688    7.50483    -0.1225    13.8155 0.0000e+00  -63.57833  -60.57917 1154378379 212.860888    34.2718      67867         20  0.000e+00
     24.644    -1.5222   2.722394    -1.5216   2.722705    7.50476    -0.1445    13.8155 0.0000e+00  -63.57833  -60.57917 1154378380 212.860889    34.2719      67868         20  0.000e+00
     24.653    -1.5217   2.722391    -1.5211   2.722734    7.50470    -0.1225    13.8155 0.0000e+00  -63.57833  -60.57917 1154378380 212.860889    34.2714      67869         20  0.000e+00
     24.653    -1.5212   2.722423    -1.5210   2.722739    7.50461    -0.0564    13.8155 0.0000e+00  -63.57833  -60.57917 1154378380 212.860890    34.2713      67870         20  0.000e+00
     24.567    -1.5216   2.722417    -1.5208   2.722722    7.50457    -0.1114    13.8155 0.0000e+00  -63.57833  -60.57917 1154378380 212.860890    34.2716      67871         20  0.000e+00
     24.586    -1.5216   2.722394    -1.5207   2.722711    7.50461    -0.1225    13.8155 0.0000e+00  -63.57833  -60.57917 1154378380 212.860891    34.2713      67872         20  0.000e+00
     24.567    -1.5219   2.722407    -1.5208   2.722728    7.50463    -0.0564    13.8155 0.0000e+00  -63.57833  -60.57917 1154378380 212.860891    34.2719      67873         20  0.000e+00
     24.586    -1.5216   2.722427    -1.5210   2.722739    7.50459    -0.0343    13.8155 0.0000e+00  -63.57833  -60.57917 1154378380 212.860892    34.2717      67874         20  0.000e+00
     24.520    -1.5218   2.722401    -1.5211   2.722716    7.50458    -0.0564    13.8155 0.0000e+00  -63.57833  -60.57917 1154378380 212.860892    34.2717      67875         20  0.000e+00
     24.567    -1.5218   2.722404    -1.5211   2.722728    7.50463    -0.1335    13.8155 0.0000e+00  -63.57833  -60.57917 1154378380 212.860893    34.2718      67876         20  0.000e+00
     24.587    -1.5226   2.722394    -1.5208   2.722722    7.50001    -0.1225    13.8155 0.0000e+00  -63.57833  -60.57917 1154378380 212.860893    34.2725      67877         20  0.000e+00
     24.587    -1.5220   2.722371    -1.5213   2.722768    7.50470    -0.0454    13.8155 0.0000e+00  -63.57833  -60.57917 1154378380 212.860894    34.2715      67878         20  0.000e+00
     24.567    -1.5218   2.722384    -1.5208   2.722751    7.50464    -0.0454    13.8155 0.0000e+00  -63.57833  -60.57917 1154378380 212.860894    34.2715      67879         20  0.000e+00
     24.944    -1.5200   2.722587    -1.5199   2.722832    7.50461    -0.0343    13.8155 0.0000e+00  -63.57833  -60.57917 1154378390 212.861005    34.2719      68110         21  0.000e+00
     24.992    -1.5197   2.722571    -1.5199   2.722820    7.50462    -0.0784    13.8155 0.0000e+00  -63.57833  -60.57917 1154378390 212.861006    34.2713      68111         21  0.000e+00
     25.154    -1.5196   2.722564    -1.5205   2.722814    7.50477    -0.0784    13.8155 0.0000e+00  -63.57833  -60.57917 1154378390 212.861006    34.2710      68112         21  0.000e+00
     25.011    -1.5195   2.722548    -1.5202   2.722814    7.50462    -0.0784    13.8155 0.0000e+00  -63.57833  -60.57917 1154378390 212.861007    34.2707      68113         21  0.000e+00
     24.992    -1.5196   2.722525    -1.5199   2.722814    7.50463    -0.1004    13.8155 0.0000e+00  -63.57833  -60.57917 1154378390 212.861007    34.2705      68114         21  0.000e+00
     25.011    -1.5199   2.722551    -1.5199   2.722814    7.50468    -0.1445    13.8155 0.0000e+00  -63.57833  -60.57917 1154378390 212.861008    34.2712      68115         21  0.000e+00
     25.011    -1.5200   2.722584    -1.5201   2.722832    7.50468    -0.0674    13.8155 0.0000e+00  -63.57833  -60.57917 1154378390 212.861008    34.2719      68116         21  0.000e+00
     25.068    -1.5196   2.722554    -1.5205   2.722843    7.50469    -0.0784    13.8155 0.0000e+00  -63.57833  -60.57917 1154378390 212.861009    34.2709      68117         21  0.000e+00
     25.011    -1.5196   2.722544    -1.5201   2.722826    7.50464    -0.1665    13.8155 0.0000e+00  -63.57833  -60.57917 1154378390 212.861009    34.2708      68118         21  0.000e+00
     25.011    -1.5199   2.722525    -1.5199   2.722855    7.50470    -0.1335    13.8155 0.0000e+00  -63.57833  -60.57917 1154378390 212.861010    34.2709      68119         21  0.000e+00
     24.992    -1.5198   2.722554    -1.5202   2.722826    7.50464    -0.0894    13.8155 0.0000e+00  -63.57833  -60.57917 1154378390 212.861010    34.2712      68120         21  0.000e+00
     25.011    -1.5196   2.722564    -1.5201   2.722832    7.50462    -0.0564    13.8155 0.0000e+00  -63.57833  -60.57917 1154378390 212.861011    34.2711      68121         21  0.000e+00
     24.992    -1.5196   2.722548    -1.5201   2.722820    7.49985    -0.0123    13.8155 0.0000e+00  -63.57833  -60.57917 1154378390 212.861011    34.2708      68122         21  0.000e+00
     25.011    -1.5196   2.722561    -1.5201   2.722814    7.49987    -0.0343    13.8155 0.0000e+00  -63.57833  -60.57917 1154378390 212.861012    34.2710      68123         21  0.000e+00
     25.011    -1.5200   2.722564    -1.5199   2.722814    7.49993    -0.0343    13.8155 0.0000e+00  -63.57833  -60.57917 1154378390 212.861012    34.2716      68124         21  0.000e+00
     24.992    -1.5194   2.722564    -1.5201   2.722814    7.49982    -0.0233    13.8155 0.0000e+00  -63.57833  -60.57917 1154378390 212.861013    34.2709      68125         21  0.000e+00
     25.011    -1.5197   2.722548    -1.5196   2.722814    7.50466    -0.0123    13.8155 0.0000e+00  -63.57833  -60.57917 1154378390 212.861013    34.2710      68126         21  0.000e+00
     25.011    -1.5198   2.722561    -1.5201   2.722797    7.50466    -0.0784    13.8155 0.0000e+00  -63.57833  -60.57917 1154378390 212.861014    34.2712      68127         21  0.000e+00
     24.925    -1.5199   2.722580    -1.5202   2.722809    7.50457    -0.1004    13.8155 0.0000e+00  -63.57833  -60.57917 1154378390 212.861014    34.2717      68128         21  0.000e+00
     25.011    -1.5199   2.722571    -1.5202   2.722797    7.49991    -0.0564    13.8155 0.0000e+00  -63.57833  -60.57917 1154378390 212.861015    34.2715      68129         21  0.000e+00
     25.011    -1.5199   2.722580    -1.5199   2.722791    7.49990     0.0207    13.8155 0.0000e+00  -63.57833  -60.57917 1154378390 212.861015    34.2716      68130         21  0.000e+00
     24.925    -1.5200   2.722554    -1.5199   2.722809    7.49985    -0.0233    13.8155 0.0000e+00  -63.57833  -60.57917 1154378391 212.861016    34.2715      68131         21  0.000e+00
     25.011    -1.5197   2.722561    -1.5204   2.722814    7.49989    -0.0784    13.8155 0.0000e+00  -63.57833  -60.57917 1154378391 212.861016    34.2712      68132         21  0.000e+00
     24.925    -1.5194   2.722580    -1.5201   2.722814    7.49974    -0.0123    13.8155 0.0000e+00  -63.57833  -60.57917 1154378391 212.861017    34.2712      68133         21  0.000e+00
     24.944    -1.5201   2.722587    -1.5202   2.722814    7.50462    -0.0123    13.8155 0.0000e+00  -63.57833  -60.57917 1154378391 212.861017    34.2720      68134         21  0.000e+00
     25.011    -1.5197   2.722554    -1.5199   2.722814    7.49989    -0.0894    13.8155 0.0000e+00  -63.57833  -60.57917 1154378391 212.861018    34.2711      68135         21  0.000e+00
     24.925    -1.5196   2.722561    -1.5204   2.722814    7.49978    -0.1004    13.8155 0.0000e+00  -63.57833  -60.57917 1154378391 212.861018    34.2711      68136         21  0.000e+00
     24.944    -1.5199   2.722580    -1.5201   2.722780    7.49983    -0.0894    13.8155 0.0000e+00  -63.57833  -60.57917 1154378391 212.861019    34.2717      68137         21  0.000e+00
     24.944    -1.5199   2.722571    -1.5205   2.722803    7.49984    -0.1225    13.8155 0.0000e+00  -63.57833  -60.57917 1154378391 212.861019    34.2716      68138         21  0.000e+00
     24.925    -1.5200   2.722580    -1.5205   2.722814    7.49983    -0.0674    13.8155 0.0000e+00  -63.57833  -60.57917 1154378391 212.861019    34.2719      68139         21  0.000e+00
     24.945    -1.5194   2.722571    -1.5205   2.722797    7.49977    -0.0233    13.8155 0.0000e+00  -63.57833  -60.57917 1154378391 212.861020    34.2710      68140         21  0.000e+00
     24.945    -1.5198   2.722567    -1.5210   2.722809    7.49982    -0.0123    13.8155 0.0000e+00  -63.57833  -60.57917 1154378391 212.861020    34.2714      68141         21  0.000e+00
     24.925    -1.5196   2.722548    -1.5207   2.722797    7.49979    -0.0564    13.8155 0.0000e+00  -63.57833  -60.57917 1154378391 212.861021    34.2709      68142         21  0.000e+00
     24.868    -1.5196   2.722561    -1.5204   2.722791    7.49972    -0.0784    13.8155 0.0000e+00  -63.57833  -60.57917 1154378391 212.861021    34.2711      68143         21  0.000e+00
     24.926    -1.5202   2.722564    -1.5204   2.722791    7.50463    -0.0784    13.8155 0.0000e+00  -63.57833  -60.57917 1154378391 212.861022    34.2718      68144         21  0.000e+00
     24.868    -1.5194   2.722548    -1.5204   2.722809    7.50446    -0.0343    13.8155 0.0000e+00  -63.57833  -60.57917 1154378391 212.861022    34.2707      68145         21  0.000e+00
     24.945    -1.5200   2.722558    -1.5207   2.722797    7.50463    -0.0013    13.8155 0.0000e+00  -63.57833  -60.57917 1154378391 212.861023    34.2715      68146         21  0.000e+00
     24.859    -1.5200   2.722584    -1.5202   2.722791    7.50452    -0.0343    13.8155 0.0000e+00  -63.57833  -60.57917 1154378391 212.861023    34.2720      68147         21  0.000e+00
     24.945    -1.5194   2.722554    -1.5202   2.722774    7.49978    -0.0784    13.8155 0.0000e+00  -63.57833  -60.57917 1154378391 212.861024    34.2708      68148         21  0.000e+00
     24.868    -1.5199   2.722577    -1.5204   2.722786    7.49976    -0.0013    13.8155 0.0000e+00  -63.57833  -60.57917 1154378391 212.861024    34.2718      68149         21  0.000e+00
     24.859    -1.5199   2.722603    -1.5205   2.722768    7.49972     0.0318    13.8155 0.0000e+00  -63.57833  -60.57917 1154378391 212.861025    34.2721      68150         21  0.000e+00
