product_data/regression_test/downloaded_data/MGDS/320620060703/ctd/p6622003.ros
* Sea-Bird SBE 9 Data File:
* FileName = D:\Data\Raw\p6622003.dat
* Software Version Seasave Win32 V 5.32
* Temperature SN = 1649
* Conductivity SN = 1431
* Number of Bytes Per Scan = 37
* Number of Voltage Words = 5
* Number of Scans Averaged by the Deck Unit = 1
* NMEA Latitude = 62 29.14 S
* NMEA Longitude = 057 57.73 W
* NMEA UTC (Time) = 05:33:42
** Ship:   Nathaniel B. Palmer 
** Cruise:    NBP0606 
# nquan = 17
# nvalues = 1176                    
# units = specified
# name 0 = prDM: Pressure, Digiquartz [db]
# name 1 = t090C: Temperature [ITS-90, deg C]
# name 2 = c0S/m: Conductivity [S/m]
# name 3 = t190C: Temperature, 2 [ITS-90, deg C]
# name 4 = c1S/m: Conductivity, 2 [S/m]
# name 5 = sbeox0ML/L: Oxygen, SBE 43 [ml/l]
# name 6 = flECO-AFL: Fluorescence, Wetlab ECO-AFL/FL [mg/m^3]
# name 7 = bat: Beam Attenuation, Chelsea/Seatech/Wetlab CStar [1/m]
# name 8 = spar: SPAR/Surface Irradiance
# name 9 = latitude: Latitude [deg]
# name 10 = longitude: Longitude [deg]
# name 11 = timeY: Time, System [seconds]
# name 12 = timeJ: Julian Days
# name 13 = sal00: Salinity [PSU]
# name 14 = scan: scan number
# name 15 = nbf: number of bottles fired
# name 16 = flag:  0.000e+00
# interval = seconds: 0.0416667                   
# start_time = Aug 03 2006 05:34:21
*END*
[from data line 681]
     49.808    -1.8232   2.704281    -1.8237   2.704518    7.65811    -0.0784    13.8155 0.0000e+00  -62.48567  -57.96217 1154587756 215.284224    34.3516     107904         14  0.000e+00
     49.808    -1.8234   2.704238    -1.8239   2.704529    7.65818    -0.0454    13.8155 0.0000e+00  -62.48567  -57.96217 1154587756 215.284225    34.3513     107905         14  0.000e+00
     49.741    -1.8233   2.704264    -1.8237   2.704489    7.65807    -0.0013    13.8155 0.0000e+00  -62.48567  -57.96217 1154587756 215.284225    34.3515     107906         14  0.000e+00
     49.808    -1.8235   2.704287    -1.8237   2.704506    7.65816     0.0758    13.8155 0.0000e+00  -62.48567  -57.96217 1154587756 215.284226    34.3520     107907         14  0.000e+00
     49.808    -1.8237   2.704300    -1.8237   2.704524    7.66300     0.0097    13.8155 0.0000e+00  -62.48567  -57.96217 1154587756 215.284226    34.3525     107908         14  0.000e+00
     35.394    -1.8274   2.702990    -1.8281   2.703251    7.66357    -0.0233    13.8155 0.0000e+00  -62.48567  -57.96217 1154587801 215.284744    34.3478     108983         15  0.000e+00
     35.394    -1.8273   2.702984    -1.8278   2.703251    7.66355    -0.0013    13.8155 0.0000e+00  -62.48567  -57.96217 1154587801 215.284745    34.3475     108984         15  0.000e+00
     35.385    -1.8276   2.702974    -1.8275   2.703251    7.66839    -0.0454    13.8155 0.0000e+00  -62.48567  -57.96217 1154587801 215.284745    34.3477     108985         15  0.000e+00
     35.471    -1.8274   2.702977    -1.8283   2.703257    7.66846    -0.0564    13.8155 0.0000e+00  -62.48567  -57.96217 1154587801 215.284746    34.3476     108986         15  0.000e+00
     35.328    -1.8273   2.702990    -1.8276   2.703234    7.66827    -0.0564    13.8155 0.0000e+00  -62.48567  -57.96217 1154587801 215.284746    34.3476     108987         15  0.000e+00
     35.395    -1.8273   2.702964    -1.8273   2.703245    7.66356    -0.1335    13.8155 0.0000e+00  -62.48567  -57.96217 1154587801 215.284747    34.3472     108988         15  0.000e+00
     35.395    -1.8274   2.702967    -1.8275   2.703251    7.66839    -0.1445    13.8155 0.0000e+00  -62.48567  -57.96217 1154587802 215.284747    34.3475     108989         15  0.000e+00
     35.385    -1.8279   2.702977    -1.8275   2.703234    7.66844    -0.1225    13.8155 0.0000e+00  -62.48567  -57.96217 1154587802 215.284748    34.3481     108990         15  0.000e+00
     35.395    -1.8268   2.702974    -1.8280   2.703245    7.66349     0.0097    13.8155 0.0000e+00  -62.48567  -57.96217 1154587802 215.284748    34.3468     108991         15  0.000e+00
     35.395    -1.8279   2.702961    -1.8280   2.703257    7.66366    -0.0013    13.8155 0.0000e+00  -62.48567  -57.96217 1154587802 215.284749    34.3479     108992         15  0.000e+00
     35.395    -1.8271   2.702974    -1.8273   2.703211    7.66834    -0.1445    13.8155 0.0000e+00  -62.48567  -57.96217 1154587802 215.284749    34.3472     108993         15  0.000e+00
     35.395    -1.8271   2.702990    -1.8273   2.703216    7.66832    -0.0894    13.8155 0.0000e+00  -62.48567  -57.96217 1154587802 215.284750    34.3474     108994         15  0.000e+00
     35.395    -1.8276   2.702984    -1.8278   2.703228    7.66840    -0.0233    13.8155 0.0000e+00  -62.48567  -57.96217 1154587802 215.284750    34.3478     108995         15  0.000e+00
     35.385    -1.8274   2.703006    -1.8280   2.703188    7.66835    -0.0233    13.8155 0.0000e+00  -62.48567  -57.96217 1154587802 215.284751    34.3480     108996         15  0.000e+00
     35.395    -1.8274   2.702987    -1.8275   2.703216    7.66837    -0.0784    13.8155 0.0000e+00  -62.48567  -57.96217 1154587802 215.284751    34.3477     108997         15  0.000e+00
     35.395    -1.8274   2.702990    -1.8278   2.703205    7.66357    -0.0784    13.8155 0.0000e+00  -62.48567  -57.96217 1154587802 215.284752    34.3478     108998         15  0.000e+00
     35.395    -1.8274   2.702984    -1.8275   2.703199    7.66837    -0.0784    13.8155 0.0000e+00  -62.48567  -57.96217 1154587802 215.284752    34.3477     108999         15  0.000e+00
     35.471    -1.8273   2.702990    -1.8278   2.703216    7.66843    -0.0454    13.8155 0.0000e+00  -62.48567  -57.96217 1154587802 215.284753    34.3475     109000         15  0.000e+00
     35.385    -1.8274   2.702997    -1.8278   2.703228    7.66836    -0.0123    13.8155 0.0000e+00  -62.48567  -57.96217 1154587802 215.284753    34.3479     109001         15  0.000e+00
     35.395    -1.8274   2.703010    -1.8278   2.703211    7.66835    -0.0233    13.8155 0.0000e+00  -62.48567  -57.96217 1154587802 215.284754    34.3480     109002         15  0.000e+00
     35.395    -1.8271   2.702987    -1.8280   2.703239    7.66833    -0.0343    13.8155 0.0000e+00  -62.48567  -57.96217 1154587802 215.284754    34.3474     109003         15  0.000e+00
     35.395    -1.8271   2.703006    -1.8280   2.703251    7.66350    -0.0454    13.8155 0.0000e+00  -62.48567  -57.96217 1154587802 215.284755    34.3476     109004         15  0.000e+00
     35.395    -1.8276   2.702971    -1.8276   2.703234    7.66842    -0.0564    13.8155 0.0000e+00  -62.48567  -57.96217 1154587802 215.284755    34.3477     109005         15  0.000e+00
     35.385    -1.8273   2.702984    -1.8275   2.703262    7.66834    -0.0343    13.8155 0.0000e+00  -62.48567  -57.96217 1154587802 215.284755    34.3475     109006         15  0.000e+00
     35.395    -1.8273   2.702997    -1.8278   2.703239    7.66834    -0.0564    13.8155 0.0000e+00  -62.48567  -57.96217 1154587802 215.284756    34.3477     109007         15  0.000e+00
     35.395    -1.8271   2.702993    -1.8276   2.703211    7.66833    -0.0564    13.8155 0.0000e+00  -62.48567  -57.96217 1154587802 215.284756    34.3475     109008         15  0.000e+00
     35.471    -1.8271   2.702984    -1.8276   2.703222    7.66840    -0.0564    13.8155 0.0000e+00  -62.48567  -57.96217 1154587802 215.284757    34.3472     109009         15  0.000e+00
     35.395    -1.8276   2.702980    -1.8278   2.703228    7.66841     0.0097    13.8155 0.0000e+00  -62.48567  -57.96217 1154587802 215.284757    34.3479     109010         15  0.000e+00
     35.386    -1.8280   2.702990    -1.8275   2.703245    7.66845     0.0979    13.8155 0.0000e+00  -62.48567  -57.96217 1154587802 215.284758    34.3485     109011         15  0.000e+00
     35.395    -1.8273   2.702964    -1.8278   2.703251    7.66357     0.1199    13.8155 0.0000e+00  -62.48567  -57.96217 1154587802 215.284758    34.3473     109012         15  0.000e+00
     35.395    -1.8276   2.702951    -1.8275   2.703216    7.66842     0.0428    13.8155 0.0000e+00  -62.48567  -57.96217 1154587802 215.284759    34.3474     109013         15  0.000e+00
     35.395    -1.8274   2.702954    -1.8281   2.703239    7.66840    -0.0233    13.8155 0.0000e+00  -62.48567  -57.96217 1154587803 215.284759    34.3473     109014         15  0.000e+00
     35.395    -1.8276   2.702951    -1.8278   2.703251    7.66843    -0.0123    13.8155 0.0000e+00  -62.48567  -57.96217 1154587803 215.284760    34.3474     109015         15  0.000e+00
     35.386    -1.8274   2.702971    -1.8276   2.703268    7.66837     0.0097    13.8155 0.0000e+00  -62.48567  -57.96217 1154587803 215.284760    34.3475     109016         15  0.000e+00
     35.395    -1.8273   2.702974    -1.8278   2.703280    7.66836    -0.0233    13.8155 0.0000e+00  -62.48567  -57.96217 1154587803 215.284761    34.3474     109017         15  0.000e+00
     35.395    -1.8277   2.702977    -1.8275   2.703239    7.66842    -0.0123    13.8155 0.0000e+00  -62.48567  -57.96217 1154587803 215.284761    34.3479     109018         15  0.000e+00
     35.329    -1.8274   2.702958    -1.8276   2.703268    7.66352    -0.0123    13.8155 0.0000e+00  -62.48567  -57.96217 1154587803 215.284762    34.3474     109019         15  0.000e+00
     35.472    -1.8274   2.702954    -1.8276   2.703239    7.66848    -0.0784    13.8155 0.0000e+00  -62.48567  -57.96217 1154587803 215.284762    34.3472     109020         15  0.000e+00
     35.462    -1.8279   2.702935    -1.8276   2.703245    7.66855    -0.0674    13.8155 0.0000e+00  -62.48567  -57.96217 1154587803 215.284763    34.3475     109021         15  0.000e+00
     35.395    -1.8278   2.702932    -1.8276   2.703251    7.66847    -0.0454    13.8155 0.0000e+00  -62.48567  -57.96217 1154587803 215.284763    34.3473     109022         15  0.000e+00
     35.395    -1.8274   2.702945    -1.8275   2.703234    7.66840    -0.0454    13.8155 0.0000e+00  -62.48567  -57.96217 1154587803 215.284764    34.3471     109023         15  0.000e+00
     35.395    -1.8276   2.702938    -1.8281   2.703211    7.66844    -0.0454    13.8155 0.0000e+00  -62.48567  -57.96217 1154587803 215.284764    34.3473     109024         15  0.000e+00
     35.395    -1.8276   2.702928    -1.8275   2.703222    7.66844    -0.1004    13.8155 0.0000e+00  -62.48567  -57.96217 1154587803 215.284765    34.3471     109025         15  0.000e+00
     35.386    -1.8273   2.702932    -1.8276   2.703245    7.66838    -0.1225    13.8155 0.0000e+00  -62.48567  -57.96217 1154587803 215.284765    34.3468     109026         15  0.000e+00
     35.395    -1.8274   2.702951    -1.8275   2.703234    7.66840    -0.0343    13.8155 0.0000e+00  -62.48567  -57.96217 1154587803 215.284766    34.3472     109027         15  0.000e+00
     35.395    -1.8277   2.702984    -1.8281   2.703228    7.66842    -0.0674    13.8155 0.0000e+00  -62.48567  -57.96217 1154587803 215.284766    34.3480     109028         15  0.000e+00
     35.396    -1.8279   2.702932    -1.8280   2.703251    7.66849    -0.0784    13.8155 0.0000e+00  -62.48567  -57.96217 1154587803 215.284767    34.3475     109029         15  0.000e+00
     35.396    -1.8274   2.702941    -1.8280   2.703193    7.66841    -0.0674    13.8155 0.0000e+00  -62.48567  -57.96217 1154587803 215.284767    34.3471     109030         15  0.000e+00
     35.386    -1.8276   2.702938    -1.8276   2.703211    7.66843    -0.0454    13.8155 0.0000e+00  -62.48567  -57.96217 1154587803 215.284768    34.3473     109031         15  0.000e+00
     35.191    -1.8276   2.702931    -1.8280   2.703147    7.67303     0.0097    13.8155 0.0000e+00  -62.48567  -57.96217 1154587812 215.284874    34.3473     109251         16  0.000e+00
     35.324    -1.8274   2.702945    -1.8281   2.703153    7.67313    -0.0784    13.8155 0.0000e+00  -62.48567  -57.96217 1154587812 215.284874    34.3472     109252         16  0.000e+00
     35.477    -1.8278   2.702938    -1.8286   2.703171    7.67335    -0.0564    13.8155 0.0000e+00  -62.48567  -57.96217 1154587812 215.284875    34.3474     109253         16  0.000e+00
     35.334    -1.8279   2.702902    -1.8283   2.703153    7.67324    -0.0454    13.8155 0.0000e+00  -62.48567  -57.96217 1154587813 215.284875    34.3471     109254         16  0.000e+00
     35.334    -1.8276   2.702935    -1.8281   2.703130    7.67317    -0.0123    13.8155 0.0000e+00  -62.48567  -57.96217 1154587813 215.284876    34.3472     109255         16  0.000e+00
     35.258    -1.8276   2.702938    -1.8284   2.703142    7.67310    -0.0564    13.8155 0.0000e+00  -62.48567  -57.96217 1154587813 215.284876    34.3474     109256         16  0.000e+00
     35.391    -1.8274   2.702964    -1.8281   2.703130    7.67319    -0.0564    13.8155 0.0000e+00  -62.48567  -57.96217 1154587813 215.284877    34.3474     109257         16  0.000e+00
     35.258    -1.8271   2.702977    -1.8281   2.703142    7.67299    -0.0343    13.8155 0.0000e+00  -62.48567  -57.96217 1154587813 215.284877    34.3474     109258         16  0.000e+00
     35.334    -1.8271   2.702974    -1.8284   2.703148    7.67307    -0.0013    13.8155 0.0000e+00  -62.48567  -57.96217 1154587813 215.284878    34.3472     109259         16  0.000e+00
     35.334    -1.8268   2.702993    -1.8278   2.703148    7.67301     0.0097    13.8155 0.0000e+00  -62.48567  -57.96217 1154587813 215.284878    34.3472     109260         16  0.000e+00
     35.334    -1.8268   2.702993    -1.8278   2.703148    7.67301    -0.0123    13.8155 0.0000e+00  -62.48567  -57.96217 1154587813 215.284878    34.3471     109261         16  0.000e+00
     35.324    -1.8273   2.702964    -1.8280   2.703130    7.67309     0.0207    13.8155 0.0000e+00  -62.48567  -57.96217 1154587813 215.284879    34.3473     109262         16  0.000e+00
     35.334    -1.8274   2.702951    -1.8279   2.703165    7.67314     0.0428    13.8155 0.0000e+00  -62.48567  -57.96217 1154587813 215.284879    34.3473     109263         16  0.000e+00
     35.334    -1.8276   2.702954    -1.8283   2.703153    7.67316    -0.0233    13.8155 0.0000e+00  -62.48567  -57.96217 1154587813 215.284880    34.3475     109264         16  0.000e+00
     35.334    -1.8273   2.702951    -1.8280   2.703165    7.67312    -0.0564    13.8155 0.0000e+00  -62.48567  -57.96217 1154587813 215.284880    34.3471     109265         16  0.000e+00
     35.258    -1.8274   2.702938    -1.8280   2.703153    7.67306    -0.0564    13.8155 0.0000e+00  -62.48567  -57.96217 1154587813 215.284881    34.3471     109266         16  0.000e+00
     35.325    -1.8273   2.702915    -1.8276   2.703130    7.67313    -0.0564    13.8155 0.0000e+00  -62.48567  -57.96217 1154587813 215.284881    34.3466     109267         16  0.000e+00
     35.334    -1.8273   2.702909    -1.8281   2.703148    7.67314    -0.0013    13.8155 0.0000e+00  -62.48567  -57.96217 1154587813 215.284882    34.3465     109268         16  0.000e+00
     35.334    -1.8271   2.702941    -1.8276   2.703148    7.67309    -0.0123    13.8155 0.0000e+00  -62.48567  -57.96217 1154587813 215.284882    34.3467     109269         16  0.000e+00
     35.334    -1.8274   2.702922    -1.8283   2.703148    7.67316    -0.0123    13.8155 0.0000e+00  -62.48567  -57.96217 1154587813 215.284883    34.3469     109270         16  0.000e+00
     35.258    -1.8274   2.702928    -1.8284   2.703148    7.67307     0.0428    13.8155 0.0000e+00  -62.48567  -57.96217 1154587813 215.284883    34.3470     109271         16  0.000e+00
     35.325    -1.8276   2.702915    -1.8280   2.703148    7.67318     0.0318    13.8155 0.0000e+00  -62.48567  -57.96217 1154587813 215.284884    34.3470     109272         16  0.000e+00
     35.334    -1.8276   2.702928    -1.8283   2.703153    7.67318    -0.0343    13.8155 0.0000e+00  -62.48567  -57.96217 1154587813 215.284884    34.3471     109273         16  0.000e+00
     35.334    -1.8276   2.702945    -1.8280   2.703130    7.67317    -0.0454    13.8155 0.0000e+00  -62.48567  -57.96217 1154587813 215.284885    34.3474     109274         16  0.000e+00
     35.334    -1.8277   2.702922    -1.8284   2.703125    7.67320     0.0318    13.8155 0.0000e+00  -62.48567  -57.96217 1154587813 215.284885    34.3472     109275         16  0.000e+00
     35.258    -1.8274   2.702922    -1.8281   2.703142    7.67308     0.1199    13.8155 0.0000e+00  -62.48567  -57.96217 1154587813 215.284886    34.3469     109276         16  0.000e+00
     35.325    -1.8279   2.702932    -1.8284   2.703148    7.67802     0.0318    13.8155 0.0000e+00  -62.48567  -57.96217 1154587813 215.284886    34.3476     109277         16  0.000e+00
     35.334    -1.8274   2.702928    -1.8281   2.703153    7.67315    -0.0454    13.8155 0.0000e+00  -62.48567  -57.96217 1154587814 215.284887    34.3469     109278         16  0.000e+00
     35.334    -1.8273   2.702932    -1.8278   2.703148    7.67313    -0.0343    13.8155 0.0000e+00  -62.48567  -57.96217 1154587814 215.284887    34.3468     109279         16  0.000e+00
     35.334    -1.8274   2.702945    -1.8280   2.703148    7.67314    -0.0123    13.8155 0.0000e+00  -62.48567  -57.96217 1154587814 215.284888    34.3472     109280         16  0.000e+00
