product_data/regression_test/downloaded_data/MGDS/320620060703/ctd/p6623801.ros
* Sea-Bird SBE 9 Data File:
* FileName = D:\Data\Raw\p6623801.dat
* Software Version Seasave Win32 V 5.32
* Temperature SN = 1649
* Conductivity SN = 1431
* Number of Bytes Per Scan = 37
* Number of Voltage Words = 5
* Number of Scans Averaged by the Deck Unit = 1
* NMEA Latitude = 61 28.98 S
* NMEA Longitude = 053 51.85 W
* NMEA UTC (Time) = 01:59:52
** Ship:   Nathaniel B. Palmer 
** Cruise:    NBP0606 
# nquan = 17
# nvalues = 1176                    
# units = specified
# name 0 = prDM: Pressure, Digiquartz [db]
# name 1 = t090C: Temperature [ITS-90, deg C]
# name 2 = c0S/m: Conductivity [S/m]
# name 3 = t190C: Temperature, 2 [ITS-90, deg C]
# name 4 = c1S/m: Conductivity, 2 [S/m]
# name 5 = sbeox0ML/L: Oxygen, SBE 43 [ml/l]
# name 6 = flECO-AFL: Fluorescence, Wetlab ECO-AFL/FL [mg/m^3]
# name 7 = bat: Beam Attenuation, Chelsea/Seatech/Wetlab CStar [1/m]
# name 8 = spar: SPAR/Surface Irradiance
# name 9 = latitude: Latitude [deg]
# name 10 = longitude: Longitude [deg]
# name 11 = timeY: Time, System [seconds]
# name 12 = timeJ: Julian Days
# name 13 = sal00: Salinity [PSU]
# name 14 = scan: scan number
# name 15 = nbf: number of bottles fired
# name 16 = flag:  0.000e+00
# interval = seconds: 0.0416667                   
# start_time = Aug 08 2006 02:01:29
*END*
    600.124    -0.4671   2.857671    -0.4669   2.857738    6.18947    -0.1114    13.8155 0.0000e+00  -61.48300  -53.86417 1155003391 220.094819    34.5540      21682          1  0.000e+00
    599.884    -0.4668   2.857668    -0.4667   2.857738    6.19423    -0.1445    13.8155 0.0000e+00  -61.48300  -53.86417 1155003391 220.094820    34.5537      21683          1  0.000e+00
    600.105    -0.4668   2.857668    -0.4667   2.857715    6.19442    -0.0674    13.8155 0.0000e+00  -61.48300  -53.86417 1155003391 220.094820    34.5536      21684          1  0.000e+00
    600.124    -0.4671   2.857668    -0.4667   2.857738    6.19448    -0.0343    13.8155 0.0000e+00  -61.48300  -53.86417 1155003391 220.094821    34.5540      21685          1  0.000e+00
    599.961    -0.4673   2.857668    -0.4667   2.857756    6.19436    -0.0343    13.8155 0.0000e+00  -61.48300  -53.86417 1155003391 220.094821    34.5542      21686          1  0.000e+00
    600.057    -0.4668   2.857668    -0.4667   2.857744    6.19438    -0.0233    13.8155 0.0000e+00  -61.48300  -53.86417 1155003391 220.094822    34.5536      21687          1  0.000e+00
    600.028    -0.4673   2.857684    -0.4664   2.857738    6.18940    -0.0454    13.8155 0.0000e+00  -61.48300  -53.86417 1155003391 220.094822    34.5544      21688          1  0.000e+00
    600.028    -0.4670   2.857658    -0.4660   2.857738    6.19438    -0.0454    13.8155 0.0000e+00  -61.48300  -53.86417 1155003391 220.094823    34.5537      21689          1  0.000e+00
    600.057    -0.4671   2.857678    -0.4667   2.857738    6.18941    -0.0343    13.8155 0.0000e+00  -61.48300  -53.86417 1155003391 220.094823    34.5541      21690          1  0.000e+00
    600.028    -0.4671   2.857671    -0.4670   2.857738    6.18939    -0.1004    13.8155 0.0000e+00  -61.48300  -53.86417 1155003391 220.094823    34.5541      21691          1  0.000e+00
    600.057    -0.4668   2.857685    -0.4670   2.857720    6.19437    -0.1225    13.8155 0.0000e+00  -61.48300  -53.86417 1155003391 220.094824    34.5539      21692          1  0.000e+00
    600.028    -0.4669   2.857658    -0.4664   2.857750    6.19437    -0.1004    13.8155 0.0000e+00  -61.48300  -53.86417 1155003392 220.094824    34.5536      21693          1  0.000e+00
    600.028    -0.4673   2.857678    -0.4667   2.857720    6.19441    -0.0564    13.8155 0.0000e+00  -61.48300  -53.86417 1155003392 220.094825    34.5543      21694          1  0.000e+00
    600.057    -0.4670   2.857691    -0.4670   2.857709    6.19439    -0.1665    13.8155 0.0000e+00  -61.48300  -53.86417 1155003392 220.094825    34.5541      21695          1  0.000e+00
    600.028    -0.4668   2.857691    -0.4666   2.857726    6.18934    -0.1335    13.8155 0.0000e+00  -61.48300  -53.86417 1155003392 220.094826    34.5540      21696          1  0.000e+00
    600.057    -0.4671   2.857658    -0.4663   2.857738    6.18942    -0.1004    13.8155 0.0000e+00  -61.48300  -53.86417 1155003392 220.094826    34.5539      21697          1  0.000e+00
    600.028    -0.4671   2.857678    -0.4667   2.857756    6.18939    -0.1665    13.8155 0.0000e+00  -61.48300  -53.86417 1155003392 220.094827    34.5541      21698          1  0.000e+00
    600.105    -0.4674   2.857671    -0.4667   2.857726    6.18950    -0.1886    13.8155 0.0000e+00  -61.48300  -53.86417 1155003392 220.094827    34.5543      21699          1  0.000e+00
    600.057    -0.4670   2.857685    -0.4664   2.857750    6.18939    -0.1004    13.8155 0.0000e+00  -61.48300  -53.86417 1155003392 220.094828    34.5540      21700          1  0.000e+00
    600.028    -0.4671   2.857671    -0.4670   2.857744    6.18939    -0.0454    13.8155 0.0000e+00  -61.48300  -53.86417 1155003392 220.094828    34.5541      21701          1  0.000e+00
    599.980    -0.4671   2.857668    -0.4667   2.857738    6.19435    -0.0674    13.8155 0.0000e+00  -61.48300  -53.86417 1155003392 220.094829    34.5540      21702          1  0.000e+00
    600.105    -0.4670   2.857685    -0.4663   2.857738    6.18943    -0.1225    13.8155 0.0000e+00  -61.48300  -53.86417 1155003392 220.094829    34.5540      21703          1  0.000e+00
    600.029    -0.4665   2.857691    -0.4666   2.857738    6.18930    -0.1225    13.8155 0.0000e+00  -61.48300  -53.86417 1155003392 220.094830    34.5536      21704          1  0.000e+00
    600.057    -0.4668   2.857691    -0.4667   2.857715    6.19437    -0.0894    13.8155 0.0000e+00  -61.48300  -53.86417 1155003392 220.094830    34.5540      21705          1  0.000e+00
    600.029    -0.4672   2.857671    -0.4664   2.857715    6.19440    -0.0343    13.8155 0.0000e+00  -61.48300  -53.86417 1155003392 220.094831    34.5541      21706          1  0.000e+00
    600.057    -0.4671   2.857685    -0.4668   2.857750    6.19441    -0.0564    13.8155 0.0000e+00  -61.48300  -53.86417 1155003392 220.094831    34.5542      21707          1  0.000e+00
    600.029    -0.4670   2.857708    -0.4666   2.857762    6.19435    -0.0674    13.8155 0.0000e+00  -61.48300  -53.86417 1155003392 220.094832    34.5544      21708          1  0.000e+00
    600.029    -0.4670   2.857678    -0.4664   2.857762    6.18937    -0.0454    13.8155 0.0000e+00  -61.48300  -53.86417 1155003392 220.094832    34.5540      21709          1  0.000e+00
    600.057    -0.4670   2.857701    -0.4664   2.857720    6.18938    -0.0784    13.8155 0.0000e+00  -61.48300  -53.86417 1155003392 220.094833    34.5542      21710          1  0.000e+00
    600.029    -0.4671   2.857695    -0.4664   2.857744    6.18938    -0.1004    13.8155 0.0000e+00  -61.48300  -53.86417 1155003392 220.094833    34.5544      21711          1  0.000e+00
    600.057    -0.4668   2.857691    -0.4667   2.857726    6.18937    -0.0894    13.8155 0.0000e+00  -61.48300  -53.86417 1155003392 220.094834    34.5540      21712          1  0.000e+00
    600.029    -0.4673   2.857641    -0.4666   2.857750    6.19443    -0.0564    13.8155 0.0000e+00  -61.48300  -53.86417 1155003392 220.094834    34.5538      21713          1  0.000e+00
    600.029    -0.4668   2.857674    -0.4668   2.857744    6.19435    -0.0343    13.8155 0.0000e+00  -61.48300  -53.86417 1155003392 220.094835    34.5537      21714          1  0.000e+00
    600.057    -0.4670   2.857691    -0.4663   2.857691    6.18938    -0.0564    13.8155 0.0000e+00  -61.48300  -53.86417 1155003392 220.094835    34.5541      21715          1  0.000e+00
    600.029    -0.4673   2.857691    -0.4666   2.857720    6.18940    -0.0123    13.8155 0.0000e+00  -61.48300  -53.86417 1155003392 220.094836    34.5545      21716          1  0.000e+00
    600.057    -0.4674   2.857671    -0.4667   2.857715    6.18945    -0.0784    13.8155 0.0000e+00  -61.48300  -53.86417 1155003393 220.094836    34.5544      21717          1  0.000e+00
    600.029    -0.4671   2.857684    -0.4664   2.857744    6.18937    -0.1225    13.8155 0.0000e+00  -61.48300  -53.86417 1155003393 220.094837    34.5541      21718          1  0.000e+00
    600.029    -0.4674   2.857671    -0.4666   2.857750    6.18943    -0.0564    13.8155 0.0000e+00  -61.48300  -53.86417 1155003393 220.094837    34.5544      21719          1  0.000e+00
    600.057    -0.4670   2.857701    -0.4663   2.857738    6.18938    -0.0343    13.8155 0.0000e+00  -61.48300  -53.86417 1155003393 220.094837    34.5542      21720          1  0.000e+00
    600.029    -0.4670   2.857715    -0.4662   2.857756    6.19435    -0.1004    13.8155 0.0000e+00  -61.48300  -53.86417 1155003393 220.094838    34.5544      21721          1  0.000e+00
    600.058    -0.4673   2.857695    -0.4666   2.857744    6.19442    -0.0343    13.8155 0.0000e+00  -61.48300  -53.86417 1155003393 220.094838    34.5545      21722          1  0.000e+00
    600.029    -0.4668   2.857691    -0.4669   2.857738    6.18934    -0.0343    13.8155 0.0000e+00  -61.48300  -53.86417 1155003393 220.094839    34.5540      21723          1  0.000e+00
    600.106    -0.4670   2.857671    -0.4669   2.857738    6.18944    -0.0343    13.8155 0.0000e+00  -61.48300  -53.86417 1155003393 220.094839    34.5538      21724          1  0.000e+00
    599.981    -0.4668   2.857684    -0.4664   2.857756    6.18930    -0.1004    13.8155 0.0000e+00  -61.48300  -53.86417 1155003393 220.094840    34.5539      21725          1  0.000e+00
    600.029    -0.4670   2.857691    -0.4669   2.857726    6.18936    -0.1004    13.8155 0.0000e+00  -61.48300  -53.86417 1155003393 220.094840    34.5541      21726          1  0.000e+00
    600.058    -0.4671   2.857691    -0.4663   2.857732    6.18941    -0.0343    13.8155 0.0000e+00  -61.48300  -53.86417 1155003393 220.094841    34.5543      21727          1  0.000e+00
    600.029    -0.4670   2.857691    -0.4670   2.857738    6.18936    -0.0564    13.8155 0.0000e+00  -61.48300  -53.86417 1155003393 220.094841    34.5541      21728          1  0.000e+00
    600.029    -0.4670   2.857691    -0.4663   2.857756    6.19436    -0.0233    13.8155 0.0000e+00  -61.48300  -53.86417 1155003393 220.094842    34.5541      21729          1  0.000e+00
    600.058    -0.4673   2.857691    -0.4661   2.857744    6.18942    -0.0233    13.8155 0.0000e+00  -61.48300  -53.86417 1155003393 220.094842    34.5545      21730          1  0.000e+00
    500.691    -0.5260   2.847528    -0.5232   2.847751    6.24607    -0.1335    13.8155 0.0000e+00  -61.48300  -53.86417 1155003545 220.096605    34.5443      25386          2  0.000e+00
    500.624    -0.5262   2.847588    -0.5242   2.847727    6.24106    -0.1114    13.8155 0.0000e+00  -61.48300  -53.86417 1155003545 220.096606    34.5454      25387          2  0.000e+00
    500.691    -0.5251   2.847578    -0.5242   2.847704    6.24098    -0.1555    13.8155 0.0000e+00  -61.48300  -53.86417 1155003545 220.096606    34.5440      25388          2  0.000e+00
    500.604    -0.5248   2.847612    -0.5246   2.847657    6.24085    -0.1004    13.8155 0.0000e+00  -61.48300  -53.86417 1155003546 220.096607    34.5441      25389          2  0.000e+00
    500.768    -0.5256   2.847585    -0.5252   2.847663    6.24110    -0.0564    13.8155 0.0000e+00  -61.48300  -53.86417 1155003546 220.096607    34.5445      25390          2  0.000e+00
    500.624    -0.5254   2.847592    -0.5252   2.847628    6.24095    -0.0674    13.8155 0.0000e+00  -61.48300  -53.86417 1155003546 220.096608    34.5445      25391          2  0.000e+00
    500.672    -0.5257   2.847552    -0.5251   2.847634    6.24600    -0.0784    13.8155 0.0000e+00  -61.48300  -53.86417 1155003546 220.096608    34.5443      25392          2  0.000e+00
    500.691    -0.5256   2.847545    -0.5249   2.847599    6.24600    -0.0454    13.8155 0.0000e+00  -61.48300  -53.86417 1155003546 220.096609    34.5440      25393          2  0.000e+00
    500.691    -0.5256   2.847552    -0.5251   2.847628    6.24600    -0.1004    13.8155 0.0000e+00  -61.48300  -53.86417 1155003546 220.096609    34.5441      25394          2  0.000e+00
    500.624    -0.5257   2.847555    -0.5246   2.847616    6.24595    -0.0564    13.8155 0.0000e+00  -61.48300  -53.86417 1155003546 220.096610    34.5444      25395          2  0.000e+00
    500.739    -0.5252   2.847565    -0.5256   2.847610    6.24599    -0.0894    13.8155 0.0000e+00  -61.48300  -53.86417 1155003546 220.096610    34.5439      25396          2  0.000e+00
    500.691    -0.5256   2.847558    -0.5255   2.847575    6.24599    -0.1114    13.8155 0.0000e+00  -61.48300  -53.86417 1155003546 220.096611    34.5442      25397          2  0.000e+00
    500.691    -0.5259   2.847532    -0.5256   2.847564    6.24111    -0.1445    13.8155 0.0000e+00  -61.48300  -53.86417 1155003546 220.096611    34.5442      25398          2  0.000e+00
    500.672    -0.5260   2.847478    -0.5251   2.847581    6.24114    -0.1114    13.8155 0.0000e+00  -61.48300  -53.86417 1155003546 220.096612    34.5437      25399          2  0.000e+00
    500.691    -0.5262   2.847498    -0.5254   2.847604    6.24117    -0.0123    13.8155 0.0000e+00  -61.48300  -53.86417 1155003546 220.096612    34.5441      25400          2  0.000e+00
    500.691    -0.5260   2.847538    -0.5254   2.847616    6.24606    -0.0343    13.8155 0.0000e+00  -61.48300  -53.86417 1155003546 220.096613    34.5445      25401          2  0.000e+00
    500.768    -0.5257   2.847588    -0.5248   2.847651    6.24606    -0.0564    13.8155 0.0000e+00  -61.48300  -53.86417 1155003546 220.096613    34.5447      25402          2  0.000e+00
    500.672    -0.5249   2.847578    -0.5248   2.847645    6.24588    -0.0894    13.8155 0.0000e+00  -61.48300  -53.86417 1155003546 220.096614    34.5438      25403          2  0.000e+00
    500.691    -0.5256   2.847575    -0.5248   2.847622    6.24104    -0.1886    13.8155 0.0000e+00  -61.48300  -53.86417 1155003546 220.096614    34.5444      25404          2  0.000e+00
    500.691    -0.5254   2.847545    -0.5251   2.847616    6.24104    -0.1665    13.8155 0.0000e+00  -61.48300  -53.86417 1155003546 220.096615    34.5439      25405          2  0.000e+00
    500.672    -0.5254   2.847525    -0.5254   2.847616    6.24598    -0.0343    13.8155 0.0000e+00  -61.48300  -53.86417 1155003546 220.096615    34.5436      25406          2  0.000e+00
    500.691    -0.5257   2.847515    -0.5269   2.847476    6.24604    -0.0013    13.8155 0.0000e+00  -61.48300  -53.86417 1155003546 220.096616    34.5438      25407          2  0.000e+00
    500.691    -0.5256   2.847505    -0.5279   2.847341    6.24602    -0.0564    13.8155 0.0000e+00  -61.48300  -53.86417 1155003546 220.096616    34.5435      25408          2  0.000e+00
    500.691    -0.5260   2.847438    -0.5288   2.847230    6.24612    -0.1555    13.8155 0.0000e+00  -61.48300  -53.86417 1155003546 220.096617    34.5431      25409          2  0.000e+00
    500.739    -0.5265   2.847402    -0.5291   2.847189    6.24625    -0.1335    13.8155 0.0000e+00  -61.48300  -53.86417 1155003546 220.096617    34.5432      25410          2  0.000e+00
    500.691    -0.5271   2.847358    -0.5306   2.847166    6.24631    -0.1004    13.8155 0.0000e+00  -61.48300  -53.86417 1155003546 220.096617    34.5433      25411          2  0.000e+00
    500.691    -0.5283   2.847265    -0.5323   2.846996    6.24158    -0.0454    13.8155 0.0000e+00  -61.48300  -53.86417 1155003546 220.096618    34.5434      25412          2  0.000e+00
    500.672    -0.5295   2.847228    -0.5320   2.846838    6.24667    -0.0233    13.8155 0.0000e+00  -61.48300  -53.86417 1155003547 220.096618    34.5442      25413          2  0.000e+00
    500.691    -0.5291   2.847268    -0.5328   2.846768    6.24167    -0.0894    13.8155 0.0000e+00  -61.48300  -53.86417 1155003547 220.096619    34.5444      25414          2  0.000e+00
    500.691    -0.5290   2.847298    -0.5326   2.846791    6.24658    -0.1004    13.8155 0.0000e+00  -61.48300  -53.86417 1155003547 220.096619    34.5446      25415          2  0.000e+00
    500.691    -0.5296   2.847212    -0.5325   2.846879    6.24671    -0.0674    13.8155 0.0000e+00  -61.48300  -53.86417 1155003547 220.096620    34.5441      25416          2  0.000e+00
    500.672    -0.5309   2.847122    -0.5331   2.846873    6.24197    -0.0784    13.8155 0.0000e+00  -61.48300  -53.86417 1155003547 220.096620    34.5444      25417          2  0.000e+00
    500.691    -0.5305   2.847128    -0.5340   2.846844    6.24193    -0.1004    13.8155 0.0000e+00  -61.48300  -53.86417 1155003547 220.096621    34.5441      25418          2  0.000e+00
    500.691    -0.5296   2.847195    -0.5351   2.846774    6.24672    -0.0564    13.8155 0.0000e+00  -61.48300  -53.86417 1155003547 220.096621    34.5439      25419          2  0.000e+00
    500.739    -0.5291   2.847258    -0.5340   2.846733    6.24666    -0.0894    13.8155 0.0000e+00  -61.48300  -53.86417 1155003547 220.096622    34.5442      25420          2  0.000e+00
    500.691    -0.5285   2.847315    -0.5342   2.846727    6.24651    -0.1555    13.8155 0.0000e+00  -61.48300  -53.86417 1155003547 220.096622    34.5443      25421          2  0.000e+00
