product_data/regression_test/downloaded_data/MGDS/320620060703/ctd/p6622701.ros
* Sea-Bird SBE 9 Data File:
* FileName = D:\Data\Raw\p6622701.dat
* Software Version Seasave Win32 V 5.32
* Temperature SN = 1649
* Conductivity SN = 1431
* Number of Bytes Per Scan = 37
* Number of Voltage Words = 5
* Number of Scans Averaged by the Deck Unit = 1
* NMEA Latitude = 62 59.98 S
* NMEA Longitude = 057 36.92 W
* NMEA UTC (Time) = 02:40:11
** Ship:   Nathaniel B. Palmer 
** Cruise:    NBP0606 
# nquan = 17
# nvalues = 1174                    
# units = specified
# name 0 = prDM: Pressure, Digiquartz [db]
# name 1 = t090C: Temperature [ITS-90, deg C]
# name 2 = c0S/m: Conductivity [S/m]
# name 3 = t190C: Temperature, 2 [ITS-90, deg C]
# name 4 = c1S/m: Conductivity, 2 [S/m]
# name 5 = sbeox0ML/L: Oxygen, SBE 43 [ml/l]
# name 6 = flECO-AFL: Fluorescence, Wetlab ECO-AFL/FL [mg/m^3]
# name 7 = bat: Beam Attenuation, Chelsea/Seatech/Wetlab CStar [1/m]
# name 8 = spar: SPAR/Surface Irradiance
# name 9 = latitude: Latitude [deg]
# name 10 = longitude: Longitude [deg]
# name 11 = timeY: Time, System [seconds]
# name 12 = timeJ: Julian Days
# name 13 = sal00: Salinity [PSU]
# name 14 = scan: scan number
# name 15 = nbf: number of bottles fired
# name 16 = flag:  0.000e+00
# interval = seconds: 0.0416667                   
# start_time = Aug 04 2006 02:41:00
*END*
[from data line 86]
    117.637    -1.8463   2.714104    -1.8453   2.714379    7.57670     0.0648    13.8155 0.0000e+00  -62.99967  -57.61533 1154659540 216.115063    34.4722       6755          2  0.000e+00
    117.637    -1.8460   2.714094    -1.8452   2.714384    7.57666     0.0538    13.8155 0.0000e+00  -62.99967  -57.61533 1154659540 216.115063    34.4717       6756          2  0.000e+00
    117.560    -1.8465   2.714094    -1.8457   2.714350    7.57665     0.0868    13.8155 0.0000e+00  -62.99967  -57.61533 1154659540 216.115064    34.4723       6757          2  0.000e+00
    117.656    -1.8463   2.714110    -1.8453   2.714356    7.57672     0.0538    13.8155 0.0000e+00  -62.99967  -57.61533 1154659540 216.115064    34.4723       6758          2  0.000e+00
    117.560    -1.8463   2.714097    -1.8452   2.714379    7.57663     0.0097    13.8155 0.0000e+00  -62.99967  -57.61533 1154659540 216.115065    34.4722       6759          2  0.000e+00
    117.637    -1.8460   2.714094    -1.8455   2.714390    7.57666     0.0318    13.8155 0.0000e+00  -62.99967  -57.61533 1154659540 216.115065    34.4717       6760          2  0.000e+00
    117.637    -1.8468   2.714110    -1.8449   2.714373    7.57677     0.0318    13.8155 0.0000e+00  -62.99967  -57.61533 1154659540 216.115066    34.4728       6761          2  0.000e+00
    117.560    -1.8467   2.714084    -1.8455   2.714384    7.57669     0.0538    13.8155 0.0000e+00  -62.99967  -57.61533 1154659540 216.115066    34.4724       6762          2  0.000e+00
    117.656    -1.8467   2.714087    -1.8455   2.714413    7.57678     0.0428    13.8155 0.0000e+00  -62.99967  -57.61533 1154659540 216.115067    34.4723       6763          2  0.000e+00
    117.560    -1.8465   2.714110    -1.8455   2.714379    7.57664     0.0428    13.8155 0.0000e+00  -62.99967  -57.61533 1154659540 216.115067    34.4725       6764          2  0.000e+00
    117.704    -1.8467   2.714097    -1.8455   2.714367    7.57683     0.0428    13.8155 0.0000e+00  -62.99967  -57.61533 1154659540 216.115068    34.4724       6765          2  0.000e+00
    117.560    -1.8462   2.714110    -1.8450   2.714402    7.57659     0.1419    13.8155 0.0000e+00  -62.99967  -57.61533 1154659540 216.115068    34.4722       6766          3  0.000e+00
    117.637    -1.8465   2.714117    -1.8455   2.714413    7.57672     0.0758    13.8155 0.0000e+00  -62.99967  -57.61533 1154659540 216.115068    34.4726       6767          3  0.000e+00
    117.580    -1.8463   2.714097    -1.8454   2.714402    7.57665     0.0097    13.8155 0.0000e+00  -62.99967  -57.61533 1154659540 216.115069    34.4722       6768          3  0.000e+00
    117.637    -1.8468   2.714074    -1.8456   2.714413    7.57680    -0.0233    13.8155 0.0000e+00  -62.99967  -57.61533 1154659540 216.115069    34.4723       6769          3  0.000e+00
    117.637    -1.8465   2.714104    -1.8458   2.714402    7.57673    -0.0013    13.8155 0.0000e+00  -62.99967  -57.61533 1154659541 216.115070    34.4724       6770          3  0.000e+00
    117.637    -1.8463   2.714117    -1.8450   2.714396    7.57669     0.0207    13.8155 0.0000e+00  -62.99967  -57.61533 1154659541 216.115070    34.4724       6771          3  0.000e+00
    117.637    -1.8465   2.714097    -1.8452   2.714413    7.57673     0.1309    13.8155 0.0000e+00  -62.99967  -57.61533 1154659541 216.115071    34.4723       6772          3  0.000e+00
    117.580    -1.8466   2.714123    -1.8450   2.714402    7.57667     0.0318    13.8155 0.0000e+00  -62.99967  -57.61533 1154659541 216.115071    34.4729       6773          3  0.000e+00
    117.637    -1.8465   2.714136    -1.8450   2.714425    7.57671    -0.1225    13.8155 0.0000e+00  -62.99967  -57.61533 1154659541 216.115072    34.4729       6774          3  0.000e+00
    117.637    -1.8463   2.714104    -1.8453   2.714402    7.57670    -0.0784    13.8155 0.0000e+00  -62.99967  -57.61533 1154659541 216.115072    34.4722       6775          3  0.000e+00
    117.561    -1.8465   2.714123    -1.8454   2.714413    7.57663     0.0538    13.8155 0.0000e+00  -62.99967  -57.61533 1154659541 216.115073    34.4727       6776          3  0.000e+00
    117.656    -1.8462   2.714104    -1.8450   2.714419    7.57670     0.0538    13.8155 0.0000e+00  -62.99967  -57.61533 1154659541 216.115073    34.4720       6777          3  0.000e+00
    117.637    -1.8460   2.714123    -1.8458   2.714379    7.57179     0.0758    13.8155 0.0000e+00  -62.99967  -57.61533 1154659541 216.115074    34.4721       6778          3  0.000e+00
    117.637    -1.8459   2.714153    -1.8453   2.714384    7.57659     0.0538    13.8155 0.0000e+00  -62.99967  -57.61533 1154659541 216.115074    34.4723       6779          3  0.000e+00
    117.561    -1.8457   2.714127    -1.8454   2.714396    7.57166     0.0868    13.8155 0.0000e+00  -62.99967  -57.61533 1154659541 216.115075    34.4719       6780          3  0.000e+00
    117.637    -1.8467   2.714097    -1.8452   2.714396    7.57190     0.0868    13.8155 0.0000e+00  -62.99967  -57.61533 1154659541 216.115075    34.4725       6781          3  0.000e+00
    117.656    -1.8465   2.714110    -1.8455   2.714384    7.57674     0.0648    13.8155 0.0000e+00  -62.99967  -57.61533 1154659541 216.115076    34.4725       6782          3  0.000e+00
    117.637    -1.8463   2.714097    -1.8452   2.714407    7.57671    -0.0123    13.8155 0.0000e+00  -62.99967  -57.61533 1154659541 216.115076    34.4721       6783          3  0.000e+00
    117.637    -1.8465   2.714074    -1.8460   2.714379    7.57190    -0.0123    13.8155 0.0000e+00  -62.99967  -57.61533 1154659541 216.115077    34.4720       6784          3  0.000e+00
    117.561    -1.8463   2.714071    -1.8453   2.714367    7.57179    -0.0123    13.8155 0.0000e+00  -62.99967  -57.61533 1154659541 216.115077    34.4718       6785          3  0.000e+00
    117.637    -1.8466   2.714087    -1.8459   2.714367    7.57191     0.0097    13.8155 0.0000e+00  -62.99967  -57.61533 1154659541 216.115078    34.4723       6786          3  0.000e+00
    117.656    -1.8467   2.714094    -1.8458   2.714367    7.57193    -0.0564    13.8155 0.0000e+00  -62.99967  -57.61533 1154659541 216.115078    34.4724       6787          3  0.000e+00
    117.637    -1.8467   2.714094    -1.8459   2.714367    7.57190    -0.0343    13.8155 0.0000e+00  -62.99967  -57.61533 1154659541 216.115079    34.4724       6788          3  0.000e+00
    117.561    -1.8468   2.714110    -1.8464   2.714384    7.57669    -0.0343    13.8155 0.0000e+00  -62.99967  -57.61533 1154659541 216.115079    34.4729       6789          3  0.000e+00
    117.704    -1.8460   2.714097    -1.8456   2.714361    7.57673     0.0318    13.8155 0.0000e+00  -62.99967  -57.61533 1154659541 216.115080    34.4717       6790          3  0.000e+00
    117.561    -1.8465   2.714110    -1.8457   2.714361    7.57664     0.0648    13.8155 0.0000e+00  -62.99967  -57.61533 1154659541 216.115080    34.4726       6791          3  0.000e+00
    117.656    -1.8471   2.714117    -1.8461   2.714367    7.57197     0.0758    13.8155 0.0000e+00  -62.99967  -57.61533 1154659541 216.115081    34.4732       6792          3  0.000e+00
    117.637    -1.8462   2.714097    -1.8459   2.714384    7.57183     0.0648    13.8155 0.0000e+00  -62.99967  -57.61533 1154659541 216.115081    34.4719       6793          3  0.000e+00
    117.561    -1.8465   2.714110    -1.8455   2.714373    7.57179     0.0538    13.8155 0.0000e+00  -62.99967  -57.61533 1154659542 216.115082    34.4726       6794          3  0.000e+00
    117.637    -1.8468   2.714081    -1.8455   2.714384    7.57193    -0.0233    13.8155 0.0000e+00  -62.99967  -57.61533 1154659542 216.115082    34.4724       6795          3  0.000e+00
    117.656    -1.8467   2.714104    -1.8458   2.714350    7.57192    -0.0123    13.8155 0.0000e+00  -62.99967  -57.61533 1154659542 216.115082    34.4726       6796          3  0.000e+00
    117.637    -1.8465   2.714117    -1.8456   2.714373    7.57187     0.0648    13.8155 0.0000e+00  -62.99967  -57.61533 1154659542 216.115083    34.4726       6797          3  0.000e+00
    117.637    -1.8460   2.714117    -1.8452   2.714367    7.57179     0.0097    13.8155 0.0000e+00  -62.99967  -57.61533 1154659542 216.115083    34.4720       6798          3  0.000e+00
    117.561    -1.8462   2.714117    -1.8455   2.714384    7.57174    -0.1114    13.8155 0.0000e+00  -62.99967  -57.61533 1154659542 216.115084    34.4723       6799          3  0.000e+00
    117.637    -1.8468   2.714117    -1.8458   2.714373    7.57191     0.0097    13.8155 0.0000e+00  -62.99967  -57.61533 1154659542 216.115084    34.4729       6800          3  0.000e+00
    117.656    -1.8463   2.714097    -1.8459   2.714344    7.57187     0.0428    13.8155 0.0000e+00  -62.99967  -57.61533 1154659542 216.115085    34.4721       6801          3  0.000e+00
    117.561    -1.8463   2.714094    -1.8461   2.714356    7.57177     0.0097    13.8155 0.0000e+00  -62.99967  -57.61533 1154659542 216.115085    34.4721       6802          3  0.000e+00
    117.704    -1.8468   2.714110    -1.8455   2.714367    7.57199    -0.0674    13.8155 0.0000e+00  -62.99967  -57.61533 1154659542 216.115086    34.4728       6803          3  0.000e+00
    117.561    -1.8465   2.714081    -1.8461   2.714344    7.57181    -0.0343    13.8155 0.0000e+00  -62.99967  -57.61533 1154659542 216.115086    34.4721       6804          3  0.000e+00
    117.637    -1.8468   2.714071    -1.8463   2.714373    7.57194    -0.0343    13.8155 0.0000e+00  -62.99967  -57.61533 1154659542 216.115087    34.4723       6805          3  0.000e+00
    117.656    -1.8471   2.714039    -1.8455   2.714333    7.57204    -0.0233    13.8155 0.0000e+00  -62.99967  -57.61533 1154659542 216.115087    34.4722       6806          3  0.000e+00
    117.561    -1.8469   2.714078    -1.8456   2.714373    7.57188    -0.0123    13.8155 0.0000e+00  -62.99967  -57.61533 1154659542 216.115088    34.4726       6807          3  0.000e+00
    117.637    -1.8471   2.714061    -1.8456   2.714373    7.57199    -0.0454    13.8155 0.0000e+00  -62.99967  -57.61533 1154659542 216.115088    34.4725       6808          3  0.000e+00
    117.637    -1.8471   2.714052    -1.8456   2.714367    7.57201     0.0318    13.8155 0.0000e+00  -62.99967  -57.61533 1154659542 216.115089    34.4724       6809          3  0.000e+00
    117.637    -1.8469   2.714081    -1.8455   2.714384    7.56711     0.0758    13.8155 0.0000e+00  -62.99967  -57.61533 1154659542 216.115089    34.4726       6810          3  0.000e+00
    117.580    -1.8466   2.714094    -1.8456   2.714373    7.57184     0.0979    13.8155 0.0000e+00  -62.99967  -57.61533 1154659542 216.115090    34.4724       6811          3  0.000e+00
    117.637    -1.8474   2.714094    -1.8458   2.714367    7.57202     0.1419    13.8155 0.0000e+00  -62.99967  -57.61533 1154659542 216.115090    34.4733       6812          3  0.000e+00
    117.637    -1.8467   2.714061    -1.8447   2.714379    7.57193     0.1750    13.8155 0.0000e+00  -62.99967  -57.61533 1154659542 216.115091    34.4720       6813          3  0.000e+00
    117.637    -1.8465   2.714074    -1.8457   2.714396    7.57190    -0.0784    13.8155 0.0000e+00  -62.99967  -57.61533 1154659542 216.115093    34.4720       6818          4  0.000e+00
    117.637    -1.8473   2.714071    -1.8456   2.714373    7.57202    -0.1225    13.8155 0.0000e+00  -62.99967  -57.61533 1154659543 216.115094    34.4728       6819          4  0.000e+00
    117.580    -1.8468   2.714087    -1.8453   2.714367    7.56701    -0.0233    13.8155 0.0000e+00  -62.99967  -57.61533 1154659543 216.115094    34.4725       6820          4  0.000e+00
    117.561    -1.8468   2.714061    -1.8455   2.714379    7.56702     0.0318    13.8155 0.0000e+00  -62.99967  -57.61533 1154659543 216.115095    34.4722       6821          4  0.000e+00
    117.637    -1.8469   2.714101    -1.8459   2.714350    7.56709     0.0538    13.8155 0.0000e+00  -62.99967  -57.61533 1154659543 216.115095    34.4729       6822          4  0.000e+00
    117.637    -1.8469   2.714097    -1.8458   2.714379    7.56709     0.0428    13.8155 0.0000e+00  -62.99967  -57.61533 1154659543 216.115095    34.4728       6823          4  0.000e+00
    117.637    -1.8467   2.714074    -1.8456   2.714373    7.57192    -0.0233    13.8155 0.0000e+00  -62.99967  -57.61533 1154659543 216.115096    34.4722       6824          4  0.000e+00
    117.513    -1.8469   2.714087    -1.8457   2.714344    7.56697     0.0207    13.8155 0.0000e+00  -62.99967  -57.61533 1154659543 216.115096    34.4728       6825          4  0.000e+00
    117.704    -1.8468   2.714074    -1.8455   2.714379    7.56716     0.1970    13.8155 0.0000e+00  -62.99967  -57.61533 1154659543 216.115097    34.4723       6826          4  0.000e+00
    117.637    -1.8469   2.714104    -1.8458   2.714350    7.56708     0.1199    13.8155 0.0000e+00  -62.99967  -57.61533 1154659543 216.115097    34.4729       6827          4  0.000e+00
    117.637    -1.8468   2.714081    -1.8456   2.714338    7.57194     0.0207    13.8155 0.0000e+00  -62.99967  -57.61533 1154659543 216.115098    34.4724       6828          4  0.000e+00
    117.561    -1.8469   2.714055    -1.8460   2.714373    7.57190     0.0428    13.8155 0.0000e+00  -62.99967  -57.61533 1154659543 216.115098    34.4723       6829          4  0.000e+00
    117.656    -1.8465   2.714081    -1.8465   2.714367    7.56705     0.0318    13.8155 0.0000e+00  -62.99967  -57.61533 1154659543 216.115099    34.4720       6830          4  0.000e+00
    117.561    -1.8471   2.714074    -1.8464   2.714384    7.56706     0.0097    13.8155 0.0000e+00  -62.99967  -57.61533 1154659543 216.115099    34.4728       6831          4  0.000e+00
    117.637    -1.8468   2.714071    -1.8463   2.714333    7.56709     0.0318    13.8155 0.0000e+00  -62.99967  -57.61533 1154659543 216.115100    34.4723       6832          4  0.000e+00
    117.637    -1.8472   2.714055    -1.8461   2.714350    7.57202     0.0979    13.8155 0.0000e+00  -62.99967  -57.61533 1154659543 216.115100    34.4726       6833          4  0.000e+00
    117.656    -1.8469   2.714065    -1.8461   2.714367    7.57199     0.0758    13.8155 0.0000e+00  -62.99967  -57.61533 1154659543 216.115101    34.4724       6834          4  0.000e+00
    117.561    -1.8468   2.714038    -1.8458   2.714344    7.56703     0.0318    13.8155 0.0000e+00  -62.99967  -57.61533 1154659543 216.115101    34.4719       6835          4  0.000e+00
    117.637    -1.8469   2.714058    -1.8458   2.714350    7.56712    -0.0123    13.8155 0.0000e+00  -62.99967  -57.61533 1154659543 216.115102    34.4722       6836          4  0.000e+00
    117.637    -1.8469   2.714055    -1.8459   2.714361    7.57198     0.0318    13.8155 0.0000e+00  -62.99967  -57.61533 1154659543 216.115102    34.4722       6837          4  0.000e+00
    117.561    -1.8469   2.714052    -1.8459   2.714344    7.57190     0.0979    13.8155 0.0000e+00  -62.99967  -57.61533 1154659543 216.115103    34.4722       6838          4  0.000e+00
    117.656    -1.8472   2.714065    -1.8459   2.714338    7.56718     0.0097    13.8155 0.0000e+00  -62.99967  -57.61533 1154659543 216.115103    34.4727       6839          4  0.000e+00
    117.637    -1.8468   2.714055    -1.8463   2.714338    7.57196     0.0648    13.8155 0.0000e+00  -62.99967  -57.61533 1154659543 216.115104    34.4721       6840          4  0.000e+00
    117.561    -1.8468   2.714065    -1.8461   2.714356    7.57187     0.0979    13.8155 0.0000e+00  -62.99967  -57.61533 1154659543 216.115104    34.4723       6841          4  0.000e+00
    117.637    -1.8471   2.714071    -1.8465   2.714344    7.56713     0.0758    13.8155 0.0000e+00  -62.99967  -57.61533 1154659543 216.115105    34.4726       6842          4  0.000e+00
