product_data/regression_test/downloaded_data/MGDS/320620060703/ctd/p6623301.cnv
* Sea-Bird SBE 9 Data File:
* FileName = D:\Data\Raw\p6623301.dat
* Software Version Seasave Win32 V 5.32
* Temperature SN = 1649
* Conductivity SN = 1431
* Number of Bytes Per Scan = 37
* Number of Voltage Words = 5
* Number of Scans Averaged by the Deck Unit = 1
* NMEA Latitude = 61 52.43 S
* NMEA Longitude = 053 12.48 W
* NMEA UTC (Time) = 11:43:15
** Ship:   Nathaniel B. Palmer 
** Cruise:    NBP0606 
# nquan = 15
# nvalues = 704                         
# units = specified
# name 0 = prDM: Pressure, Digiquartz [db]
# name 1 = t090C: Temperature [ITS-90, deg C]
# name 2 = c0S/m: Conductivity [S/m]
# name 3 = t190C: Temperature, 2 [ITS-90, deg C]
# name 4 = c1S/m: Conductivity, 2 [S/m]
# name 5 = sbeox0ML/L: Oxygen, SBE 43 [ml/l]
# name 6 = flECO-AFL: Fluorescence, Wetlab ECO-AFL/FL [mg/m^3]
# name 7 = bat: Beam Attenuation, Chelsea/Seatech/Wetlab CStar [1/m]
# name 8 = spar: SPAR/Surface Irradiance
# name 9 = latitude: Latitude [deg]
# name 10 = longitude: Longitude [deg]
# name 11 = timeY: Time, System [seconds]
# name 12 = timeJ: Julian Days
# name 13 = sal00: Salinity [PSU]
# name 14 = flag: flag
# span 0 =      2.000,    705.000       
# span 1 =    -1.6707,    -0.1190       
# span 2 =   2.715129,   2.892638       
# span 3 =    -1.6698,    -0.1192       
# span 4 =   2.715577,   2.892686       
# span 5 =    5.77215,    7.47299       
# span 6 =    -0.1190,     0.0950       
# span 7 =    13.8155,    13.8155       
# span 8 = 1.5782e+01, 4.9595e+01       
# span 9 =  -61.87383,  -61.87383       
# span 10 =  -53.20800,  -53.20800      
# span 11 = 1154951105, 1154952210      
# span 12 = 219.489668, 219.502456      
# span 13 =    34.2544,    34.6195      
# span 14 = 0.0000e+00, 0.0000e+00      
# interval = decibars: 1                
# start_time = Aug 07 2006 11:44:46
# bad_flag = -9.990e-29
*END*
[from data line 290]
    292.000    -1.4766   2.753343    -1.4767   2.753391    6.93671    -0.0503    13.8155 2.7274e+01  -61.87383  -53.20800 1154951581 219.495170    34.4777 0.0000e+00
    293.000    -1.4797   2.753107    -1.4797   2.753180    6.93475    -0.0352    13.8155 2.7274e+01  -61.87383  -53.20800 1154951582 219.495185    34.4776 0.0000e+00
    294.000    -1.4846   2.752714    -1.4819   2.753015    6.93465    -0.0313    13.8155 2.7274e+01  -61.87383  -53.20800 1154951583 219.495201    34.4774 0.0000e+00
    295.000    -1.4851   2.752720    -1.4836   2.752906    6.93693    -0.0115    13.8155 2.7274e+01  -61.87383  -53.20800 1154951585 219.495217    34.4775 0.0000e+00
    296.000    -1.4815   2.753104    -1.4823   2.753059    6.93805    -0.0199    13.8155 2.7274e+01  -61.87383  -53.20800 1154951586 219.495233    34.4780 0.0000e+00
    297.000    -1.4749   2.753712    -1.4744   2.753828    6.93835    -0.0448    13.8155 2.7270e+01  -61.87383  -53.20800 1154951588 219.495248    34.4779 0.0000e+00
    298.000    -1.4785   2.753444    -1.4789   2.753469    6.93887    -0.0414    13.8155 2.6974e+01  -61.87383  -53.20800 1154951589 219.495264    34.4778 0.0000e+00
    299.000    -1.4821   2.753176    -1.4788   2.753489    6.93580    -0.0399    13.8155 2.6033e+01  -61.87383  -53.20800 1154951590 219.495280    34.4780 0.0000e+00
    300.000    -1.4780   2.753582    -1.4773   2.753691    6.93540    -0.0445    13.8155 2.6687e+01  -61.87383  -53.20800 1154951592 219.495295    34.4780 0.0000e+00
    301.000    -1.4769   2.753723    -1.4759   2.753864    6.93587    -0.0408    13.8155 2.6228e+01  -61.87383  -53.20800 1154951593 219.495311    34.4781 0.0000e+00
    302.000    -1.4713   2.754301    -1.4690   2.754544    6.93567    -0.0401    13.8155 2.6952e+01  -61.87383  -53.20800 1154951594 219.495327    34.4787 0.0000e+00
    303.000    -1.4655   2.754857    -1.4655   2.754893    6.93700    -0.0294    13.8155 2.6890e+01  -61.87383  -53.20800 1154951596 219.495343    34.4790 0.0000e+00
    304.000    -1.4640   2.755033    -1.4592   2.755485    6.92835    -0.0412    13.8155 2.6562e+01  -61.87383  -53.20800 1154951597 219.495358    34.4790 0.0000e+00
    305.000    -1.4542   2.755954    -1.4523   2.756170    6.92144    -0.0494    13.8155 2.6207e+01  -61.87383  -53.20800 1154951598 219.495374    34.4797 0.0000e+00
    306.000    -1.4702   2.754534    -1.4736   2.754296    6.92708    -0.0320    13.8155 2.5856e+01  -61.87383  -53.20800 1154951600 219.495390    34.4783 0.0000e+00
    307.000    -1.4739   2.754296    -1.4742   2.754306    6.92098    -0.0469    13.8155 2.6993e+01  -61.87383  -53.20800 1154951601 219.495405    34.4792 0.0000e+00
    308.000    -1.4500   2.756504    -1.4480   2.756694    6.91986    -0.0339    13.8155 2.7097e+01  -61.87383  -53.20800 1154951602 219.495421    34.4807 0.0000e+00
    309.000    -1.4551   2.756033    -1.4513   2.756463    6.91769    -0.0280    13.8155 2.6341e+01  -61.87383  -53.20800 1154951604 219.495437    34.4795 0.0000e+00
    310.000    -1.4405   2.757448    -1.4400   2.757427    6.90181    -0.0425    13.8155 2.6351e+01  -61.87383  -53.20800 1154951605 219.495452    34.4804 0.0000e+00
    311.000    -1.4251   2.758863    -1.4267   2.758717    6.88471    -0.0444    13.8155 2.6727e+01  -61.87383  -53.20800 1154951607 219.495468    34.4820 0.0000e+00
    312.000    -1.4194   2.759422    -1.4201   2.759388    6.88212    -0.0383    13.8155 2.6759e+01  -61.87383  -53.20800 1154951608 219.495484    34.4826 0.0000e+00
    313.000    -1.3914   2.762111    -1.3742   2.763515    6.82853    -0.0239    13.8155 2.6708e+01  -61.87383  -53.20800 1154951609 219.495500    34.4867 0.0000e+00
    314.000    -1.2832   2.771884    -1.3167   2.768809    6.82683    -0.0507    13.8155 2.6210e+01  -61.87383  -53.20800 1154951611 219.495515    34.4927 0.0000e+00
    315.000    -1.3156   2.768948    -1.3115   2.769264    6.78855    -0.0184    13.8155 2.6860e+01  -61.87383  -53.20800 1154951612 219.495531    34.4907 0.0000e+00
    316.000    -1.0725   2.791293    -1.0861   2.789389    6.73530    -0.0603    13.8155 2.6971e+01  -61.87383  -53.20800 1154951613 219.495547    34.5117 0.0000e+00
    317.000    -1.0432   2.793747    -1.0448   2.793399    6.67878    -0.0315    13.8155 2.5922e+01  -61.87383  -53.20800 1154951615 219.495563    34.5092 0.0000e+00
    318.000    -1.0379   2.794192    -1.0389   2.794030    6.64440    -0.0381    13.8155 2.6074e+01  -61.87383  -53.20800 1154951616 219.495578    34.5099 0.0000e+00
    319.000    -1.0544   2.792755    -1.0481   2.793228    6.62786    -0.0444    13.8155 2.6100e+01  -61.87383  -53.20800 1154951617 219.495594    34.5107 0.0000e+00
    320.000    -1.0216   2.795793    -1.0166   2.796076    6.60510    -0.0603    13.8155 2.5915e+01  -61.87383  -53.20800 1154951619 219.495610    34.5145 0.0000e+00
    321.000    -0.9812   2.799447    -0.9819   2.799254    6.58287    -0.0471    13.8155 2.6910e+01  -61.87383  -53.20800 1154951620 219.495626    34.5170 0.0000e+00
    322.000    -0.9761   2.799873    -0.9759   2.799875    6.56604    -0.0425    13.8155 2.6418e+01  -61.87383  -53.20800 1154951622 219.495642    34.5168 0.0000e+00
    323.000    -0.9845   2.799201    -0.9828   2.799261    6.55085    -0.0384    13.8155 2.6357e+01  -61.87383  -53.20800 1154951623 219.495658    34.5181 0.0000e+00
    324.000    -0.9739   2.800180    -0.9731   2.800179    6.54149    -0.0577    13.8155 2.6424e+01  -61.87383  -53.20800 1154951624 219.495673    34.5190 0.0000e+00
    325.000    -0.9738   2.800215    -0.9715   2.800361    6.53681    -0.0550    13.8155 2.6440e+01  -61.87383  -53.20800 1154951626 219.495689    34.5194 0.0000e+00
    326.000    -0.9610   2.801449    -0.9585   2.801574    6.53427    -0.0611    13.8155 2.7025e+01  -61.87383  -53.20800 1154951627 219.495705    34.5213 0.0000e+00
    327.000    -0.9408   2.803325    -0.9432   2.802976    6.52435    -0.0481    13.8155 2.7098e+01  -61.87383  -53.20800 1154951628 219.495721    34.5221 0.0000e+00
    328.000    -0.9145   2.805680    -0.9207   2.805068    6.51427    -0.0478    13.8155 2.6145e+01  -61.87383  -53.20800 1154951630 219.495737    34.5229 0.0000e+00
    329.000    -0.9398   2.803457    -0.9366   2.803705    6.50542    -0.0356    13.8155 2.6684e+01  -61.87383  -53.20800 1154951631 219.495752    34.5231 0.0000e+00
    330.000    -0.9587   2.801739    -0.9608   2.801566    6.50298    -0.0476    13.8155 2.5973e+01  -61.87383  -53.20800 1154951632 219.495768    34.5215 0.0000e+00
    331.000    -0.9604   2.801640    -0.9602   2.801632    6.50558    -0.0550    13.8155 2.8210e+01  -61.87383  -53.20800 1154951634 219.495784    34.5220 0.0000e+00
    332.000    -0.9531   2.802418    -0.9536   2.802267    6.50064    -0.0526    13.8155 2.7287e+01  -61.87383  -53.20800 1154951635 219.495800    34.5242 0.0000e+00
    333.000    -0.8968   2.807529    -0.9019   2.806990    6.48421    -0.0249    13.8155 2.6689e+01  -61.87383  -53.20800 1154951636 219.495816    34.5264 0.0000e+00
    334.000    -0.8771   2.809400    -0.8747   2.809528    6.47037    -0.0478    13.8155 2.6232e+01  -61.87383  -53.20800 1154951638 219.495832    34.5286 0.0000e+00
    335.000    -0.8775   2.809410    -0.8739   2.809648    6.45847    -0.0706    13.8155 2.8411e+01  -61.87383  -53.20800 1154951639 219.495848    34.5289 0.0000e+00
    336.000    -0.8711   2.810031    -0.8701   2.810086    6.45016    -0.0625    13.8155 2.8676e+01  -61.87383  -53.20800 1154951641 219.495864    34.5294 0.0000e+00
    337.000    -0.8811   2.809154    -0.8789   2.809332    6.44942    -0.0642    13.8155 2.7717e+01  -61.87383  -53.20800 1154951642 219.495879    34.5292 0.0000e+00
    338.000    -0.8800   2.809326    -0.8786   2.809385    6.44560    -0.0534    13.8155 2.7270e+01  -61.87383  -53.20800 1154951643 219.495895    34.5299 0.0000e+00
    339.000    -0.8627   2.810941    -0.8614   2.810976    6.44116    -0.0637    13.8155 2.7274e+01  -61.87383  -53.20800 1154951645 219.495911    34.5312 0.0000e+00
    340.000    -0.8542   2.811742    -0.8534   2.811776    6.43704    -0.0469    13.8155 2.7449e+01  -61.87383  -53.20800 1154951646 219.495927    34.5314 0.0000e+00
    341.000    -0.8468   2.812492    -0.8449   2.812560    6.42442    -0.0469    13.8155 2.7614e+01  -61.87383  -53.20800 1154951647 219.495943    34.5330 0.0000e+00
    342.000    -0.8171   2.815203    -0.8169   2.815119    6.40969    -0.0345    13.8155 2.8688e+01  -61.87383  -53.20800 1154951649 219.495958    34.5342 0.0000e+00
    343.000    -0.8276   2.814248    -0.8234   2.814628    6.40849    -0.0601    13.8155 2.7636e+01  -61.87383  -53.20800 1154951650 219.495974    34.5331 0.0000e+00
    344.000    -0.8376   2.813443    -0.8408   2.813036    6.41350    -0.0436    13.8155 2.7273e+01  -61.87383  -53.20800 1154951652 219.495990    34.5338 0.0000e+00
    345.000    -0.8175   2.815327    -0.8146   2.815480    6.41492    -0.0487    13.8155 2.7274e+01  -61.87383  -53.20800 1154951653 219.496006    34.5356 0.0000e+00
    346.000    -0.7950   2.817413    -0.7934   2.817443    6.41080    -0.0496    13.8155 2.7274e+01  -61.87383  -53.20800 1154951654 219.496022    34.5368 0.0000e+00
    347.000    -0.8233   2.814784    -0.8203   2.815139    6.41498    -0.0508    13.8155 2.7274e+01  -61.87383  -53.20800 1154951656 219.496038    34.5334 0.0000e+00
    348.000    -0.8700   2.810557    -0.8729   2.810312    6.43163    -0.0533    13.8155 2.7274e+01  -61.87383  -53.20800 1154951657 219.496054    34.5303 0.0000e+00
    349.000    -0.9333   2.804881    -0.9355   2.804764    6.45468    -0.0508    13.8155 2.7274e+01  -61.87383  -53.20800 1154951658 219.496070    34.5274 0.0000e+00
    350.000    -0.9379   2.804492    -0.9366   2.804681    6.46930    -0.0520    13.8155 2.7274e+01  -61.87383  -53.20800 1154951660 219.496085    34.5262 0.0000e+00
    351.000    -0.9465   2.803816    -0.9454   2.803958    6.48240    -0.0574    13.8155 2.7274e+01  -61.87383  -53.20800 1154951661 219.496101    34.5266 0.0000e+00
    352.000    -0.9596   2.802593    -0.9621   2.802455    6.48927    -0.0257    13.8155 2.7274e+01  -61.87383  -53.20800 1154951663 219.496117    34.5241 0.0000e+00
    353.000    -0.9606   2.802612    -0.9575   2.802940    6.49631    -0.0585    13.8155 2.7274e+01  -61.87383  -53.20800 1154951664 219.496133    34.5247 0.0000e+00
    354.000    -0.9644   2.802325    -0.9650   2.802278    6.49325    -0.0435    13.8155 2.7274e+01  -61.87383  -53.20800 1154951665 219.496149    34.5243 0.0000e+00
    355.000    -0.9593   2.802860    -0.9550   2.803250    6.49333    -0.0613    13.8155 2.7274e+01  -61.87383  -53.20800 1154951667 219.496164    34.5248 0.0000e+00
    356.000    -0.9588   2.802962    -0.9687   2.802075    6.49359    -0.0386    13.8155 2.7274e+01  -61.87383  -53.20800 1154951668 219.496180    34.5245 0.0000e+00
    357.000    -0.9493   2.803920    -0.9474   2.803982    6.47961    -0.0485    13.8155 2.7274e+01  -61.87383  -53.20800 1154951669 219.496196    34.5259 0.0000e+00
    358.000    -0.9133   2.807241    -0.9128   2.807191    6.48133    -0.0653    13.8155 2.7274e+01  -61.87383  -53.20800 1154951671 219.496212    34.5280 0.0000e+00
    359.000    -0.9308   2.805644    -0.9294   2.805848    6.47394    -0.0372    13.8155 2.7274e+01  -61.87383  -53.20800 1154951672 219.496227    34.5259 0.0000e+00
    360.000    -0.8881   2.809697    -0.8835   2.810038    6.46343    -0.0385    13.8155 2.7274e+01  -61.87383  -53.20800 1154951673 219.496243    34.5309 0.0000e+00
    361.000    -0.8731   2.811011    -0.8681   2.811452    6.45893    -0.0498    13.8155 2.7274e+01  -61.87383  -53.20800 1154951675 219.496258    34.5298 0.0000e+00
    362.000    -0.8840   2.810144    -0.8819   2.810291    6.45167    -0.0396    13.8155 2.7274e+01  -61.87383  -53.20800 1154951676 219.496274    34.5310 0.0000e+00
    363.000    -0.8494   2.813286    -0.8512   2.813035    6.44470    -0.0578    13.8155 2.7274e+01  -61.87383  -53.20800 1154951677 219.496289    34.5325 0.0000e+00
    364.000    -0.8777   2.810778    -0.8770   2.810820    6.44125    -0.0444    13.8155 2.7274e+01  -61.87383  -53.20800 1154951679 219.496304    34.5314 0.0000e+00
    365.000    -0.8791   2.810667    -0.8758   2.810978    6.44043    -0.0596    13.8155 2.7274e+01  -61.87383  -53.20800 1154951680 219.496320    34.5309 0.0000e+00
    366.000    -0.8780   2.810816    -0.8749   2.811101    6.43649    -0.0599    13.8155 2.7274e+01  -61.87383  -53.20800 1154951681 219.496336    34.5313 0.0000e+00
    367.000    -0.8604   2.812440    -0.8583   2.812604    6.43344    -0.0591    13.8155 2.7274e+01  -61.87383  -53.20800 1154951683 219.496351    34.5321 0.0000e+00
    368.000    -0.8430   2.814091    -0.8443   2.813950    6.42565    -0.0622    13.8155 2.7274e+01  -61.87383  -53.20800 1154951684 219.496367    34.5337 0.0000e+00
    369.000    -0.8335   2.815006    -0.8355   2.814774    6.41343    -0.0542    13.8155 2.7274e+01  -61.87383  -53.20800 1154951685 219.496382    34.5345 0.0000e+00
    370.000    -0.8231   2.815988    -0.8222   2.816027    6.41236    -0.0538    13.8155 2.7274e+01  -61.87383  -53.20800 1154951687 219.496398    34.5350 0.0000e+00
    371.000    -0.8333   2.815163    -0.8283   2.815555    6.40526    -0.0758    13.8155 2.7274e+01  -61.87383  -53.20800 1154951688 219.496413    34.5354 0.0000e+00
    372.000    -0.8167   2.816614    -0.8214   2.816186    6.39999    -0.0712    13.8155 2.7274e+01  -61.87383  -53.20800 1154951689 219.496428    34.5352 0.0000e+00
    373.000    -0.8384   2.814697    -0.8350   2.815069    6.40146    -0.0570    13.8155 2.7274e+01  -61.87383  -53.20800 1154951691 219.496444    34.5344 0.0000e+00
    374.000    -0.8361   2.814972    -0.8317   2.815390    6.40099    -0.0719    13.8155 2.7274e+01  -61.87383  -53.20800 1154951692 219.496459    34.5348 0.0000e+00
    375.000    -0.8329   2.815333    -0.8303   2.815532    6.40010    -0.0702    13.8155 2.7274e+01  -61.87383  -53.20800 1154951693 219.496475    34.5357 0.0000e+00
    376.000    -0.8255   2.816007    -0.8233   2.816210    6.39924    -0.0352    13.8155 2.7274e+01  -61.87383  -53.20800 1154951695 219.496490    34.5351 0.0000e+00
    377.000    -0.8290   2.815737    -0.8293   2.815706    6.39360    -0.0481    13.8155 2.7274e+01  -61.87383  -53.20800 1154951696 219.496506    34.5353 0.0000e+00
    378.000    -0.8209   2.816597    -0.8273   2.815946    6.38859    -0.0529    13.8155 2.7274e+01  -61.87383  -53.20800 1154951698 219.496521    34.5370 0.0000e+00
    379.000    -0.8147   2.817145    -0.8131   2.817260    6.38864    -0.0567    13.8155 2.7274e+01  -61.87383  -53.20800 1154951699 219.496537    34.5366 0.0000e+00
    380.000    -0.8148   2.817253    -0.8151   2.817160    6.38178    -0.0487    13.8155 2.7274e+01  -61.87383  -53.20800 1154951700 219.496552    34.5374 0.0000e+00
    381.000    -0.7879   2.819710    -0.7853   2.819891    6.37406    -0.0374    13.8155 2.7274e+01  -61.87383  -53.20800 1154951701 219.496568    34.5390 0.0000e+00
    382.000    -0.7831   2.820184    -0.7818   2.820276    6.35956    -0.0804    13.8155 2.7274e+01  -61.87383  -53.20800 1154951703 219.496583    34.5393 0.0000e+00
    383.000    -0.7829   2.820260    -0.7828   2.820253    6.35739    -0.0778    13.8155 2.7305e+01  -61.87383  -53.20800 1154951704 219.496599    34.5396 0.0000e+00
    384.000    -0.7803   2.820537    -0.7788   2.820637    6.35768    -0.0546    13.8155 2.8273e+01  -61.87383  -53.20800 1154951705 219.496614    34.5398 0.0000e+00
    385.000    -0.7536   2.823145    -0.7553   2.822818    6.34321    -0.0564    13.8155 2.8571e+01  -61.87383  -53.20800 1154951707 219.496630    34.5441 0.0000e+00
    386.000    -0.6960   2.828290    -0.6957   2.828260    6.32502    -0.0645    13.8155 2.9208e+01  -61.87383  -53.20800 1154951708 219.496645    34.5451 0.0000e+00
