product_data/regression_test/downloaded_data/MGDS/320620060703/ctd/p6622603.ros
* Sea-Bird SBE 9 Data File:
* FileName = D:\Data\Raw\p6622603.dat
* Software Version Seasave Win32 V 5.32
* Temperature SN = 1649
* Conductivity SN = 1431
* Number of Bytes Per Scan = 37
* Number of Voltage Words = 5
* Number of Scans Averaged by the Deck Unit = 1
* NMEA Latitude = 62 56.90 S
* NMEA Longitude = 057 40.19 W
* NMEA UTC (Time) = 23:11:34
** Ship:   Nathaniel B. Palmer 
** Cruise:    NBP0606 
# nquan = 17
# nvalues = 1176                    
# units = specified
# name 0 = prDM: Pressure, Digiquartz [db]
# name 1 = t090C: Temperature [ITS-90, deg C]
# name 2 = c0S/m: Conductivity [S/m]
# name 3 = t190C: Temperature, 2 [ITS-90, deg C]
# name 4 = c1S/m: Conductivity, 2 [S/m]
# name 5 = sbeox0ML/L: Oxygen, SBE 43 [ml/l]
# name 6 = flECO-AFL: Fluorescence, Wetlab ECO-AFL/FL [mg/m^3]
# name 7 = bat: Beam Attenuation, Chelsea/Seatech/Wetlab CStar [1/m]
# name 8 = spar: SPAR/Surface Irradiance
# name 9 = latitude: Latitude [deg]
# name 10 = longitude: Longitude [deg]
# name 11 = timeY: Time, System [seconds]
# name 12 = timeJ: Julian Days
# name 13 = sal00: Salinity [PSU]
# name 14 = scan: scan number
# name 15 = nbf: number of bottles fired
# name 16 = flag:  0.000e+00
# interval = seconds: 0.0416667                   
# start_time = Aug 03 2006 23:12:22
*END*
[from data line 341]
     99.665    -1.7968   2.716498    -1.7963   2.716685    7.38870     0.0538    13.8155 0.0000e+00  -62.94833  -57.66983 1154647301 215.973411    34.4596      13459          7  0.000e+00
     99.732    -1.7967   2.716475    -1.7963   2.716680    7.39362     0.0979    13.8155 0.0000e+00  -62.94833  -57.66983 1154647301 215.973412    34.4592      13460          7  0.000e+00
     99.664    -1.7946   2.716694    -1.7929   2.717007    7.39306    -0.0343    13.8155 0.0000e+00  -62.94833  -57.66983 1154647306 215.973469    34.4598      13579          8  0.000e+00
     99.807    -1.7943   2.716681    -1.7930   2.716996    7.39318    -0.0784    13.8155 0.0000e+00  -62.94833  -57.66983 1154647306 215.973470    34.4592      13580          8  0.000e+00
     99.664    -1.7941   2.716687    -1.7927   2.717007    7.39300    -0.0343    13.8155 0.0000e+00  -62.94833  -57.66983 1154647306 215.973470    34.4592      13581          8  0.000e+00
     99.807    -1.7946   2.716707    -1.7926   2.717019    7.39320    -0.0454    13.8155 0.0000e+00  -62.94833  -57.66983 1154647306 215.973471    34.4599      13582          8  0.000e+00
     99.664    -1.7937   2.716697    -1.7921   2.717019    7.39293     0.0428    13.8155 0.0000e+00  -62.94833  -57.66983 1154647306 215.973471    34.4588      13583          8  0.000e+00
     99.807    -1.7940   2.716707    -1.7923   2.717019    7.39311     0.0538    13.8155 0.0000e+00  -62.94833  -57.66983 1154647306 215.973472    34.4592      13584          8  0.000e+00
     99.702    -1.7937   2.716723    -1.7922   2.717053    7.39294     0.0428    13.8155 0.0000e+00  -62.94833  -57.66983 1154647306 215.973472    34.4591      13585          8  0.000e+00
     99.731    -1.7937   2.716749    -1.7917   2.717071    7.39296     0.0648    13.8155 0.0000e+00  -62.94833  -57.66983 1154647306 215.973473    34.4595      13586          8  0.000e+00
     99.731    -1.7935   2.716739    -1.7911   2.717088    7.39294     0.0207    13.8155 0.0000e+00  -62.94833  -57.66983 1154647306 215.973473    34.4592      13587          8  0.000e+00
     99.664    -1.7934   2.716801    -1.7911   2.717134    7.39280     0.0207    13.8155 0.0000e+00  -62.94833  -57.66983 1154647306 215.973474    34.4599      13588          8  0.000e+00
     99.731    -1.7935   2.716824    -1.7909   2.717128    7.39288     0.0318    13.8155 0.0000e+00  -62.94833  -57.66983 1154647306 215.973474    34.4603      13589          8  0.000e+00
     99.807    -1.7926   2.716837    -1.7904   2.717180    7.39280     0.0207    13.8155 0.0000e+00  -62.94833  -57.66983 1154647306 215.973475    34.4594      13590          8  0.000e+00
     99.664    -1.7925   2.716860    -1.7911   2.717163    7.39262    -0.0233    13.8155 0.0000e+00  -62.94833  -57.66983 1154647306 215.973475    34.4597      13591          8  0.000e+00
     99.731    -1.7921   2.716896    -1.7901   2.717151    7.39261     0.0097    13.8155 0.0000e+00  -62.94833  -57.66983 1154647306 215.973476    34.4597      13592          8  0.000e+00
     99.731    -1.7922   2.716893    -1.7908   2.717134    7.39262     0.0097    13.8155 0.0000e+00  -62.94833  -57.66983 1154647306 215.973476    34.4597      13593          8  0.000e+00
     99.731    -1.7911   2.716889    -1.7904   2.717180    7.39246    -0.1004    13.8155 0.0000e+00  -62.94833  -57.66983 1154647306 215.973477    34.4584      13594          8  0.000e+00
     99.731    -1.7923   2.716870    -1.7903   2.717203    7.39265    -0.0784    13.8155 0.0000e+00  -62.94833  -57.66983 1154647306 215.973477    34.4595      13595          8  0.000e+00
     99.702    -1.7917   2.716883    -1.7904   2.717180    7.39253    -0.0123    13.8155 0.0000e+00  -62.94833  -57.66983 1154647306 215.973478    34.4590      13596          8  0.000e+00
     99.731    -1.7915   2.716906    -1.7903   2.717191    7.39252    -0.0343    13.8155 0.0000e+00  -62.94833  -57.66983 1154647306 215.973478    34.4592      13597          8  0.000e+00
     99.731    -1.7912   2.716889    -1.7899   2.717180    7.39248     0.0097    13.8155 0.0000e+00  -62.94833  -57.66983 1154647306 215.973478    34.4585      13598          8  0.000e+00
     99.731    -1.7919   2.716919    -1.7903   2.717191    7.39256     0.0648    13.8155 0.0000e+00  -62.94833  -57.66983 1154647307 215.973479    34.4597      13599          8  0.000e+00
     99.731    -1.7914   2.716916    -1.7903   2.717203    7.39248     0.0538    13.8155 0.0000e+00  -62.94833  -57.66983 1154647307 215.973479    34.4591      13600          8  0.000e+00
     99.731    -1.7917   2.716912    -1.7900   2.717203    7.39254    -0.0894    13.8155 0.0000e+00  -62.94833  -57.66983 1154647307 215.973480    34.4594      13601          8  0.000e+00
     99.731    -1.7915   2.716925    -1.7900   2.717203    7.39250    -0.0343    13.8155 0.0000e+00  -62.94833  -57.66983 1154647307 215.973480    34.4594      13602          8  0.000e+00
     99.807    -1.7914   2.716948    -1.7900   2.717180    7.39254    -0.0123    13.8155 0.0000e+00  -62.94833  -57.66983 1154647307 215.973481    34.4595      13603          8  0.000e+00
     99.731    -1.7914   2.716899    -1.7901   2.717191    7.39734    -0.0454    13.8155 0.0000e+00  -62.94833  -57.66983 1154647307 215.973481    34.4589      13604          8  0.000e+00
     99.731    -1.7914   2.716919    -1.7903   2.717203    7.39249    -0.0564    13.8155 0.0000e+00  -62.94833  -57.66983 1154647307 215.973482    34.4592      13605          8  0.000e+00
     99.731    -1.7910   2.716948    -1.7903   2.717163    7.39241    -0.0343    13.8155 0.0000e+00  -62.94833  -57.66983 1154647307 215.973482    34.4592      13606          8  0.000e+00
     99.702    -1.7915   2.716935    -1.7900   2.717168    7.39247    -0.0674    13.8155 0.0000e+00  -62.94833  -57.66983 1154647307 215.973483    34.4596      13607          8  0.000e+00
     99.807    -1.7915   2.716932    -1.7899   2.717214    7.39257    -0.0123    13.8155 0.0000e+00  -62.94833  -57.66983 1154647307 215.973483    34.4595      13608          8  0.000e+00
     99.731    -1.7914   2.716932    -1.7901   2.717209    7.39248     0.0207    13.8155 0.0000e+00  -62.94833  -57.66983 1154647307 215.973484    34.4594      13609          8  0.000e+00
     99.731    -1.7912   2.716942    -1.7900   2.717203    7.39245     0.0868    13.8155 0.0000e+00  -62.94833  -57.66983 1154647307 215.973484    34.4593      13610          8  0.000e+00
     99.731    -1.7910   2.716968    -1.7899   2.717203    7.39723     0.0097    13.8155 0.0000e+00  -62.94833  -57.66983 1154647307 215.973485    34.4595      13611          8  0.000e+00
     99.731    -1.7909   2.716929    -1.7897   2.717186    7.39724    -0.0343    13.8155 0.0000e+00  -62.94833  -57.66983 1154647307 215.973485    34.4588      13612          8  0.000e+00
     99.807    -1.7909   2.716942    -1.7899   2.717197    7.39731    -0.0894    13.8155 0.0000e+00  -62.94833  -57.66983 1154647307 215.973486    34.4589      13613          8  0.000e+00
     99.731    -1.7912   2.716955    -1.7901   2.717237    7.39243    -0.0343    13.8155 0.0000e+00  -62.94833  -57.66983 1154647307 215.973486    34.4594      13614          8  0.000e+00
     99.731    -1.7908   2.716955    -1.7897   2.717214    7.39237    -0.0564    13.8155 0.0000e+00  -62.94833  -57.66983 1154647307 215.973487    34.4590      13615          8  0.000e+00
     99.731    -1.7909   2.716965    -1.7897   2.717203    7.39238    -0.1004    13.8155 0.0000e+00  -62.94833  -57.66983 1154647307 215.973487    34.4592      13616          8  0.000e+00
     99.807    -1.7908   2.716958    -1.7903   2.717220    7.39728    -0.1225    13.8155 0.0000e+00  -62.94833  -57.66983 1154647307 215.973488    34.4590      13617          8  0.000e+00
     99.702    -1.7911   2.716955    -1.7897   2.717226    7.39722    -0.0343    13.8155 0.0000e+00  -62.94833  -57.66983 1154647307 215.973488    34.4593      13618          8  0.000e+00
     99.731    -1.7909   2.716971    -1.7899   2.717226    7.39721     0.0758    13.8155 0.0000e+00  -62.94833  -57.66983 1154647307 215.973489    34.4593      13619          8  0.000e+00
     99.731    -1.7905   2.716978    -1.7904   2.717209    7.39230     0.0758    13.8155 0.0000e+00  -62.94833  -57.66983 1154647307 215.973489    34.4589      13620          8  0.000e+00
     99.807    -1.7906   2.716942    -1.7897   2.717237    7.39243     0.0318    13.8155 0.0000e+00  -62.94833  -57.66983 1154647307 215.973490    34.4586      13621          8  0.000e+00
     99.731    -1.7912   2.716961    -1.7897   2.717214    7.39726    -0.0784    13.8155 0.0000e+00  -62.94833  -57.66983 1154647308 215.973490    34.4595      13622          8  0.000e+00
     99.731    -1.7906   2.716974    -1.7901   2.717220    7.39717     0.0207    13.8155 0.0000e+00  -62.94833  -57.66983 1154647308 215.973491    34.4591      13623          8  0.000e+00
     99.807    -1.7906   2.716958    -1.7897   2.717209    7.39725     0.0868    13.8155 0.0000e+00  -62.94833  -57.66983 1154647308 215.973491    34.4587      13624          8  0.000e+00
     99.731    -1.7911   2.716971    -1.7897   2.717220    7.39724     0.0207    13.8155 0.0000e+00  -62.94833  -57.66983 1154647308 215.973492    34.4595      13625          8  0.000e+00
     99.731    -1.7909   2.716929    -1.7897   2.717266    7.39724     0.0097    13.8155 0.0000e+00  -62.94833  -57.66983 1154647308 215.973492    34.4588      13626          8  0.000e+00
     99.731    -1.7908   2.716974    -1.7901   2.717237    7.39719    -0.0233    13.8155 0.0000e+00  -62.94833  -57.66983 1154647308 215.973492    34.4592      13627          8  0.000e+00
     99.806    -1.7912   2.716916    -1.7904   2.717203    7.38771    -0.0564    13.8155 0.0000e+00  -62.94833  -57.66983 1154647311 215.973525    34.4589      13695          9  0.000e+00
     99.730    -1.7915   2.716925    -1.7904   2.717203    7.38767    -0.0454    13.8155 0.0000e+00  -62.94833  -57.66983 1154647311 215.973526    34.4594      13696          9  0.000e+00
     99.778    -1.7914   2.716965    -1.7908   2.717180    7.38766    -0.0013    13.8155 0.0000e+00  -62.94833  -57.66983 1154647311 215.973526    34.4598      13697          9  0.000e+00
     99.730    -1.7915   2.716929    -1.7906   2.717191    7.38766    -0.0343    13.8155 0.0000e+00  -62.94833  -57.66983 1154647311 215.973527    34.4595      13698          9  0.000e+00
     99.730    -1.7914   2.716906    -1.7903   2.717180    7.38765    -0.0013    13.8155 0.0000e+00  -62.94833  -57.66983 1154647311 215.973527    34.4590      13699          9  0.000e+00
     99.730    -1.7912   2.716909    -1.7908   2.717191    7.38763    -0.0233    13.8155 0.0000e+00  -62.94833  -57.66983 1154647311 215.973528    34.4589      13700          9  0.000e+00
     99.806    -1.7917   2.716942    -1.7904   2.717163    7.38776    -0.1004    13.8155 0.0000e+00  -62.94833  -57.66983 1154647311 215.973528    34.4598      13701          9  0.000e+00
     99.730    -1.7914   2.716922    -1.7905   2.717168    7.38764    -0.0123    13.8155 0.0000e+00  -62.94833  -57.66983 1154647311 215.973529    34.4592      13702          9  0.000e+00
     99.730    -1.7915   2.716942    -1.7906   2.717174    7.38765     0.0318    13.8155 0.0000e+00  -62.94833  -57.66983 1154647311 215.973529    34.4597      13703          9  0.000e+00
     99.806    -1.7920   2.716922    -1.7908   2.717174    7.38782    -0.0123    13.8155 0.0000e+00  -62.94833  -57.66983 1154647311 215.973530    34.4599      13704          9  0.000e+00
     99.730    -1.7918   2.716961    -1.7906   2.717191    7.38768     0.0097    13.8155 0.0000e+00  -62.94833  -57.66983 1154647311 215.973530    34.4602      13705          9  0.000e+00
     99.730    -1.7915   2.716886    -1.7908   2.717163    7.38286    -0.0123    13.8155 0.0000e+00  -62.94833  -57.66983 1154647311 215.973531    34.4589      13706          9  0.000e+00
     99.730    -1.7917   2.716899    -1.7908   2.717168    7.38287    -0.0233    13.8155 0.0000e+00  -62.94833  -57.66983 1154647311 215.973531    34.4592      13707          9  0.000e+00
     99.778    -1.7912   2.716912    -1.7909   2.717140    7.38284    -0.1004    13.8155 0.0000e+00  -62.94833  -57.66983 1154647311 215.973532    34.4589      13708          9  0.000e+00
     99.730    -1.7917   2.716893    -1.7914   2.717122    7.38287    -0.0343    13.8155 0.0000e+00  -62.94833  -57.66983 1154647311 215.973532    34.4592      13709          9  0.000e+00
     99.730    -1.7917   2.716889    -1.7920   2.717082    7.38771     0.0318    13.8155 0.0000e+00  -62.94833  -57.66983 1154647311 215.973533    34.4591      13710          9  0.000e+00
     99.730    -1.7919   2.716889    -1.7914   2.717071    7.38774     0.0097    13.8155 0.0000e+00  -62.94833  -57.66983 1154647311 215.973533    34.4593      13711          9  0.000e+00
     99.730    -1.7920   2.716899    -1.7917   2.717071    7.38292     0.0318    13.8155 0.0000e+00  -62.94833  -57.66983 1154647311 215.973533    34.4596      13712          9  0.000e+00
     99.730    -1.7918   2.716909    -1.7920   2.717094    7.38288     0.0758    13.8155 0.0000e+00  -62.94833  -57.66983 1154647311 215.973534    34.4595      13713          9  0.000e+00
     99.806    -1.7919   2.716876    -1.7915   2.717117    7.38783    -0.0343    13.8155 0.0000e+00  -62.94833  -57.66983 1154647311 215.973534    34.4591      13714          9  0.000e+00
     99.730    -1.7920   2.716867    -1.7914   2.717082    7.38777    -0.0784    13.8155 0.0000e+00  -62.94833  -57.66983 1154647311 215.973535    34.4591      13715          9  0.000e+00
     99.730    -1.7925   2.716847    -1.7918   2.717088    7.38786    -0.1004    13.8155 0.0000e+00  -62.94833  -57.66983 1154647311 215.973535    34.4594      13716          9  0.000e+00
     99.730    -1.7925   2.716827    -1.7920   2.717082    7.38788    -0.0343    13.8155 0.0000e+00  -62.94833  -57.66983 1154647311 215.973536    34.4592      13717          9  0.000e+00
     99.730    -1.7921   2.716818    -1.7917   2.717094    7.38783    -0.0123    13.8155 0.0000e+00  -62.94833  -57.66983 1154647311 215.973536    34.4586      13718          9  0.000e+00
     99.701    -1.7928   2.716788    -1.7914   2.717076    7.38308     0.0097    13.8155 0.0000e+00  -62.94833  -57.66983 1154647312 215.973537    34.4590      13719          9  0.000e+00
     99.806    -1.7928   2.716795    -1.7918   2.717071    7.38319    -0.0233    13.8155 0.0000e+00  -62.94833  -57.66983 1154647312 215.973537    34.4590      13720          9  0.000e+00
     99.730    -1.7932   2.716801    -1.7916   2.717053    7.38317    -0.0123    13.8155 0.0000e+00  -62.94833  -57.66983 1154647312 215.973538    34.4596      13721          9  0.000e+00
     99.730    -1.7929   2.716801    -1.7924   2.717048    7.38313    -0.0013    13.8155 0.0000e+00  -62.94833  -57.66983 1154647312 215.973538    34.4593      13722          9  0.000e+00
     99.730    -1.7932   2.716818    -1.7926   2.717048    7.38316     0.0318    13.8155 0.0000e+00  -62.94833  -57.66983 1154647312 215.973539    34.4599      13723          9  0.000e+00
     99.730    -1.7934   2.716785    -1.7930   2.717002    7.38321    -0.0013    13.8155 0.0000e+00  -62.94833  -57.66983 1154647312 215.973539    34.4596      13724          9  0.000e+00
     99.730    -1.7937   2.716762    -1.7932   2.716990    7.38327    -0.0454    13.8155 0.0000e+00  -62.94833  -57.66983 1154647312 215.973540    34.4597      13725          9  0.000e+00
     99.730    -1.7931   2.716739    -1.7930   2.716973    7.38319    -0.0564    13.8155 0.0000e+00  -62.94833  -57.66983 1154647312 215.973540    34.4586      13726          9  0.000e+00
     99.730    -1.7939   2.716736    -1.7929   2.716984    7.38331     0.0428    13.8155 0.0000e+00  -62.94833  -57.66983 1154647312 215.973541    34.4595      13727          9  0.000e+00
