product_data/regression_test/downloaded_data/MGDS/320620060703/ctd/p6623103.ros
* Sea-Bird SBE 9 Data File:
* FileName = D:\Data\Raw\p6623103.dat
* Software Version Seasave Win32 V 5.32
* Temperature SN = 1649
* Conductivity SN = 1431
* Number of Bytes Per Scan = 37
* Number of Voltage Words = 5
* Number of Scans Averaged by the Deck Unit = 1
* NMEA Latitude = 61 55.05 S
* NMEA Longitude = 053 03.29 W
* NMEA UTC (Time) = 04:30:49
** Ship:   Nathaniel B. Palmer 
** Cruise:    NBP0606 
# nquan = 17
# nvalues = 1176                    
# units = specified
# name 0 = prDM: Pressure, Digiquartz [db]
# name 1 = t090C: Temperature [ITS-90, deg C]
# name 2 = c0S/m: Conductivity [S/m]
# name 3 = t190C: Temperature, 2 [ITS-90, deg C]
# name 4 = c1S/m: Conductivity, 2 [S/m]
# name 5 = sbeox0ML/L: Oxygen, SBE 43 [ml/l]
# name 6 = flECO-AFL: Fluorescence, Wetlab ECO-AFL/FL [mg/m^3]
# name 7 = bat: Beam Attenuation, Chelsea/Seatech/Wetlab CStar [1/m]
# name 8 = spar: SPAR/Surface Irradiance
# name 9 = latitude: Latitude [deg]
# name 10 = longitude: Longitude [deg]
# name 11 = timeY: Time, System [seconds]
# name 12 = timeJ: Julian Days
# name 13 = sal00: Salinity [PSU]
# name 14 = scan: scan number
# name 15 = nbf: number of bottles fired
# name 16 = flag:  0.000e+00
# interval = seconds: 0.0416667                   
# start_time = Aug 07 2006 04:32:17
*END*
[from data line 596]
    300.277    -1.4955   2.751781    -1.4923   2.752209    6.91942    -0.0894    13.8155 0.0000e+00  -61.91750  -53.05483 1154929719 219.242136    34.4733     110006         13  0.000e+00
    300.372    -1.4955   2.751732    -1.4924   2.752169    6.91955    -0.1114    13.8155 0.0000e+00  -61.91750  -53.05483 1154929719 219.242136    34.4726     110007         13  0.000e+00
    300.277    -1.4961   2.751716    -1.4927   2.752117    6.91955    -0.1886    13.8155 0.0000e+00  -61.91750  -53.05483 1154929719 219.242137    34.4731     110008         13  0.000e+00
    300.277    -1.4961   2.751683    -1.4934   2.752123    6.91957    -0.1665    13.8155 0.0000e+00  -61.91750  -53.05483 1154929719 219.242137    34.4726     110009         13  0.000e+00
    300.305    -1.4961   2.751702    -1.4941   2.752094    6.91959    -0.0784    13.8155 0.0000e+00  -61.91750  -53.05483 1154929719 219.242138    34.4729     110010         13  0.000e+00
    300.277    -1.4960   2.751702    -1.4948   2.752059    6.91954    -0.0343    13.8155 0.0000e+00  -61.91750  -53.05483 1154929719 219.242138    34.4727     110011         13  0.000e+00
    300.277    -1.4957   2.751729    -1.4949   2.752053    6.92441    -0.1004    13.8155 0.0000e+00  -61.91750  -53.05483 1154929719 219.242139    34.4728     110012         13  0.000e+00
    300.238    -1.4957   2.751755    -1.4949   2.752088    6.91943    -0.1555    13.8155 0.0000e+00  -61.91750  -53.05483 1154929719 219.242139    34.4732     110013         13  0.000e+00
    300.277    -1.4953   2.751775    -1.4940   2.752180    6.91940    -0.1225    13.8155 0.0000e+00  -61.91750  -53.05483 1154929719 219.242140    34.4730     110014         13  0.000e+00
    300.210    -1.4949   2.751732    -1.4917   2.752267    6.91930    -0.1445    13.8155 0.0000e+00  -61.91750  -53.05483 1154929719 219.242140    34.4720     110015         13  0.000e+00
    300.239    -1.4953   2.751715    -1.4903   2.752325    6.91941    -0.1225    13.8155 0.0000e+00  -61.91750  -53.05483 1154929719 219.242141    34.4722     110016         13  0.000e+00
    300.277    -1.4963   2.751716    -1.4906   2.752435    6.92451    -0.0674    13.8155 0.0000e+00  -61.91750  -53.05483 1154929719 219.242141    34.4733     110017         13  0.000e+00
    300.210    -1.4960   2.751715    -1.4906   2.752435    6.92440    -0.0123    13.8155 0.0000e+00  -61.91750  -53.05483 1154929719 219.242142    34.4730     110018         13  0.000e+00
    300.210    -1.4953   2.751781    -1.4906   2.752400    6.92427    -0.1004    13.8155 0.0000e+00  -61.91750  -53.05483 1154929719 219.242142    34.4732     110019         13  0.000e+00
    300.239    -1.4947   2.751821    -1.4920   2.752354    6.91925    -0.1445    13.8155 0.0000e+00  -61.91750  -53.05483 1154929720 219.242143    34.4730     110020         13  0.000e+00
    300.210    -1.4938   2.751880    -1.4929   2.752342    6.92398    -0.1225    13.8155 0.0000e+00  -61.91750  -53.05483 1154929720 219.242143    34.4728     110021         13  0.000e+00
    300.210    -1.4935   2.751942    -1.4937   2.752255    6.92389    -0.1445    13.8155 0.0000e+00  -61.91750  -53.05483 1154929720 219.242144    34.4732     110022         13  0.000e+00
    300.162    -1.4924   2.751942    -1.4941   2.752215    6.92369    -0.1114    13.8155 0.0000e+00  -61.91750  -53.05483 1154929720 219.242144    34.4720     110023         13  0.000e+00
    300.210    -1.4923   2.751988    -1.4954   2.752192    6.91876    -0.0343    13.8155 0.0000e+00  -61.91750  -53.05483 1154929720 219.242145    34.4725     110024         13  0.000e+00
    300.143    -1.4924   2.751985    -1.4959   2.752123    6.91872    -0.0123    13.8155 0.0000e+00  -61.91750  -53.05483 1154929720 219.242145    34.4726     110025         13  0.000e+00
    300.162    -1.4926   2.751981    -1.4955   2.752105    6.92369    -0.0564    13.8155 0.0000e+00  -61.91750  -53.05483 1154929720 219.242146    34.4727     110026         13  0.000e+00
    300.210    -1.4929   2.751998    -1.4944   2.752123    6.92377    -0.1445    13.8155 0.0000e+00  -61.91750  -53.05483 1154929720 219.242146    34.4733     110027         13  0.000e+00
    300.143    -1.4932   2.751955    -1.4944   2.752071    6.92378    -0.1445    13.8155 0.0000e+00  -61.91750  -53.05483 1154929720 219.242147    34.4731     110028         13  0.000e+00
    300.162    -1.4927   2.751952    -1.4943   2.752088    6.92373    -0.1335    13.8155 0.0000e+00  -61.91750  -53.05483 1154929720 219.242147    34.4725     110029         13  0.000e+00
    300.143    -1.4926   2.751926    -1.4940   2.752140    6.92371    -0.1004    13.8155 0.0000e+00  -61.91750  -53.05483 1154929720 219.242147    34.4720     110030         13  0.000e+00
    300.143    -1.4927   2.751886    -1.4940   2.752117    6.92376    -0.1445    13.8155 0.0000e+00  -61.91750  -53.05483 1154929720 219.242148    34.4716     110031         13  0.000e+00
    300.095    -1.4933   2.751906    -1.4932   2.752163    6.92379    -0.1445    13.8155 0.0000e+00  -61.91750  -53.05483 1154929720 219.242148    34.4726     110032         13  0.000e+00
    300.143    -1.4926   2.751916    -1.4941   2.752203    6.92371    -0.1225    13.8155 0.0000e+00  -61.91750  -53.05483 1154929720 219.242149    34.4718     110033         13  0.000e+00
    300.143    -1.4932   2.751896    -1.4934   2.752192    6.92382    -0.0894    13.8155 0.0000e+00  -61.91750  -53.05483 1154929720 219.242149    34.4723     110034         13  0.000e+00
    300.095    -1.4924   2.751873    -1.4934   2.752123    6.92368    -0.1555    13.8155 0.0000e+00  -61.91750  -53.05483 1154929720 219.242150    34.4711     110035         13  0.000e+00
    300.067    -1.4923   2.751886    -1.4940   2.752105    6.92362    -0.0894    13.8155 0.0000e+00  -61.91750  -53.05483 1154929720 219.242150    34.4712     110036         13  0.000e+00
    300.143    -1.4932   2.751926    -1.4941   2.752088    6.92380    -0.0343    13.8155 0.0000e+00  -61.91750  -53.05483 1154929720 219.242151    34.4727     110037         13  0.000e+00
    300.067    -1.4935   2.751919    -1.4946   2.752059    6.92377    -0.1004    13.8155 0.0000e+00  -61.91750  -53.05483 1154929720 219.242151    34.4730     110038         13  0.000e+00
    300.095    -1.4933   2.751945    -1.4951   2.752030    6.92376    -0.1335    13.8155 0.0000e+00  -61.91750  -53.05483 1154929720 219.242152    34.4732     110039         13  0.000e+00
    300.067    -1.4933   2.751991    -1.4948   2.752042    6.92370    -0.1555    13.8155 0.0000e+00  -61.91750  -53.05483 1154929720 219.242152    34.4738     110040         13  0.000e+00
    300.067    -1.4924   2.752004    -1.4944   2.752053    6.92357    -0.1886    13.8155 0.0000e+00  -61.91750  -53.05483 1154929720 219.242153    34.4730     110041         13  0.000e+00
    300.095    -1.4912   2.752044    -1.4951   2.752013    6.92339    -0.1775    13.8155 0.0000e+00  -61.91750  -53.05483 1154929720 219.242153    34.4721     110042         13  0.000e+00
    300.000    -1.4912   2.752031    -1.4947   2.752036    6.92330    -0.1555    13.8155 0.0000e+00  -61.91750  -53.05483 1154929720 219.242154    34.4719     110043         13  0.000e+00
    300.067    -1.4914   2.752008    -1.4954   2.752053    6.92341    -0.0894    13.8155 0.0000e+00  -61.91750  -53.05483 1154929721 219.242154    34.4718     110044         13  0.000e+00
    300.029    -1.4917   2.751968    -1.4947   2.752053    6.92344    -0.1004    13.8155 0.0000e+00  -61.91750  -53.05483 1154929721 219.242155    34.4716     110045         13  0.000e+00
    300.067    -1.4930   2.751926    -1.4949   2.752053    6.92370    -0.2326    13.8155 0.0000e+00  -61.91750  -53.05483 1154929721 219.242155    34.4726     110046         13  0.000e+00
    251.453    -1.6057   2.739430    -1.6077   2.739494    7.01425    -0.1114    13.8155 0.0000e+00  -61.91750  -53.05483 1154929782 219.242864    34.4604     111515         14  0.000e+00
    251.520    -1.6059   2.739414    -1.6072   2.739477    7.01435    -0.1335    13.8155 0.0000e+00  -61.91750  -53.05483 1154929782 219.242864    34.4603     111516         14  0.000e+00
    251.520    -1.6059   2.739417    -1.6069   2.739489    7.01435    -0.0564    13.8155 0.0000e+00  -61.91750  -53.05483 1154929782 219.242865    34.4604     111517         14  0.000e+00
    251.453    -1.6057   2.739430    -1.6074   2.739517    7.01425    -0.0894    13.8155 0.0000e+00  -61.91750  -53.05483 1154929782 219.242865    34.4604     111518         14  0.000e+00
    251.520    -1.6057   2.739434    -1.6074   2.739523    7.01431    -0.0784    13.8155 0.0000e+00  -61.91750  -53.05483 1154929782 219.242866    34.4605     111519         14  0.000e+00
    251.453    -1.6054   2.739447    -1.6071   2.739500    7.01420    -0.0784    13.8155 0.0000e+00  -61.91750  -53.05483 1154929782 219.242866    34.4603     111520         14  0.000e+00
    251.444    -1.6054   2.739427    -1.6075   2.739512    7.01420    -0.1004    13.8155 0.0000e+00  -61.91750  -53.05483 1154929782 219.242867    34.4601     111521         14  0.000e+00
    251.453    -1.6053   2.739443    -1.6077   2.739523    7.01417    -0.0894    13.8155 0.0000e+00  -61.91750  -53.05483 1154929782 219.242867    34.4601     111522         14  0.000e+00
    251.377    -1.6056   2.739453    -1.6075   2.739540    7.01414    -0.0454    13.8155 0.0000e+00  -61.91750  -53.05483 1154929782 219.242867    34.4606     111523         14  0.000e+00
    251.453    -1.6054   2.739460    -1.6080   2.739512    7.01910    -0.0894    13.8155 0.0000e+00  -61.91750  -53.05483 1154929782 219.242868    34.4605     111524         14  0.000e+00
    251.300    -1.6056   2.739440    -1.6071   2.739535    7.01898    -0.1665    13.8155 0.0000e+00  -61.91750  -53.05483 1154929782 219.242868    34.4605     111525         14  0.000e+00
    251.520    -1.6061   2.739434    -1.6066   2.739546    7.01436    -0.0784    13.8155 0.0000e+00  -61.91750  -53.05483 1154929782 219.242869    34.4608     111526         14  0.000e+00
    251.377    -1.6061   2.739434    -1.6074   2.739546    7.01422    -0.0564    13.8155 0.0000e+00  -61.91750  -53.05483 1154929782 219.242869    34.4609     111527         14  0.000e+00
    251.387    -1.6060   2.739440    -1.6069   2.739552    7.01422    -0.1004    13.8155 0.0000e+00  -61.91750  -53.05483 1154929782 219.242870    34.4610     111528         14  0.000e+00
    251.377    -1.6056   2.739434    -1.6071   2.739529    7.01907    -0.1225    13.8155 0.0000e+00  -61.91750  -53.05483 1154929782 219.242870    34.4604     111529         14  0.000e+00
    251.310    -1.6056   2.739434    -1.6068   2.739523    7.01900    -0.1004    13.8155 0.0000e+00  -61.91750  -53.05483 1154929782 219.242871    34.4604     111530         14  0.000e+00
    251.377    -1.6057   2.739453    -1.6071   2.739523    7.01907    -0.1335    13.8155 0.0000e+00  -61.91750  -53.05483 1154929782 219.242871    34.4608     111531         14  0.000e+00
    251.387    -1.6054   2.739404    -1.6071   2.739523    7.01907    -0.0454    13.8155 0.0000e+00  -61.91750  -53.05483 1154929783 219.242872    34.4598     111532         14  0.000e+00
    251.301    -1.6059   2.739404    -1.6075   2.739540    7.01905    -0.1114    13.8155 0.0000e+00  -61.91750  -53.05483 1154929783 219.242872    34.4604     111533         14  0.000e+00
    251.387    -1.6056   2.739411    -1.6072   2.739529    7.01418    -0.1225    13.8155 0.0000e+00  -61.91750  -53.05483 1154929783 219.242873    34.4600     111534         14  0.000e+00
    251.301    -1.6061   2.739417    -1.6069   2.739523    7.01416    -0.1114    13.8155 0.0000e+00  -61.91750  -53.05483 1154929783 219.242873    34.4607     111535         14  0.000e+00
    251.310    -1.6064   2.739430    -1.6072   2.739523    7.01420    -0.1004    13.8155 0.0000e+00  -61.91750  -53.05483 1154929783 219.242874    34.4612     111536         14  0.000e+00
    251.301    -1.6062   2.739447    -1.6075   2.739540    7.01907    -0.0894    13.8155 0.0000e+00  -61.91750  -53.05483 1154929783 219.242874    34.4613     111537         14  0.000e+00
    251.310    -1.6061   2.739443    -1.6074   2.739546    7.01906    -0.0674    13.8155 0.0000e+00  -61.91750  -53.05483 1154929783 219.242875    34.4611     111538         14  0.000e+00
    251.234    -1.6054   2.739450    -1.6075   2.739546    7.01889    -0.0013    13.8155 0.0000e+00  -61.91750  -53.05483 1154929783 219.242875    34.4605     111539         14  0.000e+00
    251.310    -1.6054   2.739470    -1.6069   2.739569    7.01404    -0.0674    13.8155 0.0000e+00  -61.91750  -53.05483 1154929783 219.242876    34.4607     111540         14  0.000e+00
    251.234    -1.6051   2.739456    -1.6068   2.739575    7.01393    -0.1004    13.8155 0.0000e+00  -61.91750  -53.05483 1154929783 219.242876    34.4602     111541         14  0.000e+00
    251.310    -1.6057   2.739476    -1.6069   2.739575    7.01408    -0.0784    13.8155 0.0000e+00  -61.91750  -53.05483 1154929783 219.242877    34.4612     111542         14  0.000e+00
    251.234    -1.6050   2.739496    -1.6078   2.739575    7.01879    -0.0894    13.8155 0.0000e+00  -61.91750  -53.05483 1154929783 219.242877    34.4606     111543         14  0.000e+00
    251.243    -1.6048   2.739479    -1.6071   2.739592    7.01879    -0.1225    13.8155 0.0000e+00  -61.91750  -53.05483 1154929783 219.242878    34.4602     111544         14  0.000e+00
    251.234    -1.6051   2.739466    -1.6069   2.739581    7.01884    -0.1335    13.8155 0.0000e+00  -61.91750  -53.05483 1154929783 219.242878    34.4604     111545         14  0.000e+00
    251.243    -1.6053   2.739489    -1.6069   2.739610    7.01885    -0.1555    13.8155 0.0000e+00  -61.91750  -53.05483 1154929783 219.242879    34.4609     111546         14  0.000e+00
    251.167    -1.6048   2.739499    -1.6066   2.739627    7.01871    -0.1004    13.8155 0.0000e+00  -61.91750  -53.05483 1154929783 219.242879    34.4605     111547         14  0.000e+00
    251.244    -1.6053   2.739463    -1.6066   2.739644    7.01887    -0.0343    13.8155 0.0000e+00  -61.91750  -53.05483 1154929783 219.242880    34.4605     111548         14  0.000e+00
    251.244    -1.6048   2.739460    -1.6063   2.739633    7.01881    -0.0343    13.8155 0.0000e+00  -61.91750  -53.05483 1154929783 219.242880    34.4599     111549         14  0.000e+00
    251.167    -1.6050   2.739489    -1.6059   2.739644    7.01873    -0.0564    13.8155 0.0000e+00  -61.91750  -53.05483 1154929783 219.242880    34.4606     111550         14  0.000e+00
    251.177    -1.6053   2.739479    -1.6060   2.739673    7.01879    -0.1555    13.8155 0.0000e+00  -61.91750  -53.05483 1154929783 219.242881    34.4608     111551         14  0.000e+00
    251.167    -1.6048   2.739450    -1.6057   2.739662    7.01874    -0.1225    13.8155 0.0000e+00  -61.91750  -53.05483 1154929783 219.242881    34.4599     111552         14  0.000e+00
    251.177    -1.6050   2.739466    -1.6057   2.739656    7.01876    -0.0233    13.8155 0.0000e+00  -61.91750  -53.05483 1154929783 219.242882    34.4602     111553         14  0.000e+00
    251.167    -1.6053   2.739456    -1.6056   2.739673    7.01880     0.0538    13.8155 0.0000e+00  -61.91750  -53.05483 1154929783 219.242882    34.4605     111554         14  0.000e+00
    251.100    -1.6053   2.739453    -1.6056   2.739696    7.02365    -0.0013    13.8155 0.0000e+00  -61.91750  -53.05483 1154929784 219.242883    34.4605     111555         14  0.000e+00
    251.167    -1.6051   2.739460    -1.6053   2.739685    7.01877    -0.1114    13.8155 0.0000e+00  -61.91750  -53.05483 1154929784 219.242883    34.4603     111556         14  0.000e+00
    251.100    -1.6056   2.739453    -1.6057   2.739656    7.01878    -0.1665    13.8155 0.0000e+00  -61.91750  -53.05483 1154929784 219.242884    34.4608     111557         14  0.000e+00
