product_data/regression_test/downloaded_data/MGDS/320620060703/ctd/p6623801.ros
* Sea-Bird SBE 9 Data File:
* FileName = D:\Data\Raw\p6623801.dat
* Software Version Seasave Win32 V 5.32
* Temperature SN = 1649
* Conductivity SN = 1431
* Number of Bytes Per Scan = 37
* Number of Voltage Words = 5
* Number of Scans Averaged by the Deck Unit = 1
* NMEA Latitude = 61 28.98 S
* NMEA Longitude = 053 51.85 W
* NMEA UTC (Time) = 01:59:52
** Ship:   Nathaniel B. Palmer 
** Cruise:    NBP0606 
# nquan = 17
# nvalues = 1176                    
# units = specified
# name 0 = prDM: Pressure, Digiquartz [db]
# name 1 = t090C: Temperature [ITS-90, deg C]
# name 2 = c0S/m: Conductivity [S/m]
# name 3 = t190C: Temperature, 2 [ITS-90, deg C]
# name 4 = c1S/m: Conductivity, 2 [S/m]
# name 5 = sbeox0ML/L: Oxygen, SBE 43 [ml/l]
# name 6 = flECO-AFL: Fluorescence, Wetlab ECO-AFL/FL [mg/m^3]
# name 7 = bat: Beam Attenuation, Chelsea/Seatech/Wetlab CStar [1/m]
# name 8 = spar: SPAR/Surface Irradiance
# name 9 = latitude: Latitude [deg]
# name 10 = longitude: Longitude [deg]
# name 11 = timeY: Time, System [seconds]
# name 12 = timeJ: Julian Days
# name 13 = sal00: Salinity [PSU]
# name 14 = scan: scan number
# name 15 = nbf: number of bottles fired
# name 16 = flag:  0.000e+00
# interval = seconds: 0.0416667                   
# start_time = Aug 08 2006 02:01:29
*END*
[from data line 341]
    250.271    -0.7725   2.810774    -0.7582   2.811803    6.58369    -0.1775    13.8155 0.0000e+00  -61.48300  -53.86417 1155003922 220.100963    34.4818      34421          7  0.000e+00
    250.262    -0.7727   2.810817    -0.7588   2.811826    6.58369    -0.1114    13.8155 0.0000e+00  -61.48300  -53.86417 1155003922 220.100963    34.4826      34422          7  0.000e+00
    250.329    -0.7600   2.811669    -0.7603   2.811756    6.58152    -0.0784    13.8155 0.0000e+00  -61.48300  -53.86417 1155003924 220.100982    34.4796      34461          8  0.000e+00
    250.339    -0.7603   2.811685    -0.7606   2.811745    6.58637    -0.1555    13.8155 0.0000e+00  -61.48300  -53.86417 1155003924 220.100982    34.4802      34462          8  0.000e+00
    250.272    -0.7601   2.811692    -0.7608   2.811710    6.58148    -0.0784    13.8155 0.0000e+00  -61.48300  -53.86417 1155003924 220.100983    34.4802      34463          8  0.000e+00
    250.262    -0.7603   2.811672    -0.7606   2.811739    6.58631    -0.0343    13.8155 0.0000e+00  -61.48300  -53.86417 1155003924 220.100983    34.4801      34464          8  0.000e+00
    250.339    -0.7597   2.811679    -0.7596   2.811733    6.58148    -0.0454    13.8155 0.0000e+00  -61.48300  -53.86417 1155003924 220.100984    34.4794      34465          8  0.000e+00
    250.262    -0.7606   2.811688    -0.7596   2.811809    6.58153    -0.0233    13.8155 0.0000e+00  -61.48300  -53.86417 1155003924 220.100984    34.4807      34466          8  0.000e+00
    250.339    -0.7601   2.811708    -0.7590   2.811815    6.58153    -0.0674    13.8155 0.0000e+00  -61.48300  -53.86417 1155003924 220.100985    34.4804      34467          8  0.000e+00
    250.262    -0.7603   2.811662    -0.7593   2.811809    6.58150    -0.0894    13.8155 0.0000e+00  -61.48300  -53.86417 1155003924 220.100985    34.4800      34468          8  0.000e+00
    250.339    -0.7604   2.811645    -0.7586   2.811809    6.58160    -0.0894    13.8155 0.0000e+00  -61.48300  -53.86417 1155003924 220.100986    34.4798      34469          8  0.000e+00
    250.262    -0.7603   2.811645    -0.7585   2.811844    6.58151    -0.1445    13.8155 0.0000e+00  -61.48300  -53.86417 1155003924 220.100986    34.4797      34470          8  0.000e+00
    250.339    -0.7606   2.811662    -0.7583   2.811838    6.58162    -0.1445    13.8155 0.0000e+00  -61.48300  -53.86417 1155003924 220.100987    34.4803      34471          8  0.000e+00
    250.262    -0.7609   2.811662    -0.7586   2.811838    6.58640    -0.0894    13.8155 0.0000e+00  -61.48300  -53.86417 1155003924 220.100987    34.4807      34472          8  0.000e+00
    250.339    -0.7609   2.811632    -0.7586   2.811838    6.58649    -0.1004    13.8155 0.0000e+00  -61.48300  -53.86417 1155003924 220.100988    34.4802      34473          8  0.000e+00
    250.329    -0.7609   2.811622    -0.7585   2.811838    6.58648    -0.0343    13.8155 0.0000e+00  -61.48300  -53.86417 1155003924 220.100988    34.4801      34474          8  0.000e+00
    250.272    -0.7604   2.811606    -0.7587   2.811838    6.58638     0.0097    13.8155 0.0000e+00  -61.48300  -53.86417 1155003924 220.100989    34.4793      34475          8  0.000e+00
    250.339    -0.7612   2.811632    -0.7585   2.811815    6.58652    -0.0564    13.8155 0.0000e+00  -61.48300  -53.86417 1155003924 220.100989    34.4805      34476          8  0.000e+00
    250.262    -0.7612   2.811626    -0.7590   2.811820    6.58646    -0.1445    13.8155 0.0000e+00  -61.48300  -53.86417 1155003924 220.100990    34.4805      34477          8  0.000e+00
    250.339    -0.7611   2.811589    -0.7591   2.811832    6.58653    -0.0784    13.8155 0.0000e+00  -61.48300  -53.86417 1155003924 220.100990    34.4798      34478          8  0.000e+00
    250.329    -0.7607   2.811639    -0.7591   2.811815    6.58645    -0.0233    13.8155 0.0000e+00  -61.48300  -53.86417 1155003924 220.100991    34.4801      34479          8  0.000e+00
    250.272    -0.7595   2.811682    -0.7593   2.811791    6.58620    -0.0564    13.8155 0.0000e+00  -61.48300  -53.86417 1155003924 220.100991    34.4793      34480          8  0.000e+00
    250.329    -0.7603   2.811692    -0.7593   2.811786    6.58636    -0.1225    13.8155 0.0000e+00  -61.48300  -53.86417 1155003924 220.100992    34.4803      34481          8  0.000e+00
    250.339    -0.7604   2.811672    -0.7594   2.811786    6.58640    -0.1445    13.8155 0.0000e+00  -61.48300  -53.86417 1155003924 220.100992    34.4802      34482          8  0.000e+00
    250.262    -0.7601   2.811685    -0.7595   2.811785    6.58628    -0.1114    13.8155 0.0000e+00  -61.48300  -53.86417 1155003925 220.100992    34.4801      34483          8  0.000e+00
    250.339    -0.7600   2.811708    -0.7591   2.811762    6.58631    -0.1335    13.8155 0.0000e+00  -61.48300  -53.86417 1155003925 220.100993    34.4802      34484          8  0.000e+00
    250.329    -0.7598   2.811692    -0.7594   2.811768    6.58629    -0.1225    13.8155 0.0000e+00  -61.48300  -53.86417 1155003925 220.100993    34.4798      34485          8  0.000e+00
    250.272    -0.7600   2.811705    -0.7588   2.811756    6.58625    -0.0454    13.8155 0.0000e+00  -61.48300  -53.86417 1155003925 220.100994    34.4802      34486          8  0.000e+00
    250.330    -0.7600   2.811679    -0.7593   2.811774    6.58632    -0.0233    13.8155 0.0000e+00  -61.48300  -53.86417 1155003925 220.100994    34.4798      34487          8  0.000e+00
    250.339    -0.7595   2.811702    -0.7593   2.811786    6.58625    -0.0784    13.8155 0.0000e+00  -61.48300  -53.86417 1155003925 220.100995    34.4796      34488          8  0.000e+00
    250.339    -0.7594   2.811715    -0.7591   2.811762    6.58623    -0.1225    13.8155 0.0000e+00  -61.48300  -53.86417 1155003925 220.100995    34.4796      34489          8  0.000e+00
    250.263    -0.7592   2.811728    -0.7590   2.811774    6.58613    -0.1335    13.8155 0.0000e+00  -61.48300  -53.86417 1155003925 220.100996    34.4796      34490          8  0.000e+00
    250.339    -0.7595   2.811735    -0.7590   2.811803    6.58623    -0.0564    13.8155 0.0000e+00  -61.48300  -53.86417 1155003925 220.100996    34.4800      34491          8  0.000e+00
    250.330    -0.7595   2.811715    -0.7590   2.811791    6.58624    -0.1114    13.8155 0.0000e+00  -61.48300  -53.86417 1155003925 220.100997    34.4797      34492          8  0.000e+00
    250.339    -0.7594   2.811728    -0.7586   2.811815    6.58622    -0.1555    13.8155 0.0000e+00  -61.48300  -53.86417 1155003925 220.100997    34.4798      34493          8  0.000e+00
    250.263    -0.7594   2.811735    -0.7590   2.811791    6.58614    -0.1114    13.8155 0.0000e+00  -61.48300  -53.86417 1155003925 220.100998    34.4799      34494          8  0.000e+00
    250.339    -0.7592   2.811735    -0.7583   2.811803    6.58620    -0.1335    13.8155 0.0000e+00  -61.48300  -53.86417 1155003925 220.100998    34.4797      34495          8  0.000e+00
    250.330    -0.7594   2.811718    -0.7585   2.811791    6.58622    -0.1114    13.8155 0.0000e+00  -61.48300  -53.86417 1155003925 220.100999    34.4796      34496          8  0.000e+00
    250.339    -0.7587   2.811728    -0.7591   2.811762    6.58613    -0.0454    13.8155 0.0000e+00  -61.48300  -53.86417 1155003925 220.100999    34.4790      34497          8  0.000e+00
    250.263    -0.7587   2.811735    -0.7586   2.811774    6.58606    -0.0123    13.8155 0.0000e+00  -61.48300  -53.86417 1155003925 220.101000    34.4792      34498          8  0.000e+00
    250.339    -0.7589   2.811715    -0.7590   2.811803    6.59097    -0.0454    13.8155 0.0000e+00  -61.48300  -53.86417 1155003925 220.101000    34.4790      34499          8  0.000e+00
    250.330    -0.7594   2.811761    -0.7584   2.811820    6.58619    -0.0454    13.8155 0.0000e+00  -61.48300  -53.86417 1155003925 220.101001    34.4802      34500          8  0.000e+00
    250.339    -0.7584   2.811781    -0.7588   2.811809    6.59087     0.0097    13.8155 0.0000e+00  -61.48300  -53.86417 1155003925 220.101001    34.4794      34501          8  0.000e+00
    250.272    -0.7587   2.811761    -0.7586   2.811809    6.59086    -0.0123    13.8155 0.0000e+00  -61.48300  -53.86417 1155003925 220.101002    34.4795      34502          8  0.000e+00
    250.330    -0.7584   2.811775    -0.7583   2.811826    6.58605    -0.1445    13.8155 0.0000e+00  -61.48300  -53.86417 1155003925 220.101002    34.4793      34503          8  0.000e+00
    250.339    -0.7586   2.811781    -0.7582   2.811815    6.58608    -0.1335    13.8155 0.0000e+00  -61.48300  -53.86417 1155003925 220.101003    34.4796      34504          8  0.000e+00
    250.330    -0.7584   2.811761    -0.7586   2.811826    6.58606    -0.0343    13.8155 0.0000e+00  -61.48300  -53.86417 1155003925 220.101003    34.4791      34505          8  0.000e+00
    250.339    -0.7586   2.811755    -0.7583   2.811815    6.59091    -0.0343    13.8155 0.0000e+00  -61.48300  -53.86417 1155003925 220.101004    34.4792      34506          8  0.000e+00
    250.263    -0.7583   2.811775    -0.7583   2.811809    6.58597    -0.1335    13.8155 0.0000e+00  -61.48300  -53.86417 1155003926 220.101004    34.4792      34507          8  0.000e+00
    250.339    -0.7586   2.811745    -0.7593   2.811803    6.58610    -0.1996    13.8155 0.0000e+00  -61.48300  -53.86417 1155003926 220.101005    34.4791      34508          8  0.000e+00
    250.330    -0.7587   2.811735    -0.7586   2.811786    6.58612    -0.1225    13.8155 0.0000e+00  -61.48300  -53.86417 1155003926 220.101005    34.4791      34509          8  0.000e+00
    250.416    -0.7586   2.811765    -0.7586   2.811786    6.59097    -0.0343    13.8155 0.0000e+00  -61.48300  -53.86417 1155003926 220.101007    34.4793      34513          9  0.000e+00
    250.330    -0.7587   2.811745    -0.7591   2.811791    6.59092    -0.0233    13.8155 0.0000e+00  -61.48300  -53.86417 1155003926 220.101007    34.4793      34514          9  0.000e+00
    250.272    -0.7587   2.811735    -0.7591   2.811797    6.59088    -0.0343    13.8155 0.0000e+00  -61.48300  -53.86417 1155003926 220.101008    34.4792      34515          9  0.000e+00
    250.330    -0.7587   2.811768    -0.7589   2.811786    6.58610    -0.0233    13.8155 0.0000e+00  -61.48300  -53.86417 1155003926 220.101008    34.4796      34516          9  0.000e+00
    250.339    -0.7587   2.811761    -0.7586   2.811786    6.58611    -0.0674    13.8155 0.0000e+00  -61.48300  -53.86417 1155003926 220.101009    34.4795      34517          9  0.000e+00
    250.330    -0.7589   2.811758    -0.7593   2.811762    6.58613    -0.1225    13.8155 0.0000e+00  -61.48300  -53.86417 1155003926 220.101009    34.4796      34518          9  0.000e+00
    250.339    -0.7586   2.811758    -0.7593   2.811756    6.59090    -0.0343    13.8155 0.0000e+00  -61.48300  -53.86417 1155003926 220.101010    34.4793      34519          9  0.000e+00
    250.330    -0.7587   2.811718    -0.7590   2.811756    6.59094    -0.0454    13.8155 0.0000e+00  -61.48300  -53.86417 1155003926 220.101010    34.4789      34520          9  0.000e+00
    250.340    -0.7586   2.811745    -0.7594   2.811733    6.59091    -0.0784    13.8155 0.0000e+00  -61.48300  -53.86417 1155003926 220.101011    34.4791      34521          9  0.000e+00
    250.330    -0.7592   2.811708    -0.7593   2.811768    6.59101    -0.0454    13.8155 0.0000e+00  -61.48300  -53.86417 1155003926 220.101011    34.4793      34522          9  0.000e+00
    250.340    -0.7590   2.811692    -0.7590   2.811774    6.59101    -0.0454    13.8155 0.0000e+00  -61.48300  -53.86417 1155003926 220.101012    34.4789      34523          9  0.000e+00
    250.330    -0.7590   2.811692    -0.7589   2.811739    6.58619    -0.0564    13.8155 0.0000e+00  -61.48300  -53.86417 1155003926 220.101012    34.4789      34524          9  0.000e+00
    250.340    -0.7595   2.811708    -0.7588   2.811745    6.58625    -0.0233    13.8155 0.0000e+00  -61.48300  -53.86417 1155003926 220.101013    34.4796      34525          9  0.000e+00
    250.340    -0.7592   2.811695    -0.7590   2.811756    6.58622    -0.0564    13.8155 0.0000e+00  -61.48300  -53.86417 1155003926 220.101013    34.4791      34526          9  0.000e+00
    250.330    -0.7595   2.811685    -0.7588   2.811791    6.58626    -0.0674    13.8155 0.0000e+00  -61.48300  -53.86417 1155003926 220.101014    34.4793      34527          9  0.000e+00
    250.340    -0.7592   2.811722    -0.7582   2.811809    6.58620    -0.1004    13.8155 0.0000e+00  -61.48300  -53.86417 1155003926 220.101014    34.4795      34528          9  0.000e+00
    250.330    -0.7595   2.811702    -0.7582   2.811826    6.59105    -0.0674    13.8155 0.0000e+00  -61.48300  -53.86417 1155003926 220.101015    34.4796      34529          9  0.000e+00
    250.340    -0.7592   2.811692    -0.7585   2.811826    6.59103    -0.0894    13.8155 0.0000e+00  -61.48300  -53.86417 1155003926 220.101015    34.4791      34530          9  0.000e+00
    250.330    -0.7592   2.811708    -0.7586   2.811809    6.59101    -0.1335    13.8155 0.0000e+00  -61.48300  -53.86417 1155003927 220.101016    34.4793      34531          9  0.000e+00
    250.340    -0.7597   2.811679    -0.7587   2.811809    6.59110    -0.1665    13.8155 0.0000e+00  -61.48300  -53.86417 1155003927 220.101016    34.4794      34532          9  0.000e+00
    250.330    -0.7595   2.811685    -0.7586   2.811809    6.58626    -0.1114    13.8155 0.0000e+00  -61.48300  -53.86417 1155003927 220.101017    34.4793      34533          9  0.000e+00
    250.340    -0.7597   2.811669    -0.7580   2.811809    6.59110    -0.0894    13.8155 0.0000e+00  -61.48300  -53.86417 1155003927 220.101017    34.4793      34534          9  0.000e+00
    250.330    -0.7595   2.811682    -0.7588   2.811826    6.59107    -0.0674    13.8155 0.0000e+00  -61.48300  -53.86417 1155003927 220.101018    34.4793      34535          9  0.000e+00
    250.340    -0.7597   2.811692    -0.7588   2.811815    6.59109    -0.1114    13.8155 0.0000e+00  -61.48300  -53.86417 1155003927 220.101018    34.4796      34536          9  0.000e+00
    250.330    -0.7592   2.811692    -0.7585   2.811791    6.59102    -0.1555    13.8155 0.0000e+00  -61.48300  -53.86417 1155003927 220.101019    34.4791      34537          9  0.000e+00
    250.340    -0.7595   2.811692    -0.7588   2.811797    6.59107    -0.0564    13.8155 0.0000e+00  -61.48300  -53.86417 1155003927 220.101019    34.4794      34538          9  0.000e+00
    250.340    -0.7594   2.811692    -0.7590   2.811803    6.59105    -0.0674    13.8155 0.0000e+00  -61.48300  -53.86417 1155003927 220.101019    34.4793      34539          9  0.000e+00
    250.330    -0.7594   2.811669    -0.7587   2.811768    6.59105    -0.0784    13.8155 0.0000e+00  -61.48300  -53.86417 1155003927 220.101020    34.4790      34540          9  0.000e+00
    250.340    -0.7600   2.811665    -0.7588   2.811774    6.59115    -0.1555    13.8155 0.0000e+00  -61.48300  -53.86417 1155003927 220.101020    34.4796      34541          9  0.000e+00
    250.407    -0.7595   2.811669    -0.7591   2.811721    6.59114    -0.1665    13.8155 0.0000e+00  -61.48300  -53.86417 1155003927 220.101021    34.4791      34542          9  0.000e+00
    250.340    -0.7595   2.811702    -0.7590   2.811739    6.59106    -0.0894    13.8155 0.0000e+00  -61.48300  -53.86417 1155003927 220.101021    34.4796      34543          9  0.000e+00
    250.330    -0.7595   2.811695    -0.7594   2.811733    6.59106    -0.0564    13.8155 0.0000e+00  -61.48300  -53.86417 1155003927 220.101022    34.4795      34544          9  0.000e+00
    250.340    -0.7597   2.811672    -0.7591   2.811739    6.59110    -0.0564    13.8155 0.0000e+00  -61.48300  -53.86417 1155003927 220.101022    34.4793      34545          9  0.000e+00
