product_data/regression_test/downloaded_data/MGDS/320620060703/ctd/p6620101.ros
* Sea-Bird SBE 9 Data File:
* FileName = D:\Data\Raw\p6620101.dat
* Software Version Seasave Win32 V 5.32
* Temperature SN = 1649
* Conductivity SN = 1431
* Number of Bytes Per Scan = 37
* Number of Voltage Words = 5
* Number of Scans Averaged by the Deck Unit = 1
* NMEA Latitude = 64 25.00 S
* NMEA Longitude = 062 03.85 W
* NMEA UTC (Time) = 01:19:49
** Ship:   Nathaniel B. Palmer 
** Cruise:    NBP0606 
# nquan = 17
# nvalues = 1176                    
# units = specified
# name 0 = prDM: Pressure, Digiquartz [db]
# name 1 = t090C: Temperature [ITS-90, deg C]
# name 2 = c0S/m: Conductivity [S/m]
# name 3 = t190C: Temperature, 2 [ITS-90, deg C]
# name 4 = c1S/m: Conductivity, 2 [S/m]
# name 5 = sbeox0ML/L: Oxygen, SBE 43 [ml/l]
# name 6 = flECO-AFL: Fluorescence, Wetlab ECO-AFL/FL [mg/m^3]
# name 7 = bat: Beam Attenuation, Chelsea/Seatech/Wetlab CStar [1/m]
# name 8 = spar: SPAR/Surface Irradiance
# name 9 = latitude: Latitude [deg]
# name 10 = longitude: Longitude [deg]
# name 11 = timeY: Time, System [seconds]
# name 12 = timeJ: Julian Days
# name 13 = sal00: Salinity [PSU]
# name 14 = scan: scan number
# name 15 = nbf: number of bottles fired
# name 16 = flag:  0.000e+00
# interval = seconds: 0.0416667                   
# start_time = Jul 28 2006 01:19:57
*END*
[from data line 1022]
     24.476    -0.7717   2.777962    -0.7720   2.778284    6.99301    -0.0564    13.8155 0.0000e+00  -64.41667  -62.06417 1154052462 209.088701    34.1764      68804         21  0.000e+00
     24.457    -0.7721   2.777945    -0.7718   2.778308    6.99305    -0.0784    13.8155 0.0000e+00  -64.41667  -62.06417 1154052462 209.088702    34.1765      68805         21  0.000e+00
     24.542    -0.7720   2.777942    -0.7722   2.778337    6.99313     0.0318    13.8155 0.0000e+00  -64.41667  -62.06417 1154052462 209.088702    34.1764      68806         21  0.000e+00
     24.457    -0.7724   2.777922    -0.7708   2.778325    6.99311     0.0868    13.8155 0.0000e+00  -64.41667  -62.06417 1154052462 209.088703    34.1766      68807         21  0.000e+00
     24.542    -0.7721   2.777919    -0.7711   2.778395    6.99315    -0.0123    13.8155 0.0000e+00  -64.41667  -62.06417 1154052462 209.088703    34.1761      68808         21  0.000e+00
     24.457    -0.7720   2.777932    -0.7705   2.778441    6.99305    -0.0233    13.8155 0.0000e+00  -64.41667  -62.06417 1154052462 209.088704    34.1763      68809         21  0.000e+00
     24.542    -0.7722   2.777889    -0.7703   2.778406    6.99319    -0.0123    13.8155 0.0000e+00  -64.41667  -62.06417 1154052462 209.088704    34.1759      68810         21  0.000e+00
     10.522    -0.7822   2.776435    -0.7811   2.776849    7.00524    -0.0233    13.8155 0.0000e+00  -64.41667  -62.06417 1154052496 209.089095    34.1763      69621         22  0.000e+00
     10.798    -0.7818   2.776442    -0.7814   2.776837    7.00545     0.0207    13.8155 0.0000e+00  -64.41667  -62.06417 1154052496 209.089096    34.1757      69622         22  0.000e+00
     10.893    -0.7823   2.776442    -0.7818   2.776831    7.00561    -0.0123    13.8155 0.0000e+00  -64.41667  -62.06417 1154052496 209.089096    34.1762      69623         22  0.000e+00
     10.588    -0.7820   2.776442    -0.7817   2.776814    7.00527    -0.0894    13.8155 0.0000e+00  -64.41667  -62.06417 1154052496 209.089097    34.1760      69624         22  0.000e+00
     10.798    -0.7818   2.776442    -0.7817   2.776825    7.00544    -0.1114    13.8155 0.0000e+00  -64.41667  -62.06417 1154052496 209.089097    34.1756      69625         22  0.000e+00
     10.760    -0.7821   2.776475    -0.7818   2.776831    7.00544    -0.0784    13.8155 0.0000e+00  -64.41667  -62.06417 1154052496 209.089098    34.1765      69626         22  0.000e+00
     10.731    -0.7817   2.776488    -0.7821   2.776831    7.00534    -0.0343    13.8155 0.0000e+00  -64.41667  -62.06417 1154052497 209.089098    34.1762      69627         22  0.000e+00
     10.798    -0.7814   2.776488    -0.7818   2.776814    7.00537    -0.0233    13.8155 0.0000e+00  -64.41667  -62.06417 1154052497 209.089099    34.1759      69628         22  0.000e+00
     10.760    -0.7817   2.776501    -0.7817   2.776791    7.00536    -0.0123    13.8155 0.0000e+00  -64.41667  -62.06417 1154052497 209.089099    34.1764      69629         22  0.000e+00
     10.731    -0.7815   2.776508    -0.7821   2.776802    7.00997    -0.0013    13.8155 0.0000e+00  -64.41667  -62.06417 1154052497 209.089100    34.1763      69630         22  0.000e+00
     10.731    -0.7817   2.776491    -0.7818   2.776843    7.01000    -0.0123    13.8155 0.0000e+00  -64.41667  -62.06417 1154052497 209.089100    34.1763      69631         22  0.000e+00
     10.760    -0.7810   2.776488    -0.7814   2.776860    7.00993     0.0318    13.8155 0.0000e+00  -64.41667  -62.06417 1154052497 209.089101    34.1754      69632         22  0.000e+00
     10.798    -0.7809   2.776501    -0.7812   2.776895    7.00995     0.0538    13.8155 0.0000e+00  -64.41667  -62.06417 1154052497 209.089101    34.1755      69633         22  0.000e+00
     10.760    -0.7808   2.776524    -0.7806   2.776947    7.00988     0.0318    13.8155 0.0000e+00  -64.41667  -62.06417 1154052497 209.089102    34.1756      69634         22  0.000e+00
     10.731    -0.7808   2.776498    -0.7800   2.776982    7.00988    -0.0233    13.8155 0.0000e+00  -64.41667  -62.06417 1154052497 209.089102    34.1754      69635         22  0.000e+00
     10.798    -0.7806   2.776567    -0.7794   2.777028    7.00986    -0.0894    13.8155 0.0000e+00  -64.41667  -62.06417 1154052497 209.089103    34.1760      69636         22  0.000e+00
     10.760    -0.7809   2.776564    -0.7797   2.777023    7.00987    -0.0784    13.8155 0.0000e+00  -64.41667  -62.06417 1154052497 209.089103    34.1763      69637         22  0.000e+00
     10.798    -0.7808   2.776554    -0.7798   2.777005    7.00990     0.0207    13.8155 0.0000e+00  -64.41667  -62.06417 1154052497 209.089103    34.1761      69638         22  0.000e+00
     10.732    -0.7812   2.776534    -0.7804   2.776953    7.00991    -0.0564    13.8155 0.0000e+00  -64.41667  -62.06417 1154052497 209.089104    34.1763      69639         22  0.000e+00
     10.827    -0.7815   2.776515    -0.7801   2.776918    7.01006    -0.0784    13.8155 0.0000e+00  -64.41667  -62.06417 1154052497 209.089104    34.1764      69640         22  0.000e+00
     10.732    -0.7803   2.776590    -0.7801   2.776912    7.00974    -0.0454    13.8155 0.0000e+00  -64.41667  -62.06417 1154052497 209.089105    34.1760      69641         22  0.000e+00
     10.732    -0.7801   2.776636    -0.7801   2.776930    7.00968     0.0758    13.8155 0.0000e+00  -64.41667  -62.06417 1154052497 209.089105    34.1764      69642         22  0.000e+00
     10.760    -0.7793   2.776660    -0.7797   2.776953    7.00959     0.0648    13.8155 0.0000e+00  -64.41667  -62.06417 1154052497 209.089106    34.1759      69643         22  0.000e+00
     10.732    -0.7790   2.776679    -0.7800   2.776982    7.00950     0.0207    13.8155 0.0000e+00  -64.41667  -62.06417 1154052497 209.089106    34.1758      69644         22  0.000e+00
     10.665    -0.7790   2.776669    -0.7803   2.776970    7.00944    -0.0674    13.8155 0.0000e+00  -64.41667  -62.06417 1154052497 209.089107    34.1757      69645         22  0.000e+00
     10.684    -0.7797   2.776666    -0.7808   2.776982    7.00956    -0.0343    13.8155 0.0000e+00  -64.41667  -62.06417 1154052497 209.089107    34.1764      69646         22  0.000e+00
     10.665    -0.7800   2.776696    -0.7795   2.776982    7.00956    -0.0123    13.8155 0.0000e+00  -64.41667  -62.06417 1154052497 209.089108    34.1772      69647         22  0.000e+00
     10.732    -0.7791   2.776758    -0.7791   2.776988    7.00947    -0.0343    13.8155 0.0000e+00  -64.41667  -62.06417 1154052497 209.089108    34.1770      69648         22  0.000e+00
     10.617    -0.7781   2.776791    -0.7785   2.777011    7.00919    -0.0123    13.8155 0.0000e+00  -64.41667  -62.06417 1154052497 209.089109    34.1764      69649         22  0.000e+00
     10.665    -0.7772   2.776847    -0.7791   2.777017    7.00907     0.0207    13.8155 0.0000e+00  -64.41667  -62.06417 1154052498 209.089109    34.1760      69650         22  0.000e+00
     10.665    -0.7776   2.776831    -0.7797   2.776953    7.00914    -0.0123    13.8155 0.0000e+00  -64.41667  -62.06417 1154052498 209.089110    34.1763      69651         22  0.000e+00
     10.684    -0.7770   2.776785    -0.7797   2.776953    7.00910    -0.0564    13.8155 0.0000e+00  -64.41667  -62.06417 1154052498 209.089110    34.1750      69652         22  0.000e+00
     10.589    -0.7776   2.776758    -0.7794   2.776999    7.00912     0.0318    13.8155 0.0000e+00  -64.41667  -62.06417 1154052498 209.089111    34.1754      69653         22  0.000e+00
     10.665    -0.7779   2.776735    -0.7785   2.777034    7.00924    -0.0233    13.8155 0.0000e+00  -64.41667  -62.06417 1154052498 209.089111    34.1753      69654         22  0.000e+00
     10.617    -0.7778   2.776765    -0.7775   2.777121    7.00916    -0.0454    13.8155 0.0000e+00  -64.41667  -62.06417 1154052498 209.089112    34.1756      69655         22  0.000e+00
     10.665    -0.7781   2.776791    -0.7769   2.777185    7.00924    -0.0454    13.8155 0.0000e+00  -64.41667  -62.06417 1154052498 209.089112    34.1763      69656         22  0.000e+00
     10.665    -0.7775   2.776814    -0.7762   2.777272    7.00913    -0.0454    13.8155 0.0000e+00  -64.41667  -62.06417 1154052498 209.089113    34.1759      69657         22  0.000e+00
     10.617    -0.7777   2.776821    -0.7754   2.777324    7.00912    -0.0123    13.8155 0.0000e+00  -64.41667  -62.06417 1154052498 209.089113    34.1763      69658         22  0.000e+00
     10.665    -0.7775   2.776837    -0.7739   2.777434    7.00912    -0.0454    13.8155 0.0000e+00  -64.41667  -62.06417 1154052498 209.089114    34.1762      69659         22  0.000e+00
     10.589    -0.7770   2.776894    -0.7739   2.777428    7.00894    -0.0013    13.8155 0.0000e+00  -64.41667  -62.06417 1154052498 209.089114    34.1765      69660         22  0.000e+00
     10.684    -0.7766   2.776890    -0.7742   2.777434    7.00898    -0.0123    13.8155 0.0000e+00  -64.41667  -62.06417 1154052498 209.089115    34.1760      69661         22  0.000e+00
     10.589    -0.7772   2.776857    -0.7728   2.777539    7.00899     0.0097    13.8155 0.0000e+00  -64.41667  -62.06417 1154052498 209.089115    34.1762      69662         22  0.000e+00
     10.589    -0.7776   2.776877    -0.7726   2.777550    7.00904    -0.0013    13.8155 0.0000e+00  -64.41667  -62.06417 1154052498 209.089116    34.1770      69663         22  0.000e+00
     10.617    -0.7777   2.776818    -0.7732   2.777544    7.00912    -0.0343    13.8155 0.0000e+00  -64.41667  -62.06417 1154052498 209.089116    34.1763      69664         22  0.000e+00
     10.665    -0.7776   2.776847    -0.7737   2.777504    7.00913    -0.0013    13.8155 0.0000e+00  -64.41667  -62.06417 1154052498 209.089117    34.1766      69665         22  0.000e+00
     10.589    -0.7776   2.776933    -0.7732   2.777452    7.00900     0.0428    13.8155 0.0000e+00  -64.41667  -62.06417 1154052498 209.089117    34.1778      69666         22  0.000e+00
     10.551    -0.7765   2.776920    -0.7732   2.777457    7.00881     0.0648    13.8155 0.0000e+00  -64.41667  -62.06417 1154052498 209.089117    34.1763      69667         22  0.000e+00
     10.589    -0.7755   2.776976    -0.7740   2.777457    7.00867     0.0428    13.8155 0.0000e+00  -64.41667  -62.06417 1154052498 209.089118    34.1759      69668         22  0.000e+00
     10.589    -0.7749   2.776982    -0.7749   2.777463    7.00858    -0.0013    13.8155 0.0000e+00  -64.41667  -62.06417 1154052498 209.089118    34.1753      69669         22  0.000e+00
     10.618    -0.7824   2.776409    -0.7821   2.776767    7.00072    -0.0013    13.8155 0.0000e+00  -64.41667  -62.06417 1154052506 209.089209    34.1761      69857         23  0.000e+00
     10.523    -0.7820   2.776419    -0.7818   2.776791    7.00056     0.0207    13.8155 0.0000e+00  -64.41667  -62.06417 1154052506 209.089210    34.1758      69858         23  0.000e+00
     10.523    -0.7820   2.776419    -0.7814   2.776773    7.00056     0.0097    13.8155 0.0000e+00  -64.41667  -62.06417 1154052506 209.089210    34.1758      69859         23  0.000e+00
     10.551    -0.7818   2.776399    -0.7818   2.776796    6.99591    -0.0454    13.8155 0.0000e+00  -64.41667  -62.06417 1154052506 209.089211    34.1753      69860         23  0.000e+00
     10.589    -0.7820   2.776412    -0.7818   2.776785    7.00063    -0.1004    13.8155 0.0000e+00  -64.41667  -62.06417 1154052506 209.089211    34.1756      69861         23  0.000e+00
     10.589    -0.7818   2.776435    -0.7818   2.776779    7.00059    -0.0784    13.8155 0.0000e+00  -64.41667  -62.06417 1154052506 209.089212    34.1758      69862         23  0.000e+00
     10.618    -0.7819   2.776422    -0.7820   2.776796    7.00063    -0.0343    13.8155 0.0000e+00  -64.41667  -62.06417 1154052506 209.089212    34.1757      69863         23  0.000e+00
     10.589    -0.7818   2.776435    -0.7821   2.776785    7.00059    -0.0013    13.8155 0.0000e+00  -64.41667  -62.06417 1154052506 209.089212    34.1758      69864         23  0.000e+00
     10.589    -0.7821   2.776442    -0.7821   2.776779    7.00063     0.0648    13.8155 0.0000e+00  -64.41667  -62.06417 1154052506 209.089213    34.1762      69865         23  0.000e+00
     10.618    -0.7818   2.776462    -0.7818   2.776796    7.00059     0.0207    13.8155 0.0000e+00  -64.41667  -62.06417 1154052507 209.089213    34.1760      69866         23  0.000e+00
     10.666    -0.7815   2.776412    -0.7815   2.776785    7.00063    -0.0674    13.8155 0.0000e+00  -64.41667  -62.06417 1154052507 209.089214    34.1751      69867         23  0.000e+00
     10.666    -0.7821   2.776412    -0.7815   2.776785    7.00072    -0.1225    13.8155 0.0000e+00  -64.41667  -62.06417 1154052507 209.089214    34.1758      69868         23  0.000e+00
     10.618    -0.7818   2.776419    -0.7820   2.776802    7.00062    -0.0894    13.8155 0.0000e+00  -64.41667  -62.06417 1154052507 209.089215    34.1755      69869         23  0.000e+00
     10.666    -0.7818   2.776419    -0.7821   2.776808    7.00066    -0.0564    13.8155 0.0000e+00  -64.41667  -62.06417 1154052507 209.089215    34.1754      69870         23  0.000e+00
     10.666    -0.7817   2.776419    -0.7815   2.776825    7.00065    -0.0013    13.8155 0.0000e+00  -64.41667  -62.06417 1154052507 209.089216    34.1753      69871         23  0.000e+00
     10.618    -0.7821   2.776419    -0.7817   2.776814    7.00067     0.0207    13.8155 0.0000e+00  -64.41667  -62.06417 1154052507 209.089216    34.1759      69872         23  0.000e+00
     10.666    -0.7819   2.776399    -0.7820   2.776808    7.00070    -0.0564    13.8155 0.0000e+00  -64.41667  -62.06417 1154052507 209.089217    34.1753      69873         23  0.000e+00
     10.732    -0.7820   2.776432    -0.7814   2.776825    7.00075    -0.0784    13.8155 0.0000e+00  -64.41667  -62.06417 1154052507 209.089217    34.1758      69874         23  0.000e+00
     10.618    -0.7821   2.776442    -0.7811   2.776831    7.00065    -0.1114    13.8155 0.0000e+00  -64.41667  -62.06417 1154052507 209.089218    34.1762      69875         23  0.000e+00
     10.732    -0.7822   2.776406    -0.7818   2.776791    7.00080    -0.0894    13.8155 0.0000e+00  -64.41667  -62.06417 1154052507 209.089218    34.1757      69876         23  0.000e+00
     10.732    -0.7820   2.776412    -0.7823   2.776727    7.00076    -0.0013    13.8155 0.0000e+00  -64.41667  -62.06417 1154052507 209.089219    34.1755      69877         23  0.000e+00
     10.685    -0.7824   2.776386    -0.7823   2.776762    7.00080     0.0428    13.8155 0.0000e+00  -64.41667  -62.06417 1154052507 209.089219    34.1757      69878         23  0.000e+00
     10.732    -0.7824   2.776376    -0.7826   2.776739    7.00085     0.0318    13.8155 0.0000e+00  -64.41667  -62.06417 1154052507 209.089220    34.1756      69879         23  0.000e+00
     10.666    -0.7824   2.776340    -0.7827   2.776704    7.00080    -0.0013    13.8155 0.0000e+00  -64.41667  -62.06417 1154052507 209.089220    34.1750      69880         23  0.000e+00
     10.761    -0.7834   2.776330    -0.7831   2.776698    7.00104    -0.0233    13.8155 0.0000e+00  -64.41667  -62.06417 1154052507 209.089221    34.1760      69881         23  0.000e+00
     10.732    -0.7834   2.776310    -0.7832   2.776698    7.00103    -0.0894    13.8155 0.0000e+00  -64.41667  -62.06417 1154052507 209.089221    34.1757      69882         23  0.000e+00
     10.732    -0.7833   2.776327    -0.7831   2.776698    7.00100    -0.0123    13.8155 0.0000e+00  -64.41667  -62.06417 1154052507 209.089222    34.1759      69883         23  0.000e+00
     10.761    -0.7832   2.776346    -0.7831   2.776698    7.00101    -0.0233    13.8155 0.0000e+00  -64.41667  -62.06417 1154052507 209.089222    34.1760      69884         23  0.000e+00
