product_data/regression_test/downloaded_data/MGDS/320620060703/ctd/p6623504.ros
* Sea-Bird SBE 9 Data File:
* FileName = D:\Data\Raw\p6623504.dat
* Software Version Seasave Win32 V 5.32
* Temperature SN = 1649
* Conductivity SN = 1431
* Number of Bytes Per Scan = 37
* Number of Voltage Words = 5
* Number of Scans Averaged by the Deck Unit = 1
* NMEA Latitude = 61 47.47 S
* NMEA Longitude = 053 17.41 W
* NMEA UTC (Time) = 18:47:37
** Ship:   Nathaniel B. Palmer 
** Cruise:    NBP0606 
# nquan = 17
# nvalues = 1176                    
# units = specified
# name 0 = prDM: Pressure, Digiquartz [db]
# name 1 = t090C: Temperature [ITS-90, deg C]
# name 2 = c0S/m: Conductivity [S/m]
# name 3 = t190C: Temperature, 2 [ITS-90, deg C]
# name 4 = c1S/m: Conductivity, 2 [S/m]
# name 5 = sbeox0ML/L: Oxygen, SBE 43 [ml/l]
# name 6 = flECO-AFL: Fluorescence, Wetlab ECO-AFL/FL [mg/m^3]
# name 7 = bat: Beam Attenuation, Chelsea/Seatech/Wetlab CStar [1/m]
# name 8 = spar: SPAR/Surface Irradiance
# name 9 = latitude: Latitude [deg]
# name 10 = longitude: Longitude [deg]
# name 11 = timeY: Time, System [seconds]
# name 12 = timeJ: Julian Days
# name 13 = sal00: Salinity [PSU]
# name 14 = scan: scan number
# name 15 = nbf: number of bottles fired
# name 16 = flag:  0.000e+00
# interval = seconds: 0.0416667                   
# start_time = Aug 07 2006 18:49:11
*END*
[from data line 1107]
     10.427    -1.7413   2.700908    -1.7427   2.701022    7.63939    -0.0674    13.8155 1.0520e+02  -61.79117  -53.29017 1154978209 219.803356    34.2350      39817         23  0.000e+00
     10.446    -1.7418   2.700882    -1.7424   2.701034    7.64428    -0.0013    13.8155 1.0520e+02  -61.79117  -53.29017 1154978209 219.803357    34.2352      39818         23  0.000e+00
     10.427    -1.7419   2.700879    -1.7418   2.701080    7.64429    -0.0123    13.8155 1.0520e+02  -61.79117  -53.29017 1154978209 219.803357    34.2353      39819         23  0.000e+00
     10.427    -1.7419   2.700879    -1.7412   2.701091    7.64429     0.0097    13.8155 1.0520e+02  -61.79117  -53.29017 1154978209 219.803358    34.2353      39820         23  0.000e+00
     10.446    -1.7415   2.700895    -1.7413   2.701131    7.64423     0.0428    13.8155 1.0520e+02  -61.79117  -53.29017 1154978209 219.803358    34.2350      39821         23  0.000e+00
     10.427    -1.7422   2.700898    -1.7411   2.701125    7.63954    -0.0564    13.8155 1.0520e+02  -61.79117  -53.29017 1154978209 219.803359    34.2360      39822         23  0.000e+00
     10.446    -1.7421   2.700882    -1.7415   2.701102    7.63956    -0.1004    13.8155 1.0520e+02  -61.79117  -53.29017 1154978209 219.803359    34.2356      39823         23  0.000e+00
     10.427    -1.7419   2.700895    -1.7416   2.701091    7.64427    -0.0784    13.8155 1.0520e+02  -61.79117  -53.29017 1154978209 219.803360    34.2355      39824         23  0.000e+00
     10.494    -1.7422   2.700882    -1.7417   2.701108    7.64440    -0.0343    13.8155 1.0520e+02  -61.79117  -53.29017 1154978209 219.803360    34.2357      39825         23  0.000e+00
     10.446    -1.7421   2.700879    -1.7415   2.701120    7.64433    -0.0784    13.8155 1.0325e+02  -61.79117  -53.29017 1154978209 219.803361    34.2355      39826         23  0.000e+00
     10.427    -1.7418   2.700859    -1.7412   2.701102    7.63950    -0.0454    13.8155 1.0325e+02  -61.79117  -53.29017 1154978209 219.803361    34.2349      39827         23  0.000e+00
     10.446    -1.7419   2.700905    -1.7414   2.701114    7.63951     0.0318    13.8155 1.0325e+02  -61.79117  -53.29017 1154978209 219.803362    34.2357      39828         23  0.000e+00
     10.427    -1.7416   2.700889    -1.7412   2.701120    7.63945     0.0428    13.8155 1.0325e+02  -61.79117  -53.29017 1154978209 219.803362    34.2351      39829         23  0.000e+00
     10.427    -1.7421   2.700908    -1.7415   2.701102    7.64429     0.0428    13.8155 1.0325e+02  -61.79117  -53.29017 1154978209 219.803363    34.2359      39830         23  0.000e+00
     10.446    -1.7419   2.700921    -1.7412   2.701097    7.64427     0.0097    13.8155 1.0325e+02  -61.79117  -53.29017 1154978209 219.803363    34.2359      39831         23  0.000e+00
     10.427    -1.7419   2.700905    -1.7416   2.701091    7.64427     0.0207    13.8155 1.0325e+02  -61.79117  -53.29017 1154978210 219.803364    34.2357      39832         23  0.000e+00
     10.446    -1.7417   2.700898    -1.7413   2.701091    7.64425    -0.0013    13.8155 1.0325e+02  -61.79117  -53.29017 1154978210 219.803364    34.2353      39833         23  0.000e+00
     10.494    -1.7413   2.700915    -1.7417   2.701114    7.64423    -0.0454    13.8155 1.0325e+02  -61.79117  -53.29017 1154978210 219.803365    34.2351      39834         23  0.000e+00
     10.427    -1.7418   2.700938    -1.7415   2.701102    7.64422    -0.0564    13.8155 1.0325e+02  -61.79117  -53.29017 1154978210 219.803365    34.2360      39835         23  0.000e+00
     10.446    -1.7415   2.700925    -1.7413   2.701114    7.64420    -0.0564    13.8155 1.0325e+02  -61.79117  -53.29017 1154978210 219.803366    34.2354      39836         23  0.000e+00
     10.522    -1.7416   2.700960    -1.7416   2.701085    7.64428    -0.0343    13.8155 1.0325e+02  -61.79117  -53.29017 1154978210 219.803374    34.2361      39853         24  0.000e+00
     10.494    -1.7414   2.700967    -1.7417   2.701091    7.64421    -0.0233    13.8155 1.0325e+02  -61.79117  -53.29017 1154978210 219.803374    34.2359      39854         24  0.000e+00
     10.427    -1.7416   2.700947    -1.7412   2.701074    7.64419     0.0097    13.8155 1.0325e+02  -61.79117  -53.29017 1154978210 219.803375    34.2359      39855         24  0.000e+00
     10.446    -1.7419   2.700944    -1.7416   2.701068    7.64426     0.0207    13.8155 1.0325e+02  -61.79117  -53.29017 1154978210 219.803375    34.2362      39856         24  0.000e+00
     10.494    -1.7419   2.700944    -1.7417   2.701085    7.64431    -0.0233    13.8155 1.0325e+02  -61.79117  -53.29017 1154978210 219.803376    34.2362      39857         24  0.000e+00
     10.446    -1.7416   2.700908    -1.7418   2.701074    7.64424    -0.0343    13.8155 1.0325e+02  -61.79117  -53.29017 1154978210 219.803376    34.2354      39858         24  0.000e+00
     10.493    -1.7419   2.700931    -1.7413   2.701085    7.64432    -0.0564    13.8155 1.0325e+02  -61.79117  -53.29017 1154978211 219.803377    34.2360      39859         24  0.000e+00
     10.427    -1.7419   2.700925    -1.7415   2.701097    7.64425    -0.0343    13.8155 1.0325e+02  -61.79117  -53.29017 1154978211 219.803377    34.2360      39860         24  0.000e+00
     10.522    -1.7419   2.700921    -1.7416   2.701091    7.64435    -0.0343    13.8155 1.0325e+02  -61.79117  -53.29017 1154978211 219.803378    34.2358      39861         24  0.000e+00
     10.427    -1.7418   2.700921    -1.7419   2.701074    7.64423     0.0207    13.8155 1.0325e+02  -61.79117  -53.29017 1154978211 219.803378    34.2357      39862         24  0.000e+00
     10.522    -1.7416   2.700954    -1.7415   2.701068    7.64429    -0.0343    13.8155 1.0325e+02  -61.79117  -53.29017 1154978211 219.803379    34.2360      39863         24  0.000e+00
     10.427    -1.7414   2.700947    -1.7412   2.701085    7.64415    -0.0564    13.8155 1.0325e+02  -61.79117  -53.29017 1154978211 219.803379    34.2357      39864         24  0.000e+00
     10.493    -1.7410   2.701009    -1.7413   2.701131    7.64412    -0.0343    13.8155 1.0325e+02  -61.79117  -53.29017 1154978211 219.803380    34.2360      39865         24  0.000e+00
     10.446    -1.7413   2.700983    -1.7415   2.701143    7.64413    -0.0233    13.8155 1.0325e+02  -61.79117  -53.29017 1154978211 219.803380    34.2360      39866         24  0.000e+00
     10.493    -1.7411   2.700996    -1.7418   2.701085    7.64415     0.0097    13.8155 1.0325e+02  -61.79117  -53.29017 1154978211 219.803381    34.2360      39867         24  0.000e+00
     10.427    -1.7415   2.700977    -1.7418   2.701068    7.64414    -0.0013    13.8155 1.0325e+02  -61.79117  -53.29017 1154978211 219.803381    34.2362      39868         24  0.000e+00
     10.522    -1.7411   2.700980    -1.7417   2.701085    7.64419     0.0868    13.8155 1.0325e+02  -61.79117  -53.29017 1154978211 219.803382    34.2358      39869         24  0.000e+00
     10.493    -1.7410   2.701003    -1.7418   2.701057    7.64412     0.1529    13.8155 1.0325e+02  -61.79117  -53.29017 1154978211 219.803382    34.2360      39870         24  0.000e+00
     10.446    -1.7413   2.700960    -1.7418   2.701080    7.64415     0.0538    13.8155 1.0325e+02  -61.79117  -53.29017 1154978211 219.803383    34.2357      39871         24  0.000e+00
     10.427    -1.7410   2.700993    -1.7421   2.701097    7.64406     0.0097    13.8155 1.0325e+02  -61.79117  -53.29017 1154978211 219.803383    34.2359      39872         24  0.000e+00
     10.493    -1.7410   2.700990    -1.7418   2.701074    7.64413     0.0207    13.8155 1.0325e+02  -61.79117  -53.29017 1154978211 219.803383    34.2358      39873         24  0.000e+00
     10.522    -1.7415   2.700970    -1.7416   2.701068    7.64426    -0.0013    13.8155 1.0325e+02  -61.79117  -53.29017 1154978211 219.803384    34.2361      39874         24  0.000e+00
     10.427    -1.7410   2.700967    -1.7415   2.701068    7.64408     0.0097    13.8155 1.0130e+02  -61.79117  -53.29017 1154978211 219.803384    34.2355      39875         24  0.000e+00
     10.522    -1.7410   2.700967    -1.7418   2.701068    7.64418     0.0097    13.8155 1.0130e+02  -61.79117  -53.29017 1154978211 219.803385    34.2354      39876         24  0.000e+00
     10.427    -1.7409   2.700980    -1.7419   2.701045    7.64405    -0.0343    13.8155 1.0130e+02  -61.79117  -53.29017 1154978211 219.803385    34.2355      39877         24  0.000e+00
     10.493    -1.7405   2.700970    -1.7418   2.701057    7.64407     0.0097    13.8155 1.0130e+02  -61.79117  -53.29017 1154978211 219.803386    34.2350      39878         24  0.000e+00
     10.522    -1.7411   2.700980    -1.7415   2.701051    7.64419     0.0758    13.8155 1.0130e+02  -61.79117  -53.29017 1154978211 219.803386    34.2358      39879         24  0.000e+00
     10.426    -1.7410   2.700970    -1.7416   2.701080    7.64408     0.0758    13.8155 9.9355e+01  -61.79117  -53.29017 1154978211 219.803387    34.2355      39880         24  0.000e+00
     10.522    -1.7413   2.700980    -1.7417   2.701074    7.64422     0.0097    13.8155 9.9355e+01  -61.79117  -53.29017 1154978211 219.803387    34.2360      39881         24  0.000e+00
     10.426    -1.7409   2.700970    -1.7421   2.701051    7.64405    -0.0343    13.8155 9.9355e+01  -61.79117  -53.29017 1154978212 219.803388    34.2354      39882         24  0.000e+00
     10.493    -1.7411   2.700980    -1.7414   2.701062    7.64416    -0.0894    13.8155 1.0130e+02  -61.79117  -53.29017 1154978212 219.803388    34.2358      39883         24  0.000e+00
     10.522    -1.7413   2.700986    -1.7422   2.701068    7.64421    -0.0674    13.8155 1.0130e+02  -61.79117  -53.29017 1154978212 219.803389    34.2360      39884         24  0.000e+00
     10.493    -1.7411   2.700954    -1.7416   2.701068    7.64417     0.0207    13.8155 1.0130e+02  -61.79117  -53.29017 1154978212 219.803389    34.2353      39885         24  0.000e+00
     10.445    -1.7410   2.700973    -1.7420   2.701085    7.64409     0.0207    13.8155 1.0130e+02  -61.79117  -53.29017 1154978212 219.803390    34.2356      39886         24  0.000e+00
     10.493    -1.7411   2.700954    -1.7422   2.701074    7.64418     0.0207    13.8155 1.0130e+02  -61.79117  -53.29017 1154978212 219.803390    34.2354      39887         24  0.000e+00
     10.493    -1.7409   2.700960    -1.7421   2.701068    7.64413    -0.0233    13.8155 1.0130e+02  -61.79117  -53.29017 1154978212 219.803391    34.2352      39888         24  0.000e+00
     10.445    -1.7413   2.700967    -1.7417   2.701102    7.64414    -0.0564    13.8155 1.0130e+02  -61.79117  -53.29017 1154978212 219.803391    34.2358      39889         24  0.000e+00
     10.493    -1.7415   2.700947    -1.7422   2.701080    7.64424    -0.0894    13.8155 1.0130e+02  -61.79117  -53.29017 1154978212 219.803392    34.2357      39890         24  0.000e+00
     10.522    -1.7413   2.700960    -1.7419   2.701068    7.64423     0.0428    13.8155 1.0130e+02  -61.79117  -53.29017 1154978212 219.803392    34.2357      39891         24  0.000e+00
     10.493    -1.7416   2.700947    -1.7417   2.701068    7.64426     0.0538    13.8155 1.0130e+02  -61.79117  -53.29017 1154978212 219.803393    34.2359      39892         24  0.000e+00
     10.493    -1.7415   2.700944    -1.7421   2.701068    7.64424     0.0097    13.8155 1.0130e+02  -61.79117  -53.29017 1154978212 219.803393    34.2357      39893         24  0.000e+00
     10.445    -1.7416   2.700925    -1.7421   2.701085    7.64423     0.0097    13.8155 1.0130e+02  -61.79117  -53.29017 1154978212 219.803394    34.2356      39894         24  0.000e+00
     10.493    -1.7415   2.700921    -1.7417   2.701057    7.64426     0.0207    13.8155 1.0130e+02  -61.79117  -53.29017 1154978212 219.803394    34.2354      39895         24  0.000e+00
     10.522    -1.7413   2.700954    -1.7421   2.701062    7.64423    -0.0013    13.8155 1.0130e+02  -61.79117  -53.29017 1154978212 219.803395    34.2356      39896         24  0.000e+00
     10.493    -1.7416   2.700947    -1.7415   2.701068    7.64426     0.0097    13.8155 1.0130e+02  -61.79117  -53.29017 1154978212 219.803395    34.2359      39897         24  0.000e+00
     10.426    -1.7415   2.700944    -1.7418   2.701085    7.64417     0.0097    13.8155 9.9355e+01  -61.79117  -53.29017 1154978212 219.803396    34.2357      39898         24  0.000e+00
     10.521    -1.7419   2.700944    -1.7419   2.701057    7.64434    -0.0013    13.8155 9.9355e+01  -61.79117  -53.29017 1154978212 219.803396    34.2362      39899         24  0.000e+00
     10.493    -1.7418   2.700908    -1.7419   2.701080    7.64431     0.0097    13.8155 9.9355e+01  -61.79117  -53.29017 1154978212 219.803397    34.2355      39900         24  0.000e+00
     10.521    -1.7418   2.700915    -1.7420   2.701034    7.64434     0.0097    13.8155 9.9355e+01  -61.79117  -53.29017 1154978212 219.803397    34.2356      39901         24  0.000e+00
