product_data/regression_test/downloaded_data/MGDS/320620060703/ctd/p6622301.ros
* Sea-Bird SBE 9 Data File:
* FileName = D:\Data\Raw\p6622301.dat
* Software Version Seasave Win32 V 5.32
* Temperature SN = 1649
* Conductivity SN = 1431
* Number of Bytes Per Scan = 37
* Number of Voltage Words = 5
* Number of Scans Averaged by the Deck Unit = 1
* NMEA Latitude = 62 45.31 S
* NMEA Longitude = 057 47.75 W
* NMEA UTC (Time) = 14:19:13
** Ship:   Nathaniel B. Palmer 
** Cruise:    NBP0606 
# nquan = 17
# nvalues = 1176                    
# units = specified
# name 0 = prDM: Pressure, Digiquartz [db]
# name 1 = t090C: Temperature [ITS-90, deg C]
# name 2 = c0S/m: Conductivity [S/m]
# name 3 = t190C: Temperature, 2 [ITS-90, deg C]
# name 4 = c1S/m: Conductivity, 2 [S/m]
# name 5 = sbeox0ML/L: Oxygen, SBE 43 [ml/l]
# name 6 = flECO-AFL: Fluorescence, Wetlab ECO-AFL/FL [mg/m^3]
# name 7 = bat: Beam Attenuation, Chelsea/Seatech/Wetlab CStar [1/m]
# name 8 = spar: SPAR/Surface Irradiance
# name 9 = latitude: Latitude [deg]
# name 10 = longitude: Longitude [deg]
# name 11 = timeY: Time, System [seconds]
# name 12 = timeJ: Julian Days
# name 13 = sal00: Salinity [PSU]
# name 14 = scan: scan number
# name 15 = nbf: number of bottles fired
# name 16 = flag:  0.000e+00
# interval = seconds: 0.0416667                   
# start_time = Aug 03 2006 14:19:57
*END*
[from data line 86]
    700.937    -0.7751   2.835206    -0.7748   2.835364    6.43229    -0.1114    13.8155 5.4158e+02  -62.75517  -57.79583 1154615891 215.609875    34.5417      26309          2  0.000e+00
    701.014    -0.7752   2.835166    -0.7746   2.835382    6.43239    -0.1445    13.8155 5.4158e+02  -62.75517  -57.79583 1154615891 215.609875    34.5412      26310          2  0.000e+00
    701.014    -0.7752   2.835182    -0.7749   2.835388    6.43238    -0.0564    13.8155 5.4158e+02  -62.75517  -57.79583 1154615891 215.609876    34.5414      26311          2  0.000e+00
    700.966    -0.7749   2.835176    -0.7749   2.835353    6.43231    -0.0784    13.8155 5.4158e+02  -62.75517  -57.79583 1154615891 215.609876    34.5411      26312          2  0.000e+00
    700.937    -0.7753   2.835172    -0.7754   2.835353    6.43234    -0.1445    13.8155 5.3964e+02  -62.75517  -57.79583 1154615891 215.609877    34.5415      26313          2  0.000e+00
    701.014    -0.7752   2.835136    -0.7749   2.835364    6.43241    -0.1555    13.8155 5.3964e+02  -62.75517  -57.79583 1154615893 215.609877    34.5408      26314          2  0.000e+00
    701.014    -0.7754   2.835159    -0.7756   2.835370    6.43243    -0.1555    13.8155 5.4158e+02  -62.75517  -57.79583 1154615893 215.609878    34.5413      26315          2  0.000e+00
    700.937    -0.7753   2.835152    -0.7749   2.835359    6.43235    -0.1665    13.8155 5.4158e+02  -62.75517  -57.79583 1154615893 215.609878    34.5412      26316          2  0.000e+00
    701.014    -0.7752   2.835199    -0.7749   2.835382    6.43237    -0.1335    13.8155 5.4158e+02  -62.75517  -57.79583 1154615893 215.609878    34.5416      26317          2  0.000e+00
    700.937    -0.7753   2.835149    -0.7756   2.835388    6.43234    -0.0454    13.8155 5.4158e+02  -62.75517  -57.79583 1154615893 215.609879    34.5411      26318          2  0.000e+00
    701.014    -0.7758   2.835176    -0.7751   2.835370    6.43247    -0.0674    13.8155 5.4158e+02  -62.75517  -57.79583 1154615893 215.609879    34.5420      26319          2  0.000e+00
    700.966    -0.7753   2.835196    -0.7752   2.835341    6.43235    -0.0564    13.8155 5.4158e+02  -62.75517  -57.79583 1154615893 215.609880    34.5418      26320          2  0.000e+00
    400.619    -1.2947   2.774075    -1.2900   2.774644    6.88353    -0.1225    13.8155 7.8121e+02  -62.75517  -57.79583 1154616317 215.614807    34.4865      36537          3  0.000e+00
    400.686    -1.2951   2.774075    -1.2902   2.774621    6.88365    -0.0894    13.8155 7.7926e+02  -62.75517  -57.79583 1154616317 215.614808    34.4869      36538          3  0.000e+00
    400.619    -1.2945   2.774108    -1.2911   2.774615    6.88348    -0.1114    13.8155 7.8121e+02  -62.75517  -57.79583 1154616318 215.614808    34.4867      36539          3  0.000e+00
    400.619    -1.2945   2.774135    -1.2902   2.774632    6.88346    -0.1445    13.8155 7.7926e+02  -62.75517  -57.79583 1154616318 215.614809    34.4870      36540          3  0.000e+00
    400.686    -1.2943   2.774158    -1.2903   2.774644    6.88349    -0.0784    13.8155 7.8121e+02  -62.75517  -57.79583 1154616318 215.614809    34.4872      36541          3  0.000e+00
    400.619    -1.2943   2.774115    -1.2905   2.774603    6.88345    -0.1114    13.8155 7.7926e+02  -62.75517  -57.79583 1154616318 215.614810    34.4866      36542          3  0.000e+00
    400.619    -1.2938   2.774098    -1.2903   2.774609    6.88340    -0.1886    13.8155 7.7926e+02  -62.75517  -57.79583 1154616318 215.614810    34.4858      36543          3  0.000e+00
    400.619    -1.2937   2.774115    -1.2906   2.774592    6.88337    -0.1004    13.8155 7.7926e+02  -62.75517  -57.79583 1154616318 215.614810    34.4859      36544          3  0.000e+00
    400.686    -1.2940   2.774135    -1.2902   2.774626    6.88346    -0.0123    13.8155 7.7926e+02  -62.75517  -57.79583 1154616318 215.614811    34.4865      36545          3  0.000e+00
    400.619    -1.2939   2.774125    -1.2903   2.774621    6.88338    -0.0343    13.8155 7.7926e+02  -62.75517  -57.79583 1154616318 215.614811    34.4862      36546          3  0.000e+00
    400.619    -1.2938   2.774122    -1.2910   2.774597    6.88338    -0.0564    13.8155 7.7926e+02  -62.75517  -57.79583 1154616318 215.614812    34.4862      36547          3  0.000e+00
    400.619    -1.2941   2.774122    -1.2911   2.774609    6.88342    -0.1004    13.8155 7.7926e+02  -62.75517  -57.79583 1154616318 215.614812    34.4865      36548          3  0.000e+00
    400.619    -1.2943   2.774102    -1.2903   2.774592    6.88347    -0.0564    13.8155 7.7926e+02  -62.75517  -57.79583 1154616318 215.614813    34.4865      36549          3  0.000e+00
    400.619    -1.2948   2.774079    -1.2906   2.774603    6.88354    -0.0564    13.8155 7.7926e+02  -62.75517  -57.79583 1154616318 215.614813    34.4866      36550          3  0.000e+00
    400.686    -1.2947   2.774108    -1.2905   2.774615    6.88357    -0.0564    13.8155 7.8121e+02  -62.75517  -57.79583 1154616318 215.614814    34.4869      36551          3  0.000e+00
    400.619    -1.2946   2.774102    -1.2905   2.774592    6.88350    -0.0564    13.8155 7.8316e+02  -62.75517  -57.79583 1154616318 215.614814    34.4868      36552          3  0.000e+00
    400.619    -1.2945   2.774098    -1.2914   2.774568    6.88348    -0.1775    13.8155 7.8316e+02  -62.75517  -57.79583 1154616318 215.614815    34.4865      36553          3  0.000e+00
    400.619    -1.2943   2.774079    -1.2919   2.774522    6.88348    -0.1555    13.8155 7.8316e+02  -62.75517  -57.79583 1154616318 215.614815    34.4861      36554          3  0.000e+00
    400.619    -1.2943   2.774075    -1.2923   2.774487    6.88348    -0.0564    13.8155 7.8316e+02  -62.75517  -57.79583 1154616318 215.614816    34.4861      36555          3  0.000e+00
    400.647    -1.2949   2.774042    -1.2923   2.774499    6.88362    -0.0784    13.8155 7.8316e+02  -62.75517  -57.79583 1154616318 215.614816    34.4863      36556          3  0.000e+00
    400.619    -1.2946   2.774046    -1.2926   2.774528    6.88354    -0.1225    13.8155 7.8316e+02  -62.75517  -57.79583 1154616318 215.614817    34.4860      36557          3  0.000e+00
    400.619    -1.2949   2.774036    -1.2920   2.774493    6.88359    -0.0674    13.8155 7.8121e+02  -62.75517  -57.79583 1154616318 215.614817    34.4862      36558          3  0.000e+00
    400.619    -1.2943   2.774046    -1.2928   2.774464    6.88350     0.0538    13.8155 7.8121e+02  -62.75517  -57.79583 1154616318 215.614818    34.4857      36559          3  0.000e+00
    400.619    -1.2946   2.774069    -1.2925   2.774493    6.88352    -0.0454    13.8155 7.8121e+02  -62.75517  -57.79583 1154616318 215.614818    34.4863      36560          3  0.000e+00
    400.619    -1.2948   2.774056    -1.2923   2.774528    6.88356    -0.2436    13.8155 7.8316e+02  -62.75517  -57.79583 1154616318 215.614819    34.4864      36561          3  0.000e+00
    400.619    -1.2946   2.774052    -1.2922   2.774551    6.88354    -0.2106    13.8155 7.8316e+02  -62.75517  -57.79583 1154616318 215.614819    34.4861      36562          3  0.000e+00
    400.619    -1.2946   2.774052    -1.2922   2.774499    6.88354    -0.1555    13.8155 7.8316e+02  -62.75517  -57.79583 1154616318 215.614820    34.4861      36563          3  0.000e+00
    400.619    -1.2943   2.774052    -1.2920   2.774499    6.88350    -0.1114    13.8155 7.8316e+02  -62.75517  -57.79583 1154616319 215.614820    34.4858      36564          3  0.000e+00
    400.619    -1.2946   2.774036    -1.2922   2.774511    6.88355    -0.1445    13.8155 7.8316e+02  -62.75517  -57.79583 1154616319 215.614821    34.4859      36565          3  0.000e+00
    400.619    -1.2937   2.774046    -1.2925   2.774511    6.88342    -0.1445    13.8155 7.8316e+02  -62.75517  -57.79583 1154616319 215.614821    34.4850      36566          3  0.000e+00
    400.619    -1.2945   2.774019    -1.2925   2.774487    6.88354    -0.1445    13.8155 7.8316e+02  -62.75517  -57.79583 1154616319 215.614822    34.4855      36567          3  0.000e+00
    400.619    -1.2948   2.774026    -1.2925   2.774499    6.88358    -0.0784    13.8155 7.8316e+02  -62.75517  -57.79583 1154616319 215.614822    34.4859      36568          3  0.000e+00
    400.619    -1.2948   2.774033    -1.2914   2.774528    6.88358    -0.1335    13.8155 7.8316e+02  -62.75517  -57.79583 1154616319 215.614823    34.4860      36569          3  0.000e+00
    400.552    -1.2949   2.774013    -1.2919   2.774551    6.88354    -0.1665    13.8155 7.8316e+02  -62.75517  -57.79583 1154616319 215.614823    34.4859      36570          3  0.000e+00
    400.619    -1.2951   2.774026    -1.2919   2.774522    6.88363    -0.1225    13.8155 7.8316e+02  -62.75517  -57.79583 1154616319 215.614823    34.4863      36571          3  0.000e+00
    400.619    -1.2954   2.773996    -1.2917   2.774528    6.88368    -0.1114    13.8155 7.8316e+02  -62.75517  -57.79583 1154616319 215.614824    34.4862      36572          3  0.000e+00
    400.619    -1.2948   2.773986    -1.2922   2.774516    6.88360    -0.0894    13.8155 7.8316e+02  -62.75517  -57.79583 1154616319 215.614824    34.4854      36573          3  0.000e+00
    400.619    -1.2949   2.773950    -1.2923   2.774528    6.88365    -0.1004    13.8155 7.8316e+02  -62.75517  -57.79583 1154616319 215.614825    34.4851      36574          3  0.000e+00
    400.552    -1.2957   2.773957    -1.2919   2.774493    6.88369    -0.1335    13.8155 7.8316e+02  -62.75517  -57.79583 1154616319 215.614825    34.4861      36575          3  0.000e+00
    400.619    -1.2960   2.773996    -1.2925   2.774522    6.88875    -0.1445    13.8155 7.8316e+02  -62.75517  -57.79583 1154616319 215.614826    34.4869      36576          3  0.000e+00
    400.619    -1.2957   2.774010    -1.2917   2.774516    6.88869    -0.0784    13.8155 7.8316e+02  -62.75517  -57.79583 1154616319 215.614826    34.4868      36577          3  0.000e+00
    400.552    -1.2962   2.774009    -1.2914   2.774511    6.88372    -0.1225    13.8155 7.8316e+02  -62.75517  -57.79583 1154616319 215.614827    34.4873      36578          3  0.000e+00
    400.647    -1.2949   2.774039    -1.2919   2.774528    6.88362    -0.1775    13.8155 7.8316e+02  -62.75517  -57.79583 1154616319 215.614827    34.4863      36579          3  0.000e+00
    400.552    -1.2952   2.774052    -1.2914   2.774568    6.88356    -0.1114    13.8155 7.8316e+02  -62.75517  -57.79583 1154616319 215.614828    34.4869      36580          3  0.000e+00
    400.619    -1.2951   2.774069    -1.2911   2.774586    6.88360    -0.0123    13.8155 7.8316e+02  -62.75517  -57.79583 1154616319 215.614828    34.4869      36581          3  0.000e+00
    400.619    -1.2937   2.774108    -1.2910   2.774568    6.88337    -0.0343    13.8155 7.8121e+02  -62.75517  -57.79583 1154616319 215.614829    34.4858      36582          3  0.000e+00
    400.552    -1.2918   2.774135    -1.2908   2.774621    6.88799    -0.0894    13.8155 7.7926e+02  -62.75517  -57.79583 1154616319 215.614829    34.4841      36583          3  0.000e+00
    400.619    -1.2909   2.774141    -1.2908   2.774597    6.88296    -0.1114    13.8155 7.8121e+02  -62.75517  -57.79583 1154616319 215.614830    34.4831      36584          3  0.000e+00
    400.619    -1.2901   2.774125    -1.2899   2.774626    6.88285    -0.1335    13.8155 7.8316e+02  -62.75517  -57.79583 1154616319 215.614830    34.4819      36585          3  0.000e+00
    400.829    -1.2836   2.775018    -1.2842   2.775223    6.90640    -0.0123    13.8155 7.8510e+02  -62.75517  -57.79583 1154616326 215.614909    34.4865      36749          4  0.000e+00
    400.551    -1.2835   2.775034    -1.2842   2.775223    6.93097    -0.0784    13.8155 7.8510e+02  -62.75517  -57.79583 1154616326 215.614910    34.4868      36750          4  0.000e+00
    400.906    -1.2829   2.774998    -1.2842   2.775189    6.93126    -0.1225    13.8155 7.8510e+02  -62.75517  -57.79583 1154616326 215.614910    34.4855      36751          4  0.000e+00
    400.762    -1.2840   2.774988    -1.2833   2.775212    6.92133    -0.0674    13.8155 7.8316e+02  -62.75517  -57.79583 1154616326 215.614911    34.4866      36752          4  0.000e+00
    400.551    -1.2831   2.775004    -1.2842   2.775200    6.91105    -0.1114    13.8155 7.8316e+02  -62.75517  -57.79583 1154616326 215.614911    34.4860      36753          4  0.000e+00
    400.829    -1.2835   2.775028    -1.2838   2.775212    6.90639    -0.0784    13.8155 7.8316e+02  -62.75517  -57.79583 1154616326 215.614912    34.4866      36754          4  0.000e+00
    400.685    -1.2831   2.775051    -1.2839   2.775200    6.90617    -0.0564    13.8155 7.8316e+02  -62.75517  -57.79583 1154616327 215.614912    34.4865      36755          4  0.000e+00
    400.762    -1.2829   2.775057    -1.2830   2.775229    6.90621    -0.0564    13.8155 7.8510e+02  -62.75517  -57.79583 1154616327 215.614913    34.4863      36756          4  0.000e+00
    400.714    -1.2825   2.775037    -1.2827   2.775287    6.90612    -0.1225    13.8155 7.8510e+02  -62.75517  -57.79583 1154616327 215.614913    34.4856      36757          4  0.000e+00
    400.762    -1.2829   2.775034    -1.2819   2.775305    6.90623    -0.1004    13.8155 7.8510e+02  -62.75517  -57.79583 1154616327 215.614914    34.4860      36758          4  0.000e+00
    400.685    -1.2828   2.775034    -1.2827   2.775305    6.90614    -0.0784    13.8155 7.8510e+02  -62.75517  -57.79583 1154616327 215.614914    34.4860      36759          4  0.000e+00
    400.762    -1.2833   2.775051    -1.2824   2.775339    6.90628    -0.1114    13.8155 7.8510e+02  -62.75517  -57.79583 1154616327 215.614915    34.4867      36760          4  0.000e+00
    400.762    -1.2835   2.775005    -1.2824   2.775334    6.90634    -0.1775    13.8155 7.8316e+02  -62.75517  -57.79583 1154616327 215.614915    34.4863      36761          4  0.000e+00
    400.685    -1.2837   2.775005    -1.2827   2.775345    6.90132    -0.1886    13.8155 7.8510e+02  -62.75517  -57.79583 1154616327 215.614916    34.4866      36762          4  0.000e+00
    400.762    -1.2832   2.775011    -1.2827   2.775374    6.90131    -0.2106    13.8155 7.8510e+02  -62.75517  -57.79583 1154616327 215.614916    34.4860      36763          4  0.000e+00
    400.685    -1.2837   2.774978    -1.2825   2.775363    6.90134    -0.1225    13.8155 7.8510e+02  -62.75517  -57.79583 1154616327 215.614917    34.4862      36764          4  0.000e+00
    400.762    -1.2835   2.774998    -1.2825   2.775374    6.90137    -0.1114    13.8155 7.8510e+02  -62.75517  -57.79583 1154616327 215.614917    34.4862      36765          4  0.000e+00
    400.685    -1.2837   2.775011    -1.2824   2.775397    6.90629    -0.0784    13.8155 7.8510e+02  -62.75517  -57.79583 1154616327 215.614918    34.4867      36766          4  0.000e+00
    400.762    -1.2840   2.774991    -1.2825   2.775368    6.90641    -0.0894    13.8155 7.8510e+02  -62.75517  -57.79583 1154616327 215.614918    34.4866      36767          4  0.000e+00
    400.762    -1.2842   2.775005    -1.2825   2.775374    6.90643    -0.1335    13.8155 7.8510e+02  -62.75517  -57.79583 1154616327 215.614918    34.4871      36768          4  0.000e+00
    400.762    -1.2832   2.775044    -1.2822   2.775380    6.90129    -0.0454    13.8155 7.8510e+02  -62.75517  -57.79583 1154616327 215.614919    34.4865      36769          4  0.000e+00
    400.685    -1.2828   2.775070    -1.2818   2.775380    6.90115     0.0097    13.8155 7.8316e+02  -62.75517  -57.79583 1154616327 215.614919    34.4864      36770          4  0.000e+00
    400.762    -1.2823   2.775100    -1.2822   2.775363    6.90112    -0.0343    13.8155 7.8510e+02  -62.75517  -57.79583 1154616327 215.614920    34.4862      36771          4  0.000e+00
