product_data/regression_test/downloaded_data/MGDS/320620060703/ctd/p6623801.ros
* Sea-Bird SBE 9 Data File:
* FileName = D:\Data\Raw\p6623801.dat
* Software Version Seasave Win32 V 5.32
* Temperature SN = 1649
* Conductivity SN = 1431
* Number of Bytes Per Scan = 37
* Number of Voltage Words = 5
* Number of Scans Averaged by the Deck Unit = 1
* NMEA Latitude = 61 28.98 S
* NMEA Longitude = 053 51.85 W
* NMEA UTC (Time) = 01:59:52
** Ship:   Nathaniel B. Palmer 
** Cruise:    NBP0606 
# nquan = 17
# nvalues = 1176                    
# units = specified
# name 0 = prDM: Pressure, Digiquartz [db]
# name 1 = t090C: Temperature [ITS-90, deg C]
# name 2 = c0S/m: Conductivity [S/m]
# name 3 = t190C: Temperature, 2 [ITS-90, deg C]
# name 4 = c1S/m: Conductivity, 2 [S/m]
# name 5 = sbeox0ML/L: Oxygen, SBE 43 [ml/l]
# name 6 = flECO-AFL: Fluorescence, Wetlab ECO-AFL/FL [mg/m^3]
# name 7 = bat: Beam Attenuation, Chelsea/Seatech/Wetlab CStar [1/m]
# name 8 = spar: SPAR/Surface Irradiance
# name 9 = latitude: Latitude [deg]
# name 10 = longitude: Longitude [deg]
# name 11 = timeY: Time, System [seconds]
# name 12 = timeJ: Julian Days
# name 13 = sal00: Salinity [PSU]
# name 14 = scan: scan number
# name 15 = nbf: number of bottles fired
# name 16 = flag:  0.000e+00
# interval = seconds: 0.0416667                   
# start_time = Aug 08 2006 02:01:29
*END*
[from data line 937]
     49.721    -1.6616   2.712982    -1.6608   2.713238    7.43944    -0.0233    13.8155 0.0000e+00  -61.48300  -53.86417 1155004280 220.105109    34.2859      43020         20  0.000e+00
     49.721    -1.6612   2.712982    -1.6606   2.713215    7.44418     0.0538    13.8155 0.0000e+00  -61.48300  -53.86417 1155004280 220.105110    34.2855      43021         20  0.000e+00
     49.644    -1.6608   2.712982    -1.6601   2.713255    7.43925     0.0648    13.8155 0.0000e+00  -61.48300  -53.86417 1155004280 220.105110    34.2851      43022         20  0.000e+00
     49.721    -1.6604   2.713024    -1.6604   2.713238    7.43924     0.0207    13.8155 0.0000e+00  -61.48300  -53.86417 1155004280 220.105111    34.2852      43023         20  0.000e+00
     49.721    -1.6600   2.713060    -1.6599   2.713227    7.44394     0.0207    13.8155 0.0000e+00  -61.48300  -53.86417 1155004280 220.105111    34.2852      43024         20  0.000e+00
     49.721    -1.6603   2.713070    -1.6599   2.713227    7.44399    -0.0013    13.8155 0.0000e+00  -61.48300  -53.86417 1155004280 220.105112    34.2857      43025         20  0.000e+00
     49.644    -1.6603   2.713070    -1.6594   2.713227    7.44390     0.0428    13.8155 0.0000e+00  -61.48300  -53.86417 1155004280 220.105112    34.2857      43026         20  0.000e+00
     49.721    -1.6608   2.713070    -1.6601   2.713284    7.44406     0.0428    13.8155 0.0000e+00  -61.48300  -53.86417 1155004281 220.105113    34.2863      43027         20  0.000e+00
     49.721    -1.6608   2.713070    -1.6593   2.713342    7.44406     0.0207    13.8155 0.0000e+00  -61.48300  -53.86417 1155004281 220.105113    34.2863      43028         20  0.000e+00
     49.645    -1.6612   2.713070    -1.6596   2.713336    7.43925    -0.0674    13.8155 0.0000e+00  -61.48300  -53.86417 1155004281 220.105114    34.2868      43029         20  0.000e+00
     49.721    -1.6611   2.713050    -1.6593   2.713347    7.43932    -0.0894    13.8155 0.0000e+00  -61.48300  -53.86417 1155004281 220.105114    34.2863      43030         20  0.000e+00
     49.645    -1.6612   2.713063    -1.6588   2.713359    7.44405    -0.0454    13.8155 0.0000e+00  -61.48300  -53.86417 1155004281 220.105115    34.2867      43031         20  0.000e+00
     49.721    -1.6603   2.713119    -1.6587   2.713336    7.43915    -0.0674    13.8155 0.0000e+00  -61.48300  -53.86417 1155004281 220.105115    34.2864      43032         20  0.000e+00
     49.645    -1.6594   2.713184    -1.6594   2.713313    7.43889    -0.0894    13.8155 0.0000e+00  -61.48300  -53.86417 1155004281 220.105116    34.2863      43033         20  0.000e+00
     49.711    -1.6591   2.713181    -1.6588   2.713307    7.44371    -0.0784    13.8155 0.0000e+00  -61.48300  -53.86417 1155004281 220.105116    34.2859      43034         20  0.000e+00
     49.645    -1.6589   2.713128    -1.6588   2.713324    7.43885    -0.0454    13.8155 0.0000e+00  -61.48300  -53.86417 1155004281 220.105117    34.2850      43035         20  0.000e+00
     49.721    -1.6593   2.713128    -1.6591   2.713313    7.43899    -0.0454    13.8155 0.0000e+00  -61.48300  -53.86417 1155004281 220.105117    34.2853      43036         20  0.000e+00
     49.645    -1.6595   2.713115    -1.6593   2.713307    7.43896    -0.0674    13.8155 0.0000e+00  -61.48300  -53.86417 1155004281 220.105118    34.2855      43037         20  0.000e+00
     49.721    -1.6594   2.713128    -1.6593   2.713284    7.43901     0.0097    13.8155 0.0000e+00  -61.48300  -53.86417 1155004281 220.105118    34.2855      43038         20  0.000e+00
     49.721    -1.6588   2.713184    -1.6599   2.713278    7.43888    -0.0013    13.8155 0.0000e+00  -61.48300  -53.86417 1155004281 220.105119    34.2855      43039         20  0.000e+00
     49.645    -1.6589   2.713216    -1.6591   2.713278    7.44358     0.0207    13.8155 0.0000e+00  -61.48300  -53.86417 1155004281 220.105119    34.2862      43040         20  0.000e+00
     49.721    -1.6591   2.713203    -1.6578   2.713399    7.43412     0.0318    13.8155 0.0000e+00  -61.48300  -53.86417 1155004281 220.105120    34.2862      43041         20  0.000e+00
     49.721    -1.6591   2.713216    -1.6582   2.713416    7.43411    -0.0013    13.8155 0.0000e+00  -61.48300  -53.86417 1155004281 220.105120    34.2864      43042         20  0.000e+00
     49.645    -1.6584   2.713272    -1.6594   2.713330    7.44347    -0.0674    13.8155 0.0000e+00  -61.48300  -53.86417 1155004281 220.105121    34.2864      43043         20  0.000e+00
     49.721    -1.6580   2.713288    -1.6606   2.713244    7.44348    -0.1004    13.8155 0.0000e+00  -61.48300  -53.86417 1155004281 220.105121    34.2861      43044         20  0.000e+00
     49.721    -1.6585   2.713252    -1.6611   2.713146    7.43878    -0.0454    13.8155 0.0000e+00  -61.48300  -53.86417 1155004281 220.105122    34.2861      43045         20  0.000e+00
     49.721    -1.6587   2.713210    -1.6607   2.713123    7.44364    -0.0454    13.8155 0.0000e+00  -61.48300  -53.86417 1155004281 220.105122    34.2858      43046         20  0.000e+00
     49.645    -1.6579   2.713216    -1.6599   2.713158    7.44343    -0.0454    13.8155 0.0000e+00  -61.48300  -53.86417 1155004281 220.105122    34.2850      43047         20  0.000e+00
     49.721    -1.6577   2.713285    -1.6597   2.713250    7.43864    -0.1445    13.8155 0.0000e+00  -61.48300  -53.86417 1155004281 220.105123    34.2857      43048         20  0.000e+00
     49.721    -1.6568   2.713373    -1.6596   2.713296    7.43843    -0.0343    13.8155 0.0000e+00  -61.48300  -53.86417 1155004281 220.105123    34.2859      43049         20  0.000e+00
     49.645    -1.6557   2.713347    -1.6590   2.713382    7.43342    -0.0454    13.8155 0.0000e+00  -61.48300  -53.86417 1155004281 220.105124    34.2843      43050         20  0.000e+00
     49.721    -1.6565   2.713298    -1.6582   2.713445    7.43365    -0.1004    13.8155 0.0000e+00  -61.48300  -53.86417 1155004282 220.105124    34.2844      43051         20  0.000e+00
     49.645    -1.6571   2.713269    -1.6578   2.713497    7.44327    -0.0784    13.8155 0.0000e+00  -61.48300  -53.86417 1155004282 220.105125    34.2848      43052         20  0.000e+00
     49.721    -1.6572   2.713246    -1.6576   2.713531    7.44339     0.0097    13.8155 0.0000e+00  -61.48300  -53.86417 1155004282 220.105125    34.2846      43053         20  0.000e+00
     49.645    -1.6580   2.713243    -1.6573   2.713543    7.44342    -0.0454    13.8155 0.0000e+00  -61.48300  -53.86417 1155004282 220.105126    34.2855      43054         20  0.000e+00
     49.721    -1.6582   2.713226    -1.6572   2.713520    7.44355    -0.0894    13.8155 0.0000e+00  -61.48300  -53.86417 1155004282 220.105126    34.2854      43055         20  0.000e+00
     49.645    -1.6580   2.713223    -1.6575   2.713531    7.43385    -0.0343    13.8155 0.0000e+00  -61.48300  -53.86417 1155004282 220.105127    34.2852      43056         20  0.000e+00
     49.721    -1.6580   2.713272    -1.6570   2.713503    7.43870    -0.0013    13.8155 0.0000e+00  -61.48300  -53.86417 1155004282 220.105127    34.2859      43057         20  0.000e+00
     49.721    -1.6582   2.713288    -1.6570   2.713503    7.43871    -0.0343    13.8155 0.0000e+00  -61.48300  -53.86417 1155004282 220.105128    34.2863      43058         20  0.000e+00
     49.645    -1.6580   2.713252    -1.6565   2.713589    7.44342    -0.0343    13.8155 0.0000e+00  -61.48300  -53.86417 1155004282 220.105128    34.2856      43059         20  0.000e+00
     49.712    -1.6583   2.713259    -1.6558   2.713675    7.43874    -0.0013    13.8155 0.0000e+00  -61.48300  -53.86417 1155004282 220.105129    34.2861      43060         20  0.000e+00
     49.721    -1.6580   2.713246    -1.6561   2.713715    7.43392    -0.0784    13.8155 0.0000e+00  -61.48300  -53.86417 1155004282 220.105129    34.2855      43061         20  0.000e+00
     49.645    -1.6586   2.713243    -1.6551   2.713796    7.43872    -0.0674    13.8155 0.0000e+00  -61.48300  -53.86417 1155004282 220.105130    34.2862      43062         20  0.000e+00
     10.499    -1.7555   2.702198    -1.7555   2.702314    7.46862    -0.0343    13.8155 0.0000e+00  -61.48300  -53.86417 1155004366 220.106101    34.2694      45075         21  0.000e+00
     10.595    -1.7559   2.702175    -1.7554   2.702314    7.46880    -0.0233    13.8155 0.0000e+00  -61.48300  -53.86417 1155004366 220.106101    34.2695      45076         21  0.000e+00
     10.566    -1.7555   2.702227    -1.7552   2.702348    7.46866    -0.0343    13.8155 0.0000e+00  -61.48300  -53.86417 1155004366 220.106101    34.2697      45077         21  0.000e+00
     10.642    -1.7557   2.702218    -1.7554   2.702343    7.46879    -0.0564    13.8155 0.0000e+00  -61.48300  -53.86417 1155004366 220.106102    34.2699      45078         21  0.000e+00
     10.528    -1.7556   2.702188    -1.7554   2.702337    7.46867    -0.0674    13.8155 0.0000e+00  -61.48300  -53.86417 1155004366 220.106102    34.2693      45079         21  0.000e+00
     10.566    -1.7555   2.702185    -1.7551   2.702337    7.46869    -0.0894    13.8155 0.0000e+00  -61.48300  -53.86417 1155004366 220.106103    34.2691      45080         21  0.000e+00
     10.642    -1.7561   2.702201    -1.7551   2.702337    7.46886    -0.0784    13.8155 0.0000e+00  -61.48300  -53.86417 1155004366 220.106103    34.2700      45081         21  0.000e+00
     10.528    -1.7561   2.702205    -1.7555   2.702320    7.46873    -0.0564    13.8155 0.0000e+00  -61.48300  -53.86417 1155004366 220.106104    34.2701      45082         21  0.000e+00
     10.642    -1.7555   2.702175    -1.7554   2.702314    7.46878    -0.1004    13.8155 0.0000e+00  -61.48300  -53.86417 1155004366 220.106104    34.2689      45083         21  0.000e+00
     10.566    -1.7561   2.702162    -1.7552   2.702331    7.46880    -0.0784    13.8155 0.0000e+00  -61.48300  -53.86417 1155004366 220.106105    34.2695      45084         21  0.000e+00
     10.595    -1.7557   2.702195    -1.7555   2.702320    7.46876    -0.0343    13.8155 0.0000e+00  -61.48300  -53.86417 1155004366 220.106105    34.2696      45085         21  0.000e+00
     10.566    -1.7557   2.702188    -1.7558   2.702314    7.46874    -0.0123    13.8155 0.0000e+00  -61.48300  -53.86417 1155004366 220.106106    34.2695      45086         21  0.000e+00
     10.595    -1.7557   2.702185    -1.7555   2.702331    7.46877    -0.0013    13.8155 0.0000e+00  -61.48300  -53.86417 1155004366 220.106106    34.2695      45087         21  0.000e+00
     10.643    -1.7559   2.702201    -1.7560   2.702337    7.46883    -0.0233    13.8155 0.0000e+00  -61.48300  -53.86417 1155004366 220.106107    34.2698      45088         21  0.000e+00
     10.566    -1.7561   2.702188    -1.7549   2.702337    7.46879    -0.0674    13.8155 0.0000e+00  -61.48300  -53.86417 1155004366 220.106107    34.2699      45089         21  0.000e+00
     10.528    -1.7559   2.702185    -1.7555   2.702320    7.46872    -0.0454    13.8155 0.0000e+00  -61.48300  -53.86417 1155004367 220.106108    34.2697      45090         21  0.000e+00
     10.643    -1.7557   2.702198    -1.7557   2.702314    7.46880    -0.0454    13.8155 0.0000e+00  -61.48300  -53.86417 1155004367 220.106108    34.2696      45091         21  0.000e+00
     10.566    -1.7556   2.702188    -1.7555   2.702314    7.46871    -0.0454    13.8155 0.0000e+00  -61.48300  -53.86417 1155004367 220.106109    34.2693      45092         21  0.000e+00
     10.595    -1.7556   2.702198    -1.7554   2.702348    7.46874    -0.0564    13.8155 0.0000e+00  -61.48300  -53.86417 1155004367 220.106109    34.2695      45093         21  0.000e+00
     10.566    -1.7559   2.702205    -1.7552   2.702365    7.46875    -0.0233    13.8155 0.0000e+00  -61.48300  -53.86417 1155004367 220.106110    34.2699      45094         21  0.000e+00
     10.595    -1.7559   2.702208    -1.7552   2.702325    7.46877    -0.0013    13.8155 0.0000e+00  -61.48300  -53.86417 1155004367 220.106110    34.2699      45095         21  0.000e+00
     10.566    -1.7554   2.702205    -1.7557   2.702348    7.46868    -0.0343    13.8155 0.0000e+00  -61.48300  -53.86417 1155004367 220.106111    34.2694      45096         21  0.000e+00
     10.566    -1.7551   2.702205    -1.7555   2.702365    7.47341    -0.0343    13.8155 0.0000e+00  -61.48300  -53.86417 1155004367 220.106111    34.2690      45097         21  0.000e+00
     10.595    -1.7550   2.702221    -1.7551   2.702365    7.47341    -0.0123    13.8155 0.0000e+00  -61.48300  -53.86417 1155004367 220.106112    34.2691      45098         21  0.000e+00
     10.566    -1.7550   2.702227    -1.7551   2.702365    7.47337     0.0207    13.8155 0.0000e+00  -61.48300  -53.86417 1155004367 220.106112    34.2692      45099         21  0.000e+00
     10.643    -1.7551   2.702227    -1.7552   2.702383    7.47348     0.0097    13.8155 0.0000e+00  -61.48300  -53.86417 1155004367 220.106113    34.2693      45100         21  0.000e+00
     10.595    -1.7556   2.702227    -1.7548   2.702348    7.47350    -0.0564    13.8155 0.0000e+00  -61.48300  -53.86417 1155004367 220.106113    34.2699      45101         21  0.000e+00
     10.566    -1.7548   2.702211    -1.7548   2.702354    7.47336    -0.0013    13.8155 0.0000e+00  -61.48300  -53.86417 1155004367 220.106114    34.2688      45102         21  0.000e+00
     10.595    -1.7550   2.702221    -1.7551   2.702343    7.47341    -0.0013    13.8155 0.0000e+00  -61.48300  -53.86417 1155004367 220.106114    34.2691      45103         21  0.000e+00
     10.566    -1.7553   2.702211    -1.7551   2.702337    7.47343     0.0868    13.8155 0.0000e+00  -61.48300  -53.86417 1155004367 220.106114    34.2693      45104         21  0.000e+00
     10.500    -1.7553   2.702205    -1.7552   2.702337    7.47336     0.0428    13.8155 0.0000e+00  -61.48300  -53.86417 1155004367 220.106115    34.2692      45105         21  0.000e+00
     10.662    -1.7561   2.702224    -1.7549   2.702337    7.47364    -0.0564    13.8155 0.0000e+00  -61.48300  -53.86417 1155004367 220.106115    34.2703      45106         21  0.000e+00
     10.567    -1.7557   2.702162    -1.7555   2.702337    7.47354    -0.0123    13.8155 0.0000e+00  -61.48300  -53.86417 1155004367 220.106116    34.2692      45107         21  0.000e+00
     10.643    -1.7560   2.702172    -1.7560   2.702320    7.47365    -0.0013    13.8155 0.0000e+00  -61.48300  -53.86417 1155004367 220.106116    34.2696      45108         21  0.000e+00
     10.595    -1.7561   2.702166    -1.7558   2.702314    7.47361    -0.0123    13.8155 0.0000e+00  -61.48300  -53.86417 1155004367 220.106117    34.2696      45109         21  0.000e+00
     10.567    -1.7562   2.702162    -1.7555   2.702314    7.47361    -0.0564    13.8155 0.0000e+00  -61.48300  -53.86417 1155004367 220.106117    34.2697      45110         21  0.000e+00
     10.567    -1.7564   2.702166    -1.7561   2.702314    7.47363    -0.1004    13.8155 0.0000e+00  -61.48300  -53.86417 1155004367 220.106118    34.2699      45111         21  0.000e+00
     10.595    -1.7559   2.702162    -1.7552   2.702291    7.47359    -0.0784    13.8155 0.0000e+00  -61.48300  -53.86417 1155004367 220.106118    34.2693      45112         21  0.000e+00
     10.643    -1.7556   2.702162    -1.7555   2.702360    7.47359     0.0097    13.8155 0.0000e+00  -61.48300  -53.86417 1155004367 220.106119    34.2689      45113         21  0.000e+00
     10.595    -1.7559   2.702179    -1.7558   2.702331    7.47358     0.0097    13.8155 0.0000e+00  -61.48300  -53.86417 1155004367 220.106119    34.2695      45114         21  0.000e+00
     10.567    -1.7564   2.702120    -1.7554   2.702314    7.47366    -0.0013    13.8155 0.0000e+00  -61.48300  -53.86417 1155004368 220.106120    34.2693      45115         21  0.000e+00
