product_data/regression_test/downloaded_data/MGDS/320620060703/ctd/p6621901.ros
* Sea-Bird SBE 9 Data File:
* FileName = D:\Data\Raw\p6621901.dat
* Software Version Seasave Win32 V 5.32
* Temperature SN = 1649
* Conductivity SN = 1431
* Number of Bytes Per Scan = 37
* Number of Voltage Words = 5
* Number of Scans Averaged by the Deck Unit = 1
* NMEA Latitude = 62 08.99 S
* NMEA Longitude = 063 05.99 W
* NMEA UTC (Time) = 23:41:35
** Ship:   Nathaniel B. Palmer 
** Cruise:    NBP0606 
# nquan = 17
# nvalues = 1176                    
# units = specified
# name 0 = prDM: Pressure, Digiquartz [db]
# name 1 = t090C: Temperature [ITS-90, deg C]
# name 2 = c0S/m: Conductivity [S/m]
# name 3 = t190C: Temperature, 2 [ITS-90, deg C]
# name 4 = c1S/m: Conductivity, 2 [S/m]
# name 5 = sbeox0ML/L: Oxygen, SBE 43 [ml/l]
# name 6 = flECO-AFL: Fluorescence, Wetlab ECO-AFL/FL [mg/m^3]
# name 7 = bat: Beam Attenuation, Chelsea/Seatech/Wetlab CStar [1/m]
# name 8 = spar: SPAR/Surface Irradiance
# name 9 = latitude: Latitude [deg]
# name 10 = longitude: Longitude [deg]
# name 11 = timeY: Time, System [seconds]
# name 12 = timeJ: Julian Days
# name 13 = sal00: Salinity [PSU]
# name 14 = scan: scan number
# name 15 = nbf: number of bottles fired
# name 16 = flag:  0.000e+00
# interval = seconds: 0.0416667                   
# start_time = Aug 01 2006 23:41:59
*END*
[from data line 511]
    150.986    -0.2515   2.829363    -0.1540   2.835304    5.98682    -0.0123    13.8155 0.0000e+00  -62.14983  -63.09983 1154478350 214.017965    34.2030      63198         11  0.000e+00
    150.995    -0.2101   2.832520    -0.1308   2.837512    5.98003    -0.0784    13.8155 0.0000e+00  -62.14983  -63.09983 1154478350 214.017966    34.1986      63199         11  0.000e+00
    151.062    -0.2028   2.832936    -0.1260   2.838558    5.98365    -0.1335    13.8155 0.0000e+00  -62.14983  -63.09983 1154478350 214.017966    34.1959      63200         11  0.000e+00
    150.986    -0.2002   2.831699    -0.1381   2.838161    5.98864    -0.0784    13.8155 0.0000e+00  -62.14983  -63.09983 1154478351 214.017967    34.1766      63201         11  0.000e+00
    151.062    -0.2118   2.829123    -0.1485   2.837308    5.99153    -0.1004    13.8155 0.0000e+00  -62.14983  -63.09983 1154478351 214.017967    34.1553      63202         11  0.000e+00
    151.062    -0.2412   2.826638    -0.1589   2.836198    6.00119    -0.1114    13.8155 0.0000e+00  -62.14983  -63.09983 1154478351 214.017968    34.1551      63203         11  0.000e+00
    151.062    -0.2613   2.824805    -0.1852   2.833990    6.00467    -0.1114    13.8155 0.0000e+00  -62.14983  -63.09983 1154478351 214.017968    34.1531      63204         11  0.000e+00
    151.062    -0.2729   2.823789    -0.2058   2.831507    6.01135    -0.1886    13.8155 0.0000e+00  -62.14983  -63.09983 1154478351 214.017969    34.1526      63205         11  0.000e+00
    151.062    -0.2796   2.823683    -0.2211   2.830030    6.01693    -0.1114    13.8155 0.0000e+00  -62.14983  -63.09983 1154478351 214.017969    34.1587      63206         11  0.000e+00
    151.062    -0.2758   2.826180    -0.2172   2.829948    6.01979    -0.0343    13.8155 0.0000e+00  -62.14983  -63.09983 1154478351 214.017970    34.1877      63207         11  0.000e+00
    151.139    -0.2530   2.827964    -0.2125   2.830742    6.02076    -0.0013    13.8155 0.0000e+00  -62.14983  -63.09983 1154478351 214.017970    34.1860      63208         11  0.000e+00
    151.062    -0.2381   2.828897    -0.2049   2.831157    6.02304     0.0207    13.8155 0.0000e+00  -62.14983  -63.09983 1154478351 214.017971    34.1817      63209         11  0.000e+00
    151.196    -0.2202   2.829745    -0.2198   2.830351    6.02047    -0.0674    13.8155 0.0000e+00  -62.14983  -63.09983 1154478351 214.017971    34.1728      63210         11  0.000e+00
    151.129    -0.2182   2.828801    -0.2470   2.828529    6.02538    -0.1555    13.8155 0.0000e+00  -62.14983  -63.09983 1154478351 214.017972    34.1581      63211         11  0.000e+00
    151.129    -0.2261   2.828332    -0.2638   2.826732    6.03130    -0.0564    13.8155 0.0000e+00  -62.14983  -63.09983 1154478351 214.017972    34.1606      63212         11  0.000e+00
    151.205    -0.2362   2.828834    -0.2415   2.827596    6.03234     0.0207    13.8155 0.0000e+00  -62.14983  -63.09983 1154478351 214.017973    34.1787      63213         11  0.000e+00
    151.196    -0.1991   2.834858    -0.1736   2.832996    6.02445     0.0097    13.8155 0.0000e+00  -62.14983  -63.09983 1154478351 214.017973    34.2173      63214         11  0.000e+00
    151.196    -0.1274   2.841443    -0.0913   2.840639    6.02138    -0.0343    13.8155 0.0000e+00  -62.14983  -63.09983 1154478351 214.017974    34.2245      63215         11  0.000e+00
    151.272    -0.0899   2.843778    -0.0466   2.845773    6.01557    -0.0343    13.8155 0.0000e+00  -62.14983  -63.09983 1154478351 214.017974    34.2135      63216         11  0.000e+00
    151.196    -0.0631   2.843637    -0.0608   2.845440    6.01698    -0.0674    13.8155 0.0000e+00  -62.14983  -63.09983 1154478351 214.017975    34.1818      63217         11  0.000e+00
    151.272    -0.0479   2.844956    -0.1316   2.841603    6.01445    -0.0674    13.8155 0.0000e+00  -62.14983  -63.09983 1154478351 214.017975    34.1822      63218         11  0.000e+00
    151.272    -0.0304   2.849128    -0.1608   2.837908    6.01004    -0.1225    13.8155 0.0000e+00  -62.14983  -63.09983 1154478351 214.017976    34.2180      63219         11  0.000e+00
    151.272     0.0158   2.853420    -0.1849   2.834741    6.01139    -0.0674    13.8155 0.0000e+00  -62.14983  -63.09983 1154478351 214.017976    34.2232      63220         11  0.000e+00
    151.339     0.0402   2.855068    -0.2133   2.832351    6.00756    -0.0894    13.8155 0.0000e+00  -62.14983  -63.09983 1154478351 214.017976    34.2176      63221         11  0.000e+00
    151.272     0.0388   2.854193    -0.1963   2.833163    6.01281    -0.1555    13.8155 0.0000e+00  -62.14983  -63.09983 1154478351 214.017977    34.2077      63222         11  0.000e+00
    151.349     0.0163   2.851435    -0.1041   2.837773    6.02179    -0.1775    13.8155 0.0000e+00  -62.14983  -63.09983 1154478351 214.017977    34.1963      63223         11  0.000e+00
    151.339     0.0003   2.849735     0.0194   2.847346    6.02467    -0.0564    13.8155 0.0000e+00  -62.14983  -63.09983 1154478351 214.017978    34.1917      63224         11  0.000e+00
    151.339     0.0015   2.848595     0.0894   2.856480    6.02981    -0.0123    13.8155 0.0000e+00  -62.14983  -63.09983 1154478352 214.017978    34.1752      63225         11  0.000e+00
    100.447    -1.2608   2.726710    -1.2620   2.726972    8.00559     0.0097    13.8155 0.0000e+00  -62.14983  -63.09983 1154478440 214.018999    33.9845      65342         12  0.000e+00
    100.447    -1.2612   2.726726    -1.2628   2.727001    8.00565     0.0207    13.8155 0.0000e+00  -62.14983  -63.09983 1154478440 214.019000    33.9852      65343         12  0.000e+00
    100.370    -1.2612   2.726756    -1.2619   2.727024    8.00554     0.0428    13.8155 0.0000e+00  -62.14983  -63.09983 1154478440 214.019000    33.9856      65344         12  0.000e+00
    100.370    -1.2608   2.726733    -1.2619   2.727018    8.00549     0.0758    13.8155 0.0000e+00  -62.14983  -63.09983 1154478440 214.019001    33.9848      65345         12  0.000e+00
    100.237    -1.2607   2.726733    -1.2617   2.727024    8.00054     0.0538    13.8155 0.0000e+00  -62.14983  -63.09983 1154478440 214.019001    33.9849      65346         12  0.000e+00
    100.370    -1.2605   2.726756    -1.2622   2.727035    8.00063     0.0318    13.8155 0.0000e+00  -62.14983  -63.09983 1154478440 214.019002    33.9848      65347         12  0.000e+00
    100.304    -1.2606   2.726766    -1.2615   2.727029    8.00058     0.0318    13.8155 0.0000e+00  -62.14983  -63.09983 1154478440 214.019002    33.9852      65348         12  0.000e+00
    100.304    -1.2606   2.726743    -1.2623   2.727035    8.00059     0.0318    13.8155 0.0000e+00  -62.14983  -63.09983 1154478440 214.019003    33.9848      65349         12  0.000e+00
    100.237    -1.2614   2.726726    -1.2623   2.727006    8.00065     0.0538    13.8155 0.0000e+00  -62.14983  -63.09983 1154478440 214.019003    33.9855      65350         12  0.000e+00
    100.237    -1.2609   2.726736    -1.2628   2.726989    8.00057     0.0207    13.8155 0.0000e+00  -62.14983  -63.09983 1154478440 214.019004    33.9851      65351         12  0.000e+00
    100.237    -1.2609   2.726772    -1.2625   2.727018    8.00054    -0.0123    13.8155 0.0000e+00  -62.14983  -63.09983 1154478440 214.019004    33.9856      65352         12  0.000e+00
    100.199    -1.2603   2.726769    -1.2623   2.727035    8.00041    -0.0454    13.8155 0.0000e+00  -62.14983  -63.09983 1154478440 214.019005    33.9849      65353         12  0.000e+00
    100.161    -1.2605   2.726733    -1.2616   2.727070    8.00041     0.0207    13.8155 0.0000e+00  -62.14983  -63.09983 1154478440 214.019005    33.9846      65354         12  0.000e+00
    100.161    -1.2611   2.726766    -1.2617   2.727070    8.00528     0.0648    13.8155 0.0000e+00  -62.14983  -63.09983 1154478440 214.019006    33.9858      65355         12  0.000e+00
    100.161    -1.2607   2.726769    -1.2617   2.727052    8.00522     0.0758    13.8155 0.0000e+00  -62.14983  -63.09983 1154478440 214.019006    33.9854      65356         12  0.000e+00
    100.094    -1.2603   2.726743    -1.2614   2.727064    8.00031    -0.0123    13.8155 0.0000e+00  -62.14983  -63.09983 1154478440 214.019007    33.9846      65357         12  0.000e+00
    100.094    -1.2600   2.726739    -1.2616   2.727075    8.00026     0.0318    13.8155 0.0000e+00  -62.14983  -63.09983 1154478440 214.019007    33.9842      65358         12  0.000e+00
    100.094    -1.2601   2.726743    -1.2611   2.727070    8.00028     0.1199    13.8155 0.0000e+00  -62.14983  -63.09983 1154478440 214.019008    33.9844      65359         12  0.000e+00
    100.027    -1.2602   2.726736    -1.2609   2.727133    8.00022     0.1419    13.8155 0.0000e+00  -62.14983  -63.09983 1154478441 214.019008    33.9844      65360         12  0.000e+00
    100.027    -1.2606   2.726775    -1.2604   2.727150    8.00026     0.0979    13.8155 0.0000e+00  -62.14983  -63.09983 1154478441 214.019008    33.9854      65361         12  0.000e+00
    100.027    -1.2606   2.726769    -1.2603   2.727173    8.00505     0.0097    13.8155 0.0000e+00  -62.14983  -63.09983 1154478441 214.019009    33.9854      65362         12  0.000e+00
     99.951    -1.2606   2.726743    -1.2603   2.727173    8.00020    -0.0123    13.8155 0.0000e+00  -62.14983  -63.09983 1154478441 214.019009    33.9851      65363         12  0.000e+00
     99.951    -1.2603   2.726756    -1.2603   2.727179    8.00013    -0.0343    13.8155 0.0000e+00  -62.14983  -63.09983 1154478441 214.019010    33.9849      65364         12  0.000e+00
     99.951    -1.2603   2.726746    -1.2600   2.727173    8.00015    -0.0123    13.8155 0.0000e+00  -62.14983  -63.09983 1154478441 214.019010    33.9847      65365         12  0.000e+00
     99.922    -1.2607   2.726772    -1.2602   2.727179    8.00016    -0.0013    13.8155 0.0000e+00  -62.14983  -63.09983 1154478441 214.019011    33.9856      65366         12  0.000e+00
     99.884    -1.2602   2.726769    -1.2598   2.727173    8.00003     0.0207    13.8155 0.0000e+00  -62.14983  -63.09983 1154478441 214.019011    33.9849      65367         12  0.000e+00
     99.817    -1.2609   2.726733    -1.2603   2.727179    8.00011     0.0207    13.8155 0.0000e+00  -62.14983  -63.09983 1154478441 214.019012    33.9853      65368         12  0.000e+00
     99.817    -1.2603   2.726716    -1.2599   2.727156    8.00002    -0.0233    13.8155 0.0000e+00  -62.14983  -63.09983 1154478441 214.019012    33.9844      65369         12  0.000e+00
     99.817    -1.2605   2.726752    -1.2599   2.727150    8.00002     0.0097    13.8155 0.0000e+00  -62.14983  -63.09983 1154478441 214.019013    33.9851      65370         12  0.000e+00
     99.817    -1.2607   2.726733    -1.2600   2.727127    8.00008    -0.0233    13.8155 0.0000e+00  -62.14983  -63.09983 1154478441 214.019013    33.9851      65371         12  0.000e+00
     99.741    -1.2606   2.726716    -1.2608   2.727104    7.99999     0.0758    13.8155 0.0000e+00  -62.14983  -63.09983 1154478441 214.019014    33.9848      65372         12  0.000e+00
     99.674    -1.2607   2.726687    -1.2609   2.727075    7.99995     0.0428    13.8155 0.0000e+00  -62.14983  -63.09983 1154478441 214.019014    33.9846      65373         12  0.000e+00
     99.674    -1.2614   2.726677    -1.2620   2.727035    8.00006     0.0648    13.8155 0.0000e+00  -62.14983  -63.09983 1154478441 214.019015    33.9852      65374         12  0.000e+00
     99.674    -1.2617   2.726638    -1.2622   2.727018    8.00014     0.0318    13.8155 0.0000e+00  -62.14983  -63.09983 1154478441 214.019015    33.9850      65375         12  0.000e+00
     99.674    -1.2625   2.726599    -1.2626   2.726983    8.00508    -0.0123    13.8155 0.0000e+00  -62.14983  -63.09983 1154478441 214.019016    33.9853      65376         12  0.000e+00
     99.598    -1.2626   2.726589    -1.2623   2.726966    8.00025     0.0097    13.8155 0.0000e+00  -62.14983  -63.09983 1154478441 214.019016    33.9854      65377         12  0.000e+00
     99.569    -1.2628   2.726582    -1.2626   2.726972    8.00024     0.0097    13.8155 0.0000e+00  -62.14983  -63.09983 1154478441 214.019017    33.9855      65378         12  0.000e+00
     99.598    -1.2631   2.726573    -1.2628   2.726943    8.00033     0.0318    13.8155 0.0000e+00  -62.14983  -63.09983 1154478441 214.019017    33.9857      65379         12  0.000e+00
     99.598    -1.2626   2.726579    -1.2626   2.726943    8.00025     0.1419    13.8155 0.0000e+00  -62.14983  -63.09983 1154478441 214.019018    33.9853      65380         12  0.000e+00
     99.531    -1.2626   2.726622    -1.2628   2.726937    8.00014     0.1199    13.8155 0.0000e+00  -62.14983  -63.09983 1154478441 214.019018    33.9859      65381         12  0.000e+00
     99.598    -1.2618   2.726615    -1.2629   2.726920    8.00010     0.0097    13.8155 0.0000e+00  -62.14983  -63.09983 1154478441 214.019019    33.9849      65382         12  0.000e+00
     99.598    -1.2620   2.726605    -1.2623   2.726937    8.00013     0.0097    13.8155 0.0000e+00  -62.14983  -63.09983 1154478441 214.019019    33.9849      65383         12  0.000e+00
     99.531    -1.2620   2.726608    -1.2628   2.726937    8.00006    -0.0343    13.8155 0.0000e+00  -62.14983  -63.09983 1154478441 214.019020    33.9851      65384         12  0.000e+00
     99.598    -1.2629   2.726579    -1.2631   2.726943    8.00030    -0.0343    13.8155 0.0000e+00  -62.14983  -63.09983 1154478442 214.019020    33.9856      65385         12  0.000e+00
     99.598    -1.2622   2.726579    -1.2632   2.726920    8.00018     0.0097    13.8155 0.0000e+00  -62.14983  -63.09983 1154478442 214.019021    33.9848      65386         12  0.000e+00
     99.598    -1.2625   2.726537    -1.2627   2.726937    8.00026     0.1199    13.8155 0.0000e+00  -62.14983  -63.09983 1154478442 214.019021    33.9845      65387         12  0.000e+00
     99.598    -1.2634   2.726507    -1.2622   2.726977    8.00043     0.0979    13.8155 0.0000e+00  -62.14983  -63.09983 1154478442 214.019022    33.9852      65388         12  0.000e+00
     99.598    -1.2634   2.726494    -1.2620   2.726954    8.00044     0.0538    13.8155 0.0000e+00  -62.14983  -63.09983 1154478442 214.019022    33.9850      65389         12  0.000e+00
     99.569    -1.2640   2.726465    -1.2620   2.727000    8.00053    -0.0013    13.8155 0.0000e+00  -62.14983  -63.09983 1154478442 214.019022    33.9853      65390         12  0.000e+00
    100.373    -1.2621   2.726632    -1.2620   2.727001    8.00579    -0.0123    13.8155 0.0000e+00  -62.14983  -63.09983 1154478446 214.019075    33.9850      65498         13  0.000e+00
    100.420    -1.2622   2.726596    -1.2620   2.727012    8.00587     0.0318    13.8155 0.0000e+00  -62.14983  -63.09983 1154478446 214.019075    33.9845      65499         13  0.000e+00
    100.449    -1.2629   2.726622    -1.2623   2.727024    8.00600     0.1419    13.8155 0.0000e+00  -62.14983  -63.09983 1154478446 214.019076    33.9857      65500         13  0.000e+00
    100.373    -1.2626   2.726599    -1.2617   2.727058    8.00110     0.0758    13.8155 0.0000e+00  -62.14983  -63.09983 1154478446 214.019076    33.9851      65501         13  0.000e+00
    100.373    -1.2625   2.726599    -1.2622   2.727035    8.00586    -0.0454    13.8155 0.0000e+00  -62.14983  -63.09983 1154478446 214.019076    33.9849      65502         13  0.000e+00
    100.306    -1.2628   2.726592    -1.2622   2.727035    8.00584    -0.0784    13.8155 0.0000e+00  -62.14983  -63.09983 1154478446 214.019077    33.9852      65503         13  0.000e+00
    100.373    -1.2625   2.726605    -1.2617   2.727006    8.00586    -0.0123    13.8155 0.0000e+00  -62.14983  -63.09983 1154478446 214.019077    33.9850      65504         13  0.000e+00
