product_data/regression_test/downloaded_data/MGDS/320620060703/ctd/p6622003.ros
* Sea-Bird SBE 9 Data File:
* FileName = D:\Data\Raw\p6622003.dat
* Software Version Seasave Win32 V 5.32
* Temperature SN = 1649
* Conductivity SN = 1431
* Number of Bytes Per Scan = 37
* Number of Voltage Words = 5
* Number of Scans Averaged by the Deck Unit = 1
* NMEA Latitude = 62 29.14 S
* NMEA Longitude = 057 57.73 W
* NMEA UTC (Time) = 05:33:42
** Ship:   Nathaniel B. Palmer 
** Cruise:    NBP0606 
# nquan = 17
# nvalues = 1176                    
# units = specified
# name 0 = prDM: Pressure, Digiquartz [db]
# name 1 = t090C: Temperature [ITS-90, deg C]
# name 2 = c0S/m: Conductivity [S/m]
# name 3 = t190C: Temperature, 2 [ITS-90, deg C]
# name 4 = c1S/m: Conductivity, 2 [S/m]
# name 5 = sbeox0ML/L: Oxygen, SBE 43 [ml/l]
# name 6 = flECO-AFL: Fluorescence, Wetlab ECO-AFL/FL [mg/m^3]
# name 7 = bat: Beam Attenuation, Chelsea/Seatech/Wetlab CStar [1/m]
# name 8 = spar: SPAR/Surface Irradiance
# name 9 = latitude: Latitude [deg]
# name 10 = longitude: Longitude [deg]
# name 11 = timeY: Time, System [seconds]
# name 12 = timeJ: Julian Days
# name 13 = sal00: Salinity [PSU]
# name 14 = scan: scan number
# name 15 = nbf: number of bottles fired
# name 16 = flag:  0.000e+00
# interval = seconds: 0.0416667                   
# start_time = Aug 03 2006 05:34:21
*END*
[from data line 426]
    100.059    -1.8222   2.706751    -1.8229   2.707006    7.66153     0.0868    13.8155 0.0000e+00  -62.48567  -57.96217 1154587599 215.282405    34.3526     104133          9  0.000e+00
    100.059    -1.8222   2.706738    -1.8225   2.706983    7.66155    -0.0013    13.8155 0.0000e+00  -62.48567  -57.96217 1154587599 215.282406    34.3525     104134          9  0.000e+00
     99.992    -1.8223   2.706728    -1.8228   2.706960    7.66150     0.0097    13.8155 0.0000e+00  -62.48567  -57.96217 1154587599 215.282406    34.3525     104135          9  0.000e+00
    100.059    -1.8221   2.706748    -1.8228   2.706972    7.66152    -0.0564    13.8155 0.0000e+00  -62.48567  -57.96217 1154587599 215.282407    34.3525     104136          9  0.000e+00
    100.030    -1.8226   2.706735    -1.8229   2.706995    7.66158    -0.0233    13.8155 0.0000e+00  -62.48567  -57.96217 1154587599 215.282407    34.3529     104137          9  0.000e+00
     99.992    -1.8222   2.706731    -1.8234   2.706966    7.66148    -0.0233    13.8155 0.0000e+00  -62.48567  -57.96217 1154587599 215.282408    34.3524     104138          9  0.000e+00
    100.059    -1.8225   2.706715    -1.8234   2.706931    7.65675    -0.0233    13.8155 0.0000e+00  -62.48567  -57.96217 1154587599 215.282408    34.3524     104139          9  0.000e+00
     99.992    -1.8222   2.706709    -1.8235   2.706926    7.65664    -0.0123    13.8155 0.0000e+00  -62.48567  -57.96217 1154587599 215.282409    34.3521     104140          9  0.000e+00
    100.059    -1.8224   2.706709    -1.8231   2.706983    7.66159    -0.0233    13.8155 0.0000e+00  -62.48567  -57.96217 1154587599 215.282409    34.3522     104141          9  0.000e+00
     99.992    -1.8216   2.706712    -1.8226   2.706966    7.66139    -0.1004    13.8155 0.0000e+00  -62.48567  -57.96217 1154587599 215.282410    34.3514     104142          9  0.000e+00
    100.059    -1.8226   2.706709    -1.8229   2.706989    7.66162    -0.0564    13.8155 0.0000e+00  -62.48567  -57.96217 1154587600 215.282410    34.3525     104143          9  0.000e+00
     99.992    -1.8220   2.706728    -1.8229   2.706983    7.66145     0.0097    13.8155 0.0000e+00  -62.48567  -57.96217 1154587600 215.282411    34.3522     104144          9  0.000e+00
    100.059    -1.8219   2.706715    -1.8232   2.706977    7.66152    -0.0343    13.8155 0.0000e+00  -62.48567  -57.96217 1154587600 215.282411    34.3518     104145          9  0.000e+00
     99.992    -1.8223   2.706709    -1.8229   2.706977    7.66151    -0.0343    13.8155 0.0000e+00  -62.48567  -57.96217 1154587600 215.282412    34.3522     104146          9  0.000e+00
     99.992    -1.8222   2.706692    -1.8229   2.706960    7.66151    -0.0013    13.8155 0.0000e+00  -62.48567  -57.96217 1154587600 215.282412    34.3519     104147          9  0.000e+00
    100.139    -1.8229   2.706650    -1.8237   2.706903    7.66181     0.0207    13.8155 0.0000e+00  -62.48567  -57.96217 1154587607 215.282493    34.3520     104315         10  0.000e+00
    100.063    -1.8229   2.706663    -1.8237   2.706880    7.66170     0.0097    13.8155 0.0000e+00  -62.48567  -57.96217 1154587607 215.282494    34.3521     104316         10  0.000e+00
    100.063    -1.8229   2.706650    -1.8238   2.706891    7.66173    -0.0454    13.8155 0.0000e+00  -62.48567  -57.96217 1154587607 215.282494    34.3521     104317         10  0.000e+00
    100.034    -1.8229   2.706627    -1.8235   2.706903    7.66170    -0.0564    13.8155 0.0000e+00  -62.48567  -57.96217 1154587607 215.282495    34.3517     104318         10  0.000e+00
    100.063    -1.8233   2.706637    -1.8231   2.706903    7.66179    -0.0343    13.8155 0.0000e+00  -62.48567  -57.96217 1154587607 215.282495    34.3523     104319         10  0.000e+00
    100.063    -1.8234   2.706643    -1.8235   2.706920    7.66180    -0.1004    13.8155 0.0000e+00  -62.48567  -57.96217 1154587607 215.282496    34.3525     104320         10  0.000e+00
    100.063    -1.8230   2.706647    -1.8237   2.706885    7.66174    -0.1445    13.8155 0.0000e+00  -62.48567  -57.96217 1154587607 215.282496    34.3521     104321         10  0.000e+00
    100.063    -1.8234   2.706656    -1.8237   2.706908    7.66179    -0.0894    13.8155 0.0000e+00  -62.48567  -57.96217 1154587607 215.282497    34.3527     104322         10  0.000e+00
    100.063    -1.8230   2.706666    -1.8237   2.706908    7.66172    -0.0233    13.8155 0.0000e+00  -62.48567  -57.96217 1154587607 215.282497    34.3524     104323         10  0.000e+00
    100.063    -1.8234   2.706682    -1.8240   2.706903    7.66177     0.0097    13.8155 0.0000e+00  -62.48567  -57.96217 1154587607 215.282498    34.3531     104324         10  0.000e+00
    100.063    -1.8229   2.706653    -1.8239   2.706903    7.66171     0.0428    13.8155 0.0000e+00  -62.48567  -57.96217 1154587607 215.282498    34.3520     104325         10  0.000e+00
    100.063    -1.8229   2.706663    -1.8237   2.706937    7.66172    -0.0343    13.8155 0.0000e+00  -62.48567  -57.96217 1154587607 215.282499    34.3523     104326         10  0.000e+00
    100.063    -1.8232   2.706650    -1.8234   2.706891    7.66176    -0.0894    13.8155 0.0000e+00  -62.48567  -57.96217 1154587607 215.282499    34.3523     104327         10  0.000e+00
    100.063    -1.8236   2.706676    -1.8238   2.706908    7.66180    -0.0123    13.8155 0.0000e+00  -62.48567  -57.96217 1154587607 215.282500    34.3531     104328         10  0.000e+00
    100.034    -1.8229   2.706686    -1.8234   2.706908    7.66167     0.0318    13.8155 0.0000e+00  -62.48567  -57.96217 1154587607 215.282500    34.3526     104329         10  0.000e+00
    100.063    -1.8230   2.706656    -1.8235   2.706903    7.66173    -0.0233    13.8155 0.0000e+00  -62.48567  -57.96217 1154587607 215.282500    34.3522     104330         10  0.000e+00
    100.063    -1.8229   2.706656    -1.8232   2.706937    7.66172    -0.0013    13.8155 0.0000e+00  -62.48567  -57.96217 1154587607 215.282501    34.3522     104331         10  0.000e+00
     99.996    -1.8230   2.706650    -1.8237   2.706914    7.66166    -0.0233    13.8155 0.0000e+00  -62.48567  -57.96217 1154587607 215.282501    34.3522     104332         10  0.000e+00
    100.063    -1.8231   2.706663    -1.8236   2.706903    7.66174    -0.0343    13.8155 0.0000e+00  -62.48567  -57.96217 1154587607 215.282502    34.3524     104333         10  0.000e+00
    100.063    -1.8227   2.706650    -1.8237   2.706920    7.66169    -0.0123    13.8155 0.0000e+00  -62.48567  -57.96217 1154587608 215.282502    34.3518     104334         10  0.000e+00
    100.063    -1.8228   2.706676    -1.8235   2.706926    7.66168    -0.0123    13.8155 0.0000e+00  -62.48567  -57.96217 1154587608 215.282503    34.3523     104335         10  0.000e+00
    100.063    -1.8229   2.706656    -1.8235   2.706908    7.66171     0.0207    13.8155 0.0000e+00  -62.48567  -57.96217 1154587608 215.282503    34.3521     104336         10  0.000e+00
    100.063    -1.8228   2.706656    -1.8232   2.706920    7.66170    -0.0013    13.8155 0.0000e+00  -62.48567  -57.96217 1154587608 215.282504    34.3520     104337         10  0.000e+00
     99.996    -1.8229   2.706650    -1.8237   2.706926    7.66164     0.0097    13.8155 0.0000e+00  -62.48567  -57.96217 1154587608 215.282504    34.3520     104338         10  0.000e+00
    100.063    -1.8231   2.706676    -1.8235   2.706908    7.66173     0.0207    13.8155 0.0000e+00  -62.48567  -57.96217 1154587608 215.282505    34.3526     104339         10  0.000e+00
    100.035    -1.8229   2.706653    -1.8236   2.706920    7.66169    -0.0233    13.8155 0.0000e+00  -62.48567  -57.96217 1154587608 215.282505    34.3521     104340         10  0.000e+00
    100.063    -1.8230   2.706627    -1.8234   2.706885    7.66175    -0.0454    13.8155 0.0000e+00  -62.48567  -57.96217 1154587608 215.282506    34.3518     104341         10  0.000e+00
    100.063    -1.8228   2.706669    -1.8237   2.706891    7.66169    -0.0123    13.8155 0.0000e+00  -62.48567  -57.96217 1154587608 215.282506    34.3522     104342         10  0.000e+00
    100.063    -1.8229   2.706637    -1.8229   2.706920    7.66172    -0.0784    13.8155 0.0000e+00  -62.48567  -57.96217 1154587608 215.282507    34.3518     104343         10  0.000e+00
    100.063    -1.8225   2.706673    -1.8234   2.706908    7.66164    -0.0454    13.8155 0.0000e+00  -62.48567  -57.96217 1154587608 215.282507    34.3518     104344         10  0.000e+00
     99.997    -1.8230   2.706653    -1.8237   2.706920    7.66166    -0.0343    13.8155 0.0000e+00  -62.48567  -57.96217 1154587608 215.282508    34.3522     104345         10  0.000e+00
    100.063    -1.8228   2.706663    -1.8234   2.706943    7.66654    -0.0343    13.8155 0.0000e+00  -62.48567  -57.96217 1154587608 215.282508    34.3521     104346         10  0.000e+00
    100.063    -1.8230   2.706669    -1.8239   2.706891    7.66172     0.0538    13.8155 0.0000e+00  -62.48567  -57.96217 1154587608 215.282509    34.3524     104347         10  0.000e+00
     99.997    -1.8231   2.706663    -1.8235   2.706874    7.66167    -0.0013    13.8155 0.0000e+00  -62.48567  -57.96217 1154587608 215.282509    34.3525     104348         10  0.000e+00
    100.063    -1.8226   2.706650    -1.8237   2.706891    7.66168    -0.0784    13.8155 0.0000e+00  -62.48567  -57.96217 1154587608 215.282510    34.3517     104349         10  0.000e+00
    100.035    -1.8229   2.706663    -1.8234   2.706903    7.66167    -0.1004    13.8155 0.0000e+00  -62.48567  -57.96217 1154587608 215.282510    34.3522     104350         10  0.000e+00
    100.063    -1.8231   2.706650    -1.8238   2.706903    7.66659    -0.0784    13.8155 0.0000e+00  -62.48567  -57.96217 1154587608 215.282511    34.3522     104351         10  0.000e+00
    100.063    -1.8227   2.706643    -1.8237   2.706903    7.66654    -0.0674    13.8155 0.0000e+00  -62.48567  -57.96217 1154587608 215.282511    34.3517     104352         10  0.000e+00
    100.064    -1.8231   2.706647    -1.8231   2.706903    7.66660    -0.0343    13.8155 0.0000e+00  -62.48567  -57.96217 1154587608 215.282512    34.3522     104353         10  0.000e+00
     99.997    -1.8233   2.706656    -1.8238   2.706903    7.66655    -0.0564    13.8155 0.0000e+00  -62.48567  -57.96217 1154587608 215.282512    34.3526     104354         10  0.000e+00
    100.064    -1.8233   2.706650    -1.8236   2.706903    7.66662    -0.1225    13.8155 0.0000e+00  -62.48567  -57.96217 1154587608 215.282513    34.3524     104355         10  0.000e+00
     99.997    -1.8230   2.706627    -1.8240   2.706903    7.66653    -0.1114    13.8155 0.0000e+00  -62.48567  -57.96217 1154587608 215.282513    34.3519     104356         10  0.000e+00
    100.064    -1.8228   2.706637    -1.8231   2.706903    7.66656    -0.0454    13.8155 0.0000e+00  -62.48567  -57.96217 1154587608 215.282514    34.3517     104357         10  0.000e+00
    100.064    -1.8237   2.706643    -1.8237   2.706903    7.66670     0.0207    13.8155 0.0000e+00  -62.48567  -57.96217 1154587608 215.282514    34.3529     104358         10  0.000e+00
     99.997    -1.8227   2.706647    -1.8237   2.706937    7.66647    -0.0564    13.8155 0.0000e+00  -62.48567  -57.96217 1154587609 215.282514    34.3518     104359         10  0.000e+00
    100.064    -1.8228   2.706643    -1.8238   2.706931    7.66655    -0.0784    13.8155 0.0000e+00  -62.48567  -57.96217 1154587609 215.282515    34.3518     104360         10  0.000e+00
    100.035    -1.8232   2.706643    -1.8232   2.706885    7.66658    -0.0454    13.8155 0.0000e+00  -62.48567  -57.96217 1154587609 215.282515    34.3523     104361         10  0.000e+00
    100.064    -1.8229   2.706676    -1.8235   2.706891    7.66655    -0.0343    13.8155 0.0000e+00  -62.48567  -57.96217 1154587609 215.282516    34.3524     104362         10  0.000e+00
     99.997    -1.8229   2.706637    -1.8235   2.706937    7.66165    -0.0674    13.8155 0.0000e+00  -62.48567  -57.96217 1154587609 215.282516    34.3518     104363         10  0.000e+00
     75.009    -1.8231   2.705490    -1.8229   2.705742    7.65520    -0.0454    13.8155 0.0000e+00  -62.48567  -57.96217 1154587667 215.283195    34.3521     105771         11  0.000e+00
     74.914    -1.8230   2.705490    -1.8234   2.705724    7.65508     0.0207    13.8155 0.0000e+00  -62.48567  -57.96217 1154587667 215.283196    34.3521     105772         11  0.000e+00
     75.009    -1.8229   2.705464    -1.8234   2.705719    7.65519    -0.0123    13.8155 0.0000e+00  -62.48567  -57.96217 1154587667 215.283196    34.3516     105773         11  0.000e+00
     74.990    -1.8230   2.705496    -1.8231   2.705759    7.65516    -0.0454    13.8155 0.0000e+00  -62.48567  -57.96217 1154587667 215.283197    34.3521     105774         11  0.000e+00
     75.009    -1.8233   2.705483    -1.8235   2.705736    7.65523    -0.0013    13.8155 0.0000e+00  -62.48567  -57.96217 1154587668 215.283197    34.3523     105775         11  0.000e+00
     74.990    -1.8229   2.705499    -1.8233   2.705707    7.65513    -0.0343    13.8155 0.0000e+00  -62.48567  -57.96217 1154587668 215.283198    34.3520     105776         11  0.000e+00
     74.933    -1.8228   2.705460    -1.8234   2.705736    7.65509    -0.0784    13.8155 0.0000e+00  -62.48567  -57.96217 1154587668 215.283198    34.3514     105777         11  0.000e+00
     75.057    -1.8226   2.705503    -1.8232   2.705730    7.65515    -0.0784    13.8155 0.0000e+00  -62.48567  -57.96217 1154587668 215.283199    34.3517     105778         11  0.000e+00
     75.009    -1.8229   2.705512    -1.8232   2.705725    7.65516    -0.0454    13.8155 0.0000e+00  -62.48567  -57.96217 1154587668 215.283199    34.3523     105779         11  0.000e+00
     74.933    -1.8231   2.705499    -1.8231   2.705724    7.65511     0.0207    13.8155 0.0000e+00  -62.48567  -57.96217 1154587668 215.283200    34.3523     105780         11  0.000e+00
     74.990    -1.8233   2.705470    -1.8229   2.705742    7.65523     0.0097    13.8155 0.0000e+00  -62.48567  -57.96217 1154587668 215.283200    34.3521     105781         11  0.000e+00
     75.009    -1.8234   2.705480    -1.8232   2.705747    7.65043    -0.0454    13.8155 0.0000e+00  -62.48567  -57.96217 1154587668 215.283201    34.3524     105782         11  0.000e+00
     74.990    -1.8229   2.705477    -1.8233   2.705730    7.65032    -0.0564    13.8155 0.0000e+00  -62.48567  -57.96217 1154587668 215.283201    34.3517     105783         11  0.000e+00
     75.009    -1.8229   2.705483    -1.8231   2.705742    7.65518    -0.1225    13.8155 0.0000e+00  -62.48567  -57.96217 1154587668 215.283202    34.3519     105784         11  0.000e+00
     74.990    -1.8230   2.705464    -1.8234   2.705753    7.65035    -0.0894    13.8155 0.0000e+00  -62.48567  -57.96217 1154587668 215.283202    34.3517     105785         11  0.000e+00
     74.933    -1.8228   2.705460    -1.8231   2.705730    7.65026    -0.0564    13.8155 0.0000e+00  -62.48567  -57.96217 1154587668 215.283203    34.3514     105786         11  0.000e+00
     74.990    -1.8226   2.705480    -1.8235   2.705724    7.65027    -0.0784    13.8155 0.0000e+00  -62.48567  -57.96217 1154587668 215.283203    34.3514     105787         11  0.000e+00
     75.009    -1.8229   2.705496    -1.8235   2.705742    7.65034    -0.0894    13.8155 0.0000e+00  -62.48567  -57.96217 1154587668 215.283204    34.3521     105788         11  0.000e+00
     74.990    -1.8229   2.705470    -1.8238   2.705725    7.65033    -0.0343    13.8155 0.0000e+00  -62.48567  -57.96217 1154587668 215.283204    34.3516     105789         11  0.000e+00
     75.009    -1.8231   2.705457    -1.8232   2.705719    7.65522    -0.0454    13.8155 0.0000e+00  -62.48567  -57.96217 1154587668 215.283205    34.3517     105790         11  0.000e+00
