product_data/regression_test/downloaded_data/MGDS/320620060703/ctd/p6623301.cnv
* Sea-Bird SBE 9 Data File:
* FileName = D:\Data\Raw\p6623301.dat
* Software Version Seasave Win32 V 5.32
* Temperature SN = 1649
* Conductivity SN = 1431
* Number of Bytes Per Scan = 37
* Number of Voltage Words = 5
* Number of Scans Averaged by the Deck Unit = 1
* NMEA Latitude = 61 52.43 S
* NMEA Longitude = 053 12.48 W
* NMEA UTC (Time) = 11:43:15
** Ship:   Nathaniel B. Palmer 
** Cruise:    NBP0606 
# nquan = 15
# nvalues = 704                         
# units = specified
# name 0 = prDM: Pressure, Digiquartz [db]
# name 1 = t090C: Temperature [ITS-90, deg C]
# name 2 = c0S/m: Conductivity [S/m]
# name 3 = t190C: Temperature, 2 [ITS-90, deg C]
# name 4 = c1S/m: Conductivity, 2 [S/m]
# name 5 = sbeox0ML/L: Oxygen, SBE 43 [ml/l]
# name 6 = flECO-AFL: Fluorescence, Wetlab ECO-AFL/FL [mg/m^3]
# name 7 = bat: Beam Attenuation, Chelsea/Seatech/Wetlab CStar [1/m]
# name 8 = spar: SPAR/Surface Irradiance
# name 9 = latitude: Latitude [deg]
# name 10 = longitude: Longitude [deg]
# name 11 = timeY: Time, System [seconds]
# name 12 = timeJ: Julian Days
# name 13 = sal00: Salinity [PSU]
# name 14 = flag: flag
# span 0 =      2.000,    705.000       
# span 1 =    -1.6707,    -0.1190       
# span 2 =   2.715129,   2.892638       
# span 3 =    -1.6698,    -0.1192       
# span 4 =   2.715577,   2.892686       
# span 5 =    5.77215,    7.47299       
# span 6 =    -0.1190,     0.0950       
# span 7 =    13.8155,    13.8155       
# span 8 = 1.5782e+01, 4.9595e+01       
# span 9 =  -61.87383,  -61.87383       
# span 10 =  -53.20800,  -53.20800      
# span 11 = 1154951105, 1154952210      
# span 12 = 219.489668, 219.502456      
# span 13 =    34.2544,    34.6195      
# span 14 = 0.0000e+00, 0.0000e+00      
# interval = decibars: 1                
# start_time = Aug 07 2006 11:44:46
# bad_flag = -9.990e-29
*END*
[from data line 675]
    677.000    -0.2073   2.887800    -0.2061   2.887948    5.83948    -0.0846    13.8155 4.4595e+01  -61.87383  -53.20800 1154952134 219.501573    34.6167 0.0000e+00
    678.000    -0.2078   2.887768    -0.2075   2.887850    5.84114    -0.0894    13.8155 4.4811e+01  -61.87383  -53.20800 1154952136 219.501598    34.6161 0.0000e+00
    679.000    -0.2067   2.887898    -0.2071   2.887917    5.84195    -0.0923    13.8155 4.4273e+01  -61.87383  -53.20800 1154952138 219.501624    34.6158 0.0000e+00
    680.000    -0.2039   2.888183    -0.2046   2.888186    5.84246    -0.0942    13.8155 4.3320e+01  -61.87383  -53.20800 1154952140 219.501648    34.6158 0.0000e+00
    681.000    -0.2036   2.888267    -0.2054   2.888166    5.84294    -0.0948    13.8155 4.4704e+01  -61.87383  -53.20800 1154952142 219.501670    34.6157 0.0000e+00
    682.000    -0.1980   2.888809    -0.1977   2.888876    5.84064    -0.0751    13.8155 4.4809e+01  -61.87383  -53.20800 1154952144 219.501693    34.6160 0.0000e+00
    683.000    -0.1995   2.888716    -0.1975   2.888942    5.83695    -0.0761    13.8155 4.4792e+01  -61.87383  -53.20800 1154952146 219.501716    34.6162 0.0000e+00
    684.000    -0.1814   2.890394    -0.1809   2.890488    5.83769    -0.1055    13.8155 4.4136e+01  -61.87383  -53.20800 1154952148 219.501738    34.6169 0.0000e+00
    685.000    -0.1637   2.891976    -0.1651   2.891952    5.83220    -0.0856    13.8155 4.4539e+01  -61.87383  -53.20800 1154952150 219.501760    34.6173 0.0000e+00
    686.000    -0.1569   2.892588    -0.1607   2.892334    5.82611    -0.0985    13.8155 4.4051e+01  -61.87383  -53.20800 1154952152 219.501783    34.6165 0.0000e+00
    687.000    -0.1924   2.889523    -0.1945   2.889388    5.83129    -0.0867    13.8155 4.4832e+01  -61.87383  -53.20800 1154952154 219.501805    34.6166 0.0000e+00
    688.000    -0.1957   2.889251    -0.1961   2.889277    5.83416    -0.0838    13.8155 4.4807e+01  -61.87383  -53.20800 1154952156 219.501828    34.6163 0.0000e+00
    689.000    -0.1924   2.889595    -0.1942   2.889546    5.83595    -0.1168    13.8155 4.4807e+01  -61.87383  -53.20800 1154952158 219.501849    34.6164 0.0000e+00
    690.000    -0.1973   2.889190    -0.1971   2.889265    5.83762    -0.0989    13.8155 4.4807e+01  -61.87383  -53.20800 1154952160 219.501871    34.6160 0.0000e+00
    691.000    -0.1974   2.889250    -0.1972   2.889311    5.83614    -0.0803    13.8155 4.4807e+01  -61.87383  -53.20800 1154952162 219.501894    34.6163 0.0000e+00
    692.000    -0.1988   2.889202    -0.1986   2.889287    5.83603    -0.0861    13.8155 4.4807e+01  -61.87383  -53.20800 1154952164 219.501917    34.6166 0.0000e+00
    693.000    -0.1972   2.889397    -0.1977   2.889415    5.83876    -0.0967    13.8155 4.4808e+01  -61.87383  -53.20800 1154952167 219.501952    34.6166 0.0000e+00
    694.000    -0.1937   2.889712    -0.1928   2.889826    5.83915    -0.1081    13.8155 4.6156e+01  -61.87383  -53.20800 1154952170 219.501993    34.6162 0.0000e+00
    695.000    -0.1980   2.889446    -0.1988   2.889441    5.83827    -0.0967    13.8155 4.7031e+01  -61.87383  -53.20800 1154952174 219.502035    34.6170 0.0000e+00
    696.000    -0.2024   2.889155    -0.2013   2.889284    5.83994    -0.0927    13.8155 4.7781e+01  -61.87383  -53.20800 1154952178 219.502077    34.6177 0.0000e+00
    697.000    -0.2002   2.889366    -0.1997   2.889449    5.84373    -0.1123    13.8155 4.6779e+01  -61.87383  -53.20800 1154952181 219.502120    34.6173 0.0000e+00
    698.000    -0.1988   2.889498    -0.1988   2.889551    5.84470    -0.0931    13.8155 4.8133e+01  -61.87383  -53.20800 1154952185 219.502161    34.6169 0.0000e+00
    699.000    -0.1993   2.889512    -0.1992   2.889564    5.84601    -0.0947    13.8155 4.7983e+01  -61.87383  -53.20800 1154952188 219.502203    34.6170 0.0000e+00
    700.000    -0.2002   2.889463    -0.1998   2.889540    5.84665    -0.0862    13.8155 4.7461e+01  -61.87383  -53.20800 1154952192 219.502244    34.6168 0.0000e+00
    701.000    -0.2054   2.889162    -0.2062   2.889170    5.84623    -0.0903    13.8155 4.7905e+01  -61.87383  -53.20800 1154952196 219.502286    34.6182 0.0000e+00
    702.000    -0.2091   2.888940    -0.2089   2.889005    5.84644    -0.0998    13.8155 4.7277e+01  -61.87383  -53.20800 1154952199 219.502328    34.6189 0.0000e+00
    703.000    -0.2103   2.888812    -0.2102   2.888835    5.84459    -0.1019    13.8155 -9.990e-29  -61.87383  -53.20800 1154952203 219.502370    34.6179 0.0000e+00
    704.000    -0.2103   2.888812    -0.2097   2.888901    5.84650    -0.0910    13.8155 4.7494e+01  -61.87383  -53.20800 1154952207 219.502413    34.6173 0.0000e+00
    705.000    -0.2082   2.889067    -0.2079   2.889144    5.84698    -0.0816    13.8155 4.9595e+01  -61.87383  -53.20800 1154952210 219.502456    34.6176 0.0000e+00
