product_data/regression_test/downloaded_data/MGDS/320620060703/ctd/p6623103.ros
* Sea-Bird SBE 9 Data File:
* FileName = D:\Data\Raw\p6623103.dat
* Software Version Seasave Win32 V 5.32
* Temperature SN = 1649
* Conductivity SN = 1431
* Number of Bytes Per Scan = 37
* Number of Voltage Words = 5
* Number of Scans Averaged by the Deck Unit = 1
* NMEA Latitude = 61 55.05 S
* NMEA Longitude = 053 03.29 W
* NMEA UTC (Time) = 04:30:49
** Ship:   Nathaniel B. Palmer 
** Cruise:    NBP0606 
# nquan = 17
# nvalues = 1176                    
# units = specified
# name 0 = prDM: Pressure, Digiquartz [db]
# name 1 = t090C: Temperature [ITS-90, deg C]
# name 2 = c0S/m: Conductivity [S/m]
# name 3 = t190C: Temperature, 2 [ITS-90, deg C]
# name 4 = c1S/m: Conductivity, 2 [S/m]
# name 5 = sbeox0ML/L: Oxygen, SBE 43 [ml/l]
# name 6 = flECO-AFL: Fluorescence, Wetlab ECO-AFL/FL [mg/m^3]
# name 7 = bat: Beam Attenuation, Chelsea/Seatech/Wetlab CStar [1/m]
# name 8 = spar: SPAR/Surface Irradiance
# name 9 = latitude: Latitude [deg]
# name 10 = longitude: Longitude [deg]
# name 11 = timeY: Time, System [seconds]
# name 12 = timeJ: Julian Days
# name 13 = sal00: Salinity [PSU]
# name 14 = scan: scan number
# name 15 = nbf: number of bottles fired
# name 16 = flag:  0.000e+00
# interval = seconds: 0.0416667                   
# start_time = Aug 07 2006 04:32:17
*END*
[from data line 171]
    749.983    -0.2519   2.886169    -0.2541   2.886066    5.86955    -0.1225    13.8155 0.0000e+00  -61.91750  -53.05483 1154929118 219.235177    34.6021      95576          4  0.000e+00
    750.051    -0.2521   2.886196    -0.2543   2.886066    5.86961    -0.1555    13.8155 0.0000e+00  -61.91750  -53.05483 1154929118 219.235177    34.6026      95577          4  0.000e+00
    749.916    -0.2519   2.886192    -0.2542   2.886066    5.86949    -0.1445    13.8155 0.0000e+00  -61.91750  -53.05483 1154929118 219.235178    34.6025      95578          4  0.000e+00
    750.128    -0.2518   2.886202    -0.2552   2.886043    5.86964    -0.0784    13.8155 0.0000e+00  -61.91750  -53.05483 1154929118 219.235178    34.6023      95579          4  0.000e+00
    749.984    -0.2515   2.886192    -0.2552   2.886037    5.86949    -0.0123    13.8155 0.0000e+00  -61.91750  -53.05483 1154929118 219.235179    34.6019      95580          4  0.000e+00
    749.984    -0.2515   2.886189    -0.2555   2.886055    5.86949    -0.0564    13.8155 0.0000e+00  -61.91750  -53.05483 1154929118 219.235179    34.6019      95581          4  0.000e+00
    749.984    -0.2512   2.886189    -0.2552   2.886019    5.86945    -0.0123    13.8155 0.0000e+00  -61.91750  -53.05483 1154929118 219.235180    34.6015      95582          4  0.000e+00
    749.993    -0.2513   2.886169    -0.2552   2.886008    5.87456    -0.0564    13.8155 0.0000e+00  -61.91750  -53.05483 1154929118 219.235180    34.6015      95583          4  0.000e+00
    749.984    -0.2513   2.886182    -0.2558   2.886025    5.87455    -0.1004    13.8155 0.0000e+00  -61.91750  -53.05483 1154929118 219.235181    34.6016      95584          4  0.000e+00
    749.984    -0.2513   2.886189    -0.2553   2.886013    5.87455    -0.1225    13.8155 0.0000e+00  -61.91750  -53.05483 1154929118 219.235181    34.6017      95585          4  0.000e+00
    749.984    -0.2519   2.886189    -0.2559   2.886008    5.87462    -0.1114    13.8155 0.0000e+00  -61.91750  -53.05483 1154929118 219.235182    34.6024      95586          4  0.000e+00
    749.916    -0.2513   2.886202    -0.2558   2.885990    5.87448    -0.1555    13.8155 0.0000e+00  -61.91750  -53.05483 1154929118 219.235182    34.6019      95587          4  0.000e+00
    749.984    -0.2512   2.886192    -0.2558   2.885984    5.87452    -0.2326    13.8155 0.0000e+00  -61.91750  -53.05483 1154929118 219.235183    34.6016      95588          4  0.000e+00
    749.916    -0.2512   2.886202    -0.2559   2.885937    5.87446    -0.2326    13.8155 0.0000e+00  -61.91750  -53.05483 1154929118 219.235183    34.6017      95589          4  0.000e+00
    749.916    -0.2507   2.886192    -0.2556   2.885931    5.87441    -0.1445    13.8155 0.0000e+00  -61.91750  -53.05483 1154929118 219.235184    34.6011      95590          4  0.000e+00
    749.984    -0.2510   2.886206    -0.2549   2.885925    5.87450    -0.0674    13.8155 0.0000e+00  -61.91750  -53.05483 1154929118 219.235184    34.6016      95591          4  0.000e+00
    749.916    -0.2516   2.886176    -0.2544   2.885908    5.87453    -0.0454    13.8155 0.0000e+00  -61.91750  -53.05483 1154929118 219.235185    34.6019      95592          4  0.000e+00
    749.916    -0.2527   2.886166    -0.2555   2.885937    5.86960    -0.1665    13.8155 0.0000e+00  -61.91750  -53.05483 1154929118 219.235185    34.6030      95593          4  0.000e+00
    749.916    -0.2532   2.886182    -0.2559   2.885972    5.87472    -0.1775    13.8155 0.0000e+00  -61.91750  -53.05483 1154929118 219.235186    34.6038      95594          4  0.000e+00
    749.916    -0.2529   2.886169    -0.2556   2.885961    5.87469    -0.0123    13.8155 0.0000e+00  -61.91750  -53.05483 1154929118 219.235186    34.6032      95595          4  0.000e+00
    749.916    -0.2521   2.886145    -0.2558   2.885931    5.87461    -0.0894    13.8155 0.0000e+00  -61.91750  -53.05483 1154929118 219.235187    34.6021      95596          4  0.000e+00
    749.839    -0.2519   2.886176    -0.2564   2.885966    5.87451    -0.2106    13.8155 0.0000e+00  -61.91750  -53.05483 1154929118 219.235187    34.6023      95597          4  0.000e+00
    749.916    -0.2512   2.886152    -0.2559   2.885937    5.87449    -0.1225    13.8155 0.0000e+00  -61.91750  -53.05483 1154929119 219.235188    34.6011      95598          4  0.000e+00
    749.839    -0.2512   2.886176    -0.2561   2.885966    5.87441    -0.0454    13.8155 0.0000e+00  -61.91750  -53.05483 1154929119 219.235188    34.6014      95599          4  0.000e+00
    749.926    -0.2512   2.886082    -0.2561   2.885937    5.87453    -0.0343    13.8155 0.0000e+00  -61.91750  -53.05483 1154929119 219.235189    34.6001      95600          4  0.000e+00
    500.313    -0.7084   2.832420    -0.7032   2.833090    6.27801    -0.1445    13.8155 0.0000e+00  -61.91750  -53.05483 1154929401 219.238453    34.5486     102369          5  0.000e+00
    500.380    -0.7086   2.832390    -0.7025   2.833090    6.27812    -0.1114    13.8155 0.0000e+00  -61.91750  -53.05483 1154929401 219.238453    34.5484     102370          5  0.000e+00
    500.284    -0.7090   2.832354    -0.7012   2.833165    6.27810    -0.1225    13.8155 0.0000e+00  -61.91750  -53.05483 1154929401 219.238454    34.5484     102371          5  0.000e+00
    500.380    -0.7084   2.832467    -0.7007   2.833265    6.27804    -0.1775    13.8155 0.0000e+00  -61.91750  -53.05483 1154929401 219.238454    34.5492     102372          5  0.000e+00
    500.380    -0.7066   2.832590    -0.7004   2.833317    6.27774    -0.1225    13.8155 0.0000e+00  -61.91750  -53.05483 1154929401 219.238455    34.5488     102373          5  0.000e+00
    500.380    -0.7067   2.832600    -0.7005   2.833311    6.27774    -0.0894    13.8155 0.0000e+00  -61.91750  -53.05483 1154929401 219.238455    34.5490     102374          5  0.000e+00
    500.361    -0.7064   2.832613    -0.7004   2.833306    6.28264    -0.0674    13.8155 0.0000e+00  -61.91750  -53.05483 1154929401 219.238456    34.5489     102375          5  0.000e+00
    500.457    -0.7062   2.832636    -0.7010   2.833247    6.28269    -0.0784    13.8155 0.0000e+00  -61.91750  -53.05483 1154929401 219.238456    34.5490     102376          5  0.000e+00
    500.380    -0.7058   2.832693    -0.7009   2.833200    6.27758    -0.0233    13.8155 0.0000e+00  -61.91750  -53.05483 1154929401 219.238457    34.5493     102377          5  0.000e+00
    500.428    -0.7051   2.832842    -0.7010   2.833200    6.28241     0.0097    13.8155 0.0000e+00  -61.91750  -53.05483 1154929401 219.238457    34.5505     102378          5  0.000e+00
    500.457    -0.7051   2.832856    -0.7013   2.833218    6.28242    -0.1445    13.8155 0.0000e+00  -61.91750  -53.05483 1154929401 219.238458    34.5507     102379          5  0.000e+00
    500.457    -0.7044   2.832982    -0.7020   2.833189    6.28226    -0.0784    13.8155 0.0000e+00  -61.91750  -53.05483 1154929401 219.238458    34.5516     102380          5  0.000e+00
    500.380    -0.7027   2.833112    -0.7012   2.833212    6.28189    -0.0894    13.8155 0.0000e+00  -61.91750  -53.05483 1154929401 219.238459    34.5514     102381          5  0.000e+00
    500.505    -0.7008   2.833192    -0.7011   2.833241    6.27674    -0.0894    13.8155 0.0000e+00  -61.91750  -53.05483 1154929401 219.238459    34.5502     102382          5  0.000e+00
    500.457    -0.7000   2.833261    -0.7007   2.833294    6.27656    -0.1225    13.8155 0.0000e+00  -61.91750  -53.05483 1154929401 219.238460    34.5503     102383          5  0.000e+00
    500.524    -0.6996   2.833241    -0.7006   2.833323    6.27658    -0.1335    13.8155 0.0000e+00  -61.91750  -53.05483 1154929401 219.238460    34.5496     102384          5  0.000e+00
    500.505    -0.6996   2.833248    -0.7000   2.833352    6.28151    -0.0674    13.8155 0.0000e+00  -61.91750  -53.05483 1154929401 219.238461    34.5496     102385          5  0.000e+00
    500.457    -0.6994   2.833185    -0.7003   2.833358    6.27653    -0.0564    13.8155 0.0000e+00  -61.91750  -53.05483 1154929401 219.238461    34.5486     102386          5  0.000e+00
    500.524    -0.7002   2.833165    -0.7002   2.833358    6.27669    -0.1225    13.8155 0.0000e+00  -61.91750  -53.05483 1154929401 219.238462    34.5492     102387          5  0.000e+00
    500.524    -0.7003   2.833142    -0.7006   2.833335    6.27673    -0.1555    13.8155 0.0000e+00  -61.91750  -53.05483 1154929401 219.238462    34.5490     102388          5  0.000e+00
    500.572    -0.7007   2.833105    -0.6996   2.833376    6.27684    -0.1225    13.8155 0.0000e+00  -61.91750  -53.05483 1154929402 219.238463    34.5489     102389          5  0.000e+00
    500.524    -0.7002   2.833098    -0.6992   2.833446    6.27673    -0.0784    13.8155 0.0000e+00  -61.91750  -53.05483 1154929402 219.238463    34.5483     102390          5  0.000e+00
    500.524    -0.7008   2.833112    -0.6985   2.833533    6.27681    -0.0454    13.8155 0.0000e+00  -61.91750  -53.05483 1154929402 219.238464    34.5492     102391          5  0.000e+00
    500.572    -0.7008   2.833118    -0.6978   2.833627    6.27685    -0.1225    13.8155 0.0000e+00  -61.91750  -53.05483 1154929402 219.238464    34.5492     102392          5  0.000e+00
    500.524    -0.7002   2.833152    -0.6961   2.833720    6.27671    -0.2216    13.8155 0.0000e+00  -61.91750  -53.05483 1154929402 219.238465    34.5491     102393          5  0.000e+00
    500.524    -0.7005   2.833165    -0.6950   2.833796    6.28170    -0.1665    13.8155 0.0000e+00  -61.91750  -53.05483 1154929402 219.238465    34.5495     102394          5  0.000e+00
    500.592    -0.7002   2.833182    -0.6947   2.833901    6.28171    -0.0674    13.8155 0.0000e+00  -61.91750  -53.05483 1154929402 219.238465    34.5493     102395          5  0.000e+00
    500.572    -0.7003   2.833168    -0.6943   2.833896    6.27676    -0.0233    13.8155 0.0000e+00  -61.91750  -53.05483 1154929402 219.238466    34.5494     102396          5  0.000e+00
    500.524    -0.7001   2.833198    -0.6942   2.833878    6.27666    -0.1114    13.8155 0.0000e+00  -61.91750  -53.05483 1154929402 219.238466    34.5495     102397          5  0.000e+00
    500.592    -0.7002   2.833222    -0.6944   2.833843    6.27672    -0.1335    13.8155 0.0000e+00  -61.91750  -53.05483 1154929402 219.238467    34.5499     102398          5  0.000e+00
    500.524    -0.6999   2.833228    -0.6950   2.833785    6.27662    -0.0784    13.8155 0.0000e+00  -61.91750  -53.05483 1154929402 219.238467    34.5497     102399          5  0.000e+00
    500.573    -0.6996   2.833301    -0.6949   2.833750    6.28154    -0.0674    13.8155 0.0000e+00  -61.91750  -53.05483 1154929402 219.238468    34.5503     102400          5  0.000e+00
    500.592    -0.6996   2.833408    -0.6944   2.833831    6.28150    -0.0564    13.8155 0.0000e+00  -61.91750  -53.05483 1154929402 219.238468    34.5518     102401          5  0.000e+00
    500.592    -0.6972   2.833571    -0.6936   2.833913    6.27614    -0.0454    13.8155 0.0000e+00  -61.91750  -53.05483 1154929402 219.238469    34.5513     102402          5  0.000e+00
    500.573    -0.6955   2.833650    -0.6939   2.833896    6.28082    -0.0013    13.8155 0.0000e+00  -61.91750  -53.05483 1154929402 219.238469    34.5504     102403          5  0.000e+00
    500.525    -0.6944   2.833680    -0.6943   2.833878    6.28062    -0.0343    13.8155 0.0000e+00  -61.91750  -53.05483 1154929402 219.238470    34.5496     102404          5  0.000e+00
    500.592    -0.6951   2.833617    -0.6945   2.833866    6.28080    -0.1445    13.8155 0.0000e+00  -61.91750  -53.05483 1154929402 219.238470    34.5495     102405          5  0.000e+00
    500.592    -0.6954   2.833627    -0.6944   2.833896    6.28083    -0.1445    13.8155 0.0000e+00  -61.91750  -53.05483 1154929402 219.238471    34.5499     102406          5  0.000e+00
    500.573    -0.6954   2.833640    -0.6944   2.833855    6.27584    -0.1335    13.8155 0.0000e+00  -61.91750  -53.05483 1154929402 219.238471    34.5501     102407          5  0.000e+00
    500.525    -0.6952   2.833640    -0.6946   2.833866    6.28074    -0.1445    13.8155 0.0000e+00  -61.91750  -53.05483 1154929402 219.238472    34.5499     102408          5  0.000e+00
    500.592    -0.6951   2.833657    -0.6944   2.833866    6.28077    -0.1335    13.8155 0.0000e+00  -61.91750  -53.05483 1154929402 219.238472    34.5500     102409          5  0.000e+00
    500.573    -0.6946   2.833680    -0.6944   2.833872    6.28069    -0.1445    13.8155 0.0000e+00  -61.91750  -53.05483 1154929402 219.238473    34.5498     102410          5  0.000e+00
    500.525    -0.6948   2.833647    -0.6945   2.833866    6.28068    -0.1335    13.8155 0.0000e+00  -61.91750  -53.05483 1154929402 219.238473    34.5495     102411          5  0.000e+00
    500.592    -0.6955   2.833621    -0.6941   2.833831    6.28085    -0.1225    13.8155 0.0000e+00  -61.91750  -53.05483 1154929402 219.238474    34.5500     102412          5  0.000e+00
    500.592    -0.6954   2.833601    -0.6948   2.833814    6.28084    -0.0894    13.8155 0.0000e+00  -61.91750  -53.05483 1154929402 219.238474    34.5495     102413          5  0.000e+00
    500.506    -0.6954   2.833597    -0.6950   2.833820    6.28077    -0.1225    13.8155 0.0000e+00  -61.91750  -53.05483 1154929403 219.238475    34.5495     102414          5  0.000e+00
    500.592    -0.6957   2.833597    -0.6950   2.833773    6.28089    -0.1445    13.8155 0.0000e+00  -61.91750  -53.05483 1154929403 219.238475    34.5499     102415          5  0.000e+00
    500.592    -0.6957   2.833544    -0.6953   2.833785    6.28092    -0.0894    13.8155 0.0000e+00  -61.91750  -53.05483 1154929403 219.238476    34.5491     102416          5  0.000e+00
    500.573    -0.6963   2.833527    -0.6953   2.833767    6.28099    -0.1004    13.8155 0.0000e+00  -61.91750  -53.05483 1154929403 219.238476    34.5496     102417          5  0.000e+00
    501.074    -0.6892   2.834209    -0.6861   2.834649    6.27018    -0.1335    13.8155 0.0000e+00  -61.91750  -53.05483 1154929408 219.238533    34.5504     102534          6  0.000e+00
    501.170    -0.6893   2.834226    -0.6861   2.834684    6.27028    -0.1335    13.8155 0.0000e+00  -61.91750  -53.05483 1154929408 219.238533    34.5507     102535          6  0.000e+00
    501.094    -0.6892   2.834233    -0.6856   2.834684    6.27019    -0.1335    13.8155 0.0000e+00  -61.91750  -53.05483 1154929408 219.238533    34.5507     102536          6  0.000e+00
    501.094    -0.6890   2.834233    -0.6855   2.834731    6.27017    -0.0564    13.8155 0.0000e+00  -61.91750  -53.05483 1154929408 219.238534    34.5506     102537          6  0.000e+00
    501.075    -0.6884   2.834249    -0.6853   2.834719    6.27006    -0.0343    13.8155 0.0000e+00  -61.91750  -53.05483 1154929408 219.238534    34.5501     102538          6  0.000e+00
    501.171    -0.6884   2.834256    -0.6858   2.834696    6.27014    -0.0564    13.8155 0.0000e+00  -61.91750  -53.05483 1154929408 219.238535    34.5501     102539          6  0.000e+00
    501.094    -0.6884   2.834286    -0.6859   2.834655    6.27006    -0.0564    13.8155 0.0000e+00  -61.91750  -53.05483 1154929408 219.238535    34.5506     102540          6  0.000e+00
    501.142    -0.6881   2.834316    -0.6858   2.834655    6.27004    -0.0894    13.8155 0.0000e+00  -61.91750  -53.05483 1154929408 219.238536    34.5506     102541          6  0.000e+00
    501.094    -0.6877   2.834406    -0.6855   2.834684    6.26989    -0.0674    13.8155 0.0000e+00  -61.91750  -53.05483 1154929408 219.238536    34.5513     102542          6  0.000e+00
    501.094    -0.6859   2.834502    -0.6858   2.834708    6.26961    -0.1225    13.8155 0.0000e+00  -61.91750  -53.05483 1154929408 219.238537    34.5507     102543          6  0.000e+00
