product_data/regression_test/downloaded_data/MGDS/320620060703/ctd/p6623401.cnv
* Sea-Bird SBE 9 Data File:
* FileName = D:\Data\Raw\p6623401.dat
* Software Version Seasave Win32 V 5.32
* Temperature SN = 1649
* Conductivity SN = 1431
* Number of Bytes Per Scan = 37
* Number of Voltage Words = 5
* Number of Scans Averaged by the Deck Unit = 1
* NMEA Latitude = 61 50.28 S
* NMEA Longitude = 053 16.58 W
* NMEA UTC (Time) = 13:14:47
** Ship:   Nathaniel B. Palmer 
** Cruise:    NBP0606 
# nquan = 15
# nvalues = 490                         
# units = specified
# name 0 = prDM: Pressure, Digiquartz [db]
# name 1 = t090C: Temperature [ITS-90, deg C]
# name 2 = c0S/m: Conductivity [S/m]
# name 3 = t190C: Temperature, 2 [ITS-90, deg C]
# name 4 = c1S/m: Conductivity, 2 [S/m]
# name 5 = sbeox0ML/L: Oxygen, SBE 43 [ml/l]
# name 6 = flECO-AFL: Fluorescence, Wetlab ECO-AFL/FL [mg/m^3]
# name 7 = bat: Beam Attenuation, Chelsea/Seatech/Wetlab CStar [1/m]
# name 8 = spar: SPAR/Surface Irradiance
# name 9 = latitude: Latitude [deg]
# name 10 = longitude: Longitude [deg]
# name 11 = timeY: Time, System [seconds]
# name 12 = timeJ: Julian Days
# name 13 = sal00: Salinity [PSU]
# name 14 = flag: flag
# span 0 =      1.000,    490.000       
# span 1 =    -1.6701,    -0.6470       
# span 2 =   2.706882,   2.835973       
# span 3 =    -1.6715,    -0.6463       
# span 4 =   2.707487,   2.836045       
# span 5 =    6.30493,    7.59077       
# span 6 =    -0.0946,     0.0681       
# span 7 =    13.8155,    13.8155       
# span 8 = 7.5785e+02, 8.2890e+02       
# span 9 =  -61.83800,  -61.83800       
# span 10 =  -53.27633,  -53.27633      
# span 11 = 1154956610, 1154957420      
# span 12 = 219.553379, 219.562755      
# span 13 =    34.2402,    34.5458      
# span 14 = 0.0000e+00, 0.0000e+00      
# interval = decibars: 1                
# start_time = Aug 07 2006 13:16:19
# bad_flag = -9.990e-29
*END*
[from data line 290]
    291.000    -0.8506   2.805287    -0.8490   2.805438    6.70882    -0.0443    13.8155 7.9464e+02  -61.83800  -53.27633 1154957078 219.558802    34.4706 0.0000e+00
    292.000    -0.8457   2.805849    -0.8443   2.805961    6.70187    -0.0483    13.8155 7.9590e+02  -61.83800  -53.27633 1154957080 219.558817    34.4721 0.0000e+00
    293.000    -0.8352   2.806966    -0.8346   2.806979    6.69518    -0.0707    13.8155 7.9512e+02  -61.83800  -53.27633 1154957081 219.558831    34.4745 0.0000e+00
    294.000    -0.8279   2.807795    -0.8261   2.807932    6.68381    -0.0332    13.8155 7.9503e+02  -61.83800  -53.27633 1154957082 219.558845    34.4767 0.0000e+00
    295.000    -0.8212   2.808534    -0.8200   2.808640    6.67277    -0.0781    13.8155 7.9671e+02  -61.83800  -53.27633 1154957084 219.558860    34.4784 0.0000e+00
    296.000    -0.8209   2.808615    -0.8201   2.808686    6.66578    -0.0604    13.8155 7.9777e+02  -61.83800  -53.27633 1154957085 219.558875    34.4786 0.0000e+00
    297.000    -0.8218   2.808579    -0.8206   2.808676    6.65973    -0.0476    13.8155 -9.990e-29  -61.83800  -53.27633 1154957086 219.558890    34.4787 0.0000e+00
    298.000    -0.8197   2.808823    -0.8183   2.808943    6.65484    -0.0674    13.8155 -9.990e-29  -61.83800  -53.27633 1154957087 219.558905    34.4792 0.0000e+00
    299.000    -0.8152   2.809295    -0.8138   2.809423    6.65229    -0.0566    13.8155 -9.990e-29  -61.83800  -53.27633 1154957089 219.558920    34.4798 0.0000e+00
    300.000    -0.8147   2.809385    -0.8134   2.809504    6.64895    -0.0660    13.8155 7.9659e+02  -61.83800  -53.27633 1154957090 219.558934    34.4798 0.0000e+00
    301.000    -0.8133   2.809573    -0.8119   2.809690    6.65553    -0.0809    13.8155 7.9660e+02  -61.83800  -53.27633 1154957091 219.558949    34.4803 0.0000e+00
    302.000    -0.8122   2.809713    -0.8111   2.809816    6.66580    -0.0749    13.8155 7.9718e+02  -61.83800  -53.27633 1154957092 219.558964    34.4804 0.0000e+00
    303.000    -0.8138   2.809630    -0.8129   2.809733    6.66549    -0.0647    13.8155 7.9692e+02  -61.83800  -53.27633 1154957094 219.558979    34.4806 0.0000e+00
    304.000    -0.8305   2.808215    -0.8346   2.808067    6.67615    -0.0618    13.8155 7.9473e+02  -61.83800  -53.27633 1154957095 219.558993    34.4797 0.0000e+00
    305.000    -0.9487   2.798061    -0.9628   2.797254    6.68886    -0.0499    13.8155 7.9478e+02  -61.83800  -53.27633 1154957096 219.559008    34.4791 0.0000e+00
    306.000    -1.0288   2.791213    -1.0390   2.790728    6.72098    -0.0438    13.8155 7.9560e+02  -61.83800  -53.27633 1154957098 219.559023    34.4796 0.0000e+00
    307.000    -1.0826   2.786609    -1.0936   2.786012    6.74156    -0.0511    13.8155 7.9436e+02  -61.83800  -53.27633 1154957099 219.559037    34.4787 0.0000e+00
    308.000    -1.1236   2.783202    -1.1240   2.783337    6.76032    -0.0553    13.8155 7.9452e+02  -61.83800  -53.27633 1154957100 219.559052    34.4795 0.0000e+00
    309.000    -1.1525   2.780662    -1.1509   2.781141    6.79257    -0.0406    13.8155 7.9625e+02  -61.83800  -53.27633 1154957101 219.559067    34.4763 0.0000e+00
    310.000    -1.2138   2.775485    -1.2172   2.775399    6.82038    -0.0409    13.8155 7.9467e+02  -61.83800  -53.27633 1154957103 219.559082    34.4766 0.0000e+00
    311.000    -1.2262   2.774458    -1.2315   2.774243    6.82783    -0.0570    13.8155 7.9461e+02  -61.83800  -53.27633 1154957104 219.559096    34.4750 0.0000e+00
    312.000    -1.2625   2.771305    -1.2735   2.770664    6.84684    -0.0348    13.8155 7.9604e+02  -61.83800  -53.27633 1154957105 219.559111    34.4753 0.0000e+00
    313.000    -1.4283   2.756915    -1.4439   2.756237    6.87364    -0.0510    13.8155 7.9653e+02  -61.83800  -53.27633 1154957106 219.559126    34.4714 0.0000e+00
    314.000    -1.4538   2.755043    -1.4602   2.754789    6.89601    -0.0484    13.8155 7.9523e+02  -61.83800  -53.27633 1154957108 219.559141    34.4719 0.0000e+00
    315.000    -1.4673   2.754010    -1.4669   2.754286    6.91386    -0.0629    13.8155 7.9560e+02  -61.83800  -53.27633 1154957109 219.559155    34.4715 0.0000e+00
    316.000    -1.4902   2.752199    -1.4896   2.752524    6.92996    -0.0437    13.8155 7.9471e+02  -61.83800  -53.27633 1154957110 219.559170    34.4714 0.0000e+00
    317.000    -1.4969   2.751765    -1.4964   2.752029    6.93986    -0.0698    13.8155 7.9613e+02  -61.83800  -53.27633 1154957112 219.559185    34.4715 0.0000e+00
    318.000    -1.4955   2.752097    -1.4934   2.752428    6.93596    -0.0573    13.8155 7.9569e+02  -61.83800  -53.27633 1154957113 219.559199    34.4725 0.0000e+00
    319.000    -1.4879   2.752862    -1.4872   2.753089    6.92214    -0.0490    13.8155 7.9757e+02  -61.83800  -53.27633 1154957114 219.559214    34.4725 0.0000e+00
    320.000    -1.4853   2.753186    -1.4844   2.753414    6.93284    -0.0697    13.8155 7.9563e+02  -61.83800  -53.27633 1154957115 219.559227    34.4726 0.0000e+00
    321.000    -1.4815   2.753654    -1.4807   2.753781    6.93162    -0.0428    13.8155 7.9618e+02  -61.83800  -53.27633 1154957116 219.559242    34.4735 0.0000e+00
    322.000    -1.4407   2.757694    -1.4318   2.758358    6.91560    -0.0633    13.8155 7.9657e+02  -61.83800  -53.27633 1154957118 219.559256    34.4780 0.0000e+00
    323.000    -1.3808   2.762994    -1.4043   2.760977    6.87372    -0.0536    13.8155 7.9720e+02  -61.83800  -53.27633 1154957119 219.559271    34.4817 0.0000e+00
    324.000    -1.3866   2.762626    -1.3920   2.762153    6.87861    -0.0390    13.8155 7.9744e+02  -61.83800  -53.27633 1154957120 219.559286    34.4822 0.0000e+00
    325.000    -1.4065   2.760831    -1.3928   2.762118    6.86378    -0.0615    13.8155 7.9669e+02  -61.83800  -53.27633 1154957121 219.559299    34.4800 0.0000e+00
    326.000    -1.3172   2.769127    -1.3081   2.769558    6.83443    -0.0536    13.8155 7.9853e+02  -61.83800  -53.27633 1154957123 219.559313    34.4901 0.0000e+00
    327.000    -1.2213   2.777678    -1.2218   2.777624    6.80645    -0.0672    13.8155 7.9855e+02  -61.83800  -53.27633 1154957124 219.559328    34.4918 0.0000e+00
    328.000    -1.2419   2.775644    -1.2376   2.776153    6.80161    -0.0334    13.8155 7.9760e+02  -61.83800  -53.27633 1154957125 219.559342    34.4904 0.0000e+00
    329.000    -1.2236   2.777598    -1.2219   2.777748    6.77046    -0.0641    13.8155 7.9781e+02  -61.83800  -53.27633 1154957126 219.559357    34.4936 0.0000e+00
    330.000    -1.2346   2.776643    -1.2342   2.776696    6.76174    -0.0524    13.8155 7.9861e+02  -61.83800  -53.27633 1154957128 219.559371    34.4937 0.0000e+00
    331.000    -1.2009   2.779392    -1.2584   2.774785    6.75459    -0.0509    13.8155 7.9855e+02  -61.83800  -53.27633 1154957129 219.559386    34.4916 0.0000e+00
    332.000    -1.2327   2.777046    -1.2450   2.775599    6.74661    -0.0557    13.8155 7.9928e+02  -61.83800  -53.27633 1154957130 219.559400    34.4981 0.0000e+00
    333.000    -1.1789   2.781776    -1.1812   2.781549    6.73389    -0.0505    13.8155 8.0059e+02  -61.83800  -53.27633 1154957131 219.559415    34.4980 0.0000e+00
    334.000    -1.1677   2.782856    -1.1678   2.782824    6.72326    -0.0662    13.8155 8.0062e+02  -61.83800  -53.27633 1154957133 219.559429    34.4993 0.0000e+00
    335.000    -1.1668   2.782930    -1.1710   2.782625    6.71577    -0.0606    13.8155 7.9907e+02  -61.83800  -53.27633 1154957134 219.559444    34.4988 0.0000e+00
    336.000    -1.1603   2.783614    -1.1638   2.783260    6.71520    -0.0425    13.8155 8.0036e+02  -61.83800  -53.27633 1154957135 219.559458    34.5007 0.0000e+00
    337.000    -1.1576   2.783871    -1.1543   2.784149    6.70463    -0.0700    13.8155 7.9953e+02  -61.83800  -53.27633 1154957136 219.559472    34.5005 0.0000e+00
    338.000    -1.1329   2.786197    -1.1296   2.786429    6.69536    -0.0561    13.8155 8.0129e+02  -61.83800  -53.27633 1154957138 219.559487    34.5033 0.0000e+00
    339.000    -1.1394   2.785533    -1.1437   2.785281    6.69832    -0.0612    13.8155 8.0055e+02  -61.83800  -53.27633 1154957139 219.559501    34.5010 0.0000e+00
    340.000    -1.1611   2.783629    -1.1633   2.783461    6.69488    -0.0752    13.8155 7.9862e+02  -61.83800  -53.27633 1154957140 219.559516    34.5006 0.0000e+00
    341.000    -1.1695   2.782876    -1.1690   2.783054    6.69515    -0.0577    13.8155 7.9846e+02  -61.83800  -53.27633 1154957141 219.559530    34.4996 0.0000e+00
    342.000    -1.1731   2.782591    -1.1706   2.782901    6.69759    -0.0647    13.8155 7.9984e+02  -61.83800  -53.27633 1154957143 219.559545    34.4995 0.0000e+00
    343.000    -1.1843   2.781638    -1.1828   2.781792    6.70400    -0.0675    13.8155 7.9906e+02  -61.83800  -53.27633 1154957144 219.559559    34.4990 0.0000e+00
    344.000    -1.1803   2.782026    -1.1793   2.782165    6.70284    -0.0530    13.8155 8.0043e+02  -61.83800  -53.27633 1154957145 219.559574    34.4991 0.0000e+00
    345.000    -1.1667   2.783379    -1.1616   2.783792    6.70291    -0.0671    13.8155 8.0037e+02  -61.83800  -53.27633 1154957146 219.559588    34.5013 0.0000e+00
    346.000    -1.1763   2.782418    -1.1797   2.782294    6.70728    -0.0302    13.8155 8.0056e+02  -61.83800  -53.27633 1154957148 219.559603    34.4979 0.0000e+00
    347.000    -1.1961   2.780738    -1.1936   2.781020    6.71172    -0.0347    13.8155 8.0193e+02  -61.83800  -53.27633 1154957149 219.559617    34.4983 0.0000e+00
    348.000    -1.2005   2.780383    -1.1979   2.780661    6.71598    -0.0681    13.8155 8.0048e+02  -61.83800  -53.27633 1154957150 219.559632    34.4980 0.0000e+00
    349.000    -1.1918   2.781208    -1.1913   2.781292    6.72028    -0.0607    13.8155 8.0032e+02  -61.83800  -53.27633 1154957151 219.559646    34.4983 0.0000e+00
    350.000    -1.1903   2.781425    -1.1892   2.781544    6.72041    -0.0504    13.8155 8.0056e+02  -61.83800  -53.27633 1154957153 219.559661    34.4989 0.0000e+00
    351.000    -1.1771   2.782641    -1.1748   2.782876    6.72256    -0.0602    13.8155 8.0199e+02  -61.83800  -53.27633 1154957154 219.559675    34.4993 0.0000e+00
    352.000    -1.1832   2.782123    -1.1821   2.782304    6.71947    -0.0491    13.8155 8.0162e+02  -61.83800  -53.27633 1154957155 219.559690    34.4986 0.0000e+00
    353.000    -1.1915   2.781412    -1.1890   2.781702    6.71169    -0.0760    13.8155 8.0007e+02  -61.83800  -53.27633 1154957156 219.559704    34.4982 0.0000e+00
    354.000    -1.2040   2.780249    -1.2006   2.780741    6.71454    -0.0473    13.8155 8.0149e+02  -61.83800  -53.27633 1154957158 219.559719    34.4960 0.0000e+00
    355.000    -1.2286   2.778133    -1.2302   2.778070    6.72601    -0.0627    13.8155 8.0252e+02  -61.83800  -53.27633 1154957159 219.559733    34.4958 0.0000e+00
    356.000    -1.2008   2.780763    -1.2077   2.780071    6.72454    -0.0388    13.8155 8.0072e+02  -61.83800  -53.27633 1154957160 219.559748    34.4967 0.0000e+00
    357.000    -1.1447   2.785945    -1.1382   2.786405    6.70557    -0.0747    13.8155 8.0137e+02  -61.83800  -53.27633 1154957161 219.559762    34.5030 0.0000e+00
    358.000    -1.1140   2.788690    -1.1183   2.788373    6.69470    -0.0673    13.8155 8.0143e+02  -61.83800  -53.27633 1154957163 219.559776    34.5030 0.0000e+00
    359.000    -1.1464   2.785774    -1.1456   2.785957    6.68653    -0.0626    13.8155 8.0056e+02  -61.83800  -53.27633 1154957164 219.559791    34.5009 0.0000e+00
    360.000    -1.1546   2.785134    -1.1526   2.785323    6.68632    -0.0577    13.8155 8.0056e+02  -61.83800  -53.27633 1154957165 219.559805    34.5020 0.0000e+00
    361.000    -1.1335   2.787059    -1.1354   2.786914    6.68159    -0.0663    13.8155 8.0056e+02  -61.83800  -53.27633 1154957166 219.559820    34.5026 0.0000e+00
    362.000    -1.1161   2.788766    -1.1032   2.789878    6.66101    -0.0524    13.8155 8.0152e+02  -61.83800  -53.27633 1154957168 219.559834    34.5053 0.0000e+00
    363.000    -1.1121   2.789152    -1.1141   2.788991    6.65869    -0.0734    13.8155 8.0090e+02  -61.83800  -53.27633 1154957169 219.559849    34.5053 0.0000e+00
    364.000    -1.1180   2.788595    -1.1258   2.787987    6.65050    -0.0586    13.8155 8.0148e+02  -61.83800  -53.27633 1154957170 219.559863    34.5040 0.0000e+00
    365.000    -1.0952   2.790863    -1.1119   2.789174    6.64483    -0.0752    13.8155 8.0208e+02  -61.83800  -53.27633 1154957171 219.559877    34.5061 0.0000e+00
    366.000    -1.0290   2.796845    -1.0218   2.797266    6.60313    -0.0597    13.8155 8.0091e+02  -61.83800  -53.27633 1154957173 219.559892    34.5115 0.0000e+00
    367.000    -1.0062   2.799029    -1.0095   2.798483    6.59156    -0.0538    13.8155 8.0165e+02  -61.83800  -53.27633 1154957174 219.559906    34.5146 0.0000e+00
    368.000    -0.9758   2.801592    -0.9761   2.801817    6.56661    -0.0456    13.8155 8.0041e+02  -61.83800  -53.27633 1154957175 219.559921    34.5123 0.0000e+00
    369.000    -0.9281   2.806353    -0.9085   2.807556    6.54182    -0.0763    13.8155 8.0072e+02  -61.83800  -53.27633 1154957176 219.559935    34.5237 0.0000e+00
    370.000    -0.8167   2.816203    -0.8171   2.815980    6.51441    -0.0524    13.8155 8.0076e+02  -61.83800  -53.27633 1154957178 219.559950    34.5246 0.0000e+00
    371.000    -0.8072   2.817166    -0.7906   2.818412    6.48707    -0.0688    13.8155 8.0062e+02  -61.83800  -53.27633 1154957179 219.559964    34.5276 0.0000e+00
    372.000    -0.7721   2.820265    -0.7700   2.820371    6.46914    -0.0619    13.8155 8.0177e+02  -61.83800  -53.27633 1154957180 219.559978    34.5283 0.0000e+00
    373.000    -0.7720   2.820329    -0.7712   2.820306    6.45383    -0.0572    13.8155 8.0136e+02  -61.83800  -53.27633 1154957181 219.559993    34.5297 0.0000e+00
    374.000    -0.7695   2.820548    -0.7676   2.820647    6.44349    -0.0600    13.8155 8.0048e+02  -61.83800  -53.27633 1154957183 219.560007    34.5299 0.0000e+00
    375.000    -0.7704   2.820485    -0.7699   2.820505    6.43367    -0.0749    13.8155 8.0011e+02  -61.83800  -53.27633 1154957184 219.560022    34.5302 0.0000e+00
    376.000    -0.7718   2.820390    -0.7703   2.820483    6.42853    -0.0806    13.8155 8.0050e+02  -61.83800  -53.27633 1154957185 219.560036    34.5306 0.0000e+00
    377.000    -0.7770   2.819935    -0.7755   2.820045    6.42503    -0.0736    13.8155 8.0024e+02  -61.83800  -53.27633 1154957186 219.560051    34.5304 0.0000e+00
    378.000    -0.7743   2.820255    -0.7753   2.820105    6.42336    -0.0604    13.8155 7.9952e+02  -61.83800  -53.27633 1154957188 219.560065    34.5316 0.0000e+00
    379.000    -0.7729   2.820367    -0.7749   2.820154    6.42076    -0.0670    13.8155 8.0134e+02  -61.83800  -53.27633 1154957189 219.560080    34.5312 0.0000e+00
    380.000    -0.7701   2.820673    -0.7701   2.820642    6.42043    -0.0687    13.8155 8.0043e+02  -61.83800  -53.27633 1154957190 219.560094    34.5317 0.0000e+00
    381.000    -0.7731   2.820431    -0.7724   2.820495    6.41988    -0.0655    13.8155 8.0069e+02  -61.83800  -53.27633 1154957191 219.560109    34.5315 0.0000e+00
    382.000    -0.7714   2.820632    -0.7722   2.820494    6.42189    -0.0651    13.8155 8.0400e+02  -61.83800  -53.27633 1154957193 219.560123    34.5320 0.0000e+00
    383.000    -0.7740   2.820425    -0.7708   2.820691    6.41889    -0.0530    13.8155 8.0098e+02  -61.83800  -53.27633 1154957194 219.560137    34.5318 0.0000e+00
    384.000    -0.7652   2.821254    -0.7631   2.821398    6.41574    -0.0645    13.8155 8.0043e+02  -61.83800  -53.27633 1154957195 219.560152    34.5324 0.0000e+00
    385.000    -0.7610   2.821662    -0.7603   2.821719    6.41369    -0.0582    13.8155 8.0180e+02  -61.83800  -53.27633 1154957196 219.560166    34.5323 0.0000e+00
