product_data/regression_test/downloaded_data/MGDS/320620060703/ctd/p6623401.cnv
* Sea-Bird SBE 9 Data File:
* FileName = D:\Data\Raw\p6623401.dat
* Software Version Seasave Win32 V 5.32
* Temperature SN = 1649
* Conductivity SN = 1431
* Number of Bytes Per Scan = 37
* Number of Voltage Words = 5
* Number of Scans Averaged by the Deck Unit = 1
* NMEA Latitude = 61 50.28 S
* NMEA Longitude = 053 16.58 W
* NMEA UTC (Time) = 13:14:47
** Ship:   Nathaniel B. Palmer 
** Cruise:    NBP0606 
# nquan = 15
# nvalues = 490                         
# units = specified
# name 0 = prDM: Pressure, Digiquartz [db]
# name 1 = t090C: Temperature [ITS-90, deg C]
# name 2 = c0S/m: Conductivity [S/m]
# name 3 = t190C: Temperature, 2 [ITS-90, deg C]
# name 4 = c1S/m: Conductivity, 2 [S/m]
# name 5 = sbeox0ML/L: Oxygen, SBE 43 [ml/l]
# name 6 = flECO-AFL: Fluorescence, Wetlab ECO-AFL/FL [mg/m^3]
# name 7 = bat: Beam Attenuation, Chelsea/Seatech/Wetlab CStar [1/m]
# name 8 = spar: SPAR/Surface Irradiance
# name 9 = latitude: Latitude [deg]
# name 10 = longitude: Longitude [deg]
# name 11 = timeY: Time, System [seconds]
# name 12 = timeJ: Julian Days
# name 13 = sal00: Salinity [PSU]
# name 14 = flag: flag
# span 0 =      1.000,    490.000       
# span 1 =    -1.6701,    -0.6470       
# span 2 =   2.706882,   2.835973       
# span 3 =    -1.6715,    -0.6463       
# span 4 =   2.707487,   2.836045       
# span 5 =    6.30493,    7.59077       
# span 6 =    -0.0946,     0.0681       
# span 7 =    13.8155,    13.8155       
# span 8 = 7.5785e+02, 8.2890e+02       
# span 9 =  -61.83800,  -61.83800       
# span 10 =  -53.27633,  -53.27633      
# span 11 = 1154956610, 1154957420      
# span 12 = 219.553379, 219.562755      
# span 13 =    34.2402,    34.5458      
# span 14 = 0.0000e+00, 0.0000e+00      
# interval = decibars: 1                
# start_time = Aug 07 2006 13:16:19
# bad_flag = -9.990e-29
*END*
      1.000    -1.5138   2.720036    -1.4592   2.725235    7.51622     0.0052    13.8155 7.6148e+02  -61.83800  -53.27633 1154956610 219.553379    34.2402 0.0000e+00
      2.000    -1.4662   2.723976    -1.4634   2.724467    7.58756     0.0623    13.8155 7.6472e+02  -61.83800  -53.27633 1154956627 219.553579    34.2428 0.0000e+00
      3.000    -1.5591   2.716116    -1.5541   2.717155    7.58018     0.0285    13.8155 7.6097e+02  -61.83800  -53.27633 1154956631 219.553624    34.2425 0.0000e+00
      4.000    -1.6043   2.712379    -1.5608   2.716790    7.58221     0.0573    13.8155 7.5991e+02  -61.83800  -53.27633 1154956634 219.553659    34.2432 0.0000e+00
      5.000    -1.6332   2.709961    -1.6277   2.711205    7.57674     0.0555    13.8155 7.6050e+02  -61.83800  -53.27633 1154956637 219.553691    34.2434 0.0000e+00
      6.000    -1.6701   2.706882    -1.6715   2.707487    7.58004     0.0564    13.8155 7.6253e+02  -61.83800  -53.27633 1154956639 219.553720    34.2420 0.0000e+00
      7.000    -1.6646   2.707522    -1.6669   2.707967    7.58631     0.0466    13.8155 7.6002e+02  -61.83800  -53.27633 1154956642 219.553747    34.2430 0.0000e+00
      8.000    -1.6633   2.707699    -1.6638   2.708327    7.58083     0.0649    13.8155 7.5895e+02  -61.83800  -53.27633 1154956644 219.553772    34.2426 0.0000e+00
      9.000    -1.6629   2.707799    -1.6648   2.708281    7.58040     0.0536    13.8155 7.5890e+02  -61.83800  -53.27633 1154956646 219.553796    34.2426 0.0000e+00
     10.000    -1.6609   2.708050    -1.6613   2.708634    7.58001     0.0528    13.8155 7.5785e+02  -61.83800  -53.27633 1154956648 219.553819    34.2428 0.0000e+00
     11.000    -1.6586   2.708320    -1.6612   2.708707    7.58137     0.0429    13.8155 7.5951e+02  -61.83800  -53.27633 1154956650 219.553843    34.2429 0.0000e+00
     12.000    -1.6647   2.707778    -1.6664   2.708249    7.58509     0.0523    13.8155 7.5978e+02  -61.83800  -53.27633 1154956652 219.553867    34.2418 0.0000e+00
     13.000    -1.6611   2.708192    -1.6623   2.708649    7.58834     0.0590    13.8155 7.5978e+02  -61.83800  -53.27633 1154956654 219.553891    34.2427 0.0000e+00
     14.000    -1.6539   2.708937    -1.6556   2.709387    7.59012     0.0492    13.8155 7.5978e+02  -61.83800  -53.27633 1154956656 219.553915    34.2437 0.0000e+00
     15.000    -1.6582   2.708591    -1.6588   2.709103    7.58925     0.0488    13.8155 7.5978e+02  -61.83800  -53.27633 1154956658 219.553939    34.2434 0.0000e+00
     16.000    -1.6504   2.709377    -1.6508   2.709911    7.58739     0.0483    13.8155 7.5970e+02  -61.83800  -53.27633 1154956660 219.553962    34.2444 0.0000e+00
     17.000    -1.6497   2.709479    -1.6507   2.709970    7.58631     0.0278    13.8155 7.5970e+02  -61.83800  -53.27633 1154956662 219.553986    34.2444 0.0000e+00
     18.000    -1.6494   2.709555    -1.6506   2.710012    7.59077     0.0508    13.8155 7.6162e+02  -61.83800  -53.27633 1154956664 219.554010    34.2444 0.0000e+00
     19.000    -1.6496   2.709578    -1.6505   2.710061    7.58977     0.0588    13.8155 7.6069e+02  -61.83800  -53.27633 1154956666 219.554033    34.2444 0.0000e+00
     20.000    -1.6491   2.709677    -1.6499   2.710157    7.58401     0.0557    13.8155 7.6241e+02  -61.83800  -53.27633 1154956668 219.554057    34.2446 0.0000e+00
     21.000    -1.6488   2.709756    -1.6494   2.710243    7.58222     0.0593    13.8155 -9.990e-29  -61.83800  -53.27633 1154956671 219.554081    34.2447 0.0000e+00
     22.000    -1.6483   2.709856    -1.6488   2.710342    7.57985     0.0669    13.8155 7.6328e+02  -61.83800  -53.27633 1154956673 219.554105    34.2448 0.0000e+00
     23.000    -1.6469   2.710033    -1.6476   2.710501    7.58056     0.0396    13.8155 7.6324e+02  -61.83800  -53.27633 1154956675 219.554128    34.2450 0.0000e+00
     24.000    -1.6451   2.710248    -1.6461   2.710679    7.58124     0.0481    13.8155 7.6200e+02  -61.83800  -53.27633 1154956677 219.554152    34.2452 0.0000e+00
     25.000    -1.6449   2.710315    -1.6458   2.710754    7.58362     0.0395    13.8155 7.6325e+02  -61.83800  -53.27633 1154956679 219.554176    34.2454 0.0000e+00
     26.000    -1.6433   2.710519    -1.6439   2.710976    7.58619     0.0681    13.8155 7.6325e+02  -61.83800  -53.27633 1154956681 219.554200    34.2457 0.0000e+00
     27.000    -1.6430   2.710592    -1.6436   2.711043    7.58793     0.0478    13.8155 -9.990e-29  -61.83800  -53.27633 1154956683 219.554224    34.2457 0.0000e+00
     28.000    -1.6428   2.710664    -1.6431   2.711138    7.58704     0.0548    13.8155 -9.990e-29  -61.83800  -53.27633 1154956685 219.554247    34.2458 0.0000e+00
     29.000    -1.6431   2.710685    -1.6430   2.711186    7.58195     0.0421    13.8155 -9.990e-29  -61.83800  -53.27633 1154956687 219.554271    34.2459 0.0000e+00
     30.000    -1.6422   2.710814    -1.6429   2.711239    7.58187     0.0455    13.8155 7.6537e+02  -61.83800  -53.27633 1154956689 219.554295    34.2460 0.0000e+00
     31.000    -1.6425   2.710842    -1.6426   2.711313    7.58333     0.0468    13.8155 7.6529e+02  -61.83800  -53.27633 1154956691 219.554318    34.2460 0.0000e+00
     32.000    -1.6418   2.710943    -1.6424   2.711369    7.58429     0.0515    13.8155 7.6313e+02  -61.83800  -53.27633 1154956693 219.554342    34.2461 0.0000e+00
     33.000    -1.6418   2.711003    -1.6420   2.711450    7.58649     0.0467    13.8155 7.6445e+02  -61.83800  -53.27633 1154956695 219.554366    34.2462 0.0000e+00
     34.000    -1.6403   2.711187    -1.6408   2.711606    7.58421     0.0548    13.8155 7.6520e+02  -61.83800  -53.27633 1154956697 219.554389    34.2465 0.0000e+00
     35.000    -1.6387   2.711387    -1.6393   2.711799    7.57878     0.0419    13.8155 7.6537e+02  -61.83800  -53.27633 1154956699 219.554413    34.2468 0.0000e+00
     36.000    -1.6336   2.711919    -1.6347   2.712252    7.57648     0.0399    13.8155 7.6557e+02  -61.83800  -53.27633 1154956701 219.554437    34.2474 0.0000e+00
     37.000    -1.6301   2.712299    -1.6303   2.712709    7.57412     0.0361    13.8155 -9.990e-29  -61.83800  -53.27633 1154956703 219.554460    34.2480 0.0000e+00
     38.000    -1.6297   2.712373    -1.6298   2.712815    7.57429     0.0202    13.8155 7.6508e+02  -61.83800  -53.27633 1154956705 219.554484    34.2480 0.0000e+00
     39.000    -1.6313   2.712268    -1.6318   2.712661    7.57083     0.0415    13.8155 7.6582e+02  -61.83800  -53.27633 1154956707 219.554508    34.2478 0.0000e+00
     40.000    -1.6311   2.712334    -1.6313   2.712740    7.57247     0.0585    13.8155 7.6732e+02  -61.83800  -53.27633 1154956709 219.554531    34.2479 0.0000e+00
     41.000    -1.6313   2.712379    -1.6320   2.712726    7.57602     0.0500    13.8155 7.6729e+02  -61.83800  -53.27633 1154956711 219.554555    34.2481 0.0000e+00
     42.000    -1.6315   2.712398    -1.6321   2.712772    7.57856     0.0586    13.8155 7.6623e+02  -61.83800  -53.27633 1154956713 219.554578    34.2480 0.0000e+00
     43.000    -1.6362   2.712021    -1.6363   2.712419    7.58020     0.0352    13.8155 7.6654e+02  -61.83800  -53.27633 1154956716 219.554602    34.2477 0.0000e+00
     44.000    -1.6341   2.712253    -1.6351   2.712572    7.57949     0.0360    13.8155 7.6740e+02  -61.83800  -53.27633 1154956718 219.554625    34.2478 0.0000e+00
     45.000    -1.6340   2.712322    -1.6331   2.712806    7.57851     0.0521    13.8155 7.6649e+02  -61.83800  -53.27633 1154956720 219.554649    34.2479 0.0000e+00
     46.000    -1.6346   2.712316    -1.6343   2.712740    7.57602     0.0539    13.8155 7.6656e+02  -61.83800  -53.27633 1154956722 219.554673    34.2479 0.0000e+00
     47.000    -1.6330   2.712522    -1.6332   2.712887    7.56970     0.0356    13.8155 7.6699e+02  -61.83800  -53.27633 1154956724 219.554696    34.2483 0.0000e+00
     48.000    -1.6312   2.712729    -1.6304   2.713187    7.57291     0.0402    13.8155 7.6789e+02  -61.83800  -53.27633 1154956726 219.554719    34.2484 0.0000e+00
     49.000    -1.6155   2.714258    -1.6145   2.714668    7.57308     0.0408    13.8155 7.6778e+02  -61.83800  -53.27633 1154956728 219.554743    34.2504 0.0000e+00
     50.000    -1.6112   2.714696    -1.6109   2.715080    7.57076     0.0497    13.8155 7.6713e+02  -61.83800  -53.27633 1154956730 219.554766    34.2510 0.0000e+00
     51.000    -1.6091   2.714940    -1.6088   2.715330    7.56758     0.0477    13.8155 7.6749e+02  -61.83800  -53.27633 1154956732 219.554790    34.2514 0.0000e+00
     52.000    -1.6109   2.714829    -1.6094   2.715321    7.55968     0.0438    13.8155 7.6791e+02  -61.83800  -53.27633 1154956734 219.554813    34.2515 0.0000e+00
     53.000    -1.6124   2.714721    -1.6125   2.715072    7.56215     0.0427    13.8155 7.6761e+02  -61.83800  -53.27633 1154956736 219.554837    34.2512 0.0000e+00
     54.000    -1.6097   2.715026    -1.6112   2.715236    7.56365     0.0386    13.8155 7.6912e+02  -61.83800  -53.27633 1154956738 219.554860    34.2516 0.0000e+00
     55.000    -1.6079   2.715238    -1.6074   2.715623    7.56177     0.0279    13.8155 7.6869e+02  -61.83800  -53.27633 1154956740 219.554883    34.2518 0.0000e+00
     56.000    -1.6073   2.715342    -1.6072   2.715700    7.56304     0.0419    13.8155 7.6805e+02  -61.83800  -53.27633 1154956742 219.554907    34.2520 0.0000e+00
     57.000    -1.6065   2.715464    -1.6059   2.715850    7.56103     0.0443    13.8155 7.6680e+02  -61.83800  -53.27633 1154956744 219.554930    34.2521 0.0000e+00
     58.000    -1.6076   2.715407    -1.6078   2.715726    7.56007     0.0459    13.8155 -9.990e-29  -61.83800  -53.27633 1154956746 219.554953    34.2520 0.0000e+00
     59.000    -1.6089   2.715334    -1.6088   2.715680    7.55930     0.0334    13.8155 7.6829e+02  -61.83800  -53.27633 1154956748 219.554977    34.2519 0.0000e+00
     60.000    -1.6101   2.715277    -1.6099   2.715608    7.55990     0.0331    13.8155 7.6818e+02  -61.83800  -53.27633 1154956750 219.555000    34.2518 0.0000e+00
     61.000    -1.6104   2.715297    -1.6096   2.715674    7.56215     0.0385    13.8155 7.6779e+02  -61.83800  -53.27633 1154956752 219.555023    34.2519 0.0000e+00
     62.000    -1.6054   2.715891    -1.6074   2.715976    7.55915     0.0350    13.8155 7.6770e+02  -61.83800  -53.27633 1154956754 219.555046    34.2533 0.0000e+00
     63.000    -1.6062   2.715802    -1.6081   2.715932    7.55789     0.0343    13.8155 7.6778e+02  -61.83800  -53.27633 1154956756 219.555069    34.2527 0.0000e+00
     64.000    -1.5873   2.717711    -1.5883   2.717903    7.55679     0.0465    13.8155 7.6823e+02  -61.83800  -53.27633 1154956758 219.555092    34.2563 0.0000e+00
     65.000    -1.5868   2.717847    -1.5833   2.718427    7.55565     0.0377    13.8155 7.6943e+02  -61.83800  -53.27633 1154956760 219.555115    34.2571 0.0000e+00
     66.000    -1.5789   2.718640    -1.5783   2.718989    7.55637     0.0425    13.8155 7.6885e+02  -61.83800  -53.27633 1154956762 219.555138    34.2582 0.0000e+00
     67.000    -1.5781   2.718739    -1.5763   2.719200    7.55106     0.0432    13.8155 7.6869e+02  -61.83800  -53.27633 1154956764 219.555162    34.2584 0.0000e+00
     68.000    -1.5824   2.718401    -1.5813   2.718784    7.55110     0.0375    13.8155 7.6964e+02  -61.83800  -53.27633 1154956766 219.555185    34.2580 0.0000e+00
     69.000    -1.5803   2.718652    -1.5797   2.718984    7.55037     0.0244    13.8155 7.6827e+02  -61.83800  -53.27633 1154956768 219.555208    34.2585 0.0000e+00
     70.000    -1.5833   2.718388    -1.5817   2.718823    7.55346     0.0551    13.8155 7.6969e+02  -61.83800  -53.27633 1154956770 219.555231    34.2577 0.0000e+00
     71.000    -1.5913   2.717641    -1.5897   2.718074    7.55803     0.0357    13.8155 7.7111e+02  -61.83800  -53.27633 1154956772 219.555254    34.2562 0.0000e+00
     72.000    -1.5895   2.717880    -1.5895   2.718136    7.56031     0.0422    13.8155 7.7064e+02  -61.83800  -53.27633 1154956774 219.555277    34.2567 0.0000e+00
     73.000    -1.5952   2.717352    -1.5969   2.717493    7.56040     0.0345    13.8155 7.7007e+02  -61.83800  -53.27633 1154956776 219.555300    34.2554 0.0000e+00
     74.000    -1.6026   2.716681    -1.6037   2.716847    7.56057     0.0492    13.8155 7.6997e+02  -61.83800  -53.27633 1154956778 219.555323    34.2542 0.0000e+00
     75.000    -1.6034   2.716661    -1.6021   2.717058    7.55584     0.0350    13.8155 7.7072e+02  -61.83800  -53.27633 1154956780 219.555346    34.2542 0.0000e+00
     76.000    -1.6016   2.716880    -1.6003   2.717268    7.55337     0.0468    13.8155 7.6967e+02  -61.83800  -53.27633 1154956782 219.555370    34.2544 0.0000e+00
     77.000    -1.5939   2.717706    -1.5920   2.718110    7.55559     0.0362    13.8155 7.6970e+02  -61.83800  -53.27633 1154956784 219.555393    34.2562 0.0000e+00
     78.000    -1.5826   2.718857    -1.5811   2.719246    7.55737     0.0237    13.8155 7.7203e+02  -61.83800  -53.27633 1154956786 219.555416    34.2580 0.0000e+00
     79.000    -1.5848   2.718689    -1.5842   2.718996    7.55816     0.0263    13.8155 7.7312e+02  -61.83800  -53.27633 1154956788 219.555439    34.2577 0.0000e+00
     80.000    -1.5917   2.718055    -1.5941   2.718060    7.55519     0.0173    13.8155 7.7148e+02  -61.83800  -53.27633 1154956790 219.555461    34.2565 0.0000e+00
     81.000    -1.5936   2.717902    -1.5920   2.718306    7.55566     0.0385    13.8155 7.7000e+02  -61.83800  -53.27633 1154956792 219.555484    34.2559 0.0000e+00
     82.000    -1.5922   2.718099    -1.5913   2.718434    7.55665     0.0257    13.8155 7.7097e+02  -61.83800  -53.27633 1154956794 219.555507    34.2565 0.0000e+00
     83.000    -1.5875   2.718613    -1.5862   2.718966    7.55846     0.0456    13.8155 7.6996e+02  -61.83800  -53.27633 1154956796 219.555530    34.2573 0.0000e+00
     84.000    -1.5905   2.718364    -1.5886   2.718777    7.56046     0.0588    13.8155 7.6953e+02  -61.83800  -53.27633 1154956798 219.555553    34.2568 0.0000e+00
     85.000    -1.5898   2.718484    -1.5883   2.718841    7.55848     0.0346    13.8155 7.6952e+02  -61.83800  -53.27633 1154956800 219.555576    34.2571 0.0000e+00
     86.000    -1.5835   2.719155    -1.5821   2.719495    7.55550     0.0298    13.8155 7.6968e+02  -61.83800  -53.27633 1154956802 219.555599    34.2583 0.0000e+00
     87.000    -1.5798   2.719580    -1.5803   2.719726    7.55360     0.0405    13.8155 -9.990e-29  -61.83800  -53.27633 1154956804 219.555621    34.2592 0.0000e+00
     88.000    -1.5760   2.720000    -1.5778   2.720029    7.55313     0.0455    13.8155 7.7297e+02  -61.83800  -53.27633 1154956806 219.555644    34.2600 0.0000e+00
     89.000    -1.5760   2.720059    -1.5759   2.720272    7.54798     0.0399    13.8155 7.7302e+02  -61.83800  -53.27633 1154956808 219.555667    34.2603 0.0000e+00
     90.000    -1.5740   2.720299    -1.5731   2.720593    7.54158     0.0619    13.8155 7.7242e+02  -61.83800  -53.27633 1154956809 219.555690    34.2606 0.0000e+00
     91.000    -1.5698   2.720758    -1.5682   2.721104    7.54474     0.0467    13.8155 7.7287e+02  -61.83800  -53.27633 1154956812 219.555713    34.2615 0.0000e+00
     92.000    -1.5649   2.721266    -1.5646   2.721499    7.54361     0.0366    13.8155 7.7231e+02  -61.83800  -53.27633 1154956813 219.555735    34.2622 0.0000e+00
     93.000    -1.5647   2.721348    -1.5633   2.721663    7.53980     0.0443    13.8155 7.7215e+02  -61.83800  -53.27633 1154956815 219.555758    34.2625 0.0000e+00
     94.000    -1.5664   2.721236    -1.5654   2.721523    7.54258     0.0285    13.8155 7.7308e+02  -61.83800  -53.27633 1154956817 219.555781    34.2623 0.0000e+00
     95.000    -1.5723   2.720729    -1.5702   2.721107    7.54278     0.0349    13.8155 7.7302e+02  -61.83800  -53.27633 1154956819 219.555803    34.2619 0.0000e+00
     96.000    -1.5654   2.721421    -1.5646   2.721661    7.53898     0.0454    13.8155 -9.990e-29  -61.83800  -53.27633 1154956821 219.555826    34.2625 0.0000e+00
