product_data/regression_test/downloaded_data/MGDS/320620060703/ctd/p6622701.ros
* Sea-Bird SBE 9 Data File:
* FileName = D:\Data\Raw\p6622701.dat
* Software Version Seasave Win32 V 5.32
* Temperature SN = 1649
* Conductivity SN = 1431
* Number of Bytes Per Scan = 37
* Number of Voltage Words = 5
* Number of Scans Averaged by the Deck Unit = 1
* NMEA Latitude = 62 59.98 S
* NMEA Longitude = 057 36.92 W
* NMEA UTC (Time) = 02:40:11
** Ship:   Nathaniel B. Palmer 
** Cruise:    NBP0606 
# nquan = 17
# nvalues = 1174                    
# units = specified
# name 0 = prDM: Pressure, Digiquartz [db]
# name 1 = t090C: Temperature [ITS-90, deg C]
# name 2 = c0S/m: Conductivity [S/m]
# name 3 = t190C: Temperature, 2 [ITS-90, deg C]
# name 4 = c1S/m: Conductivity, 2 [S/m]
# name 5 = sbeox0ML/L: Oxygen, SBE 43 [ml/l]
# name 6 = flECO-AFL: Fluorescence, Wetlab ECO-AFL/FL [mg/m^3]
# name 7 = bat: Beam Attenuation, Chelsea/Seatech/Wetlab CStar [1/m]
# name 8 = spar: SPAR/Surface Irradiance
# name 9 = latitude: Latitude [deg]
# name 10 = longitude: Longitude [deg]
# name 11 = timeY: Time, System [seconds]
# name 12 = timeJ: Julian Days
# name 13 = sal00: Salinity [PSU]
# name 14 = scan: scan number
# name 15 = nbf: number of bottles fired
# name 16 = flag:  0.000e+00
# interval = seconds: 0.0416667                   
# start_time = Aug 04 2006 02:41:00
*END*
[from data line 341]
    100.588    -1.8360   2.713979    -1.8350   2.714253    7.54752     0.0097    13.8155 0.0000e+00  -62.99967  -57.61533 1154659615 216.115930    34.4695       8554          8  0.000e+00
    100.665    -1.8362   2.714011    -1.8348   2.714276    7.54760     0.0428    13.8155 0.0000e+00  -62.99967  -57.61533 1154659615 216.115931    34.4700       8555          8  0.000e+00
    100.588    -1.8363   2.713988    -1.8357   2.714265    7.54756     0.0318    13.8155 0.0000e+00  -62.99967  -57.61533 1154659615 216.115931    34.4699       8556          8  0.000e+00
    100.522    -1.8365   2.713995    -1.8354   2.714236    7.54751    -0.0343    13.8155 0.0000e+00  -62.99967  -57.61533 1154659615 216.115932    34.4703       8557          8  0.000e+00
    100.665    -1.8360   2.714018    -1.8354   2.714230    7.54758    -0.0564    13.8155 0.0000e+00  -62.99967  -57.61533 1154659615 216.115932    34.4700       8558          8  0.000e+00
    100.588    -1.8367   2.713988    -1.8356   2.714190    7.54761    -0.0233    13.8155 0.0000e+00  -62.99967  -57.61533 1154659615 216.115933    34.4703       8559          8  0.000e+00
    100.588    -1.8365   2.713962    -1.8356   2.714213    7.54761     0.0097    13.8155 0.0000e+00  -62.99967  -57.61533 1154659615 216.115933    34.4698       8560          8  0.000e+00
    100.588    -1.8367   2.713972    -1.8357   2.714225    7.54762    -0.0564    13.8155 0.0000e+00  -62.99967  -57.61533 1154659615 216.115934    34.4701       8561          8  0.000e+00
    100.588    -1.8365   2.713979    -1.8354   2.714207    7.54760    -0.0123    13.8155 0.0000e+00  -62.99967  -57.61533 1154659615 216.115934    34.4700       8562          8  0.000e+00
    100.627    -1.8368   2.713962    -1.8354   2.714225    7.54769     0.0758    13.8155 0.0000e+00  -62.99967  -57.61533 1154659615 216.115935    34.4701       8563          8  0.000e+00
    100.588    -1.8367   2.713959    -1.8362   2.714213    7.54763     0.0318    13.8155 0.0000e+00  -62.99967  -57.61533 1154659615 216.115935    34.4699       8564          8  0.000e+00
    100.588    -1.8365   2.713972    -1.8354   2.714207    7.54760    -0.0013    13.8155 0.0000e+00  -62.99967  -57.61533 1154659615 216.115936    34.4699       8565          8  0.000e+00
    100.588    -1.8365   2.713979    -1.8353   2.714225    7.54760    -0.0123    13.8155 0.0000e+00  -62.99967  -57.61533 1154659615 216.115936    34.4700       8566          8  0.000e+00
    100.588    -1.8373   2.713979    -1.8356   2.714230    7.54771    -0.0454    13.8155 0.0000e+00  -62.99967  -57.61533 1154659615 216.115937    34.4709       8567          8  0.000e+00
    100.588    -1.8365   2.713979    -1.8356   2.714213    7.54760    -0.0013    13.8155 0.0000e+00  -62.99967  -57.61533 1154659615 216.115937    34.4700       8568          8  0.000e+00
    100.588    -1.8371   2.713946    -1.8354   2.714219    7.54772     0.0097    13.8155 0.0000e+00  -62.99967  -57.61533 1154659615 216.115938    34.4703       8569          8  0.000e+00
    100.522    -1.8369   2.713952    -1.8353   2.714225    7.55246    -0.0343    13.8155 0.0000e+00  -62.99967  -57.61533 1154659615 216.115938    34.4702       8570          8  0.000e+00
    100.588    -1.8368   2.713939    -1.8359   2.714230    7.55251     0.0318    13.8155 0.0000e+00  -62.99967  -57.61533 1154659616 216.115938    34.4698       8571          8  0.000e+00
    100.588    -1.8368   2.713952    -1.8353   2.714213    7.54766    -0.0343    13.8155 0.0000e+00  -62.99967  -57.61533 1154659616 216.115939    34.4700       8572          8  0.000e+00
    100.588    -1.8370   2.713959    -1.8360   2.714207    7.55253    -0.0343    13.8155 0.0000e+00  -62.99967  -57.61533 1154659616 216.115939    34.4703       8573          8  0.000e+00
    100.588    -1.8365   2.713939    -1.8351   2.714207    7.54763    -0.0564    13.8155 0.0000e+00  -62.99967  -57.61533 1154659616 216.115940    34.4695       8574          8  0.000e+00
    100.560    -1.8365   2.713965    -1.8359   2.714207    7.55242    -0.0894    13.8155 0.0000e+00  -62.99967  -57.61533 1154659616 216.115940    34.4698       8575          8  0.000e+00
    100.588    -1.8373   2.713962    -1.8357   2.714207    7.55257     0.0538    13.8155 0.0000e+00  -62.99967  -57.61533 1154659616 216.115941    34.4707       8576          8  0.000e+00
    100.588    -1.8367   2.713959    -1.8353   2.714259    7.54763     0.0207    13.8155 0.0000e+00  -62.99967  -57.61533 1154659616 216.115941    34.4699       8577          8  0.000e+00
    100.588    -1.8368   2.713988    -1.8356   2.714242    7.54763    -0.0123    13.8155 0.0000e+00  -62.99967  -57.61533 1154659616 216.115942    34.4705       8578          8  0.000e+00
    100.588    -1.8368   2.713969    -1.8351   2.714248    7.55249    -0.0454    13.8155 0.0000e+00  -62.99967  -57.61533 1154659616 216.115942    34.4702       8579          8  0.000e+00
    100.522    -1.8371   2.713972    -1.8356   2.714276    7.55247    -0.0123    13.8155 0.0000e+00  -62.99967  -57.61533 1154659616 216.115943    34.4707       8580          8  0.000e+00
    100.588    -1.8368   2.713946    -1.8353   2.714242    7.54767    -0.0233    13.8155 0.0000e+00  -62.99967  -57.61533 1154659616 216.115943    34.4699       8581          8  0.000e+00
    100.588    -1.8369   2.713952    -1.8351   2.714230    7.54768    -0.0343    13.8155 0.0000e+00  -62.99967  -57.61533 1154659616 216.115944    34.4701       8582          8  0.000e+00
    100.588    -1.8367   2.713959    -1.8351   2.714248    7.54763    -0.0123    13.8155 0.0000e+00  -62.99967  -57.61533 1154659616 216.115944    34.4699       8583          8  0.000e+00
    100.522    -1.8371   2.713939    -1.8359   2.714276    7.55249     0.0097    13.8155 0.0000e+00  -62.99967  -57.61533 1154659616 216.115945    34.4702       8584          8  0.000e+00
    100.588    -1.8365   2.713952    -1.8351   2.714253    7.55246     0.0318    13.8155 0.0000e+00  -62.99967  -57.61533 1154659616 216.115945    34.4696       8585          8  0.000e+00
    100.522    -1.8367   2.713972    -1.8353   2.714230    7.55240     0.0318    13.8155 0.0000e+00  -62.99967  -57.61533 1154659616 216.115946    34.4701       8586          8  0.000e+00
    100.588    -1.8371   2.713962    -1.8354   2.714230    7.54770    -0.0123    13.8155 0.0000e+00  -62.99967  -57.61533 1154659616 216.115946    34.4705       8587          8  0.000e+00
    100.560    -1.8368   2.713959    -1.8350   2.714213    7.54763     0.0207    13.8155 0.0000e+00  -62.99967  -57.61533 1154659616 216.115947    34.4701       8588          8  0.000e+00
    100.588    -1.8371   2.713959    -1.8357   2.714207    7.55255     0.0648    13.8155 0.0000e+00  -62.99967  -57.61533 1154659616 216.115947    34.4704       8589          8  0.000e+00
    100.522    -1.8367   2.713939    -1.8354   2.714225    7.54758     0.0428    13.8155 0.0000e+00  -62.99967  -57.61533 1154659616 216.115948    34.4697       8590          8  0.000e+00
    100.588    -1.8371   2.713936    -1.8360   2.714213    7.54772     0.0318    13.8155 0.0000e+00  -62.99967  -57.61533 1154659616 216.115948    34.4701       8591          8  0.000e+00
    100.588    -1.8374   2.713952    -1.8360   2.714207    7.55260     0.0648    13.8155 0.0000e+00  -62.99967  -57.61533 1154659616 216.115949    34.4707       8592          8  0.000e+00
    100.522    -1.8368   2.713959    -1.8357   2.714236    7.55243     0.0318    13.8155 0.0000e+00  -62.99967  -57.61533 1154659616 216.115949    34.4701       8593          8  0.000e+00
    100.589    -1.8369   2.713939    -1.8359   2.714213    7.55254    -0.0123    13.8155 0.0000e+00  -62.99967  -57.61533 1154659617 216.115950    34.4700       8594          8  0.000e+00
    100.522    -1.8371   2.713936    -1.8362   2.714184    7.55249     0.0097    13.8155 0.0000e+00  -62.99967  -57.61533 1154659617 216.115950    34.4702       8595          8  0.000e+00
    100.522    -1.8369   2.713952    -1.8360   2.714179    7.55246    -0.0013    13.8155 0.0000e+00  -62.99967  -57.61533 1154659617 216.115951    34.4702       8596          8  0.000e+00
    100.589    -1.8370   2.713939    -1.8362   2.714179    7.54770     0.0097    13.8155 0.0000e+00  -62.99967  -57.61533 1154659617 216.115951    34.4700       8597          8  0.000e+00
    100.589    -1.8368   2.713936    -1.8362   2.714161    7.55252     0.0318    13.8155 0.0000e+00  -62.99967  -57.61533 1154659617 216.115951    34.4697       8598          8  0.000e+00
    100.522    -1.8374   2.713936    -1.8360   2.714173    7.55254    -0.0233    13.8155 0.0000e+00  -62.99967  -57.61533 1154659617 216.115952    34.4705       8599          8  0.000e+00
    100.560    -1.8368   2.713936    -1.8363   2.714213    7.55249    -0.0454    13.8155 0.0000e+00  -62.99967  -57.61533 1154659617 216.115952    34.4698       8600          8  0.000e+00
    100.522    -1.8374   2.713936    -1.8363   2.714184    7.55254     0.0318    13.8155 0.0000e+00  -62.99967  -57.61533 1154659617 216.115953    34.4705       8601          8  0.000e+00
    100.522    -1.8371   2.713916    -1.8356   2.714196    7.55251     0.0428    13.8155 0.0000e+00  -62.99967  -57.61533 1154659617 216.115953    34.4699       8602          8  0.000e+00
     75.861    -1.8254   2.713698    -1.8208   2.714126    7.52493     0.0758    13.8155 0.0000e+00  -62.99967  -57.61533 1154659675 216.116624    34.4691       9993          9  0.000e+00
     75.842    -1.8258   2.713678    -1.8218   2.714103    7.52498     0.0648    13.8155 0.0000e+00  -62.99967  -57.61533 1154659675 216.116625    34.4693       9994          9  0.000e+00
     75.794    -1.8252   2.713668    -1.8214   2.714074    7.52486     0.0648    13.8155 0.0000e+00  -62.99967  -57.61533 1154659675 216.116625    34.4686       9995          9  0.000e+00
     75.775    -1.8259   2.713682    -1.8219   2.714086    7.52493     0.0979    13.8155 0.0000e+00  -62.99967  -57.61533 1154659675 216.116626    34.4695       9996          9  0.000e+00
     75.861    -1.8254   2.713688    -1.8220   2.714074    7.52494     0.0648    13.8155 0.0000e+00  -62.99967  -57.61533 1154659675 216.116626    34.4690       9997          9  0.000e+00
     75.775    -1.8257   2.713688    -1.8217   2.714051    7.52490     0.0428    13.8155 0.0000e+00  -62.99967  -57.61533 1154659675 216.116627    34.4694       9998          9  0.000e+00
     75.794    -1.8258   2.713655    -1.8217   2.714074    7.52495    -0.0013    13.8155 0.0000e+00  -62.99967  -57.61533 1154659675 216.116627    34.4690       9999          9  0.000e+00
     75.775    -1.8265   2.713597    -1.8212   2.714092    7.52508    -0.0343    13.8155 0.0000e+00  -62.99967  -57.61533 1154659675 216.116628    34.4690      10000          9  0.000e+00
     75.794    -1.8273   2.713531    -1.8214   2.714115    7.52528     0.0318    13.8155 0.0000e+00  -62.99967  -57.61533 1154659675 216.116628    34.4690      10001          9  0.000e+00
     75.775    -1.8274   2.713528    -1.8213   2.714120    7.52045     0.0318    13.8155 0.0000e+00  -62.99967  -57.61533 1154659675 216.116629    34.4691      10002          9  0.000e+00
     75.728    -1.8273   2.713551    -1.8211   2.714120    7.52519    -0.0343    13.8155 0.0000e+00  -62.99967  -57.61533 1154659675 216.116629    34.4693      10003          9  0.000e+00
     75.775    -1.8274   2.713558    -1.8211   2.714120    7.52043    -0.0564    13.8155 0.0000e+00  -62.99967  -57.61533 1154659675 216.116630    34.4695      10004          9  0.000e+00
     75.728    -1.8273   2.713606    -1.8206   2.714103    7.52032     0.0097    13.8155 0.0000e+00  -62.99967  -57.61533 1154659675 216.116630    34.4701      10005          9  0.000e+00
     75.775    -1.8265   2.713590    -1.8209   2.714115    7.52027     0.0648    13.8155 0.0000e+00  -62.99967  -57.61533 1154659675 216.116630    34.4690      10006          9  0.000e+00
     75.728    -1.8269   2.713597    -1.8217   2.714115    7.52028     0.0428    13.8155 0.0000e+00  -62.99967  -57.61533 1154659675 216.116631    34.4696      10007          9  0.000e+00
     75.775    -1.8261   2.713616    -1.8212   2.714138    7.52018     0.0648    13.8155 0.0000e+00  -62.99967  -57.61533 1154659675 216.116631    34.4688      10008          9  0.000e+00
     75.728    -1.8263   2.713623    -1.8212   2.714109    7.52017    -0.0343    13.8155 0.0000e+00  -62.99967  -57.61533 1154659675 216.116632    34.4692      10009          9  0.000e+00
     75.775    -1.8261   2.713639    -1.8209   2.714115    7.52016    -0.0343    13.8155 0.0000e+00  -62.99967  -57.61533 1154659676 216.116632    34.4691      10010          9  0.000e+00
     75.728    -1.8257   2.713613    -1.8205   2.714137    7.52008    -0.0343    13.8155 0.0000e+00  -62.99967  -57.61533 1154659676 216.116633    34.4684      10011          9  0.000e+00
     75.699    -1.8257   2.713652    -1.8208   2.714126    7.52002     0.0318    13.8155 0.0000e+00  -62.99967  -57.61533 1154659676 216.116633    34.4689      10012          9  0.000e+00
     75.728    -1.8258   2.713698    -1.8209   2.714120    7.52003    -0.0013    13.8155 0.0000e+00  -62.99967  -57.61533 1154659676 216.116634    34.4696      10013          9  0.000e+00
     75.699    -1.8256   2.713678    -1.8217   2.714063    7.51998     0.0097    13.8155 0.0000e+00  -62.99967  -57.61533 1154659676 216.116634    34.4691      10014          9  0.000e+00
     75.728    -1.8255   2.713668    -1.8219   2.714063    7.52000    -0.0343    13.8155 0.0000e+00  -62.99967  -57.61533 1154659676 216.116635    34.4688      10015          9  0.000e+00
     75.699    -1.8262   2.713668    -1.8219   2.714080    7.52008     0.0097    13.8155 0.0000e+00  -62.99967  -57.61533 1154659676 216.116635    34.4697      10016          9  0.000e+00
     75.728    -1.8255   2.713668    -1.8211   2.714091    7.52000     0.0428    13.8155 0.0000e+00  -62.99967  -57.61533 1154659676 216.116636    34.4688      10017          9  0.000e+00
     75.699    -1.8259   2.713633    -1.8209   2.714132    7.52006     0.0318    13.8155 0.0000e+00  -62.99967  -57.61533 1154659676 216.116636    34.4688      10018          9  0.000e+00
     75.728    -1.8257   2.713639    -1.8204   2.714166    7.52006     0.0097    13.8155 0.0000e+00  -62.99967  -57.61533 1154659676 216.116637    34.4687      10019          9  0.000e+00
     75.775    -1.8258   2.713695    -1.8205   2.714172    7.52008     0.0538    13.8155 0.0000e+00  -62.99967  -57.61533 1154659676 216.116637    34.4696      10020          9  0.000e+00
     75.728    -1.8248   2.713711    -1.8202   2.714172    7.51986     0.1089    13.8155 0.0000e+00  -62.99967  -57.61533 1154659676 216.116638    34.4687      10021          9  0.000e+00
     75.699    -1.8245   2.713727    -1.8205   2.714172    7.51978     0.0207    13.8155 0.0000e+00  -62.99967  -57.61533 1154659676 216.116638    34.4686      10022          9  0.000e+00
     75.728    -1.8245   2.713763    -1.8208   2.714155    7.51978    -0.0123    13.8155 0.0000e+00  -62.99967  -57.61533 1154659676 216.116639    34.4690      10023          9  0.000e+00
     75.775    -1.8236   2.713776    -1.8206   2.714137    7.51969    -0.1004    13.8155 0.0000e+00  -62.99967  -57.61533 1154659676 216.116639    34.4682      10024          9  0.000e+00
     75.728    -1.8242   2.713776    -1.8204   2.714183    7.51972    -0.0123    13.8155 0.0000e+00  -62.99967  -57.61533 1154659676 216.116640    34.4689      10025          9  0.000e+00
     75.775    -1.8239   2.713776    -1.8206   2.714160    7.51973     0.0318    13.8155 0.0000e+00  -62.99967  -57.61533 1154659676 216.116640    34.4685      10026          9  0.000e+00
     75.728    -1.8237   2.713776    -1.8215   2.714149    7.51965     0.0538    13.8155 0.0000e+00  -62.99967  -57.61533 1154659676 216.116641    34.4683      10027          9  0.000e+00
