product_data/regression_test/downloaded_data/MGDS/320620060703/ctd/p6621705.cnv
* Sea-Bird SBE 9 Data File:
* FileName = D:\Data\Raw\p6621705.dat
* Software Version Seasave Win32 V 5.32
* Temperature SN = 1649
* Conductivity SN = 1431
* Number of Bytes Per Scan = 37
* Number of Voltage Words = 5
* Number of Scans Averaged by the Deck Unit = 1
* NMEA Latitude = 62 31.54 S
* NMEA Longitude = 062 27.50 W
* NMEA UTC (Time) = 15:50:37
** Ship:   Nathaniel B. Palmer 
** Cruise:    NBP0606 
# nquan = 15
# nvalues = 418                         
# units = specified
# name 0 = prDM: Pressure, Digiquartz [db]
# name 1 = t090C: Temperature [ITS-90, deg C]
# name 2 = c0S/m: Conductivity [S/m]
# name 3 = t190C: Temperature, 2 [ITS-90, deg C]
# name 4 = c1S/m: Conductivity, 2 [S/m]
# name 5 = sbeox0ML/L: Oxygen, SBE 43 [ml/l]
# name 6 = flECO-AFL: Fluorescence, Wetlab ECO-AFL/FL [mg/m^3]
# name 7 = bat: Beam Attenuation, Chelsea/Seatech/Wetlab CStar [1/m]
# name 8 = spar: SPAR/Surface Irradiance
# name 9 = latitude: Latitude [deg]
# name 10 = longitude: Longitude [deg]
# name 11 = timeY: Time, System [seconds]
# name 12 = timeJ: Julian Days
# name 13 = sal00: Salinity [PSU]
# name 14 = flag: flag
# span 0 =     15.000,    432.000       
# span 1 =    -1.0324,     0.9215       
# span 2 =   2.756841,   2.972807       
# span 3 =    -1.0331,     0.9224       
# span 4 =   2.757498,   2.973026       
# span 5 =    5.28342,    8.01494       
# span 6 =    -0.0918,     0.1259       
# span 7 =    13.8155,    13.8155       
# span 8 = 1.5191e+02, 3.6883e+02       
# span 9 =  -62.52567,  -62.52567       
# span 10 =  -62.45833,  -62.45833      
# span 11 = 1154447463, 1154448167      
# span 12 = 213.660457, 213.668608      
# span 13 =    34.1902,    34.6097      
# span 14 = 0.0000e+00, 0.0000e+00      
# interval = decibars: 1                
# start_time = Aug 01 2006 15:50:56
# bad_flag = -9.990e-29
*END*
[from data line 193]
    208.000    -0.4404   2.824699    -0.4395   2.824844    7.12447    -0.0079    13.8155 2.2221e+02  -62.52567  -62.45833 1154447847 213.664910    34.3150 0.0000e+00
    209.000    -0.4571   2.823096    -0.4503   2.823930    7.09708     0.0059    13.8155 2.3021e+02  -62.52567  -62.45833 1154447851 213.664957    34.3135 0.0000e+00
    210.000    -0.4495   2.823936    -0.4423   2.824611    7.08911     0.0015    13.8155 2.3376e+02  -62.52567  -62.45833 1154447853 213.664978    34.3163 0.0000e+00
    211.000    -0.4396   2.824835    -0.4384   2.825084    7.08272     0.0069    13.8155 2.3616e+02  -62.52567  -62.45833 1154447854 213.664989    34.3160 0.0000e+00
    212.000    -0.4368   2.825143    -0.4360   2.825348    7.07452    -0.0026    13.8155 2.3646e+02  -62.52567  -62.45833 1154447855 213.665003    34.3166 0.0000e+00
    213.000    -0.4432   2.824574    -0.4418   2.824845    7.06755     0.0139    13.8155 2.3633e+02  -62.52567  -62.45833 1154447857 213.665028    34.3161 0.0000e+00
    214.000    -0.4399   2.824933    -0.4393   2.825140    7.06754    -0.0021    13.8155 2.3753e+02  -62.52567  -62.45833 1154447859 213.665046    34.3166 0.0000e+00
    215.000    -0.4397   2.824999    -0.4386   2.825250    7.06517    -0.0058    13.8155 2.4107e+02  -62.52567  -62.45833 1154447860 213.665058    34.3168 0.0000e+00
    216.000    -0.4367   2.825330    -0.4368   2.825462    7.06113     0.0038    13.8155 2.4054e+02  -62.52567  -62.45833 1154447861 213.665076    34.3174 0.0000e+00
    217.000    -0.4385   2.825235    -0.4351   2.825659    7.06215    -0.0147    13.8155 2.3710e+02  -62.52567  -62.45833 1154447865 213.665125    34.3179 0.0000e+00
    218.000    -0.4305   2.826016    -0.4292   2.826288    7.05858     0.0020    13.8155 2.3555e+02  -62.52567  -62.45833 1154447866 213.665133    34.3185 0.0000e+00
    219.000    -0.4298   2.826101    -0.4287   2.826379    7.05415     0.0085    13.8155 2.3294e+02  -62.52567  -62.45833 1154447867 213.665142    34.3181 0.0000e+00
    220.000    -0.4287   2.826266    -0.4276   2.826502    7.04751     0.0045    13.8155 2.3189e+02  -62.52567  -62.45833 1154447868 213.665151    34.3186 0.0000e+00
    221.000    -0.4274   2.826432    -0.4266   2.826676    7.04380    -0.0102    13.8155 2.3008e+02  -62.52567  -62.45833 1154447870 213.665180    34.3188 0.0000e+00
    222.000    -0.4177   2.827461    -0.4157   2.827786    7.04078    -0.0129    13.8155 2.2959e+02  -62.52567  -62.45833 1154447872 213.665203    34.3205 0.0000e+00
    223.000    -0.4152   2.827696    -0.4139   2.827972    7.03964     0.0251    13.8155 2.2870e+02  -62.52567  -62.45833 1154447873 213.665214    34.3204 0.0000e+00
    224.000    -0.4154   2.827713    -0.4146   2.827950    7.03550     0.0077    13.8155 2.2783e+02  -62.52567  -62.45833 1154447875 213.665236    34.3205 0.0000e+00
    225.000    -0.4157   2.827757    -0.4144   2.828016    7.03306    -0.0215    13.8155 -9.990e-29  -62.52567  -62.45833 1154447878 213.665272    34.3210 0.0000e+00
    226.000    -0.4133   2.827988    -0.4119   2.828164    7.03338     0.0125    13.8155 -9.990e-29  -62.52567  -62.45833 1154447879 213.665282    34.3211 0.0000e+00
    227.000    -0.4102   2.828341    -0.4088   2.828630    7.03179     0.0093    13.8155 2.2578e+02  -62.52567  -62.45833 1154447880 213.665292    34.3213 0.0000e+00
    228.000    -0.4122   2.828203    -0.4112   2.828448    7.02969     0.0004    13.8155 2.2850e+02  -62.52567  -62.45833 1154447881 213.665309    34.3213 0.0000e+00
    229.000    -0.4111   2.828341    -0.4112   2.828497    7.02451    -0.0200    13.8155 2.3193e+02  -62.52567  -62.45833 1154447883 213.665330    34.3213 0.0000e+00
    230.000    -0.4133   2.828182    -0.4117   2.828508    7.01862     0.0084    13.8155 2.3309e+02  -62.52567  -62.45833 1154447884 213.665346    34.3211 0.0000e+00
    231.000    -0.4109   2.828453    -0.4097   2.828712    7.01468    -0.0110    13.8155 2.4192e+02  -62.52567  -62.45833 1154447887 213.665373    34.3214 0.0000e+00
    232.000    -0.4060   2.828968    -0.4057   2.829149    7.01299     0.0030    13.8155 2.5915e+02  -62.52567  -62.45833 1154447889 213.665398    34.3221 0.0000e+00
    233.000    -0.4057   2.829038    -0.4049   2.829278    7.01166    -0.0099    13.8155 2.6505e+02  -62.52567  -62.45833 1154447891 213.665417    34.3221 0.0000e+00
    234.000    -0.4057   2.829094    -0.4046   2.829359    7.01179     0.0082    13.8155 2.5931e+02  -62.52567  -62.45833 1154447893 213.665446    34.3223 0.0000e+00
    235.000    -0.4018   2.829493    -0.4005   2.829807    7.00921    -0.0088    13.8155 2.6033e+02  -62.52567  -62.45833 1154447895 213.665463    34.3225 0.0000e+00
    236.000    -0.4011   2.829633    -0.3992   2.829976    7.00728    -0.0045    13.8155 2.5686e+02  -62.52567  -62.45833 1154447895 213.665473    34.3231 0.0000e+00
    237.000    -0.3997   2.829789    -0.3994   2.829992    7.00558     0.0072    13.8155 2.5259e+02  -62.52567  -62.45833 1154447896 213.665483    34.3228 0.0000e+00
    238.000    -0.3987   2.829933    -0.3971   2.830246    7.00306    -0.0063    13.8155 2.4715e+02  -62.52567  -62.45833 1154447898 213.665503    34.3232 0.0000e+00
    239.000    -0.3990   2.829935    -0.3951   2.830461    6.99816    -0.0077    13.8155 2.4083e+02  -62.52567  -62.45833 1154447901 213.665540    34.3230 0.0000e+00
    240.000    -0.3951   2.830374    -0.3933   2.830700    6.99746    -0.0232    13.8155 2.3146e+02  -62.52567  -62.45833 1154447903 213.665565    34.3238 0.0000e+00
    241.000    -0.3873   2.831182    -0.3858   2.831427    6.98921     0.0083    13.8155 2.2887e+02  -62.52567  -62.45833 1154447905 213.665580    34.3250 0.0000e+00
    242.000    -0.3691   2.832963    -0.3638   2.833545    6.97869    -0.0102    13.8155 -9.990e-29  -62.52567  -62.45833 1154447906 213.665592    34.3275 0.0000e+00
    243.000    -0.3608   2.833750    -0.3603   2.833957    6.96654    -0.0066    13.8155 -9.990e-29  -62.52567  -62.45833 1154447907 213.665608    34.3276 0.0000e+00
    244.000    -0.3597   2.833918    -0.3579   2.834219    6.94400    -0.0221    13.8155 -9.990e-29  -62.52567  -62.45833 1154447909 213.665636    34.3283 0.0000e+00
    245.000    -0.3477   2.835124    -0.3483   2.835169    6.93290     0.0119    13.8155 -9.990e-29  -62.52567  -62.45833 1154447911 213.665653    34.3303 0.0000e+00
    246.000    -0.3036   2.839340    -0.2964   2.840058    6.90208     0.0046    13.8155 2.2785e+02  -62.52567  -62.45833 1154447913 213.665672    34.3360 0.0000e+00
    247.000    -0.2582   2.843696    -0.2570   2.843903    6.86452     0.0016    13.8155 2.3010e+02  -62.52567  -62.45833 1154447915 213.665699    34.3405 0.0000e+00
    248.000    -0.2591   2.843668    -0.2582   2.843884    6.84642    -0.0171    13.8155 2.3155e+02  -62.52567  -62.45833 1154447916 213.665714    34.3410 0.0000e+00
    249.000    -0.2214   2.847399    -0.2152   2.848023    6.81920    -0.0203    13.8155 2.3105e+02  -62.52567  -62.45833 1154447918 213.665729    34.3487 0.0000e+00
    250.000    -0.2019   2.849345    -0.2020   2.849406    6.79008    -0.0166    13.8155 2.3563e+02  -62.52567  -62.45833 1154447919 213.665750    34.3503 0.0000e+00
    251.000    -0.2006   2.849502    -0.1991   2.849762    6.77854    -0.0028    13.8155 2.3831e+02  -62.52567  -62.45833 1154447921 213.665766    34.3508 0.0000e+00
    252.000    -0.1997   2.849669    -0.1961   2.850104    6.77052    -0.0108    13.8155 2.4012e+02  -62.52567  -62.45833 1154447922 213.665776    34.3520 0.0000e+00
    253.000    -0.1937   2.850261    -0.1890   2.850801    6.75951    -0.0050    13.8155 2.4140e+02  -62.52567  -62.45833 1154447922 213.665786    34.3525 0.0000e+00
    254.000    -0.1889   2.850798    -0.1842   2.851288    6.72237    -0.0313    13.8155 2.4639e+02  -62.52567  -62.45833 1154447925 213.665814    34.3543 0.0000e+00
    255.000    -0.1725   2.852683    -0.1593   2.853687    6.69273    -0.0158    13.8155 2.5286e+02  -62.52567  -62.45833 1154447927 213.665842    34.3618 0.0000e+00
    256.000    -0.0733   2.862466    -0.0716   2.862422    6.65406    -0.0217    13.8155 2.5451e+02  -62.52567  -62.45833 1154447928 213.665851    34.3759 0.0000e+00
    257.000    -0.0298   2.866774    -0.0273   2.866868    6.58010    -0.0134    13.8155 2.5944e+02  -62.52567  -62.45833 1154447929 213.665863    34.3823 0.0000e+00
    258.000    -0.0457   2.865273    -0.0053   2.869162    6.47353    -0.0111    13.8155 2.6853e+02  -62.52567  -62.45833 1154447932 213.665898    34.3825 0.0000e+00
    259.000     0.1352   2.884143     0.1735   2.885768    6.36475    -0.0103    13.8155 2.6890e+02  -62.52567  -62.45833 1154447933 213.665911    34.4207 0.0000e+00
    260.000     0.3429   2.902742     0.3396   2.901755    6.28893    -0.0503    13.8155 2.7008e+02  -62.52567  -62.45833 1154447934 213.665920    34.4292 0.0000e+00
    261.000     0.3848   2.906618     0.3867   2.906471    6.22116    -0.0268    13.8155 2.7219e+02  -62.52567  -62.45833 1154447935 213.665929    34.4318 0.0000e+00
    262.000     0.4034   2.908392     0.4106   2.908840    6.11420    -0.0172    13.8155 2.7933e+02  -62.52567  -62.45833 1154447937 213.665950    34.4358 0.0000e+00
    263.000     0.3427   2.902719     0.3635   2.904564    5.99213    -0.0256    13.8155 2.8276e+02  -62.52567  -62.45833 1154447940 213.665987    34.4357 0.0000e+00
    264.000     0.5323   2.921070     0.5396   2.921176    5.92897    -0.0167    13.8155 2.7397e+02  -62.52567  -62.45833 1154447941 213.666000    34.4594 0.0000e+00
    265.000     0.5739   2.925103     0.5751   2.924967    5.87481    -0.0046    13.8155 2.6338e+02  -62.52567  -62.45833 1154447942 213.666014    34.4640 0.0000e+00
    266.000     0.5906   2.926807     0.5922   2.926847    5.81900    -0.0320    13.8155 2.4893e+02  -62.52567  -62.45833 1154447944 213.666033    34.4683 0.0000e+00
    267.000     0.5991   2.927673     0.6008   2.927751    5.77569    -0.0242    13.8155 2.3915e+02  -62.52567  -62.45833 1154447946 213.666054    34.4713 0.0000e+00
    268.000     0.6075   2.928616     0.6096   2.928688    5.74868    -0.0405    13.8155 2.3043e+02  -62.52567  -62.45833 1154447947 213.666070    34.4750 0.0000e+00
    269.000     0.6255   2.930447     0.6269   2.930506    5.73437    -0.0254    13.8155 2.2617e+02  -62.52567  -62.45833 1154447948 213.666081    34.4781 0.0000e+00
    270.000     0.6294   2.930901     0.6309   2.930983    5.72168    -0.0304    13.8155 2.2135e+02  -62.52567  -62.45833 1154447949 213.666092    34.4797 0.0000e+00
    271.000     0.6398   2.932045     0.6421   2.932178    5.70435    -0.0150    13.8155 2.1672e+02  -62.52567  -62.45833 1154447950 213.666103    34.4829 0.0000e+00
    272.000     0.6531   2.933461     0.6541   2.933509    5.68868    -0.0190    13.8155 2.0882e+02  -62.52567  -62.45833 1154447951 213.666118    34.4861 0.0000e+00
    273.000     0.6491   2.933237     0.6592   2.934148    5.66776    -0.0077    13.8155 1.9867e+02  -62.52567  -62.45833 1154447954 213.666149    34.4874 0.0000e+00
    274.000     0.6840   2.936941     0.6859   2.937088    5.65039    -0.0393    13.8155 1.9311e+02  -62.52567  -62.45833 1154447956 213.666170    34.4969 0.0000e+00
    275.000     0.6881   2.937666     0.6897   2.937821    5.64177    -0.0227    13.8155 1.9080e+02  -62.52567  -62.45833 1154447957 213.666185    34.5015 0.0000e+00
    276.000     0.6883   2.937803     0.6900   2.937970    5.64009    -0.0396    13.8155 1.8967e+02  -62.52567  -62.45833 1154447958 213.666200    34.5029 0.0000e+00
    277.000     0.6697   2.936164     0.6760   2.936878    5.65011    -0.0503    13.8155 1.8888e+02  -62.52567  -62.45833 1154447959 213.666214    34.5023 0.0000e+00
    278.000     0.6421   2.933672     0.6471   2.934281    5.66217    -0.0452    13.8155 1.8769e+02  -62.52567  -62.45833 1154447960 213.666225    34.5012 0.0000e+00
    279.000     0.6240   2.932061     0.6262   2.932409    5.66598    -0.0463    13.8155 1.8700e+02  -62.52567  -62.45833 1154447961 213.666234    34.5007 0.0000e+00
    280.000     0.6012   2.929882     0.5985   2.929939    5.67455    -0.0260    13.8155 1.8695e+02  -62.52567  -62.45833 1154447962 213.666243    34.4971 0.0000e+00
    281.000     0.5936   2.929334     0.5903   2.929198    5.69291    -0.0523    13.8155 1.8878e+02  -62.52567  -62.45833 1154447963 213.666252    34.4989 0.0000e+00
    282.000     0.5207   2.922686     0.5106   2.922041    5.72055    -0.0430    13.8155 1.8955e+02  -62.52567  -62.45833 1154447964 213.666268    34.4951 0.0000e+00
    283.000     0.4798   2.919013     0.4806   2.919280    5.76093    -0.0327    13.8155 1.9083e+02  -62.52567  -62.45833 1154447966 213.666294    34.4922 0.0000e+00
    284.000     0.4708   2.918274     0.4739   2.918716    5.78510    -0.0302    13.8155 1.9286e+02  -62.52567  -62.45833 1154447968 213.666316    34.4914 0.0000e+00
    285.000     0.4676   2.918046     0.4687   2.918289    5.79544    -0.0262    13.8155 1.9521e+02  -62.52567  -62.45833 1154447970 213.666331    34.4911 0.0000e+00
    286.000     0.4427   2.915910     0.4417   2.916119    5.80891    -0.0124    13.8155 1.9977e+02  -62.52567  -62.45833 1154447971 213.666348    34.4903 0.0000e+00
    287.000     0.4070   2.912951     0.4026   2.912762    5.82783    -0.0364    13.8155 2.0568e+02  -62.52567  -62.45833 1154447973 213.666366    34.4917 0.0000e+00
    288.000     0.4016   2.912686     0.4036   2.912997    5.83124    -0.0093    13.8155 2.0928e+02  -62.52567  -62.45833 1154447974 213.666378    34.4935 0.0000e+00
    289.000     0.4021   2.912936     0.4032   2.913165    5.83002    -0.0281    13.8155 2.1592e+02  -62.52567  -62.45833 1154447975 213.666389    34.4953 0.0000e+00
    290.000     0.4233   2.915511     0.4257   2.915739    5.82730    -0.0225    13.8155 2.2189e+02  -62.52567  -62.45833 1154447975 213.666399    34.5041 0.0000e+00
    291.000     0.4283   2.916030     0.4305   2.916366    5.81978    -0.0423    13.8155 2.3071e+02  -62.52567  -62.45833 1154447977 213.666413    34.5038 0.0000e+00
    292.000     0.4361   2.917062     0.4377   2.917300    5.80609    -0.0357    13.8155 2.4785e+02  -62.52567  -62.45833 1154447979 213.666434    34.5077 0.0000e+00
    293.000     0.4395   2.917539     0.4407   2.917753    5.79912    -0.0491    13.8155 2.5939e+02  -62.52567  -62.45833 1154447980 213.666449    34.5092 0.0000e+00
    294.000     0.4426   2.917967     0.4440   2.918189    5.79499    -0.0162    13.8155 2.6879e+02  -62.52567  -62.45833 1154447981 213.666460    34.5106 0.0000e+00
    295.000     0.4517   2.918930     0.4527   2.919062    5.78790    -0.0189    13.8155 2.7776e+02  -62.52567  -62.45833 1154447982 213.666471    34.5122 0.0000e+00
    296.000     0.4672   2.920487     0.4710   2.920934    5.77290    -0.0331    13.8155 2.9098e+02  -62.52567  -62.45833 1154447983 213.666491    34.5140 0.0000e+00
    297.000     0.4785   2.921679     0.4814   2.922022    5.76178    -0.0456    13.8155 3.0446e+02  -62.52567  -62.45833 1154447985 213.666513    34.5162 0.0000e+00
    298.000     0.4904   2.922885     0.4921   2.923081    5.75473    -0.0696    13.8155 3.0640e+02  -62.52567  -62.45833 1154447986 213.666526    34.5179 0.0000e+00
    299.000     0.4999   2.923807     0.5009   2.923979    5.75034    -0.0403    13.8155 3.0793e+02  -62.52567  -62.45833 1154447987 213.666536    34.5185 0.0000e+00
    300.000     0.5097   2.924872     0.5111   2.925030    5.74454    -0.0325    13.8155 3.0978e+02  -62.52567  -62.45833 1154447988 213.666545    34.5208 0.0000e+00
    301.000     0.5205   2.925983     0.5206   2.925999    5.73671    -0.0167    13.8155 3.1105e+02  -62.52567  -62.45833 1154447989 213.666553    34.5223 0.0000e+00
    302.000     0.5220   2.926164     0.5228   2.926304    5.72936    -0.0610    13.8155 3.1013e+02  -62.52567  -62.45833 1154447990 213.666562    34.5224 0.0000e+00
    303.000     0.5207   2.926158     0.5240   2.926462    5.72243    -0.0242    13.8155 3.0619e+02  -62.52567  -62.45833 1154447993 213.666600    34.5241 0.0000e+00
