product_data/regression_test/downloaded_data/MGDS/320620060703/ctd/p6623401.cnv
* Sea-Bird SBE 9 Data File:
* FileName = D:\Data\Raw\p6623401.dat
* Software Version Seasave Win32 V 5.32
* Temperature SN = 1649
* Conductivity SN = 1431
* Number of Bytes Per Scan = 37
* Number of Voltage Words = 5
* Number of Scans Averaged by the Deck Unit = 1
* NMEA Latitude = 61 50.28 S
* NMEA Longitude = 053 16.58 W
* NMEA UTC (Time) = 13:14:47
** Ship:   Nathaniel B. Palmer 
** Cruise:    NBP0606 
# nquan = 15
# nvalues = 490                         
# units = specified
# name 0 = prDM: Pressure, Digiquartz [db]
# name 1 = t090C: Temperature [ITS-90, deg C]
# name 2 = c0S/m: Conductivity [S/m]
# name 3 = t190C: Temperature, 2 [ITS-90, deg C]
# name 4 = c1S/m: Conductivity, 2 [S/m]
# name 5 = sbeox0ML/L: Oxygen, SBE 43 [ml/l]
# name 6 = flECO-AFL: Fluorescence, Wetlab ECO-AFL/FL [mg/m^3]
# name 7 = bat: Beam Attenuation, Chelsea/Seatech/Wetlab CStar [1/m]
# name 8 = spar: SPAR/Surface Irradiance
# name 9 = latitude: Latitude [deg]
# name 10 = longitude: Longitude [deg]
# name 11 = timeY: Time, System [seconds]
# name 12 = timeJ: Julian Days
# name 13 = sal00: Salinity [PSU]
# name 14 = flag: flag
# span 0 =      1.000,    490.000       
# span 1 =    -1.6701,    -0.6470       
# span 2 =   2.706882,   2.835973       
# span 3 =    -1.6715,    -0.6463       
# span 4 =   2.707487,   2.836045       
# span 5 =    6.30493,    7.59077       
# span 6 =    -0.0946,     0.0681       
# span 7 =    13.8155,    13.8155       
# span 8 = 7.5785e+02, 8.2890e+02       
# span 9 =  -61.83800,  -61.83800       
# span 10 =  -53.27633,  -53.27633      
# span 11 = 1154956610, 1154957420      
# span 12 = 219.553379, 219.562755      
# span 13 =    34.2402,    34.5458      
# span 14 = 0.0000e+00, 0.0000e+00      
# interval = decibars: 1                
# start_time = Aug 07 2006 13:16:19
# bad_flag = -9.990e-29
*END*
[from data line 386]
    387.000    -0.7581   2.822028    -0.7573   2.822080    6.40950    -0.0751    13.8155 8.0115e+02  -61.83800  -53.27633 1154957199 219.560195    34.5331 0.0000e+00
    388.000    -0.7571   2.822157    -0.7569   2.822157    6.40829    -0.0810    13.8155 8.0134e+02  -61.83800  -53.27633 1154957200 219.560210    34.5330 0.0000e+00
    389.000    -0.7570   2.822206    -0.7539   2.822469    6.40927    -0.0694    13.8155 8.0369e+02  -61.83800  -53.27633 1154957201 219.560224    34.5333 0.0000e+00
    390.000    -0.7540   2.822518    -0.7523   2.822666    6.40865    -0.0779    13.8155 8.0469e+02  -61.83800  -53.27633 1154957203 219.560239    34.5332 0.0000e+00
    391.000    -0.7562   2.822360    -0.7554   2.822436    6.40914    -0.0590    13.8155 8.0081e+02  -61.83800  -53.27633 1154957204 219.560253    34.5332 0.0000e+00
    392.000    -0.7539   2.822612    -0.7552   2.822481    6.40718    -0.0629    13.8155 8.0115e+02  -61.83800  -53.27633 1154957205 219.560268    34.5333 0.0000e+00
    393.000    -0.7594   2.822159    -0.7587   2.822212    6.40592    -0.0704    13.8155 8.0492e+02  -61.83800  -53.27633 1154957206 219.560282    34.5331 0.0000e+00
    394.000    -0.7596   2.822180    -0.7574   2.822380    6.40320    -0.0765    13.8155 8.0510e+02  -61.83800  -53.27633 1154957208 219.560296    34.5332 0.0000e+00
    395.000    -0.7559   2.822573    -0.7533   2.822803    6.40408    -0.0615    13.8155 8.0491e+02  -61.83800  -53.27633 1154957209 219.560311    34.5335 0.0000e+00
    396.000    -0.7571   2.822501    -0.7569   2.822556    6.40094    -0.0777    13.8155 8.0612e+02  -61.83800  -53.27633 1154957210 219.560325    34.5333 0.0000e+00
    397.000    -0.7511   2.823120    -0.7503   2.823140    6.40229    -0.0597    13.8155 8.0340e+02  -61.83800  -53.27633 1154957211 219.560340    34.5343 0.0000e+00
    398.000    -0.7480   2.823421    -0.7463   2.823596    6.40146    -0.0720    13.8155 8.0404e+02  -61.83800  -53.27633 1154957213 219.560354    34.5339 0.0000e+00
    399.000    -0.7475   2.823532    -0.7455   2.823696    6.40247    -0.0671    13.8155 8.0621e+02  -61.83800  -53.27633 1154957214 219.560368    34.5346 0.0000e+00
    400.000    -0.7447   2.823797    -0.7394   2.824293    6.40151    -0.0859    13.8155 8.0488e+02  -61.83800  -53.27633 1154957215 219.560383    34.5339 0.0000e+00
    401.000    -0.7411   2.824221    -0.7387   2.824403    6.39791    -0.0908    13.8155 8.0636e+02  -61.83800  -53.27633 1154957216 219.560397    34.5352 0.0000e+00
    402.000    -0.7362   2.824693    -0.7368   2.824642    6.39665    -0.0761    13.8155 8.0536e+02  -61.83800  -53.27633 1154957218 219.560412    34.5352 0.0000e+00
    403.000    -0.7374   2.824633    -0.7349   2.824833    6.39648    -0.0584    13.8155 8.0164e+02  -61.83800  -53.27633 1154957219 219.560426    34.5352 0.0000e+00
    404.000    -0.7291   2.825443    -0.7282   2.825488    6.39349    -0.0720    13.8155 8.0075e+02  -61.83800  -53.27633 1154957220 219.560440    34.5360 0.0000e+00
    405.000    -0.7310   2.825303    -0.7337   2.825077    6.39011    -0.0789    13.8155 8.0216e+02  -61.83800  -53.27633 1154957221 219.560455    34.5357 0.0000e+00
    406.000    -0.7454   2.824071    -0.7494   2.823787    6.39327    -0.0665    13.8155 8.0456e+02  -61.83800  -53.27633 1154957223 219.560469    34.5353 0.0000e+00
    407.000    -0.7522   2.823517    -0.7522   2.823519    6.39388    -0.0848    13.8155 8.0177e+02  -61.83800  -53.27633 1154957224 219.560484    34.5352 0.0000e+00
    408.000    -0.7418   2.824559    -0.7385   2.824821    6.39205    -0.0816    13.8155 8.0387e+02  -61.83800  -53.27633 1154957225 219.560498    34.5367 0.0000e+00
    409.000    -0.7349   2.825216    -0.7338   2.825302    6.39041    -0.0935    13.8155 8.0188e+02  -61.83800  -53.27633 1154957226 219.560512    34.5368 0.0000e+00
    410.000    -0.7346   2.825288    -0.7358   2.825165    6.38889    -0.0824    13.8155 8.0459e+02  -61.83800  -53.27633 1154957227 219.560527    34.5368 0.0000e+00
    411.000    -0.7406   2.824749    -0.7404   2.824794    6.38505    -0.0833    13.8155 -9.990e-29  -61.83800  -53.27633 1154957229 219.560541    34.5359 0.0000e+00
    412.000    -0.7358   2.825249    -0.7363   2.825199    6.38289    -0.0662    13.8155 -9.990e-29  -61.83800  -53.27633 1154957230 219.560555    34.5366 0.0000e+00
    413.000    -0.7326   2.825576    -0.7321   2.825629    6.38209    -0.0536    13.8155 8.0457e+02  -61.83800  -53.27633 1154957231 219.560570    34.5366 0.0000e+00
    414.000    -0.7280   2.826075    -0.7250   2.826342    6.37816    -0.0632    13.8155 8.0452e+02  -61.83800  -53.27633 1154957232 219.560584    34.5374 0.0000e+00
    415.000    -0.7294   2.825969    -0.7276   2.826172    6.38166    -0.0681    13.8155 8.0567e+02  -61.83800  -53.27633 1154957234 219.560599    34.5370 0.0000e+00
    416.000    -0.7288   2.826084    -0.7273   2.826230    6.38179    -0.0572    13.8155 8.0640e+02  -61.83800  -53.27633 1154957235 219.560613    34.5373 0.0000e+00
    417.000    -0.7269   2.826307    -0.7256   2.826420    6.38118    -0.0754    13.8155 8.0646e+02  -61.83800  -53.27633 1154957236 219.560627    34.5376 0.0000e+00
    418.000    -0.7345   2.825599    -0.7319   2.825945    6.38343    -0.0540    13.8155 8.0452e+02  -61.83800  -53.27633 1154957237 219.560642    34.5360 0.0000e+00
    419.000    -0.7571   2.823611    -0.7510   2.824211    6.38552    -0.0637    13.8155 8.0283e+02  -61.83800  -53.27633 1154957239 219.560656    34.5353 0.0000e+00
    420.000    -0.7572   2.823672    -0.7547   2.823896    6.38806    -0.0578    13.8155 8.0460e+02  -61.83800  -53.27633 1154957240 219.560670    34.5355 0.0000e+00
    421.000    -0.7428   2.825019    -0.7434   2.824946    6.38956    -0.0871    13.8155 8.0465e+02  -61.83800  -53.27633 1154957241 219.560685    34.5362 0.0000e+00
    422.000    -0.7391   2.825394    -0.7400   2.825342    6.39126    -0.0800    13.8155 8.0642e+02  -61.83800  -53.27633 1154957242 219.560699    34.5359 0.0000e+00
    423.000    -0.7418   2.825186    -0.7432   2.825094    6.39226    -0.0639    13.8155 8.0628e+02  -61.83800  -53.27633 1154957244 219.560713    34.5359 0.0000e+00
    424.000    -0.7466   2.824807    -0.7409   2.825369    6.39025    -0.0683    13.8155 8.0744e+02  -61.83800  -53.27633 1154957245 219.560728    34.5357 0.0000e+00
    425.000    -0.7425   2.825246    -0.7398   2.825510    6.38782    -0.0579    13.8155 8.0699e+02  -61.83800  -53.27633 1154957246 219.560742    34.5365 0.0000e+00
    426.000    -0.7362   2.825917    -0.7335   2.826149    6.38466    -0.0469    13.8155 8.0647e+02  -61.83800  -53.27633 1154957247 219.560756    34.5375 0.0000e+00
    427.000    -0.7304   2.826477    -0.7289   2.826612    6.38399    -0.0946    13.8155 8.0653e+02  -61.83800  -53.27633 1154957249 219.560771    34.5377 0.0000e+00
    428.000    -0.7306   2.826500    -0.7264   2.826894    6.38070    -0.0530    13.8155 8.0653e+02  -61.83800  -53.27633 1154957250 219.560785    34.5374 0.0000e+00
    429.000    -0.7291   2.826721    -0.7273   2.826881    6.37815    -0.0851    13.8155 8.0653e+02  -61.83800  -53.27633 1154957251 219.560799    34.5384 0.0000e+00
    430.000    -0.7211   2.827479    -0.7203   2.827556    6.37529    -0.0766    13.8155 8.0789e+02  -61.83800  -53.27633 1154957252 219.560813    34.5386 0.0000e+00
    431.000    -0.7152   2.828043    -0.7145   2.828108    6.37654    -0.0601    13.8155 8.0486e+02  -61.83800  -53.27633 1154957254 219.560828    34.5388 0.0000e+00
    432.000    -0.7176   2.827831    -0.7144   2.828196    6.37804    -0.0580    13.8155 8.0641e+02  -61.83800  -53.27633 1154957255 219.560842    34.5381 0.0000e+00
    433.000    -0.7279   2.826950    -0.7295   2.826829    6.37775    -0.0606    13.8155 8.0647e+02  -61.83800  -53.27633 1154957256 219.560856    34.5376 0.0000e+00
    434.000    -0.7339   2.826465    -0.7306   2.826754    6.37163    -0.0807    13.8155 8.0776e+02  -61.83800  -53.27633 1154957257 219.560871    34.5377 0.0000e+00
    435.000    -0.7539   2.824637    -0.7609   2.824120    6.38405    -0.0926    13.8155 8.0674e+02  -61.83800  -53.27633 1154957258 219.560885    34.5356 0.0000e+00
    436.000    -0.7539   2.824720    -0.7612   2.824063    6.38393    -0.0860    13.8155 8.0807e+02  -61.83800  -53.27633 1154957260 219.560899    34.5362 0.0000e+00
    437.000    -0.7290   2.827126    -0.7128   2.828453    6.37309    -0.0889    13.8155 8.0822e+02  -61.83800  -53.27633 1154957261 219.560914    34.5396 0.0000e+00
    438.000    -0.6921   2.830392    -0.6877   2.830813    6.36557    -0.0926    13.8155 8.0713e+02  -61.83800  -53.27633 1154957262 219.560928    34.5388 0.0000e+00
    439.000    -0.6960   2.830158    -0.6941   2.830297    6.36251    -0.0556    13.8155 8.0660e+02  -61.83800  -53.27633 1154957263 219.560942    34.5403 0.0000e+00
    440.000    -0.7006   2.829778    -0.7002   2.829807    6.35884    -0.0834    13.8155 8.0820e+02  -61.83800  -53.27633 1154957265 219.560957    34.5399 0.0000e+00
    441.000    -0.6889   2.830868    -0.6889   2.830879    6.35371    -0.0911    13.8155 -9.990e-29  -61.83800  -53.27633 1154957266 219.560971    34.5403 0.0000e+00
    442.000    -0.6886   2.830948    -0.6878   2.831023    6.34577    -0.0581    13.8155 -9.990e-29  -61.83800  -53.27633 1154957267 219.560985    34.5407 0.0000e+00
    443.000    -0.6904   2.830845    -0.6897   2.830909    6.34083    -0.0771    13.8155 8.1033e+02  -61.83800  -53.27633 1154957268 219.560999    34.5409 0.0000e+00
    444.000    -0.6865   2.831234    -0.6857   2.831284    6.34522    -0.0496    13.8155 8.0806e+02  -61.83800  -53.27633 1154957270 219.561014    34.5412 0.0000e+00
    445.000    -0.6865   2.831292    -0.6803   2.831851    6.34011    -0.0826    13.8155 8.0698e+02  -61.83800  -53.27633 1154957271 219.561028    34.5415 0.0000e+00
    446.000    -0.6621   2.833660    -0.6611   2.833648    6.33207    -0.0895    13.8155 8.0777e+02  -61.83800  -53.27633 1154957272 219.561042    34.5446 0.0000e+00
    447.000    -0.6496   2.834787    -0.6502   2.834725    6.32662    -0.0837    13.8155 8.0779e+02  -61.83800  -53.27633 1154957273 219.561057    34.5443 0.0000e+00
    448.000    -0.6523   2.834590    -0.6526   2.834571    6.32156    -0.0662    13.8155 8.0970e+02  -61.83800  -53.27633 1154957275 219.561072    34.5445 0.0000e+00
    449.000    -0.6477   2.835059    -0.6498   2.834847    6.31676    -0.0788    13.8155 8.0693e+02  -61.83800  -53.27633 1154957276 219.561086    34.5452 0.0000e+00
    450.000    -0.6486   2.835025    -0.6483   2.835059    6.31356    -0.0632    13.8155 8.0832e+02  -61.83800  -53.27633 1154957277 219.561101    34.5452 0.0000e+00
    451.000    -0.6544   2.834482    -0.6604   2.833946    6.31515    -0.0659    13.8155 -9.990e-29  -61.83800  -53.27633 1154957279 219.561118    34.5440 0.0000e+00
    452.000    -0.6563   2.834404    -0.6568   2.834268    6.31169    -0.0672    13.8155 8.0825e+02  -61.83800  -53.27633 1154957281 219.561140    34.5451 0.0000e+00
    453.000    -0.6477   2.835229    -0.6464   2.835333    6.30694    -0.0852    13.8155 8.0848e+02  -61.83800  -53.27633 1154957282 219.561162    34.5455 0.0000e+00
    454.000    -0.6480   2.835252    -0.6470   2.835349    6.30493    -0.0680    13.8155 8.1064e+02  -61.83800  -53.27633 1154957284 219.561185    34.5457 0.0000e+00
    455.000    -0.6482   2.835272    -0.6472   2.835370    6.30958    -0.0791    13.8155 8.1235e+02  -61.83800  -53.27633 1154957286 219.561209    34.5456 0.0000e+00
    456.000    -0.6472   2.835407    -0.6463   2.835500    6.31035    -0.0760    13.8155 8.1243e+02  -61.83800  -53.27633 1154957289 219.561233    34.5458 0.0000e+00
    457.000    -0.6470   2.835465    -0.6463   2.835532    6.30944    -0.0927    13.8155 8.1294e+02  -61.83800  -53.27633 1154957291 219.561257    34.5458 0.0000e+00
    458.000    -0.6475   2.835456    -0.6471   2.835504    6.31118    -0.0834    13.8155 8.1311e+02  -61.83800  -53.27633 1154957293 219.561281    34.5458 0.0000e+00
    459.000    -0.6490   2.835370    -0.6486   2.835417    6.31220    -0.0789    13.8155 8.1451e+02  -61.83800  -53.27633 1154957295 219.561305    34.5457 0.0000e+00
    460.000    -0.6565   2.834694    -0.6571   2.834685    6.31589    -0.0634    13.8155 8.1392e+02  -61.83800  -53.27633 1154957297 219.561329    34.5448 0.0000e+00
    461.000    -0.6686   2.833585    -0.6709   2.833402    6.32199    -0.0723    13.8155 8.1452e+02  -61.83800  -53.27633 1154957299 219.561353    34.5433 0.0000e+00
    462.000    -0.6696   2.833532    -0.6699   2.833562    6.32729    -0.0751    13.8155 8.1325e+02  -61.83800  -53.27633 1154957301 219.561377    34.5430 0.0000e+00
    463.000    -0.6817   2.832480    -0.6819   2.832505    6.33322    -0.0830    13.8155 -9.990e-29  -61.83800  -53.27633 1154957303 219.561401    34.5423 0.0000e+00
    464.000    -0.6835   2.832381    -0.6833   2.832421    6.33673    -0.0877    13.8155 -9.990e-29  -61.83800  -53.27633 1154957305 219.561425    34.5423 0.0000e+00
    465.000    -0.6856   2.832239    -0.6842   2.832396    6.33826    -0.0935    13.8155 -9.990e-29  -61.83800  -53.27633 1154957307 219.561449    34.5421 0.0000e+00
    466.000    -0.6831   2.832544    -0.6835   2.832519    6.33902    -0.0752    13.8155 -9.990e-29  -61.83800  -53.27633 1154957309 219.561473    34.5426 0.0000e+00
    467.000    -0.6765   2.833177    -0.6749   2.833336    6.33957    -0.0695    13.8155 8.1383e+02  -61.83800  -53.27633 1154957311 219.561497    34.5428 0.0000e+00
    468.000    -0.6765   2.833221    -0.6757   2.833314    6.33618    -0.0562    13.8155 8.1559e+02  -61.83800  -53.27633 1154957313 219.561521    34.5427 0.0000e+00
    469.000    -0.6753   2.833382    -0.6766   2.833273    6.33172    -0.0736    13.8155 8.1514e+02  -61.83800  -53.27633 1154957315 219.561545    34.5427 0.0000e+00
    470.000    -0.6755   2.833384    -0.6767   2.833302    6.33267    -0.0787    13.8155 8.1670e+02  -61.83800  -53.27633 1154957318 219.561568    34.5427 0.0000e+00
    471.000    -0.6765   2.833361    -0.6752   2.833486    6.33349    -0.0718    13.8155 8.1611e+02  -61.83800  -53.27633 1154957320 219.561592    34.5428 0.0000e+00
    472.000    -0.6754   2.833504    -0.6740   2.833648    6.33631    -0.0771    13.8155 8.1519e+02  -61.83800  -53.27633 1154957322 219.561616    34.5428 0.0000e+00
    473.000    -0.6732   2.833771    -0.6728   2.833819    6.33146    -0.0815    13.8155 8.1518e+02  -61.83800  -53.27633 1154957324 219.561640    34.5432 0.0000e+00
    474.000    -0.6821   2.833015    -0.6844   2.832862    6.32967    -0.0792    13.8155 8.1525e+02  -61.83800  -53.27633 1154957326 219.561664    34.5428 0.0000e+00
    475.000    -0.6702   2.834152    -0.6686   2.834281    6.32734    -0.0698    13.8155 8.1475e+02  -61.83800  -53.27633 1154957328 219.561688    34.5438 0.0000e+00
    476.000    -0.6626   2.834839    -0.6633   2.834819    6.32845    -0.0908    13.8155 -9.990e-29  -61.83800  -53.27633 1154957330 219.561712    34.5433 0.0000e+00
    477.000    -0.6716   2.834029    -0.6715   2.834064    6.33338    -0.0845    13.8155 -9.990e-29  -61.83800  -53.27633 1154957332 219.561739    34.5425 0.0000e+00
    478.000    -0.6788   2.833424    -0.6788   2.833463    6.33463    -0.0731    13.8155 8.1433e+02  -61.83800  -53.27633 1154957336 219.561775    34.5422 0.0000e+00
    479.000    -0.6792   2.833438    -0.6767   2.833687    6.33318    -0.0712    13.8155 8.1501e+02  -61.83800  -53.27633 1154957338 219.561810    34.5422 0.0000e+00
    480.000    -0.6755   2.833818    -0.6750   2.833892    6.33593    -0.0906    13.8155 8.1591e+02  -61.83800  -53.27633 1154957341 219.561842    34.5423 0.0000e+00
    481.000    -0.6776   2.833714    -0.6768   2.833806    6.33407    -0.0741    13.8155 8.1664e+02  -61.83800  -53.27633 1154957344 219.561876    34.5427 0.0000e+00
