product_data/regression_test/downloaded_data/MGDS/320620060703/ctd/p6620301.ros
* Sea-Bird SBE 9 Data File:
* FileName = D:\Data\Raw\p6620301.dat
* Software Version Seasave Win32 V 5.32
* Temperature SN = 1649
* Conductivity SN = 1431
* Number of Bytes Per Scan = 37
* Number of Voltage Words = 5
* Number of Scans Averaged by the Deck Unit = 1
* NMEA Latitude = 64 28.09 S
* NMEA Longitude = 061 55.02 W
* NMEA UTC (Time) = 04:29:14
** Ship:   Nathaniel B. Palmer 
** Cruise:    NBP0606 
# nquan = 17
# nvalues = 1176                    
# units = specified
# name 0 = prDM: Pressure, Digiquartz [db]
# name 1 = t090C: Temperature [ITS-90, deg C]
# name 2 = c0S/m: Conductivity [S/m]
# name 3 = t190C: Temperature, 2 [ITS-90, deg C]
# name 4 = c1S/m: Conductivity, 2 [S/m]
# name 5 = sbeox0ML/L: Oxygen, SBE 43 [ml/l]
# name 6 = flECO-AFL: Fluorescence, Wetlab ECO-AFL/FL [mg/m^3]
# name 7 = bat: Beam Attenuation, Chelsea/Seatech/Wetlab CStar [1/m]
# name 8 = spar: SPAR/Surface Irradiance
# name 9 = latitude: Latitude [deg]
# name 10 = longitude: Longitude [deg]
# name 11 = timeY: Time, System [seconds]
# name 12 = timeJ: Julian Days
# name 13 = sal00: Salinity [PSU]
# name 14 = scan: scan number
# name 15 = nbf: number of bottles fired
# name 16 = flag:  0.000e+00
# interval = seconds: 0.0416667                   
# start_time = Jul 28 2006 04:29:23
*END*
[from data line 171]
    400.612     0.0387   2.887414     0.0386   2.887696    5.95627    -0.1335    13.8155 0.0000e+00  -64.46817  -61.91700 1154061840 209.197242    34.4977      21089          4  0.000e+00
    400.535     0.0388   2.887428     0.0385   2.887685    5.95619    -0.2326    13.8155 0.0000e+00  -64.46817  -61.91700 1154061840 209.197242    34.4978      21090          4  0.000e+00
    400.612     0.0387   2.887407     0.0386   2.887655    5.95147    -0.2106    13.8155 0.0000e+00  -64.46817  -61.91700 1154061840 209.197242    34.4977      21091          4  0.000e+00
    400.535     0.0387   2.887404     0.0386   2.887667    5.95141    -0.1004    13.8155 0.0000e+00  -64.46817  -61.91700 1154061840 209.197243    34.4977      21092          4  0.000e+00
    400.746     0.0385   2.887404     0.0388   2.887679    5.95160    -0.0343    13.8155 0.0000e+00  -64.46817  -61.91700 1154061840 209.197243    34.4977      21093          4  0.000e+00
    400.612     0.0388   2.887421     0.0392   2.887655    5.95625    -0.0784    13.8155 0.0000e+00  -64.46817  -61.91700 1154061840 209.197244    34.4977      21094          4  0.000e+00
    400.612     0.0388   2.887407     0.0386   2.887690    5.95626    -0.1445    13.8155 0.0000e+00  -64.46817  -61.91700 1154061840 209.197244    34.4975      21095          4  0.000e+00
    400.679     0.0387   2.887404     0.0386   2.887685    5.95634    -0.0894    13.8155 0.0000e+00  -64.46817  -61.91700 1154061840 209.197245    34.4976      21096          4  0.000e+00
    400.612     0.0390   2.887421     0.0388   2.887679    5.95623    -0.0343    13.8155 0.0000e+00  -64.46817  -61.91700 1154061840 209.197245    34.4975      21097          4  0.000e+00
    400.679     0.0390   2.887428     0.0385   2.887679    5.95147    -0.0784    13.8155 0.0000e+00  -64.46817  -61.91700 1154061840 209.197246    34.4975      21098          4  0.000e+00
    400.612     0.0385   2.887407     0.0389   2.887638    5.95630    -0.0454    13.8155 0.0000e+00  -64.46817  -61.91700 1154061840 209.197246    34.4978      21099          4  0.000e+00
    400.746     0.0388   2.887384     0.0388   2.887685    5.95638    -0.0233    13.8155 0.0000e+00  -64.46817  -61.91700 1154061840 209.197247    34.4971      21100          4  0.000e+00
    400.612     0.0385   2.887414     0.0391   2.887708    5.95629    -0.0233    13.8155 0.0000e+00  -64.46817  -61.91700 1154061840 209.197247    34.4979      21101          4  0.000e+00
    400.679     0.0382   2.887377     0.0385   2.887661    5.95641    -0.0674    13.8155 0.0000e+00  -64.46817  -61.91700 1154061840 209.197248    34.4978      21102          4  0.000e+00
    400.746     0.0388   2.887391     0.0386   2.887667    5.95157    -0.1555    13.8155 0.0000e+00  -64.46817  -61.91700 1154061840 209.197248    34.4972      21103          4  0.000e+00
    400.679     0.0383   2.887404     0.0389   2.887690    5.95637    -0.1225    13.8155 0.0000e+00  -64.46817  -61.91700 1154061840 209.197249    34.4979      21104          4  0.000e+00
    400.679     0.0385   2.887421     0.0389   2.887661    5.95635    -0.0343    13.8155 0.0000e+00  -64.46817  -61.91700 1154061840 209.197249    34.4980      21105          4  0.000e+00
    400.746     0.0387   2.887408     0.0391   2.887667    5.95639    -0.0343    13.8155 0.0000e+00  -64.46817  -61.91700 1154061840 209.197250    34.4976      21106          4  0.000e+00
    400.679     0.0393   2.887434     0.0386   2.887655    5.95143    -0.0894    13.8155 0.0000e+00  -64.46817  -61.91700 1154061840 209.197250    34.4973      21107          4  0.000e+00
    400.746     0.0387   2.887448     0.0389   2.887667    5.95156    -0.0784    13.8155 0.0000e+00  -64.46817  -61.91700 1154061840 209.197251    34.4981      21108          4  0.000e+00
    400.746     0.0387   2.887431     0.0383   2.887655    5.95638    -0.1555    13.8155 0.0000e+00  -64.46817  -61.91700 1154061841 209.197251    34.4979      21109          4  0.000e+00
    400.746     0.0387   2.887391     0.0389   2.887649    5.95639    -0.1445    13.8155 0.0000e+00  -64.46817  -61.91700 1154061841 209.197252    34.4973      21110          4  0.000e+00
    400.746     0.0390   2.887431     0.0386   2.887667    5.95153    -0.1114    13.8155 0.0000e+00  -64.46817  -61.91700 1154061841 209.197252    34.4975      21111          4  0.000e+00
    400.746     0.0385   2.887431     0.0388   2.887679    5.95640    -0.0894    13.8155 0.0000e+00  -64.46817  -61.91700 1154061841 209.197253    34.4981      21112          4  0.000e+00
    400.746     0.0391   2.887444     0.0389   2.887696    5.95150    -0.0784    13.8155 0.0000e+00  -64.46817  -61.91700 1154061841 209.197253    34.4976      21113          4  0.000e+00
    350.204     0.0385   2.884829     0.0389   2.885101    5.93040    -0.0123    13.8155 0.0000e+00  -64.46817  -61.91700 1154061921 209.198187    34.4938      23049          5  0.000e+00
    350.348     0.0388   2.884842     0.0385   2.885124    5.93047     0.0207    13.8155 0.0000e+00  -64.46817  -61.91700 1154061921 209.198187    34.4936      23050          5  0.000e+00
    350.204     0.0388   2.884836     0.0382   2.885095    5.93036    -0.0343    13.8155 0.0000e+00  -64.46817  -61.91700 1154061921 209.198188    34.4936      23051          5  0.000e+00
    350.271     0.0387   2.884862     0.0386   2.885083    5.93041    -0.0013    13.8155 0.0000e+00  -64.46817  -61.91700 1154061921 209.198188    34.4940      23052          5  0.000e+00
    350.271     0.0387   2.884842     0.0386   2.885101    5.93042    -0.0233    13.8155 0.0000e+00  -64.46817  -61.91700 1154061922 209.198189    34.4938      23053          5  0.000e+00
    350.271     0.0383   2.884829     0.0386   2.885106    5.93047    -0.0674    13.8155 0.0000e+00  -64.46817  -61.91700 1154061922 209.198189    34.4939      23054          5  0.000e+00
    350.338     0.0385   2.884809     0.0383   2.885089    5.92574    -0.1225    13.8155 0.0000e+00  -64.46817  -61.91700 1154061922 209.198190    34.4935      23055          5  0.000e+00
    350.271     0.0380   2.884826     0.0385   2.885083    5.92573    -0.0784    13.8155 0.0000e+00  -64.46817  -61.91700 1154061922 209.198190    34.4942      23056          5  0.000e+00
    350.348     0.0380   2.884829     0.0380   2.885083    5.92579     0.0097    13.8155 0.0000e+00  -64.46817  -61.91700 1154061922 209.198191    34.4942      23057          5  0.000e+00
    350.348     0.0379   2.884812     0.0385   2.885083    5.92582     0.0097    13.8155 0.0000e+00  -64.46817  -61.91700 1154061922 209.198191    34.4942      23058          5  0.000e+00
    350.348     0.0382   2.884822     0.0386   2.885083    5.93056    -0.0343    13.8155 0.0000e+00  -64.46817  -61.91700 1154061922 209.198192    34.4940      23059          5  0.000e+00
    350.348     0.0377   2.884812     0.0391   2.885101    5.93062    -0.0564    13.8155 0.0000e+00  -64.46817  -61.91700 1154061922 209.198192    34.4944      23060          5  0.000e+00
    350.348     0.0385   2.884822     0.0389   2.885124    5.93052    -0.1114    13.8155 0.0000e+00  -64.46817  -61.91700 1154061922 209.198193    34.4936      23061          5  0.000e+00
    350.415     0.0387   2.884859     0.0392   2.885112    5.92575    -0.1225    13.8155 0.0000e+00  -64.46817  -61.91700 1154061922 209.198193    34.4939      23062          5  0.000e+00
    350.338     0.0385   2.884842     0.0395   2.885130    5.93050    -0.0013    13.8155 0.0000e+00  -64.46817  -61.91700 1154061922 209.198193    34.4939      23063          5  0.000e+00
    350.415     0.0388   2.884842     0.0391   2.885112    5.93053     0.0207    13.8155 0.0000e+00  -64.46817  -61.91700 1154061922 209.198194    34.4935      23064          5  0.000e+00
    350.348     0.0388   2.884869     0.0394   2.885089    5.92568    -0.0454    13.8155 0.0000e+00  -64.46817  -61.91700 1154061922 209.198194    34.4939      23065          5  0.000e+00
    350.415     0.0390   2.884856     0.0397   2.885118    5.93050    -0.0343    13.8155 0.0000e+00  -64.46817  -61.91700 1154061922 209.198195    34.4935      23066          5  0.000e+00
    350.415     0.0390   2.884849     0.0391   2.885071    5.92572    -0.0454    13.8155 0.0000e+00  -64.46817  -61.91700 1154061922 209.198195    34.4934      23067          5  0.000e+00
    350.415     0.0390   2.884852     0.0389   2.885089    5.92572    -0.0564    13.8155 0.0000e+00  -64.46817  -61.91700 1154061922 209.198196    34.4935      23068          5  0.000e+00
    350.415     0.0383   2.884836     0.0391   2.885107    5.92581    -0.0454    13.8155 0.0000e+00  -64.46817  -61.91700 1154061922 209.198196    34.4939      23069          5  0.000e+00
    350.415     0.0388   2.884849     0.0389   2.885124    5.92575    -0.1225    13.8155 0.0000e+00  -64.46817  -61.91700 1154061922 209.198197    34.4936      23070          5  0.000e+00
    350.405     0.0385   2.884866     0.0391   2.885136    5.92577    -0.1555    13.8155 0.0000e+00  -64.46817  -61.91700 1154061922 209.198197    34.4942      23071          5  0.000e+00
    350.415     0.0385   2.884876     0.0391   2.885112    5.92577    -0.1114    13.8155 0.0000e+00  -64.46817  -61.91700 1154061922 209.198198    34.4943      23072          5  0.000e+00
    350.415     0.0385   2.884873     0.0391   2.885107    5.92577    -0.1114    13.8155 0.0000e+00  -64.46817  -61.91700 1154061922 209.198198    34.4943      23073          5  0.000e+00
    350.415     0.0387   2.884852     0.0392   2.885107    5.93054    -0.0674    13.8155 0.0000e+00  -64.46817  -61.91700 1154061922 209.198199    34.4938      23074          5  0.000e+00
    350.348     0.0383   2.884869     0.0392   2.885107    5.93051    -0.0784    13.8155 0.0000e+00  -64.46817  -61.91700 1154061922 209.198199    34.4944      23075          5  0.000e+00
    350.415     0.0388   2.884873     0.0388   2.885107    5.93051     0.0097    13.8155 0.0000e+00  -64.46817  -61.91700 1154061922 209.198200    34.4939      23076          5  0.000e+00
    350.415     0.0390   2.884859     0.0389   2.885107    5.92572    -0.0674    13.8155 0.0000e+00  -64.46817  -61.91700 1154061923 209.198200    34.4935      23077          5  0.000e+00
    350.415     0.0388   2.884849     0.0386   2.885107    5.92575    -0.1335    13.8155 0.0000e+00  -64.46817  -61.91700 1154061923 209.198201    34.4936      23078          5  0.000e+00
    350.405     0.0393   2.884869     0.0388   2.885107    5.92567    -0.1555    13.8155 0.0000e+00  -64.46817  -61.91700 1154061923 209.198201    34.4933      23079          5  0.000e+00
    350.415     0.0390   2.884856     0.0392   2.885124    5.92572    -0.1114    13.8155 0.0000e+00  -64.46817  -61.91700 1154061923 209.198202    34.4935      23080          5  0.000e+00
    350.348     0.0382   2.884849     0.0392   2.885112    5.93054    -0.1004    13.8155 0.0000e+00  -64.46817  -61.91700 1154061923 209.198202    34.4943      23081          5  0.000e+00
    350.415     0.0391   2.884852     0.0394   2.885124    5.93048    -0.0343    13.8155 0.0000e+00  -64.46817  -61.91700 1154061923 209.198203    34.4933      23082          5  0.000e+00
    350.415     0.0388   2.884849     0.0389   2.885112    5.93052    -0.0123    13.8155 0.0000e+00  -64.46817  -61.91700 1154061923 209.198203    34.4936      23083          5  0.000e+00
    350.415     0.0388   2.884852     0.0391   2.885130    5.93052    -0.0123    13.8155 0.0000e+00  -64.46817  -61.91700 1154061923 209.198204    34.4937      23084          5  0.000e+00
    350.348     0.0391   2.884836     0.0391   2.885095    5.92566    -0.0013    13.8155 0.0000e+00  -64.46817  -61.91700 1154061923 209.198204    34.4931      23085          5  0.000e+00
    350.415     0.0393   2.884849     0.0392   2.884260    5.92569    -0.0564    13.8155 0.0000e+00  -64.46817  -61.91700 1154061923 209.198205    34.4931      23086          5  0.000e+00
    350.405     0.0390   2.884849     0.0394   2.884260    5.92572    -0.0343    13.8155 0.0000e+00  -64.46817  -61.91700 1154061923 209.198205    34.4934      23087          5  0.000e+00
    350.415     0.0382   2.884832     0.0389   2.884918    5.92583    -0.0894    13.8155 0.0000e+00  -64.46817  -61.91700 1154061923 209.198206    34.4941      23088          5  0.000e+00
    350.348     0.0390   2.884849     0.0394   2.885142    5.92567    -0.1004    13.8155 0.0000e+00  -64.46817  -61.91700 1154061923 209.198206    34.4935      23089          5  0.000e+00
    350.415     0.0390   2.884849     0.0395   2.885142    5.92572    -0.1004    13.8155 0.0000e+00  -64.46817  -61.91700 1154061923 209.198207    34.4934      23090          5  0.000e+00
    350.415     0.0387   2.884852     0.0394   2.885136    5.92576    -0.0343    13.8155 0.0000e+00  -64.46817  -61.91700 1154061923 209.198207    34.4938      23091          5  0.000e+00
    350.415     0.0388   2.884836     0.0395   2.885136    5.93053    -0.0564    13.8155 0.0000e+00  -64.46817  -61.91700 1154061923 209.198207    34.4934      23092          5  0.000e+00
    350.415     0.0387   2.884829     0.0394   2.885136    5.93055    -0.0674    13.8155 0.0000e+00  -64.46817  -61.91700 1154061923 209.198208    34.4935      23093          5  0.000e+00
    350.415     0.0390   2.884862     0.0395   2.885136    5.92572    -0.0013    13.8155 0.0000e+00  -64.46817  -61.91700 1154061923 209.198208    34.4936      23094          5  0.000e+00
    350.405     0.0385   2.884889     0.0397   2.885154    5.92575     0.0097    13.8155 0.0000e+00  -64.46817  -61.91700 1154061923 209.198209    34.4944      23095          5  0.000e+00
    350.482     0.0393   2.884883     0.0400   2.885159    5.92572    -0.1225    13.8155 0.0000e+00  -64.46817  -61.91700 1154061923 209.198209    34.4935      23096          5  0.000e+00
    350.415     0.0390   2.884856     0.0397   2.885142    5.92572    -0.1665    13.8155 0.0000e+00  -64.46817  -61.91700 1154061923 209.198210    34.4935      23097          5  0.000e+00
    350.481     0.0388   2.884849     0.0392   2.885118    5.92580    -0.0233    13.8155 0.0000e+00  -64.46817  -61.91700 1154061930 209.198287    34.4936      23256          6  0.000e+00
    350.347     0.0393   2.884883     0.0394   2.885148    5.92561    -0.0564    13.8155 0.0000e+00  -64.46817  -61.91700 1154061930 209.198287    34.4935      23257          6  0.000e+00
    350.414     0.0391   2.884899     0.0397   2.885118    5.92568    -0.0564    13.8155 0.0000e+00  -64.46817  -61.91700 1154061930 209.198288    34.4939      23258          6  0.000e+00
    350.481     0.0393   2.884862     0.0391   2.885107    5.92573    -0.0894    13.8155 0.0000e+00  -64.46817  -61.91700 1154061930 209.198288    34.4932      23259          6  0.000e+00
    350.414     0.0391   2.884869     0.0394   2.885142    5.92570    -0.0784    13.8155 0.0000e+00  -64.46817  -61.91700 1154061930 209.198288    34.4935      23260          6  0.000e+00
    350.481     0.0396   2.884839     0.0391   2.885159    5.92571    -0.0894    13.8155 0.0000e+00  -64.46817  -61.91700 1154061930 209.198289    34.4925      23261          6  0.000e+00
    350.414     0.0393   2.884866     0.0395   2.885159    5.92568    -0.0894    13.8155 0.0000e+00  -64.46817  -61.91700 1154061930 209.198289    34.4933      23262          6  0.000e+00
    350.481     0.0391   2.884889     0.0395   2.885118    5.92574    -0.0894    13.8155 0.0000e+00  -64.46817  -61.91700 1154061930 209.198290    34.4937      23263          6  0.000e+00
    350.414     0.0390   2.884859     0.0399   2.885124    5.92572    -0.0784    13.8155 0.0000e+00  -64.46817  -61.91700 1154061930 209.198290    34.4935      23264          6  0.000e+00
    350.481     0.0396   2.884852     0.0395   2.885154    5.92570    -0.1225    13.8155 0.0000e+00  -64.46817  -61.91700 1154061930 209.198291    34.4927      23265          6  0.000e+00
