product_data/regression_test/downloaded_data/MGDS/320620060703/ctd/p6621201.ros
* Sea-Bird SBE 9 Data File:
* FileName = D:\Data\Raw\p6621201.dat
* Software Version Seasave Win32 V 5.32
* Temperature SN = 1649
* Conductivity SN = 1431
* Number of Bytes Per Scan = 37
* Number of Voltage Words = 5
* Number of Scans Averaged by the Deck Unit = 1
* NMEA Latitude = 63 34.70 S
* NMEA Longitude = 060 34.75 W
* NMEA UTC (Time) = 19:52:24
** Ship:   Nathaniel B. Palmer 
** Cruise:    NBP0606 
# nquan = 17
# nvalues = 1176                    
# units = specified
# name 0 = prDM: Pressure, Digiquartz [db]
# name 1 = t090C: Temperature [ITS-90, deg C]
# name 2 = c0S/m: Conductivity [S/m]
# name 3 = t190C: Temperature, 2 [ITS-90, deg C]
# name 4 = c1S/m: Conductivity, 2 [S/m]
# name 5 = sbeox0ML/L: Oxygen, SBE 43 [ml/l]
# name 6 = flECO-AFL: Fluorescence, Wetlab ECO-AFL/FL [mg/m^3]
# name 7 = bat: Beam Attenuation, Chelsea/Seatech/Wetlab CStar [1/m]
# name 8 = spar: SPAR/Surface Irradiance
# name 9 = latitude: Latitude [deg]
# name 10 = longitude: Longitude [deg]
# name 11 = timeY: Time, System [seconds]
# name 12 = timeJ: Julian Days
# name 13 = sal00: Salinity [PSU]
# name 14 = scan: scan number
# name 15 = nbf: number of bottles fired
# name 16 = flag:  0.000e+00
# interval = seconds: 0.0416667                   
# start_time = Jul 31 2006 19:52:33
*END*
[from data line 426]
    200.198    -1.4662   2.740943    -1.4746   2.740576    7.38609    -0.1225    13.8155 0.0000e+00  -63.57833  -60.57917 1154377921 212.855585    34.3527      56870          9  0.000e+00
    200.237    -1.4651   2.740979    -1.4752   2.740599    7.38594    -0.0343    13.8155 0.0000e+00  -63.57833  -60.57917 1154377921 212.855585    34.3519      56871          9  0.000e+00
    200.265    -1.4639   2.741021    -1.4743   2.740530    7.38575    -0.0343    13.8155 0.0000e+00  -63.57833  -60.57917 1154377921 212.855586    34.3511      56872          9  0.000e+00
    200.170    -1.4631   2.741028    -1.4749   2.740483    7.38553    -0.0343    13.8155 0.0000e+00  -63.57833  -60.57917 1154377921 212.855586    34.3503      56873          9  0.000e+00
    200.198    -1.4632   2.740926    -1.4761   2.740420    7.38566    -0.0454    13.8155 0.0000e+00  -63.57833  -60.57917 1154377921 212.855587    34.3491      56874          9  0.000e+00
    200.199    -1.4670   2.740667    -1.4767   2.740380    7.38640    -0.0233    13.8155 0.0000e+00  -63.57833  -60.57917 1154377921 212.855587    34.3498      56875          9  0.000e+00
    200.170    -1.4703   2.740504    -1.4760   2.740310    7.38699    -0.0564    13.8155 0.0000e+00  -63.57833  -60.57917 1154377922 212.855588    34.3514      56876          9  0.000e+00
    200.122    -1.4710   2.740428    -1.4758   2.740328    7.38710    -0.1004    13.8155 0.0000e+00  -63.57833  -60.57917 1154377922 212.855588    34.3512      56877          9  0.000e+00
    200.122    -1.4711   2.740431    -1.4757   2.740362    7.38711    -0.0784    13.8155 0.0000e+00  -63.57833  -60.57917 1154377922 212.855589    34.3513      56878          9  0.000e+00
    200.093    -1.4714   2.740399    -1.4758   2.740374    7.38716     0.0538    13.8155 0.0000e+00  -63.57833  -60.57917 1154377922 212.855589    34.3513      56879          9  0.000e+00
    200.122    -1.4716   2.740353    -1.4757   2.740374    7.38724     0.0097    13.8155 0.0000e+00  -63.57833  -60.57917 1154377922 212.855590    34.3508      56880          9  0.000e+00
    200.093    -1.4718   2.740284    -1.4760   2.740374    7.38730    -0.1225    13.8155 0.0000e+00  -63.57833  -60.57917 1154377922 212.855590    34.3502      56881          9  0.000e+00
    199.988    -1.4727   2.740140    -1.4757   2.740334    7.38742    -0.1114    13.8155 0.0000e+00  -63.57833  -60.57917 1154377922 212.855591    34.3492      56882          9  0.000e+00
    200.055    -1.4743   2.740032    -1.4751   2.740339    7.38781    -0.0343    13.8155 0.0000e+00  -63.57833  -60.57917 1154377922 212.855591    34.3496      56883          9  0.000e+00
    200.027    -1.4751   2.739986    -1.4744   2.740426    7.38794    -0.0784    13.8155 0.0000e+00  -63.57833  -60.57917 1154377922 212.855592    34.3499      56884          9  0.000e+00
    150.342    -1.4305   2.740890    -1.4309   2.741128    7.35862    -0.1445    13.8155 0.0000e+00  -63.57833  -60.57917 1154378019 212.856712    34.3424      59206         10  0.000e+00
    150.409    -1.4303   2.740883    -1.4307   2.741122    7.35867    -0.0674    13.8155 0.0000e+00  -63.57833  -60.57917 1154378019 212.856712    34.3421      59207         10  0.000e+00
    150.275    -1.4305   2.740933    -1.4307   2.741139    7.35852    -0.0784    13.8155 0.0000e+00  -63.57833  -60.57917 1154378019 212.856712    34.3430      59208         10  0.000e+00
    150.351    -1.4303   2.740969    -1.4309   2.741145    7.35855    -0.1004    13.8155 0.0000e+00  -63.57833  -60.57917 1154378019 212.856713    34.3433      59209         10  0.000e+00
    150.275    -1.4297   2.740985    -1.4306   2.741163    7.35837    -0.1004    13.8155 0.0000e+00  -63.57833  -60.57917 1154378019 212.856713    34.3429      59210         10  0.000e+00
    150.342    -1.4292   2.740992    -1.4302   2.741174    7.35836    -0.1004    13.8155 0.0000e+00  -63.57833  -60.57917 1154378019 212.856714    34.3424      59211         10  0.000e+00
    150.275    -1.4287   2.741044    -1.4301   2.741134    7.35817    -0.1886    13.8155 0.0000e+00  -63.57833  -60.57917 1154378019 212.856714    34.3425      59212         10  0.000e+00
    150.275    -1.4289   2.741074    -1.4303   2.741157    7.36302    -0.1445    13.8155 0.0000e+00  -63.57833  -60.57917 1154378019 212.856715    34.3432      59213         10  0.000e+00
    150.275    -1.4285   2.741067    -1.4300   2.741174    7.36295    -0.0894    13.8155 0.0000e+00  -63.57833  -60.57917 1154378019 212.856715    34.3426      59214         10  0.000e+00
    150.199    -1.4279   2.741093    -1.4304   2.741191    7.36277    -0.1114    13.8155 0.0000e+00  -63.57833  -60.57917 1154378019 212.856716    34.3423      59215         10  0.000e+00
    150.199    -1.4275   2.741103    -1.4295   2.741180    7.35788    -0.0564    13.8155 0.0000e+00  -63.57833  -60.57917 1154378019 212.856716    34.3420      59216         10  0.000e+00
    150.275    -1.4276   2.741073    -1.4299   2.741209    7.35799    -0.1445    13.8155 0.0000e+00  -63.57833  -60.57917 1154378019 212.856717    34.3416      59217         10  0.000e+00
    150.132    -1.4275   2.741073    -1.4303   2.741203    7.35783    -0.0784    13.8155 0.0000e+00  -63.57833  -60.57917 1154378019 212.856717    34.3417      59218         10  0.000e+00
    150.199    -1.4280   2.741064    -1.4310   2.741214    7.35798    -0.0343    13.8155 0.0000e+00  -63.57833  -60.57917 1154378019 212.856718    34.3420      59219         10  0.000e+00
    150.199    -1.4279   2.741096    -1.4307   2.741186    7.35794    -0.0123    13.8155 0.0000e+00  -63.57833  -60.57917 1154378019 212.856718    34.3423      59220         10  0.000e+00
    150.132    -1.4280   2.741087    -1.4310   2.741174    7.35789    -0.0564    13.8155 0.0000e+00  -63.57833  -60.57917 1154378019 212.856719    34.3424      59221         10  0.000e+00
    150.132    -1.4282   2.741064    -1.4304   2.741191    7.35793    -0.0784    13.8155 0.0000e+00  -63.57833  -60.57917 1154378019 212.856719    34.3423      59222         10  0.000e+00
    150.132    -1.4280   2.741044    -1.4305   2.741180    7.35793    -0.0233    13.8155 0.0000e+00  -63.57833  -60.57917 1154378019 212.856720    34.3419      59223         10  0.000e+00
    150.199    -1.4275   2.741070    -1.4304   2.741174    7.35790    -0.0784    13.8155 0.0000e+00  -63.57833  -60.57917 1154378019 212.856720    34.3416      59224         10  0.000e+00
    150.132    -1.4283   2.741083    -1.4304   2.741191    7.35794    -0.1445    13.8155 0.0000e+00  -63.57833  -60.57917 1154378019 212.856721    34.3427      59225         10  0.000e+00
    150.065    -1.4277   2.741067    -1.4303   2.741180    7.35780    -0.1445    13.8155 0.0000e+00  -63.57833  -60.57917 1154378019 212.856721    34.3418      59226         10  0.000e+00
    150.199    -1.4280   2.741041    -1.4313   2.741134    7.35799    -0.1445    13.8155 0.0000e+00  -63.57833  -60.57917 1154378019 212.856722    34.3417      59227         10  0.000e+00
    150.132    -1.4275   2.741037    -1.4315   2.741059    7.35786    -0.1665    13.8155 0.0000e+00  -63.57833  -60.57917 1154378020 212.856722    34.3412      59228         10  0.000e+00
    150.199    -1.4282   2.741037    -1.4319   2.741018    7.35803    -0.1004    13.8155 0.0000e+00  -63.57833  -60.57917 1154378020 212.856723    34.3419      59229         10  0.000e+00
    150.132    -1.4285   2.741054    -1.4316   2.741012    7.35799    -0.0894    13.8155 0.0000e+00  -63.57833  -60.57917 1154378020 212.856723    34.3425      59230         10  0.000e+00
    150.208    -1.4283   2.741044    -1.4321   2.740972    7.35805    -0.1004    13.8155 0.0000e+00  -63.57833  -60.57917 1154378020 212.856724    34.3421      59231         10  0.000e+00
    150.199    -1.4293   2.740952    -1.4338   2.740943    7.35825    -0.0343    13.8155 0.0000e+00  -63.57833  -60.57917 1154378020 212.856724    34.3420      59232         10  0.000e+00
    150.199    -1.4300   2.740910    -1.4336   2.740955    7.35839    -0.1004    13.8155 0.0000e+00  -63.57833  -60.57917 1154378020 212.856725    34.3422      59233         10  0.000e+00
    150.275    -1.4297   2.740926    -1.4327   2.740995    7.35841    -0.0784    13.8155 0.0000e+00  -63.57833  -60.57917 1154378020 212.856725    34.3420      59234         10  0.000e+00
    150.208    -1.4301   2.740942    -1.4352   2.740891    7.35838    -0.0784    13.8155 0.0000e+00  -63.57833  -60.57917 1154378020 212.856726    34.3427      59235         10  0.000e+00
    150.199    -1.4295   2.740936    -1.4385   2.740678    7.35830    -0.1225    13.8155 0.0000e+00  -63.57833  -60.57917 1154378020 212.856726    34.3420      59236         10  0.000e+00
    150.275    -1.4295   2.740913    -1.4405   2.740499    7.35839    -0.1335    13.8155 0.0000e+00  -63.57833  -60.57917 1154378020 212.856726    34.3417      59237         10  0.000e+00
    150.275    -1.4299   2.740887    -1.4420   2.740343    7.36329    -0.0564    13.8155 0.0000e+00  -63.57833  -60.57917 1154378020 212.856727    34.3417      59238         10  0.000e+00
    150.199    -1.4309   2.740883    -1.4433   2.740245    7.35854    -0.0784    13.8155 0.0000e+00  -63.57833  -60.57917 1154378020 212.856727    34.3429      59239         10  0.000e+00
    150.275    -1.4302   2.740847    -1.4436   2.740130    7.35854    -0.1114    13.8155 0.0000e+00  -63.57833  -60.57917 1154378020 212.856728    34.3415      59240         10  0.000e+00
    150.275    -1.4311   2.740805    -1.4436   2.740118    7.35870    -0.1225    13.8155 0.0000e+00  -63.57833  -60.57917 1154378020 212.856728    34.3419      59241         10  0.000e+00
    150.199    -1.4311   2.740831    -1.4433   2.740124    7.35860    -0.0784    13.8155 0.0000e+00  -63.57833  -60.57917 1154378020 212.856729    34.3424      59242         10  0.000e+00
    150.275    -1.4313   2.740788    -1.4431   2.740159    7.35874    -0.0564    13.8155 0.0000e+00  -63.57833  -60.57917 1154378020 212.856729    34.3419      59243         10  0.000e+00
    150.209    -1.4309   2.740723    -1.4433   2.740176    7.35867    -0.1225    13.8155 0.0000e+00  -63.57833  -60.57917 1154378020 212.856730    34.3407      59244         10  0.000e+00
    150.199    -1.4309   2.740677    -1.4428   2.740193    7.35869    -0.1886    13.8155 0.0000e+00  -63.57833  -60.57917 1154378020 212.856730    34.3401      59245         10  0.000e+00
    150.199    -1.4313   2.740661    -1.4410   2.740320    7.35875    -0.1004    13.8155 0.0000e+00  -63.57833  -60.57917 1154378020 212.856731    34.3402      59246         10  0.000e+00
    150.199    -1.4317   2.740661    -1.4401   2.740435    7.35881    -0.0564    13.8155 0.0000e+00  -63.57833  -60.57917 1154378020 212.856731    34.3407      59247         10  0.000e+00
    150.132    -1.4321   2.740615    -1.4407   2.740447    7.35885    -0.0564    13.8155 0.0000e+00  -63.57833  -60.57917 1154378020 212.856732    34.3406      59248         10  0.000e+00
    150.132    -1.4328   2.740631    -1.4407   2.740395    7.35894    -0.1225    13.8155 0.0000e+00  -63.57833  -60.57917 1154378020 212.856732    34.3416      59249         10  0.000e+00
    150.132    -1.4334   2.740572    -1.4408   2.740384    7.35906    -0.1225    13.8155 0.0000e+00  -63.57833  -60.57917 1154378020 212.856733    34.3415      59250         10  0.000e+00
    150.132    -1.4337   2.740588    -1.4413   2.740441    7.35911    -0.0894    13.8155 0.0000e+00  -63.57833  -60.57917 1154378020 212.856733    34.3421      59251         10  0.000e+00
    150.132    -1.4343   2.740611    -1.4414   2.740522    7.35917    -0.1225    13.8155 0.0000e+00  -63.57833  -60.57917 1154378021 212.856734    34.3431      59252         10  0.000e+00
    150.132    -1.4335   2.740618    -1.4403   2.740580    7.35905    -0.0784    13.8155 0.0000e+00  -63.57833  -60.57917 1154378021 212.856734    34.3423      59253         10  0.000e+00
    150.132    -1.4330   2.740638    -1.4387   2.740614    7.35896    -0.0233    13.8155 0.0000e+00  -63.57833  -60.57917 1154378021 212.856735    34.3419      59254         10  0.000e+00
    100.093    -1.5175   2.727379    -1.5167   2.727746    7.48360    -0.0343    13.8155 0.0000e+00  -63.57833  -60.57917 1154378118 212.857866    34.2876      61599         11  0.000e+00
    100.065    -1.5173   2.727399    -1.5170   2.727746    7.48351    -0.0343    13.8155 0.0000e+00  -63.57833  -60.57917 1154378118 212.857866    34.2876      61600         11  0.000e+00
     99.950    -1.5175   2.727386    -1.5173   2.727734    7.48344    -0.1445    13.8155 0.0000e+00  -63.57833  -60.57917 1154378118 212.857867    34.2877      61601         11  0.000e+00
     99.950    -1.5173   2.727412    -1.5172   2.727728    7.48339    -0.1004    13.8155 0.0000e+00  -63.57833  -60.57917 1154378118 212.857867    34.2878      61602         11  0.000e+00
     99.950    -1.5174   2.727392    -1.5173   2.727728    7.48823    -0.0784    13.8155 0.0000e+00  -63.57833  -60.57917 1154378118 212.857867    34.2877      61603         11  0.000e+00
     99.884    -1.5173   2.727399    -1.5170   2.727705    7.48813    -0.1004    13.8155 0.0000e+00  -63.57833  -60.57917 1154378119 212.857868    34.2877      61604         11  0.000e+00
     99.884    -1.5173   2.727366    -1.5169   2.727700    7.48816    -0.1004    13.8155 0.0000e+00  -63.57833  -60.57917 1154378119 212.857868    34.2872      61605         11  0.000e+00
     99.884    -1.5174   2.727392    -1.5175   2.727700    7.48335    -0.0894    13.8155 0.0000e+00  -63.57833  -60.57917 1154378119 212.857869    34.2877      61606         11  0.000e+00
     99.807    -1.5174   2.727370    -1.5172   2.727682    7.48329    -0.1004    13.8155 0.0000e+00  -63.57833  -60.57917 1154378119 212.857869    34.2875      61607         11  0.000e+00
     99.884    -1.5175   2.727356    -1.5169   2.727694    7.48339    -0.0894    13.8155 0.0000e+00  -63.57833  -60.57917 1154378119 212.857870    34.2873      61608         11  0.000e+00
     99.740    -1.5173   2.727356    -1.5182   2.727648    7.48321    -0.0564    13.8155 0.0000e+00  -63.57833  -60.57917 1154378119 212.857870    34.2872      61609         11  0.000e+00
     99.740    -1.5183   2.727340    -1.5195   2.727544    7.48338    -0.0564    13.8155 0.0000e+00  -63.57833  -60.57917 1154378119 212.857871    34.2882      61610         11  0.000e+00
     99.741    -1.5188   2.727284    -1.5199   2.727463    7.48349    -0.0123    13.8155 0.0000e+00  -63.57833  -60.57917 1154378119 212.857871    34.2879      61611         11  0.000e+00
     99.569    -1.5186   2.727288    -1.5208   2.727394    7.48329    -0.0343    13.8155 0.0000e+00  -63.57833  -60.57917 1154378119 212.857872    34.2879      61612         11  0.000e+00
     99.884    -1.5188   2.727144    -1.5208   2.727389    7.48374    -0.0894    13.8155 0.0000e+00  -63.57833  -60.57917 1154378119 212.857872    34.2859      61613         11  0.000e+00
     99.597    -1.5237   2.726778    -1.5199   2.727383    7.48446    -0.0564    13.8155 0.0000e+00  -63.57833  -60.57917 1154378119 212.857873    34.2867      61614         11  0.000e+00
     99.674    -1.5276   2.726611    -1.5198   2.727366    7.48525    -0.0564    13.8155 0.0000e+00  -63.57833  -60.57917 1154378119 212.857873    34.2888      61615         11  0.000e+00
     99.597    -1.5265   2.726608    -1.5222   2.727279    7.48500    -0.0564    13.8155 0.0000e+00  -63.57833  -60.57917 1154378119 212.857874    34.2875      61616         11  0.000e+00
     99.531    -1.5268   2.726474    -1.5243   2.727164    7.48508    -0.0233    13.8155 0.0000e+00  -63.57833  -60.57917 1154378119 212.857874    34.2861      61617         11  0.000e+00
     99.531    -1.5308   2.726022    -1.5248   2.727101    7.48601    -0.0123    13.8155 0.0000e+00  -63.57833  -60.57917 1154378119 212.857875    34.2844      61618         11  0.000e+00
