product_data/regression_test/downloaded_data/MGDS/320620060703/ctd/p6623103.ros
* Sea-Bird SBE 9 Data File:
* FileName = D:\Data\Raw\p6623103.dat
* Software Version Seasave Win32 V 5.32
* Temperature SN = 1649
* Conductivity SN = 1431
* Number of Bytes Per Scan = 37
* Number of Voltage Words = 5
* Number of Scans Averaged by the Deck Unit = 1
* NMEA Latitude = 61 55.05 S
* NMEA Longitude = 053 03.29 W
* NMEA UTC (Time) = 04:30:49
** Ship:   Nathaniel B. Palmer 
** Cruise:    NBP0606 
# nquan = 17
# nvalues = 1176                    
# units = specified
# name 0 = prDM: Pressure, Digiquartz [db]
# name 1 = t090C: Temperature [ITS-90, deg C]
# name 2 = c0S/m: Conductivity [S/m]
# name 3 = t190C: Temperature, 2 [ITS-90, deg C]
# name 4 = c1S/m: Conductivity, 2 [S/m]
# name 5 = sbeox0ML/L: Oxygen, SBE 43 [ml/l]
# name 6 = flECO-AFL: Fluorescence, Wetlab ECO-AFL/FL [mg/m^3]
# name 7 = bat: Beam Attenuation, Chelsea/Seatech/Wetlab CStar [1/m]
# name 8 = spar: SPAR/Surface Irradiance
# name 9 = latitude: Latitude [deg]
# name 10 = longitude: Longitude [deg]
# name 11 = timeY: Time, System [seconds]
# name 12 = timeJ: Julian Days
# name 13 = sal00: Salinity [PSU]
# name 14 = scan: scan number
# name 15 = nbf: number of bottles fired
# name 16 = flag:  0.000e+00
# interval = seconds: 0.0416667                   
# start_time = Aug 07 2006 04:32:17
*END*
[from data line 511]
    350.249    -1.0912   2.790169    -1.1010   2.789603    6.58036    -0.2106    13.8155 0.0000e+00  -61.91750  -53.05483 1154929643 219.241258    34.5044     108186         11  0.000e+00
    350.325    -1.0932   2.790205    -1.0920   2.790341    6.58068    -0.1555    13.8155 0.0000e+00  -61.91750  -53.05483 1154929643 219.241259    34.5071     108187         11  0.000e+00
    350.249    -1.0915   2.790215    -1.0869   2.790684    6.58038    -0.1004    13.8155 0.0000e+00  -61.91750  -53.05483 1154929643 219.241259    34.5054     108188         11  0.000e+00
    350.249    -1.0929   2.790113    -1.0834   2.790655    6.58062    -0.0674    13.8155 0.0000e+00  -61.91750  -53.05483 1154929643 219.241260    34.5055     108189         11  0.000e+00
    350.249    -1.0970   2.789977    -1.0814   2.790713    6.58126    -0.0454    13.8155 0.0000e+00  -61.91750  -53.05483 1154929643 219.241260    34.5084     108190         11  0.000e+00
    350.239    -1.0989   2.789822    -1.0802   2.790957    6.58161    -0.0894    13.8155 0.0000e+00  -61.91750  -53.05483 1154929643 219.241261    34.5085     108191         11  0.000e+00
    350.249    -1.0986   2.789703    -1.0791   2.791311    6.58165    -0.1225    13.8155 0.0000e+00  -61.91750  -53.05483 1154929643 219.241261    34.5065     108192         11  0.000e+00
    350.249    -1.1019   2.789558    -1.0794   2.791544    6.58219    -0.0784    13.8155 0.0000e+00  -61.91750  -53.05483 1154929643 219.241262    34.5083     108193         11  0.000e+00
    350.182    -1.1030   2.789399    -1.0826   2.791526    6.58238    -0.0784    13.8155 0.0000e+00  -61.91750  -53.05483 1154929643 219.241262    34.5075     108194         11  0.000e+00
    350.249    -1.1010   2.789323    -1.0860   2.791329    6.58222    -0.1114    13.8155 0.0000e+00  -61.91750  -53.05483 1154929643 219.241263    34.5041     108195         11  0.000e+00
    350.182    -1.1005   2.789231    -1.0884   2.791131    6.58214    -0.1225    13.8155 0.0000e+00  -61.91750  -53.05483 1154929644 219.241263    34.5023     108196         11  0.000e+00
    350.239    -1.1034   2.789122    -1.0894   2.790963    6.58265    -0.1335    13.8155 0.0000e+00  -61.91750  -53.05483 1154929644 219.241264    34.5040     108197         11  0.000e+00
    350.182    -1.1050   2.789162    -1.0906   2.790701    6.58771    -0.0674    13.8155 0.0000e+00  -61.91750  -53.05483 1154929644 219.241264    34.5065     108198         11  0.000e+00
    350.182    -1.1061   2.789211    -1.0966   2.790231    6.58292    -0.0233    13.8155 0.0000e+00  -61.91750  -53.05483 1154929644 219.241264    34.5085     108199         11  0.000e+00
    350.182    -1.1052   2.789360    -1.1009   2.789760    6.58270    -0.0343    13.8155 0.0000e+00  -61.91750  -53.05483 1154929644 219.241265    34.5094     108200         11  0.000e+00
    350.182    -1.1015   2.789508    -1.1045   2.789453    6.58210    -0.0894    13.8155 0.0000e+00  -61.91750  -53.05483 1154929644 219.241265    34.5072     108201         11  0.000e+00
    350.182    -1.0987   2.789607    -1.1091   2.789162    6.58166    -0.1335    13.8155 0.0000e+00  -61.91750  -53.05483 1154929644 219.241266    34.5053     108202         11  0.000e+00
    350.172    -1.0997   2.789690    -1.1071   2.789011    6.58173    -0.0343    13.8155 0.0000e+00  -61.91750  -53.05483 1154929644 219.241266    34.5076     108203         11  0.000e+00
    350.182    -1.1004   2.789753    -1.1076   2.789023    6.58671    -0.0233    13.8155 0.0000e+00  -61.91750  -53.05483 1154929644 219.241267    34.5093     108204         11  0.000e+00
    350.115    -1.0999   2.789799    -1.1061   2.789180    6.58165    -0.0674    13.8155 0.0000e+00  -61.91750  -53.05483 1154929644 219.241267    34.5094     108205         11  0.000e+00
    349.971    -1.0997   2.789878    -1.1058   2.789302    6.58636    -0.0564    13.8155 0.0000e+00  -61.91750  -53.05483 1154929644 219.241268    34.5104     108206         11  0.000e+00
    350.326    -1.1006   2.790034    -1.1045   2.789389    6.58179    -0.0233    13.8155 0.0000e+00  -61.91750  -53.05483 1154929644 219.241268    34.5132     108207         11  0.000e+00
    350.115    -1.1012   2.790258    -1.1072   2.789348    6.58645    -0.0784    13.8155 0.0000e+00  -61.91750  -53.05483 1154929644 219.241269    34.5171     108208         11  0.000e+00
    350.105    -1.0993   2.790489    -1.1134   2.789058    6.58605    -0.1445    13.8155 0.0000e+00  -61.91750  -53.05483 1154929644 219.241269    34.5182     108209         11  0.000e+00
    350.115    -1.0962   2.790582    -1.1183   2.788680    6.58557    -0.1114    13.8155 0.0000e+00  -61.91750  -53.05483 1154929644 219.241270    34.5158     108210         11  0.000e+00
    350.115    -1.0939   2.790661    -1.1197   2.788343    6.58522    -0.1996    13.8155 0.0000e+00  -61.91750  -53.05483 1154929644 219.241270    34.5143     108211         11  0.000e+00
    350.115    -1.0925   2.790701    -1.1194   2.788024    6.58008    -0.1555    13.8155 0.0000e+00  -61.91750  -53.05483 1154929644 219.241271    34.5132     108212         11  0.000e+00
    350.115    -1.0919   2.790754    -1.1202   2.787966    6.57997    -0.1114    13.8155 0.0000e+00  -61.91750  -53.05483 1154929644 219.241271    34.5133     108213         11  0.000e+00
    301.575    -1.4842   2.752878    -1.4859   2.752961    6.91341    -0.0674    13.8155 0.0000e+00  -61.91750  -53.05483 1154929711 219.242050    34.4746     109827         12  0.000e+00
    301.479    -1.4841   2.752848    -1.4864   2.752943    6.91332    -0.0674    13.8155 0.0000e+00  -61.91750  -53.05483 1154929712 219.242050    34.4742     109828         12  0.000e+00
    301.613    -1.4848   2.752776    -1.4870   2.752944    6.91360    -0.0564    13.8155 0.0000e+00  -61.91750  -53.05483 1154929712 219.242051    34.4739     109829         12  0.000e+00
    301.575    -1.4856   2.752714    -1.4862   2.752909    6.91865    -0.0123    13.8155 0.0000e+00  -61.91750  -53.05483 1154929712 219.242051    34.4740     109830         12  0.000e+00
    301.546    -1.4860   2.752691    -1.4854   2.752897    6.91375    -0.1004    13.8155 0.0000e+00  -61.91750  -53.05483 1154929712 219.242052    34.4741     109831         12  0.000e+00
    301.613    -1.4855   2.752622    -1.4848   2.752897    6.91379    -0.1225    13.8155 0.0000e+00  -61.91750  -53.05483 1154929712 219.242052    34.4725     109832         12  0.000e+00
    301.575    -1.4867   2.752615    -1.4850   2.752891    6.91393    -0.1225    13.8155 0.0000e+00  -61.91750  -53.05483 1154929712 219.242052    34.4739     109833         12  0.000e+00
    301.479    -1.4873   2.752606    -1.4857   2.752932    6.91394    -0.1775    13.8155 0.0000e+00  -61.91750  -53.05483 1154929712 219.242053    34.4745     109834         12  0.000e+00
    301.546    -1.4881   2.752602    -1.4856   2.752949    6.91412    -0.1225    13.8155 0.0000e+00  -61.91750  -53.05483 1154929712 219.242053    34.4753     109835         12  0.000e+00
    301.498    -1.4879   2.752550    -1.4853   2.752967    6.91408    -0.1004    13.8155 0.0000e+00  -61.91750  -53.05483 1154929712 219.242054    34.4744     109836         12  0.000e+00
    301.546    -1.4881   2.752533    -1.4848   2.752972    6.91416    -0.1335    13.8155 0.0000e+00  -61.91750  -53.05483 1154929712 219.242054    34.4744     109837         12  0.000e+00
    301.546    -1.4882   2.752500    -1.4842   2.753007    6.91420    -0.1114    13.8155 0.0000e+00  -61.91750  -53.05483 1154929712 219.242055    34.4741     109838         12  0.000e+00
    301.431    -1.4878   2.752507    -1.4833   2.753019    6.91402    -0.0784    13.8155 0.0000e+00  -61.91750  -53.05483 1154929712 219.242055    34.4737     109839         12  0.000e+00
    301.546    -1.4886   2.752494    -1.4844   2.753065    6.91426    -0.1114    13.8155 0.0000e+00  -61.91750  -53.05483 1154929712 219.242056    34.4744     109840         12  0.000e+00
    301.479    -1.4889   2.752389    -1.4837   2.753082    6.91430    -0.1555    13.8155 0.0000e+00  -61.91750  -53.05483 1154929712 219.242056    34.4733     109841         12  0.000e+00
    301.498    -1.4895   2.752409    -1.4837   2.753111    6.91439    -0.1555    13.8155 0.0000e+00  -61.91750  -53.05483 1154929712 219.242057    34.4743     109842         12  0.000e+00
    301.479    -1.4886   2.752474    -1.4841   2.753128    6.91421    -0.1004    13.8155 0.0000e+00  -61.91750  -53.05483 1154929712 219.242057    34.4742     109843         12  0.000e+00
    301.479    -1.4881   2.752471    -1.4842   2.753094    6.91414    -0.1335    13.8155 0.0000e+00  -61.91750  -53.05483 1154929712 219.242058    34.4735     109844         12  0.000e+00
    301.431    -1.4882   2.752540    -1.4833   2.753100    6.91407    -0.1555    13.8155 0.0000e+00  -61.91750  -53.05483 1154929712 219.242058    34.4747     109845         12  0.000e+00
    301.479    -1.4890   2.752527    -1.4833   2.753123    6.91423    -0.0784    13.8155 0.0000e+00  -61.91750  -53.05483 1154929712 219.242059    34.4754     109846         12  0.000e+00
    301.403    -1.4886   2.752514    -1.4833   2.753123    6.91410    -0.0894    13.8155 0.0000e+00  -61.91750  -53.05483 1154929712 219.242059    34.4747     109847         12  0.000e+00
    301.431    -1.4884   2.752494    -1.4834   2.753088    6.91412    -0.1445    13.8155 0.0000e+00  -61.91750  -53.05483 1154929712 219.242060    34.4742     109848         12  0.000e+00
    301.479    -1.4894   2.752441    -1.4831   2.753082    6.91927    -0.1775    13.8155 0.0000e+00  -61.91750  -53.05483 1154929712 219.242060    34.4746     109849         12  0.000e+00
    301.403    -1.4892   2.752438    -1.4831   2.753100    6.91917    -0.1665    13.8155 0.0000e+00  -61.91750  -53.05483 1154929712 219.242061    34.4744     109850         12  0.000e+00
    301.431    -1.4892   2.752494    -1.4831   2.753140    6.91916    -0.1445    13.8155 0.0000e+00  -61.91750  -53.05483 1154929712 219.242061    34.4751     109851         12  0.000e+00
    301.403    -1.4881   2.752543    -1.4828   2.753152    6.91895    -0.0784    13.8155 0.0000e+00  -61.91750  -53.05483 1154929712 219.242062    34.4746     109852         12  0.000e+00
    301.403    -1.4869   2.752537    -1.4836   2.753175    6.91878    -0.1004    13.8155 0.0000e+00  -61.91750  -53.05483 1154929713 219.242062    34.4731     109853         12  0.000e+00
    301.432    -1.4869   2.752517    -1.4836   2.753186    6.91388    -0.1114    13.8155 0.0000e+00  -61.91750  -53.05483 1154929713 219.242063    34.4728     109854         12  0.000e+00
    301.403    -1.4884   2.752477    -1.4836   2.753204    6.91410    -0.1004    13.8155 0.0000e+00  -61.91750  -53.05483 1154929713 219.242063    34.4740     109855         12  0.000e+00
    301.403    -1.4887   2.752500    -1.4844   2.753204    6.91907    -0.0784    13.8155 0.0000e+00  -61.91750  -53.05483 1154929713 219.242064    34.4747     109856         12  0.000e+00
    301.365    -1.4876   2.752543    -1.4842   2.753111    6.91884    -0.0564    13.8155 0.0000e+00  -61.91750  -53.05483 1154929713 219.242064    34.4741     109857         12  0.000e+00
    301.403    -1.4859   2.752605    -1.4857   2.753019    6.91859    -0.0343    13.8155 0.0000e+00  -61.91750  -53.05483 1154929713 219.242065    34.4729     109858         12  0.000e+00
    301.336    -1.4844   2.752688    -1.4879   2.752938    6.91826    -0.0784    13.8155 0.0000e+00  -61.91750  -53.05483 1154929713 219.242065    34.4724     109859         12  0.000e+00
    301.365    -1.4832   2.752717    -1.4892   2.752955    6.91809    -0.1225    13.8155 0.0000e+00  -61.91750  -53.05483 1154929713 219.242065    34.4713     109860         12  0.000e+00
    301.336    -1.4836   2.752711    -1.4885   2.752990    6.91813    -0.1225    13.8155 0.0000e+00  -61.91750  -53.05483 1154929713 219.242066    34.4718     109861         12  0.000e+00
    301.336    -1.4841   2.752727    -1.4889   2.752938    6.91819    -0.0674    13.8155 0.0000e+00  -61.91750  -53.05483 1154929713 219.242066    34.4726     109862         12  0.000e+00
    301.365    -1.4838   2.752766    -1.4882   2.752938    6.91814    -0.0784    13.8155 0.0000e+00  -61.91750  -53.05483 1154929713 219.242067    34.4727     109863         12  0.000e+00
    301.336    -1.4842   2.752829    -1.4867   2.752967    6.91814    -0.1445    13.8155 0.0000e+00  -61.91750  -53.05483 1154929713 219.242067    34.4741     109864         12  0.000e+00
    301.336    -1.4832   2.752809    -1.4851   2.753024    6.91801    -0.1665    13.8155 0.0000e+00  -61.91750  -53.05483 1154929713 219.242068    34.4727     109865         12  0.000e+00
    301.365    -1.4836   2.752783    -1.4824   2.753111    6.91811    -0.0674    13.8155 0.0000e+00  -61.91750  -53.05483 1154929713 219.242068    34.4728     109866         12  0.000e+00
    301.269    -1.4833   2.752760    -1.4806   2.753227    6.91306    -0.0233    13.8155 0.0000e+00  -61.91750  -53.05483 1154929713 219.242069    34.4721     109867         12  0.000e+00
    301.336    -1.4838   2.752737    -1.4801   2.753319    6.91814    -0.0564    13.8155 0.0000e+00  -61.91750  -53.05483 1154929713 219.242069    34.4724     109868         12  0.000e+00
    301.288    -1.4847   2.752684    -1.4819   2.753313    6.91826    -0.1225    13.8155 0.0000e+00  -61.91750  -53.05483 1154929713 219.242070    34.4727     109869         12  0.000e+00
    301.269    -1.4847   2.752599    -1.4814   2.753273    6.91830    -0.0233    13.8155 0.0000e+00  -61.91750  -53.05483 1154929713 219.242070    34.4715     109870         12  0.000e+00
    301.336    -1.4872   2.752494    -1.4815   2.753279    6.91879     0.0648    13.8155 0.0000e+00  -61.91750  -53.05483 1154929713 219.242071    34.4729     109871         12  0.000e+00
    301.288    -1.4879   2.752484    -1.4845   2.753227    6.91885    -0.0013    13.8155 0.0000e+00  -61.91750  -53.05483 1154929713 219.242071    34.4736     109872         12  0.000e+00
    301.269    -1.4879   2.752491    -1.4861   2.753111    6.91883    -0.0343    13.8155 0.0000e+00  -61.91750  -53.05483 1154929713 219.242072    34.4737     109873         12  0.000e+00
    301.269    -1.4871   2.752556    -1.4859   2.753071    6.91866     0.0097    13.8155 0.0000e+00  -61.91750  -53.05483 1154929713 219.242072    34.4736     109874         12  0.000e+00
    301.221    -1.4855   2.752727    -1.4834   2.753134    6.91827     0.0097    13.8155 0.0000e+00  -61.91750  -53.05483 1154929713 219.242073    34.4742     109875         12  0.000e+00
    300.420    -1.4884   2.752264    -1.4926   2.752302    6.91823    -0.0894    13.8155 0.0000e+00  -61.91750  -53.05483 1154929719 219.242132    34.4717     109998         13  0.000e+00
    300.353    -1.4881   2.752234    -1.4935   2.752273    6.91814    -0.0894    13.8155 0.0000e+00  -61.91750  -53.05483 1154929719 219.242133    34.4710     109999         13  0.000e+00
    300.353    -1.4881   2.752139    -1.4929   2.752279    6.91820    -0.1004    13.8155 0.0000e+00  -61.91750  -53.05483 1154929719 219.242133    34.4697     110000         13  0.000e+00
    300.372    -1.4901   2.752063    -1.4932   2.752250    6.91856    -0.0674    13.8155 0.0000e+00  -61.91750  -53.05483 1154929719 219.242133    34.4709     110001         13  0.000e+00
    300.353    -1.4927   2.751985    -1.4926   2.752308    6.91896    -0.1886    13.8155 0.0000e+00  -61.91750  -53.05483 1154929719 219.242134    34.4729     110002         13  0.000e+00
    300.277    -1.4937   2.751958    -1.4926   2.752302    6.91904    -0.1775    13.8155 0.0000e+00  -61.91750  -53.05483 1154929719 219.242134    34.4736     110003         13  0.000e+00
    300.372    -1.4939   2.751890    -1.4926   2.752290    6.91922    -0.0343    13.8155 0.0000e+00  -61.91750  -53.05483 1154929719 219.242135    34.4730     110004         13  0.000e+00
