product_data/regression_test/downloaded_data/MGDS/320620060703/ctd/p6620301.ros
* Sea-Bird SBE 9 Data File:
* FileName = D:\Data\Raw\p6620301.dat
* Software Version Seasave Win32 V 5.32
* Temperature SN = 1649
* Conductivity SN = 1431
* Number of Bytes Per Scan = 37
* Number of Voltage Words = 5
* Number of Scans Averaged by the Deck Unit = 1
* NMEA Latitude = 64 28.09 S
* NMEA Longitude = 061 55.02 W
* NMEA UTC (Time) = 04:29:14
** Ship:   Nathaniel B. Palmer 
** Cruise:    NBP0606 
# nquan = 17
# nvalues = 1176                    
# units = specified
# name 0 = prDM: Pressure, Digiquartz [db]
# name 1 = t090C: Temperature [ITS-90, deg C]
# name 2 = c0S/m: Conductivity [S/m]
# name 3 = t190C: Temperature, 2 [ITS-90, deg C]
# name 4 = c1S/m: Conductivity, 2 [S/m]
# name 5 = sbeox0ML/L: Oxygen, SBE 43 [ml/l]
# name 6 = flECO-AFL: Fluorescence, Wetlab ECO-AFL/FL [mg/m^3]
# name 7 = bat: Beam Attenuation, Chelsea/Seatech/Wetlab CStar [1/m]
# name 8 = spar: SPAR/Surface Irradiance
# name 9 = latitude: Latitude [deg]
# name 10 = longitude: Longitude [deg]
# name 11 = timeY: Time, System [seconds]
# name 12 = timeJ: Julian Days
# name 13 = sal00: Salinity [PSU]
# name 14 = scan: scan number
# name 15 = nbf: number of bottles fired
# name 16 = flag:  0.000e+00
# interval = seconds: 0.0416667                   
# start_time = Jul 28 2006 04:29:23
*END*
    468.202     0.0447   2.891247     0.0450   2.891504    5.98544    -0.0894    13.8155 0.0000e+00  -64.46817  -61.91700 1154061709 209.195713    34.5015      17919          1  0.000e+00
    468.250     0.0449   2.891247     0.0445   2.891510    5.98060    -0.1004    13.8155 0.0000e+00  -64.46817  -61.91700 1154061709 209.195713    34.5013      17920          1  0.000e+00
    468.202     0.0446   2.891267     0.0448   2.891510    5.98544    -0.0894    13.8155 0.0000e+00  -64.46817  -61.91700 1154061709 209.195714    34.5019      17921          1  0.000e+00
    468.202     0.0447   2.891263     0.0450   2.891528    5.98057    -0.1004    13.8155 0.0000e+00  -64.46817  -61.91700 1154061709 209.195714    34.5017      17922          1  0.000e+00
    468.270     0.0446   2.891270     0.0450   2.891516    5.98550    -0.1114    13.8155 0.0000e+00  -64.46817  -61.91700 1154061709 209.195715    34.5019      17923          1  0.000e+00
    468.202     0.0447   2.891273     0.0440   2.891510    5.98057    -0.0784    13.8155 0.0000e+00  -64.46817  -61.91700 1154061709 209.195715    34.5018      17924          1  0.000e+00
    468.202     0.0446   2.891253     0.0442   2.891510    5.98545    -0.1004    13.8155 0.0000e+00  -64.46817  -61.91700 1154061709 209.195716    34.5017      17925          1  0.000e+00
    468.270     0.0444   2.891223     0.0448   2.891492    5.98554    -0.0454    13.8155 0.0000e+00  -64.46817  -61.91700 1154061709 209.195716    34.5014      17926          1  0.000e+00
    468.202     0.0446   2.891257     0.0448   2.891522    5.98545    -0.0784    13.8155 0.0000e+00  -64.46817  -61.91700 1154061709 209.195717    34.5018      17927          1  0.000e+00
    468.250     0.0444   2.891273     0.0446   2.891498    5.98550     0.0097    13.8155 0.0000e+00  -64.46817  -61.91700 1154061709 209.195717    34.5021      17928          1  0.000e+00
    468.202     0.0444   2.891273     0.0443   2.891498    5.98546    -0.0233    13.8155 0.0000e+00  -64.46817  -61.91700 1154061709 209.195718    34.5021      17929          1  0.000e+00
    468.202     0.0442   2.891247     0.0445   2.891504    5.98549    -0.1445    13.8155 0.0000e+00  -64.46817  -61.91700 1154061709 209.195718    34.5020      17930          1  0.000e+00
    468.270     0.0442   2.891247     0.0445   2.891510    5.98555    -0.1555    13.8155 0.0000e+00  -64.46817  -61.91700 1154061709 209.195719    34.5019      17931          1  0.000e+00
    468.202     0.0444   2.891267     0.0446   2.891510    5.98546    -0.1445    13.8155 0.0000e+00  -64.46817  -61.91700 1154061709 209.195719    34.5021      17932          1  0.000e+00
    468.270     0.0447   2.891273     0.0446   2.891510    5.98548    -0.0343    13.8155 0.0000e+00  -64.46817  -61.91700 1154061709 209.195720    34.5018      17933          1  0.000e+00
    468.270     0.0446   2.891263     0.0446   2.891510    5.98550    -0.0784    13.8155 0.0000e+00  -64.46817  -61.91700 1154061709 209.195720    34.5018      17934          1  0.000e+00
    468.202     0.0446   2.891253     0.0440   2.891510    5.98545    -0.1665    13.8155 0.0000e+00  -64.46817  -61.91700 1154061709 209.195720    34.5017      17935          1  0.000e+00
    468.318     0.0442   2.891267     0.0446   2.891510    5.98558    -0.0894    13.8155 0.0000e+00  -64.46817  -61.91700 1154061709 209.195721    34.5022      17936          1  0.000e+00
    468.270     0.0442   2.891247     0.0448   2.891492    5.98555    -0.0674    13.8155 0.0000e+00  -64.46817  -61.91700 1154061709 209.195721    34.5019      17937          1  0.000e+00
    468.202     0.0446   2.891263     0.0443   2.891504    5.98544    -0.0784    13.8155 0.0000e+00  -64.46817  -61.91700 1154061709 209.195722    34.5019      17938          1  0.000e+00
    468.337     0.0446   2.891273     0.0446   2.891492    5.98555    -0.0674    13.8155 0.0000e+00  -64.46817  -61.91700 1154061709 209.195722    34.5019      17939          1  0.000e+00
    468.270     0.0446   2.891253     0.0445   2.891504    5.98065    -0.0784    13.8155 0.0000e+00  -64.46817  -61.91700 1154061709 209.195723    34.5017      17940          1  0.000e+00
    468.270     0.0446   2.891240     0.0446   2.891481    5.98551    -0.0894    13.8155 0.0000e+00  -64.46817  -61.91700 1154061709 209.195723    34.5015      17941          1  0.000e+00
    468.337     0.0442   2.891210     0.0446   2.891498    5.98562    -0.1114    13.8155 0.0000e+00  -64.46817  -61.91700 1154061709 209.195724    34.5014      17942          1  0.000e+00
    468.250     0.0446   2.891220     0.0450   2.891492    5.98551    -0.1114    13.8155 0.0000e+00  -64.46817  -61.91700 1154061709 209.195724    34.5012      17943          1  0.000e+00
    468.413     0.0442   2.891226     0.0445   2.891504    5.98568    -0.1665    13.8155 0.0000e+00  -64.46817  -61.91700 1154061709 209.195725    34.5016      17944          1  0.000e+00
    468.126     0.0446   2.891253     0.0443   2.891469    5.98539    -0.1445    13.8155 0.0000e+00  -64.46817  -61.91700 1154061709 209.195725    34.5018      17945          1  0.000e+00
    468.481     0.0444   2.891233     0.0446   2.891516    5.98571    -0.0454    13.8155 0.0000e+00  -64.46817  -61.91700 1154061709 209.195726    34.5014      17946          1  0.000e+00
    468.202     0.0441   2.891243     0.0448   2.891516    5.98551     0.0207    13.8155 0.0000e+00  -64.46817  -61.91700 1154061709 209.195726    34.5021      17947          1  0.000e+00
    468.413     0.0441   2.891267     0.0448   2.891510    5.98567    -0.0454    13.8155 0.0000e+00  -64.46817  -61.91700 1154061709 209.195727    34.5023      17948          1  0.000e+00
    468.413     0.0446   2.891263     0.0448   2.891492    5.98077    -0.0343    13.8155 0.0000e+00  -64.46817  -61.91700 1154061709 209.195727    34.5017      17949          1  0.000e+00
    468.269     0.0442   2.891253     0.0446   2.891486    5.98069    -0.0343    13.8155 0.0000e+00  -64.46817  -61.91700 1154061709 209.195728    34.5020      17950          1  0.000e+00
    468.461     0.0442   2.891230     0.0445   2.891522    5.98572    -0.0233    13.8155 0.0000e+00  -64.46817  -61.91700 1154061709 209.195728    34.5016      17951          1  0.000e+00
    468.337     0.0442   2.891216     0.0453   2.891516    5.98562    -0.0454    13.8155 0.0000e+00  -64.46817  -61.91700 1154061709 209.195729    34.5015      17952          1  0.000e+00
    468.337     0.0442   2.891223     0.0446   2.891528    5.98562    -0.0013    13.8155 0.0000e+00  -64.46817  -61.91700 1154061709 209.195729    34.5016      17953          1  0.000e+00
    468.413     0.0449   2.891243     0.0445   2.891516    5.98559     0.0538    13.8155 0.0000e+00  -64.46817  -61.91700 1154061709 209.195730    34.5011      17954          1  0.000e+00
    468.413     0.0436   2.891213     0.0450   2.891510    5.98576     0.0207    13.8155 0.0000e+00  -64.46817  -61.91700 1154061709 209.195730    34.5021      17955          1  0.000e+00
    468.413     0.0446   2.891230     0.0446   2.891510    5.98564    -0.1004    13.8155 0.0000e+00  -64.46817  -61.91700 1154061709 209.195731    34.5013      17956          1  0.000e+00
    468.481     0.0442   2.891263     0.0451   2.891510    5.98571    -0.1004    13.8155 0.0000e+00  -64.46817  -61.91700 1154061709 209.195731    34.5020      17957          1  0.000e+00
    468.413     0.0442   2.891253     0.0446   2.891510    5.98566    -0.0564    13.8155 0.0000e+00  -64.46817  -61.91700 1154061709 209.195732    34.5019      17958          1  0.000e+00
    468.461     0.0442   2.891250     0.0446   2.891528    5.98570    -0.0123    13.8155 0.0000e+00  -64.46817  -61.91700 1154061709 209.195732    34.5019      17959          1  0.000e+00
    468.480     0.0447   2.891260     0.0446   2.891516    5.98566    -0.0123    13.8155 0.0000e+00  -64.46817  -61.91700 1154061709 209.195733    34.5015      17960          1  0.000e+00
    468.413     0.0444   2.891253     0.0446   2.891528    5.98564     0.0428    13.8155 0.0000e+00  -64.46817  -61.91700 1154061709 209.195733    34.5018      17961          1  0.000e+00
    468.480     0.0446   2.891284     0.0448   2.891539    5.98566     0.0428    13.8155 0.0000e+00  -64.46817  -61.91700 1154061709 209.195734    34.5020      17962          1  0.000e+00
    468.480     0.0447   2.891226     0.0448   2.891498    5.98568    -0.0784    13.8155 0.0000e+00  -64.46817  -61.91700 1154061709 209.195734    34.5010      17963          1  0.000e+00
    468.480     0.0447   2.891247     0.0443   2.891463    5.98081    -0.1775    13.8155 0.0000e+00  -64.46817  -61.91700 1154061709 209.195734    34.5013      17964          1  0.000e+00
    468.557     0.0442   2.891270     0.0446   2.891492    5.98092    -0.1665    13.8155 0.0000e+00  -64.46817  -61.91700 1154061709 209.195735    34.5021      17965          1  0.000e+00
    468.480     0.0447   2.891237     0.0448   2.891504    5.98082    -0.0343    13.8155 0.0000e+00  -64.46817  -61.91700 1154061710 209.195735    34.5012      17966          1  0.000e+00
    468.528     0.0447   2.891253     0.0448   2.891492    5.98570    -0.0343    13.8155 0.0000e+00  -64.46817  -61.91700 1154061710 209.195736    34.5014      17967          1  0.000e+00
    468.604     0.0444   2.891263     0.0446   2.891528    5.97609    -0.0784    13.8155 0.0000e+00  -64.46817  -61.91700 1154061716 209.195815    34.5018      18132          2  0.000e+00
    468.767     0.0447   2.891304     0.0445   2.891540    5.98102    -0.0343    13.8155 0.0000e+00  -64.46817  -61.91700 1154061716 209.195816    34.5019      18133          2  0.000e+00
    468.767     0.0446   2.891267     0.0450   2.891475    5.98106    -0.0674    13.8155 0.0000e+00  -64.46817  -61.91700 1154061717 209.195816    34.5016      18134          2  0.000e+00
    468.623     0.0449   2.891267     0.0445   2.891492    5.97605    -0.1004    13.8155 0.0000e+00  -64.46817  -61.91700 1154061718 209.195817    34.5013      18135          2  0.000e+00
    468.767     0.0449   2.891263     0.0445   2.891504    5.97617    -0.1114    13.8155 0.0000e+00  -64.46817  -61.91700 1154061718 209.195817    34.5012      18136          2  0.000e+00
    468.690     0.0444   2.891320     0.0445   2.891487    5.97613    -0.1004    13.8155 0.0000e+00  -64.46817  -61.91700 1154061718 209.195818    34.5025      18137          2  0.000e+00
    468.690     0.0442   2.891290     0.0446   2.891522    5.97617    -0.0784    13.8155 0.0000e+00  -64.46817  -61.91700 1154061718 209.195818    34.5023      18138          2  0.000e+00
    468.738     0.0452   2.891290     0.0446   2.891539    5.98095    -0.1004    13.8155 0.0000e+00  -64.46817  -61.91700 1154061718 209.195819    34.5012      18139          2  0.000e+00
    468.690     0.0447   2.891270     0.0448   2.891539    5.98098    -0.0894    13.8155 0.0000e+00  -64.46817  -61.91700 1154061718 209.195819    34.5015      18140          2  0.000e+00
    468.690     0.0447   2.891287     0.0450   2.891498    5.97611     0.0207    13.8155 0.0000e+00  -64.46817  -61.91700 1154061718 209.195820    34.5017      18141          2  0.000e+00
    468.767     0.0446   2.891297     0.0443   2.891522    5.97619    -0.0564    13.8155 0.0000e+00  -64.46817  -61.91700 1154061718 209.195820    34.5020      18142          2  0.000e+00
    468.690     0.0447   2.891277     0.0448   2.891539    5.98097    -0.0564    13.8155 0.0000e+00  -64.46817  -61.91700 1154061718 209.195821    34.5016      18143          2  0.000e+00
    468.767     0.0446   2.891263     0.0446   2.891540    5.98106    -0.0674    13.8155 0.0000e+00  -64.46817  -61.91700 1154061718 209.195821    34.5015      18144          2  0.000e+00
    468.623     0.0444   2.891270     0.0445   2.891516    5.98095    -0.0894    13.8155 0.0000e+00  -64.46817  -61.91700 1154061718 209.195822    34.5019      18145          2  0.000e+00
    468.834     0.0447   2.891307     0.0448   2.891551    5.97622    -0.1004    13.8155 0.0000e+00  -64.46817  -61.91700 1154061718 209.195822    34.5019      18146          2  0.000e+00
    468.738     0.0447   2.891300     0.0453   2.891569    5.98100    -0.2216    13.8155 0.0000e+00  -64.46817  -61.91700 1154061718 209.195823    34.5019      18147          2  0.000e+00
    468.690     0.0447   2.891287     0.0448   2.891557    5.97611    -0.2106    13.8155 0.0000e+00  -64.46817  -61.91700 1154061718 209.195823    34.5017      18148          2  0.000e+00
    468.767     0.0444   2.891277     0.0445   2.891563    5.97622    -0.1225    13.8155 0.0000e+00  -64.46817  -61.91700 1154061718 209.195824    34.5019      18149          2  0.000e+00
    468.767     0.0447   2.891274     0.0451   2.891522    5.97618    -0.0564    13.8155 0.0000e+00  -64.46817  -61.91700 1154061718 209.195824    34.5015      18150          2  0.000e+00
    468.690     0.0444   2.891284     0.0451   2.891528    5.98100    -0.0343    13.8155 0.0000e+00  -64.46817  -61.91700 1154061718 209.195825    34.5020      18151          2  0.000e+00
    468.767     0.0446   2.891277     0.0448   2.891540    5.98105    -0.1004    13.8155 0.0000e+00  -64.46817  -61.91700 1154061718 209.195825    34.5017      18152          2  0.000e+00
    468.690     0.0446   2.891307     0.0448   2.891557    5.97612    -0.0674    13.8155 0.0000e+00  -64.46817  -61.91700 1154061718 209.195826    34.5021      18153          2  0.000e+00
    468.738     0.0444   2.891300     0.0445   2.891545    5.97618    -0.0454    13.8155 0.0000e+00  -64.46817  -61.91700 1154061718 209.195826    34.5022      18154          2  0.000e+00
    468.690     0.0453   2.891253     0.0446   2.891539    5.97606    -0.0233    13.8155 0.0000e+00  -64.46817  -61.91700 1154061718 209.195827    34.5006      18155          2  0.000e+00
    468.767     0.0447   2.891280     0.0448   2.891557    5.97618    -0.0564    13.8155 0.0000e+00  -64.46817  -61.91700 1154061718 209.195827    34.5016      18156          2  0.000e+00
    468.690     0.0447   2.891297     0.0451   2.891522    5.97611     0.0097    13.8155 0.0000e+00  -64.46817  -61.91700 1154061718 209.195828    34.5018      18157          2  0.000e+00
    468.767     0.0447   2.891277     0.0446   2.891551    5.97618     0.0097    13.8155 0.0000e+00  -64.46817  -61.91700 1154061718 209.195828    34.5015      18158          2  0.000e+00
    468.690     0.0449   2.891263     0.0451   2.891545    5.97611    -0.0894    13.8155 0.0000e+00  -64.46817  -61.91700 1154061718 209.195829    34.5012      18159          2  0.000e+00
    468.690     0.0449   2.891304     0.0445   2.891551    5.98094    -0.1225    13.8155 0.0000e+00  -64.46817  -61.91700 1154061718 209.195829    34.5017      18160          2  0.000e+00
    468.738     0.0447   2.891300     0.0446   2.891522    5.97615    -0.1335    13.8155 0.0000e+00  -64.46817  -61.91700 1154061718 209.195829    34.5019      18161          2  0.000e+00
    468.690     0.0449   2.891277     0.0454   2.891510    5.98095    -0.1445    13.8155 0.0000e+00  -64.46817  -61.91700 1154061718 209.195830    34.5014      18162          2  0.000e+00
    468.690     0.0450   2.891230     0.0448   2.891551    5.97611    -0.0564    13.8155 0.0000e+00  -64.46817  -61.91700 1154061718 209.195830    34.5006      18163          2  0.000e+00
    468.690     0.0447   2.891277     0.0448   2.891569    5.97612    -0.0454    13.8155 0.0000e+00  -64.46817  -61.91700 1154061718 209.195831    34.5016      18164          2  0.000e+00
    468.690     0.0447   2.891260     0.0450   2.891569    5.98098    -0.0343    13.8155 0.0000e+00  -64.46817  -61.91700 1154061718 209.195831    34.5014      18165          2  0.000e+00
    468.690     0.0446   2.891260     0.0450   2.891545    5.97615    -0.0674    13.8155 0.0000e+00  -64.46817  -61.91700 1154061718 209.195832    34.5015      18166          2  0.000e+00
    468.690     0.0442   2.891304     0.0446   2.891516    5.98101    -0.0454    13.8155 0.0000e+00  -64.46817  -61.91700 1154061718 209.195832    34.5024      18167          2  0.000e+00
