product_data/regression_test/downloaded_data/MGDS/320620060703/ctd/p6623301.cnv
* Sea-Bird SBE 9 Data File:
* FileName = D:\Data\Raw\p6623301.dat
* Software Version Seasave Win32 V 5.32
* Temperature SN = 1649
* Conductivity SN = 1431
* Number of Bytes Per Scan = 37
* Number of Voltage Words = 5
* Number of Scans Averaged by the Deck Unit = 1
* NMEA Latitude = 61 52.43 S
* NMEA Longitude = 053 12.48 W
* NMEA UTC (Time) = 11:43:15
** Ship:   Nathaniel B. Palmer 
** Cruise:    NBP0606 
# nquan = 15
# nvalues = 704                         
# units = specified
# name 0 = prDM: Pressure, Digiquartz [db]
# name 1 = t090C: Temperature [ITS-90, deg C]
# name 2 = c0S/m: Conductivity [S/m]
# name 3 = t190C: Temperature, 2 [ITS-90, deg C]
# name 4 = c1S/m: Conductivity, 2 [S/m]
# name 5 = sbeox0ML/L: Oxygen, SBE 43 [ml/l]
# name 6 = flECO-AFL: Fluorescence, Wetlab ECO-AFL/FL [mg/m^3]
# name 7 = bat: Beam Attenuation, Chelsea/Seatech/Wetlab CStar [1/m]
# name 8 = spar: SPAR/Surface Irradiance
# name 9 = latitude: Latitude [deg]
# name 10 = longitude: Longitude [deg]
# name 11 = timeY: Time, System [seconds]
# name 12 = timeJ: Julian Days
# name 13 = sal00: Salinity [PSU]
# name 14 = flag: flag
# span 0 =      2.000,    705.000       
# span 1 =    -1.6707,    -0.1190       
# span 2 =   2.715129,   2.892638       
# span 3 =    -1.6698,    -0.1192       
# span 4 =   2.715577,   2.892686       
# span 5 =    5.77215,    7.47299       
# span 6 =    -0.1190,     0.0950       
# span 7 =    13.8155,    13.8155       
# span 8 = 1.5782e+01, 4.9595e+01       
# span 9 =  -61.87383,  -61.87383       
# span 10 =  -53.20800,  -53.20800      
# span 11 = 1154951105, 1154952210      
# span 12 = 219.489668, 219.502456      
# span 13 =    34.2544,    34.6195      
# span 14 = 0.0000e+00, 0.0000e+00      
# interval = decibars: 1                
# start_time = Aug 07 2006 11:44:46
# bad_flag = -9.990e-29
*END*
      2.000    -1.5763   2.715847    -1.5790   2.716368    7.44136     0.0785    13.8155 1.9954e+01  -61.87383  -53.20800 1154951105 219.489668    34.2580 0.0000e+00
      3.000    -1.5793   2.715489    -1.5805   2.716139    7.45508     0.0771    13.8155 2.0746e+01  -61.87383  -53.20800 1154951110 219.489721    34.2560 0.0000e+00
      4.000    -1.5791   2.715517    -1.5807   2.716111    7.45728     0.0728    13.8155 1.8297e+01  -61.87383  -53.20800 1154951113 219.489758    34.2554 0.0000e+00
      5.000    -1.5838   2.715129    -1.5866   2.715577    7.45920     0.0808    13.8155 1.8548e+01  -61.87383  -53.20800 1154951116 219.489792    34.2549 0.0000e+00
      6.000    -1.5805   2.715469    -1.5813   2.716102    7.46895     0.0758    13.8155 1.8061e+01  -61.87383  -53.20800 1154951119 219.489823    34.2550 0.0000e+00
      7.000    -1.5753   2.715923    -1.5769   2.716486    7.47299     0.0950    13.8155 1.8447e+01  -61.87383  -53.20800 1154951121 219.489854    34.2546 0.0000e+00
      8.000    -1.5824   2.715355    -1.5826   2.716038    7.46654     0.0910    13.8155 1.7428e+01  -61.87383  -53.20800 1154951124 219.489883    34.2544 0.0000e+00
      9.000    -1.5835   2.715310    -1.5853   2.715842    7.46410     0.0734    13.8155 1.6686e+01  -61.87383  -53.20800 1154951126 219.489911    34.2545 0.0000e+00
     10.000    -1.5388   2.719700    -1.5418   2.719962    7.45393     0.0840    13.8155 1.7484e+01  -61.87383  -53.20800 1154951129 219.489939    34.2622 0.0000e+00
     11.000    -1.5012   2.723607    -1.4995   2.724307    7.43563     0.0801    13.8155 1.6579e+01  -61.87383  -53.20800 1154951131 219.489966    34.2715 0.0000e+00
     12.000    -1.4622   2.727635    -1.4604   2.728412    7.40803     0.0630    13.8155 1.6299e+01  -61.87383  -53.20800 1154951133 219.489990    34.2811 0.0000e+00
     13.000    -1.4438   2.729612    -1.4450   2.730097    7.38116     0.0583    13.8155 1.5782e+01  -61.87383  -53.20800 1154951135 219.490014    34.2865 0.0000e+00
     14.000    -1.4401   2.730037    -1.4394   2.730748    7.35807     0.0585    13.8155 1.6617e+01  -61.87383  -53.20800 1154951137 219.490038    34.2881 0.0000e+00
     15.000    -1.4191   2.732346    -1.4222   2.732528    7.33304     0.0337    13.8155 1.6422e+01  -61.87383  -53.20800 1154951139 219.490061    34.2952 0.0000e+00
     16.000    -1.3865   2.735844    -1.3825   2.736710    7.30542     0.0528    13.8155 1.7112e+01  -61.87383  -53.20800 1154951141 219.490085    34.3053 0.0000e+00
     17.000    -1.3271   2.742026    -1.3298   2.742237    7.26808     0.0453    13.8155 1.7068e+01  -61.87383  -53.20800 1154951143 219.490108    34.3205 0.0000e+00
     18.000    -1.3209   2.742668    -1.3215   2.743170    7.24383     0.0377    13.8155 1.6664e+01  -61.87383  -53.20800 1154951145 219.490131    34.3218 0.0000e+00
     19.000    -1.3280   2.741999    -1.3282   2.742489    7.22690     0.0494    13.8155 1.6636e+01  -61.87383  -53.20800 1154951147 219.490155    34.3211 0.0000e+00
     20.000    -1.3170   2.743106    -1.3184   2.743537    7.20966     0.0480    13.8155 1.7369e+01  -61.87383  -53.20800 1154951149 219.490178    34.3233 0.0000e+00
     21.000    -1.3025   2.744507    -1.2980   2.745510    7.19057     0.0396    13.8155 1.6579e+01  -61.87383  -53.20800 1154951151 219.490202    34.3257 0.0000e+00
     22.000    -1.2542   2.749377    -1.2531   2.749996    7.17081     0.0561    13.8155 1.6618e+01  -61.87383  -53.20800 1154951153 219.490225    34.3353 0.0000e+00
     23.000    -1.2407   2.750763    -1.2415   2.751210    7.15629     0.0305    13.8155 1.6804e+01  -61.87383  -53.20800 1154951155 219.490248    34.3385 0.0000e+00
     24.000    -1.2385   2.751007    -1.2377   2.751649    7.14370     0.0245    13.8155 -9.990e-29  -61.87383  -53.20800 1154951157 219.490272    34.3393 0.0000e+00
     25.000    -1.2340   2.751532    -1.2345   2.752043    7.13507     0.0289    13.8155 -9.990e-29  -61.87383  -53.20800 1154951159 219.490296    34.3410 0.0000e+00
     26.000    -1.2301   2.751986    -1.2307   2.752465    7.12671     0.0596    13.8155 -9.990e-29  -61.87383  -53.20800 1154951162 219.490319    34.3424 0.0000e+00
     27.000    -1.2293   2.752125    -1.2299   2.752615    7.12381     0.0292    13.8155 -9.990e-29  -61.87383  -53.20800 1154951164 219.490343    34.3431 0.0000e+00
     28.000    -1.2258   2.752660    -1.2263   2.753170    7.12113     0.0419    13.8155 -9.990e-29  -61.87383  -53.20800 1154951166 219.490366    34.3460 0.0000e+00
     29.000    -1.2265   2.752494    -1.2271   2.752995    7.11855     0.0432    13.8155 -9.990e-29  -61.87383  -53.20800 1154951168 219.490390    34.3440 0.0000e+00
     30.000    -1.2275   2.752369    -1.2282   2.752847    7.11574     0.0269    13.8155 -9.990e-29  -61.87383  -53.20800 1154951170 219.490413    34.3431 0.0000e+00
     31.000    -1.2278   2.752393    -1.2284   2.752880    7.11387     0.0412    13.8155 -9.990e-29  -61.87383  -53.20800 1154951172 219.490436    34.3432 0.0000e+00
     32.000    -1.2299   2.752413    -1.2304   2.752954    7.10793     0.0267    13.8155 -9.990e-29  -61.87383  -53.20800 1154951174 219.490460    34.3455 0.0000e+00
     33.000    -1.2273   2.753206    -1.2278   2.753837    7.09588     0.0412    13.8155 1.7532e+01  -61.87383  -53.20800 1154951176 219.490483    34.3526 0.0000e+00
     34.000    -1.2262   2.753351    -1.2272   2.753887    7.08832     0.0156    13.8155 1.7533e+01  -61.87383  -53.20800 1154951178 219.490506    34.3528 0.0000e+00
     35.000    -1.2267   2.753549    -1.2276   2.754019    7.08067     0.0326    13.8155 1.7533e+01  -61.87383  -53.20800 1154951180 219.490530    34.3554 0.0000e+00
     36.000    -1.2266   2.753625    -1.2274   2.754103    7.07765     0.0332    13.8155 -9.990e-29  -61.87383  -53.20800 1154951182 219.490553    34.3558 0.0000e+00
     37.000    -1.2280   2.753780    -1.2287   2.754234    7.07478     0.0142    13.8155 -9.990e-29  -61.87383  -53.20800 1154951184 219.490576    34.3590 0.0000e+00
     38.000    -1.2289   2.753840    -1.2295   2.754312    7.07292     0.0357    13.8155 -9.990e-29  -61.87383  -53.20800 1154951186 219.490600    34.3603 0.0000e+00
     39.000    -1.2291   2.754052    -1.2295   2.754515    7.06535     0.0336    13.8155 -9.990e-29  -61.87383  -53.20800 1154951188 219.490623    34.3628 0.0000e+00
     40.000    -1.2297   2.754160    -1.2305   2.754599    7.05974     0.0060    13.8155 -9.990e-29  -61.87383  -53.20800 1154951190 219.490646    34.3643 0.0000e+00
     41.000    -1.2315   2.754124    -1.2321   2.754554    7.05810     0.0189    13.8155 1.7533e+01  -61.87383  -53.20800 1154951192 219.490670    34.3653 0.0000e+00
     42.000    -1.2315   2.754319    -1.2326   2.754706    7.05090     0.0176    13.8155 1.7533e+01  -61.87383  -53.20800 1154951194 219.490693    34.3674 0.0000e+00
     43.000    -1.2280   2.754903    -1.2293   2.755253    7.04759     0.0142    13.8155 1.7653e+01  -61.87383  -53.20800 1154951196 219.490717    34.3706 0.0000e+00
     44.000    -1.2274   2.755107    -1.2285   2.755459    7.04258     0.0328    13.8155 1.8502e+01  -61.87383  -53.20800 1154951198 219.490740    34.3722 0.0000e+00
     45.000    -1.2219   2.755821    -1.2224   2.756238    7.02848     0.0205    13.8155 1.7471e+01  -61.87383  -53.20800 1154951200 219.490764    34.3748 0.0000e+00
     46.000    -1.2183   2.756380    -1.2188   2.756770    7.02162     0.0131    13.8155 1.7533e+01  -61.87383  -53.20800 1154951202 219.490787    34.3776 0.0000e+00
     47.000    -1.2048   2.757980    -1.2067   2.758189    7.01692     0.0249    13.8155 1.7661e+01  -61.87383  -53.20800 1154951204 219.490811    34.3833 0.0000e+00
     48.000    -1.1914   2.759487    -1.1912   2.759950    7.00619     0.0250    13.8155 1.9233e+01  -61.87383  -53.20800 1154951206 219.490835    34.3876 0.0000e+00
     49.000    -1.1841   2.760285    -1.1845   2.760693    6.99590     0.0035    13.8155 1.8687e+01  -61.87383  -53.20800 1154951208 219.490858    34.3894 0.0000e+00
     50.000    -1.1836   2.760400    -1.1846   2.760748    6.99148     0.0166    13.8155 1.8407e+01  -61.87383  -53.20800 1154951210 219.490882    34.3901 0.0000e+00
     51.000    -1.1800   2.760829    -1.1802   2.761222    6.98536     0.0110    13.8155 1.9403e+01  -61.87383  -53.20800 1154951212 219.490905    34.3912 0.0000e+00
     52.000    -1.1800   2.760873    -1.1808   2.761226    6.98358     0.0120    13.8155 -9.990e-29  -61.87383  -53.20800 1154951214 219.490928    34.3914 0.0000e+00
     53.000    -1.1691   2.761946    -1.1692   2.762324    6.98022     0.0083    13.8155 -9.990e-29  -61.87383  -53.20800 1154951216 219.490952    34.3928 0.0000e+00
     54.000    -1.1619   2.762621    -1.1638   2.762856    6.97632     0.0071    13.8155 -9.990e-29  -61.87383  -53.20800 1154951218 219.490975    34.3931 0.0000e+00
     55.000    -1.1566   2.763177    -1.1564   2.763619    6.97652     0.0055    13.8155 -9.990e-29  -61.87383  -53.20800 1154951220 219.490999    34.3940 0.0000e+00
     56.000    -1.1546   2.763450    -1.1545   2.763874    6.98009     0.0165    13.8155 1.9481e+01  -61.87383  -53.20800 1154951222 219.491022    34.3950 0.0000e+00
     57.000    -1.1535   2.763612    -1.1540   2.763969    6.97834     0.0276    13.8155 1.9481e+01  -61.87383  -53.20800 1154951224 219.491045    34.3953 0.0000e+00
     58.000    -1.1569   2.763365    -1.1578   2.763668    6.97473    -0.0030    13.8155 1.9481e+01  -61.87383  -53.20800 1154951226 219.491068    34.3954 0.0000e+00
     59.000    -1.1568   2.763481    -1.1576   2.763797    6.97315     0.0155    13.8155 -9.990e-29  -61.87383  -53.20800 1154951228 219.491092    34.3964 0.0000e+00
     60.000    -1.1591   2.763282    -1.1592   2.763698    6.97371     0.0028    13.8155 -9.990e-29  -61.87383  -53.20800 1154951230 219.491115    34.3957 0.0000e+00
     61.000    -1.1618   2.763088    -1.1619   2.763478    6.97220     0.0201    13.8155 -9.990e-29  -61.87383  -53.20800 1154951232 219.491138    34.3957 0.0000e+00
     62.000    -1.1672   2.762888    -1.1677   2.763240    6.96978     0.0100    13.8155 -9.990e-29  -61.87383  -53.20800 1154951234 219.491162    34.3986 0.0000e+00
     63.000    -1.1767   2.762229    -1.1784   2.762491    6.96791     0.0187    13.8155 -9.990e-29  -61.87383  -53.20800 1154951236 219.491185    34.4001 0.0000e+00
     64.000    -1.2032   2.760099    -1.2002   2.760760    6.96894     0.0308    13.8155 -9.990e-29  -61.87383  -53.20800 1154951238 219.491208    34.4014 0.0000e+00
     65.000    -1.2203   2.758782    -1.2185   2.759357    6.97465     0.0125    13.8155 -9.990e-29  -61.87383  -53.20800 1154951240 219.491231    34.4026 0.0000e+00
     66.000    -1.2220   2.758687    -1.2220   2.759071    6.98083     0.0258    13.8155 -9.990e-29  -61.87383  -53.20800 1154951242 219.491254    34.4023 0.0000e+00
     67.000    -1.2281   2.758233    -1.2281   2.758604    6.98092     0.0049    13.8155 -9.990e-29  -61.87383  -53.20800 1154951244 219.491277    34.4023 0.0000e+00
     68.000    -1.2305   2.758071    -1.2308   2.758432    6.98259     0.0185    13.8155 -9.990e-29  -61.87383  -53.20800 1154951246 219.491300    34.4021 0.0000e+00
     69.000    -1.2343   2.757808    -1.2341   2.758197    6.98415     0.0140    13.8155 -9.990e-29  -61.87383  -53.20800 1154951248 219.491323    34.4021 0.0000e+00
     70.000    -1.2471   2.756750    -1.2412   2.757671    6.98664     0.0171    13.8155 -9.990e-29  -61.87383  -53.20800 1154951250 219.491347    34.4021 0.0000e+00
     71.000    -1.2538   2.756311    -1.2534   2.756717    6.98884    -0.0008    13.8155 -9.990e-29  -61.87383  -53.20800 1154951252 219.491370    34.4029 0.0000e+00
     72.000    -1.2509   2.756631    -1.2509   2.756988    6.98967     0.0008    13.8155 -9.990e-29  -61.87383  -53.20800 1154951254 219.491393    34.4030 0.0000e+00
     73.000    -1.2439   2.757364    -1.2457   2.757545    6.98651     0.0078    13.8155 -9.990e-29  -61.87383  -53.20800 1154951256 219.491416    34.4042 0.0000e+00
     74.000    -1.2349   2.758235    -1.2361   2.758476    6.98248     0.0155    13.8155 -9.990e-29  -61.87383  -53.20800 1154951258 219.491438    34.4047 0.0000e+00
     75.000    -1.2323   2.758512    -1.2320   2.758900    6.98267     0.0416    13.8155 -9.990e-29  -61.87383  -53.20800 1154951260 219.491461    34.4048 0.0000e+00
     76.000    -1.2326   2.758535    -1.2316   2.758956    6.97888     0.0069    13.8155 -9.990e-29  -61.87383  -53.20800 1154951262 219.491484    34.4048 0.0000e+00
     77.000    -1.2219   2.759574    -1.2211   2.759941    6.97138    -0.0055    13.8155 -9.990e-29  -61.87383  -53.20800 1154951264 219.491507    34.4060 0.0000e+00
     78.000    -1.2149   2.760312    -1.2146   2.760612    6.96828     0.0176    13.8155 -9.990e-29  -61.87383  -53.20800 1154951266 219.491530    34.4074 0.0000e+00
     79.000    -1.2044   2.761330    -1.2079   2.761294    6.96465     0.0087    13.8155 -9.990e-29  -61.87383  -53.20800 1154951268 219.491553    34.4083 0.0000e+00
     80.000    -1.2040   2.761424    -1.2038   2.761733    6.96474     0.0151    13.8155 -9.990e-29  -61.87383  -53.20800 1154951270 219.491576    34.4087 0.0000e+00
     81.000    -1.1989   2.761944    -1.1980   2.762319    6.96384     0.0206    13.8155 -9.990e-29  -61.87383  -53.20800 1154951272 219.491599    34.4094 0.0000e+00
     82.000    -1.1958   2.762263    -1.1954   2.762595    6.96345    -0.0014    13.8155 -9.990e-29  -61.87383  -53.20800 1154951274 219.491622    34.4096 0.0000e+00
     83.000    -1.1945   2.762428    -1.1943   2.762728    6.96455     0.0178    13.8155 -9.990e-29  -61.87383  -53.20800 1154951276 219.491645    34.4099 0.0000e+00
     84.000    -1.1890   2.763012    -1.1894   2.763263    6.96714    -0.0057    13.8155 -9.990e-29  -61.87383  -53.20800 1154951278 219.491668    34.4108 0.0000e+00
     85.000    -1.1941   2.762654    -1.1956   2.762814    6.96759     0.0322    13.8155 -9.990e-29  -61.87383  -53.20800 1154951280 219.491690    34.4113 0.0000e+00
     86.000    -1.2107   2.761315    -1.2108   2.761608    6.97235     0.0156    13.8155 -9.990e-29  -61.87383  -53.20800 1154951282 219.491713    34.4117 0.0000e+00
     87.000    -1.2291   2.759870    -1.2307   2.760053    6.98187     0.0122    13.8155 -9.990e-29  -61.87383  -53.20800 1154951284 219.491736    34.4132 0.0000e+00
     88.000    -1.2367   2.759323    -1.2359   2.759715    6.98286     0.0076    13.8155 -9.990e-29  -61.87383  -53.20800 1154951286 219.491759    34.4138 0.0000e+00
     89.000    -1.2485   2.758406    -1.2516   2.758491    6.98624     0.0266    13.8155 -9.990e-29  -61.87383  -53.20800 1154951288 219.491782    34.4141 0.0000e+00
     90.000    -1.2721   2.756494    -1.2699   2.756993    6.99351     0.0058    13.8155 -9.990e-29  -61.87383  -53.20800 1154951290 219.491804    34.4148 0.0000e+00
     91.000    -1.2825   2.755717    -1.2802   2.756206    6.99300     0.0072    13.8155 1.9319e+01  -61.87383  -53.20800 1154951292 219.491827    34.4156 0.0000e+00
     92.000    -1.3012   2.754251    -1.3030   2.754417    6.99605     0.0098    13.8155 2.0254e+01  -61.87383  -53.20800 1154951294 219.491850    34.4164 0.0000e+00
     93.000    -1.3096   2.753559    -1.3062   2.754109    7.00125     0.0119    13.8155 1.9352e+01  -61.87383  -53.20800 1154951296 219.491872    34.4158 0.0000e+00
     94.000    -1.3238   2.752437    -1.3198   2.753114    7.01553     0.0117    13.8155 2.0980e+01  -61.87383  -53.20800 1154951298 219.491895    34.4159 0.0000e+00
     95.000    -1.3345   2.751638    -1.3395   2.751399    7.01484    -0.0007    13.8155 2.0284e+01  -61.87383  -53.20800 1154951300 219.491918    34.4169 0.0000e+00
     96.000    -1.3783   2.747999    -1.3810   2.748104    7.02148     0.0181    13.8155 -9.990e-29  -61.87383  -53.20800 1154951302 219.491940    34.4175 0.0000e+00
     97.000    -1.4021   2.746078    -1.4020   2.746410    7.02498     0.0041    13.8155 -9.990e-29  -61.87383  -53.20800 1154951304 219.491963    34.4178 0.0000e+00
