product_data/regression_test/downloaded_data/MGDS/320620060703/ctd/p6623504.ros
* Sea-Bird SBE 9 Data File:
* FileName = D:\Data\Raw\p6623504.dat
* Software Version Seasave Win32 V 5.32
* Temperature SN = 1649
* Conductivity SN = 1431
* Number of Bytes Per Scan = 37
* Number of Voltage Words = 5
* Number of Scans Averaged by the Deck Unit = 1
* NMEA Latitude = 61 47.47 S
* NMEA Longitude = 053 17.41 W
* NMEA UTC (Time) = 18:47:37
** Ship:   Nathaniel B. Palmer 
** Cruise:    NBP0606 
# nquan = 17
# nvalues = 1176                    
# units = specified
# name 0 = prDM: Pressure, Digiquartz [db]
# name 1 = t090C: Temperature [ITS-90, deg C]
# name 2 = c0S/m: Conductivity [S/m]
# name 3 = t190C: Temperature, 2 [ITS-90, deg C]
# name 4 = c1S/m: Conductivity, 2 [S/m]
# name 5 = sbeox0ML/L: Oxygen, SBE 43 [ml/l]
# name 6 = flECO-AFL: Fluorescence, Wetlab ECO-AFL/FL [mg/m^3]
# name 7 = bat: Beam Attenuation, Chelsea/Seatech/Wetlab CStar [1/m]
# name 8 = spar: SPAR/Surface Irradiance
# name 9 = latitude: Latitude [deg]
# name 10 = longitude: Longitude [deg]
# name 11 = timeY: Time, System [seconds]
# name 12 = timeJ: Julian Days
# name 13 = sal00: Salinity [PSU]
# name 14 = scan: scan number
# name 15 = nbf: number of bottles fired
# name 16 = flag:  0.000e+00
# interval = seconds: 0.0416667                   
# start_time = Aug 07 2006 18:49:11
*END*
[from data line 937]
     24.466    -1.7284   2.702970    -1.7291   2.703150    7.64603     0.1199    13.8155 1.1104e+02  -61.79117  -53.29017 1154978151 219.802682    34.2398      38418         20  0.000e+00
     24.523    -1.7284   2.702990    -1.7288   2.703127    7.64608     0.0758    13.8155 1.1104e+02  -61.79117  -53.29017 1154978151 219.802682    34.2401      38419         20  0.000e+00
     24.533    -1.7285   2.702977    -1.7292   2.703155    7.64612     0.0648    13.8155 1.1104e+02  -61.79117  -53.29017 1154978151 219.802683    34.2401      38420         20  0.000e+00
     24.533    -1.7293   2.702973    -1.7292   2.703132    7.64625    -0.0123    13.8155 1.1104e+02  -61.79117  -53.29017 1154978151 219.802683    34.2409      38421         20  0.000e+00
     24.523    -1.7287   2.702970    -1.7291   2.703121    7.64614    -0.0674    13.8155 1.1104e+02  -61.79117  -53.29017 1154978151 219.802684    34.2402      38422         20  0.000e+00
     24.466    -1.7291   2.702957    -1.7294   2.703098    7.64616    -0.0013    13.8155 1.1104e+02  -61.79117  -53.29017 1154978151 219.802684    34.2405      38423         20  0.000e+00
     24.533    -1.7289   2.702931    -1.7288   2.703115    7.64621     0.0318    13.8155 1.0910e+02  -61.79117  -53.29017 1154978151 219.802685    34.2398      38424         20  0.000e+00
     24.447    -1.7290   2.702928    -1.7291   2.703098    7.64614    -0.0013    13.8155 1.0910e+02  -61.79117  -53.29017 1154978151 219.802685    34.2400      38425         20  0.000e+00
     24.533    -1.7296   2.702925    -1.7291   2.703109    7.64633    -0.0343    13.8155 1.1104e+02  -61.79117  -53.29017 1154978151 219.802686    34.2406      38426         20  0.000e+00
     24.447    -1.7295   2.702928    -1.7291   2.703081    7.64621    -0.0343    13.8155 1.1104e+02  -61.79117  -53.29017 1154978151 219.802686    34.2405      38427         20  0.000e+00
     24.533    -1.7296   2.702941    -1.7291   2.703086    7.64632    -0.0454    13.8155 1.1104e+02  -61.79117  -53.29017 1154978151 219.802687    34.2408      38428         20  0.000e+00
     24.533    -1.7293   2.702934    -1.7295   2.703058    7.64628    -0.0013    13.8155 1.1104e+02  -61.79117  -53.29017 1154978151 219.802687    34.2404      38429         20  0.000e+00
     24.447    -1.7290   2.702912    -1.7294   2.703063    7.64615     0.0097    13.8155 1.1104e+02  -61.79117  -53.29017 1154978151 219.802688    34.2397      38430         20  0.000e+00
     24.533    -1.7295   2.702905    -1.7292   2.703069    7.64632     0.0868    13.8155 1.1104e+02  -61.79117  -53.29017 1154978151 219.802688    34.2401      38431         20  0.000e+00
     24.466    -1.7291   2.702876    -1.7295   2.703086    7.64143     0.1089    13.8155 1.1104e+02  -61.79117  -53.29017 1154978151 219.802689    34.2394      38432         20  0.000e+00
     24.523    -1.7295   2.702876    -1.7298   2.703075    7.64154     0.0648    13.8155 1.1104e+02  -61.79117  -53.29017 1154978151 219.802689    34.2397      38433         20  0.000e+00
     24.533    -1.7299   2.702902    -1.7292   2.703052    7.64161     0.0097    13.8155 1.1104e+02  -61.79117  -53.29017 1154978151 219.802690    34.2406      38434         20  0.000e+00
     24.533    -1.7296   2.702905    -1.7298   2.703063    7.64634     0.0207    13.8155 1.1104e+02  -61.79117  -53.29017 1154978151 219.802690    34.2403      38435         20  0.000e+00
     24.523    -1.7295   2.702892    -1.7294   2.703046    7.64632     0.0207    13.8155 1.1104e+02  -61.79117  -53.29017 1154978151 219.802690    34.2400      38436         20  0.000e+00
     24.466    -1.7295   2.702899    -1.7302   2.703041    7.64625     0.0097    13.8155 1.1104e+02  -61.79117  -53.29017 1154978151 219.802691    34.2401      38437         20  0.000e+00
     24.523    -1.7299   2.702892    -1.7303   2.703041    7.64161     0.0538    13.8155 1.1104e+02  -61.79117  -53.29017 1154978151 219.802691    34.2405      38438         20  0.000e+00
     24.533    -1.7295   2.702882    -1.7295   2.703041    7.64155     0.0097    13.8155 1.1104e+02  -61.79117  -53.29017 1154978151 219.802692    34.2398      38439         20  0.000e+00
     24.466    -1.7293   2.702869    -1.7301   2.703063    7.64147     0.0097    13.8155 1.1104e+02  -61.79117  -53.29017 1154978151 219.802692    34.2395      38440         20  0.000e+00
     24.523    -1.7298   2.702895    -1.7295   2.703069    7.64158     0.0758    13.8155 1.1104e+02  -61.79117  -53.29017 1154978151 219.802693    34.2403      38441         20  0.000e+00
     24.466    -1.7299   2.702892    -1.7294   2.703104    7.64154     0.0428    13.8155 1.1104e+02  -61.79117  -53.29017 1154978152 219.802693    34.2405      38442         20  0.000e+00
     24.533    -1.7301   2.702899    -1.7291   2.703098    7.64163     0.0207    13.8155 1.1104e+02  -61.79117  -53.29017 1154978152 219.802694    34.2408      38443         20  0.000e+00
     24.523    -1.7299   2.702876    -1.7295   2.703058    7.64640     0.0428    13.8155 1.1104e+02  -61.79117  -53.29017 1154978152 219.802694    34.2403      38444         20  0.000e+00
     24.466    -1.7296   2.702876    -1.7301   2.703063    7.64629    -0.0013    13.8155 1.1104e+02  -61.79117  -53.29017 1154978152 219.802695    34.2399      38445         20  0.000e+00
     24.532    -1.7298   2.702869    -1.7294   2.703069    7.64160    -0.0454    13.8155 1.1104e+02  -61.79117  -53.29017 1154978152 219.802695    34.2400      38446         20  0.000e+00
     24.447    -1.7304   2.702866    -1.7297   2.703046    7.64161    -0.0343    13.8155 1.1104e+02  -61.79117  -53.29017 1154978152 219.802696    34.2407      38447         20  0.000e+00
     24.532    -1.7298   2.702859    -1.7295   2.703041    7.64161    -0.0233    13.8155 1.0910e+02  -61.79117  -53.29017 1154978152 219.802696    34.2398      38448         20  0.000e+00
     24.523    -1.7296   2.702863    -1.7297   2.703000    7.64158    -0.0013    13.8155 1.0910e+02  -61.79117  -53.29017 1154978152 219.802697    34.2397      38449         20  0.000e+00
     24.466    -1.7301   2.702827    -1.7298   2.703029    7.64161     0.0318    13.8155 1.1104e+02  -61.79117  -53.29017 1154978152 219.802697    34.2398      38450         20  0.000e+00
     24.532    -1.7299   2.702886    -1.7298   2.703063    7.64162    -0.0013    13.8155 1.1104e+02  -61.79117  -53.29017 1154978152 219.802698    34.2404      38451         20  0.000e+00
     24.523    -1.7299   2.702889    -1.7292   2.703086    7.64161    -0.0564    13.8155 1.1104e+02  -61.79117  -53.29017 1154978152 219.802698    34.2405      38452         20  0.000e+00
     24.466    -1.7299   2.702853    -1.7292   2.703127    7.64157    -0.1225    13.8155 1.1104e+02  -61.79117  -53.29017 1154978152 219.802699    34.2400      38453         20  0.000e+00
     24.532    -1.7299   2.702889    -1.7292   2.703144    7.63683    -0.0454    13.8155 1.1104e+02  -61.79117  -53.29017 1154978152 219.802699    34.2404      38454         20  0.000e+00
     24.523    -1.7301   2.702856    -1.7291   2.703127    7.64165    -0.1225    13.8155 1.1104e+02  -61.79117  -53.29017 1154978152 219.802700    34.2402      38455         20  0.000e+00
     24.532    -1.7296   2.702840    -1.7286   2.703161    7.63682    -0.0564    13.8155 1.1104e+02  -61.79117  -53.29017 1154978152 219.802700    34.2394      38456         20  0.000e+00
     24.466    -1.7301   2.702859    -1.7286   2.703190    7.63680    -0.0233    13.8155 1.1104e+02  -61.79117  -53.29017 1154978152 219.802701    34.2402      38457         20  0.000e+00
     24.523    -1.7301   2.702846    -1.7289   2.703178    7.63687    -0.0454    13.8155 1.1104e+02  -61.79117  -53.29017 1154978152 219.802701    34.2400      38458         20  0.000e+00
     24.532    -1.7301   2.702840    -1.7288   2.703207    7.64168     0.0097    13.8155 1.1104e+02  -61.79117  -53.29017 1154978152 219.802702    34.2399      38459         20  0.000e+00
     24.446    -1.7301   2.702843    -1.7284   2.703207    7.64158     0.0318    13.8155 1.1104e+02  -61.79117  -53.29017 1154978152 219.802702    34.2400      38460         20  0.000e+00
     10.706    -1.7384   2.701296    -1.7383   2.701481    7.64850    -0.0123    13.8155 1.0910e+02  -61.79117  -53.29017 1154978201 219.803271    34.2369      39640         21  0.000e+00
     10.659    -1.7384   2.701322    -1.7383   2.701481    7.64843    -0.0233    13.8155 1.0910e+02  -61.79117  -53.29017 1154978201 219.803272    34.2373      39641         21  0.000e+00
     10.640    -1.7382   2.701319    -1.7382   2.701499    7.64839    -0.0454    13.8155 1.0910e+02  -61.79117  -53.29017 1154978201 219.803272    34.2371      39642         21  0.000e+00
     10.640    -1.7384   2.701328    -1.7381   2.701487    7.64841    -0.0454    13.8155 1.0910e+02  -61.79117  -53.29017 1154978202 219.803273    34.2374      39643         21  0.000e+00
     10.735    -1.7382   2.701367    -1.7378   2.701499    7.64846    -0.0564    13.8155 1.0910e+02  -61.79117  -53.29017 1154978202 219.803273    34.2377      39644         21  0.000e+00
     10.640    -1.7381   2.701361    -1.7384   2.701527    7.64835    -0.0674    13.8155 1.0910e+02  -61.79117  -53.29017 1154978202 219.803274    34.2376      39645         21  0.000e+00
     10.659    -1.7378   2.701338    -1.7380   2.701516    7.64833    -0.0784    13.8155 1.0910e+02  -61.79117  -53.29017 1154978202 219.803274    34.2368      39646         21  0.000e+00
     10.640    -1.7379   2.701319    -1.7380   2.701487    7.64835    -0.0784    13.8155 1.0910e+02  -61.79117  -53.29017 1154978202 219.803274    34.2367      39647         21  0.000e+00
     10.640    -1.7382   2.701364    -1.7379   2.701499    7.64836    -0.0454    13.8155 1.0910e+02  -61.79117  -53.29017 1154978202 219.803275    34.2377      39648         21  0.000e+00
     10.659    -1.7373   2.701361    -1.7380   2.701487    7.64824    -0.0343    13.8155 1.0910e+02  -61.79117  -53.29017 1154978202 219.803275    34.2366      39649         21  0.000e+00
     10.639    -1.7384   2.701358    -1.7380   2.701464    7.64839    -0.0123    13.8155 1.0910e+02  -61.79117  -53.29017 1154978202 219.803276    34.2378      39650         21  0.000e+00
     10.592    -1.7382   2.701338    -1.7381   2.701476    7.64833     0.0318    13.8155 1.0910e+02  -61.79117  -53.29017 1154978202 219.803276    34.2374      39651         21  0.000e+00
     10.639    -1.7378   2.701351    -1.7381   2.701481    7.64352     0.0758    13.8155 1.0910e+02  -61.79117  -53.29017 1154978202 219.803277    34.2370      39652         21  0.000e+00
     10.639    -1.7379   2.701358    -1.7379   2.701481    7.64832     0.0868    13.8155 1.0910e+02  -61.79117  -53.29017 1154978202 219.803277    34.2373      39653         21  0.000e+00
     10.592    -1.7382   2.701374    -1.7378   2.701464    7.64352     0.0318    13.8155 1.0910e+02  -61.79117  -53.29017 1154978202 219.803278    34.2379      39654         21  0.000e+00
     10.563    -1.7379   2.701345    -1.7383   2.701476    7.64825     0.0097    13.8155 1.0910e+02  -61.79117  -53.29017 1154978202 219.803278    34.2371      39655         21  0.000e+00
     10.592    -1.7381   2.701367    -1.7379   2.701516    7.64828    -0.0564    13.8155 1.0715e+02  -61.79117  -53.29017 1154978202 219.803279    34.2376      39656         21  0.000e+00
     10.563    -1.7376   2.701345    -1.7377   2.701516    7.64820    -0.0564    13.8155 1.0715e+02  -61.79117  -53.29017 1154978202 219.803279    34.2368      39657         21  0.000e+00
     10.563    -1.7383   2.701351    -1.7378   2.701510    7.64830    -0.0343    13.8155 1.0715e+02  -61.79117  -53.29017 1154978202 219.803280    34.2376      39658         21  0.000e+00
     10.592    -1.7378   2.701374    -1.7380   2.701510    7.64823     0.0318    13.8155 1.0715e+02  -61.79117  -53.29017 1154978202 219.803280    34.2373      39659         21  0.000e+00
     10.496    -1.7375   2.701361    -1.7380   2.701510    7.64809    -0.0343    13.8155 1.0715e+02  -61.79117  -53.29017 1154978202 219.803281    34.2369      39660         21  0.000e+00
     10.592    -1.7379   2.701325    -1.7384   2.701510    7.64351    -0.0123    13.8155 1.0715e+02  -61.79117  -53.29017 1154978202 219.803281    34.2368      39661         21  0.000e+00
     10.496    -1.7381   2.701345    -1.7381   2.701487    7.64342     0.0097    13.8155 1.0520e+02  -61.79117  -53.29017 1154978202 219.803282    34.2373      39662         21  0.000e+00
     10.496    -1.7376   2.701358    -1.7381   2.701481    7.64334    -0.0343    13.8155 1.0520e+02  -61.79117  -53.29017 1154978202 219.803282    34.2370      39663         21  0.000e+00
     10.525    -1.7381   2.701358    -1.7379   2.701464    7.64344    -0.0343    13.8155 1.0715e+02  -61.79117  -53.29017 1154978202 219.803283    34.2375      39664         21  0.000e+00
     10.496    -1.7381   2.701358    -1.7384   2.701435    7.64341     0.0097    13.8155 1.0715e+02  -61.79117  -53.29017 1154978202 219.803283    34.2375      39665         21  0.000e+00
     10.525    -1.7378   2.701374    -1.7384   2.701447    7.64338    -0.0233    13.8155 1.0715e+02  -61.79117  -53.29017 1154978203 219.803284    34.2374      39666         21  0.000e+00
     10.430    -1.7381   2.701361    -1.7382   2.701458    7.64334    -0.0343    13.8155 1.0715e+02  -61.79117  -53.29017 1154978203 219.803284    34.2376      39667         21  0.000e+00
     10.496    -1.7381   2.701338    -1.7385   2.701458    7.64342    -0.0343    13.8155 1.0715e+02  -61.79117  -53.29017 1154978203 219.803285    34.2373      39668         21  0.000e+00
     10.449    -1.7381   2.701335    -1.7383   2.701458    7.64815    -0.0123    13.8155 1.0715e+02  -61.79117  -53.29017 1154978203 219.803285    34.2372      39669         21  0.000e+00
     10.496    -1.7378   2.701319    -1.7382   2.701435    7.64339     0.0097    13.8155 1.0715e+02  -61.79117  -53.29017 1154978203 219.803286    34.2366      39670         21  0.000e+00
     10.449    -1.7378   2.701328    -1.7383   2.701447    7.64334     0.0979    13.8155 1.0715e+02  -61.79117  -53.29017 1154978203 219.803286    34.2368      39671         21  0.000e+00
     10.430    -1.7381   2.701351    -1.7380   2.701458    7.64334     0.0868    13.8155 1.0715e+02  -61.79117  -53.29017 1154978203 219.803287    34.2375      39672         21  0.000e+00
     10.430    -1.7381   2.701358    -1.7381   2.701435    7.64334     0.0207    13.8155 1.0715e+02  -61.79117  -53.29017 1154978203 219.803287    34.2376      39673         21  0.000e+00
     10.449    -1.7384   2.701358    -1.7383   2.701464    7.64340    -0.0894    13.8155 1.0715e+02  -61.79117  -53.29017 1154978203 219.803288    34.2379      39674         21  0.000e+00
     10.430    -1.7379   2.701325    -1.7382   2.701441    7.64334    -0.0674    13.8155 1.0715e+02  -61.79117  -53.29017 1154978203 219.803288    34.2370      39675         21  0.000e+00
     10.449    -1.7381   2.701328    -1.7385   2.701447    7.64338    -0.0123    13.8155 1.0715e+02  -61.79117  -53.29017 1154978203 219.803288    34.2372      39676         21  0.000e+00
     10.353    -1.7382   2.701319    -1.7380   2.701458    7.64331     0.0097    13.8155 1.0910e+02  -61.79117  -53.29017 1154978203 219.803289    34.2372      39677         21  0.000e+00
     10.429    -1.7378   2.701345    -1.7385   2.701435    7.64330    -0.0784    13.8155 1.0715e+02  -61.79117  -53.29017 1154978203 219.803289    34.2370      39678         21  0.000e+00
     10.382    -1.7378   2.701325    -1.7387   2.701430    7.64326    -0.0343    13.8155 1.0910e+02  -61.79117  -53.29017 1154978203 219.803290    34.2368      39679         21  0.000e+00
     10.353    -1.7379   2.701328    -1.7384   2.701430    7.64326     0.0648    13.8155 1.0910e+02  -61.79117  -53.29017 1154978203 219.803290    34.2370      39680         21  0.000e+00
