product_data/regression_test/downloaded_data/MGDS/320620060703/ctd/p6620901.ros
* Sea-Bird SBE 9 Data File:
* FileName = D:\Data\Raw\p6620901.dat
* Software Version Seasave Win32 V 5.32
* Temperature SN = 1649
* Conductivity SN = 1431
* Number of Bytes Per Scan = 37
* Number of Voltage Words = 5
* Number of Scans Averaged by the Deck Unit = 1
* NMEA Latitude = 64 32.49 S
* NMEA Longitude = 062 46.94 W
* NMEA UTC (Time) = 01:40:15
** Ship:   Nathaniel B. Palmer 
** Cruise:    NBP0606 
# nquan = 17
# nvalues = 1176                    
# units = specified
# name 0 = prDM: Pressure, Digiquartz [db]
# name 1 = t090C: Temperature [ITS-90, deg C]
# name 2 = c0S/m: Conductivity [S/m]
# name 3 = t190C: Temperature, 2 [ITS-90, deg C]
# name 4 = c1S/m: Conductivity, 2 [S/m]
# name 5 = sbeox0ML/L: Oxygen, SBE 43 [ml/l]
# name 6 = flECO-AFL: Fluorescence, Wetlab ECO-AFL/FL [mg/m^3]
# name 7 = bat: Beam Attenuation, Chelsea/Seatech/Wetlab CStar [1/m]
# name 8 = spar: SPAR/Surface Irradiance
# name 9 = latitude: Latitude [deg]
# name 10 = longitude: Longitude [deg]
# name 11 = timeY: Time, System [seconds]
# name 12 = timeJ: Julian Days
# name 13 = sal00: Salinity [PSU]
# name 14 = scan: scan number
# name 15 = nbf: number of bottles fired
# name 16 = flag:  0.000e+00
# interval = seconds: 0.0416667                   
# start_time = Jul 31 2006 01:40:24
*END*
[from data line 596]
    150.772    -0.4875   2.810957    -0.4549   2.814302    6.72444    -0.0343    13.8155 0.0000e+00  -64.54150  -62.78233 1154311314 212.084678    34.2222      31014         13  0.000e+00
    150.839    -0.4885   2.811030    -0.4566   2.814156    6.72460    -0.0564    13.8155 0.0000e+00  -64.54150  -62.78233 1154311314 212.084679    34.2243      31015         13  0.000e+00
    150.848    -0.4868   2.811288    -0.4573   2.814086    6.71950     0.0097    13.8155 0.0000e+00  -64.54150  -62.78233 1154311314 212.084679    34.2259      31016         13  0.000e+00
    150.772    -0.4840   2.811348    -0.4589   2.813993    6.72373    -0.0123    13.8155 0.0000e+00  -64.54150  -62.78233 1154311314 212.084680    34.2236      31017         13  0.000e+00
    150.839    -0.4856   2.811109    -0.4586   2.813947    6.72416    -0.0564    13.8155 0.0000e+00  -64.54150  -62.78233 1154311314 212.084680    34.2221      31018         13  0.000e+00
    150.839    -0.4868   2.811033    -0.4583   2.813941    6.72437     0.0097    13.8155 0.0000e+00  -64.54150  -62.78233 1154311314 212.084681    34.2225      31019         13  0.000e+00
    150.705    -0.4856   2.811033    -0.4594   2.813900    6.72408    -0.0343    13.8155 0.0000e+00  -64.54150  -62.78233 1154311314 212.084681    34.2212      31020         13  0.000e+00
    150.915    -0.4861   2.810947    -0.4613   2.813824    6.72439    -0.0564    13.8155 0.0000e+00  -64.54150  -62.78233 1154311314 212.084682    34.2204      31021         13  0.000e+00
    150.839    -0.4885   2.811020    -0.4612   2.813824    6.72461    -0.0674    13.8155 0.0000e+00  -64.54150  -62.78233 1154311314 212.084682    34.2242      31022         13  0.000e+00
    150.839    -0.4895   2.811301    -0.4607   2.813836    6.72456    -0.1225    13.8155 0.0000e+00  -64.54150  -62.78233 1154311314 212.084683    34.2291      31023         13  0.000e+00
    150.772    -0.4847   2.811643    -0.4626   2.813673    6.72364    -0.0564    13.8155 0.0000e+00  -64.54150  -62.78233 1154311314 212.084683    34.2283      31024         13  0.000e+00
    150.848    -0.4802   2.811745    -0.4631   2.813457    6.72303     0.0318    13.8155 0.0000e+00  -64.54150  -62.78233 1154311314 212.084684    34.2245      31025         13  0.000e+00
    150.839    -0.4794   2.811629    -0.4641   2.813346    6.72771     0.0538    13.8155 0.0000e+00  -64.54150  -62.78233 1154311315 212.084684    34.2221      31026         13  0.000e+00
    150.772    -0.4823   2.811523    -0.4635   2.813265    6.72811     0.0318    13.8155 0.0000e+00  -64.54150  -62.78233 1154311315 212.084685    34.2240      31027         13  0.000e+00
    150.839    -0.4850   2.811434    -0.4632   2.813282    6.72387     0.0648    13.8155 0.0000e+00  -64.54150  -62.78233 1154311315 212.084685    34.2258      31028         13  0.000e+00
    150.772    -0.4857   2.811407    -0.4638   2.813341    6.72393     0.0538    13.8155 0.0000e+00  -64.54150  -62.78233 1154311315 212.084686    34.2263      31029         13  0.000e+00
    150.848    -0.4845   2.811580    -0.4648   2.813294    6.72373    -0.0123    13.8155 0.0000e+00  -64.54150  -62.78233 1154311315 212.084686    34.2272      31030         13  0.000e+00
    150.839    -0.4772   2.811858    -0.4655   2.813236    6.72255    -0.0784    13.8155 0.0000e+00  -64.54150  -62.78233 1154311315 212.084687    34.2227      31031         13  0.000e+00
    150.772    -0.4715   2.812133    -0.4667   2.813160    6.72626    -0.0784    13.8155 0.0000e+00  -64.54150  -62.78233 1154311315 212.084687    34.2200      31032         13  0.000e+00
    150.839    -0.4709   2.812421    -0.4678   2.813119    6.72134    -0.0564    13.8155 0.0000e+00  -64.54150  -62.78233 1154311315 212.084688    34.2231      31033         13  0.000e+00
    150.782    -0.4682   2.812663    -0.4670   2.813172    6.72550    -0.0343    13.8155 0.0000e+00  -64.54150  -62.78233 1154311315 212.084688    34.2234      31034         13  0.000e+00
    150.839    -0.4653   2.812839    -0.4666   2.813195    6.72504     0.0318    13.8155 0.0000e+00  -64.54150  -62.78233 1154311315 212.084688    34.2224      31035         13  0.000e+00
    150.772    -0.4653   2.812945    -0.4658   2.813212    6.72491    -0.0454    13.8155 0.0000e+00  -64.54150  -62.78233 1154311315 212.084689    34.2239      31036         13  0.000e+00
    150.772    -0.4657   2.812935    -0.4674   2.813218    6.72027    -0.0784    13.8155 0.0000e+00  -64.54150  -62.78233 1154311315 212.084689    34.2243      31037         13  0.000e+00
    150.839    -0.4671   2.812938    -0.4673   2.813276    6.72522    -0.0343    13.8155 0.0000e+00  -64.54150  -62.78233 1154311315 212.084690    34.2258      31038         13  0.000e+00
    150.782    -0.4657   2.812962    -0.4646   2.813399    6.72498    -0.1004    13.8155 0.0000e+00  -64.54150  -62.78233 1154311315 212.084690    34.2246      31039         13  0.000e+00
    150.772    -0.4651   2.812948    -0.4643   2.813451    6.72489    -0.0454    13.8155 0.0000e+00  -64.54150  -62.78233 1154311315 212.084691    34.2238      31040         13  0.000e+00
    150.772    -0.4651   2.812962    -0.4669   2.813323    6.72488    -0.0343    13.8155 0.0000e+00  -64.54150  -62.78233 1154311315 212.084691    34.2239      31041         13  0.000e+00
    150.839    -0.4651   2.812948    -0.4693   2.813154    6.72967    -0.0123    13.8155 0.0000e+00  -64.54150  -62.78233 1154311315 212.084692    34.2237      31042         13  0.000e+00
    150.782    -0.4642   2.813015    -0.4706   2.812950    6.72473    -0.0454    13.8155 0.0000e+00  -64.54150  -62.78233 1154311315 212.084692    34.2236      31043         13  0.000e+00
    150.772    -0.4637   2.813038    -0.4724   2.812740    6.72464    -0.0784    13.8155 0.0000e+00  -64.54150  -62.78233 1154311315 212.084693    34.2234      31044         13  0.000e+00
    150.772    -0.4642   2.813054    -0.4737   2.812548    6.72470    -0.0454    13.8155 0.0000e+00  -64.54150  -62.78233 1154311315 212.084693    34.2241      31045         13  0.000e+00
    150.772    -0.4639   2.813061    -0.4743   2.812455    6.72465    -0.0564    13.8155 0.0000e+00  -64.54150  -62.78233 1154311315 212.084694    34.2239      31046         13  0.000e+00
    150.772    -0.4639   2.813061    -0.4741   2.812443    6.72465    -0.0564    13.8155 0.0000e+00  -64.54150  -62.78233 1154311315 212.084694    34.2239      31047         13  0.000e+00
    150.782    -0.4629   2.813074    -0.4724   2.812449    6.72452    -0.0564    13.8155 0.0000e+00  -64.54150  -62.78233 1154311315 212.084695    34.2230      31048         13  0.000e+00
    150.772    -0.4617   2.813200    -0.4724   2.812408    6.72898    -0.0784    13.8155 0.0000e+00  -64.54150  -62.78233 1154311315 212.084695    34.2232      31049         13  0.000e+00
    150.772    -0.4617   2.813273    -0.4734   2.812414    6.72894    -0.0564    13.8155 0.0000e+00  -64.54150  -62.78233 1154311316 212.084696    34.2243      31050         13  0.000e+00
    150.772    -0.4626   2.813217    -0.4735   2.812403    6.72910     0.0207    13.8155 0.0000e+00  -64.54150  -62.78233 1154311316 212.084696    34.2246      31051         13  0.000e+00
    150.782    -0.4633   2.813194    -0.4743   2.812373    6.72921    -0.0123    13.8155 0.0000e+00  -64.54150  -62.78233 1154311316 212.084697    34.2249      31052         13  0.000e+00
    150.705    -0.4639   2.813177    -0.4741   2.812385    6.72924    -0.0784    13.8155 0.0000e+00  -64.54150  -62.78233 1154311316 212.084697    34.2255      31053         13  0.000e+00
    150.772    -0.4634   2.813257    -0.4741   2.812414    6.72918    -0.0564    13.8155 0.0000e+00  -64.54150  -62.78233 1154311316 212.084698    34.2260      31054         13  0.000e+00
    150.706    -0.4740   2.812242    -0.4779   2.812024    6.74534    -0.1445    13.8155 0.0000e+00  -64.54150  -62.78233 1154311317 212.084712    34.2243      31084         14  0.000e+00
    150.706    -0.4740   2.812332    -0.4785   2.812076    6.74528    -0.1225    13.8155 0.0000e+00  -64.54150  -62.78233 1154311317 212.084713    34.2255      31085         14  0.000e+00
    150.773    -0.4746   2.812478    -0.4798   2.812036    6.74534    -0.0784    13.8155 0.0000e+00  -64.54150  -62.78233 1154311317 212.084713    34.2281      31086         14  0.000e+00
    150.773    -0.4750   2.812551    -0.4807   2.811972    6.74536    -0.0343    13.8155 0.0000e+00  -64.54150  -62.78233 1154311317 212.084714    34.2296      31087         14  0.000e+00
    150.706    -0.4749   2.812581    -0.4812   2.811884    6.74526     0.0097    13.8155 0.0000e+00  -64.54150  -62.78233 1154311317 212.084714    34.2299      31088         14  0.000e+00
    150.782    -0.4733   2.812587    -0.4812   2.811838    6.74983    -0.0123    13.8155 0.0000e+00  -64.54150  -62.78233 1154311317 212.084715    34.2282      31089         14  0.000e+00
    150.706    -0.4713   2.812567    -0.4818   2.811814    6.74950    -0.0784    13.8155 0.0000e+00  -64.54150  -62.78233 1154311317 212.084715    34.2257      31090         14  0.000e+00
    150.706    -0.4701   2.812577    -0.4821   2.811826    6.74932    -0.0454    13.8155 0.0000e+00  -64.54150  -62.78233 1154311317 212.084715    34.2244      31091         14  0.000e+00
    150.773    -0.4676   2.812703    -0.4793   2.812030    6.74897    -0.0454    13.8155 0.0000e+00  -64.54150  -62.78233 1154311317 212.084716    34.2233      31092         14  0.000e+00
    150.706    -0.4665   2.812793    -0.4726   2.812397    6.74870    -0.0564    13.8155 0.0000e+00  -64.54150  -62.78233 1154311317 212.084716    34.2233      31093         14  0.000e+00
    150.773    -0.4676   2.812945    -0.4715   2.812659    6.74882    -0.0894    13.8155 0.0000e+00  -64.54150  -62.78233 1154311317 212.084717    34.2265      31094         14  0.000e+00
    150.706    -0.4647   2.813074    -0.4691   2.812834    6.74827    -0.0564    13.8155 0.0000e+00  -64.54150  -62.78233 1154311317 212.084717    34.2250      31095         14  0.000e+00
    150.706    -0.4631   2.813170    -0.4678   2.812950    6.74800    -0.0343    13.8155 0.0000e+00  -64.54150  -62.78233 1154311317 212.084718    34.2245      31096         14  0.000e+00
    150.773    -0.4636   2.813144    -0.4678   2.812997    6.74814    -0.0123    13.8155 0.0000e+00  -64.54150  -62.78233 1154311317 212.084718    34.2246      31097         14  0.000e+00
    150.706    -0.4617   2.812938    -0.4649   2.813125    6.74796    -0.0343    13.8155 0.0000e+00  -64.54150  -62.78233 1154311318 212.084719    34.2198      31098         14  0.000e+00
    150.706    -0.4603   2.812809    -0.4655   2.813183    6.74784    -0.0343    13.8155 0.0000e+00  -64.54150  -62.78233 1154311318 212.084719    34.2165      31099         14  0.000e+00
    150.773    -0.4592   2.812839    -0.4701   2.813032    6.74773    -0.0123    13.8155 0.0000e+00  -64.54150  -62.78233 1154311318 212.084720    34.2156      31100         14  0.000e+00
    150.706    -0.4586   2.812991    -0.4750   2.812781    6.74750     0.0097    13.8155 0.0000e+00  -64.54150  -62.78233 1154311318 212.084720    34.2170      31101         14  0.000e+00
    150.706    -0.4584   2.813121    -0.4753   2.812577    6.74740    -0.0343    13.8155 0.0000e+00  -64.54150  -62.78233 1154311318 212.084721    34.2186      31102         14  0.000e+00
    150.706    -0.4574   2.813200    -0.4746   2.812263    6.74720    -0.1004    13.8155 0.0000e+00  -64.54150  -62.78233 1154311318 212.084721    34.2184      31103         14  0.000e+00
    150.773    -0.4588   2.813184    -0.4789   2.811861    6.75218    -0.0674    13.8155 0.0000e+00  -64.54150  -62.78233 1154311318 212.084722    34.2198      31104         14  0.000e+00
    150.706    -0.4614   2.813121    -0.4852   2.811465    6.75252    -0.0674    13.8155 0.0000e+00  -64.54150  -62.78233 1154311318 212.084722    34.2219      31105         14  0.000e+00
    150.706    -0.4657   2.813035    -0.4870   2.811214    6.75316    -0.0123    13.8155 0.0000e+00  -64.54150  -62.78233 1154311318 212.084723    34.2257      31106         14  0.000e+00
    150.706    -0.4693   2.812842    -0.4860   2.811045    6.74905    -0.0123    13.8155 0.0000e+00  -64.54150  -62.78233 1154311318 212.084723    34.2271      31107         14  0.000e+00
    150.773    -0.4729   2.812295    -0.4849   2.810900    6.75466    -0.0564    13.8155 0.0000e+00  -64.54150  -62.78233 1154311318 212.084724    34.2237      31108         14  0.000e+00
    150.706    -0.4820   2.811659    -0.4863   2.810912    6.75624    -0.1225    13.8155 0.0000e+00  -64.54150  -62.78233 1154311318 212.084724    34.2256      31109         14  0.000e+00
    150.706    -0.4881   2.811417    -0.4870   2.811086    6.75722    -0.1445    13.8155 0.0000e+00  -64.54150  -62.78233 1154311318 212.084725    34.2291      31110         14  0.000e+00
    150.706    -0.4864   2.811510    -0.4858   2.811378    6.75693    -0.0784    13.8155 0.0000e+00  -64.54150  -62.78233 1154311318 212.084725    34.2285      31111         14  0.000e+00
    150.773    -0.4873   2.811560    -0.4818   2.811710    6.75708    -0.0784    13.8155 0.0000e+00  -64.54150  -62.78233 1154311318 212.084726    34.2301      31112         14  0.000e+00
    150.706    -0.4907   2.811348    -0.4778   2.811983    6.75762    -0.0343    13.8155 0.0000e+00  -64.54150  -62.78233 1154311318 212.084726    34.2311      31113         14  0.000e+00
    150.706    -0.4905   2.811192    -0.4770   2.812146    6.75770     0.0097    13.8155 0.0000e+00  -64.54150  -62.78233 1154311318 212.084727    34.2289      31114         14  0.000e+00
    150.773    -0.4891   2.811182    -0.4779   2.812100    6.75757     0.0318    13.8155 0.0000e+00  -64.54150  -62.78233 1154311318 212.084727    34.2271      31115         14  0.000e+00
    150.706    -0.4857   2.811169    -0.4807   2.811954    6.75705    -0.0123    13.8155 0.0000e+00  -64.54150  -62.78233 1154311318 212.084728    34.2232      31116         14  0.000e+00
    150.706    -0.4837   2.811334    -0.4844   2.811710    6.75668    -0.0343    13.8155 0.0000e+00  -64.54150  -62.78233 1154311318 212.084728    34.2231      31117         14  0.000e+00
    150.773    -0.4805   2.811590    -0.4867   2.811564    6.75614    -0.1004    13.8155 0.0000e+00  -64.54150  -62.78233 1154311318 212.084728    34.2228      31118         14  0.000e+00
    150.706    -0.4812   2.811576    -0.4864   2.811453    6.75619    -0.0784    13.8155 0.0000e+00  -64.54150  -62.78233 1154311318 212.084729    34.2236      31119         14  0.000e+00
    150.706    -0.4805   2.811397    -0.4872   2.811430    6.75619    -0.0233    13.8155 0.0000e+00  -64.54150  -62.78233 1154311318 212.084729    34.2203      31120         14  0.000e+00
    150.773    -0.4780   2.811278    -0.4867   2.811436    6.75599    -0.0123    13.8155 0.0000e+00  -64.54150  -62.78233 1154311318 212.084730    34.2158      31121         14  0.000e+00
    150.706    -0.4794   2.811288    -0.4830   2.811471    6.75611    -0.0343    13.8155 0.0000e+00  -64.54150  -62.78233 1154311319 212.084730    34.2176      31122         14  0.000e+00
    150.773    -0.4803   2.811318    -0.4816   2.811424    6.75628    -0.1225    13.8155 0.0000e+00  -64.54150  -62.78233 1154311319 212.084731    34.2190      31123         14  0.000e+00
    150.706    -0.4823   2.811265    -0.4852   2.811203    6.75653    -0.1004    13.8155 0.0000e+00  -64.54150  -62.78233 1154311319 212.084731    34.2206      31124         14  0.000e+00
    150.783    -0.4842   2.811268    -0.4890   2.810918    6.76157     0.0318    13.8155 0.0000e+00  -64.54150  -62.78233 1154311319 212.084732    34.2227      31125         14  0.000e+00
    150.706    -0.4870   2.811295    -0.4913   2.810714    6.76186     0.0318    13.8155 0.0000e+00  -64.54150  -62.78233 1154311319 212.084732    34.2262      31126         14  0.000e+00
