product_data/regression_test/downloaded_data/MGDS/320620060703/ctd/p6620201.ros
* Sea-Bird SBE 9 Data File:
* FileName = D:\Data\Raw\p6620201.dat
* Software Version Seasave Win32 V 5.32
* Temperature SN = 1649
* Conductivity SN = 1431
* Number of Bytes Per Scan = 37
* Number of Voltage Words = 5
* Number of Scans Averaged by the Deck Unit = 1
* NMEA Latitude = 64 26.68 S
* NMEA Longitude = 061 58.97 W
* NMEA UTC (Time) = 03:19:51
** Ship:   Nathaniel B. Palmer 
** Cruise:    NBP0606 
# nquan = 17
# nvalues = 1176                    
# units = specified
# name 0 = prDM: Pressure, Digiquartz [db]
# name 1 = t090C: Temperature [ITS-90, deg C]
# name 2 = c0S/m: Conductivity [S/m]
# name 3 = t190C: Temperature, 2 [ITS-90, deg C]
# name 4 = c1S/m: Conductivity, 2 [S/m]
# name 5 = sbeox0ML/L: Oxygen, SBE 43 [ml/l]
# name 6 = flECO-AFL: Fluorescence, Wetlab ECO-AFL/FL [mg/m^3]
# name 7 = bat: Beam Attenuation, Chelsea/Seatech/Wetlab CStar [1/m]
# name 8 = spar: SPAR/Surface Irradiance
# name 9 = latitude: Latitude [deg]
# name 10 = longitude: Longitude [deg]
# name 11 = timeY: Time, System [seconds]
# name 12 = timeJ: Julian Days
# name 13 = sal00: Salinity [PSU]
# name 14 = scan: scan number
# name 15 = nbf: number of bottles fired
# name 16 = flag:  0.000e+00
# interval = seconds: 0.0416667                   
# start_time = Jul 28 2006 03:19:59
*END*
    450.581     0.0505   2.891970     0.0508   2.892288    5.97938    -0.0894    13.8155 0.0000e+00  -64.44467  -61.98283 1154057677 209.149066    34.5150      21128          1  0.000e+00
    450.514     0.0506   2.891993     0.0508   2.892305    5.97929    -0.0123    13.8155 0.0000e+00  -64.44467  -61.98283 1154057677 209.149066    34.5151      21129          1  0.000e+00
    450.524     0.0500   2.892003     0.0511   2.892305    5.97937    -0.0564    13.8155 0.0000e+00  -64.44467  -61.98283 1154057677 209.149067    34.5160      21130          1  0.000e+00
    450.581     0.0509   2.891986     0.0510   2.892329    5.97931    -0.0894    13.8155 0.0000e+00  -64.44467  -61.98283 1154057677 209.149067    34.5147      21131          1  0.000e+00
    450.581     0.0501   2.892000     0.0513   2.892323    5.97940    -0.0784    13.8155 0.0000e+00  -64.44467  -61.98283 1154057677 209.149068    34.5157      21132          1  0.000e+00
    450.658     0.0508   2.891983     0.0507   2.892305    5.97940    -0.0564    13.8155 0.0000e+00  -64.44467  -61.98283 1154057677 209.149068    34.5148      21133          1  0.000e+00
    450.581     0.0508   2.891997     0.0508   2.892300    5.97933    -0.1335    13.8155 0.0000e+00  -64.44467  -61.98283 1154057677 209.149069    34.5150      21134          1  0.000e+00
    450.581     0.0507   2.891986     0.0508   2.892317    5.97934    -0.1114    13.8155 0.0000e+00  -64.44467  -61.98283 1154057677 209.149069    34.5149      21135          1  0.000e+00
    450.591     0.0511   2.892000     0.0513   2.892305    5.97929    -0.1004    13.8155 0.0000e+00  -64.44467  -61.98283 1154057677 209.149070    34.5147      21136          1  0.000e+00
    450.658     0.0513   2.892017     0.0511   2.892300    5.97932    -0.0894    13.8155 0.0000e+00  -64.44467  -61.98283 1154057677 209.149070    34.5147      21137          1  0.000e+00
    450.581     0.0513   2.892064     0.0510   2.892317    5.97923    -0.0454    13.8155 0.0000e+00  -64.44467  -61.98283 1154057677 209.149071    34.5153      21138          1  0.000e+00
    450.658     0.0513   2.892023     0.0514   2.892323    5.97932     0.0097    13.8155 0.0000e+00  -64.44467  -61.98283 1154057677 209.149071    34.5147      21139          1  0.000e+00
    450.581     0.0514   2.892040     0.0514   2.892311    5.97923     0.0097    13.8155 0.0000e+00  -64.44467  -61.98283 1154057677 209.149072    34.5149      21140          1  0.000e+00
    450.591     0.0513   2.892033     0.0514   2.892341    5.97925    -0.0123    13.8155 0.0000e+00  -64.44467  -61.98283 1154057678 209.149072    34.5149      21141          1  0.000e+00
    450.658     0.0511   2.892007     0.0516   2.892329    5.97935    -0.0564    13.8155 0.0000e+00  -64.44467  -61.98283 1154057678 209.149073    34.5147      21142          1  0.000e+00
    450.658     0.0511   2.892003     0.0514   2.892305    5.97935    -0.0454    13.8155 0.0000e+00  -64.44467  -61.98283 1154057678 209.149073    34.5147      21143          1  0.000e+00
    450.658     0.0508   2.892007     0.0514   2.892317    5.97938     0.0097    13.8155 0.0000e+00  -64.44467  -61.98283 1154057678 209.149074    34.5151      21144          1  0.000e+00
    450.581     0.0506   2.891970     0.0513   2.892323    5.97936    -0.0013    13.8155 0.0000e+00  -64.44467  -61.98283 1154057678 209.149074    34.5148      21145          1  0.000e+00
    450.658     0.0508   2.891990     0.0511   2.892364    5.97939    -0.0343    13.8155 0.0000e+00  -64.44467  -61.98283 1154057678 209.149075    34.5148      21146          1  0.000e+00
    450.668     0.0506   2.891970     0.0510   2.892335    5.97943    -0.0564    13.8155 0.0000e+00  -64.44467  -61.98283 1154057678 209.149075    34.5147      21147          1  0.000e+00
    450.658     0.0505   2.891940     0.0514   2.892341    5.97946    -0.1445    13.8155 0.0000e+00  -64.44467  -61.98283 1154057678 209.149076    34.5145      21148          1  0.000e+00
    450.581     0.0505   2.891916     0.0516   2.892329    5.97941    -0.1665    13.8155 0.0000e+00  -64.44467  -61.98283 1154057678 209.149076    34.5143      21149          1  0.000e+00
    450.658     0.0500   2.891906     0.0516   2.892311    5.97953    -0.0894    13.8155 0.0000e+00  -64.44467  -61.98283 1154057678 209.149076    34.5146      21150          1  0.000e+00
    450.658     0.0498   2.891896     0.0511   2.892341    5.97956    -0.0454    13.8155 0.0000e+00  -64.44467  -61.98283 1154057678 209.149077    34.5147      21151          1  0.000e+00
    450.658     0.0495   2.891906     0.0511   2.892329    5.97959    -0.0894    13.8155 0.0000e+00  -64.44467  -61.98283 1154057678 209.149077    34.5151      21152          1  0.000e+00
    450.668     0.0505   2.891913     0.0513   2.892323    5.97948    -0.1114    13.8155 0.0000e+00  -64.44467  -61.98283 1154057678 209.149078    34.5142      21153          1  0.000e+00
    450.658     0.0500   2.891923     0.0505   2.892305    5.97952    -0.0674    13.8155 0.0000e+00  -64.44467  -61.98283 1154057678 209.149078    34.5148      21154          1  0.000e+00
    450.658     0.0505   2.891970     0.0507   2.892300    5.97944    -0.1004    13.8155 0.0000e+00  -64.44467  -61.98283 1154057678 209.149079    34.5149      21155          1  0.000e+00
    450.658     0.0501   2.891946     0.0510   2.892300    5.97949    -0.0894    13.8155 0.0000e+00  -64.44467  -61.98283 1154057678 209.149079    34.5150      21156          1  0.000e+00
    450.658     0.0503   2.891953     0.0507   2.892252    5.97947    -0.0784    13.8155 0.0000e+00  -64.44467  -61.98283 1154057678 209.149080    34.5149      21157          1  0.000e+00
    450.668     0.0501   2.891960     0.0507   2.892241    5.97949    -0.1114    13.8155 0.0000e+00  -64.44467  -61.98283 1154057678 209.149080    34.5151      21158          1  0.000e+00
    450.658     0.0509   2.891990     0.0502   2.892252    5.97937    -0.1114    13.8155 0.0000e+00  -64.44467  -61.98283 1154057678 209.149081    34.5147      21159          1  0.000e+00
    450.581     0.0505   2.891970     0.0504   2.892223    5.97938    -0.1335    13.8155 0.0000e+00  -64.44467  -61.98283 1154057678 209.149081    34.5150      21160          1  0.000e+00
    450.658     0.0505   2.891940     0.0500   2.892194    5.97946    -0.1114    13.8155 0.0000e+00  -64.44467  -61.98283 1154057678 209.149082    34.5145      21161          1  0.000e+00
    450.658     0.0501   2.891936     0.0499   2.892205    5.97950    -0.1665    13.8155 0.0000e+00  -64.44467  -61.98283 1154057678 209.149082    34.5149      21162          1  0.000e+00
    450.658     0.0503   2.891929     0.0500   2.892217    5.97948    -0.1004    13.8155 0.0000e+00  -64.44467  -61.98283 1154057678 209.149083    34.5146      21163          1  0.000e+00
    450.591     0.0505   2.891916     0.0500   2.892217    5.97941    -0.0894    13.8155 0.0000e+00  -64.44467  -61.98283 1154057678 209.149083    34.5143      21164          1  0.000e+00
    450.658     0.0501   2.891946     0.0499   2.892217    5.97949    -0.0674    13.8155 0.0000e+00  -64.44467  -61.98283 1154057679 209.149084    34.5150      21165          1  0.000e+00
    450.658     0.0503   2.891923     0.0496   2.892176    5.97948    -0.0564    13.8155 0.0000e+00  -64.44467  -61.98283 1154057679 209.149084    34.5145      21166          1  0.000e+00
    450.581     0.0500   2.891906     0.0493   2.892141    5.97947    -0.0123    13.8155 0.0000e+00  -64.44467  -61.98283 1154057679 209.149085    34.5146      21167          1  0.000e+00
    450.658     0.0498   2.891963     0.0493   2.892135    5.97952     0.0097    13.8155 0.0000e+00  -64.44467  -61.98283 1154057679 209.149085    34.5155      21168          1  0.000e+00
    450.581     0.0508   2.891983     0.0496   2.892123    5.97933    -0.0564    13.8155 0.0000e+00  -64.44467  -61.98283 1154057679 209.149086    34.5148      21169          1  0.000e+00
    450.668     0.0503   2.891963     0.0494   2.892129    5.97947    -0.0894    13.8155 0.0000e+00  -64.44467  -61.98283 1154057679 209.149086    34.5150      21170          1  0.000e+00
    450.581     0.0497   2.891923     0.0494   2.892111    5.98434    -0.1445    13.8155 0.0000e+00  -64.44467  -61.98283 1154057679 209.149087    34.5152      21171          1  0.000e+00
    450.581     0.0500   2.891893     0.0500   2.892164    5.97947    -0.1004    13.8155 0.0000e+00  -64.44467  -61.98283 1154057679 209.149087    34.5145      21172          1  0.000e+00
    450.581     0.0503   2.891923     0.0502   2.892223    5.97942    -0.0784    13.8155 0.0000e+00  -64.44467  -61.98283 1154057679 209.149088    34.5145      21173          1  0.000e+00
    450.581     0.0503   2.891916     0.0500   2.892199    5.97942    -0.0564    13.8155 0.0000e+00  -64.44467  -61.98283 1154057679 209.149088    34.5144      21174          1  0.000e+00
    450.667     0.0506   2.891913     0.0500   2.892147    5.97946     0.0097    13.8155 0.0000e+00  -64.44467  -61.98283 1154057679 209.149089    34.5140      21175          1  0.000e+00
    450.514     0.0511   2.891943     0.0497   2.892111    5.97926    -0.0454    13.8155 0.0000e+00  -64.44467  -61.98283 1154057679 209.149089    34.5140      21176          1  0.000e+00
    450.580     0.0488   2.891752     0.0493   2.892082    5.97970    -0.1445    13.8155 0.0000e+00  -64.44467  -61.98283 1154057685 209.149160    34.5140      21323          2  0.000e+00
    450.446     0.0486   2.891765     0.0493   2.892058    5.97960    -0.1004    13.8155 0.0000e+00  -64.44467  -61.98283 1154057685 209.149160    34.5144      21324          2  0.000e+00
    450.513     0.0488   2.891725     0.0486   2.892070    5.97966    -0.0454    13.8155 0.0000e+00  -64.44467  -61.98283 1154057685 209.149161    34.5137      21325          2  0.000e+00
    450.580     0.0488   2.891758     0.0488   2.892082    5.97970    -0.0674    13.8155 0.0000e+00  -64.44467  -61.98283 1154057685 209.149161    34.5141      21326          2  0.000e+00
    450.590     0.0486   2.891755     0.0494   2.892082    5.97489    -0.1114    13.8155 0.0000e+00  -64.44467  -61.98283 1154057685 209.149162    34.5142      21327          2  0.000e+00
    450.513     0.0484   2.891745     0.0493   2.892099    5.97969    -0.0784    13.8155 0.0000e+00  -64.44467  -61.98283 1154057685 209.149162    34.5143      21328          2  0.000e+00
    450.513     0.0486   2.891731     0.0488   2.892094    5.97967    -0.0674    13.8155 0.0000e+00  -64.44467  -61.98283 1154057685 209.149163    34.5139      21329          2  0.000e+00
    450.657     0.0484   2.891745     0.0488   2.892082    5.97981    -0.0674    13.8155 0.0000e+00  -64.44467  -61.98283 1154057685 209.149163    34.5142      21330          2  0.000e+00
    450.446     0.0488   2.891752     0.0490   2.892082    5.97959     0.0097    13.8155 0.0000e+00  -64.44467  -61.98283 1154057685 209.149164    34.5141      21331          2  0.000e+00
    450.580     0.0486   2.891745     0.0491   2.892082    5.97972    -0.0123    13.8155 0.0000e+00  -64.44467  -61.98283 1154057686 209.149164    34.5141      21332          2  0.000e+00
    450.523     0.0484   2.891731     0.0491   2.892035    5.97970     0.0097    13.8155 0.0000e+00  -64.44467  -61.98283 1154057686 209.149165    34.5141      21333          2  0.000e+00
    450.513     0.0486   2.891745     0.0490   2.892023    5.97967     0.0428    13.8155 0.0000e+00  -64.44467  -61.98283 1154057686 209.149165    34.5141      21334          2  0.000e+00
    450.513     0.0481   2.891752     0.0493   2.892064    5.97972    -0.0013    13.8155 0.0000e+00  -64.44467  -61.98283 1154057686 209.149166    34.5147      21335          2  0.000e+00
    450.513     0.0489   2.891728     0.0490   2.892082    5.97964    -0.0564    13.8155 0.0000e+00  -64.44467  -61.98283 1154057686 209.149166    34.5135      21336          2  0.000e+00
    450.513     0.0489   2.891725     0.0493   2.892099    5.97964    -0.1004    13.8155 0.0000e+00  -64.44467  -61.98283 1154057686 209.149167    34.5135      21337          2  0.000e+00
    450.513     0.0483   2.891745     0.0490   2.892088    5.97971    -0.1225    13.8155 0.0000e+00  -64.44467  -61.98283 1154057686 209.149167    34.5145      21338          2  0.000e+00
    450.522     0.0486   2.891752     0.0490   2.892046    5.97967    -0.0123    13.8155 0.0000e+00  -64.44467  -61.98283 1154057686 209.149168    34.5142      21339          2  0.000e+00
    450.513     0.0480   2.891745     0.0491   2.892070    5.97974     0.0428    13.8155 0.0000e+00  -64.44467  -61.98283 1154057686 209.149168    34.5148      21340          2  0.000e+00
    450.513     0.0489   2.891748     0.0488   2.892058    5.97963    -0.0123    13.8155 0.0000e+00  -64.44467  -61.98283 1154057686 209.149169    34.5138      21341          2  0.000e+00
    450.513     0.0483   2.891731     0.0485   2.892070    5.97971    -0.1004    13.8155 0.0000e+00  -64.44467  -61.98283 1154057686 209.149169    34.5143      21342          2  0.000e+00
    450.513     0.0486   2.891745     0.0490   2.892058    5.97967    -0.1114    13.8155 0.0000e+00  -64.44467  -61.98283 1154057686 209.149170    34.5141      21343          2  0.000e+00
    450.522     0.0484   2.891745     0.0491   2.892029    5.97970    -0.0343    13.8155 0.0000e+00  -64.44467  -61.98283 1154057686 209.149170    34.5143      21344          2  0.000e+00
    450.513     0.0488   2.891765     0.0490   2.892064    5.97964    -0.0454    13.8155 0.0000e+00  -64.44467  -61.98283 1154057686 209.149171    34.5142      21345          2  0.000e+00
    450.513     0.0483   2.891725     0.0485   2.892058    5.97972    -0.0343    13.8155 0.0000e+00  -64.44467  -61.98283 1154057686 209.149171    34.5142      21346          2  0.000e+00
    450.513     0.0488   2.891721     0.0490   2.892052    5.97966    -0.0013    13.8155 0.0000e+00  -64.44467  -61.98283 1154057686 209.149171    34.5137      21347          2  0.000e+00
    450.580     0.0486   2.891758     0.0486   2.892070    5.97972    -0.0454    13.8155 0.0000e+00  -64.44467  -61.98283 1154057686 209.149172    34.5143      21348          2  0.000e+00
    450.446     0.0486   2.891755     0.0488   2.892082    5.97961    -0.0454    13.8155 0.0000e+00  -64.44467  -61.98283 1154057686 209.149172    34.5143      21349          2  0.000e+00
    450.590     0.0483   2.891718     0.0486   2.892046    5.97978    -0.0343    13.8155 0.0000e+00  -64.44467  -61.98283 1154057686 209.149173    34.5141      21350          2  0.000e+00
    450.513     0.0486   2.891721     0.0485   2.892046    5.97968    -0.0343    13.8155 0.0000e+00  -64.44467  -61.98283 1154057686 209.149173    34.5138      21351          2  0.000e+00
    450.513     0.0488   2.891738     0.0485   2.892029    5.97965    -0.1114    13.8155 0.0000e+00  -64.44467  -61.98283 1154057686 209.149174    34.5139      21352          2  0.000e+00
    450.513     0.0486   2.891765     0.0486   2.892023    5.97966    -0.1445    13.8155 0.0000e+00  -64.44467  -61.98283 1154057686 209.149174    34.5144      21353          2  0.000e+00
    450.513     0.0483   2.891725     0.0482   2.892005    5.97972    -0.1004    13.8155 0.0000e+00  -64.44467  -61.98283 1154057686 209.149175    34.5142      21354          2  0.000e+00
    450.513     0.0481   2.891721     0.0482   2.892035    5.97974    -0.0674    13.8155 0.0000e+00  -64.44467  -61.98283 1154057686 209.149175    34.5144      21355          2  0.000e+00
    450.589     0.0488   2.891705     0.0486   2.892011    5.97974    -0.0013    13.8155 0.0000e+00  -64.44467  -61.98283 1154057687 209.149176    34.5134      21356          2  0.000e+00
    450.513     0.0479   2.891688     0.0480   2.892017    5.97978    -0.0233    13.8155 0.0000e+00  -64.44467  -61.98283 1154057687 209.149176    34.5142      21357          2  0.000e+00
    450.513     0.0478   2.891685     0.0485   2.892041    5.97980    -0.0784    13.8155 0.0000e+00  -64.44467  -61.98283 1154057687 209.149177    34.5142      21358          2  0.000e+00
