product_data/regression_test/downloaded_data/MGDS/320620060703/ctd/p6622301.ros
* Sea-Bird SBE 9 Data File:
* FileName = D:\Data\Raw\p6622301.dat
* Software Version Seasave Win32 V 5.32
* Temperature SN = 1649
* Conductivity SN = 1431
* Number of Bytes Per Scan = 37
* Number of Voltage Words = 5
* Number of Scans Averaged by the Deck Unit = 1
* NMEA Latitude = 62 45.31 S
* NMEA Longitude = 057 47.75 W
* NMEA UTC (Time) = 14:19:13
** Ship:   Nathaniel B. Palmer 
** Cruise:    NBP0606 
# nquan = 17
# nvalues = 1176                    
# units = specified
# name 0 = prDM: Pressure, Digiquartz [db]
# name 1 = t090C: Temperature [ITS-90, deg C]
# name 2 = c0S/m: Conductivity [S/m]
# name 3 = t190C: Temperature, 2 [ITS-90, deg C]
# name 4 = c1S/m: Conductivity, 2 [S/m]
# name 5 = sbeox0ML/L: Oxygen, SBE 43 [ml/l]
# name 6 = flECO-AFL: Fluorescence, Wetlab ECO-AFL/FL [mg/m^3]
# name 7 = bat: Beam Attenuation, Chelsea/Seatech/Wetlab CStar [1/m]
# name 8 = spar: SPAR/Surface Irradiance
# name 9 = latitude: Latitude [deg]
# name 10 = longitude: Longitude [deg]
# name 11 = timeY: Time, System [seconds]
# name 12 = timeJ: Julian Days
# name 13 = sal00: Salinity [PSU]
# name 14 = scan: scan number
# name 15 = nbf: number of bottles fired
# name 16 = flag:  0.000e+00
# interval = seconds: 0.0416667                   
# start_time = Aug 03 2006 14:19:57
*END*
[from data line 511]
     74.885    -1.4737   2.737863    -1.4763   2.737907    7.27102    -0.1775    13.8155 8.1238e+02  -62.75517  -57.79583 1154616903 215.621589    34.3983      50599         11  0.000e+00
     74.933    -1.4743   2.737859    -1.4767   2.737895    7.27117    -0.1114    13.8155 8.1238e+02  -62.75517  -57.79583 1154616903 215.621589    34.3990      50600         11  0.000e+00
     74.885    -1.4737   2.737879    -1.4777   2.737860    7.27101    -0.0564    13.8155 8.1238e+02  -62.75517  -57.79583 1154616904 215.621590    34.3985      50601         11  0.000e+00
     74.933    -1.4731   2.737866    -1.4775   2.737814    7.27098    -0.0564    13.8155 8.1238e+02  -62.75517  -57.79583 1154616904 215.621590    34.3976      50602         11  0.000e+00
     74.885    -1.4725   2.737879    -1.4776   2.737820    7.27084    -0.0784    13.8155 8.1238e+02  -62.75517  -57.79583 1154616904 215.621590    34.3971      50603         11  0.000e+00
     74.933    -1.4731   2.737863    -1.4779   2.737785    7.27098    -0.0784    13.8155 8.1238e+02  -62.75517  -57.79583 1154616904 215.621591    34.3975      50604         11  0.000e+00
     74.885    -1.4739   2.737810    -1.4779   2.737785    7.27109    -0.0343    13.8155 8.1238e+02  -62.75517  -57.79583 1154616904 215.621591    34.3978      50605         11  0.000e+00
     74.933    -1.4741   2.737778    -1.4779   2.737774    7.27120    -0.1335    13.8155 8.1238e+02  -62.75517  -57.79583 1154616904 215.621592    34.3976      50606         11  0.000e+00
     74.885    -1.4741   2.737774    -1.4778   2.737757    7.27114    -0.1555    13.8155 8.1238e+02  -62.75517  -57.79583 1154616904 215.621592    34.3975      50607         11  0.000e+00
     74.933    -1.4748   2.737741    -1.4776   2.737768    7.27132    -0.0784    13.8155 8.1238e+02  -62.75517  -57.79583 1154616904 215.621593    34.3979      50608         11  0.000e+00
     74.885    -1.4752   2.737692    -1.4772   2.737809    7.27137    -0.1004    13.8155 8.1238e+02  -62.75517  -57.79583 1154616904 215.621593    34.3977      50609         11  0.000e+00
     74.933    -1.4759   2.737617    -1.4771   2.737837    7.27157    -0.0343    13.8155 8.1238e+02  -62.75517  -57.79583 1154616904 215.621594    34.3974      50610         11  0.000e+00
     74.952    -1.4766   2.737515    -1.4773   2.737809    7.27176    -0.0343    13.8155 8.1238e+02  -62.75517  -57.79583 1154616904 215.621594    34.3968      50611         11  0.000e+00
     74.866    -1.4778   2.737506    -1.4786   2.737780    7.27185    -0.0343    13.8155 8.1238e+02  -62.75517  -57.79583 1154616904 215.621595    34.3980      50612         11  0.000e+00
     74.952    -1.4781   2.737476    -1.4793   2.737676    7.26722    -0.0564    13.8155 8.1238e+02  -62.75517  -57.79583 1154616904 215.621595    34.3979      50613         11  0.000e+00
     74.933    -1.4783   2.737460    -1.4796   2.737613    7.26725    -0.0564    13.8155 8.1238e+02  -62.75517  -57.79583 1154616904 215.621596    34.3980      50614         11  0.000e+00
     74.885    -1.4791   2.737447    -1.4799   2.737612    7.27212    -0.0564    13.8155 8.1238e+02  -62.75517  -57.79583 1154616904 215.621596    34.3988      50615         11  0.000e+00
     74.933    -1.4793   2.737394    -1.4802   2.737601    7.27223    -0.0343    13.8155 8.1238e+02  -62.75517  -57.79583 1154616904 215.621597    34.3982      50616         11  0.000e+00
     74.885    -1.4791   2.737378    -1.4799   2.737572    7.27215    -0.0894    13.8155 8.1433e+02  -62.75517  -57.79583 1154616904 215.621597    34.3978      50617         11  0.000e+00
     74.933    -1.4795   2.737358    -1.4801   2.737566    7.27228    -0.0564    13.8155 8.1433e+02  -62.75517  -57.79583 1154616904 215.621598    34.3979      50618         11  0.000e+00
     74.885    -1.4801   2.737335    -1.4810   2.737555    7.27233    -0.0123    13.8155 8.1433e+02  -62.75517  -57.79583 1154616904 215.621598    34.3983      50619         11  0.000e+00
     74.933    -1.4809   2.737267    -1.4828   2.737503    7.27255    -0.0674    13.8155 8.1433e+02  -62.75517  -57.79583 1154616904 215.621599    34.3983      50620         11  0.000e+00
     74.952    -1.4813   2.737276    -1.4844   2.737428    7.27262    -0.0343    13.8155 8.1433e+02  -62.75517  -57.79583 1154616904 215.621599    34.3989      50621         11  0.000e+00
     74.866    -1.4815   2.737240    -1.4847   2.737370    7.27260    -0.0343    13.8155 8.1433e+02  -62.75517  -57.79583 1154616904 215.621600    34.3987      50622         11  0.000e+00
     74.952    -1.4816   2.737240    -1.4844   2.737365    7.27270    -0.0894    13.8155 8.1433e+02  -62.75517  -57.79583 1154616904 215.621600    34.3988      50623         11  0.000e+00
     74.933    -1.4815   2.737276    -1.4836   2.737399    7.26785    -0.0784    13.8155 8.1238e+02  -62.75517  -57.79583 1154616904 215.621601    34.3991      50624         11  0.000e+00
     74.885    -1.4807   2.737286    -1.4822   2.737411    7.27247    -0.1114    13.8155 8.1238e+02  -62.75517  -57.79583 1154616904 215.621601    34.3984      50625         11  0.000e+00
     74.933    -1.4821   2.737257    -1.4812   2.737526    7.27274    -0.0123    13.8155 8.1238e+02  -62.75517  -57.79583 1154616905 215.621602    34.3995      50626         11  0.000e+00
     74.953    -1.4656   2.738600    -1.4665   2.738731    7.25981    -0.1004    13.8155 8.1627e+02  -62.75517  -57.79583 1154616916 215.621737    34.3991      50906         12  0.000e+00
     74.934    -1.4658   2.738610    -1.4671   2.738720    7.25504    -0.1004    13.8155 8.1627e+02  -62.75517  -57.79583 1154616916 215.621737    34.3995      50907         12  0.000e+00
     74.953    -1.4652   2.738580    -1.4677   2.738680    7.25977    -0.1445    13.8155 8.1627e+02  -62.75517  -57.79583 1154616916 215.621738    34.3984      50908         12  0.000e+00
     74.934    -1.4657   2.738600    -1.4676   2.738668    7.25502    -0.1225    13.8155 8.1627e+02  -62.75517  -57.79583 1154616916 215.621738    34.3992      50909         12  0.000e+00
     74.886    -1.4659   2.738587    -1.4680   2.738668    7.25501    -0.1004    13.8155 8.1627e+02  -62.75517  -57.79583 1154616916 215.621739    34.3993      50910         12  0.000e+00
     75.000    -1.4657   2.738587    -1.4673   2.738680    7.25510    -0.0564    13.8155 8.1627e+02  -62.75517  -57.79583 1154616916 215.621739    34.3990      50911         12  0.000e+00
     74.953    -1.4659   2.738541    -1.4673   2.738685    7.25989    -0.0784    13.8155 8.1627e+02  -62.75517  -57.79583 1154616916 215.621739    34.3986      50912         12  0.000e+00
     74.867    -1.4659   2.738541    -1.4671   2.738674    7.25502    -0.0564    13.8155 8.1627e+02  -62.75517  -57.79583 1154616917 215.621740    34.3986      50913         12  0.000e+00
     74.953    -1.4666   2.738521    -1.4673   2.738685    7.25523    -0.1555    13.8155 8.1627e+02  -62.75517  -57.79583 1154616917 215.621740    34.3992      50914         12  0.000e+00
     75.000    -1.4666   2.738505    -1.4673   2.738708    7.25530    -0.2106    13.8155 8.1627e+02  -62.75517  -57.79583 1154616917 215.621741    34.3990      50915         12  0.000e+00
     74.810    -1.4663   2.738534    -1.4668   2.738720    7.25503    -0.1225    13.8155 8.1433e+02  -62.75517  -57.79583 1154616917 215.621741    34.3991      50916         12  0.000e+00
     75.077    -1.4657   2.738564    -1.4668   2.738708    7.25520    -0.1004    13.8155 8.1433e+02  -62.75517  -57.79583 1154616917 215.621742    34.3986      50917         12  0.000e+00
     74.953    -1.4649   2.738577    -1.4663   2.738731    7.25495    -0.0343    13.8155 8.1433e+02  -62.75517  -57.79583 1154616917 215.621742    34.3980      50918         12  0.000e+00
     74.934    -1.4656   2.738521    -1.4657   2.738760    7.25506    -0.0123    13.8155 8.1627e+02  -62.75517  -57.79583 1154616917 215.621743    34.3980      50919         12  0.000e+00
     74.953    -1.4655   2.738567    -1.4662   2.738772    7.25504     0.0097    13.8155 8.1627e+02  -62.75517  -57.79583 1154616917 215.621743    34.3986      50920         12  0.000e+00
     74.934    -1.4659   2.738541    -1.4660   2.738749    7.25509    -0.0343    13.8155 8.1627e+02  -62.75517  -57.79583 1154616917 215.621744    34.3986      50921         12  0.000e+00
     74.953    -1.4666   2.738515    -1.4663   2.738778    7.25524    -0.0894    13.8155 8.1627e+02  -62.75517  -57.79583 1154616917 215.621744    34.3991      50922         12  0.000e+00
     74.934    -1.4664   2.738554    -1.4668   2.738737    7.25517    -0.1445    13.8155 8.1627e+02  -62.75517  -57.79583 1154616917 215.621745    34.3994      50923         12  0.000e+00
     74.953    -1.4668   2.738570    -1.4665   2.738720    7.25523    -0.1225    13.8155 8.1433e+02  -62.75517  -57.79583 1154616917 215.621745    34.4001      50924         12  0.000e+00
     74.934    -1.4658   2.738534    -1.4668   2.738737    7.25509    -0.0894    13.8155 8.1627e+02  -62.75517  -57.79583 1154616917 215.621746    34.3985      50925         12  0.000e+00
     74.953    -1.4656   2.738551    -1.4663   2.738703    7.25506    -0.0564    13.8155 8.1627e+02  -62.75517  -57.79583 1154616917 215.621746    34.3984      50926         12  0.000e+00
     75.000    -1.4660   2.738551    -1.4669   2.738726    7.25517    -0.0343    13.8155 8.1627e+02  -62.75517  -57.79583 1154616917 215.621747    34.3988      50927         12  0.000e+00
     74.953    -1.4657   2.738564    -1.4666   2.738714    7.25507    -0.0123    13.8155 8.1627e+02  -62.75517  -57.79583 1154616917 215.621747    34.3987      50928         12  0.000e+00
     74.934    -1.4658   2.738583    -1.4663   2.738691    7.25506    -0.0343    13.8155 8.1627e+02  -62.75517  -57.79583 1154616917 215.621748    34.3991      50929         12  0.000e+00
     74.953    -1.4656   2.738600    -1.4666   2.738749    7.25503    -0.0233    13.8155 8.1627e+02  -62.75517  -57.79583 1154616917 215.621748    34.3991      50930         12  0.000e+00
     75.000    -1.4660   2.738560    -1.4665   2.738731    7.25039    -0.0564    13.8155 8.1627e+02  -62.75517  -57.79583 1154616917 215.621749    34.3990      50931         12  0.000e+00
     74.953    -1.4662   2.738577    -1.4667   2.738720    7.25034    -0.1225    13.8155 8.1627e+02  -62.75517  -57.79583 1154616917 215.621749    34.3994      50932         12  0.000e+00
     74.934    -1.4659   2.738557    -1.4668   2.738708    7.25030    -0.1225    13.8155 8.1627e+02  -62.75517  -57.79583 1154616917 215.621750    34.3988      50933         12  0.000e+00
     74.953    -1.4660   2.738570    -1.4659   2.738691    7.25033    -0.1335    13.8155 8.1627e+02  -62.75517  -57.79583 1154616917 215.621750    34.3991      50934         12  0.000e+00
     75.000    -1.4662   2.738570    -1.4668   2.738708    7.25040    -0.1555    13.8155 8.1627e+02  -62.75517  -57.79583 1154616917 215.621751    34.3993      50935         12  0.000e+00
     74.953    -1.4658   2.738551    -1.4663   2.738720    7.25510    -0.1665    13.8155 8.1627e+02  -62.75517  -57.79583 1154616917 215.621751    34.3987      50936         12  0.000e+00
     75.000    -1.4660   2.738577    -1.4665   2.738697    7.25038    -0.1004    13.8155 8.1627e+02  -62.75517  -57.79583 1154616918 215.621752    34.3992      50937         12  0.000e+00
     74.953    -1.4649   2.738573    -1.4671   2.738685    7.25017    -0.0564    13.8155 8.1627e+02  -62.75517  -57.79583 1154616918 215.621752    34.3980      50938         12  0.000e+00
     74.934    -1.4659   2.738560    -1.4665   2.738685    7.25029    -0.0233    13.8155 8.1627e+02  -62.75517  -57.79583 1154616918 215.621753    34.3989      50939         12  0.000e+00
     74.886    -1.4657   2.738567    -1.4666   2.738691    7.25022    -0.0674    13.8155 8.1627e+02  -62.75517  -57.79583 1154616918 215.621753    34.3988      50940         12  0.000e+00
     75.077    -1.4660   2.738570    -1.4669   2.738708    7.25045    -0.0564    13.8155 8.1433e+02  -62.75517  -57.79583 1154616918 215.621753    34.3991      50941         12  0.000e+00
     74.953    -1.4657   2.738583    -1.4668   2.738737    7.25028    -0.0674    13.8155 8.1433e+02  -62.75517  -57.79583 1154616918 215.621754    34.3990      50942         12  0.000e+00
     75.000    -1.4663   2.738567    -1.4662   2.738726    7.25042    -0.1225    13.8155 8.1627e+02  -62.75517  -57.79583 1154616918 215.621754    34.3994      50943         12  0.000e+00
     74.953    -1.4657   2.738567    -1.4668   2.738708    7.25029    -0.1004    13.8155 8.1627e+02  -62.75517  -57.79583 1154616918 215.621755    34.3988      50944         12  0.000e+00
     75.000    -1.4655   2.738551    -1.4666   2.738714    7.25032    -0.0784    13.8155 8.1627e+02  -62.75517  -57.79583 1154616918 215.621755    34.3983      50945         12  0.000e+00
     74.953    -1.4656   2.738564    -1.4665   2.738720    7.25027    -0.1225    13.8155 8.1627e+02  -62.75517  -57.79583 1154616918 215.621756    34.3986      50946         12  0.000e+00
     75.000    -1.4657   2.738593    -1.4663   2.738697    7.25031    -0.0784    13.8155 8.1627e+02  -62.75517  -57.79583 1154616918 215.621756    34.3991      50947         12  0.000e+00
     74.953    -1.4654   2.738610    -1.4663   2.738708    7.25021    -0.0454    13.8155 8.1627e+02  -62.75517  -57.79583 1154616918 215.621757    34.3990      50948         12  0.000e+00
     75.000    -1.4656   2.738593    -1.4666   2.738731    7.25030    -0.1114    13.8155 8.1627e+02  -62.75517  -57.79583 1154616918 215.621757    34.3989      50949         12  0.000e+00
     74.953    -1.4654   2.738590    -1.4668   2.738703    7.25022    -0.2106    13.8155 8.1627e+02  -62.75517  -57.79583 1154616918 215.621758    34.3987      50950         12  0.000e+00
     75.000    -1.4657   2.738600    -1.4665   2.738691    7.25031    -0.0894    13.8155 8.1627e+02  -62.75517  -57.79583 1154616918 215.621758    34.3992      50951         12  0.000e+00
     74.953    -1.4654   2.738593    -1.4669   2.738674    7.25022    -0.0343    13.8155 8.1627e+02  -62.75517  -57.79583 1154616918 215.621759    34.3987      50952         12  0.000e+00
     75.000    -1.4662   2.738557    -1.4666   2.738668    7.25041    -0.0454    13.8155 8.1627e+02  -62.75517  -57.79583 1154616918 215.621759    34.3991      50953         12  0.000e+00
     74.953    -1.4671   2.738528    -1.4671   2.738685    7.25052    -0.0564    13.8155 8.1627e+02  -62.75517  -57.79583 1154616918 215.621760    34.3998      50954         12  0.000e+00
     50.840    -1.3516   2.746693    -1.3779   2.744859    7.21309    -0.1225    13.8155 8.1238e+02  -62.75517  -57.79583 1154616984 215.622523    34.3948      52536         13  0.000e+00
     50.907    -1.3517   2.746696    -1.3802   2.744737    7.21318    -0.0894    13.8155 8.1238e+02  -62.75517  -57.79583 1154616984 215.622523    34.3950      52537         13  0.000e+00
     50.907    -1.3527   2.746650    -1.3801   2.744726    7.21335    -0.1004    13.8155 8.1238e+02  -62.75517  -57.79583 1154616984 215.622524    34.3954      52538         13  0.000e+00
     50.840    -1.3547   2.746395    -1.3767   2.744893    7.21375    -0.0784    13.8155 8.1238e+02  -62.75517  -57.79583 1154616984 215.622524    34.3942      52539         13  0.000e+00
     50.840    -1.3607   2.745988    -1.3732   2.745061    7.21491    -0.0013    13.8155 8.1238e+02  -62.75517  -57.79583 1154616984 215.622525    34.3955      52540         13  0.000e+00
     50.907    -1.3656   2.745526    -1.3722   2.745136    7.21602    -0.0123    13.8155 8.1238e+02  -62.75517  -57.79583 1154616984 215.622525    34.3948      52541         13  0.000e+00
     50.840    -1.3699   2.745250    -1.3712   2.745171    7.21678    -0.0564    13.8155 8.1238e+02  -62.75517  -57.79583 1154616984 215.622526    34.3960      52542         13  0.000e+00
