product_data/regression_test/downloaded_data/MGDS/320620060703/ctd/p6622701.ros
* Sea-Bird SBE 9 Data File:
* FileName = D:\Data\Raw\p6622701.dat
* Software Version Seasave Win32 V 5.32
* Temperature SN = 1649
* Conductivity SN = 1431
* Number of Bytes Per Scan = 37
* Number of Voltage Words = 5
* Number of Scans Averaged by the Deck Unit = 1
* NMEA Latitude = 62 59.98 S
* NMEA Longitude = 057 36.92 W
* NMEA UTC (Time) = 02:40:11
** Ship:   Nathaniel B. Palmer 
** Cruise:    NBP0606 
# nquan = 17
# nvalues = 1174                    
# units = specified
# name 0 = prDM: Pressure, Digiquartz [db]
# name 1 = t090C: Temperature [ITS-90, deg C]
# name 2 = c0S/m: Conductivity [S/m]
# name 3 = t190C: Temperature, 2 [ITS-90, deg C]
# name 4 = c1S/m: Conductivity, 2 [S/m]
# name 5 = sbeox0ML/L: Oxygen, SBE 43 [ml/l]
# name 6 = flECO-AFL: Fluorescence, Wetlab ECO-AFL/FL [mg/m^3]
# name 7 = bat: Beam Attenuation, Chelsea/Seatech/Wetlab CStar [1/m]
# name 8 = spar: SPAR/Surface Irradiance
# name 9 = latitude: Latitude [deg]
# name 10 = longitude: Longitude [deg]
# name 11 = timeY: Time, System [seconds]
# name 12 = timeJ: Julian Days
# name 13 = sal00: Salinity [PSU]
# name 14 = scan: scan number
# name 15 = nbf: number of bottles fired
# name 16 = flag:  0.000e+00
# interval = seconds: 0.0416667                   
# start_time = Aug 04 2006 02:41:00
*END*
[from data line 426]
     75.794    -1.8233   2.713799    -1.8216   2.714103    7.51482    -0.0564    13.8155 0.0000e+00  -62.99967  -57.61533 1154659676 216.116642    34.4681      10029          9  0.000e+00
     75.699    -1.8231   2.713815    -1.8219   2.714074    7.51467    -0.0233    13.8155 0.0000e+00  -62.99967  -57.61533 1154659676 216.116642    34.4682      10030          9  0.000e+00
     75.728    -1.8233   2.713802    -1.8217   2.714068    7.51475     0.0097    13.8155 0.0000e+00  -62.99967  -57.61533 1154659676 216.116643    34.4682      10031          9  0.000e+00
     75.699    -1.8234   2.713848    -1.8209   2.714103    7.51470     0.0979    13.8155 0.0000e+00  -62.99967  -57.61533 1154659676 216.116643    34.4690      10032          9  0.000e+00
     75.728    -1.8235   2.713864    -1.8200   2.714178    7.51472     0.0868    13.8155 0.0000e+00  -62.99967  -57.61533 1154659676 216.116644    34.4693      10033          9  0.000e+00
     75.775    -1.8233   2.713845    -1.8196   2.714201    7.51476     0.0097    13.8155 0.0000e+00  -62.99967  -57.61533 1154659677 216.116644    34.4687      10034          9  0.000e+00
     75.651    -1.8232   2.713825    -1.8198   2.714160    7.51463    -0.0343    13.8155 0.0000e+00  -62.99967  -57.61533 1154659677 216.116644    34.4684      10035          9  0.000e+00
     75.775    -1.8233   2.713822    -1.8204   2.714166    7.51477    -0.0784    13.8155 0.0000e+00  -62.99967  -57.61533 1154659677 216.116645    34.4684      10036          9  0.000e+00
     75.651    -1.8236   2.713835    -1.8193   2.714206    7.51468    -0.0123    13.8155 0.0000e+00  -62.99967  -57.61533 1154659677 216.116645    34.4690      10037          9  0.000e+00
     75.775    -1.8232   2.713874    -1.8185   2.714298    7.51472    -0.0123    13.8155 0.0000e+00  -62.99967  -57.61533 1154659677 216.116646    34.4690      10038          9  0.000e+00
     75.651    -1.8220   2.713900    -1.8179   2.714344    7.51440     0.0097    13.8155 0.0000e+00  -62.99967  -57.61533 1154659677 216.116646    34.4681      10039          9  0.000e+00
     75.699    -1.8212   2.713956    -1.8173   2.714344    7.51427     0.0538    13.8155 0.0000e+00  -62.99967  -57.61533 1154659677 216.116647    34.4679      10040          9  0.000e+00
     75.728    -1.8208   2.714021    -1.8178   2.714327    7.51420     0.0318    13.8155 0.0000e+00  -62.99967  -57.61533 1154659677 216.116647    34.4683      10041          9  0.000e+00
     75.776    -1.8195   2.714083    -1.8179   2.714327    7.51884    -0.0123    13.8155 0.0000e+00  -62.99967  -57.61533 1154659679 216.116671    34.4677      10091         10  0.000e+00
     75.728    -1.8192   2.714083    -1.8175   2.714327    7.51873    -0.0123    13.8155 0.0000e+00  -62.99967  -57.61533 1154659679 216.116672    34.4673      10092         10  0.000e+00
     75.776    -1.8191   2.714063    -1.8179   2.714344    7.51878    -0.0013    13.8155 0.0000e+00  -62.99967  -57.61533 1154659679 216.116672    34.4669      10093         10  0.000e+00
     75.728    -1.8195   2.714093    -1.8178   2.714333    7.51877     0.0097    13.8155 0.0000e+00  -62.99967  -57.61533 1154659679 216.116673    34.4678      10094         10  0.000e+00
     75.699    -1.8191   2.714106    -1.8176   2.714339    7.51867    -0.0123    13.8155 0.0000e+00  -62.99967  -57.61533 1154659679 216.116673    34.4676      10095         10  0.000e+00
     75.795    -1.8189   2.714086    -1.8176   2.714327    7.51875    -0.0564    13.8155 0.0000e+00  -62.99967  -57.61533 1154659679 216.116674    34.4670      10096         10  0.000e+00
     75.699    -1.8189   2.714099    -1.8176   2.714344    7.51865    -0.0233    13.8155 0.0000e+00  -62.99967  -57.61533 1154659679 216.116674    34.4673      10097         10  0.000e+00
     75.728    -1.8187   2.714086    -1.8176   2.714333    7.51865     0.0538    13.8155 0.0000e+00  -62.99967  -57.61533 1154659679 216.116675    34.4668      10098         10  0.000e+00
     75.776    -1.8186   2.714132    -1.8176   2.714344    7.51866     0.0318    13.8155 0.0000e+00  -62.99967  -57.61533 1154659679 216.116675    34.4674      10099         10  0.000e+00
     75.728    -1.8187   2.714115    -1.8173   2.714356    7.51863     0.0097    13.8155 0.0000e+00  -62.99967  -57.61533 1154659679 216.116676    34.4672      10100         10  0.000e+00
     75.776    -1.8188   2.714106    -1.8175   2.714356    7.51870    -0.0343    13.8155 0.0000e+00  -62.99967  -57.61533 1154659679 216.116676    34.4672      10101         10  0.000e+00
     75.728    -1.8189   2.714135    -1.8176   2.714373    7.51865    -0.0784    13.8155 0.0000e+00  -62.99967  -57.61533 1154659679 216.116677    34.4677      10102         10  0.000e+00
     75.699    -1.8188   2.714129    -1.8171   2.714373    7.51861    -0.1225    13.8155 0.0000e+00  -62.99967  -57.61533 1154659679 216.116677    34.4675      10103         10  0.000e+00
     75.795    -1.8186   2.714158    -1.8171   2.714356    7.51865    -0.0784    13.8155 0.0000e+00  -62.99967  -57.61533 1154659679 216.116678    34.4676      10104         10  0.000e+00
     75.699    -1.8185   2.714171    -1.8176   2.714356    7.51853     0.0097    13.8155 0.0000e+00  -62.99967  -57.61533 1154659679 216.116678    34.4678      10105         10  0.000e+00
     75.728    -1.8186   2.714151    -1.8176   2.714356    7.51858     0.0428    13.8155 0.0000e+00  -62.99967  -57.61533 1154659680 216.116679    34.4676      10106         10  0.000e+00
     75.776    -1.8179   2.714129    -1.8173   2.714356    7.51854     0.0318    13.8155 0.0000e+00  -62.99967  -57.61533 1154659680 216.116679    34.4664      10107         10  0.000e+00
     75.728    -1.8185   2.714142    -1.8179   2.714356    7.51858     0.0538    13.8155 0.0000e+00  -62.99967  -57.61533 1154659680 216.116680    34.4673      10108         10  0.000e+00
     75.776    -1.8187   2.714164    -1.8178   2.714356    7.51865     0.0207    13.8155 0.0000e+00  -62.99967  -57.61533 1154659680 216.116680    34.4679      10109         10  0.000e+00
     75.728    -1.8188   2.714151    -1.8176   2.714344    7.51862     0.0097    13.8155 0.0000e+00  -62.99967  -57.61533 1154659680 216.116681    34.4678      10110         10  0.000e+00
     75.776    -1.8184   2.714129    -1.8176   2.714350    7.51863     0.0538    13.8155 0.0000e+00  -62.99967  -57.61533 1154659680 216.116681    34.4670      10111         10  0.000e+00
     75.728    -1.8183   2.714142    -1.8173   2.714356    7.51856     0.0538    13.8155 0.0000e+00  -62.99967  -57.61533 1154659680 216.116682    34.4672      10112         10  0.000e+00
     75.842    -1.8189   2.714164    -1.8171   2.714356    7.51874     0.0538    13.8155 0.0000e+00  -62.99967  -57.61533 1154659680 216.116682    34.4680      10113         10  0.000e+00
     75.728    -1.8183   2.714151    -1.8174   2.714356    7.51855     0.0097    13.8155 0.0000e+00  -62.99967  -57.61533 1154659680 216.116683    34.4673      10114         10  0.000e+00
     75.776    -1.8186   2.714115    -1.8176   2.714356    7.51866    -0.0123    13.8155 0.0000e+00  -62.99967  -57.61533 1154659680 216.116683    34.4670      10115         10  0.000e+00
     75.728    -1.8186   2.714119    -1.8173   2.714373    7.51862     0.0318    13.8155 0.0000e+00  -62.99967  -57.61533 1154659680 216.116684    34.4672      10116         10  0.000e+00
     75.776    -1.8183   2.714158    -1.8170   2.714385    7.51858     0.0648    13.8155 0.0000e+00  -62.99967  -57.61533 1154659680 216.116684    34.4673      10117         10  0.000e+00
     75.795    -1.8182   2.714151    -1.8171   2.714373    7.51860    -0.0454    13.8155 0.0000e+00  -62.99967  -57.61533 1154659680 216.116685    34.4671      10118         10  0.000e+00
     75.776    -1.8184   2.714129    -1.8170   2.714379    7.51863    -0.1335    13.8155 0.0000e+00  -62.99967  -57.61533 1154659680 216.116685    34.4670      10119         10  0.000e+00
     75.795    -1.8183   2.714142    -1.8176   2.714385    7.51863    -0.0674    13.8155 0.0000e+00  -62.99967  -57.61533 1154659680 216.116685    34.4671      10120         10  0.000e+00
     75.699    -1.8186   2.714164    -1.8170   2.714385    7.51854    -0.0233    13.8155 0.0000e+00  -62.99967  -57.61533 1154659680 216.116686    34.4678      10121         10  0.000e+00
     75.795    -1.8179   2.714171    -1.8171   2.714362    7.51853    -0.0343    13.8155 0.0000e+00  -62.99967  -57.61533 1154659680 216.116686    34.4670      10122         10  0.000e+00
     75.776    -1.8178   2.714151    -1.8175   2.714373    7.51852    -0.0343    13.8155 0.0000e+00  -62.99967  -57.61533 1154659680 216.116687    34.4666      10123         10  0.000e+00
     75.728    -1.8183   2.714164    -1.8171   2.714385    7.51854    -0.0233    13.8155 0.0000e+00  -62.99967  -57.61533 1154659680 216.116687    34.4675      10124         10  0.000e+00
     75.842    -1.8181   2.714151    -1.8171   2.714385    7.51863     0.0758    13.8155 0.0000e+00  -62.99967  -57.61533 1154659680 216.116688    34.4669      10125         10  0.000e+00
     75.728    -1.8183   2.714164    -1.8170   2.714373    7.51854     0.0318    13.8155 0.0000e+00  -62.99967  -57.61533 1154659680 216.116688    34.4675      10126         10  0.000e+00
     75.776    -1.8184   2.714151    -1.8167   2.714379    7.51861     0.0097    13.8155 0.0000e+00  -62.99967  -57.61533 1154659680 216.116689    34.4674      10127         10  0.000e+00
     75.795    -1.8185   2.714178    -1.8171   2.714402    7.51862    -0.0674    13.8155 0.0000e+00  -62.99967  -57.61533 1154659680 216.116689    34.4678      10128         10  0.000e+00
     75.776    -1.8183   2.714158    -1.8170   2.714390    7.51859    -0.0343    13.8155 0.0000e+00  -62.99967  -57.61533 1154659680 216.116690    34.4674      10129         10  0.000e+00
     75.795    -1.8184   2.714164    -1.8173   2.714402    7.51862     0.0207    13.8155 0.0000e+00  -62.99967  -57.61533 1154659681 216.116690    34.4675      10130         10  0.000e+00
     75.776    -1.8177   2.714171    -1.8168   2.714367    7.51849     0.0318    13.8155 0.0000e+00  -62.99967  -57.61533 1154659681 216.116691    34.4668      10131         10  0.000e+00
     75.728    -1.8184   2.714171    -1.8170   2.714373    7.51855     0.0538    13.8155 0.0000e+00  -62.99967  -57.61533 1154659681 216.116691    34.4677      10132         10  0.000e+00
     75.842    -1.8182   2.714151    -1.8168   2.714362    7.51865     0.0097    13.8155 0.0000e+00  -62.99967  -57.61533 1154659681 216.116692    34.4670      10133         10  0.000e+00
     75.795    -1.8184   2.714129    -1.8175   2.714390    7.51865     0.0428    13.8155 0.0000e+00  -62.99967  -57.61533 1154659681 216.116692    34.4670      10134         10  0.000e+00
     75.776    -1.8183   2.714125    -1.8174   2.714402    7.51862     0.0318    13.8155 0.0000e+00  -62.99967  -57.61533 1154659681 216.116693    34.4669      10135         10  0.000e+00
     75.795    -1.8186   2.714158    -1.8173   2.714390    7.51865     0.0538    13.8155 0.0000e+00  -62.99967  -57.61533 1154659681 216.116693    34.4676      10136         10  0.000e+00
     75.776    -1.8182   2.714151    -1.8170   2.714385    7.51858    -0.0343    13.8155 0.0000e+00  -62.99967  -57.61533 1154659681 216.116694    34.4671      10137         10  0.000e+00
     75.795    -1.8186   2.714129    -1.8175   2.714362    7.51867    -0.0784    13.8155 0.0000e+00  -62.99967  -57.61533 1154659681 216.116694    34.4672      10138         10  0.000e+00
     75.842    -1.8182   2.714142    -1.8171   2.714356    7.51865    -0.0013    13.8155 0.0000e+00  -62.99967  -57.61533 1154659681 216.116695    34.4669      10139         10  0.000e+00
     75.862    -1.8183   2.714171    -1.8173   2.714373    7.51867    -0.0123    13.8155 0.0000e+00  -62.99967  -57.61533 1154659682 216.116708    34.4675      10166         11  0.000e+00
     75.776    -1.8183   2.714171    -1.8175   2.714373    7.51858    -0.0013    13.8155 0.0000e+00  -62.99967  -57.61533 1154659682 216.116708    34.4675      10167         11  0.000e+00
     75.862    -1.8186   2.714151    -1.8171   2.714385    7.51874    -0.0233    13.8155 0.0000e+00  -62.99967  -57.61533 1154659682 216.116709    34.4676      10168         11  0.000e+00
     75.919    -1.8185   2.714148    -1.8171   2.714385    7.51877     0.0318    13.8155 0.0000e+00  -62.99967  -57.61533 1154659682 216.116709    34.4673      10169         11  0.000e+00
     75.795    -1.8184   2.714129    -1.8173   2.714385    7.51865     0.0318    13.8155 0.0000e+00  -62.99967  -57.61533 1154659682 216.116710    34.4670      10170         11  0.000e+00
     75.919    -1.8191   2.714158    -1.8176   2.714385    7.51887    -0.0233    13.8155 0.0000e+00  -62.99967  -57.61533 1154659682 216.116710    34.4682      10171         11  0.000e+00
     75.862    -1.8187   2.714151    -1.8173   2.714385    7.51875    -0.0454    13.8155 0.0000e+00  -62.99967  -57.61533 1154659682 216.116711    34.4676      10172         11  0.000e+00
     75.776    -1.8186   2.714148    -1.8175   2.714396    7.51865     0.0428    13.8155 0.0000e+00  -62.99967  -57.61533 1154659682 216.116711    34.4676      10173         11  0.000e+00
     75.862    -1.8187   2.714129    -1.8181   2.714367    7.51876     0.0207    13.8155 0.0000e+00  -62.99967  -57.61533 1154659682 216.116712    34.4673      10174         11  0.000e+00
     75.919    -1.8189   2.714142    -1.8173   2.714373    7.51885    -0.0343    13.8155 0.0000e+00  -62.99967  -57.61533 1154659682 216.116712    34.4677      10175         11  0.000e+00
     75.862    -1.8189   2.714129    -1.8180   2.714385    7.51879    -0.1004    13.8155 0.0000e+00  -62.99967  -57.61533 1154659682 216.116712    34.4675      10176         11  0.000e+00
     75.842    -1.8186   2.714109    -1.8178   2.714339    7.51875    -0.0894    13.8155 0.0000e+00  -62.99967  -57.61533 1154659683 216.116713    34.4670      10177         11  0.000e+00
     75.862    -1.8184   2.714135    -1.8175   2.714367    7.51871    -0.0343    13.8155 0.0000e+00  -62.99967  -57.61533 1154659683 216.116713    34.4671      10178         11  0.000e+00
     75.919    -1.8183   2.714129    -1.8175   2.714362    7.51877    -0.0123    13.8155 0.0000e+00  -62.99967  -57.61533 1154659683 216.116714    34.4668      10179         11  0.000e+00
     75.862    -1.8186   2.714158    -1.8173   2.714367    7.51872    -0.0454    13.8155 0.0000e+00  -62.99967  -57.61533 1154659683 216.116714    34.4676      10180         11  0.000e+00
     75.842    -1.8189   2.714151    -1.8175   2.714356    7.51876    -0.0013    13.8155 0.0000e+00  -62.99967  -57.61533 1154659683 216.116715    34.4679      10181         11  0.000e+00
     75.862    -1.8189   2.714148    -1.8173   2.714356    7.51878     0.0428    13.8155 0.0000e+00  -62.99967  -57.61533 1154659683 216.116715    34.4678      10182         11  0.000e+00
     75.842    -1.8191   2.714129    -1.8178   2.714333    7.51881     0.0318    13.8155 0.0000e+00  -62.99967  -57.61533 1154659683 216.116716    34.4678      10183         11  0.000e+00
     75.938    -1.8187   2.714109    -1.8173   2.714367    7.51886     0.0207    13.8155 0.0000e+00  -62.99967  -57.61533 1154659683 216.116716    34.4670      10184         11  0.000e+00
     75.842    -1.8186   2.714155    -1.8175   2.714385    7.51872     0.0097    13.8155 0.0000e+00  -62.99967  -57.61533 1154659683 216.116717    34.4676      10185         11  0.000e+00
     75.862    -1.8189   2.714171    -1.8175   2.714362    7.51877    -0.0454    13.8155 0.0000e+00  -62.99967  -57.61533 1154659683 216.116717    34.4682      10186         11  0.000e+00
     75.919    -1.8186   2.714135    -1.8171   2.714356    7.51880    -0.0123    13.8155 0.0000e+00  -62.99967  -57.61533 1154659683 216.116718    34.4672      10187         11  0.000e+00
