product_data/regression_test/downloaded_data/MGDS/320620060703/ctd/p6621901.ros
* Sea-Bird SBE 9 Data File:
* FileName = D:\Data\Raw\p6621901.dat
* Software Version Seasave Win32 V 5.32
* Temperature SN = 1649
* Conductivity SN = 1431
* Number of Bytes Per Scan = 37
* Number of Voltage Words = 5
* Number of Scans Averaged by the Deck Unit = 1
* NMEA Latitude = 62 08.99 S
* NMEA Longitude = 063 05.99 W
* NMEA UTC (Time) = 23:41:35
** Ship:   Nathaniel B. Palmer 
** Cruise:    NBP0606 
# nquan = 17
# nvalues = 1176                    
# units = specified
# name 0 = prDM: Pressure, Digiquartz [db]
# name 1 = t090C: Temperature [ITS-90, deg C]
# name 2 = c0S/m: Conductivity [S/m]
# name 3 = t190C: Temperature, 2 [ITS-90, deg C]
# name 4 = c1S/m: Conductivity, 2 [S/m]
# name 5 = sbeox0ML/L: Oxygen, SBE 43 [ml/l]
# name 6 = flECO-AFL: Fluorescence, Wetlab ECO-AFL/FL [mg/m^3]
# name 7 = bat: Beam Attenuation, Chelsea/Seatech/Wetlab CStar [1/m]
# name 8 = spar: SPAR/Surface Irradiance
# name 9 = latitude: Latitude [deg]
# name 10 = longitude: Longitude [deg]
# name 11 = timeY: Time, System [seconds]
# name 12 = timeJ: Julian Days
# name 13 = sal00: Salinity [PSU]
# name 14 = scan: scan number
# name 15 = nbf: number of bottles fired
# name 16 = flag:  0.000e+00
# interval = seconds: 0.0416667                   
# start_time = Aug 01 2006 23:41:59
*END*
    999.846     1.4242   3.050663     1.4241   3.050828    4.83633    -0.1225    13.8155 0.0000e+00  -62.14983  -63.09983 1154477141 214.003966    34.7277      34169          1  0.000e+00
    999.701     1.4245   3.050611     1.4246   3.050816    4.83623    -0.0564    13.8155 0.0000e+00  -62.14983  -63.09983 1154477141 214.003967    34.7268      34170          1  0.000e+00
    999.865     1.4242   3.050625     1.4244   3.050816    4.83133    -0.1665    13.8155 0.0000e+00  -62.14983  -63.09983 1154477141 214.003967    34.7272      34171          1  0.000e+00
    999.778     1.4237   3.050639     1.4238   3.050810    4.83131    -0.1445    13.8155 0.0000e+00  -62.14983  -63.09983 1154477141 214.003967    34.7280      34172          1  0.000e+00
    999.778     1.4240   3.050622     1.4241   3.050816    4.83632    -0.1445    13.8155 0.0000e+00  -62.14983  -63.09983 1154477141 214.003968    34.7274      34173          1  0.000e+00
    999.846     1.4240   3.050649     1.4240   3.050828    4.83636    -0.1335    13.8155 0.0000e+00  -62.14983  -63.09983 1154477141 214.003968    34.7277      34174          1  0.000e+00
    999.846     1.4240   3.050629     1.4244   3.050822    4.83637    -0.1225    13.8155 0.0000e+00  -62.14983  -63.09983 1154477141 214.003969    34.7275      34175          1  0.000e+00
    999.797     1.4240   3.050611     1.4246   3.050828    4.83634    -0.0894    13.8155 0.0000e+00  -62.14983  -63.09983 1154477141 214.003969    34.7273      34176          1  0.000e+00
    999.846     1.4243   3.050615     1.4241   3.050822    4.83634    -0.1555    13.8155 0.0000e+00  -62.14983  -63.09983 1154477141 214.003970    34.7270      34177          1  0.000e+00
    999.846     1.4234   3.050635     1.4243   3.050810    4.83642    -0.1335    13.8155 0.0000e+00  -62.14983  -63.09983 1154477141 214.003970    34.7282      34178          1  0.000e+00
    999.846     1.4240   3.050618     1.4243   3.050846    4.83637    -0.0784    13.8155 0.0000e+00  -62.14983  -63.09983 1154477141 214.003971    34.7273      34179          1  0.000e+00
    999.846     1.4240   3.050653     1.4241   3.050810    4.83132    -0.0784    13.8155 0.0000e+00  -62.14983  -63.09983 1154477141 214.003971    34.7278      34180          1  0.000e+00
    999.846     1.4242   3.050666     1.4240   3.050804    4.83130    -0.1114    13.8155 0.0000e+00  -62.14983  -63.09983 1154477141 214.003972    34.7278      34181          1  0.000e+00
    999.798     1.4240   3.050587     1.4243   3.050798    4.83132    -0.0674    13.8155 0.0000e+00  -62.14983  -63.09983 1154477141 214.003972    34.7270      34182          1  0.000e+00
    999.923     1.4239   3.050605     1.4244   3.050846    4.83644    -0.1225    13.8155 0.0000e+00  -62.14983  -63.09983 1154477141 214.003973    34.7273      34183          1  0.000e+00
    999.846     1.4242   3.050649     1.4244   3.050828    4.83131    -0.0233    13.8155 0.0000e+00  -62.14983  -63.09983 1154477141 214.003973    34.7275      34184          1  0.000e+00
    999.923     1.4239   3.050646     1.4244   3.050810    4.83139    -0.0784    13.8155 0.0000e+00  -62.14983  -63.09983 1154477141 214.003974    34.7278      34185          1  0.000e+00
    999.846     1.4240   3.050604     1.4243   3.050816    4.83134    -0.1445    13.8155 0.0000e+00  -62.14983  -63.09983 1154477141 214.003974    34.7272      34186          1  0.000e+00
    999.923     1.4240   3.050625     1.4238   3.050876    4.83138    -0.0894    13.8155 0.0000e+00  -62.14983  -63.09983 1154477141 214.003975    34.7274      34187          1  0.000e+00
    999.943     1.4239   3.050639     1.4244   3.050846    4.83141    -0.0343    13.8155 0.0000e+00  -62.14983  -63.09983 1154477141 214.003975    34.7277      34188          1  0.000e+00
    999.923     1.4240   3.050642     1.4241   3.050822    4.83138    -0.0564    13.8155 0.0000e+00  -62.14983  -63.09983 1154477142 214.003976    34.7276      34189          1  0.000e+00
    999.923     1.4239   3.050635     1.4243   3.050828    4.83139    -0.1004    13.8155 0.0000e+00  -62.14983  -63.09983 1154477142 214.003976    34.7277      34190          1  0.000e+00
    999.991     1.4240   3.050639     1.4243   3.050846    4.83142    -0.1555    13.8155 0.0000e+00  -62.14983  -63.09983 1154477142 214.003977    34.7275      34191          1  0.000e+00
    999.923     1.4239   3.050642     1.4246   3.050816    4.83643    -0.1886    13.8155 0.0000e+00  -62.14983  -63.09983 1154477142 214.003977    34.7278      34192          1  0.000e+00
    999.943     1.4242   3.050635     1.4244   3.050840    4.83138    -0.1335    13.8155 0.0000e+00  -62.14983  -63.09983 1154477142 214.003978    34.7273      34193          1  0.000e+00
    999.991     1.4239   3.050656     1.4247   3.050834    4.83143    -0.0674    13.8155 0.0000e+00  -62.14983  -63.09983 1154477142 214.003978    34.7279      34194          1  0.000e+00
    999.991     1.4240   3.050659     1.4246   3.050876    4.83142    -0.0784    13.8155 0.0000e+00  -62.14983  -63.09983 1154477142 214.003979    34.7278      34195          1  0.000e+00
    999.991     1.4242   3.050629     1.4244   3.050858    4.83141    -0.1555    13.8155 0.0000e+00  -62.14983  -63.09983 1154477142 214.003979    34.7272      34196          1  0.000e+00
    999.991     1.4240   3.050635     1.4241   3.050834    4.83143    -0.1335    13.8155 0.0000e+00  -62.14983  -63.09983 1154477142 214.003980    34.7275      34197          1  0.000e+00
   1000.059     1.4239   3.050673     1.4244   3.050804    4.83147    -0.1445    13.8155 0.0000e+00  -62.14983  -63.09983 1154477142 214.003980    34.7281      34198          1  0.000e+00
   1000.010     1.4239   3.050670     1.4244   3.050888    4.83144    -0.0674    13.8155 0.0000e+00  -62.14983  -63.09983 1154477142 214.003981    34.7281      34199          1  0.000e+00
   1000.059     1.4242   3.050646     1.4246   3.050870    4.83145     0.0097    13.8155 0.0000e+00  -62.14983  -63.09983 1154477142 214.003981    34.7274      34200          1  0.000e+00
   1000.059     1.4242   3.050653     1.4240   3.050858    4.83145    -0.1114    13.8155 0.0000e+00  -62.14983  -63.09983 1154477142 214.003981    34.7275      34201          1  0.000e+00
   1000.136     1.4234   3.050629     1.4246   3.050852    4.83159    -0.1665    13.8155 0.0000e+00  -62.14983  -63.09983 1154477142 214.003982    34.7280      34202          1  0.000e+00
   1000.059     1.4242   3.050653     1.4240   3.050834    4.83145    -0.1335    13.8155 0.0000e+00  -62.14983  -63.09983 1154477142 214.003982    34.7275      34203          1  0.000e+00
    999.943     1.4240   3.050677     1.4246   3.050876    4.83138    -0.1004    13.8155 0.0000e+00  -62.14983  -63.09983 1154477142 214.003983    34.7280      34204          1  0.000e+00
   1000.281     1.4240   3.050653     1.4244   3.050858    4.83161    -0.1225    13.8155 0.0000e+00  -62.14983  -63.09983 1154477142 214.003983    34.7275      34205          1  0.000e+00
   1000.136     1.4239   3.050653     1.4246   3.050882    4.83153    -0.1555    13.8155 0.0000e+00  -62.14983  -63.09983 1154477142 214.003984    34.7278      34206          1  0.000e+00
   1000.204     1.4243   3.050663     1.4243   3.050858    4.83153    -0.0343    13.8155 0.0000e+00  -62.14983  -63.09983 1154477142 214.003984    34.7274      34207          1  0.000e+00
   1000.136     1.4237   3.050666     1.4243   3.050858    4.83154     0.0538    13.8155 0.0000e+00  -62.14983  -63.09983 1154477142 214.003985    34.7281      34208          1  0.000e+00
   1000.204     1.4243   3.050642     1.4244   3.050876    4.83153     0.0097    13.8155 0.0000e+00  -62.14983  -63.09983 1154477142 214.003985    34.7271      34209          1  0.000e+00
   1000.155     1.4243   3.050677     1.4241   3.050888    4.83149    -0.0674    13.8155 0.0000e+00  -62.14983  -63.09983 1154477142 214.003986    34.7276      34210          1  0.000e+00
   1000.281     1.4240   3.050691     1.4243   3.050858    4.83160    -0.0343    13.8155 0.0000e+00  -62.14983  -63.09983 1154477142 214.003986    34.7280      34211          1  0.000e+00
   1000.204     1.4242   3.050649     1.4243   3.050858    4.83155    -0.0343    13.8155 0.0000e+00  -62.14983  -63.09983 1154477143 214.003987    34.7274      34212          1  0.000e+00
   1000.281     1.4242   3.050694     1.4243   3.050840    4.83158    -0.1004    13.8155 0.0000e+00  -62.14983  -63.09983 1154477143 214.003987    34.7279      34213          1  0.000e+00
   1000.349     1.4242   3.050653     1.4243   3.050804    4.83164    -0.1445    13.8155 0.0000e+00  -62.14983  -63.09983 1154477143 214.003988    34.7273      34214          1  0.000e+00
   1000.300     1.4240   3.050677     1.4244   3.050870    4.83162    -0.0784    13.8155 0.0000e+00  -62.14983  -63.09983 1154477143 214.003988    34.7278      34215          1  0.000e+00
   1000.349     1.4242   3.050670     1.4238   3.050858    4.83163    -0.1004    13.8155 0.0000e+00  -62.14983  -63.09983 1154477143 214.003989    34.7275      34216          1  0.000e+00
   1000.349     1.4239   3.050642     1.4243   3.050858    4.83168    -0.1665    13.8155 0.0000e+00  -62.14983  -63.09983 1154477143 214.003989    34.7275      34217          1  0.000e+00
    801.417     1.6334   3.059992     1.6304   3.059977    4.70048    -0.0784    13.8155 0.0000e+00  -62.14983  -63.09983 1154477423 214.007230    34.7252      40938          2  0.000e+00
    801.561     1.6331   3.060013     1.6306   3.059971    4.70059    -0.0674    13.8155 0.0000e+00  -62.14983  -63.09983 1154477423 214.007231    34.7257      40939          2  0.000e+00
    801.484     1.6335   3.059999     1.6312   3.060014    4.70051    -0.1225    13.8155 0.0000e+00  -62.14983  -63.09983 1154477423 214.007231    34.7252      40940          2  0.000e+00
    801.465     1.6331   3.060068     1.6311   3.059989    4.70050    -0.1445    13.8155 0.0000e+00  -62.14983  -63.09983 1154477423 214.007232    34.7265      40941          2  0.000e+00
    801.417     1.6339   3.060082     1.6314   3.060032    4.70039    -0.0454    13.8155 0.0000e+00  -62.14983  -63.09983 1154477423 214.007232    34.7258      40942          2  0.000e+00
    801.484     1.6345   3.060089     1.6319   3.060056    4.70037    -0.0564    13.8155 0.0000e+00  -62.14983  -63.09983 1154477423 214.007233    34.7252      40943          2  0.000e+00
    801.417     1.6344   3.060130     1.6328   3.060062    4.70032    -0.0454    13.8155 0.0000e+00  -62.14983  -63.09983 1154477423 214.007233    34.7259      40944          2  0.000e+00
    801.417     1.6349   3.060144     1.6326   3.060080    4.70027    -0.0454    13.8155 0.0000e+00  -62.14983  -63.09983 1154477423 214.007234    34.7255      40945          2  0.000e+00
    801.417     1.6352   3.060161     1.6328   3.060128    4.70024    -0.0674    13.8155 0.0000e+00  -62.14983  -63.09983 1154477423 214.007234    34.7254      40946          2  0.000e+00
    801.465     1.6345   3.060147     1.6332   3.060182    4.70034    -0.1004    13.8155 0.0000e+00  -62.14983  -63.09983 1154477423 214.007235    34.7259      40947          2  0.000e+00
    801.340     1.6347   3.060113     1.6335   3.060158    4.70025    -0.1004    13.8155 0.0000e+00  -62.14983  -63.09983 1154477423 214.007235    34.7254      40948          2  0.000e+00
    801.340     1.6345   3.060113     1.6331   3.060146    4.70027    -0.1114    13.8155 0.0000e+00  -62.14983  -63.09983 1154477423 214.007236    34.7256      40949          2  0.000e+00
    801.417     1.6349   3.060116     1.6332   3.060080    4.70028    -0.1225    13.8155 0.0000e+00  -62.14983  -63.09983 1154477423 214.007236    34.7252      40950          2  0.000e+00
    801.272     1.6342   3.060137     1.6325   3.060122    4.70025    -0.1225    13.8155 0.0000e+00  -62.14983  -63.09983 1154477423 214.007237    34.7263      40951          2  0.000e+00
    801.340     1.6352   3.060144     1.6324   3.060098    4.70019    -0.1886    13.8155 0.0000e+00  -62.14983  -63.09983 1154477423 214.007237    34.7252      40952          2  0.000e+00
    801.320     1.6349   3.060168     1.6321   3.060068    4.70020    -0.1886    13.8155 0.0000e+00  -62.14983  -63.09983 1154477423 214.007238    34.7259      40953          2  0.000e+00
    801.272     1.6349   3.060130     1.6321   3.060062    4.70018    -0.0784    13.8155 0.0000e+00  -62.14983  -63.09983 1154477423 214.007238    34.7254      40954          2  0.000e+00
    801.272     1.6344   3.060116     1.6322   3.060056    4.70024    -0.0674    13.8155 0.0000e+00  -62.14983  -63.09983 1154477424 214.007239    34.7258      40955          2  0.000e+00
    801.195     1.6345   3.060116     1.6323   3.060080    4.70017     0.0207    13.8155 0.0000e+00  -62.14983  -63.09983 1154477424 214.007239    34.7257      40956          2  0.000e+00
    801.195     1.6350   3.060154     1.6322   3.060068    4.70011    -0.0894    13.8155 0.0000e+00  -62.14983  -63.09983 1154477424 214.007240    34.7256      40957          2  0.000e+00
    801.176     1.6352   3.060168     1.6326   3.060080    4.70008    -0.1555    13.8155 0.0000e+00  -62.14983  -63.09983 1154477424 214.007240    34.7256      40958          2  0.000e+00
    801.195     1.6351   3.060137     1.6325   3.060086    4.70498    -0.1775    13.8155 0.0000e+00  -62.14983  -63.09983 1154477424 214.007241    34.7253      40959          2  0.000e+00
    801.128     1.6353   3.060140     1.6324   3.060110    4.70492    -0.0784    13.8155 0.0000e+00  -62.14983  -63.09983 1154477424 214.007241    34.7251      40960          2  0.000e+00
    801.060     1.6347   3.060123     1.6323   3.060074    4.70494    -0.1004    13.8155 0.0000e+00  -62.14983  -63.09983 1154477424 214.007242    34.7257      40961          2  0.000e+00
    801.060     1.6347   3.060095     1.6322   3.060098    4.70008    -0.0674    13.8155 0.0000e+00  -62.14983  -63.09983 1154477424 214.007242    34.7253      40962          2  0.000e+00
    801.060     1.6340   3.060054     1.6332   3.060116    4.70016    -0.1114    13.8155 0.0000e+00  -62.14983  -63.09983 1154477424 214.007242    34.7255      40963          2  0.000e+00
    801.031     1.6339   3.060051     1.6329   3.060134    4.70503    -0.1114    13.8155 0.0000e+00  -62.14983  -63.09983 1154477424 214.007243    34.7256      40964          2  0.000e+00
    800.983     1.6341   3.060027     1.6334   3.060122    4.70012    -0.0784    13.8155 0.0000e+00  -62.14983  -63.09983 1154477424 214.007243    34.7252      40965          2  0.000e+00
    800.983     1.6336   3.059999     1.6331   3.060116    4.70017    -0.0454    13.8155 0.0000e+00  -62.14983  -63.09983 1154477424 214.007244    34.7253      40966          2  0.000e+00
    800.916     1.6330   3.060013     1.6327   3.060098    4.70506    -0.0564    13.8155 0.0000e+00  -62.14983  -63.09983 1154477424 214.007244    34.7263      40967          2  0.000e+00
    800.916     1.6331   3.059965     1.6325   3.060086    4.70019    -0.0784    13.8155 0.0000e+00  -62.14983  -63.09983 1154477424 214.007245    34.7255      40968          2  0.000e+00
    800.916     1.6328   3.059947     1.6321   3.060043    4.70022    -0.1665    13.8155 0.0000e+00  -62.14983  -63.09983 1154477424 214.007245    34.7256      40969          2  0.000e+00
    800.819     1.6328   3.059937     1.6320   3.060031    4.70017    -0.1886    13.8155 0.0000e+00  -62.14983  -63.09983 1154477424 214.007246    34.7255      40970          2  0.000e+00
    800.839     1.6328   3.059961     1.6315   3.059983    4.70017    -0.1775    13.8155 0.0000e+00  -62.14983  -63.09983 1154477424 214.007246    34.7258      40971          2  0.000e+00
    800.771     1.6325   3.059934     1.6313   3.059989    4.70017    -0.1225    13.8155 0.0000e+00  -62.14983  -63.09983 1154477424 214.007247    34.7259      40972          2  0.000e+00
    800.771     1.6322   3.059903     1.6314   3.060001    4.70509    -0.1004    13.8155 0.0000e+00  -62.14983  -63.09983 1154477424 214.007247    34.7258      40973          2  0.000e+00
