product_data/regression_test/downloaded_data/MGDS/320620060703/ctd/p6622501.ros
* Sea-Bird SBE 9 Data File:
* FileName = D:\Data\Raw\p6622501.dat
* Software Version Seasave Win32 V 5.32
* Temperature SN = 1649
* Conductivity SN = 1431
* Number of Bytes Per Scan = 37
* Number of Voltage Words = 5
* Number of Scans Averaged by the Deck Unit = 1
* NMEA Latitude = 62 52.63 S
* NMEA Longitude = 057 43.34 W
* NMEA UTC (Time) = 19:40:38
** Ship:   Nathaniel B. Palmer 
** Cruise:    NBP0606 
# nquan = 17
# nvalues = 1176                    
# units = specified
# name 0 = prDM: Pressure, Digiquartz [db]
# name 1 = t090C: Temperature [ITS-90, deg C]
# name 2 = c0S/m: Conductivity [S/m]
# name 3 = t190C: Temperature, 2 [ITS-90, deg C]
# name 4 = c1S/m: Conductivity, 2 [S/m]
# name 5 = sbeox0ML/L: Oxygen, SBE 43 [ml/l]
# name 6 = flECO-AFL: Fluorescence, Wetlab ECO-AFL/FL [mg/m^3]
# name 7 = bat: Beam Attenuation, Chelsea/Seatech/Wetlab CStar [1/m]
# name 8 = spar: SPAR/Surface Irradiance
# name 9 = latitude: Latitude [deg]
# name 10 = longitude: Longitude [deg]
# name 11 = timeY: Time, System [seconds]
# name 12 = timeJ: Julian Days
# name 13 = sal00: Salinity [PSU]
# name 14 = scan: scan number
# name 15 = nbf: number of bottles fired
# name 16 = flag:  0.000e+00
# interval = seconds: 0.0416667                   
# start_time = Aug 03 2006 19:41:23
*END*
[from data line 1107]
      4.912    -1.8308   2.707887    -1.8312   2.708107    7.47019    -0.0343    13.8155 9.7407e+00  -62.87717  -57.72233 1154635043 215.831531    34.4400      23071         23  0.000e+00
      4.912    -1.8308   2.707867    -1.8310   2.708096    7.47021    -0.0564    13.8155 9.7407e+00  -62.87717  -57.72233 1154635043 215.831531    34.4398      23072         23  0.000e+00
      4.940    -1.8307   2.707864    -1.8311   2.708096    7.47022    -0.1445    13.8155 9.7407e+00  -62.87717  -57.72233 1154635043 215.831532    34.4395      23073         23  0.000e+00
      4.912    -1.8308   2.707893    -1.8310   2.708113    7.47019    -0.1225    13.8155 9.7407e+00  -62.87717  -57.72233 1154635043 215.831532    34.4401      23074         23  0.000e+00
      4.911    -1.8308   2.707874    -1.8313   2.708125    7.47021    -0.0784    13.8155 9.7407e+00  -62.87717  -57.72233 1154635043 215.831533    34.4399      23075         23  0.000e+00
      4.835    -1.8311   2.707893    -1.8312   2.708125    7.47015    -0.0564    13.8155 9.7407e+00  -62.87717  -57.72233 1154635043 215.831533    34.4405      23076         23  0.000e+00
      5.007    -1.8308   2.707874    -1.8312   2.708125    7.47031    -0.0233    13.8155 9.7407e+00  -62.87717  -57.72233 1154635043 215.831534    34.4398      23077         23  0.000e+00
      4.911    -1.8310   2.707880    -1.8310   2.708102    7.47022    -0.0013    13.8155 9.7407e+00  -62.87717  -57.72233 1154635043 215.831534    34.4401      23078         23  0.000e+00
      4.978    -1.8311   2.707867    -1.8307   2.708113    7.47032     0.0318    13.8155 9.7407e+00  -62.87717  -57.72233 1154635043 215.831535    34.4400      23079         23  0.000e+00
      4.940    -1.8307   2.707844    -1.8313   2.708125    7.47024    -0.0564    13.8155 9.7407e+00  -62.87717  -57.72233 1154635043 215.831535    34.4393      23080         23  0.000e+00
      5.045    -1.8307   2.707858    -1.8304   2.708102    7.47511    -0.1225    13.8155 1.1689e+01  -62.87717  -57.72233 1154635043 215.831535    34.4393      23081         23  0.000e+00
      4.978    -1.8310   2.707893    -1.8312   2.708096    7.47507    -0.1886    13.8155 1.1689e+01  -62.87717  -57.72233 1154635043 215.831536    34.4403      23082         23  0.000e+00
      5.044    -1.8310   2.707874    -1.8307   2.708130    7.47514    -0.1114    13.8155 1.1689e+01  -62.87717  -57.72233 1154635043 215.831536    34.4399      23083         23  0.000e+00
      5.006    -1.8307   2.707864    -1.8311   2.708130    7.47029    -0.0123    13.8155 1.1689e+01  -62.87717  -57.72233 1154635043 215.831537    34.4395      23084         23  0.000e+00
      4.978    -1.8310   2.707864    -1.8307   2.708125    7.47031     0.0097    13.8155 1.1689e+01  -62.87717  -57.72233 1154635044 215.831537    34.4398      23085         23  0.000e+00
      4.978    -1.8308   2.707864    -1.8313   2.708102    7.47506    -0.0233    13.8155 1.1689e+01  -62.87717  -57.72233 1154635044 215.831538    34.4396      23086         23  0.000e+00
      5.006    -1.8308   2.707893    -1.8312   2.708113    7.47507    -0.0784    13.8155 9.7407e+00  -62.87717  -57.72233 1154635044 215.831538    34.4401      23087         23  0.000e+00
      4.978    -1.8310   2.707874    -1.8310   2.708102    7.47508    -0.1555    13.8155 9.7407e+00  -62.87717  -57.72233 1154635044 215.831539    34.4400      23088         23  0.000e+00
      4.911    -1.8313   2.707880    -1.8310   2.708096    7.47027    -0.0784    13.8155 9.7407e+00  -62.87717  -57.72233 1154635044 215.831539    34.4405      23089         23  0.000e+00
      4.911    -1.8308   2.707867    -1.8313   2.708079    7.47021    -0.0454    13.8155 1.1689e+01  -62.87717  -57.72233 1154635044 215.831540    34.4398      23090         23  0.000e+00
      4.977    -1.8311   2.707864    -1.8307   2.708113    7.47510    -0.0784    13.8155 1.1689e+01  -62.87717  -57.72233 1154635044 215.831544    34.4400      23099         24  0.000e+00
      4.977    -1.8310   2.707864    -1.8312   2.708084    7.47031    -0.0784    13.8155 1.1689e+01  -62.87717  -57.72233 1154635044 215.831545    34.4398      23100         24  0.000e+00
      4.977    -1.8310   2.707864    -1.8313   2.708090    7.47508    -0.1225    13.8155 1.1689e+01  -62.87717  -57.72233 1154635044 215.831545    34.4398      23101         24  0.000e+00
      5.006    -1.8313   2.707864    -1.8309   2.708113    7.47517    -0.1225    13.8155 1.1689e+01  -62.87717  -57.72233 1154635044 215.831546    34.4402      23102         24  0.000e+00
      4.910    -1.8310   2.707864    -1.8310   2.708125    7.47501    -0.1445    13.8155 1.1689e+01  -62.87717  -57.72233 1154635044 215.831546    34.4399      23103         24  0.000e+00
      4.977    -1.8314   2.707864    -1.8309   2.708102    7.47037    -0.0894    13.8155 1.1689e+01  -62.87717  -57.72233 1154635044 215.831547    34.4404      23104         24  0.000e+00
      5.005    -1.8307   2.707893    -1.8306   2.708113    7.47027    -0.0123    13.8155 1.1689e+01  -62.87717  -57.72233 1154635044 215.831547    34.4399      23105         24  0.000e+00
      4.910    -1.8311   2.707874    -1.8311   2.708102    7.47503     0.0097    13.8155 9.7407e+00  -62.87717  -57.72233 1154635044 215.831548    34.4402      23106         24  0.000e+00
      4.977    -1.8313   2.707880    -1.8309   2.708113    7.47512     0.0097    13.8155 9.7407e+00  -62.87717  -57.72233 1154635044 215.831548    34.4405      23107         24  0.000e+00
      4.977    -1.8311   2.707867    -1.8312   2.708125    7.47510     0.0318    13.8155 9.7407e+00  -62.87717  -57.72233 1154635045 215.831549    34.4400      23108         24  0.000e+00
      4.939    -1.8310   2.707864    -1.8312   2.708125    7.47505     0.0097    13.8155 9.7407e+00  -62.87717  -57.72233 1154635045 215.831549    34.4399      23109         24  0.000e+00
      4.977    -1.8310   2.707880    -1.8315   2.708107    7.47507    -0.0894    13.8155 9.7407e+00  -62.87717  -57.72233 1154635045 215.831549    34.4400      23110         24  0.000e+00
      4.977    -1.8310   2.707851    -1.8312   2.708119    7.47031    -0.0343    13.8155 9.7407e+00  -62.87717  -57.72233 1154635045 215.831550    34.4396      23111         24  0.000e+00
      4.977    -1.8314   2.707858    -1.8314   2.708125    7.47038    -0.0564    13.8155 9.7407e+00  -62.87717  -57.72233 1154635045 215.831550    34.4403      23112         24  0.000e+00
      5.005    -1.8313   2.707864    -1.8310   2.708102    7.47516    -0.0564    13.8155 9.7407e+00  -62.87717  -57.72233 1154635045 215.831551    34.4402      23113         24  0.000e+00
      4.977    -1.8308   2.707864    -1.8313   2.708130    7.47506    -0.0784    13.8155 9.7407e+00  -62.87717  -57.72233 1154635045 215.831551    34.4397      23114         24  0.000e+00
      4.977    -1.8311   2.707864    -1.8309   2.708148    7.47510    -0.1004    13.8155 9.7407e+00  -62.87717  -57.72233 1154635045 215.831552    34.4400      23115         24  0.000e+00
      5.005    -1.8310   2.707864    -1.8315   2.708107    7.47511    -0.1004    13.8155 1.1689e+01  -62.87717  -57.72233 1154635045 215.831552    34.4398      23116         24  0.000e+00
      4.976    -1.8310   2.707880    -1.8309   2.708096    7.47507    -0.0784    13.8155 9.7407e+00  -62.87717  -57.72233 1154635045 215.831553    34.4401      23117         24  0.000e+00
      4.976    -1.8310   2.707867    -1.8318   2.708130    7.47508    -0.1665    13.8155 9.7407e+00  -62.87717  -57.72233 1154635045 215.831553    34.4399      23118         24  0.000e+00
      4.976    -1.8313   2.707864    -1.8310   2.708090    7.47513    -0.1555    13.8155 9.7407e+00  -62.87717  -57.72233 1154635045 215.831554    34.4402      23119         24  0.000e+00
      5.005    -1.8310   2.707880    -1.8309   2.708090    7.47510    -0.1004    13.8155 9.7407e+00  -62.87717  -57.72233 1154635045 215.831554    34.4400      23120         24  0.000e+00
      4.767    -1.8310   2.707887    -1.8312   2.708113    7.47485    -0.0343    13.8155 9.7407e+00  -62.87717  -57.72233 1154635045 215.831555    34.4403      23121         24  0.000e+00
      5.119    -1.8311   2.707867    -1.8309   2.708085    7.47525    -0.0784    13.8155 9.7407e+00  -62.87717  -57.72233 1154635045 215.831555    34.4400      23122         24  0.000e+00
      5.005    -1.8313   2.707893    -1.8310   2.708090    7.47514    -0.1004    13.8155 9.7407e+00  -62.87717  -57.72233 1154635045 215.831556    34.4406      23123         24  0.000e+00
      4.909    -1.8308   2.707874    -1.8312   2.708113    7.47499    -0.1114    13.8155 9.7407e+00  -62.87717  -57.72233 1154635045 215.831556    34.4399      23124         24  0.000e+00
      4.976    -1.8308   2.707893    -1.8313   2.708102    7.47504    -0.0564    13.8155 9.7407e+00  -62.87717  -57.72233 1154635045 215.831557    34.4401      23125         24  0.000e+00
      4.976    -1.8308   2.707890    -1.8307   2.708113    7.47504    -0.0343    13.8155 9.7407e+00  -62.87717  -57.72233 1154635045 215.831557    34.4400      23126         24  0.000e+00
      5.005    -1.8310   2.707887    -1.8310   2.708102    7.47510    -0.0894    13.8155 9.7407e+00  -62.87717  -57.72233 1154635045 215.831558    34.4401      23127         24  0.000e+00
      4.976    -1.8314   2.707887    -1.8313   2.708113    7.47514    -0.1114    13.8155 9.7407e+00  -62.87717  -57.72233 1154635045 215.831558    34.4407      23128         24  0.000e+00
      4.976    -1.8310   2.707867    -1.8308   2.708102    7.47508    -0.0784    13.8155 1.1689e+01  -62.87717  -57.72233 1154635045 215.831559    34.4399      23129         24  0.000e+00
      4.976    -1.8313   2.707844    -1.8316   2.708113    7.47036    -0.0013    13.8155 1.1689e+01  -62.87717  -57.72233 1154635045 215.831559    34.4399      23130         24  0.000e+00
      5.004    -1.8313   2.707858    -1.8312   2.708084    7.47038     0.0318    13.8155 1.1689e+01  -62.87717  -57.72233 1154635045 215.831560    34.4401      23131         24  0.000e+00
      4.976    -1.8310   2.707844    -1.8313   2.708090    7.47032    -0.0454    13.8155 1.1689e+01  -62.87717  -57.72233 1154635046 215.831560    34.4396      23132         24  0.000e+00
      5.042    -1.8310   2.707858    -1.8312   2.708079    7.47037    -0.0343    13.8155 1.1689e+01  -62.87717  -57.72233 1154635046 215.831561    34.4397      23133         24  0.000e+00
      4.938    -1.8313   2.707880    -1.8311   2.708107    7.47030    -0.1004    13.8155 1.1689e+01  -62.87717  -57.72233 1154635046 215.831561    34.4405      23134         24  0.000e+00
      4.976    -1.8311   2.707851    -1.8312   2.708125    7.47033    -0.1114    13.8155 9.7407e+00  -62.87717  -57.72233 1154635046 215.831562    34.4398      23135         24  0.000e+00
      4.976    -1.8313   2.707874    -1.8310   2.708125    7.47512    -0.0784    13.8155 9.7407e+00  -62.87717  -57.72233 1154635046 215.831562    34.4403      23136         24  0.000e+00
      4.976    -1.8308   2.707867    -1.8310   2.708125    7.47984    -0.0343    13.8155 9.7407e+00  -62.87717  -57.72233 1154635046 215.831562    34.4397      23137         24  0.000e+00
      4.937    -1.8308   2.707844    -1.8309   2.708102    7.47503    -0.0343    13.8155 1.1689e+01  -62.87717  -57.72233 1154635046 215.831563    34.4394      23138         24  0.000e+00
      4.975    -1.8310   2.707858    -1.8310   2.708096    7.47509    -0.0784    13.8155 1.1689e+01  -62.87717  -57.72233 1154635046 215.831563    34.4398      23139         24  0.000e+00
      4.975    -1.8311   2.707864    -1.8311   2.708096    7.47510    -0.1445    13.8155 1.1689e+01  -62.87717  -57.72233 1154635046 215.831564    34.4400      23140         24  0.000e+00
      5.004    -1.8311   2.707880    -1.8313   2.708113    7.47990    -0.0564    13.8155 1.1689e+01  -62.87717  -57.72233 1154635046 215.831564    34.4402      23141         24  0.000e+00
      4.975    -1.8310   2.707867    -1.8312   2.708102    7.47508    -0.0674    13.8155 1.1689e+01  -62.87717  -57.72233 1154635046 215.831565    34.4399      23142         24  0.000e+00
      4.975    -1.8308   2.707864    -1.8310   2.708113    7.47506    -0.1114    13.8155 1.1689e+01  -62.87717  -57.72233 1154635046 215.831565    34.4396      23143         24  0.000e+00
      4.975    -1.8311   2.707864    -1.8313   2.708102    7.47511    -0.0894    13.8155 1.1689e+01  -62.87717  -57.72233 1154635046 215.831566    34.4400      23144         24  0.000e+00
      5.004    -1.8311   2.707864    -1.8310   2.708096    7.47991     0.0207    13.8155 1.1689e+01  -62.87717  -57.72233 1154635046 215.831566    34.4400      23145         24  0.000e+00
      4.975    -1.8314   2.707864    -1.8307   2.708096    7.47515     0.0097    13.8155 1.1689e+01  -62.87717  -57.72233 1154635046 215.831567    34.4404      23146         24  0.000e+00
      5.042    -1.8310   2.707844    -1.8309   2.708096    7.47517    -0.0784    13.8155 1.1689e+01  -62.87717  -57.72233 1154635046 215.831567    34.4395      23147         24  0.000e+00
