product_data/regression_test/downloaded_data/MGDS/320620060703/ctd/p6622501.ros
* Sea-Bird SBE 9 Data File:
* FileName = D:\Data\Raw\p6622501.dat
* Software Version Seasave Win32 V 5.32
* Temperature SN = 1649
* Conductivity SN = 1431
* Number of Bytes Per Scan = 37
* Number of Voltage Words = 5
* Number of Scans Averaged by the Deck Unit = 1
* NMEA Latitude = 62 52.63 S
* NMEA Longitude = 057 43.34 W
* NMEA UTC (Time) = 19:40:38
** Ship:   Nathaniel B. Palmer 
** Cruise:    NBP0606 
# nquan = 17
# nvalues = 1176                    
# units = specified
# name 0 = prDM: Pressure, Digiquartz [db]
# name 1 = t090C: Temperature [ITS-90, deg C]
# name 2 = c0S/m: Conductivity [S/m]
# name 3 = t190C: Temperature, 2 [ITS-90, deg C]
# name 4 = c1S/m: Conductivity, 2 [S/m]
# name 5 = sbeox0ML/L: Oxygen, SBE 43 [ml/l]
# name 6 = flECO-AFL: Fluorescence, Wetlab ECO-AFL/FL [mg/m^3]
# name 7 = bat: Beam Attenuation, Chelsea/Seatech/Wetlab CStar [1/m]
# name 8 = spar: SPAR/Surface Irradiance
# name 9 = latitude: Latitude [deg]
# name 10 = longitude: Longitude [deg]
# name 11 = timeY: Time, System [seconds]
# name 12 = timeJ: Julian Days
# name 13 = sal00: Salinity [PSU]
# name 14 = scan: scan number
# name 15 = nbf: number of bottles fired
# name 16 = flag:  0.000e+00
# interval = seconds: 0.0416667                   
# start_time = Aug 03 2006 19:41:23
*END*
[from data line 341]
    150.179    -1.7995   2.718232    -1.7752   2.720329    7.46445    -0.0454    13.8155 1.1689e+01  -62.87717  -57.72233 1154634721 215.827802    34.4545      15340          7  0.000e+00
    150.179    -1.8001   2.718251    -1.7762   2.720363    7.46941    -0.0674    13.8155 1.1689e+01  -62.87717  -57.72233 1154634721 215.827803    34.4555      15341          7  0.000e+00
    150.178    -1.7880   2.719476    -1.7961   2.718873    7.47640    -0.2216    13.8155 1.3637e+01  -62.87717  -57.72233 1154634722 215.827819    34.4585      15374          8  0.000e+00
    150.188    -1.7874   2.719469    -1.7976   2.718752    7.47632    -0.1665    13.8155 1.1689e+01  -62.87717  -57.72233 1154634722 215.827819    34.4577      15375          8  0.000e+00
    150.255    -1.7860   2.719499    -1.7967   2.718689    7.47615    -0.1335    13.8155 1.1689e+01  -62.87717  -57.72233 1154634722 215.827820    34.4564      15376          8  0.000e+00
    150.178    -1.7856   2.719489    -1.7967   2.718671    7.47602    -0.1225    13.8155 1.1689e+01  -62.87717  -57.72233 1154634722 215.827820    34.4559      15377          8  0.000e+00
    150.178    -1.7853   2.719505    -1.7979   2.718671    7.47596    -0.0784    13.8155 1.1689e+01  -62.87717  -57.72233 1154634722 215.827821    34.4558      15378          8  0.000e+00
    150.254    -1.7833   2.719525    -1.7970   2.718677    7.47573    -0.0894    13.8155 1.1689e+01  -62.87717  -57.72233 1154634722 215.827821    34.4537      15379          8  0.000e+00
    150.188    -1.7829   2.719512    -1.7934   2.718729    7.47561    -0.0784    13.8155 1.1689e+01  -62.87717  -57.72233 1154634722 215.827822    34.4532      15380          8  0.000e+00
    150.254    -1.7848   2.719476    -1.7901   2.718844    7.47599    -0.0784    13.8155 1.1689e+01  -62.87717  -57.72233 1154634722 215.827822    34.4548      15381          8  0.000e+00
    150.178    -1.7852   2.719420    -1.7896   2.718959    7.47601    -0.0894    13.8155 1.1689e+01  -62.87717  -57.72233 1154634723 215.827823    34.4545      15382          8  0.000e+00
    150.178    -1.7859   2.719384    -1.7904   2.719045    7.48101    -0.0784    13.8155 1.1689e+01  -62.87717  -57.72233 1154634723 215.827823    34.4548      15383          8  0.000e+00
    150.254    -1.7868   2.719407    -1.7909   2.719045    7.47634    -0.0674    13.8155 1.1689e+01  -62.87717  -57.72233 1154634723 215.827824    34.4561      15384          8  0.000e+00
    150.178    -1.7867   2.719427    -1.7894   2.719074    7.47624    -0.0564    13.8155 1.1689e+01  -62.87717  -57.72233 1154634723 215.827824    34.4564      15385          8  0.000e+00
    150.254    -1.7846   2.719489    -1.7906   2.719166    7.47596    -0.1004    13.8155 1.1689e+01  -62.87717  -57.72233 1154634723 215.827825    34.4548      15386          8  0.000e+00
    150.178    -1.7839   2.719590    -1.7920   2.719195    7.47568    -0.1665    13.8155 1.1689e+01  -62.87717  -57.72233 1154634723 215.827825    34.4553      15387          8  0.000e+00
    150.254    -1.7837   2.719649    -1.7911   2.719189    7.47569    -0.1225    13.8155 1.1689e+01  -62.87717  -57.72233 1154634723 215.827826    34.4558      15388          8  0.000e+00
    150.178    -1.7834   2.719682    -1.7914   2.719155    7.47555    -0.0454    13.8155 1.1689e+01  -62.87717  -57.72233 1154634723 215.827826    34.4561      15389          8  0.000e+00
    150.178    -1.7834   2.719619    -1.7906   2.719103    7.48046     0.0097    13.8155 1.1689e+01  -62.87717  -57.72233 1154634723 215.827826    34.4552      15390          8  0.000e+00
    150.254    -1.7820   2.719597    -1.7914   2.719074    7.47547    -0.0123    13.8155 1.1689e+01  -62.87717  -57.72233 1154634723 215.827827    34.4532      15391          8  0.000e+00
    150.254    -1.7800   2.719587    -1.7932   2.718924    7.48005    -0.0013    13.8155 1.1689e+01  -62.87717  -57.72233 1154634723 215.827827    34.4508      15392          8  0.000e+00
    150.178    -1.7802   2.719574    -1.7935   2.718861    7.48000    -0.0233    13.8155 1.3637e+01  -62.87717  -57.72233 1154634723 215.827828    34.4508      15393          8  0.000e+00
    150.178    -1.7804   2.719557    -1.7927   2.718775    7.48005    -0.0343    13.8155 1.1689e+01  -62.87717  -57.72233 1154634723 215.827828    34.4509      15394          8  0.000e+00
    150.254    -1.7805   2.719574    -1.7891   2.718786    7.48013     0.0207    13.8155 1.1689e+01  -62.87717  -57.72233 1154634723 215.827829    34.4511      15395          8  0.000e+00
    150.254    -1.7819   2.719623    -1.7900   2.718821    7.48030    -0.0123    13.8155 1.1689e+01  -62.87717  -57.72233 1154634723 215.827829    34.4534      15396          8  0.000e+00
    150.178    -1.7823   2.719655    -1.7963   2.718792    7.48027    -0.1114    13.8155 1.1689e+01  -62.87717  -57.72233 1154634723 215.827830    34.4545      15397          8  0.000e+00
    150.254    -1.7824   2.719642    -1.7978   2.718499    7.48037    -0.0564    13.8155 1.1689e+01  -62.87717  -57.72233 1154634723 215.827830    34.4543      15398          8  0.000e+00
    150.177    -1.7814   2.719646    -1.7973   2.718113    7.47527    -0.0123    13.8155 1.1689e+01  -62.87717  -57.72233 1154634723 215.827831    34.4532      15399          8  0.000e+00
    150.187    -1.7813   2.719659    -1.7972   2.717860    7.48011    -0.0123    13.8155 1.1689e+01  -62.87717  -57.72233 1154634723 215.827831    34.4532      15400          8  0.000e+00
    150.254    -1.7807   2.719711    -1.8037   2.717653    7.48007    -0.0784    13.8155 1.1689e+01  -62.87717  -57.72233 1154634723 215.827832    34.4533      15401          8  0.000e+00
    150.177    -1.7805   2.719747    -1.8103   2.717567    7.47992    -0.1114    13.8155 1.1689e+01  -62.87717  -57.72233 1154634723 215.827832    34.4536      15402          8  0.000e+00
    150.254    -1.7794   2.719734    -1.8126   2.717590    7.47985    -0.0123    13.8155 1.1689e+01  -62.87717  -57.72233 1154634723 215.827833    34.4521      15403          8  0.000e+00
    150.187    -1.7810   2.719727    -1.8103   2.717624    7.48003    -0.0343    13.8155 1.1689e+01  -62.87717  -57.72233 1154634723 215.827833    34.4539      15404          8  0.000e+00
    150.254    -1.7813   2.719698    -1.8091   2.717555    7.48016     0.0097    13.8155 1.1689e+01  -62.87717  -57.72233 1154634723 215.827834    34.4537      15405          8  0.000e+00
    150.177    -1.7810   2.719734    -1.8111   2.717388    7.48000     0.0097    13.8155 1.1689e+01  -62.87717  -57.72233 1154634724 215.827834    34.4540      15406          8  0.000e+00
    150.177    -1.7799   2.719815    -1.8121   2.717204    7.47979    -0.0013    13.8155 1.1689e+01  -62.87717  -57.72233 1154634724 215.827835    34.4539      15407          8  0.000e+00
    150.254    -1.7774   2.719907    -1.8115   2.717026    7.47942    -0.0564    13.8155 1.1689e+01  -62.87717  -57.72233 1154634724 215.827835    34.4522      15408          8  0.000e+00
    150.177    -1.7751   2.719975    -1.8155   2.716859    7.47407    -0.1445    13.8155 1.1689e+01  -62.87717  -57.72233 1154634724 215.827836    34.4505      15409          8  0.000e+00
    150.177    -1.7758   2.720021    -1.8173   2.716727    7.47900    -0.1225    13.8155 1.1689e+01  -62.87717  -57.72233 1154634724 215.827836    34.4520      15410          8  0.000e+00
    150.253    -1.7756   2.720067    -1.8187   2.716577    7.47415    -0.0674    13.8155 1.1689e+01  -62.87717  -57.72233 1154634724 215.827837    34.4523      15411          8  0.000e+00
    150.187    -1.7756   2.720002    -1.8193   2.716537    7.47900     0.0097    13.8155 1.1689e+01  -62.87717  -57.72233 1154634724 215.827837    34.4514      15412          8  0.000e+00
    150.253    -1.7753   2.719887    -1.8193   2.716595    7.47910     0.0648    13.8155 1.1689e+01  -62.87717  -57.72233 1154634724 215.827838    34.4494      15413          8  0.000e+00
    150.177    -1.7780   2.719727    -1.8172   2.716710    7.47955     0.0097    13.8155 1.1689e+01  -62.87717  -57.72233 1154634724 215.827838    34.4504      15414          8  0.000e+00
    150.253    -1.7832   2.719492    -1.8149   2.716865    7.48061    -0.0894    13.8155 1.1689e+01  -62.87717  -57.72233 1154634724 215.827839    34.4532      15415          8  0.000e+00
    150.187    -1.7854   2.719339    -1.8139   2.717038    7.47611    -0.0454    13.8155 1.1689e+01  -62.87717  -57.72233 1154634724 215.827839    34.4536      15416          8  0.000e+00
    150.253    -1.7821   2.719440    -1.8138   2.717181    7.47560    -0.0343    13.8155 1.1689e+01  -62.87717  -57.72233 1154634724 215.827840    34.4511      15417          8  0.000e+00
    150.177    -1.7799   2.719590    -1.8145   2.717216    7.47507    -0.0123    13.8155 1.1689e+01  -62.87717  -57.72233 1154634724 215.827840    34.4507      15418          8  0.000e+00
    150.253    -1.7802   2.719701    -1.8147   2.717233    7.47999     0.0207    13.8155 1.1689e+01  -62.87717  -57.72233 1154634724 215.827840    34.4525      15419          8  0.000e+00
    150.186    -1.7856   2.719646    -1.8138   2.717222    7.48079    -0.0233    13.8155 9.7407e+00  -62.87717  -57.72233 1154634724 215.827841    34.4582      15420          8  0.000e+00
    150.043    -1.7911   2.719518    -1.8129   2.717216    7.48157    -0.1114    13.8155 1.1689e+01  -62.87717  -57.72233 1154634724 215.827841    34.4628      15421          8  0.000e+00
    150.387    -1.7889   2.719375    -1.8124   2.717136    7.47684    -0.0894    13.8155 1.1689e+01  -62.87717  -57.72233 1154634724 215.827842    34.4581      15422          8  0.000e+00
    100.279    -1.8402   2.711913    -1.8397   2.712149    7.52998    -0.0123    13.8155 1.1689e+01  -62.87717  -57.72233 1154634802 215.828738    34.4456      17280          9  0.000e+00
    100.279    -1.8397   2.711907    -1.8399   2.712149    7.52991    -0.0784    13.8155 1.1689e+01  -62.87717  -57.72233 1154634802 215.828738    34.4450      17281          9  0.000e+00
    100.202    -1.8403   2.711903    -1.8397   2.712184    7.52992    -0.0564    13.8155 1.1689e+01  -62.87717  -57.72233 1154634802 215.828739    34.4457      17282          9  0.000e+00
    100.278    -1.8400   2.711920    -1.8395   2.712184    7.52510    -0.0894    13.8155 1.1689e+01  -62.87717  -57.72233 1154634802 215.828739    34.4455      17283          9  0.000e+00
    100.202    -1.8405   2.711894    -1.8399   2.712155    7.52995    -0.1114    13.8155 1.1689e+01  -62.87717  -57.72233 1154634802 215.828740    34.4457      17284          9  0.000e+00
    100.240    -1.8402   2.711897    -1.8400   2.712149    7.52510    -0.0564    13.8155 1.1689e+01  -62.87717  -57.72233 1154634802 215.828740    34.4454      17285          9  0.000e+00
    100.278    -1.8399   2.711887    -1.8394   2.712184    7.52994    -0.0233    13.8155 1.1689e+01  -62.87717  -57.72233 1154634802 215.828741    34.4449      17286          9  0.000e+00
    100.278    -1.8400   2.711897    -1.8399   2.712166    7.52996    -0.0564    13.8155 1.1689e+01  -62.87717  -57.72233 1154634802 215.828741    34.4452      17287          9  0.000e+00
    100.278    -1.8403   2.711920    -1.8400   2.712149    7.52999    -0.0784    13.8155 1.1689e+01  -62.87717  -57.72233 1154634802 215.828742    34.4459      17288          9  0.000e+00
    100.278    -1.8400   2.711926    -1.8399   2.712149    7.52509    -0.0013    13.8155 1.1689e+01  -62.87717  -57.72233 1154634802 215.828742    34.4456      17289          9  0.000e+00
    100.278    -1.8402   2.711926    -1.8403   2.712149    7.52997    -0.0674    13.8155 1.1689e+01  -62.87717  -57.72233 1154634802 215.828743    34.4458      17290          9  0.000e+00
    100.345    -1.8400   2.711907    -1.8400   2.712149    7.53003    -0.1665    13.8155 1.1689e+01  -62.87717  -57.72233 1154634802 215.828743    34.4453      17291          9  0.000e+00
    100.345    -1.8402   2.711913    -1.8406   2.712149    7.53005    -0.1225    13.8155 1.1689e+01  -62.87717  -57.72233 1154634802 215.828744    34.4455      17292          9  0.000e+00
    100.345    -1.8402   2.711874    -1.8406   2.712149    7.52523    -0.1555    13.8155 9.7407e+00  -62.87717  -57.72233 1154634802 215.828744    34.4450      17293          9  0.000e+00
    100.345    -1.8399   2.711890    -1.8397   2.712132    7.53001    -0.1225    13.8155 9.7407e+00  -62.87717  -57.72233 1154634802 215.828745    34.4449      17294          9  0.000e+00
    100.278    -1.8402   2.711903    -1.8397   2.712143    7.52998    -0.0784    13.8155 1.1689e+01  -62.87717  -57.72233 1154634802 215.828745    34.4455      17295          9  0.000e+00
    100.526    -1.8403   2.711887    -1.8402   2.712149    7.53028    -0.0674    13.8155 1.1689e+01  -62.87717  -57.72233 1154634802 215.828746    34.4452      17296          9  0.000e+00
    100.345    -1.8408   2.711897    -1.8405   2.712109    7.53015    -0.0784    13.8155 1.1689e+01  -62.87717  -57.72233 1154634802 215.828746    34.4460      17297          9  0.000e+00
    100.411    -1.8402   2.711903    -1.8404   2.712132    7.53012     0.0097    13.8155 1.1689e+01  -62.87717  -57.72233 1154634802 215.828747    34.4454      17298          9  0.000e+00
    100.411    -1.8408   2.711903    -1.8400   2.712149    7.53022    -0.0343    13.8155 1.1689e+01  -62.87717  -57.72233 1154634802 215.828747    34.4461      17299          9  0.000e+00
    100.345    -1.8403   2.711887    -1.8403   2.712132    7.53009    -0.0564    13.8155 1.1689e+01  -62.87717  -57.72233 1154634802 215.828748    34.4454      17300          9  0.000e+00
    100.411    -1.8400   2.711884    -1.8405   2.712126    7.52527    -0.0013    13.8155 1.1689e+01  -62.87717  -57.72233 1154634803 215.828748    34.4449      17301          9  0.000e+00
    100.345    -1.8403   2.711864    -1.8402   2.712126    7.53010    -0.0564    13.8155 1.1689e+01  -62.87717  -57.72233 1154634803 215.828749    34.4450      17302          9  0.000e+00
    100.344    -1.8403   2.711890    -1.8400   2.712126    7.53008     0.0318    13.8155 1.1689e+01  -62.87717  -57.72233 1154634803 215.828749    34.4454      17303          9  0.000e+00
    100.344    -1.8402   2.711877    -1.8404   2.712126    7.52523     0.0758    13.8155 1.1689e+01  -62.87717  -57.72233 1154634803 215.828750    34.4450      17304          9  0.000e+00
    100.344    -1.8403   2.711894    -1.8403   2.712126    7.53008    -0.0233    13.8155 1.1689e+01  -62.87717  -57.72233 1154634803 215.828750    34.4454      17305          9  0.000e+00
    100.316    -1.8402   2.711887    -1.8405   2.712126    7.53003    -0.1004    13.8155 1.1689e+01  -62.87717  -57.72233 1154634803 215.828750    34.4452      17306          9  0.000e+00
    100.344    -1.8403   2.711897    -1.8402   2.712126    7.53008    -0.1335    13.8155 1.1689e+01  -62.87717  -57.72233 1154634803 215.828751    34.4455      17307          9  0.000e+00
    100.278    -1.8403   2.711887    -1.8397   2.712126    7.53002    -0.1004    13.8155 9.7407e+00  -62.87717  -57.72233 1154634803 215.828751    34.4454      17308          9  0.000e+00
    100.344    -1.8405   2.711897    -1.8400   2.712143    7.52526    -0.0784    13.8155 1.1689e+01  -62.87717  -57.72233 1154634803 215.828752    34.4457      17309          9  0.000e+00
    100.277    -1.8405   2.711887    -1.8405   2.712109    7.53004    -0.0233    13.8155 1.1689e+01  -62.87717  -57.72233 1154634803 215.828752    34.4456      17310          9  0.000e+00
    100.277    -1.8407   2.711884    -1.8402   2.712132    7.53007    -0.0784    13.8155 1.1689e+01  -62.87717  -57.72233 1154634803 215.828753    34.4457      17311          9  0.000e+00
    100.344    -1.8403   2.711884    -1.8407   2.712109    7.53009    -0.1445    13.8155 1.1689e+01  -62.87717  -57.72233 1154634803 215.828753    34.4453      17312          9  0.000e+00
