product_data/regression_test/downloaded_data/MGDS/320620060703/ctd/p6622603.ros
* Sea-Bird SBE 9 Data File:
* FileName = D:\Data\Raw\p6622603.dat
* Software Version Seasave Win32 V 5.32
* Temperature SN = 1649
* Conductivity SN = 1431
* Number of Bytes Per Scan = 37
* Number of Voltage Words = 5
* Number of Scans Averaged by the Deck Unit = 1
* NMEA Latitude = 62 56.90 S
* NMEA Longitude = 057 40.19 W
* NMEA UTC (Time) = 23:11:34
** Ship:   Nathaniel B. Palmer 
** Cruise:    NBP0606 
# nquan = 17
# nvalues = 1176                    
# units = specified
# name 0 = prDM: Pressure, Digiquartz [db]
# name 1 = t090C: Temperature [ITS-90, deg C]
# name 2 = c0S/m: Conductivity [S/m]
# name 3 = t190C: Temperature, 2 [ITS-90, deg C]
# name 4 = c1S/m: Conductivity, 2 [S/m]
# name 5 = sbeox0ML/L: Oxygen, SBE 43 [ml/l]
# name 6 = flECO-AFL: Fluorescence, Wetlab ECO-AFL/FL [mg/m^3]
# name 7 = bat: Beam Attenuation, Chelsea/Seatech/Wetlab CStar [1/m]
# name 8 = spar: SPAR/Surface Irradiance
# name 9 = latitude: Latitude [deg]
# name 10 = longitude: Longitude [deg]
# name 11 = timeY: Time, System [seconds]
# name 12 = timeJ: Julian Days
# name 13 = sal00: Salinity [PSU]
# name 14 = scan: scan number
# name 15 = nbf: number of bottles fired
# name 16 = flag:  0.000e+00
# interval = seconds: 0.0416667                   
# start_time = Aug 03 2006 23:12:22
*END*
[from data line 596]
     74.962    -1.7859   2.716148    -1.7850   2.716368    7.32333    -0.0123    13.8155 0.0000e+00  -62.94833  -57.66983 1154647402 215.974579    34.4580      15879         13  0.000e+00
     74.990    -1.7854   2.716106    -1.7847   2.716362    7.32332     0.0868    13.8155 0.0000e+00  -62.94833  -57.66983 1154647402 215.974579    34.4568      15880         13  0.000e+00
     74.961    -1.7855   2.716096    -1.7848   2.716339    7.32331     0.0979    13.8155 0.0000e+00  -62.94833  -57.66983 1154647402 215.974579    34.4568      15881         13  0.000e+00
     74.914    -1.7859   2.716139    -1.7853   2.716351    7.32329    -0.0343    13.8155 0.0000e+00  -62.94833  -57.66983 1154647402 215.974580    34.4578      15882         13  0.000e+00
     74.961    -1.7859   2.716142    -1.7853   2.716362    7.32333    -0.0123    13.8155 0.0000e+00  -62.94833  -57.66983 1154647402 215.974580    34.4579      15883         13  0.000e+00
     74.990    -1.7858   2.716106    -1.7846   2.716362    7.32338    -0.0013    13.8155 0.0000e+00  -62.94833  -57.66983 1154647402 215.974581    34.4573      15884         13  0.000e+00
     74.961    -1.7859   2.716109    -1.7848   2.716362    7.32336    -0.0123    13.8155 0.0000e+00  -62.94833  -57.66983 1154647402 215.974581    34.4574      15885         13  0.000e+00
     74.990    -1.7856   2.716116    -1.7854   2.716362    7.32333    -0.1225    13.8155 0.0000e+00  -62.94833  -57.66983 1154647402 215.974582    34.4571      15886         13  0.000e+00
     74.895    -1.7863   2.716099    -1.7853   2.716339    7.32336    -0.0343    13.8155 0.0000e+00  -62.94833  -57.66983 1154647402 215.974582    34.4578      15887         13  0.000e+00
     74.990    -1.7857   2.716126    -1.7853   2.716334    7.32335    -0.0784    13.8155 0.0000e+00  -62.94833  -57.66983 1154647402 215.974583    34.4574      15888         13  0.000e+00
     74.895    -1.7857   2.716119    -1.7854   2.716357    7.32326    -0.0013    13.8155 0.0000e+00  -62.94833  -57.66983 1154647402 215.974583    34.4574      15889         13  0.000e+00
     74.990    -1.7860   2.716129    -1.7856   2.716339    7.32339     0.0648    13.8155 0.0000e+00  -62.94833  -57.66983 1154647402 215.974584    34.4578      15890         13  0.000e+00
     74.961    -1.7853   2.716106    -1.7848   2.716334    7.32327     0.0428    13.8155 0.0000e+00  -62.94833  -57.66983 1154647402 215.974584    34.4566      15891         13  0.000e+00
     74.914    -1.7859   2.716126    -1.7850   2.716351    7.32330     0.0097    13.8155 0.0000e+00  -62.94833  -57.66983 1154647402 215.974585    34.4577      15892         13  0.000e+00
     74.961    -1.7856   2.716106    -1.7853   2.716339    7.32332     0.0097    13.8155 0.0000e+00  -62.94833  -57.66983 1154647402 215.974585    34.4571      15893         13  0.000e+00
     74.990    -1.7854   2.716077    -1.7853   2.716357    7.32816    -0.0233    13.8155 0.0000e+00  -62.94833  -57.66983 1154647402 215.974586    34.4564      15894         13  0.000e+00
     74.895    -1.7860   2.716103    -1.7849   2.716299    7.32814    -0.0123    13.8155 0.0000e+00  -62.94833  -57.66983 1154647402 215.974586    34.4575      15895         13  0.000e+00
     74.990    -1.7856   2.716132    -1.7853   2.716339    7.32815    -0.1114    13.8155 0.0000e+00  -62.94833  -57.66983 1154647402 215.974587    34.4574      15896         13  0.000e+00
     74.914    -1.7863   2.716139    -1.7856   2.716339    7.32818    -0.1225    13.8155 0.0000e+00  -62.94833  -57.66983 1154647402 215.974587    34.4584      15897         13  0.000e+00
     74.961    -1.7860   2.716135    -1.7857   2.716316    7.32818    -0.0674    13.8155 0.0000e+00  -62.94833  -57.66983 1154647402 215.974588    34.4579      15898         13  0.000e+00
     74.990    -1.7858   2.716119    -1.7850   2.716362    7.32819    -0.0784    13.8155 0.0000e+00  -62.94833  -57.66983 1154647402 215.974588    34.4575      15899         13  0.000e+00
     74.752    -1.7860   2.716116    -1.7856   2.716368    7.32316    -0.0674    13.8155 0.0000e+00  -62.94833  -57.66983 1154647402 215.974589    34.4578      15900         13  0.000e+00
     75.123    -1.7866   2.716116    -1.7854   2.716322    7.32844    -0.0013    13.8155 0.0000e+00  -62.94833  -57.66983 1154647402 215.974589    34.4582      15901         13  0.000e+00
     74.961    -1.7857   2.716099    -1.7859   2.716328    7.32334     0.0097    13.8155 0.0000e+00  -62.94833  -57.66983 1154647402 215.974590    34.4571      15902         13  0.000e+00
     74.990    -1.7860   2.716077    -1.7851   2.716316    7.32343     0.0318    13.8155 0.0000e+00  -62.94833  -57.66983 1154647403 215.974590    34.4571      15903         13  0.000e+00
     74.895    -1.7864   2.716073    -1.7854   2.716328    7.32340    -0.0343    13.8155 0.0000e+00  -62.94833  -57.66983 1154647403 215.974591    34.4576      15904         13  0.000e+00
     74.990    -1.7865   2.716073    -1.7854   2.716357    7.32832    -0.0674    13.8155 0.0000e+00  -62.94833  -57.66983 1154647403 215.974591    34.4576      15905         13  0.000e+00
     74.961    -1.7857   2.716070    -1.7854   2.716322    7.32818    -0.0784    13.8155 0.0000e+00  -62.94833  -57.66983 1154647403 215.974592    34.4567      15906         13  0.000e+00
     74.914    -1.7861   2.716090    -1.7853   2.716328    7.32818     0.0097    13.8155 0.0000e+00  -62.94833  -57.66983 1154647403 215.974592    34.4574      15907         13  0.000e+00
     74.961    -1.7865   2.716077    -1.7853   2.716316    7.32829     0.0097    13.8155 0.0000e+00  -62.94833  -57.66983 1154647403 215.974592    34.4577      15908         13  0.000e+00
     74.990    -1.7863   2.716073    -1.7851   2.716311    7.32830    -0.0564    13.8155 0.0000e+00  -62.94833  -57.66983 1154647403 215.974593    34.4574      15909         13  0.000e+00
     74.961    -1.7861   2.716103    -1.7853   2.716328    7.32822    -0.0123    13.8155 0.0000e+00  -62.94833  -57.66983 1154647403 215.974593    34.4576      15910         13  0.000e+00
     74.914    -1.7862   2.716083    -1.7857   2.716316    7.32819    -0.0123    13.8155 0.0000e+00  -62.94833  -57.66983 1154647403 215.974594    34.4574      15911         13  0.000e+00
     74.961    -1.7862   2.716054    -1.7854   2.716288    7.32826    -0.0564    13.8155 0.0000e+00  -62.94833  -57.66983 1154647403 215.974594    34.4570      15912         13  0.000e+00
     74.914    -1.7867   2.716031    -1.7863   2.716265    7.32831    -0.0674    13.8155 0.0000e+00  -62.94833  -57.66983 1154647403 215.974595    34.4573      15913         13  0.000e+00
     74.961    -1.7868   2.716024    -1.7857   2.716276    7.32837    -0.0564    13.8155 0.0000e+00  -62.94833  -57.66983 1154647403 215.974595    34.4573      15914         13  0.000e+00
     74.990    -1.7865   2.716044    -1.7868   2.716265    7.33316    -0.0123    13.8155 0.0000e+00  -62.94833  -57.66983 1154647403 215.974596    34.4572      15915         13  0.000e+00
     74.961    -1.7866   2.716031    -1.7859   2.716259    7.32834     0.0097    13.8155 0.0000e+00  -62.94833  -57.66983 1154647403 215.974596    34.4571      15916         13  0.000e+00
     74.913    -1.7865   2.715995    -1.7870   2.716276    7.32830     0.0097    13.8155 0.0000e+00  -62.94833  -57.66983 1154647403 215.974597    34.4566      15917         13  0.000e+00
     74.961    -1.7868   2.716034    -1.7862   2.716242    7.32837    -0.0013    13.8155 0.0000e+00  -62.94833  -57.66983 1154647403 215.974597    34.4574      15918         13  0.000e+00
     74.913    -1.7869   2.716018    -1.7864   2.716213    7.32835    -0.0674    13.8155 0.0000e+00  -62.94833  -57.66983 1154647403 215.974598    34.4574      15919         13  0.000e+00
     50.503    -1.8112   2.712402    -1.8107   2.712763    7.30964    -0.0343    13.8155 0.0000e+00  -62.94833  -57.66983 1154647480 215.975491    34.4508      17772         14  0.000e+00
     50.427    -1.8114   2.712376    -1.8107   2.712740    7.30961     0.0097    13.8155 0.0000e+00  -62.94833  -57.66983 1154647480 215.975492    34.4507      17773         14  0.000e+00
     50.427    -1.8120   2.712422    -1.8109   2.712734    7.30966    -0.0343    13.8155 0.0000e+00  -62.94833  -57.66983 1154647481 215.975492    34.4521      17774         14  0.000e+00
     50.360    -1.8119   2.712402    -1.8107   2.712694    7.30959    -0.0343    13.8155 0.0000e+00  -62.94833  -57.66983 1154647481 215.975493    34.4517      17775         14  0.000e+00
     50.360    -1.8114   2.712393    -1.8107   2.712699    7.30952    -0.0343    13.8155 0.0000e+00  -62.94833  -57.66983 1154647481 215.975493    34.4510      17776         14  0.000e+00
     50.427    -1.8115   2.712409    -1.8106   2.712728    7.30961    -0.0123    13.8155 0.0000e+00  -62.94833  -57.66983 1154647481 215.975494    34.4514      17777         14  0.000e+00
     50.293    -1.8117   2.712441    -1.8106   2.712734    7.30947    -0.0233    13.8155 0.0000e+00  -62.94833  -57.66983 1154647481 215.975494    34.4521      17778         14  0.000e+00
     50.360    -1.8114   2.712422    -1.8109   2.712716    7.30951     0.0207    13.8155 0.0000e+00  -62.94833  -57.66983 1154647481 215.975495    34.4514      17779         14  0.000e+00
     50.293    -1.8112   2.712415    -1.8106   2.712711    7.30941    -0.0123    13.8155 0.0000e+00  -62.94833  -57.66983 1154647481 215.975495    34.4511      17780         14  0.000e+00
     50.360    -1.8114   2.712396    -1.8107   2.712688    7.30953    -0.0564    13.8155 0.0000e+00  -62.94833  -57.66983 1154647481 215.975496    34.4511      17781         14  0.000e+00
     50.293    -1.8110   2.712409    -1.8106   2.712682    7.30940    -0.0123    13.8155 0.0000e+00  -62.94833  -57.66983 1154647481 215.975496    34.4509      17782         14  0.000e+00
     50.293    -1.8114   2.712432    -1.8107   2.712682    7.30943    -0.1225    13.8155 0.0000e+00  -62.94833  -57.66983 1154647481 215.975497    34.4516      17783         14  0.000e+00
     50.217    -1.8115   2.712419    -1.8111   2.712682    7.30938    -0.1555    13.8155 0.0000e+00  -62.94833  -57.66983 1154647481 215.975497    34.4516      17784         14  0.000e+00
     50.293    -1.8112   2.712445    -1.8111   2.712699    7.30940    -0.0454    13.8155 0.0000e+00  -62.94833  -57.66983 1154647481 215.975498    34.4516      17785         14  0.000e+00
     50.217    -1.8112   2.712441    -1.8111   2.712688    7.30932    -0.0123    13.8155 0.0000e+00  -62.94833  -57.66983 1154647481 215.975498    34.4516      17786         14  0.000e+00
     50.150    -1.8112   2.712438    -1.8104   2.712665    7.30445    -0.0233    13.8155 0.0000e+00  -62.94833  -57.66983 1154647481 215.975499    34.4516      17787         14  0.000e+00
     50.217    -1.8115   2.712402    -1.8109   2.712693    7.30939    -0.0233    13.8155 0.0000e+00  -62.94833  -57.66983 1154647481 215.975499    34.4514      17788         14  0.000e+00
     50.150    -1.8112   2.712425    -1.8109   2.712670    7.30927    -0.0233    13.8155 0.0000e+00  -62.94833  -57.66983 1154647481 215.975500    34.4514      17789         14  0.000e+00
     50.150    -1.8110   2.712438    -1.8111   2.712693    7.30923    -0.0013    13.8155 0.0000e+00  -62.94833  -57.66983 1154647481 215.975500    34.4514      17790         14  0.000e+00
     50.150    -1.8111   2.712419    -1.8109   2.712711    7.30925    -0.0343    13.8155 0.0000e+00  -62.94833  -57.66983 1154647481 215.975501    34.4512      17791         14  0.000e+00
     50.083    -1.8110   2.712432    -1.8107   2.712688    7.30917    -0.1114    13.8155 0.0000e+00  -62.94833  -57.66983 1154647481 215.975501    34.4513      17792         14  0.000e+00
     50.083    -1.8110   2.712419    -1.8111   2.712642    7.30918    -0.1445    13.8155 0.0000e+00  -62.94833  -57.66983 1154647481 215.975502    34.4512      17793         14  0.000e+00
     50.150    -1.8109   2.712445    -1.8111   2.712665    7.30921    -0.0894    13.8155 0.0000e+00  -62.94833  -57.66983 1154647481 215.975502    34.4513      17794         14  0.000e+00
     50.083    -1.8112   2.712435    -1.8112   2.712682    7.30919    -0.0123    13.8155 0.0000e+00  -62.94833  -57.66983 1154647481 215.975503    34.4515      17795         14  0.000e+00
     50.083    -1.8112   2.712435    -1.8101   2.712716    7.30919    -0.1114    13.8155 0.0000e+00  -62.94833  -57.66983 1154647481 215.975503    34.4516      17796         14  0.000e+00
     50.150    -1.8114   2.712451    -1.8103   2.712716    7.30927    -0.1335    13.8155 0.0000e+00  -62.94833  -57.66983 1154647481 215.975503    34.4519      17797         14  0.000e+00
     50.150    -1.8111   2.712441    -1.8101   2.712711    7.30924    -0.1335    13.8155 0.0000e+00  -62.94833  -57.66983 1154647482 215.975504    34.4515      17798         14  0.000e+00
     50.150    -1.8110   2.712438    -1.8109   2.712688    7.30923    -0.0454    13.8155 0.0000e+00  -62.94833  -57.66983 1154647482 215.975504    34.4514      17799         14  0.000e+00
     50.150    -1.8112   2.712468    -1.8106   2.712682    7.30924    -0.0784    13.8155 0.0000e+00  -62.94833  -57.66983 1154647482 215.975505    34.4520      17800         14  0.000e+00
     50.150    -1.8115   2.712461    -1.8101   2.712716    7.30928    -0.0674    13.8155 0.0000e+00  -62.94833  -57.66983 1154647482 215.975505    34.4522      17801         14  0.000e+00
     50.217    -1.8115   2.712474    -1.8097   2.712768    7.30935    -0.0454    13.8155 0.0000e+00  -62.94833  -57.66983 1154647482 215.975506    34.4524      17802         14  0.000e+00
     50.217    -1.8110   2.712497    -1.8095   2.712785    7.30926    -0.1114    13.8155 0.0000e+00  -62.94833  -57.66983 1154647482 215.975506    34.4522      17803         14  0.000e+00
     50.217    -1.8108   2.712484    -1.8094   2.712820    7.30442    -0.1004    13.8155 0.0000e+00  -62.94833  -57.66983 1154647482 215.975507    34.4517      17804         14  0.000e+00
     50.217    -1.8109   2.712510    -1.8092   2.712854    7.30923    -0.0784    13.8155 0.0000e+00  -62.94833  -57.66983 1154647482 215.975507    34.4522      17805         14  0.000e+00
     50.283    -1.8105   2.712556    -1.8088   2.712883    7.30919     0.0207    13.8155 0.0000e+00  -62.94833  -57.66983 1154647482 215.975508    34.4523      17806         14  0.000e+00
     50.293    -1.8101   2.712634    -1.8088   2.712872    7.30910     0.0097    13.8155 0.0000e+00  -62.94833  -57.66983 1154647482 215.975508    34.4530      17807         14  0.000e+00
     50.217    -1.8094   2.712706    -1.8088   2.712900    7.30886    -0.0123    13.8155 0.0000e+00  -62.94833  -57.66983 1154647482 215.975509    34.4532      17808         14  0.000e+00
     50.217    -1.8092   2.712686    -1.8085   2.712935    7.30885     0.0538    13.8155 0.0000e+00  -62.94833  -57.66983 1154647482 215.975509    34.4527      17809         14  0.000e+00
     50.217    -1.8094   2.712709    -1.8085   2.712946    7.30886     0.0097    13.8155 0.0000e+00  -62.94833  -57.66983 1154647482 215.975510    34.4532      17810         14  0.000e+00
     50.150    -1.8087   2.712722    -1.8082   2.712946    7.30868    -0.0123    13.8155 0.0000e+00  -62.94833  -57.66983 1154647482 215.975510    34.4527      17811         14  0.000e+00
     50.150    -1.8092   2.712735    -1.8083   2.712964    7.30875     0.0097    13.8155 0.0000e+00  -62.94833  -57.66983 1154647482 215.975511    34.4534      17812         14  0.000e+00
     50.150    -1.8089   2.712693    -1.8088   2.712952    7.30873    -0.0013    13.8155 0.0000e+00  -62.94833  -57.66983 1154647482 215.975511    34.4525      17813         14  0.000e+00
     50.150    -1.8095   2.712693    -1.8080   2.712964    7.30883    -0.0564    13.8155 0.0000e+00  -62.94833  -57.66983 1154647482 215.975512    34.4532      17814         14  0.000e+00
