product_data/regression_test/downloaded_data/MGDS/320620060703/ctd/p6622501.ros
* Sea-Bird SBE 9 Data File:
* FileName = D:\Data\Raw\p6622501.dat
* Software Version Seasave Win32 V 5.32
* Temperature SN = 1649
* Conductivity SN = 1431
* Number of Bytes Per Scan = 37
* Number of Voltage Words = 5
* Number of Scans Averaged by the Deck Unit = 1
* NMEA Latitude = 62 52.63 S
* NMEA Longitude = 057 43.34 W
* NMEA UTC (Time) = 19:40:38
** Ship:   Nathaniel B. Palmer 
** Cruise:    NBP0606 
# nquan = 17
# nvalues = 1176                    
# units = specified
# name 0 = prDM: Pressure, Digiquartz [db]
# name 1 = t090C: Temperature [ITS-90, deg C]
# name 2 = c0S/m: Conductivity [S/m]
# name 3 = t190C: Temperature, 2 [ITS-90, deg C]
# name 4 = c1S/m: Conductivity, 2 [S/m]
# name 5 = sbeox0ML/L: Oxygen, SBE 43 [ml/l]
# name 6 = flECO-AFL: Fluorescence, Wetlab ECO-AFL/FL [mg/m^3]
# name 7 = bat: Beam Attenuation, Chelsea/Seatech/Wetlab CStar [1/m]
# name 8 = spar: SPAR/Surface Irradiance
# name 9 = latitude: Latitude [deg]
# name 10 = longitude: Longitude [deg]
# name 11 = timeY: Time, System [seconds]
# name 12 = timeJ: Julian Days
# name 13 = sal00: Salinity [PSU]
# name 14 = scan: scan number
# name 15 = nbf: number of bottles fired
# name 16 = flag:  0.000e+00
# interval = seconds: 0.0416667                   
# start_time = Aug 03 2006 19:41:23
*END*
[from data line 852]
     29.972    -1.8303   2.709462    -1.8307   2.709688    7.49034    -0.0784    13.8155 9.7407e+00  -62.87717  -57.72233 1154634973 215.830727    34.4453      21404         18  0.000e+00
     30.057    -1.8304   2.709432    -1.8302   2.709688    7.49046    -0.0454    13.8155 9.7407e+00  -62.87717  -57.72233 1154634974 215.830727    34.4448      21405         18  0.000e+00
     29.991    -1.8303   2.709419    -1.8301   2.709688    7.49039    -0.0233    13.8155 9.7407e+00  -62.87717  -57.72233 1154634974 215.830728    34.4446      21406         18  0.000e+00
     30.057    -1.8299   2.709449    -1.8302   2.709688    7.49037    -0.0343    13.8155 9.7407e+00  -62.87717  -57.72233 1154634974 215.830728    34.4445      21407         18  0.000e+00
     29.972    -1.8302   2.709462    -1.8301   2.709688    7.49032    -0.0454    13.8155 9.7407e+00  -62.87717  -57.72233 1154634974 215.830729    34.4451      21408         18  0.000e+00
     29.991    -1.8305   2.709432    -1.8302   2.709705    7.49040    -0.1114    13.8155 9.7407e+00  -62.87717  -57.72233 1154634974 215.830729    34.4450      21409         18  0.000e+00
     29.991    -1.8301   2.709436    -1.8302   2.709671    7.49034    -0.0894    13.8155 9.7407e+00  -62.87717  -57.72233 1154634974 215.830730    34.4446      21410         18  0.000e+00
     30.048    -1.8303   2.709442    -1.8299   2.709694    7.49043    -0.0894    13.8155 9.7407e+00  -62.87717  -57.72233 1154634974 215.830730    34.4449      21411         18  0.000e+00
     29.914    -1.8301   2.709442    -1.8301   2.709671    7.49025    -0.0564    13.8155 9.7407e+00  -62.87717  -57.72233 1154634974 215.830731    34.4447      21412         18  0.000e+00
     29.990    -1.8302   2.709471    -1.8305   2.709677    7.49513    -0.0123    13.8155 9.7407e+00  -62.87717  -57.72233 1154634974 215.830731    34.4452      21413         18  0.000e+00
     29.971    -1.8305   2.709436    -1.8298   2.709705    7.49518    -0.1004    13.8155 9.7407e+00  -62.87717  -57.72233 1154634974 215.830732    34.4451      21414         18  0.000e+00
     29.990    -1.8307   2.709452    -1.8301   2.709694    7.49522    -0.1004    13.8155 9.7407e+00  -62.87717  -57.72233 1154634974 215.830732    34.4455      21415         18  0.000e+00
     29.990    -1.8300   2.709462    -1.8301   2.709705    7.49511     0.0207    13.8155 9.7407e+00  -62.87717  -57.72233 1154634974 215.830733    34.4449      21416         18  0.000e+00
     29.990    -1.8304   2.709429    -1.8299   2.709671    7.49518     0.0097    13.8155 9.7407e+00  -62.87717  -57.72233 1154634974 215.830733    34.4448      21417         18  0.000e+00
     29.971    -1.8303   2.709449    -1.8302   2.709677    7.49035    -0.0894    13.8155 9.7407e+00  -62.87717  -57.72233 1154634974 215.830734    34.4451      21418         18  0.000e+00
     29.990    -1.8302   2.709465    -1.8307   2.709688    7.49033    -0.0564    13.8155 9.7407e+00  -62.87717  -57.72233 1154634974 215.830734    34.4451      21419         18  0.000e+00
     30.057    -1.8304   2.709462    -1.8306   2.709688    7.49043    -0.0343    13.8155 9.7407e+00  -62.87717  -57.72233 1154634974 215.830734    34.4452      21420         18  0.000e+00
     29.971    -1.8303   2.709462    -1.8299   2.709665    7.49034    -0.0013    13.8155 9.7407e+00  -62.87717  -57.72233 1154634974 215.830735    34.4453      21421         18  0.000e+00
     30.057    -1.8302   2.709445    -1.8304   2.709694    7.49522    -0.0674    13.8155 9.7407e+00  -62.87717  -57.72233 1154634974 215.830735    34.4448      21422         18  0.000e+00
     29.990    -1.8299   2.709442    -1.8301   2.709694    7.49510    -0.0674    13.8155 9.7407e+00  -62.87717  -57.72233 1154634974 215.830736    34.4444      21423         18  0.000e+00
     29.971    -1.8304   2.709442    -1.8297   2.709688    7.49515    -0.0564    13.8155 9.7407e+00  -62.87717  -57.72233 1154634974 215.830736    34.4450      21424         18  0.000e+00
     30.057    -1.8303   2.709442    -1.8306   2.709688    7.49524    -0.0674    13.8155 9.7407e+00  -62.87717  -57.72233 1154634974 215.830737    34.4449      21425         18  0.000e+00
     29.990    -1.8302   2.709442    -1.8299   2.709705    7.49515    -0.0784    13.8155 9.7407e+00  -62.87717  -57.72233 1154634974 215.830737    34.4448      21426         18  0.000e+00
     30.057    -1.8304   2.709423    -1.8304   2.709711    7.49046    -0.1114    13.8155 9.7407e+00  -62.87717  -57.72233 1154634974 215.830738    34.4447      21427         18  0.000e+00
     29.971    -1.8299   2.709436    -1.8301   2.709694    7.49029    -0.0784    13.8155 9.7407e+00  -62.87717  -57.72233 1154634974 215.830738    34.4443      21428         18  0.000e+00
     29.990    -1.8302   2.709462    -1.8302   2.709705    7.49034    -0.0123    13.8155 9.7407e+00  -62.87717  -57.72233 1154634975 215.830739    34.4451      21429         18  0.000e+00
     29.990    -1.8302   2.709413    -1.8302   2.709671    7.49037    -0.0013    13.8155 9.7407e+00  -62.87717  -57.72233 1154634975 215.830739    34.4444      21430         18  0.000e+00
     29.971    -1.8303   2.709445    -1.8302   2.709677    7.49035     0.0097    13.8155 9.7407e+00  -62.87717  -57.72233 1154634975 215.830740    34.4450      21431         18  0.000e+00
     29.990    -1.8302   2.709445    -1.8304   2.709705    7.49035     0.0538    13.8155 9.7407e+00  -62.87717  -57.72233 1154634975 215.830740    34.4449      21432         18  0.000e+00
     29.990    -1.8300   2.709442    -1.8299   2.709728    7.49032     0.0097    13.8155 9.7407e+00  -62.87717  -57.72233 1154634975 215.830741    34.4446      21433         18  0.000e+00
     30.054    -1.8302   2.709445    -1.8301   2.709694    7.49042    -0.1114    13.8155 9.7407e+00  -62.87717  -57.72233 1154634977 215.830765    34.4448      21484         19  0.000e+00
     29.968    -1.8303   2.709442    -1.8302   2.709688    7.49515    -0.0894    13.8155 9.7407e+00  -62.87717  -57.72233 1154634977 215.830766    34.4450      21485         19  0.000e+00
     29.987    -1.8301   2.709442    -1.8309   2.709688    7.49033    -0.0564    13.8155 9.7407e+00  -62.87717  -57.72233 1154634977 215.830766    34.4447      21486         19  0.000e+00
     30.054    -1.8305   2.709413    -1.8302   2.709706    7.49048    -0.0894    13.8155 9.7407e+00  -62.87717  -57.72233 1154634977 215.830767    34.4447      21487         19  0.000e+00
     29.987    -1.8307   2.709432    -1.8302   2.709694    7.49523    -0.0894    13.8155 9.7407e+00  -62.87717  -57.72233 1154634977 215.830767    34.4452      21488         19  0.000e+00
     30.045    -1.8303   2.709455    -1.8298   2.709688    7.49042    -0.0454    13.8155 9.7407e+00  -62.87717  -57.72233 1154634977 215.830768    34.4451      21489         19  0.000e+00
     29.987    -1.8307   2.709478    -1.8301   2.709665    7.49039    -0.0674    13.8155 9.7407e+00  -62.87717  -57.72233 1154634977 215.830768    34.4458      21490         19  0.000e+00
     29.987    -1.8302   2.709436    -1.8306   2.709677    7.49036    -0.0233    13.8155 9.7407e+00  -62.87717  -57.72233 1154634977 215.830769    34.4447      21491         19  0.000e+00
     30.044    -1.8299   2.709439    -1.8301   2.709688    7.49036    -0.0454    13.8155 9.7407e+00  -62.87717  -57.72233 1154634977 215.830769    34.4443      21492         19  0.000e+00
     29.987    -1.8299   2.709442    -1.8302   2.709688    7.49510    -0.0013    13.8155 9.7407e+00  -62.87717  -57.72233 1154634977 215.830770    34.4445      21493         19  0.000e+00
     30.054    -1.8303   2.709455    -1.8299   2.709688    7.49523    -0.0233    13.8155 9.7407e+00  -62.87717  -57.72233 1154634977 215.830770    34.4451      21494         19  0.000e+00
     29.968    -1.8307   2.709445    -1.8302   2.709665    7.49040    -0.0674    13.8155 9.7407e+00  -62.87717  -57.72233 1154634977 215.830771    34.4454      21495         19  0.000e+00
     30.054    -1.8299   2.709426    -1.8302   2.709677    7.49038    -0.0674    13.8155 9.7407e+00  -62.87717  -57.72233 1154634977 215.830771    34.4442      21496         19  0.000e+00
     29.987    -1.8307   2.709436    -1.8304   2.709688    7.49042    -0.1445    13.8155 9.7407e+00  -62.87717  -57.72233 1154634977 215.830772    34.4453      21497         19  0.000e+00
     30.054    -1.8302   2.709406    -1.8299   2.709688    7.49045    -0.1665    13.8155 9.7407e+00  -62.87717  -57.72233 1154634977 215.830772    34.4443      21498         19  0.000e+00
     30.044    -1.8303   2.709429    -1.8304   2.709688    7.49044    -0.0784    13.8155 9.7407e+00  -62.87717  -57.72233 1154634977 215.830773    34.4448      21499         19  0.000e+00
     29.987    -1.8301   2.709442    -1.8301   2.709705    7.49033    -0.0674    13.8155 9.7407e+00  -62.87717  -57.72233 1154634978 215.830773    34.4447      21500         19  0.000e+00
     29.987    -1.8302   2.709413    -1.8299   2.709694    7.49037    -0.0784    13.8155 9.7407e+00  -62.87717  -57.72233 1154634978 215.830774    34.4444      21501         19  0.000e+00
     30.044    -1.8303   2.709432    -1.8299   2.709665    7.49044    -0.1004    13.8155 9.7407e+00  -62.87717  -57.72233 1154634978 215.830774    34.4448      21502         19  0.000e+00
     29.987    -1.8301   2.709423    -1.8301   2.709660    7.49034    -0.1225    13.8155 9.7407e+00  -62.87717  -57.72233 1154634978 215.830774    34.4444      21503         19  0.000e+00
     30.053    -1.8302   2.709419    -1.8302   2.709694    7.49043    -0.0123    13.8155 9.7407e+00  -62.87717  -57.72233 1154634978 215.830775    34.4444      21504         19  0.000e+00
     29.987    -1.8302   2.709419    -1.8300   2.709711    7.49037    -0.0013    13.8155 9.7407e+00  -62.87717  -57.72233 1154634978 215.830775    34.4445      21505         19  0.000e+00
     30.044    -1.8305   2.709406    -1.8301   2.709671    7.49048    -0.0123    13.8155 9.7407e+00  -62.87717  -57.72233 1154634978 215.830776    34.4446      21506         19  0.000e+00
     29.987    -1.8307   2.709445    -1.8296   2.709677    7.49042    -0.0564    13.8155 9.7407e+00  -62.87717  -57.72233 1154634978 215.830776    34.4454      21507         19  0.000e+00
     30.053    -1.8304   2.709445    -1.8301   2.709706    7.49524    -0.0674    13.8155 9.7407e+00  -62.87717  -57.72233 1154634978 215.830777    34.4450      21508         19  0.000e+00
     29.967    -1.8303   2.709455    -1.8302   2.709671    7.49514    -0.1114    13.8155 9.7407e+00  -62.87717  -57.72233 1154634978 215.830777    34.4452      21509         19  0.000e+00
     30.053    -1.8302   2.709445    -1.8299   2.709677    7.49042    -0.1225    13.8155 9.7407e+00  -62.87717  -57.72233 1154634978 215.830778    34.4448      21510         19  0.000e+00
     29.986    -1.8305   2.709426    -1.8301   2.709665    7.49040    -0.0233    13.8155 9.7407e+00  -62.87717  -57.72233 1154634978 215.830778    34.4449      21511         19  0.000e+00
     30.044    -1.8305   2.709452    -1.8299   2.709677    7.49044    -0.0343    13.8155 9.7407e+00  -62.87717  -57.72233 1154634978 215.830779    34.4452      21512         19  0.000e+00
     30.053    -1.8302   2.709445    -1.8301   2.709665    7.49042    -0.0343    13.8155 9.7407e+00  -62.87717  -57.72233 1154634978 215.830779    34.4448      21513         19  0.000e+00
     29.986    -1.8307   2.709406    -1.8304   2.709660    7.49045    -0.1004    13.8155 9.7407e+00  -62.87717  -57.72233 1154634978 215.830780    34.4448      21514         19  0.000e+00
     30.053    -1.8302   2.709396    -1.8301   2.709660    7.49525    -0.1665    13.8155 9.7407e+00  -62.87717  -57.72233 1154634978 215.830780    34.4442      21515         19  0.000e+00
     30.043    -1.8307   2.709416    -1.8305   2.709677    7.49529    -0.1225    13.8155 9.7407e+00  -62.87717  -57.72233 1154634978 215.830781    34.4449      21516         19  0.000e+00
     29.986    -1.8305   2.709419    -1.8304   2.709665    7.49041    -0.0343    13.8155 9.7407e+00  -62.87717  -57.72233 1154634978 215.830781    34.4449      21517         19  0.000e+00
     30.053    -1.8300   2.709436    -1.8306   2.709677    7.49039     0.0097    13.8155 9.7407e+00  -62.87717  -57.72233 1154634978 215.830782    34.4445      21518         19  0.000e+00
     29.967    -1.8302   2.709406    -1.8302   2.709688    7.49035    -0.0343    13.8155 9.7407e+00  -62.87717  -57.72233 1154634978 215.830782    34.4443      21519         19  0.000e+00
     30.053    -1.8301   2.709432    -1.8302   2.709705    7.49041    -0.0784    13.8155 9.7407e+00  -62.87717  -57.72233 1154634978 215.830783    34.4445      21520         19  0.000e+00
     29.986    -1.8307   2.709442    -1.8301   2.709654    7.49042    -0.0564    13.8155 9.7407e+00  -62.87717  -57.72233 1154634978 215.830783    34.4453      21521         19  0.000e+00
     30.043    -1.8301   2.709423    -1.8302   2.709654    7.49040    -0.0454    13.8155 9.7407e+00  -62.87717  -57.72233 1154634978 215.830784    34.4444      21522         19  0.000e+00
     29.986    -1.8305   2.709419    -1.8301   2.709642    7.49041    -0.0564    13.8155 9.7407e+00  -62.87717  -57.72233 1154634978 215.830784    34.4448      21523         19  0.000e+00
     30.053    -1.8300   2.709449    -1.8299   2.709671    7.49038    -0.0784    13.8155 9.7407e+00  -62.87717  -57.72233 1154634978 215.830785    34.4446      21524         19  0.000e+00
     29.986    -1.8304   2.709465    -1.8296   2.709688    7.49515    -0.0784    13.8155 9.7407e+00  -62.87717  -57.72233 1154634979 215.830785    34.4453      21525         19  0.000e+00
     30.043    -1.8302   2.709462    -1.8301   2.709665    7.49519    -0.0123    13.8155 9.7407e+00  -62.87717  -57.72233 1154634979 215.830786    34.4450      21526         19  0.000e+00
     30.052    -1.8301   2.709462    -1.8298   2.709677    7.49038    -0.0454    13.8155 9.7407e+00  -62.87717  -57.72233 1154634979 215.830786    34.4449      21527         19  0.000e+00
     29.986    -1.8300   2.709445    -1.8302   2.709705    7.49032    -0.1004    13.8155 9.7407e+00  -62.87717  -57.72233 1154634979 215.830787    34.4446      21528         19  0.000e+00
     30.043    -1.8299   2.709442    -1.8304   2.709694    7.49036    -0.0343    13.8155 9.7407e+00  -62.87717  -57.72233 1154634979 215.830787    34.4444      21529         19  0.000e+00
     30.052    -1.8301   2.709462    -1.8301   2.709688    7.49038     0.0207    13.8155 9.7407e+00  -62.87717  -57.72233 1154634979 215.830788    34.4449      21530         19  0.000e+00
     29.986    -1.8300   2.709449    -1.8301   2.709688    7.49511    -0.0123    13.8155 9.7407e+00  -62.87717  -57.72233 1154634979 215.830788    34.4447      21531         19  0.000e+00
     30.052    -1.8302   2.709442    -1.8309   2.709665    7.49042    -0.0343    13.8155 9.7407e+00  -62.87717  -57.72233 1154634979 215.830788    34.4448      21532         19  0.000e+00
     10.465    -1.8316   2.708071    -1.8321   2.708281    7.47597    -0.0123    13.8155 7.7926e+00  -62.87717  -57.72233 1154635016 215.831216    34.4399      22419         20  0.000e+00
     10.493    -1.8314   2.708064    -1.8315   2.708298    7.47598    -0.0564    13.8155 7.7926e+00  -62.87717  -57.72233 1154635016 215.831217    34.4396      22420         20  0.000e+00
     10.541    -1.8316   2.708061    -1.8319   2.708304    7.47605    -0.0233    13.8155 7.7926e+00  -62.87717  -57.72233 1154635016 215.831217    34.4397      22421         20  0.000e+00
     10.426    -1.8313   2.708077    -1.8315   2.708287    7.47588    -0.0013    13.8155 7.7926e+00  -62.87717  -57.72233 1154635016 215.831218    34.4396      22422         20  0.000e+00
     10.398    -1.8311   2.708084    -1.8319   2.708298    7.47582    -0.0454    13.8155 7.7926e+00  -62.87717  -57.72233 1154635016 215.831218    34.4396      22423         20  0.000e+00
