product_data/regression_test/downloaded_data/MGDS/320620060703/ctd/p6622003.ros
* Sea-Bird SBE 9 Data File:
* FileName = D:\Data\Raw\p6622003.dat
* Software Version Seasave Win32 V 5.32
* Temperature SN = 1649
* Conductivity SN = 1431
* Number of Bytes Per Scan = 37
* Number of Voltage Words = 5
* Number of Scans Averaged by the Deck Unit = 1
* NMEA Latitude = 62 29.14 S
* NMEA Longitude = 057 57.73 W
* NMEA UTC (Time) = 05:33:42
** Ship:   Nathaniel B. Palmer 
** Cruise:    NBP0606 
# nquan = 17
# nvalues = 1176                    
# units = specified
# name 0 = prDM: Pressure, Digiquartz [db]
# name 1 = t090C: Temperature [ITS-90, deg C]
# name 2 = c0S/m: Conductivity [S/m]
# name 3 = t190C: Temperature, 2 [ITS-90, deg C]
# name 4 = c1S/m: Conductivity, 2 [S/m]
# name 5 = sbeox0ML/L: Oxygen, SBE 43 [ml/l]
# name 6 = flECO-AFL: Fluorescence, Wetlab ECO-AFL/FL [mg/m^3]
# name 7 = bat: Beam Attenuation, Chelsea/Seatech/Wetlab CStar [1/m]
# name 8 = spar: SPAR/Surface Irradiance
# name 9 = latitude: Latitude [deg]
# name 10 = longitude: Longitude [deg]
# name 11 = timeY: Time, System [seconds]
# name 12 = timeJ: Julian Days
# name 13 = sal00: Salinity [PSU]
# name 14 = scan: scan number
# name 15 = nbf: number of bottles fired
# name 16 = flag:  0.000e+00
# interval = seconds: 0.0416667                   
# start_time = Aug 03 2006 05:34:21
*END*
[from data line 596]
     49.733    -1.8233   2.704271    -1.8231   2.704535    7.65324    -0.0123    13.8155 0.0000e+00  -62.48567  -57.96217 1154587741 215.284046    34.3516     107535         13  0.000e+00
     49.733    -1.8235   2.704277    -1.8238   2.704529    7.65327     0.0318    13.8155 0.0000e+00  -62.48567  -57.96217 1154587741 215.284047    34.3519     107536         13  0.000e+00
     49.733    -1.8234   2.704320    -1.8235   2.704506    7.65323     0.0207    13.8155 0.0000e+00  -62.48567  -57.96217 1154587741 215.284047    34.3524     107537         13  0.000e+00
     49.657    -1.8227   2.704310    -1.8236   2.704535    7.65786     0.0428    13.8155 0.0000e+00  -62.48567  -57.96217 1154587741 215.284048    34.3515     107538         13  0.000e+00
     49.733    -1.8233   2.704261    -1.8234   2.704512    7.65806     0.0758    13.8155 0.0000e+00  -62.48567  -57.96217 1154587741 215.284048    34.3515     107539         13  0.000e+00
     49.733    -1.8230   2.704271    -1.8234   2.704518    7.65320     0.0207    13.8155 0.0000e+00  -62.48567  -57.96217 1154587741 215.284049    34.3513     107540         13  0.000e+00
     49.733    -1.8229   2.704287    -1.8232   2.704529    7.65318    -0.0343    13.8155 0.0000e+00  -62.48567  -57.96217 1154587741 215.284049    34.3514     107541         13  0.000e+00
     49.733    -1.8232   2.704317    -1.8235   2.704535    7.65320    -0.0013    13.8155 0.0000e+00  -62.48567  -57.96217 1154587741 215.284049    34.3521     107542         13  0.000e+00
     49.733    -1.8231   2.704307    -1.8235   2.704489    7.65319     0.0097    13.8155 0.0000e+00  -62.48567  -57.96217 1154587741 215.284050    34.3519     107543         13  0.000e+00
     49.733    -1.8230   2.704294    -1.8235   2.704495    7.65319    -0.0454    13.8155 0.0000e+00  -62.48567  -57.96217 1154587741 215.284050    34.3516     107544         13  0.000e+00
     49.733    -1.8231   2.704268    -1.8238   2.704535    7.65322    -0.0784    13.8155 0.0000e+00  -62.48567  -57.96217 1154587741 215.284051    34.3513     107545         13  0.000e+00
     49.733    -1.8231   2.704281    -1.8235   2.704535    7.65321    -0.0894    13.8155 0.0000e+00  -62.48567  -57.96217 1154587741 215.284051    34.3515     107546         13  0.000e+00
     49.800    -1.8230   2.704268    -1.8235   2.704506    7.65328    -0.0894    13.8155 0.0000e+00  -62.48567  -57.96217 1154587741 215.284052    34.3512     107547         13  0.000e+00
     49.733    -1.8231   2.704317    -1.8237   2.704552    7.65318    -0.0674    13.8155 0.0000e+00  -62.48567  -57.96217 1154587741 215.284052    34.3520     107548         13  0.000e+00
     49.723    -1.8233   2.704294    -1.8235   2.704535    7.65323    -0.0894    13.8155 0.0000e+00  -62.48567  -57.96217 1154587741 215.284053    34.3520     107549         13  0.000e+00
     49.733    -1.8233   2.704271    -1.8235   2.704546    7.65324    -0.1004    13.8155 0.0000e+00  -62.48567  -57.96217 1154587742 215.284053    34.3516     107550         13  0.000e+00
     49.800    -1.8232   2.704294    -1.8237   2.704512    7.65328    -0.0784    13.8155 0.0000e+00  -62.48567  -57.96217 1154587742 215.284054    34.3518     107551         13  0.000e+00
     49.733    -1.8231   2.704277    -1.8236   2.704518    7.65321    -0.0233    13.8155 0.0000e+00  -62.48567  -57.96217 1154587742 215.284054    34.3515     107552         13  0.000e+00
     49.800    -1.8230   2.704277    -1.8237   2.704529    7.65327    -0.0343    13.8155 0.0000e+00  -62.48567  -57.96217 1154587742 215.284055    34.3513     107553         13  0.000e+00
     49.733    -1.8231   2.704287    -1.8238   2.704529    7.65320    -0.0013    13.8155 0.0000e+00  -62.48567  -57.96217 1154587742 215.284055    34.3516     107554         13  0.000e+00
     49.733    -1.8231   2.704281    -1.8240   2.704518    7.65321     0.0097    13.8155 0.0000e+00  -62.48567  -57.96217 1154587742 215.284056    34.3515     107555         13  0.000e+00
     49.800    -1.8230   2.704271    -1.8232   2.704523    7.65327    -0.0674    13.8155 0.0000e+00  -62.48567  -57.96217 1154587742 215.284056    34.3512     107556         13  0.000e+00
     49.657    -1.8236   2.704277    -1.8238   2.704546    7.65320    -0.0233    13.8155 0.0000e+00  -62.48567  -57.96217 1154587742 215.284057    34.3521     107557         13  0.000e+00
     49.867    -1.8229   2.704264    -1.8238   2.704512    7.65333    -0.0123    13.8155 0.0000e+00  -62.48567  -57.96217 1154587742 215.284057    34.3509     107558         13  0.000e+00
     49.800    -1.8228   2.704251    -1.8238   2.704501    7.65326    -0.0123    13.8155 0.0000e+00  -62.48567  -57.96217 1154587742 215.284058    34.3507     107559         13  0.000e+00
     49.733    -1.8230   2.704271    -1.8238   2.704535    7.65320    -0.0894    13.8155 0.0000e+00  -62.48567  -57.96217 1154587742 215.284058    34.3513     107560         13  0.000e+00
     49.800    -1.8228   2.704287    -1.8238   2.704552    7.65323    -0.0343    13.8155 0.0000e+00  -62.48567  -57.96217 1154587742 215.284059    34.3512     107561         13  0.000e+00
     49.800    -1.8229   2.704281    -1.8235   2.704523    7.65324    -0.0454    13.8155 0.0000e+00  -62.48567  -57.96217 1154587742 215.284059    34.3512     107562         13  0.000e+00
     49.733    -1.8231   2.704287    -1.8238   2.704523    7.65802     0.0207    13.8155 0.0000e+00  -62.48567  -57.96217 1154587742 215.284060    34.3516     107563         13  0.000e+00
     49.800    -1.8228   2.704317    -1.8237   2.704506    7.65321     0.0207    13.8155 0.0000e+00  -62.48567  -57.96217 1154587742 215.284060    34.3516     107564         13  0.000e+00
     49.800    -1.8230   2.704317    -1.8234   2.704535    7.65324    -0.0233    13.8155 0.0000e+00  -62.48567  -57.96217 1154587742 215.284061    34.3519     107565         13  0.000e+00
     49.800    -1.8231   2.704287    -1.8232   2.704535    7.65328    -0.0233    13.8155 0.0000e+00  -62.48567  -57.96217 1154587742 215.284061    34.3516     107566         13  0.000e+00
     49.733    -1.8233   2.704255    -1.8235   2.704529    7.65327    -0.0013    13.8155 0.0000e+00  -62.48567  -57.96217 1154587742 215.284062    34.3514     107567         13  0.000e+00
     49.800    -1.8231   2.704271    -1.8235   2.704518    7.65329    -0.0674    13.8155 0.0000e+00  -62.48567  -57.96217 1154587742 215.284062    34.3513     107568         13  0.000e+00
     49.800    -1.8233   2.704287    -1.8238   2.704523    7.65331    -0.0894    13.8155 0.0000e+00  -62.48567  -57.96217 1154587742 215.284062    34.3518     107569         13  0.000e+00
     49.800    -1.8233   2.704281    -1.8231   2.704529    7.65331    -0.0674    13.8155 0.0000e+00  -62.48567  -57.96217 1154587742 215.284063    34.3517     107570         13  0.000e+00
     49.800    -1.8232   2.704248    -1.8235   2.704506    7.65332     0.0648    13.8155 0.0000e+00  -62.48567  -57.96217 1154587742 215.284063    34.3511     107571         13  0.000e+00
     49.734    -1.8231   2.704277    -1.8238   2.704518    7.65321     0.0097    13.8155 0.0000e+00  -62.48567  -57.96217 1154587742 215.284064    34.3515     107572         13  0.000e+00
     49.800    -1.8235   2.704268    -1.8238   2.704506    7.65335    -0.0343    13.8155 0.0000e+00  -62.48567  -57.96217 1154587742 215.284064    34.3517     107573         13  0.000e+00
     49.800    -1.8237   2.704268    -1.8236   2.704535    7.65339     0.0318    13.8155 0.0000e+00  -62.48567  -57.96217 1154587743 215.284065    34.3520     107574         13  0.000e+00
     49.800    -1.8229   2.704294    -1.8238   2.704523    7.65325    -0.0343    13.8155 0.0000e+00  -62.48567  -57.96217 1154587743 215.284065    34.3515     107575         13  0.000e+00
     49.740    -1.8235   2.704268    -1.8235   2.704518    7.65810    -0.0454    13.8155 0.0000e+00  -62.48567  -57.96217 1154587754 215.284203    34.3518     107860         14  0.000e+00
     49.740    -1.8233   2.704274    -1.8235   2.704518    7.65325    -0.0233    13.8155 0.0000e+00  -62.48567  -57.96217 1154587754 215.284203    34.3516     107861         14  0.000e+00
     49.807    -1.8236   2.704271    -1.8238   2.704501    7.65338     0.0318    13.8155 0.0000e+00  -62.48567  -57.96217 1154587755 215.284204    34.3520     107862         14  0.000e+00
     49.740    -1.8236   2.704277    -1.8234   2.704501    7.65329     0.0868    13.8155 0.0000e+00  -62.48567  -57.96217 1154587755 215.284204    34.3520     107863         14  0.000e+00
     49.807    -1.8229   2.704255    -1.8238   2.704518    7.65327     0.0538    13.8155 0.0000e+00  -62.48567  -57.96217 1154587755 215.284205    34.3508     107864         14  0.000e+00
     49.740    -1.8234   2.704258    -1.8243   2.704529    7.65328    -0.0233    13.8155 0.0000e+00  -62.48567  -57.96217 1154587755 215.284205    34.3516     107865         14  0.000e+00
     49.807    -1.8236   2.704268    -1.8240   2.704506    7.65338     0.0207    13.8155 0.0000e+00  -62.48567  -57.96217 1154587755 215.284206    34.3519     107866         14  0.000e+00
     49.740    -1.8236   2.704261    -1.8238   2.704518    7.65812    -0.0784    13.8155 0.0000e+00  -62.48567  -57.96217 1154587755 215.284206    34.3518     107867         14  0.000e+00
     49.807    -1.8236   2.704251    -1.8235   2.704518    7.65820    -0.1335    13.8155 0.0000e+00  -62.48567  -57.96217 1154587755 215.284207    34.3516     107868         14  0.000e+00
     49.740    -1.8233   2.704258    -1.8238   2.704483    7.65808    -0.1114    13.8155 0.0000e+00  -62.48567  -57.96217 1154587755 215.284207    34.3515     107869         14  0.000e+00
     49.807    -1.8233   2.704300    -1.8235   2.704512    7.65811    -0.0564    13.8155 0.0000e+00  -62.48567  -57.96217 1154587755 215.284208    34.3520     107870         14  0.000e+00
     49.740    -1.8232   2.704255    -1.8240   2.704506    7.65806    -0.1004    13.8155 0.0000e+00  -62.48567  -57.96217 1154587755 215.284208    34.3513     107871         14  0.000e+00
     49.807    -1.8233   2.704277    -1.8238   2.704501    7.65813    -0.1114    13.8155 0.0000e+00  -62.48567  -57.96217 1154587755 215.284209    34.3516     107872         14  0.000e+00
     49.807    -1.8236   2.704268    -1.8242   2.704518    7.65819    -0.1225    13.8155 0.0000e+00  -62.48567  -57.96217 1154587755 215.284209    34.3519     107873         14  0.000e+00
     49.740    -1.8233   2.704268    -1.8237   2.704518    7.65807    -0.1004    13.8155 0.0000e+00  -62.48567  -57.96217 1154587755 215.284210    34.3515     107874         14  0.000e+00
     49.807    -1.8235   2.704261    -1.8238   2.704501    7.65817    -0.0123    13.8155 0.0000e+00  -62.48567  -57.96217 1154587755 215.284210    34.3516     107875         14  0.000e+00
     49.740    -1.8234   2.704274    -1.8239   2.704535    7.65808    -0.0123    13.8155 0.0000e+00  -62.48567  -57.96217 1154587755 215.284211    34.3518     107876         14  0.000e+00
     49.807    -1.8236   2.704271    -1.8238   2.704512    7.65819    -0.0454    13.8155 0.0000e+00  -62.48567  -57.96217 1154587755 215.284211    34.3520     107877         14  0.000e+00
     49.807    -1.8239   2.704277    -1.8240   2.704518    7.65823    -0.0564    13.8155 0.0000e+00  -62.48567  -57.96217 1154587755 215.284212    34.3524     107878         14  0.000e+00
     49.741    -1.8234   2.704271    -1.8237   2.704506    7.65809    -0.0454    13.8155 0.0000e+00  -62.48567  -57.96217 1154587755 215.284212    34.3518     107879         14  0.000e+00
     49.807    -1.8233   2.704261    -1.8240   2.704501    7.65334     0.0207    13.8155 0.0000e+00  -62.48567  -57.96217 1154587755 215.284212    34.3515     107880         14  0.000e+00
     49.741    -1.8231   2.704281    -1.8238   2.704512    7.65322    -0.0013    13.8155 0.0000e+00  -62.48567  -57.96217 1154587755 215.284213    34.3515     107881         14  0.000e+00
     49.807    -1.8233   2.704268    -1.8240   2.704524    7.65815     0.0207    13.8155 0.0000e+00  -62.48567  -57.96217 1154587755 215.284213    34.3516     107882         14  0.000e+00
     49.807    -1.8233   2.704281    -1.8238   2.704546    7.65813     0.0428    13.8155 0.0000e+00  -62.48567  -57.96217 1154587755 215.284214    34.3517     107883         14  0.000e+00
     49.741    -1.8232   2.704268    -1.8238   2.704535    7.65805    -0.0013    13.8155 0.0000e+00  -62.48567  -57.96217 1154587755 215.284214    34.3514     107884         14  0.000e+00
     49.807    -1.8234   2.704281    -1.8242   2.704529    7.65815    -0.0454    13.8155 0.0000e+00  -62.48567  -57.96217 1154587755 215.284215    34.3519     107885         14  0.000e+00
     49.807    -1.8235   2.704268    -1.8240   2.704529    7.65817    -0.0564    13.8155 0.0000e+00  -62.48567  -57.96217 1154587756 215.284215    34.3517     107886         14  0.000e+00
     49.741    -1.8234   2.704281    -1.8234   2.704535    7.65808    -0.0454    13.8155 0.0000e+00  -62.48567  -57.96217 1154587756 215.284216    34.3519     107887         14  0.000e+00
     49.808    -1.8236   2.704300    -1.8242   2.704506    7.65816    -0.0343    13.8155 0.0000e+00  -62.48567  -57.96217 1154587756 215.284216    34.3523     107888         14  0.000e+00
     49.808    -1.8235   2.704255    -1.8237   2.704535    7.65818    -0.1114    13.8155 0.0000e+00  -62.48567  -57.96217 1154587756 215.284217    34.3516     107889         14  0.000e+00
     49.808    -1.8231   2.704294    -1.8242   2.704535    7.65809    -0.0674    13.8155 0.0000e+00  -62.48567  -57.96217 1154587756 215.284217    34.3517     107890         14  0.000e+00
     49.741    -1.8233   2.704287    -1.8236   2.704506    7.65806    -0.0233    13.8155 0.0000e+00  -62.48567  -57.96217 1154587756 215.284218    34.3519     107891         14  0.000e+00
     49.808    -1.8237   2.704287    -1.8237   2.704501    7.65820    -0.0123    13.8155 0.0000e+00  -62.48567  -57.96217 1154587756 215.284218    34.3523     107892         14  0.000e+00
     49.808    -1.8233   2.704300    -1.8234   2.704535    7.65812    -0.0343    13.8155 0.0000e+00  -62.48567  -57.96217 1154587756 215.284219    34.3520     107893         14  0.000e+00
     49.808    -1.8236   2.704294    -1.8237   2.704501    7.65816    -0.0123    13.8155 0.0000e+00  -62.48567  -57.96217 1154587756 215.284219    34.3522     107894         14  0.000e+00
     49.741    -1.8230   2.704268    -1.8237   2.704518    7.65803    -0.0123    13.8155 0.0000e+00  -62.48567  -57.96217 1154587756 215.284220    34.3512     107895         14  0.000e+00
     49.808    -1.8234   2.704281    -1.8238   2.704506    7.65815     0.0868    13.8155 0.0000e+00  -62.48567  -57.96217 1154587756 215.284220    34.3519     107896         14  0.000e+00
     49.808    -1.8234   2.704281    -1.8238   2.704501    7.65815     0.0979    13.8155 0.0000e+00  -62.48567  -57.96217 1154587756 215.284221    34.3519     107897         14  0.000e+00
     49.741    -1.8230   2.704255    -1.8241   2.704518    7.65804     0.0207    13.8155 0.0000e+00  -62.48567  -57.96217 1154587756 215.284221    34.3511     107898         14  0.000e+00
     49.808    -1.8231   2.704287    -1.8235   2.704506    7.66291     0.0097    13.8155 0.0000e+00  -62.48567  -57.96217 1154587756 215.284222    34.3516     107899         14  0.000e+00
     49.808    -1.8232   2.704294    -1.8238   2.704518    7.66292    -0.0123    13.8155 0.0000e+00  -62.48567  -57.96217 1154587756 215.284222    34.3518     107900         14  0.000e+00
     49.808    -1.8234   2.704300    -1.8235   2.704535    7.66295    -0.0233    13.8155 0.0000e+00  -62.48567  -57.96217 1154587756 215.284223    34.3521     107901         14  0.000e+00
     49.741    -1.8233   2.704261    -1.8238   2.704529    7.65808    -0.0674    13.8155 0.0000e+00  -62.48567  -57.96217 1154587756 215.284223    34.3515     107902         14  0.000e+00
