product_data/regression_test/downloaded_data/MGDS/320620060703/ctd/p6620201.ros
* Sea-Bird SBE 9 Data File:
* FileName = D:\Data\Raw\p6620201.dat
* Software Version Seasave Win32 V 5.32
* Temperature SN = 1649
* Conductivity SN = 1431
* Number of Bytes Per Scan = 37
* Number of Voltage Words = 5
* Number of Scans Averaged by the Deck Unit = 1
* NMEA Latitude = 64 26.68 S
* NMEA Longitude = 061 58.97 W
* NMEA UTC (Time) = 03:19:51
** Ship:   Nathaniel B. Palmer 
** Cruise:    NBP0606 
# nquan = 17
# nvalues = 1176                    
# units = specified
# name 0 = prDM: Pressure, Digiquartz [db]
# name 1 = t090C: Temperature [ITS-90, deg C]
# name 2 = c0S/m: Conductivity [S/m]
# name 3 = t190C: Temperature, 2 [ITS-90, deg C]
# name 4 = c1S/m: Conductivity, 2 [S/m]
# name 5 = sbeox0ML/L: Oxygen, SBE 43 [ml/l]
# name 6 = flECO-AFL: Fluorescence, Wetlab ECO-AFL/FL [mg/m^3]
# name 7 = bat: Beam Attenuation, Chelsea/Seatech/Wetlab CStar [1/m]
# name 8 = spar: SPAR/Surface Irradiance
# name 9 = latitude: Latitude [deg]
# name 10 = longitude: Longitude [deg]
# name 11 = timeY: Time, System [seconds]
# name 12 = timeJ: Julian Days
# name 13 = sal00: Salinity [PSU]
# name 14 = scan: scan number
# name 15 = nbf: number of bottles fired
# name 16 = flag:  0.000e+00
# interval = seconds: 0.0416667                   
# start_time = Jul 28 2006 03:19:59
*END*
[from data line 852]
     75.331    -0.1626   2.840318    -0.1552   2.841507    6.26414    -0.0894    13.8155 0.0000e+00  -64.44467  -61.98283 1154058357 209.156932    34.2953      37440         18  0.000e+00
     75.312    -0.1622   2.840321    -0.1549   2.841501    6.26407    -0.0564    13.8155 0.0000e+00  -64.44467  -61.98283 1154058357 209.156933    34.2949      37441         18  0.000e+00
     75.265    -0.1623   2.840301    -0.1552   2.841501    6.26405    -0.0894    13.8155 0.0000e+00  -64.44467  -61.98283 1154058357 209.156933    34.2948      37442         18  0.000e+00
     75.265    -0.1622   2.840311    -0.1561   2.841414    6.26403    -0.0454    13.8155 0.0000e+00  -64.44467  -61.98283 1154058357 209.156934    34.2948      37443         18  0.000e+00
     75.312    -0.1617   2.840331    -0.1571   2.841326    6.26400    -0.0123    13.8155 0.0000e+00  -64.44467  -61.98283 1154058357 209.156934    34.2944      37444         18  0.000e+00
     75.265    -0.1612   2.840358    -0.1585   2.841226    6.26388    -0.0564    13.8155 0.0000e+00  -64.44467  -61.98283 1154058357 209.156935    34.2943      37445         18  0.000e+00
     75.245    -0.1609   2.840311    -0.1591   2.841121    6.26385    -0.0454    13.8155 0.0000e+00  -64.44467  -61.98283 1154058357 209.156935    34.2934      37446         18  0.000e+00
     75.265    -0.1620   2.840208    -0.1591   2.841045    6.26406    -0.0674    13.8155 0.0000e+00  -64.44467  -61.98283 1154058357 209.156936    34.2932      37447         18  0.000e+00
     75.245    -0.1623   2.840195    -0.1586   2.841034    6.26410    -0.0343    13.8155 0.0000e+00  -64.44467  -61.98283 1154058357 209.156936    34.2934      37448         18  0.000e+00
     75.198    -0.1628   2.840191    -0.1594   2.841022    6.26412    -0.0454    13.8155 0.0000e+00  -64.44467  -61.98283 1154058357 209.156937    34.2939      37449         18  0.000e+00
     75.245    -0.1639   2.840215    -0.1597   2.840987    6.26428    -0.1225    13.8155 0.0000e+00  -64.44467  -61.98283 1154058357 209.156937    34.2954      37450         18  0.000e+00
     75.198    -0.1637   2.840225    -0.1597   2.840981    6.26422    -0.0784    13.8155 0.0000e+00  -64.44467  -61.98283 1154058357 209.156938    34.2954      37451         18  0.000e+00
     75.198    -0.1633   2.840258    -0.1603   2.840905    6.26414    -0.1004    13.8155 0.0000e+00  -64.44467  -61.98283 1154058357 209.156938    34.2953      37452         18  0.000e+00
     75.179    -0.1628   2.840221    -0.1611   2.840829    6.26408    -0.0894    13.8155 0.0000e+00  -64.44467  -61.98283 1154058357 209.156939    34.2943      37453         18  0.000e+00
     75.198    -0.1633   2.840168    -0.1619   2.840765    6.26419    -0.0123    13.8155 0.0000e+00  -64.44467  -61.98283 1154058357 209.156939    34.2941      37454         18  0.000e+00
     75.179    -0.1637   2.840121    -0.1605   2.840747    6.26426    -0.0784    13.8155 0.0000e+00  -64.44467  -61.98283 1154058357 209.156940    34.2940      37455         18  0.000e+00
     75.198    -0.1633   2.840091    -0.1612   2.840718    6.26423    -0.0894    13.8155 0.0000e+00  -64.44467  -61.98283 1154058357 209.156940    34.2931      37456         18  0.000e+00
     75.179    -0.1640   2.840078    -0.1626   2.840636    6.26432    -0.0123    13.8155 0.0000e+00  -64.44467  -61.98283 1154058357 209.156941    34.2938      37457         18  0.000e+00
     75.121    -0.1642   2.840065    -0.1634   2.840589    6.26430    -0.0123    13.8155 0.0000e+00  -64.44467  -61.98283 1154058358 209.156941    34.2938      37458         18  0.000e+00
     75.121    -0.1646   2.840015    -0.1623   2.840636    6.26439    -0.0564    13.8155 0.0000e+00  -64.44467  -61.98283 1154058358 209.156942    34.2937      37459         18  0.000e+00
     75.179    -0.1642   2.839978    -0.1608   2.840700    6.26440    -0.0343    13.8155 0.0000e+00  -64.44467  -61.98283 1154058358 209.156942    34.2926      37460         18  0.000e+00
     75.121    -0.1648   2.839962    -0.1605   2.840776    6.26444     0.0318    13.8155 0.0000e+00  -64.44467  -61.98283 1154058358 209.156943    34.2931      37461         18  0.000e+00
     75.102    -0.1657   2.839968    -0.1608   2.840835    6.26917    -0.0123    13.8155 0.0000e+00  -64.44467  -61.98283 1154058358 209.156943    34.2943      37462         18  0.000e+00
     75.121    -0.1652   2.839975    -0.1617   2.840846    6.26449    -0.0343    13.8155 0.0000e+00  -64.44467  -61.98283 1154058358 209.156943    34.2938      37463         18  0.000e+00
     75.102    -0.1650   2.839992    -0.1629   2.840870    6.26906    -0.0894    13.8155 0.0000e+00  -64.44467  -61.98283 1154058358 209.156944    34.2937      37464         18  0.000e+00
     75.055    -0.1642   2.839985    -0.1617   2.840952    6.26429    -0.0894    13.8155 0.0000e+00  -64.44467  -61.98283 1154058358 209.156944    34.2928      37465         18  0.000e+00
     75.102    -0.1645   2.839992    -0.1609   2.841004    6.26900    -0.0894    13.8155 0.0000e+00  -64.44467  -61.98283 1154058358 209.156945    34.2932      37466         18  0.000e+00
     75.121    -0.1643   2.840015    -0.1600   2.840993    6.26435    -0.0233    13.8155 0.0000e+00  -64.44467  -61.98283 1154058358 209.156945    34.2933      37467         18  0.000e+00
     75.055    -0.1639   2.840038    -0.1597   2.841004    6.26422    -0.0013    13.8155 0.0000e+00  -64.44467  -61.98283 1154058358 209.156946    34.2931      37468         18  0.000e+00
     75.102    -0.1645   2.840048    -0.1594   2.841010    6.26433    -0.0233    13.8155 0.0000e+00  -64.44467  -61.98283 1154058358 209.156946    34.2940      37469         18  0.000e+00
     50.445    -0.8445   2.772687    -0.8249   2.775179    6.80655    -0.1225    13.8155 0.0000e+00  -64.44467  -61.98283 1154058407 209.157519    34.1711      38657         19  0.000e+00
     50.369    -0.8485   2.772400    -0.8286   2.774605    6.80722    -0.0564    13.8155 0.0000e+00  -64.44467  -61.98283 1154058407 209.157520    34.1718      38658         19  0.000e+00
     50.369    -0.8512   2.772160    -0.8245   2.774182    6.80774    -0.0894    13.8155 0.0000e+00  -64.44467  -61.98283 1154058407 209.157520    34.1716      38659         19  0.000e+00
     50.512    -0.8537   2.772042    -0.8162   2.774112    6.81299    -0.0343    13.8155 0.0000e+00  -64.44467  -61.98283 1154058408 209.157521    34.1727      38660         19  0.000e+00
     50.445    -0.8558   2.771867    -0.8081   2.774298    6.81334    -0.0233    13.8155 0.0000e+00  -64.44467  -61.98283 1154058408 209.157521    34.1728      38661         19  0.000e+00
     50.445    -0.8572   2.771597    -0.8008   2.774657    6.81370    -0.0343    13.8155 0.0000e+00  -64.44467  -61.98283 1154058408 209.157522    34.1707      38662         19  0.000e+00
     50.445    -0.8577   2.771409    -0.7961   2.775011    6.81860    -0.0564    13.8155 0.0000e+00  -64.44467  -61.98283 1154058408 209.157522    34.1688      38663         19  0.000e+00
     50.369    -0.8589   2.771304    -0.7996   2.775115    6.81875    -0.0343    13.8155 0.0000e+00  -64.44467  -61.98283 1154058408 209.157523    34.1687      38664         19  0.000e+00
     50.445    -0.8591   2.771198    -0.8171   2.774686    6.81892    -0.0343    13.8155 0.0000e+00  -64.44467  -61.98283 1154058408 209.157523    34.1674      38665         19  0.000e+00
     50.445    -0.8608   2.771070    -0.8236   2.774066    6.81923    -0.0564    13.8155 0.0000e+00  -64.44467  -61.98283 1154058408 209.157524    34.1676      38666         19  0.000e+00
     50.512    -0.8625   2.770869    -0.8321   2.773625    6.81966    -0.0454    13.8155 0.0000e+00  -64.44467  -61.98283 1154058408 209.157524    34.1667      38667         19  0.000e+00
     50.445    -0.8625   2.770714    -0.8404   2.773202    6.82440    -0.0674    13.8155 0.0000e+00  -64.44467  -61.98283 1154058408 209.157525    34.1647      38668         19  0.000e+00
     50.445    -0.8632   2.770599    -0.8473   2.772872    6.82458    -0.0564    13.8155 0.0000e+00  -64.44467  -61.98283 1154058408 209.157525    34.1640      38669         19  0.000e+00
     50.445    -0.8646   2.770573    -0.8507   2.772675    6.82478    -0.1225    13.8155 0.0000e+00  -64.44467  -61.98283 1154058408 209.157526    34.1651      38670         19  0.000e+00
     50.512    -0.8669   2.770471    -0.8491   2.772600    6.82994    -0.0674    13.8155 0.0000e+00  -64.44467  -61.98283 1154058408 209.157526    34.1664      38671         19  0.000e+00
     50.445    -0.8679   2.770487    -0.8485   2.772588    6.82530    -0.0564    13.8155 0.0000e+00  -64.44467  -61.98283 1154058408 209.157527    34.1677      38672         19  0.000e+00
     50.445    -0.8679   2.770622    -0.8498   2.772588    6.82991    -0.0343    13.8155 0.0000e+00  -64.44467  -61.98283 1154058408 209.157527    34.1696      38673         19  0.000e+00
     50.512    -0.8669   2.770777    -0.8525   2.772484    6.82504    -0.0123    13.8155 0.0000e+00  -64.44467  -61.98283 1154058408 209.157527    34.1705      38674         19  0.000e+00
     50.445    -0.8646   2.770833    -0.8551   2.772356    6.82932    -0.0564    13.8155 0.0000e+00  -64.44467  -61.98283 1154058408 209.157528    34.1687      38675         19  0.000e+00
     50.445    -0.8651   2.770803    -0.8568   2.772246    6.82471    -0.0564    13.8155 0.0000e+00  -64.44467  -61.98283 1154058408 209.157528    34.1689      38676         19  0.000e+00
     50.512    -0.8663   2.770609    -0.8577   2.772223    6.83447    -0.0233    13.8155 0.0000e+00  -64.44467  -61.98283 1154058408 209.157529    34.1676      38677         19  0.000e+00
     50.445    -0.8683   2.770415    -0.8573   2.772154    6.83481    -0.0233    13.8155 0.0000e+00  -64.44467  -61.98283 1154058408 209.157529    34.1673      38678         19  0.000e+00
     50.445    -0.8689   2.770323    -0.8566   2.772061    6.83495    -0.0784    13.8155 0.0000e+00  -64.44467  -61.98283 1154058408 209.157530    34.1667      38679         19  0.000e+00
     50.512    -0.8678   2.770336    -0.8585   2.771974    6.83485    -0.1004    13.8155 0.0000e+00  -64.44467  -61.98283 1154058408 209.157530    34.1656      38680         19  0.000e+00
     50.445    -0.8677   2.770415    -0.8594   2.771916    6.83472    -0.0674    13.8155 0.0000e+00  -64.44467  -61.98283 1154058408 209.157531    34.1665      38681         19  0.000e+00
     50.445    -0.8688   2.770369    -0.8580   2.771893    6.83490    -0.0454    13.8155 0.0000e+00  -64.44467  -61.98283 1154058408 209.157531    34.1672      38682         19  0.000e+00
     50.512    -0.8708   2.770316    -0.8558   2.771899    6.83528    -0.0784    13.8155 0.0000e+00  -64.44467  -61.98283 1154058408 209.157532    34.1687      38683         19  0.000e+00
     50.436    -0.8716   2.770270    -0.8554   2.771864    6.84475    -0.0343    13.8155 0.0000e+00  -64.44467  -61.98283 1154058408 209.157532    34.1690      38684         19  0.000e+00
     50.445    -0.8720   2.770191    -0.8576   2.771870    6.83547    -0.0343    13.8155 0.0000e+00  -64.44467  -61.98283 1154058409 209.157533    34.1684      38685         19  0.000e+00
     50.445    -0.8706   2.770122    -0.8611   2.771771    6.84002    -0.1004    13.8155 0.0000e+00  -64.44467  -61.98283 1154058409 209.157533    34.1659      38686         19  0.000e+00
     50.512    -0.8665   2.770221    -0.8628   2.771621    6.83944    -0.0784    13.8155 0.0000e+00  -64.44467  -61.98283 1154058409 209.157534    34.1625      38687         19  0.000e+00
     50.445    -0.8627   2.770392    -0.8619   2.771505    6.84345    -0.1225    13.8155 0.0000e+00  -64.44467  -61.98283 1154058409 209.157534    34.1606      38688         19  0.000e+00
     50.445    -0.8629   2.770520    -0.8613   2.771481    6.84340    -0.1004    13.8155 0.0000e+00  -64.44467  -61.98283 1154058409 209.157535    34.1626      38689         19  0.000e+00
     50.445    -0.8635   2.770599    -0.8617   2.771470    6.84343    -0.0674    13.8155 0.0000e+00  -64.44467  -61.98283 1154058409 209.157535    34.1643      38690         19  0.000e+00
     50.512    -0.8638   2.770665    -0.8607   2.771539    6.84349    -0.0454    13.8155 0.0000e+00  -64.44467  -61.98283 1154058409 209.157536    34.1655      38691         19  0.000e+00
     50.445    -0.8649   2.770398    -0.8579   2.771678    6.84376    -0.0894    13.8155 0.0000e+00  -64.44467  -61.98283 1154058409 209.157536    34.1632      38692         19  0.000e+00
     50.512    -0.8705   2.769651    -0.8568   2.771794    6.84507    -0.0454    13.8155 0.0000e+00  -64.44467  -61.98283 1154058409 209.157537    34.1593      38693         19  0.000e+00
     50.369    -0.8784   2.768867    -0.8533   2.771974    6.85124    -0.0233    13.8155 0.0000e+00  -64.44467  -61.98283 1154058409 209.157537    34.1577      38694         19  0.000e+00
     50.655    -0.8850   2.768525    -0.8461   2.772548    6.85266    -0.0454    13.8155 0.0000e+00  -64.44467  -61.98283 1154058409 209.157538    34.1604      38695         19  0.000e+00
     50.512    -0.8861   2.768631    -0.8447   2.773017    6.85260    -0.0123    13.8155 0.0000e+00  -64.44467  -61.98283 1154058409 209.157538    34.1631      38696         19  0.000e+00
     50.512    -0.8844   2.768914    -0.8424   2.773313    6.85218    -0.0123    13.8155 0.0000e+00  -64.44467  -61.98283 1154058409 209.157539    34.1651      38697         19  0.000e+00
     50.512    -0.8819   2.769141    -0.8372   2.773718    6.85640    -0.0564    13.8155 0.0000e+00  -64.44467  -61.98283 1154058409 209.157539    34.1653      38698         19  0.000e+00
     50.579    -0.8810   2.769424    -0.8351   2.774026    6.85615    -0.0454    13.8155 0.0000e+00  -64.44467  -61.98283 1154058409 209.157540    34.1681      38699         19  0.000e+00
     50.579    -0.8774   2.769789    -0.8343   2.774078    6.85542    -0.0123    13.8155 0.0000e+00  -64.44467  -61.98283 1154058409 209.157540    34.1690      38700         19  0.000e+00
     50.512    -0.8734   2.770135    -0.8333   2.774008    6.85458    -0.0343    13.8155 0.0000e+00  -64.44467  -61.98283 1154058409 209.157541    34.1692      38701         19  0.000e+00
     50.579    -0.8708   2.770468    -0.8359   2.773788    6.85876    -0.0674    13.8155 0.0000e+00  -64.44467  -61.98283 1154058409 209.157541    34.1707      38702         19  0.000e+00
     50.655    -0.8675   2.770718    -0.8292   2.773707    6.85822    -0.0674    13.8155 0.0000e+00  -64.44467  -61.98283 1154058409 209.157541    34.1703      38703         19  0.000e+00
     50.579    -0.8643   2.770853    -0.8226   2.773979    6.85761    -0.0674    13.8155 0.0000e+00  -64.44467  -61.98283 1154058409 209.157542    34.1686      38704         19  0.000e+00
     50.579    -0.8620   2.770902    -0.8281   2.774072    6.85726    -0.0564    13.8155 0.0000e+00  -64.44467  -61.98283 1154058409 209.157542    34.1666      38705         19  0.000e+00
     50.655    -0.8444   2.772256    -0.8519   2.772194    6.99501    -0.0564    13.8155 0.0000e+00  -64.44467  -61.98283 1154058417 209.157636    34.1649      38899         20  0.000e+00
     50.512    -0.8453   2.772229    -0.8510   2.772316    6.99503    -0.0564    13.8155 0.0000e+00  -64.44467  -61.98283 1154058418 209.157636    34.1658      38900         20  0.000e+00
     50.655    -0.8462   2.772249    -0.8505   2.772368    6.99528    -0.0894    13.8155 0.0000e+00  -64.44467  -61.98283 1154058418 209.157637    34.1670      38901         20  0.000e+00
     50.579    -0.8464   2.772295    -0.8507   2.772374    6.99520    -0.0784    13.8155 0.0000e+00  -64.44467  -61.98283 1154058418 209.157637    34.1678      38902         20  0.000e+00
     50.579    -0.8464   2.772288    -0.8498   2.772414    6.99521    -0.0343    13.8155 0.0000e+00  -64.44467  -61.98283 1154058418 209.157638    34.1678      38903         20  0.000e+00
