product_data/regression_test/downloaded_data/MGDS/320620060703/ctd/p6622603.ros
* Sea-Bird SBE 9 Data File:
* FileName = D:\Data\Raw\p6622603.dat
* Software Version Seasave Win32 V 5.32
* Temperature SN = 1649
* Conductivity SN = 1431
* Number of Bytes Per Scan = 37
* Number of Voltage Words = 5
* Number of Scans Averaged by the Deck Unit = 1
* NMEA Latitude = 62 56.90 S
* NMEA Longitude = 057 40.19 W
* NMEA UTC (Time) = 23:11:34
** Ship:   Nathaniel B. Palmer 
** Cruise:    NBP0606 
# nquan = 17
# nvalues = 1176                    
# units = specified
# name 0 = prDM: Pressure, Digiquartz [db]
# name 1 = t090C: Temperature [ITS-90, deg C]
# name 2 = c0S/m: Conductivity [S/m]
# name 3 = t190C: Temperature, 2 [ITS-90, deg C]
# name 4 = c1S/m: Conductivity, 2 [S/m]
# name 5 = sbeox0ML/L: Oxygen, SBE 43 [ml/l]
# name 6 = flECO-AFL: Fluorescence, Wetlab ECO-AFL/FL [mg/m^3]
# name 7 = bat: Beam Attenuation, Chelsea/Seatech/Wetlab CStar [1/m]
# name 8 = spar: SPAR/Surface Irradiance
# name 9 = latitude: Latitude [deg]
# name 10 = longitude: Longitude [deg]
# name 11 = timeY: Time, System [seconds]
# name 12 = timeJ: Julian Days
# name 13 = sal00: Salinity [PSU]
# name 14 = scan: scan number
# name 15 = nbf: number of bottles fired
# name 16 = flag:  0.000e+00
# interval = seconds: 0.0416667                   
# start_time = Aug 03 2006 23:12:22
*END*
[from data line 511]
     74.915    -1.7851   2.716197    -1.7842   2.716431    7.32313    -0.0343    13.8155 0.0000e+00  -62.94833  -57.66983 1154647396 215.974510    34.4578      15736         11  0.000e+00
     74.829    -1.7849   2.716204    -1.7842   2.716420    7.32783     0.0097    13.8155 0.0000e+00  -62.94833  -57.66983 1154647396 215.974510    34.4577      15737         11  0.000e+00
     74.848    -1.7848   2.716204    -1.7847   2.716431    7.32783     0.0097    13.8155 0.0000e+00  -62.94833  -57.66983 1154647396 215.974511    34.4575      15738         11  0.000e+00
     74.896    -1.7853   2.716184    -1.7842   2.716420    7.32314    -0.0784    13.8155 0.0000e+00  -62.94833  -57.66983 1154647396 215.974511    34.4578      15739         11  0.000e+00
     74.848    -1.7853   2.716181    -1.7841   2.716414    7.32311    -0.1225    13.8155 0.0000e+00  -62.94833  -57.66983 1154647396 215.974511    34.4579      15740         11  0.000e+00
     74.896    -1.7851   2.716181    -1.7842   2.716414    7.32794    -0.0123    13.8155 0.0000e+00  -62.94833  -57.66983 1154647396 215.974512    34.4575      15741         11  0.000e+00
     74.848    -1.7851   2.716210    -1.7842   2.716431    7.32787    -0.0123    13.8155 0.0000e+00  -62.94833  -57.66983 1154647396 215.974512    34.4580      15742         11  0.000e+00
     74.848    -1.7849   2.716207    -1.7845   2.716420    7.32784    -0.0894    13.8155 0.0000e+00  -62.94833  -57.66983 1154647396 215.974513    34.4577      15743         11  0.000e+00
     74.896    -1.7846   2.716204    -1.7844   2.716437    7.32786    -0.0564    13.8155 0.0000e+00  -62.94833  -57.66983 1154647396 215.974513    34.4573      15744         11  0.000e+00
     74.915    -1.7846   2.716204    -1.7842   2.716437    7.32306    -0.0564    13.8155 0.0000e+00  -62.94833  -57.66983 1154647396 215.974514    34.4573      15745         11  0.000e+00
     74.829    -1.7847   2.716204    -1.7841   2.716420    7.32298    -0.0123    13.8155 0.0000e+00  -62.94833  -57.66983 1154647396 215.974514    34.4575      15746         11  0.000e+00
     74.915    -1.7856   2.716204    -1.7848   2.716431    7.32319     0.0318    13.8155 0.0000e+00  -62.94833  -57.66983 1154647396 215.974515    34.4584      15747         11  0.000e+00
     74.896    -1.7848   2.716220    -1.7842   2.716437    7.32305    -0.0343    13.8155 0.0000e+00  -62.94833  -57.66983 1154647396 215.974515    34.4577      15748         11  0.000e+00
     74.848    -1.7846   2.716227    -1.7839   2.716443    7.32296    -0.0894    13.8155 0.0000e+00  -62.94833  -57.66983 1154647396 215.974516    34.4576      15749         11  0.000e+00
     74.896    -1.7848   2.716207    -1.7841   2.716420    7.32306    -0.1445    13.8155 0.0000e+00  -62.94833  -57.66983 1154647396 215.974516    34.4576      15750         11  0.000e+00
     74.848    -1.7846   2.716201    -1.7842   2.716431    7.32299    -0.1335    13.8155 0.0000e+00  -62.94833  -57.66983 1154647396 215.974517    34.4573      15751         11  0.000e+00
     74.896    -1.7850   2.716204    -1.7841   2.716420    7.32792    -0.1445    13.8155 0.0000e+00  -62.94833  -57.66983 1154647396 215.974517    34.4578      15752         11  0.000e+00
     74.848    -1.7846   2.716204    -1.7842   2.716449    7.32299    -0.1665    13.8155 0.0000e+00  -62.94833  -57.66983 1154647396 215.974518    34.4574      15753         11  0.000e+00
     74.896    -1.7851   2.716220    -1.7844   2.716443    7.32309    -0.0894    13.8155 0.0000e+00  -62.94833  -57.66983 1154647396 215.974518    34.4581      15754         11  0.000e+00
     74.915    -1.7850   2.716191    -1.7837   2.716420    7.32312    -0.0343    13.8155 0.0000e+00  -62.94833  -57.66983 1154647396 215.974519    34.4576      15755         11  0.000e+00
     74.896    -1.7846   2.716214    -1.7837   2.716414    7.32303     0.0207    13.8155 0.0000e+00  -62.94833  -57.66983 1154647396 215.974519    34.4575      15756         11  0.000e+00
     74.848    -1.7848   2.716207    -1.7845   2.716449    7.32783     0.0538    13.8155 0.0000e+00  -62.94833  -57.66983 1154647396 215.974520    34.4576      15757         11  0.000e+00
     74.829    -1.7852   2.716201    -1.7836   2.716426    7.32306    -0.0123    13.8155 0.0000e+00  -62.94833  -57.66983 1154647396 215.974520    34.4580      15758         11  0.000e+00
     74.915    -1.7853   2.716220    -1.7842   2.716431    7.32314    -0.0343    13.8155 0.0000e+00  -62.94833  -57.66983 1154647397 215.974521    34.4583      15759         11  0.000e+00
     74.896    -1.7849   2.716207    -1.7837   2.716443    7.32308    -0.0343    13.8155 0.0000e+00  -62.94833  -57.66983 1154647397 215.974521    34.4577      15760         11  0.000e+00
     74.848    -1.7850   2.716184    -1.7844   2.716437    7.32306    -0.0013    13.8155 0.0000e+00  -62.94833  -57.66983 1154647397 215.974522    34.4575      15761         11  0.000e+00
     74.896    -1.7846   2.716197    -1.7845   2.716397    7.32304    -0.0233    13.8155 0.0000e+00  -62.94833  -57.66983 1154647397 215.974522    34.4573      15762         11  0.000e+00
     74.915    -1.7853   2.716171    -1.7844   2.716420    7.32317    -0.0123    13.8155 0.0000e+00  -62.94833  -57.66983 1154647397 215.974523    34.4576      15763         11  0.000e+00
     74.915    -1.7846   2.716191    -1.7845   2.716414    7.32307    -0.0454    13.8155 0.0000e+00  -62.94833  -57.66983 1154647398 215.974539    34.4572      15798         12  0.000e+00
     74.895    -1.7852   2.716184    -1.7842   2.716391    7.32314    -0.0233    13.8155 0.0000e+00  -62.94833  -57.66983 1154647398 215.974540    34.4577      15799         12  0.000e+00
     74.991    -1.7849   2.716165    -1.7847   2.716403    7.32321    -0.0343    13.8155 0.0000e+00  -62.94833  -57.66983 1154647398 215.974540    34.4571      15800         12  0.000e+00
     74.829    -1.7854   2.716210    -1.7842   2.716414    7.32308    -0.0233    13.8155 0.0000e+00  -62.94833  -57.66983 1154647398 215.974541    34.4584      15801         12  0.000e+00
     74.915    -1.7849   2.716207    -1.7841   2.716431    7.32309    -0.0233    13.8155 0.0000e+00  -62.94833  -57.66983 1154647398 215.974541    34.4577      15802         12  0.000e+00
     74.895    -1.7849   2.716155    -1.7839   2.716403    7.32312     0.0318    13.8155 0.0000e+00  -62.94833  -57.66983 1154647398 215.974542    34.4570      15803         12  0.000e+00
     74.914    -1.7851   2.716184    -1.7847   2.716408    7.32314     0.0758    13.8155 0.0000e+00  -62.94833  -57.66983 1154647398 215.974542    34.4576      15804         12  0.000e+00
     74.962    -1.7844   2.716171    -1.7844   2.716414    7.32309     0.0538    13.8155 0.0000e+00  -62.94833  -57.66983 1154647398 215.974543    34.4566      15805         12  0.000e+00
     74.914    -1.7853   2.716175    -1.7850   2.716431    7.32317     0.0758    13.8155 0.0000e+00  -62.94833  -57.66983 1154647399 215.974543    34.4576      15806         12  0.000e+00
     74.895    -1.7846   2.716214    -1.7842   2.716397    7.32303     0.0428    13.8155 0.0000e+00  -62.94833  -57.66983 1154647399 215.974544    34.4575      15807         12  0.000e+00
     74.991    -1.7852   2.716227    -1.7846   2.716408    7.32320     0.0318    13.8155 0.0000e+00  -62.94833  -57.66983 1154647399 215.974544    34.4582      15808         12  0.000e+00
     74.895    -1.7849   2.716227    -1.7844   2.716431    7.32307    -0.1114    13.8155 0.0000e+00  -62.94833  -57.66983 1154647399 215.974545    34.4580      15809         12  0.000e+00
     74.914    -1.7853   2.716178    -1.7845   2.716420    7.32317    -0.1225    13.8155 0.0000e+00  -62.94833  -57.66983 1154647399 215.974545    34.4577      15810         12  0.000e+00
     74.962    -1.7852   2.716191    -1.7847   2.716431    7.32320    -0.0564    13.8155 0.0000e+00  -62.94833  -57.66983 1154647399 215.974546    34.4578      15811         12  0.000e+00
     74.914    -1.7849   2.716201    -1.7842   2.716437    7.32310     0.0097    13.8155 0.0000e+00  -62.94833  -57.66983 1154647399 215.974546    34.4576      15812         12  0.000e+00
     74.895    -1.7848   2.716184    -1.7842   2.716420    7.32307    -0.0013    13.8155 0.0000e+00  -62.94833  -57.66983 1154647399 215.974547    34.4572      15813         12  0.000e+00
     74.914    -1.7849   2.716197    -1.7841   2.716414    7.32310     0.0097    13.8155 0.0000e+00  -62.94833  -57.66983 1154647399 215.974547    34.4575      15814         12  0.000e+00
     74.962    -1.7854   2.716155    -1.7847   2.716391    7.32325    -0.0454    13.8155 0.0000e+00  -62.94833  -57.66983 1154647399 215.974548    34.4575      15815         12  0.000e+00
     74.914    -1.7851   2.716168    -1.7844   2.716443    7.32315    -0.0784    13.8155 0.0000e+00  -62.94833  -57.66983 1154647399 215.974548    34.4573      15816         12  0.000e+00
     74.914    -1.7852   2.716165    -1.7844   2.716443    7.32317    -0.1004    13.8155 0.0000e+00  -62.94833  -57.66983 1154647399 215.974549    34.4574      15817         12  0.000e+00
     74.895    -1.7857   2.716191    -1.7841   2.716420    7.32321    -0.1225    13.8155 0.0000e+00  -62.94833  -57.66983 1154647399 215.974549    34.4584      15818         12  0.000e+00
     74.991    -1.7856   2.716201    -1.7843   2.716414    7.32327    -0.1004    13.8155 0.0000e+00  -62.94833  -57.66983 1154647399 215.974550    34.4583      15819         12  0.000e+00
     74.895    -1.7850   2.716201    -1.7844   2.716454    7.32792    -0.0674    13.8155 0.0000e+00  -62.94833  -57.66983 1154647399 215.974550    34.4577      15820         12  0.000e+00
     74.914    -1.7853   2.716184    -1.7842   2.716426    7.32316    -0.0784    13.8155 0.0000e+00  -62.94833  -57.66983 1154647399 215.974551    34.4578      15821         12  0.000e+00
     74.962    -1.7848   2.716181    -1.7842   2.716414    7.32314    -0.0784    13.8155 0.0000e+00  -62.94833  -57.66983 1154647399 215.974551    34.4572      15822         12  0.000e+00
     74.914    -1.7858   2.716181    -1.7844   2.716431    7.32325    -0.0674    13.8155 0.0000e+00  -62.94833  -57.66983 1154647399 215.974552    34.4584      15823         12  0.000e+00
     74.962    -1.7851   2.716197    -1.7841   2.716443    7.32318    -0.1004    13.8155 0.0000e+00  -62.94833  -57.66983 1154647399 215.974552    34.4577      15824         12  0.000e+00
     74.914    -1.7851   2.716171    -1.7841   2.716420    7.32315    -0.1004    13.8155 0.0000e+00  -62.94833  -57.66983 1154647399 215.974552    34.4574      15825         12  0.000e+00
     74.895    -1.7852   2.716175    -1.7845   2.716414    7.32314    -0.0564    13.8155 0.0000e+00  -62.94833  -57.66983 1154647399 215.974553    34.4576      15826         12  0.000e+00
     74.991    -1.7849   2.716210    -1.7844   2.716431    7.32317    -0.0784    13.8155 0.0000e+00  -62.94833  -57.66983 1154647399 215.974553    34.4577      15827         12  0.000e+00
     74.895    -1.7850   2.716191    -1.7848   2.716437    7.32310    -0.1004    13.8155 0.0000e+00  -62.94833  -57.66983 1154647399 215.974554    34.4576      15828         12  0.000e+00
     74.991    -1.7854   2.716181    -1.7840   2.716420    7.32327    -0.1004    13.8155 0.0000e+00  -62.94833  -57.66983 1154647399 215.974554    34.4578      15829         12  0.000e+00
     74.895    -1.7853   2.716181    -1.7847   2.716414    7.32315    -0.0894    13.8155 0.0000e+00  -62.94833  -57.66983 1154647400 215.974555    34.4577      15830         12  0.000e+00
     74.848    -1.7853   2.716165    -1.7844   2.716414    7.32312     0.0207    13.8155 0.0000e+00  -62.94833  -57.66983 1154647400 215.974555    34.4576      15831         12  0.000e+00
     75.038    -1.7851   2.716161    -1.7844   2.716414    7.32328    -0.0013    13.8155 0.0000e+00  -62.94833  -57.66983 1154647400 215.974556    34.4572      15832         12  0.000e+00
     74.914    -1.7856   2.716161    -1.7848   2.716414    7.32322    -0.0233    13.8155 0.0000e+00  -62.94833  -57.66983 1154647400 215.974556    34.4578      15833         12  0.000e+00
     74.962    -1.7849   2.716175    -1.7848   2.716414    7.32316    -0.0564    13.8155 0.0000e+00  -62.94833  -57.66983 1154647400 215.974557    34.4572      15834         12  0.000e+00
     74.991    -1.7853   2.716194    -1.7850   2.716397    7.32323    -0.0564    13.8155 0.0000e+00  -62.94833  -57.66983 1154647400 215.974557    34.4579      15835         12  0.000e+00
     74.895    -1.7851   2.716171    -1.7845   2.716449    7.32313    -0.0343    13.8155 0.0000e+00  -62.94833  -57.66983 1154647400 215.974558    34.4574      15836         12  0.000e+00
     74.990    -1.7856   2.716161    -1.7847   2.716403    7.32331    -0.0123    13.8155 0.0000e+00  -62.94833  -57.66983 1154647400 215.974558    34.4578      15837         12  0.000e+00
     74.895    -1.7849   2.716161    -1.7844   2.716385    7.32311    -0.0674    13.8155 0.0000e+00  -62.94833  -57.66983 1154647400 215.974559    34.4571      15838         12  0.000e+00
     74.990    -1.7851   2.716175    -1.7847   2.716385    7.32322     0.0097    13.8155 0.0000e+00  -62.94833  -57.66983 1154647400 215.974559    34.4574      15839         12  0.000e+00
     74.895    -1.7855   2.716165    -1.7846   2.716391    7.32319     0.0538    13.8155 0.0000e+00  -62.94833  -57.66983 1154647400 215.974560    34.4578      15840         12  0.000e+00
     74.990    -1.7849   2.716142    -1.7845   2.716368    7.32322     0.0207    13.8155 0.0000e+00  -62.94833  -57.66983 1154647400 215.974560    34.4568      15841         12  0.000e+00
     74.895    -1.7856   2.716168    -1.7848   2.716397    7.32320    -0.0454    13.8155 0.0000e+00  -62.94833  -57.66983 1154647400 215.974561    34.4579      15842         12  0.000e+00
     74.914    -1.7850   2.716178    -1.7848   2.716391    7.32313    -0.0233    13.8155 0.0000e+00  -62.94833  -57.66983 1154647400 215.974561    34.4574      15843         12  0.000e+00
     74.962    -1.7856   2.716197    -1.7844   2.716420    7.32325    -0.0674    13.8155 0.0000e+00  -62.94833  -57.66983 1154647400 215.974562    34.4583      15844         12  0.000e+00
     74.990    -1.7853   2.716171    -1.7847   2.716420    7.32325    -0.0454    13.8155 0.0000e+00  -62.94833  -57.66983 1154647400 215.974562    34.4575      15845         12  0.000e+00
     74.895    -1.7852   2.716191    -1.7842   2.716414    7.32313    -0.0894    13.8155 0.0000e+00  -62.94833  -57.66983 1154647400 215.974563    34.4578      15846         12  0.000e+00
     74.895    -1.7849   2.716161    -1.7850   2.716368    7.32311    -0.0123    13.8155 0.0000e+00  -62.94833  -57.66983 1154647401 215.974575    34.4571      15871         13  0.000e+00
     74.914    -1.7853   2.716161    -1.7851   2.716380    7.32319    -0.0454    13.8155 0.0000e+00  -62.94833  -57.66983 1154647401 215.974575    34.4576      15872         13  0.000e+00
     74.962    -1.7857   2.716161    -1.7850   2.716351    7.32330    -0.0564    13.8155 0.0000e+00  -62.94833  -57.66983 1154647401 215.974576    34.4580      15873         13  0.000e+00
     75.057    -1.7857   2.716142    -1.7848   2.716374    7.32341    -0.0123    13.8155 0.0000e+00  -62.94833  -57.66983 1154647401 215.974576    34.4576      15874         13  0.000e+00
     74.895    -1.7856   2.716119    -1.7850   2.716368    7.32325    -0.0123    13.8155 0.0000e+00  -62.94833  -57.66983 1154647401 215.974577    34.4573      15875         13  0.000e+00
     74.990    -1.7859   2.716116    -1.7853   2.716380    7.32338    -0.0123    13.8155 0.0000e+00  -62.94833  -57.66983 1154647401 215.974577    34.4575      15876         13  0.000e+00
     74.895    -1.7857   2.716116    -1.7851   2.716368    7.32326    -0.0343    13.8155 0.0000e+00  -62.94833  -57.66983 1154647401 215.974578    34.4574      15877         13  0.000e+00
