product_data/regression_test/downloaded_data/MGDS/320620060703/ctd/p6620301.ros
* Sea-Bird SBE 9 Data File:
* FileName = D:\Data\Raw\p6620301.dat
* Software Version Seasave Win32 V 5.32
* Temperature SN = 1649
* Conductivity SN = 1431
* Number of Bytes Per Scan = 37
* Number of Voltage Words = 5
* Number of Scans Averaged by the Deck Unit = 1
* NMEA Latitude = 64 28.09 S
* NMEA Longitude = 061 55.02 W
* NMEA UTC (Time) = 04:29:14
** Ship:   Nathaniel B. Palmer 
** Cruise:    NBP0606 
# nquan = 17
# nvalues = 1176                    
# units = specified
# name 0 = prDM: Pressure, Digiquartz [db]
# name 1 = t090C: Temperature [ITS-90, deg C]
# name 2 = c0S/m: Conductivity [S/m]
# name 3 = t190C: Temperature, 2 [ITS-90, deg C]
# name 4 = c1S/m: Conductivity, 2 [S/m]
# name 5 = sbeox0ML/L: Oxygen, SBE 43 [ml/l]
# name 6 = flECO-AFL: Fluorescence, Wetlab ECO-AFL/FL [mg/m^3]
# name 7 = bat: Beam Attenuation, Chelsea/Seatech/Wetlab CStar [1/m]
# name 8 = spar: SPAR/Surface Irradiance
# name 9 = latitude: Latitude [deg]
# name 10 = longitude: Longitude [deg]
# name 11 = timeY: Time, System [seconds]
# name 12 = timeJ: Julian Days
# name 13 = sal00: Salinity [PSU]
# name 14 = scan: scan number
# name 15 = nbf: number of bottles fired
# name 16 = flag:  0.000e+00
# interval = seconds: 0.0416667                   
# start_time = Jul 28 2006 04:29:23
*END*
[from data line 852]
     75.264    -0.2659   2.831546    -0.2643   2.831960    6.40761    -0.1004    13.8155 0.0000e+00  -64.46817  -61.91700 1154062452 209.204335    34.2946      35798         18  0.000e+00
     75.283    -0.2661   2.831530    -0.2644   2.831954    6.40767    -0.0784    13.8155 0.0000e+00  -64.46817  -61.91700 1154062452 209.204335    34.2945      35799         18  0.000e+00
     75.264    -0.2662   2.831543    -0.2652   2.831913    6.40766    -0.0233    13.8155 0.0000e+00  -64.46817  -61.91700 1154062453 209.204336    34.2949      35800         18  0.000e+00
     75.283    -0.2661   2.831530    -0.2654   2.831878    6.40767    -0.0564    13.8155 0.0000e+00  -64.46817  -61.91700 1154062453 209.204336    34.2945      35801         18  0.000e+00
     75.197    -0.2657   2.831543    -0.2660   2.831831    6.40753    -0.0123    13.8155 0.0000e+00  -64.46817  -61.91700 1154062453 209.204337    34.2944      35802         18  0.000e+00
     75.283    -0.2662   2.831530    -0.2658   2.831796    6.40769    -0.0343    13.8155 0.0000e+00  -64.46817  -61.91700 1154062453 209.204337    34.2947      35803         18  0.000e+00
     75.216    -0.2656   2.831536    -0.2660   2.831790    6.40754    -0.0233    13.8155 0.0000e+00  -64.46817  -61.91700 1154062453 209.204338    34.2942      35804         18  0.000e+00
     75.197    -0.2653   2.831510    -0.2663   2.831796    6.40750    -0.0013    13.8155 0.0000e+00  -64.46817  -61.91700 1154062453 209.204338    34.2935      35805         18  0.000e+00
     75.216    -0.2658   2.831553    -0.2658   2.831849    6.41220     0.0097    13.8155 0.0000e+00  -64.46817  -61.91700 1154062453 209.204339    34.2946      35806         18  0.000e+00
     75.197    -0.2656   2.831586    -0.2661   2.831814    6.41213    -0.0123    13.8155 0.0000e+00  -64.46817  -61.91700 1154062453 209.204339    34.2948      35807         18  0.000e+00
     75.149    -0.2655   2.831559    -0.2663   2.831814    6.41210     0.0207    13.8155 0.0000e+00  -64.46817  -61.91700 1154062453 209.204340    34.2944      35808         18  0.000e+00
     75.197    -0.2656   2.831566    -0.2661   2.831802    6.41215    -0.0013    13.8155 0.0000e+00  -64.46817  -61.91700 1154062453 209.204340    34.2946      35809         18  0.000e+00
     75.149    -0.2658   2.831596    -0.2660   2.831814    6.41211    -0.1004    13.8155 0.0000e+00  -64.46817  -61.91700 1154062453 209.204341    34.2952      35810         18  0.000e+00
     75.197    -0.2648   2.831646    -0.2663   2.831779    6.41200    -0.1004    13.8155 0.0000e+00  -64.46817  -61.91700 1154062453 209.204341    34.2947      35811         18  0.000e+00
     75.073    -0.2644   2.831662    -0.2657   2.831785    6.41183    -0.1335    13.8155 0.0000e+00  -64.46817  -61.91700 1154062453 209.204342    34.2946      35812         18  0.000e+00
     75.149    -0.2644   2.831626    -0.2660   2.831790    6.41192    -0.1335    13.8155 0.0000e+00  -64.46817  -61.91700 1154062453 209.204342    34.2940      35813         18  0.000e+00
     75.130    -0.2644   2.831616    -0.2655   2.831808    6.41190    -0.0894    13.8155 0.0000e+00  -64.46817  -61.91700 1154062453 209.204343    34.2939      35814         18  0.000e+00
     75.149    -0.2652   2.831596    -0.2654   2.831837    6.41204     0.0207    13.8155 0.0000e+00  -64.46817  -61.91700 1154062453 209.204343    34.2946      35815         18  0.000e+00
     75.054    -0.2647   2.831603    -0.2646   2.831825    6.41188    -0.0013    13.8155 0.0000e+00  -64.46817  -61.91700 1154062453 209.204344    34.2941      35816         18  0.000e+00
     75.149    -0.2649   2.831629    -0.2644   2.831837    6.41197    -0.1445    13.8155 0.0000e+00  -64.46817  -61.91700 1154062453 209.204344    34.2946      35817         18  0.000e+00
     75.054    -0.2645   2.831639    -0.2649   2.831843    6.41184    -0.1445    13.8155 0.0000e+00  -64.46817  -61.91700 1154062453 209.204345    34.2944      35818         18  0.000e+00
     75.073    -0.2647   2.831656    -0.2646   2.831884    6.41187    -0.0784    13.8155 0.0000e+00  -64.46817  -61.91700 1154062453 209.204345    34.2948      35819         18  0.000e+00
     75.054    -0.2649   2.831643    -0.2646   2.831901    6.41189    -0.1004    13.8155 0.0000e+00  -64.46817  -61.91700 1154062453 209.204346    34.2949      35820         18  0.000e+00
     75.073    -0.2649   2.831639    -0.2643   2.831901    6.41190    -0.1225    13.8155 0.0000e+00  -64.46817  -61.91700 1154062453 209.204346    34.2948      35821         18  0.000e+00
     75.073    -0.2649   2.831629    -0.2646   2.831936    6.41191    -0.0454    13.8155 0.0000e+00  -64.46817  -61.91700 1154062453 209.204347    34.2946      35822         18  0.000e+00
     75.054    -0.2645   2.831652    -0.2638   2.831954    6.41183    -0.0343    13.8155 0.0000e+00  -64.46817  -61.91700 1154062453 209.204347    34.2946      35823         18  0.000e+00
     75.006    -0.2649   2.831626    -0.2643   2.831971    6.41186    -0.0894    13.8155 0.0000e+00  -64.46817  -61.91700 1154062454 209.204348    34.2947      35824         18  0.000e+00
     75.054    -0.2649   2.831633    -0.2640   2.831977    6.41189    -0.0674    13.8155 0.0000e+00  -64.46817  -61.91700 1154062454 209.204348    34.2947      35825         18  0.000e+00
     75.006    -0.2647   2.831639    -0.2640   2.831960    6.41182    -0.0123    13.8155 0.0000e+00  -64.46817  -61.91700 1154062454 209.204348    34.2946      35826         18  0.000e+00
     74.987    -0.2650   2.831639    -0.2634   2.831971    6.41649    -0.0894    13.8155 0.0000e+00  -64.46817  -61.91700 1154062454 209.204349    34.2950      35827         18  0.000e+00
     49.831    -0.6252   2.794307    -0.5839   2.796491    6.57059    -0.0454    13.8155 0.0000e+00  -64.46817  -61.91700 1154062507 209.204962    34.2158      37099         19  0.000e+00
     49.898    -0.6103   2.795077    -0.5729   2.797636    6.56819    -0.0564    13.8155 0.0000e+00  -64.46817  -61.91700 1154062507 209.204963    34.2093      37100         19  0.000e+00
     49.831    -0.6117   2.795523    -0.5610   2.798892    6.56804    -0.0674    13.8155 0.0000e+00  -64.46817  -61.91700 1154062507 209.204963    34.2170      37101         19  0.000e+00
     49.898    -0.6066   2.796409    -0.5432   2.800648    6.57155     0.0207    13.8155 0.0000e+00  -64.46817  -61.91700 1154062507 209.204964    34.2231      37102         19  0.000e+00
     49.898    -0.5948   2.797127    -0.5275   2.802568    6.56488     0.0207    13.8155 0.0000e+00  -64.46817  -61.91700 1154062507 209.204964    34.2195      37103         19  0.000e+00
     49.898    -0.5919   2.796991    -0.5209   2.803947    6.56457    -0.0123    13.8155 0.0000e+00  -64.46817  -61.91700 1154062507 209.204965    34.2143      37104         19  0.000e+00
     49.898    -0.5953   2.796085    -0.5198   2.804459    6.57024    -0.0343    13.8155 0.0000e+00  -64.46817  -61.91700 1154062507 209.204965    34.2060      37105         19  0.000e+00
     49.898    -0.5962   2.798737    -0.5203   2.804331    6.56875     0.0207    13.8155 0.0000e+00  -64.46817  -61.91700 1154062507 209.204966    34.2427      37106         19  0.000e+00
     49.964    -0.5536   2.805087    -0.5015   2.805419    6.55928     0.0097    13.8155 0.0000e+00  -64.46817  -61.91700 1154062507 209.204966    34.2800      37107         19  0.000e+00
     49.964    -0.5025   2.809164    -0.4767   2.807671    6.55003    -0.0123    13.8155 0.0000e+00  -64.46817  -61.91700 1154062507 209.204967    34.2771      37108         19  0.000e+00
     49.964    -0.4744   2.810141    -0.4528   2.810191    6.54572    -0.0894    13.8155 0.0000e+00  -64.46817  -61.91700 1154062507 209.204967    34.2585      37109         19  0.000e+00
     50.041    -0.4609   2.810737    -0.4401   2.811519    6.54364    -0.0564    13.8155 0.0000e+00  -64.46817  -61.91700 1154062507 209.204968    34.2513      37110         19  0.000e+00
     50.041    -0.4507   2.810889    -0.4515   2.810727    6.54219     0.0428    13.8155 0.0000e+00  -64.46817  -61.91700 1154062507 209.204968    34.2418      37111         19  0.000e+00
     50.107    -0.4457   2.810750    -0.4746   2.808567    6.54633    -0.0784    13.8155 0.0000e+00  -64.46817  -61.91700 1154062507 209.204969    34.2342      37112         19  0.000e+00
     50.107    -0.4449   2.809557    -0.4992   2.806285    6.54695    -0.1114    13.8155 0.0000e+00  -64.46817  -61.91700 1154062507 209.204969    34.2173      37113         19  0.000e+00
     50.107    -0.4622   2.807772    -0.5013   2.805610    6.55031    -0.0454    13.8155 0.0000e+00  -64.46817  -61.91700 1154062507 209.204970    34.2128      37114         19  0.000e+00
     50.184    -0.4747   2.806620    -0.4947   2.806367    6.55274    -0.1114    13.8155 0.0000e+00  -64.46817  -61.91700 1154062507 209.204970    34.2114      37115         19  0.000e+00
     50.107    -0.4851   2.805948    -0.4710   2.808113    6.55445    -0.1004    13.8155 0.0000e+00  -64.46817  -61.91700 1154062507 209.204971    34.2141      37116         19  0.000e+00
     50.250    -0.4891   2.806040    -0.4586   2.809347    6.55506    -0.0674    13.8155 0.0000e+00  -64.46817  -61.91700 1154062507 209.204971    34.2199      37117         19  0.000e+00
     50.184    -0.4867   2.806845    -0.4836   2.807647    6.55884    -0.0454    13.8155 0.0000e+00  -64.46817  -61.91700 1154062507 209.204972    34.2279      37118         19  0.000e+00
     50.250    -0.4817   2.807441    -0.5025   2.805284    6.55788    -0.0013    13.8155 0.0000e+00  -64.46817  -61.91700 1154062508 209.204972    34.2303      37119         19  0.000e+00
     50.250    -0.4784   2.807749    -0.4810   2.806495    6.55726     0.0428    13.8155 0.0000e+00  -64.46817  -61.91700 1154062508 209.204973    34.2307      37120         19  0.000e+00
     50.317    -0.4744   2.808246    -0.4541   2.809528    6.55649    -0.0454    13.8155 0.0000e+00  -64.46817  -61.91700 1154062508 209.204973    34.2328      37121         19  0.000e+00
     50.250    -0.4771   2.808392    -0.4304   2.812061    6.55669    -0.0233    13.8155 0.0000e+00  -64.46817  -61.91700 1154062508 209.204973    34.2378      37122         19  0.000e+00
     50.317    -0.4735   2.809346    -0.4145   2.813657    6.55570    -0.0013    13.8155 0.0000e+00  -64.46817  -61.91700 1154062508 209.204974    34.2466      37123         19  0.000e+00
     50.250    -0.4539   2.811755    -0.4046   2.814735    6.55624    -0.0454    13.8155 0.0000e+00  -64.46817  -61.91700 1154062508 209.204974    34.2569      37124         19  0.000e+00
     50.317    -0.4265   2.813988    -0.3980   2.815428    6.55132    -0.0784    13.8155 0.0000e+00  -64.46817  -61.91700 1154062508 209.204975    34.2559      37125         19  0.000e+00
     50.317    -0.4089   2.815073    -0.3941   2.815813    6.54834    -0.0674    13.8155 0.0000e+00  -64.46817  -61.91700 1154062508 209.204975    34.2506      37126         19  0.000e+00
     50.250    -0.4002   2.815450    -0.3926   2.815993    6.54690    -0.0784    13.8155 0.0000e+00  -64.46817  -61.91700 1154062508 209.204976    34.2459      37127         19  0.000e+00
     50.250    -0.3938   2.815732    -0.3907   2.816145    6.55053    -0.1114    13.8155 0.0000e+00  -64.46817  -61.91700 1154062508 209.204976    34.2425      37128         19  0.000e+00
     50.317    -0.3885   2.815885    -0.3872   2.816325    6.54979    -0.1335    13.8155 0.0000e+00  -64.46817  -61.91700 1154062508 209.204977    34.2384      37129         19  0.000e+00
     50.317    -0.3873   2.815646    -0.3869   2.816407    6.54978    -0.0894    13.8155 0.0000e+00  -64.46817  -61.91700 1154062508 209.204977    34.2339      37130         19  0.000e+00
     50.250    -0.3956   2.815268    -0.3860   2.816506    6.55569    -0.1335    13.8155 0.0000e+00  -64.46817  -61.91700 1154062508 209.204978    34.2382      37131         19  0.000e+00
     50.317    -0.3979   2.815377    -0.3833   2.816751    6.55599    -0.0784    13.8155 0.0000e+00  -64.46817  -61.91700 1154062508 209.204978    34.2422      37132         19  0.000e+00
     50.317    -0.3947   2.815683    -0.3795   2.817106    6.55538    -0.0013    13.8155 0.0000e+00  -64.46817  -61.91700 1154062508 209.204979    34.2427      37133         19  0.000e+00
     50.317    -0.3917   2.816270    -0.3765   2.817421    6.55463    -0.0674    13.8155 0.0000e+00  -64.46817  -61.91700 1154062508 209.204979    34.2472      37134         19  0.000e+00
     50.250    -0.3852   2.817102    -0.3721   2.817736    6.55786    -0.0894    13.8155 0.0000e+00  -64.46817  -61.91700 1154062508 209.204980    34.2511      37135         19  0.000e+00
     50.317    -0.3768   2.817948    -0.3696   2.818097    6.55629    -0.0894    13.8155 0.0000e+00  -64.46817  -61.91700 1154062508 209.204980    34.2529      37136         19  0.000e+00
     50.317    -0.3700   2.818445    -0.3659   2.818365    6.55510    -0.1114    13.8155 0.0000e+00  -64.46817  -61.91700 1154062508 209.204981    34.2520      37137         19  0.000e+00
     50.317    -0.3670   2.818571    -0.3792   2.817345    6.55461    -0.0784    13.8155 0.0000e+00  -64.46817  -61.91700 1154062508 209.204981    34.2502      37138         19  0.000e+00
     50.317    -0.3654   2.818588    -0.4409   2.812689    6.55440    -0.0784    13.8155 0.0000e+00  -64.46817  -61.91700 1154062508 209.204982    34.2486      37139         19  0.000e+00
     50.317    -0.3626   2.818551    -0.5047   2.805941    6.55869    -0.0564    13.8155 0.0000e+00  -64.46817  -61.91700 1154062508 209.204982    34.2450      37140         19  0.000e+00
     50.317    -0.3622   2.818488    -0.5548   2.800652    6.55867    -0.0894    13.8155 0.0000e+00  -64.46817  -61.91700 1154062508 209.204983    34.2437      37141         19  0.000e+00
     50.394    -0.3618   2.818641    -0.5752   2.798064    6.56324    -0.0674    13.8155 0.0000e+00  -64.46817  -61.91700 1154062508 209.204983    34.2453      37142         19  0.000e+00
     50.317    -0.3598   2.818817    -0.5804   2.797559    6.56280    -0.0454    13.8155 0.0000e+00  -64.46817  -61.91700 1154062509 209.204984    34.2454      37143         19  0.000e+00
     50.394    -0.3668   2.817487    -0.5660   2.798879    6.56460    -0.0894    13.8155 0.0000e+00  -64.46817  -61.91700 1154062509 209.204984    34.2354      37144         19  0.000e+00
     50.394    -0.3824   2.817248    -0.5503   2.800891    6.57145    -0.1004    13.8155 0.0000e+00  -64.46817  -61.91700 1154062509 209.204985    34.2498      37145         19  0.000e+00
     50.394    -0.3724   2.818578    -0.5317   2.802816    6.56932    -0.0343    13.8155 0.0000e+00  -64.46817  -61.91700 1154062509 209.204985    34.2563      37146         19  0.000e+00
     50.250    -0.3603   2.819686    -0.5103   2.804532    6.57156    -0.0233    13.8155 0.0000e+00  -64.46817  -61.91700 1154062509 209.204986    34.2576      37147         19  0.000e+00
     49.831    -0.7062   2.785915    -0.7067   2.785578    6.63805    -0.0454    13.8155 0.0000e+00  -64.46817  -61.91700 1154062518 209.205088    34.1941      37360         20  0.000e+00
     49.898    -0.7021   2.786152    -0.7042   2.785607    6.63741    -0.1445    13.8155 0.0000e+00  -64.46817  -61.91700 1154062518 209.205089    34.1926      37361         20  0.000e+00
     49.964    -0.6981   2.786436    -0.7064   2.785473    6.63677    -0.1665    13.8155 0.0000e+00  -64.46817  -61.91700 1154062518 209.205089    34.1919      37362         20  0.000e+00
     49.898    -0.6952   2.786423    -0.7113   2.785183    6.64100    -0.1004    13.8155 0.0000e+00  -64.46817  -61.91700 1154062518 209.205090    34.1885      37363         20  0.000e+00
     49.964    -0.6989   2.786397    -0.7172   2.784840    6.63689    -0.0894    13.8155 0.0000e+00  -64.46817  -61.91700 1154062518 209.205090    34.1923      37364         20  0.000e+00
