product_data/regression_test/downloaded_data/MGDS/320620060703/ctd/p6621901.cnv
* Sea-Bird SBE 9 Data File:
* FileName = D:\Data\Raw\p6621901.dat
* Software Version Seasave Win32 V 5.32
* Temperature SN = 1649
* Conductivity SN = 1431
* Number of Bytes Per Scan = 37
* Number of Voltage Words = 5
* Number of Scans Averaged by the Deck Unit = 1
* NMEA Latitude = 62 08.99 S
* NMEA Longitude = 063 05.99 W
* NMEA UTC (Time) = 23:41:35
** Ship:   Nathaniel B. Palmer 
** Cruise:    NBP0606 
# nquan = 15
# nvalues = 1008                        
# units = specified
# name 0 = prDM: Pressure, Digiquartz [db]
# name 1 = t090C: Temperature [ITS-90, deg C]
# name 2 = c0S/m: Conductivity [S/m]
# name 3 = t190C: Temperature, 2 [ITS-90, deg C]
# name 4 = c1S/m: Conductivity, 2 [S/m]
# name 5 = sbeox0ML/L: Oxygen, SBE 43 [ml/l]
# name 6 = flECO-AFL: Fluorescence, Wetlab ECO-AFL/FL [mg/m^3]
# name 7 = bat: Beam Attenuation, Chelsea/Seatech/Wetlab CStar [1/m]
# name 8 = spar: SPAR/Surface Irradiance
# name 9 = latitude: Latitude [deg]
# name 10 = longitude: Longitude [deg]
# name 11 = timeY: Time, System [seconds]
# name 12 = timeJ: Julian Days
# name 13 = sal00: Salinity [PSU]
# name 14 = flag: flag
# span 0 =      4.000,   1011.000       
# span 1 =    -1.3503,     1.9975       
# span 2 =   2.712887,   3.069213       
# span 3 =    -1.3511,     1.9988       
# span 4 =   2.713479,   3.069400       
# span 5 =    4.35074,    8.12785       
# span 6 =    -0.1257,     0.1211       
# span 7 =    13.8155,    13.8155       
# span 8 = 0.0000e+00, 0.0000e+00       
# span 9 =  -62.14983,  -62.14983       
# span 10 =  -63.09983,  -63.09983      
# span 11 = 1154475721, 1154477109      
# span 12 = 213.987532, 214.003599      
# span 13 =    33.9525,    34.7278      
# span 14 = 0.0000e+00, 0.0000e+00      
# interval = decibars: 1                
# start_time = Aug 01 2006 23:41:59
# bad_flag = -9.990e-29
*END*
[from data line 868]
    872.000     1.5441   3.055413     1.5441   3.055619    4.74644    -0.0770    13.8155 0.0000e+00  -62.14983  -63.09983 1154476928 214.001509    34.7266 0.0000e+00
    873.000     1.5454   3.055585     1.5451   3.055764    4.75187    -0.0951    13.8155 0.0000e+00  -62.14983  -63.09983 1154476931 214.001543    34.7267 0.0000e+00
    874.000     1.5434   3.055453     1.5433   3.055653    4.75437    -0.0749    13.8155 0.0000e+00  -62.14983  -63.09983 1154476932 214.001551    34.7266 0.0000e+00
    875.000     1.5405   3.055231     1.5404   3.055442    4.75491    -0.0740    13.8155 0.0000e+00  -62.14983  -63.09983 1154476933 214.001560    34.7266 0.0000e+00
    876.000     1.5377   3.055029     1.5372   3.055213    4.75538    -0.0707    13.8155 0.0000e+00  -62.14983  -63.09983 1154476934 214.001569    34.7266 0.0000e+00
    877.000     1.5354   3.054887     1.5354   3.055078    4.75779    -0.0577    13.8155 0.0000e+00  -62.14983  -63.09983 1154476934 214.001580    34.7268 0.0000e+00
    878.000     1.5346   3.054861     1.5349   3.055076    4.75591    -0.0614    13.8155 0.0000e+00  -62.14983  -63.09983 1154476936 214.001592    34.7268 0.0000e+00
    879.000     1.5350   3.054937     1.5352   3.055144    4.75133    -0.0703    13.8155 0.0000e+00  -62.14983  -63.09983 1154476937 214.001606    34.7268 0.0000e+00
    880.000     1.5345   3.054932     1.5347   3.055139    4.75210    -0.0675    13.8155 0.0000e+00  -62.14983  -63.09983 1154476938 214.001624    34.7267 0.0000e+00
    881.000     1.5347   3.054992     1.5350   3.055201    4.75328    -0.1065    13.8155 0.0000e+00  -62.14983  -63.09983 1154476940 214.001645    34.7266 0.0000e+00
    882.000     1.5345   3.055030     1.5349   3.055247    4.75651    -0.0796    13.8155 0.0000e+00  -62.14983  -63.09983 1154476941 214.001660    34.7267 0.0000e+00
    883.000     1.5326   3.054892     1.5325   3.055093    4.75546    -0.1021    13.8155 0.0000e+00  -62.14983  -63.09983 1154476942 214.001671    34.7266 0.0000e+00
    884.000     1.5314   3.054834     1.5316   3.055050    4.75536    -0.0818    13.8155 0.0000e+00  -62.14983  -63.09983 1154476943 214.001683    34.7266 0.0000e+00
    885.000     1.5305   3.054804     1.5305   3.054996    4.75619    -0.1096    13.8155 0.0000e+00  -62.14983  -63.09983 1154476945 214.001698    34.7266 0.0000e+00
    886.000     1.5280   3.054619     1.5279   3.054813    4.75707    -0.0818    13.8155 0.0000e+00  -62.14983  -63.09983 1154476946 214.001714    34.7266 0.0000e+00
    887.000     1.5242   3.054334     1.5243   3.054542    4.75781    -0.0763    13.8155 0.0000e+00  -62.14983  -63.09983 1154476947 214.001727    34.7267 0.0000e+00
    888.000     1.5236   3.054321     1.5238   3.054531    4.75863    -0.0699    13.8155 0.0000e+00  -62.14983  -63.09983 1154476948 214.001738    34.7266 0.0000e+00
    889.000     1.5232   3.054324     1.5234   3.054534    4.75955    -0.0792    13.8155 0.0000e+00  -62.14983  -63.09983 1154476949 214.001751    34.7265 0.0000e+00
    890.000     1.5216   3.054235     1.5216   3.054427    4.76037    -0.0614    13.8155 0.0000e+00  -62.14983  -63.09983 1154476951 214.001767    34.7265 0.0000e+00
    891.000     1.5193   3.054083     1.5195   3.054295    4.76062    -0.0796    13.8155 0.0000e+00  -62.14983  -63.09983 1154476952 214.001782    34.7266 0.0000e+00
    892.000     1.5182   3.054030     1.5182   3.054230    4.76077    -0.0924    13.8155 0.0000e+00  -62.14983  -63.09983 1154476953 214.001793    34.7266 0.0000e+00
    893.000     1.5170   3.053970     1.5173   3.054175    4.76145    -0.1033    13.8155 0.0000e+00  -62.14983  -63.09983 1154476954 214.001804    34.7266 0.0000e+00
    894.000     1.5165   3.053968     1.5168   3.054175    4.76300    -0.0839    13.8155 0.0000e+00  -62.14983  -63.09983 1154476955 214.001821    34.7266 0.0000e+00
    895.000     1.5168   3.054031     1.5175   3.054264    4.76478    -0.1012    13.8155 0.0000e+00  -62.14983  -63.09983 1154476958 214.001849    34.7265 0.0000e+00
    896.000     1.5152   3.053946     1.5153   3.054152    4.76563    -0.0688    13.8155 0.0000e+00  -62.14983  -63.09983 1154476959 214.001861    34.7266 0.0000e+00
    897.000     1.5132   3.053828     1.5133   3.054047    4.76603    -0.0552    13.8155 0.0000e+00  -62.14983  -63.09983 1154476960 214.001871    34.7268 0.0000e+00
    898.000     1.5128   3.053847     1.5130   3.054052    4.76632    -0.0789    13.8155 0.0000e+00  -62.14983  -63.09983 1154476960 214.001880    34.7268 0.0000e+00
    899.000     1.5125   3.053860     1.5128   3.054081    4.76681    -0.0893    13.8155 0.0000e+00  -62.14983  -63.09983 1154476961 214.001890    34.7268 0.0000e+00
    900.000     1.5117   3.053828     1.5119   3.054037    4.76728    -0.0515    13.8155 0.0000e+00  -62.14983  -63.09983 1154476962 214.001901    34.7267 0.0000e+00
    901.000     1.5095   3.053686     1.5098   3.053896    4.76820    -0.0691    13.8155 0.0000e+00  -62.14983  -63.09983 1154476964 214.001917    34.7268 0.0000e+00
    902.000     1.5075   3.053551     1.5076   3.053752    4.76963    -0.0885    13.8155 0.0000e+00  -62.14983  -63.09983 1154476966 214.001940    34.7267 0.0000e+00
    903.000     1.5064   3.053506     1.5065   3.053706    4.77090    -0.0836    13.8155 0.0000e+00  -62.14983  -63.09983 1154476967 214.001957    34.7268 0.0000e+00
    904.000     1.5062   3.053539     1.5062   3.053728    4.77128    -0.0665    13.8155 0.0000e+00  -62.14983  -63.09983 1154476968 214.001969    34.7269 0.0000e+00
    905.000     1.5049   3.053458     1.5051   3.053666    4.77138    -0.0935    13.8155 0.0000e+00  -62.14983  -63.09983 1154476969 214.001979    34.7267 0.0000e+00
    906.000     1.5046   3.053475     1.5047   3.053677    4.77142    -0.0930    13.8155 0.0000e+00  -62.14983  -63.09983 1154476970 214.001989    34.7267 0.0000e+00
    907.000     1.5044   3.053505     1.5046   3.053716    4.77193    -0.0910    13.8155 0.0000e+00  -62.14983  -63.09983 1154476971 214.001999    34.7268 0.0000e+00
    908.000     1.5038   3.053503     1.5040   3.053706    4.77312    -0.0836    13.8155 0.0000e+00  -62.14983  -63.09983 1154476972 214.002015    34.7268 0.0000e+00
    909.000     1.5043   3.053579     1.5049   3.053823    4.77604    -0.0700    13.8155 0.0000e+00  -62.14983  -63.09983 1154476975 214.002046    34.7266 0.0000e+00
    910.000     1.5032   3.053539     1.5034   3.053749    4.77587    -0.0702    13.8155 0.0000e+00  -62.14983  -63.09983 1154476976 214.002059    34.7268 0.0000e+00
    911.000     1.5018   3.053464     1.5021   3.053680    4.77396    -0.0693    13.8155 0.0000e+00  -62.14983  -63.09983 1154476977 214.002069    34.7268 0.0000e+00
    912.000     1.4993   3.053267     1.4995   3.053509    4.77257    -0.0772    13.8155 0.0000e+00  -62.14983  -63.09983 1154476978 214.002078    34.7266 0.0000e+00
    913.000     1.4971   3.053123     1.4972   3.053345    4.77259    -0.1067    13.8155 0.0000e+00  -62.14983  -63.09983 1154476978 214.002087    34.7267 0.0000e+00
    914.000     1.4955   3.053029     1.4956   3.053242    4.77347    -0.0812    13.8155 0.0000e+00  -62.14983  -63.09983 1154476979 214.002098    34.7267 0.0000e+00
    915.000     1.4951   3.053046     1.4953   3.053252    4.77485    -0.0936    13.8155 0.0000e+00  -62.14983  -63.09983 1154476981 214.002119    34.7268 0.0000e+00
    916.000     1.4938   3.052972     1.4940   3.053177    4.77587    -0.0763    13.8155 0.0000e+00  -62.14983  -63.09983 1154476983 214.002139    34.7267 0.0000e+00
    917.000     1.4908   3.052753     1.4909   3.052958    4.78061    -0.0853    13.8155 0.0000e+00  -62.14983  -63.09983 1154476984 214.002152    34.7267 0.0000e+00
    918.000     1.4898   3.052710     1.4900   3.052910    4.78201    -0.0568    13.8155 0.0000e+00  -62.14983  -63.09983 1154476985 214.002163    34.7269 0.0000e+00
    919.000     1.4888   3.052661     1.4889   3.052865    4.78301    -0.0902    13.8155 0.0000e+00  -62.14983  -63.09983 1154476986 214.002177    34.7267 0.0000e+00
    920.000     1.4868   3.052546     1.4870   3.052746    4.78443    -0.0891    13.8155 0.0000e+00  -62.14983  -63.09983 1154476988 214.002196    34.7269 0.0000e+00
    921.000     1.4864   3.052560     1.4865   3.052763    4.78485    -0.0561    13.8155 0.0000e+00  -62.14983  -63.09983 1154476989 214.002211    34.7269 0.0000e+00
    922.000     1.4860   3.052563     1.4861   3.052767    4.78487    -0.0917    13.8155 0.0000e+00  -62.14983  -63.09983 1154476990 214.002221    34.7268 0.0000e+00
    923.000     1.4856   3.052563     1.4855   3.052765    4.78355    -0.0811    13.8155 0.0000e+00  -62.14983  -63.09983 1154476991 214.002231    34.7267 0.0000e+00
    924.000     1.4846   3.052515     1.4846   3.052720    4.78239    -0.0937    13.8155 0.0000e+00  -62.14983  -63.09983 1154476992 214.002241    34.7267 0.0000e+00
    925.000     1.4838   3.052498     1.4840   3.052709    4.78256    -0.0784    13.8155 0.0000e+00  -62.14983  -63.09983 1154476993 214.002259    34.7268 0.0000e+00
    926.000     1.4844   3.052582     1.4844   3.052783    4.78402    -0.0853    13.8155 0.0000e+00  -62.14983  -63.09983 1154476996 214.002286    34.7265 0.0000e+00
    927.000     1.4805   3.052321     1.4810   3.052549    4.78661    -0.0781    13.8155 0.0000e+00  -62.14983  -63.09983 1154476997 214.002298    34.7269 0.0000e+00
    928.000     1.4796   3.052280     1.4801   3.052502    4.78776    -0.1011    13.8155 0.0000e+00  -62.14983  -63.09983 1154476997 214.002308    34.7269 0.0000e+00
    929.000     1.4797   3.052328     1.4797   3.052526    4.78733    -0.0797    13.8155 0.0000e+00  -62.14983  -63.09983 1154476998 214.002318    34.7269 0.0000e+00
    930.000     1.4795   3.052349     1.4796   3.052553    4.78780    -0.1001    13.8155 0.0000e+00  -62.14983  -63.09983 1154476999 214.002328    34.7268 0.0000e+00
    931.000     1.4792   3.052370     1.4795   3.052577    4.79115    -0.0837    13.8155 0.0000e+00  -62.14983  -63.09983 1154477001 214.002348    34.7268 0.0000e+00
    932.000     1.4791   3.052417     1.4793   3.052625    4.79238    -0.0793    13.8155 0.0000e+00  -62.14983  -63.09983 1154477003 214.002370    34.7269 0.0000e+00
    933.000     1.4793   3.052476     1.4794   3.052687    4.79024    -0.0753    13.8155 0.0000e+00  -62.14983  -63.09983 1154477004 214.002380    34.7269 0.0000e+00
    934.000     1.4793   3.052512     1.4794   3.052709    4.78875    -0.1016    13.8155 0.0000e+00  -62.14983  -63.09983 1154477004 214.002388    34.7268 0.0000e+00
    935.000     1.4788   3.052501     1.4787   3.052708    4.78909    -0.1113    13.8155 0.0000e+00  -62.14983  -63.09983 1154477005 214.002397    34.7268 0.0000e+00
    936.000     1.4773   3.052424     1.4772   3.052606    4.79010    -0.0817    13.8155 0.0000e+00  -62.14983  -63.09983 1154477006 214.002413    34.7269 0.0000e+00
    937.000     1.4772   3.052471     1.4769   3.052595    4.79208    -0.0961    13.8155 0.0000e+00  -62.14983  -63.09983 1154477009 214.002445    34.7269 0.0000e+00
    938.000     1.4745   3.052278     1.4746   3.052482    4.79243    -0.0784    13.8155 0.0000e+00  -62.14983  -63.09983 1154477010 214.002456    34.7270 0.0000e+00
    939.000     1.4738   3.052270     1.4740   3.052481    4.79351    -0.0614    13.8155 0.0000e+00  -62.14983  -63.09983 1154477011 214.002466    34.7271 0.0000e+00
    940.000     1.4730   3.052243     1.4731   3.052447    4.79478    -0.0586    13.8155 0.0000e+00  -62.14983  -63.09983 1154477012 214.002477    34.7271 0.0000e+00
    941.000     1.4724   3.052239     1.4725   3.052438    4.79769    -0.0519    13.8155 0.0000e+00  -62.14983  -63.09983 1154477013 214.002491    34.7272 0.0000e+00
    942.000     1.4719   3.052247     1.4721   3.052453    4.79964    -0.0695    13.8155 0.0000e+00  -62.14983  -63.09983 1154477014 214.002505    34.7272 0.0000e+00
    943.000     1.4717   3.052261     1.4718   3.052463    4.79940    -0.0881    13.8155 0.0000e+00  -62.14983  -63.09983 1154477015 214.002517    34.7271 0.0000e+00
    944.000     1.4716   3.052299     1.4716   3.052497    4.79959    -0.0793    13.8155 0.0000e+00  -62.14983  -63.09983 1154477016 214.002527    34.7271 0.0000e+00
    945.000     1.4706   3.052245     1.4707   3.052452    4.79991    -0.0884    13.8155 0.0000e+00  -62.14983  -63.09983 1154477017 214.002537    34.7270 0.0000e+00
    946.000     1.4701   3.052264     1.4703   3.052458    4.80288    -0.0873    13.8155 0.0000e+00  -62.14983  -63.09983 1154477019 214.002562    34.7272 0.0000e+00
    947.000     1.4702   3.052354     1.4704   3.052529    4.80416    -0.1084    13.8155 0.0000e+00  -62.14983  -63.09983 1154477022 214.002587    34.7273 0.0000e+00
    948.000     1.4694   3.052283     1.4694   3.052483    4.80402    -0.0631    13.8155 0.0000e+00  -62.14983  -63.09983 1154477022 214.002597    34.7271 0.0000e+00
    949.000     1.4693   3.052315     1.4694   3.052515    4.80404    -0.0768    13.8155 0.0000e+00  -62.14983  -63.09983 1154477023 214.002605    34.7271 0.0000e+00
    950.000     1.4693   3.052362     1.4695   3.052565    4.80432    -0.0641    13.8155 0.0000e+00  -62.14983  -63.09983 1154477024 214.002613    34.7270 0.0000e+00
    951.000     1.4687   3.052358     1.4689   3.052553    4.80489    -0.0623    13.8155 0.0000e+00  -62.14983  -63.09983 1154477025 214.002622    34.7271 0.0000e+00
    952.000     1.4685   3.052390     1.4689   3.052603    4.80783    -0.0980    13.8155 0.0000e+00  -62.14983  -63.09983 1154477027 214.002652    34.7272 0.0000e+00
    953.000     1.4687   3.052444     1.4689   3.052652    4.80908    -0.0729    13.8155 0.0000e+00  -62.14983  -63.09983 1154477029 214.002675    34.7271 0.0000e+00
    954.000     1.4673   3.052375     1.4674   3.052575    4.80921    -0.0954    13.8155 0.0000e+00  -62.14983  -63.09983 1154477030 214.002683    34.7273 0.0000e+00
    955.000     1.4669   3.052368     1.4669   3.052570    4.80941    -0.0546    13.8155 0.0000e+00  -62.14983  -63.09983 1154477031 214.002691    34.7271 0.0000e+00
    956.000     1.4654   3.052271     1.4653   3.052475    4.80973    -0.1020    13.8155 0.0000e+00  -62.14983  -63.09983 1154477031 214.002699    34.7270 0.0000e+00
    957.000     1.4636   3.052169     1.4636   3.052375    4.81014    -0.1090    13.8155 0.0000e+00  -62.14983  -63.09983 1154477032 214.002707    34.7272 0.0000e+00
    958.000     1.4619   3.052081     1.4621   3.052284    4.81109    -0.0804    13.8155 0.0000e+00  -62.14983  -63.09983 1154477034 214.002726    34.7274 0.0000e+00
    959.000     1.4612   3.052069     1.4615   3.052274    4.81255    -0.0852    13.8155 0.0000e+00  -62.14983  -63.09983 1154477036 214.002751    34.7274 0.0000e+00
    960.000     1.4598   3.051993     1.4598   3.052178    4.81247    -0.0776    13.8155 0.0000e+00  -62.14983  -63.09983 1154477037 214.002767    34.7274 0.0000e+00
    961.000     1.4579   3.051876     1.4581   3.052085    4.81480    -0.0869    13.8155 0.0000e+00  -62.14983  -63.09983 1154477038 214.002782    34.7275 0.0000e+00
    962.000     1.4563   3.051771     1.4565   3.051989    4.81517    -0.0914    13.8155 0.0000e+00  -62.14983  -63.09983 1154477039 214.002794    34.7275 0.0000e+00
    963.000     1.4547   3.051679     1.4548   3.051887    4.81569    -0.0735    13.8155 0.0000e+00  -62.14983  -63.09983 1154477040 214.002804    34.7275 0.0000e+00
    964.000     1.4540   3.051661     1.4542   3.051873    4.81628    -0.0883    13.8155 0.0000e+00  -62.14983  -63.09983 1154477041 214.002816    34.7274 0.0000e+00
    965.000     1.4526   3.051583     1.4528   3.051784    4.81813    -0.0841    13.8155 0.0000e+00  -62.14983  -63.09983 1154477043 214.002835    34.7274 0.0000e+00
    966.000     1.4519   3.051565     1.4521   3.051771    4.81903    -0.0703    13.8155 0.0000e+00  -62.14983  -63.09983 1154477045 214.002854    34.7275 0.0000e+00
