product_data/regression_test/downloaded_data/MGDS/320620060703/ctd/p6620901.ros
* Sea-Bird SBE 9 Data File:
* FileName = D:\Data\Raw\p6620901.dat
* Software Version Seasave Win32 V 5.32
* Temperature SN = 1649
* Conductivity SN = 1431
* Number of Bytes Per Scan = 37
* Number of Voltage Words = 5
* Number of Scans Averaged by the Deck Unit = 1
* NMEA Latitude = 64 32.49 S
* NMEA Longitude = 062 46.94 W
* NMEA UTC (Time) = 01:40:15
** Ship:   Nathaniel B. Palmer 
** Cruise:    NBP0606 
# nquan = 17
# nvalues = 1176                    
# units = specified
# name 0 = prDM: Pressure, Digiquartz [db]
# name 1 = t090C: Temperature [ITS-90, deg C]
# name 2 = c0S/m: Conductivity [S/m]
# name 3 = t190C: Temperature, 2 [ITS-90, deg C]
# name 4 = c1S/m: Conductivity, 2 [S/m]
# name 5 = sbeox0ML/L: Oxygen, SBE 43 [ml/l]
# name 6 = flECO-AFL: Fluorescence, Wetlab ECO-AFL/FL [mg/m^3]
# name 7 = bat: Beam Attenuation, Chelsea/Seatech/Wetlab CStar [1/m]
# name 8 = spar: SPAR/Surface Irradiance
# name 9 = latitude: Latitude [deg]
# name 10 = longitude: Longitude [deg]
# name 11 = timeY: Time, System [seconds]
# name 12 = timeJ: Julian Days
# name 13 = sal00: Salinity [PSU]
# name 14 = scan: scan number
# name 15 = nbf: number of bottles fired
# name 16 = flag:  0.000e+00
# interval = seconds: 0.0416667                   
# start_time = Jul 31 2006 01:40:24
*END*
[from data line 256]
    349.712     0.1777   2.897644     0.1779   2.897870    5.84926    -0.0343    13.8155 0.0000e+00  -64.54150  -62.78233 1154310968 212.080676    34.5069      22715          6  0.000e+00
    349.798     0.1784   2.897658     0.1778   2.897864    5.84448    -0.0123    13.8155 0.0000e+00  -64.54150  -62.78233 1154310968 212.080677    34.5062      22716          6  0.000e+00
    349.722     0.1779   2.897664     0.1781   2.897864    5.84449    -0.1225    13.8155 0.0000e+00  -64.54150  -62.78233 1154310968 212.080677    34.5070      22717          6  0.000e+00
    349.722     0.1779   2.897594     0.1779   2.897846    5.84452    -0.1665    13.8155 0.0000e+00  -64.54150  -62.78233 1154310968 212.080678    34.5061      22718          6  0.000e+00
    349.798     0.1775   2.897641     0.1784   2.897852    5.84460    -0.1335    13.8155 0.0000e+00  -64.54150  -62.78233 1154310968 212.080678    34.5070      22719          6  0.000e+00
    349.722     0.1783   2.897644     0.1780   2.897858    5.84445    -0.1004    13.8155 0.0000e+00  -64.54150  -62.78233 1154310968 212.080679    34.5062      22720          6  0.000e+00
    349.789     0.1779   2.897641     0.1776   2.897864    5.84455    -0.1335    13.8155 0.0000e+00  -64.54150  -62.78233 1154310968 212.080679    34.5066      22721          6  0.000e+00
    349.722     0.1779   2.897641     0.1783   2.897858    5.84450    -0.1445    13.8155 0.0000e+00  -64.54150  -62.78233 1154310968 212.080679    34.5067      22722          6  0.000e+00
    349.798     0.1782   2.897641     0.1780   2.897858    5.84452    -0.0784    13.8155 0.0000e+00  -64.54150  -62.78233 1154310969 212.080680    34.5063      22723          6  0.000e+00
    349.722     0.1780   2.897658     0.1781   2.897864    5.84448    -0.0894    13.8155 0.0000e+00  -64.54150  -62.78233 1154310969 212.080680    34.5068      22724          6  0.000e+00
    349.798     0.1780   2.897644     0.1781   2.897864    5.84930    -0.1004    13.8155 0.0000e+00  -64.54150  -62.78233 1154310969 212.080681    34.5065      22725          6  0.000e+00
    349.798     0.1777   2.897658     0.1783   2.897876    5.84457    -0.1004    13.8155 0.0000e+00  -64.54150  -62.78233 1154310969 212.080681    34.5070      22726          6  0.000e+00
    349.712     0.1780   2.897627     0.1777   2.897846    5.84448    -0.0233    13.8155 0.0000e+00  -64.54150  -62.78233 1154310969 212.080682    34.5063      22727          6  0.000e+00
    349.798     0.1780   2.897634     0.1775   2.897858    5.84930    -0.0564    13.8155 0.0000e+00  -64.54150  -62.78233 1154310969 212.080682    34.5064      22728          6  0.000e+00
    349.722     0.1777   2.897631     0.1776   2.897864    5.84929    -0.0454    13.8155 0.0000e+00  -64.54150  -62.78233 1154310969 212.080683    34.5068      22729          6  0.000e+00
    349.798     0.1779   2.897637     0.1779   2.897811    5.84932    -0.0564    13.8155 0.0000e+00  -64.54150  -62.78233 1154310969 212.080683    34.5066      22730          6  0.000e+00
    349.798     0.1780   2.897691     0.1781   2.897870    5.84927    -0.0343    13.8155 0.0000e+00  -64.54150  -62.78233 1154310969 212.080684    34.5071      22731          6  0.000e+00
    349.722     0.1777   2.897658     0.1772   2.897852    5.84927    -0.1665    13.8155 0.0000e+00  -64.54150  -62.78233 1154310969 212.080684    34.5071      22732          6  0.000e+00
    349.789     0.1783   2.897658     0.1776   2.897840    5.84925    -0.1775    13.8155 0.0000e+00  -64.54150  -62.78233 1154310969 212.080685    34.5064      22733          6  0.000e+00
    349.798     0.1775   2.897627     0.1778   2.897852    5.84936    -0.1775    13.8155 0.0000e+00  -64.54150  -62.78233 1154310969 212.080685    34.5068      22734          6  0.000e+00
    349.722     0.1779   2.897634     0.1779   2.897823    5.84450    -0.1445    13.8155 0.0000e+00  -64.54150  -62.78233 1154310969 212.080686    34.5066      22735          6  0.000e+00
    349.798     0.1780   2.897658     0.1779   2.897828    5.84453    -0.0894    13.8155 0.0000e+00  -64.54150  -62.78233 1154310969 212.080686    34.5067      22736          6  0.000e+00
    349.798     0.1773   2.897664     0.1781   2.897840    5.84461     0.0097    13.8155 0.0000e+00  -64.54150  -62.78233 1154310969 212.080687    34.5075      22737          6  0.000e+00
    349.798     0.1777   2.897627     0.1781   2.897852    5.84458     0.0538    13.8155 0.0000e+00  -64.54150  -62.78233 1154310969 212.080687    34.5066      22738          6  0.000e+00
    349.712     0.1782   2.897634     0.1779   2.897840    5.84446    -0.0784    13.8155 0.0000e+00  -64.54150  -62.78233 1154310969 212.080688    34.5062      22739          6  0.000e+00
    349.798     0.1782   2.897658     0.1779   2.897840    5.84451    -0.1004    13.8155 0.0000e+00  -64.54150  -62.78233 1154310969 212.080688    34.5065      22740          6  0.000e+00
    349.798     0.1774   2.897644     0.1781   2.897840    5.84461    -0.1335    13.8155 0.0000e+00  -64.54150  -62.78233 1154310969 212.080689    34.5072      22741          6  0.000e+00
    349.798     0.1778   2.897674     0.1779   2.897805    5.84931    -0.0894    13.8155 0.0000e+00  -64.54150  -62.78233 1154310969 212.080689    34.5071      22742          6  0.000e+00
    349.722     0.1780   2.897651     0.1776   2.897828    5.84923    -0.0123    13.8155 0.0000e+00  -64.54150  -62.78233 1154310969 212.080690    34.5066      22743          6  0.000e+00
    349.798     0.1780   2.897621     0.1778   2.897840    5.84931    -0.0674    13.8155 0.0000e+00  -64.54150  -62.78233 1154310969 212.080690    34.5062      22744          6  0.000e+00
    349.789     0.1779   2.897634     0.1778   2.897840    5.84456    -0.1004    13.8155 0.0000e+00  -64.54150  -62.78233 1154310969 212.080691    34.5065      22745          6  0.000e+00
    349.798     0.1778   2.897641     0.1778   2.897852    5.84932    -0.0123    13.8155 0.0000e+00  -64.54150  -62.78233 1154310969 212.080691    34.5067      22746          6  0.000e+00
    349.798     0.1782   2.897658     0.1779   2.897840    5.84927    -0.0784    13.8155 0.0000e+00  -64.54150  -62.78233 1154310970 212.080692    34.5065      22747          6  0.000e+00
    349.798     0.1777   2.897664     0.1775   2.897840    5.84932    -0.1445    13.8155 0.0000e+00  -64.54150  -62.78233 1154310970 212.080692    34.5071      22748          6  0.000e+00
    349.798     0.1780   2.897627     0.1775   2.897840    5.84455    -0.0454    13.8155 0.0000e+00  -64.54150  -62.78233 1154310970 212.080693    34.5063      22749          6  0.000e+00
    349.722     0.1781   2.897651     0.1775   2.897852    5.84446    -0.0123    13.8155 0.0000e+00  -64.54150  -62.78233 1154310970 212.080693    34.5065      22750          6  0.000e+00
    349.789     0.1779   2.897621     0.1781   2.897840    5.84932    -0.0564    13.8155 0.0000e+00  -64.54150  -62.78233 1154310970 212.080693    34.5064      22751          6  0.000e+00
    349.798     0.1779   2.897614     0.1780   2.897840    5.84933    -0.0784    13.8155 0.0000e+00  -64.54150  -62.78233 1154310970 212.080694    34.5063      22752          6  0.000e+00
    300.747     0.1883   2.896193     0.1887   2.896437    5.82799    -0.0564    13.8155 0.0000e+00  -64.54150  -62.78233 1154311048 212.081605    34.5051      24641          7  0.000e+00
    300.795     0.1888   2.896173     0.1891   2.896466    5.82798    -0.0123    13.8155 0.0000e+00  -64.54150  -62.78233 1154311048 212.081605    34.5043      24642          7  0.000e+00
    300.795     0.1881   2.896133     0.1895   2.896501    5.82808    -0.0233    13.8155 0.0000e+00  -64.54150  -62.78233 1154311049 212.081606    34.5044      24643          7  0.000e+00
    300.747     0.1880   2.896126     0.1897   2.896513    5.82806    -0.0454    13.8155 0.0000e+00  -64.54150  -62.78233 1154311049 212.081606    34.5045      24644          7  0.000e+00
    300.795     0.1875   2.896160     0.1903   2.896549    5.82814    -0.0674    13.8155 0.0000e+00  -64.54150  -62.78233 1154311049 212.081607    34.5055      24645          7  0.000e+00
    300.795     0.1875   2.896240     0.1904   2.896560    5.82809    -0.1004    13.8155 0.0000e+00  -64.54150  -62.78233 1154311049 212.081607    34.5066      24646          7  0.000e+00
    300.824     0.1886   2.896244     0.1903   2.896584    5.82799    -0.1665    13.8155 0.0000e+00  -64.54150  -62.78233 1154311049 212.081608    34.5054      24647          7  0.000e+00
    300.795     0.1889   2.896240     0.1908   2.896572    5.82793    -0.1004    13.8155 0.0000e+00  -64.54150  -62.78233 1154311049 212.081608    34.5050      24648          7  0.000e+00
    300.728     0.1884   2.896220     0.1906   2.896584    5.82794    -0.0454    13.8155 0.0000e+00  -64.54150  -62.78233 1154311049 212.081609    34.5053      24649          7  0.000e+00
    300.891     0.1888   2.896217     0.1903   2.896554    5.82331    -0.0564    13.8155 0.0000e+00  -64.54150  -62.78233 1154311049 212.081609    34.5048      24650          7  0.000e+00
    300.862     0.1881   2.896217     0.1899   2.896537    5.82336    -0.0894    13.8155 0.0000e+00  -64.54150  -62.78233 1154311049 212.081610    34.5055      24651          7  0.000e+00
    300.795     0.1886   2.896233     0.1895   2.896519    5.82797    -0.0343    13.8155 0.0000e+00  -64.54150  -62.78233 1154311049 212.081610    34.5053      24652          7  0.000e+00
    300.824     0.1888   2.896203     0.1892   2.896513    5.82799    -0.0454    13.8155 0.0000e+00  -64.54150  -62.78233 1154311049 212.081611    34.5047      24653          7  0.000e+00
    300.795     0.1891   2.896193     0.1897   2.896513    5.82793    -0.0233    13.8155 0.0000e+00  -64.54150  -62.78233 1154311049 212.081611    34.5042      24654          7  0.000e+00
    300.862     0.1892   2.896244     0.1898   2.896549    5.82795    -0.1004    13.8155 0.0000e+00  -64.54150  -62.78233 1154311049 212.081612    34.5047      24655          7  0.000e+00
    300.824     0.1892   2.896244     0.1902   2.896525    5.82791    -0.0784    13.8155 0.0000e+00  -64.54150  -62.78233 1154311049 212.081612    34.5047      24656          7  0.000e+00
    300.796     0.1892   2.896324     0.1908   2.896549    5.82785    -0.0454    13.8155 0.0000e+00  -64.54150  -62.78233 1154311049 212.081613    34.5058      24657          7  0.000e+00
    300.863     0.1906   2.896442     0.1908   2.896625    5.82767    -0.0784    13.8155 0.0000e+00  -64.54150  -62.78233 1154311049 212.081613    34.5057      24658          7  0.000e+00
    300.824     0.1914   2.896472     0.1908   2.896607    5.82753    -0.1665    13.8155 0.0000e+00  -64.54150  -62.78233 1154311049 212.081614    34.5052      24659          7  0.000e+00
    300.863     0.1919   2.896489     0.1900   2.896566    5.82750    -0.1114    13.8155 0.0000e+00  -64.54150  -62.78233 1154311049 212.081614    34.5049      24660          7  0.000e+00
    300.796     0.1920   2.896509     0.1891   2.896525    5.82742    -0.1225    13.8155 0.0000e+00  -64.54150  -62.78233 1154311049 212.081615    34.5051      24661          7  0.000e+00
    300.824     0.1920   2.896515     0.1895   2.896549    5.82271    -0.0454    13.8155 0.0000e+00  -64.54150  -62.78233 1154311049 212.081615    34.5051      24662          7  0.000e+00
    300.863     0.1923   2.896482     0.1903   2.896566    5.82745     0.0097    13.8155 0.0000e+00  -64.54150  -62.78233 1154311049 212.081616    34.5043      24663          7  0.000e+00
    300.796     0.1916   2.896401     0.1901   2.896584    5.82753    -0.0564    13.8155 0.0000e+00  -64.54150  -62.78233 1154311049 212.081616    34.5041      24664          7  0.000e+00
    300.824     0.1911   2.896358     0.1911   2.896613    5.82763    -0.1225    13.8155 0.0000e+00  -64.54150  -62.78233 1154311049 212.081617    34.5041      24665          7  0.000e+00
    300.796     0.1908   2.896371     0.1908   2.896643    5.82764    -0.1445    13.8155 0.0000e+00  -64.54150  -62.78233 1154311049 212.081617    34.5046      24666          7  0.000e+00
    300.729     0.1911   2.896378     0.1912   2.896649    5.82754    -0.1555    13.8155 0.0000e+00  -64.54150  -62.78233 1154311050 212.081617    34.5044      24667          7  0.000e+00
    300.891     0.1911   2.896448     0.1915   2.896666    5.82291    -0.1445    13.8155 0.0000e+00  -64.54150  -62.78233 1154311050 212.081618    34.5052      24668          7  0.000e+00
    300.863     0.1916   2.896452     0.1917   2.896696    5.82283    -0.0784    13.8155 0.0000e+00  -64.54150  -62.78233 1154311050 212.081618    34.5048      24669          7  0.000e+00
    300.796     0.1916   2.896465     0.1923   2.896719    5.82750    -0.0013    13.8155 0.0000e+00  -64.54150  -62.78233 1154311050 212.081619    34.5050      24670          7  0.000e+00
    300.824     0.1912   2.896418     0.1929   2.896731    5.82758     0.0097    13.8155 0.0000e+00  -64.54150  -62.78233 1154311050 212.081619    34.5047      24671          7  0.000e+00
    300.796     0.1916   2.896472     0.1929   2.896766    5.82749    -0.0674    13.8155 0.0000e+00  -64.54150  -62.78233 1154311050 212.081620    34.5051      24672          7  0.000e+00
    300.863     0.1925   2.896509     0.1931   2.896778    5.82269    -0.1335    13.8155 0.0000e+00  -64.54150  -62.78233 1154311050 212.081620    34.5045      24673          7  0.000e+00
    300.748     0.1922   2.896515     0.1932   2.896760    5.82736    -0.0343    13.8155 0.0000e+00  -64.54150  -62.78233 1154311050 212.081621    34.5050      24674          7  0.000e+00
    300.863     0.1922   2.896532     0.1932   2.896778    5.82271    -0.0784    13.8155 0.0000e+00  -64.54150  -62.78233 1154311050 212.081621    34.5051      24675          7  0.000e+00
    300.796     0.1926   2.896539     0.1930   2.896784    5.82260    -0.1004    13.8155 0.0000e+00  -64.54150  -62.78233 1154311050 212.081622    34.5048      24676          7  0.000e+00
    300.824     0.1934   2.896573     0.1937   2.896778    5.82252    -0.0784    13.8155 0.0000e+00  -64.54150  -62.78233 1154311050 212.081622    34.5043      24677          7  0.000e+00
    300.863     0.1934   2.896566     0.1937   2.896825    5.82255    -0.0564    13.8155 0.0000e+00  -64.54150  -62.78233 1154311050 212.081623    34.5042      24678          7  0.000e+00
    300.796     0.1927   2.896526     0.1940   2.896819    5.82261    -0.1225    13.8155 0.0000e+00  -64.54150  -62.78233 1154311050 212.081623    34.5045      24679          7  0.000e+00
    300.825     0.1928   2.896515     0.1937   2.896831    5.82735    -0.0894    13.8155 0.0000e+00  -64.54150  -62.78233 1154311050 212.081624    34.5042      24680          7  0.000e+00
    300.863     0.1923   2.896515     0.1933   2.896796    5.82743    -0.0123    13.8155 0.0000e+00  -64.54150  -62.78233 1154311050 212.081624    34.5048      24681          7  0.000e+00
    300.863     0.1925   2.896499     0.1935   2.896802    5.82742     0.0097    13.8155 0.0000e+00  -64.54150  -62.78233 1154311050 212.081625    34.5043      24682          7  0.000e+00
    300.825     0.1928   2.896509     0.1931   2.896790    5.82735    -0.0674    13.8155 0.0000e+00  -64.54150  -62.78233 1154311050 212.081625    34.5041      24683          7  0.000e+00
    300.863     0.1929   2.896586     0.1931   2.896802    5.82732    -0.1004    13.8155 0.0000e+00  -64.54150  -62.78233 1154311050 212.081626    34.5050      24684          7  0.000e+00
    300.796     0.1931   2.896609     0.1932   2.896813    5.82251    -0.0784    13.8155 0.0000e+00  -64.54150  -62.78233 1154311050 212.081626    34.5051      24685          7  0.000e+00
    300.892     0.1934   2.896643     0.1929   2.896784    5.82253    -0.0784    13.8155 0.0000e+00  -64.54150  -62.78233 1154311050 212.081627    34.5052      24686          7  0.000e+00
