product_data/regression_test/downloaded_data/MGDS/320620060703/ctd/p6623301.cnv
* Sea-Bird SBE 9 Data File:
* FileName = D:\Data\Raw\p6623301.dat
* Software Version Seasave Win32 V 5.32
* Temperature SN = 1649
* Conductivity SN = 1431
* Number of Bytes Per Scan = 37
* Number of Voltage Words = 5
* Number of Scans Averaged by the Deck Unit = 1
* NMEA Latitude = 61 52.43 S
* NMEA Longitude = 053 12.48 W
* NMEA UTC (Time) = 11:43:15
** Ship:   Nathaniel B. Palmer 
** Cruise:    NBP0606 
# nquan = 15
# nvalues = 704                         
# units = specified
# name 0 = prDM: Pressure, Digiquartz [db]
# name 1 = t090C: Temperature [ITS-90, deg C]
# name 2 = c0S/m: Conductivity [S/m]
# name 3 = t190C: Temperature, 2 [ITS-90, deg C]
# name 4 = c1S/m: Conductivity, 2 [S/m]
# name 5 = sbeox0ML/L: Oxygen, SBE 43 [ml/l]
# name 6 = flECO-AFL: Fluorescence, Wetlab ECO-AFL/FL [mg/m^3]
# name 7 = bat: Beam Attenuation, Chelsea/Seatech/Wetlab CStar [1/m]
# name 8 = spar: SPAR/Surface Irradiance
# name 9 = latitude: Latitude [deg]
# name 10 = longitude: Longitude [deg]
# name 11 = timeY: Time, System [seconds]
# name 12 = timeJ: Julian Days
# name 13 = sal00: Salinity [PSU]
# name 14 = flag: flag
# span 0 =      2.000,    705.000       
# span 1 =    -1.6707,    -0.1190       
# span 2 =   2.715129,   2.892638       
# span 3 =    -1.6698,    -0.1192       
# span 4 =   2.715577,   2.892686       
# span 5 =    5.77215,    7.47299       
# span 6 =    -0.1190,     0.0950       
# span 7 =    13.8155,    13.8155       
# span 8 = 1.5782e+01, 4.9595e+01       
# span 9 =  -61.87383,  -61.87383       
# span 10 =  -53.20800,  -53.20800      
# span 11 = 1154951105, 1154952210      
# span 12 = 219.489668, 219.502456      
# span 13 =    34.2544,    34.6195      
# span 14 = 0.0000e+00, 0.0000e+00      
# interval = decibars: 1                
# start_time = Aug 07 2006 11:44:46
# bad_flag = -9.990e-29
*END*
[from data line 386]
    388.000    -0.7221   2.826027    -0.7210   2.826103    6.30186    -0.0848    13.8155 3.3370e+01  -61.87383  -53.20800 1154951711 219.496676    34.5449 0.0000e+00
    389.000    -0.7057   2.827562    -0.7061   2.827479    6.29168    -0.0368    13.8155 3.4398e+01  -61.87383  -53.20800 1154951712 219.496692    34.5461 0.0000e+00
    390.000    -0.6819   2.829874    -0.6785   2.830053    6.28045    -0.0571    13.8155 3.5153e+01  -61.87383  -53.20800 1154951714 219.496707    34.5495 0.0000e+00
    391.000    -0.6423   2.833428    -0.6375   2.833766    6.26697    -0.0648    13.8155 3.2856e+01  -61.87383  -53.20800 1154951715 219.496723    34.5504 0.0000e+00
    392.000    -0.6188   2.835658    -0.6149   2.835911    6.25284    -0.0734    13.8155 3.5465e+01  -61.87383  -53.20800 1154951716 219.496738    34.5529 0.0000e+00
    393.000    -0.6077   2.836723    -0.6038   2.836981    6.23809    -0.0750    13.8155 3.4343e+01  -61.87383  -53.20800 1154951718 219.496754    34.5549 0.0000e+00
    394.000    -0.5998   2.837468    -0.5982   2.837577    6.22470    -0.0579    13.8155 3.3528e+01  -61.87383  -53.20800 1154951719 219.496769    34.5546 0.0000e+00
    395.000    -0.6005   2.837455    -0.6000   2.837451    6.21975    -0.0523    13.8155 3.3968e+01  -61.87383  -53.20800 1154951720 219.496785    34.5551 0.0000e+00
    396.000    -0.6002   2.837520    -0.5992   2.837546    6.20961    -0.0539    13.8155 3.1567e+01  -61.87383  -53.20800 1154951722 219.496800    34.5555 0.0000e+00
    397.000    -0.5800   2.839439    -0.5792   2.839422    6.20279    -0.0670    13.8155 3.4329e+01  -61.87383  -53.20800 1154951723 219.496816    34.5575 0.0000e+00
    398.000    -0.5825   2.839233    -0.5839   2.839055    6.19845    -0.0724    13.8155 3.2765e+01  -61.87383  -53.20800 1154951724 219.496831    34.5573 0.0000e+00
    399.000    -0.5775   2.839732    -0.5784   2.839595    6.19861    -0.0547    13.8155 3.1320e+01  -61.87383  -53.20800 1154951726 219.496847    34.5581 0.0000e+00
    400.000    -0.5705   2.840404    -0.5657   2.840800    6.19140    -0.0508    13.8155 3.2828e+01  -61.87383  -53.20800 1154951727 219.496862    34.5586 0.0000e+00
    401.000    -0.5605   2.841383    -0.5590   2.841455    6.18354    -0.0614    13.8155 3.0453e+01  -61.87383  -53.20800 1154951728 219.496878    34.5596 0.0000e+00
    402.000    -0.5717   2.840357    -0.5701   2.840493    6.18001    -0.0794    13.8155 3.1901e+01  -61.87383  -53.20800 1154951730 219.496893    34.5583 0.0000e+00
    403.000    -0.5672   2.840838    -0.5664   2.840846    6.16853    -0.0919    13.8155 3.0817e+01  -61.87383  -53.20800 1154951731 219.496909    34.5596 0.0000e+00
    404.000    -0.5306   2.844267    -0.5315   2.844096    6.15053    -0.0688    13.8155 3.1170e+01  -61.87383  -53.20800 1154951732 219.496924    34.5624 0.0000e+00
    405.000    -0.5130   2.845974    -0.5139   2.845710    6.13542    -0.0567    13.8155 3.1231e+01  -61.87383  -53.20800 1154951734 219.496940    34.5644 0.0000e+00
    406.000    -0.4854   2.848584    -0.4847   2.848542    6.11942    -0.0703    13.8155 3.0014e+01  -61.87383  -53.20800 1154951735 219.496955    34.5672 0.0000e+00
    407.000    -0.4660   2.850489    -0.4625   2.850720    6.09633    -0.0554    13.8155 3.1955e+01  -61.87383  -53.20800 1154951736 219.496971    34.5702 0.0000e+00
    408.000    -0.4191   2.854864    -0.4185   2.854803    6.07192    -0.0347    13.8155 3.0423e+01  -61.87383  -53.20800 1154951738 219.496986    34.5735 0.0000e+00
    409.000    -0.4090   2.855853    -0.4071   2.855911    6.04802    -0.0629    13.8155 2.9847e+01  -61.87383  -53.20800 1154951739 219.497002    34.5750 0.0000e+00
    410.000    -0.3945   2.857304    -0.3908   2.857487    6.03035    -0.0922    13.8155 3.1675e+01  -61.87383  -53.20800 1154951740 219.497017    34.5778 0.0000e+00
    411.000    -0.3622   2.860291    -0.3634   2.860082    6.01206    -0.0404    13.8155 2.9919e+01  -61.87383  -53.20800 1154951742 219.497033    34.5798 0.0000e+00
    412.000    -0.3303   2.863382    -0.3258   2.863630    5.98949    -0.0476    13.8155 3.1734e+01  -61.87383  -53.20800 1154951743 219.497048    34.5842 0.0000e+00
    413.000    -0.3017   2.866115    -0.3020   2.865970    5.97108    -0.0791    13.8155 3.0648e+01  -61.87383  -53.20800 1154951744 219.497064    34.5873 0.0000e+00
    414.000    -0.2992   2.866331    -0.2986   2.866331    5.95934    -0.0755    13.8155 3.1368e+01  -61.87383  -53.20800 1154951746 219.497079    34.5872 0.0000e+00
    415.000    -0.2901   2.867276    -0.2907   2.867099    5.94556    -0.0532    13.8155 3.0786e+01  -61.87383  -53.20800 1154951747 219.497095    34.5893 0.0000e+00
    416.000    -0.2870   2.867643    -0.2835   2.867832    5.93323    -0.0703    13.8155 2.9958e+01  -61.87383  -53.20800 1154951748 219.497111    34.5908 0.0000e+00
    417.000    -0.2767   2.868591    -0.2747   2.868690    5.92503    -0.0582    13.8155 3.0075e+01  -61.87383  -53.20800 1154951750 219.497126    34.5910 0.0000e+00
    418.000    -0.2698   2.869299    -0.2670   2.869495    5.91538    -0.0679    13.8155 3.0074e+01  -61.87383  -53.20800 1154951751 219.497142    34.5926 0.0000e+00
    419.000    -0.2479   2.871455    -0.2471   2.871427    5.90341    -0.0675    13.8155 3.0821e+01  -61.87383  -53.20800 1154951752 219.497157    34.5956 0.0000e+00
    420.000    -0.2449   2.871778    -0.2433   2.871836    5.89374    -0.0778    13.8155 2.9811e+01  -61.87383  -53.20800 1154951754 219.497173    34.5960 0.0000e+00
    421.000    -0.2418   2.872116    -0.2422   2.871993    5.88702    -0.0720    13.8155 2.9234e+01  -61.87383  -53.20800 1154951755 219.497188    34.5968 0.0000e+00
    422.000    -0.2392   2.872387    -0.2378   2.872446    5.88255    -0.0596    13.8155 -9.990e-29  -61.87383  -53.20800 1154951756 219.497204    34.5971 0.0000e+00
    423.000    -0.2388   2.872472    -0.2381   2.872447    5.88343    -0.0669    13.8155 -9.990e-29  -61.87383  -53.20800 1154951758 219.497220    34.5975 0.0000e+00
    424.000    -0.2386   2.872519    -0.2383   2.872488    5.88185    -0.0518    13.8155 3.0241e+01  -61.87383  -53.20800 1154951759 219.497235    34.5975 0.0000e+00
    425.000    -0.2359   2.872826    -0.2352   2.872830    5.87709    -0.0737    13.8155 2.9806e+01  -61.87383  -53.20800 1154951761 219.497251    34.5982 0.0000e+00
    426.000    -0.2376   2.872704    -0.2368   2.872714    5.87588    -0.0803    13.8155 2.9770e+01  -61.87383  -53.20800 1154951762 219.497266    34.5980 0.0000e+00
    427.000    -0.2391   2.872594    -0.2387   2.872585    5.87355    -0.0647    13.8155 3.0274e+01  -61.87383  -53.20800 1154951763 219.497282    34.5978 0.0000e+00
    428.000    -0.2370   2.872848    -0.2365   2.872842    5.87370    -0.0638    13.8155 2.9403e+01  -61.87383  -53.20800 1154951765 219.497297    34.5983 0.0000e+00
    429.000    -0.2377   2.872825    -0.2357   2.872957    5.87315    -0.0525    13.8155 3.0005e+01  -61.87383  -53.20800 1154951766 219.497313    34.5983 0.0000e+00
    430.000    -0.2372   2.872908    -0.2373   2.872862    5.87257    -0.0832    13.8155 2.9580e+01  -61.87383  -53.20800 1154951767 219.497329    34.5984 0.0000e+00
    431.000    -0.2385   2.872832    -0.2382   2.872823    5.87550    -0.0806    13.8155 3.0074e+01  -61.87383  -53.20800 1154951769 219.497344    34.5983 0.0000e+00
    432.000    -0.2456   2.872209    -0.2441   2.872319    5.87694    -0.0674    13.8155 3.0629e+01  -61.87383  -53.20800 1154951770 219.497360    34.5977 0.0000e+00
    433.000    -0.2462   2.872200    -0.2451   2.872265    5.87682    -0.0702    13.8155 2.9448e+01  -61.87383  -53.20800 1154951771 219.497376    34.5977 0.0000e+00
    434.000    -0.2441   2.872443    -0.2431   2.872498    5.87541    -0.0595    13.8155 3.0515e+01  -61.87383  -53.20800 1154951773 219.497392    34.5979 0.0000e+00
    435.000    -0.2440   2.872482    -0.2431   2.872537    5.87798    -0.0666    13.8155 2.9929e+01  -61.87383  -53.20800 1154951774 219.497408    34.5977 0.0000e+00
    436.000    -0.2433   2.872621    -0.2424   2.872668    5.87716    -0.0908    13.8155 3.0028e+01  -61.87383  -53.20800 1154951775 219.497424    34.5982 0.0000e+00
    437.000    -0.2422   2.872769    -0.2413   2.872820    5.87731    -0.0620    13.8155 3.0156e+01  -61.87383  -53.20800 1154951777 219.497440    34.5983 0.0000e+00
    438.000    -0.2388   2.873156    -0.2373   2.873240    5.87764    -0.0745    13.8155 2.9414e+01  -61.87383  -53.20800 1154951778 219.497455    34.5988 0.0000e+00
    439.000    -0.2346   2.873587    -0.2331   2.873711    5.87433    -0.0656    13.8155 3.0424e+01  -61.87383  -53.20800 1154951780 219.497471    34.5992 0.0000e+00
    440.000    -0.2347   2.873644    -0.2340   2.873662    5.87144    -0.0742    13.8155 2.9748e+01  -61.87383  -53.20800 1154951781 219.497488    34.5994 0.0000e+00
    441.000    -0.2341   2.873745    -0.2332   2.873797    5.87124    -0.0483    13.8155 3.1014e+01  -61.87383  -53.20800 1154951782 219.497503    34.5995 0.0000e+00
    442.000    -0.2297   2.874242    -0.2300   2.874145    5.86982    -0.0578    13.8155 3.2379e+01  -61.87383  -53.20800 1154951784 219.497519    34.6002 0.0000e+00
    443.000    -0.2282   2.874420    -0.2283   2.874352    5.86900    -0.0758    13.8155 3.1505e+01  -61.87383  -53.20800 1154951785 219.497535    34.6007 0.0000e+00
    444.000    -0.2278   2.874483    -0.2281   2.874449    5.86638    -0.0514    13.8155 3.2785e+01  -61.87383  -53.20800 1154951786 219.497551    34.6004 0.0000e+00
    445.000    -0.2301   2.874295    -0.2287   2.874424    5.86883    -0.0655    13.8155 3.3003e+01  -61.87383  -53.20800 1154951788 219.497567    34.6000 0.0000e+00
    446.000    -0.2398   2.873442    -0.2383   2.873555    5.86871    -0.0790    13.8155 3.3120e+01  -61.87383  -53.20800 1154951789 219.497583    34.5993 0.0000e+00
    447.000    -0.2397   2.873481    -0.2390   2.873530    5.87316    -0.0709    13.8155 3.3118e+01  -61.87383  -53.20800 1154951791 219.497599    34.5991 0.0000e+00
    448.000    -0.2461   2.872844    -0.2437   2.873108    5.87639    -0.0752    13.8155 3.3118e+01  -61.87383  -53.20800 1154951792 219.497615    34.5983 0.0000e+00
    449.000    -0.2434   2.873255    -0.2438   2.873172    5.87651    -0.0753    13.8155 3.3118e+01  -61.87383  -53.20800 1154951793 219.497630    34.5991 0.0000e+00
    450.000    -0.2477   2.872877    -0.2460   2.873013    5.87762    -0.0536    13.8155 3.3118e+01  -61.87383  -53.20800 1154951795 219.497646    34.5981 0.0000e+00
    451.000    -0.2503   2.872661    -0.2511   2.872565    5.87773    -0.0614    13.8155 3.3118e+01  -61.87383  -53.20800 1154951796 219.497663    34.5980 0.0000e+00
    452.000    -0.2470   2.873019    -0.2471   2.872965    5.88279    -0.0806    13.8155 3.3118e+01  -61.87383  -53.20800 1154951797 219.497678    34.5984 0.0000e+00
    453.000    -0.2492   2.872860    -0.2490   2.872843    5.88331    -0.0674    13.8155 3.3118e+01  -61.87383  -53.20800 1154951799 219.497694    34.5981 0.0000e+00
    454.000    -0.2456   2.873241    -0.2438   2.873415    5.88284    -0.0804    13.8155 3.3118e+01  -61.87383  -53.20800 1154951800 219.497710    34.5985 0.0000e+00
    455.000    -0.2434   2.873498    -0.2434   2.873488    5.87990    -0.0733    13.8155 3.3118e+01  -61.87383  -53.20800 1154951802 219.497726    34.5985 0.0000e+00
    456.000    -0.2433   2.873576    -0.2415   2.873721    5.87948    -0.0682    13.8155 3.3118e+01  -61.87383  -53.20800 1154951803 219.497742    34.5990 0.0000e+00
    457.000    -0.2395   2.873987    -0.2382   2.874095    5.87378    -0.0715    13.8155 3.3117e+01  -61.87383  -53.20800 1154951804 219.497758    34.5994 0.0000e+00
    458.000    -0.2320   2.874765    -0.2315   2.874789    5.87220    -0.0479    13.8155 3.4384e+01  -61.87383  -53.20800 1154951806 219.497774    34.6006 0.0000e+00
    459.000    -0.2391   2.874049    -0.2392   2.874057    5.87258    -0.0850    13.8155 3.4199e+01  -61.87383  -53.20800 1154951807 219.497790    34.5984 0.0000e+00
    460.000    -0.2429   2.873759    -0.2415   2.873877    5.87397    -0.0771    13.8155 3.3821e+01  -61.87383  -53.20800 1154951808 219.497805    34.5985 0.0000e+00
    461.000    -0.2409   2.873994    -0.2399   2.874079    5.87315    -0.0594    13.8155 3.3771e+01  -61.87383  -53.20800 1154951810 219.497821    34.5989 0.0000e+00
    462.000    -0.2391   2.874223    -0.2387   2.874242    5.87069    -0.0379    13.8155 3.3351e+01  -61.87383  -53.20800 1154951811 219.497837    34.5991 0.0000e+00
    463.000    -0.2427   2.873901    -0.2422   2.873942    5.87060    -0.0471    13.8155 3.4607e+01  -61.87383  -53.20800 1154951813 219.497853    34.5984 0.0000e+00
    464.000    -0.2441   2.873826    -0.2432   2.873903    5.87173    -0.0717    13.8155 3.4204e+01  -61.87383  -53.20800 1154951814 219.497869    34.5984 0.0000e+00
    465.000    -0.2361   2.874651    -0.2356   2.874692    5.87264    -0.0817    13.8155 3.4106e+01  -61.87383  -53.20800 1154951815 219.497885    34.5996 0.0000e+00
    466.000    -0.2328   2.874997    -0.2323   2.875022    5.87304    -0.0670    13.8155 3.4198e+01  -61.87383  -53.20800 1154951817 219.497901    34.5997 0.0000e+00
    467.000    -0.2344   2.874878    -0.2332   2.874999    5.87022    -0.0639    13.8155 3.3297e+01  -61.87383  -53.20800 1154951818 219.497917    34.5994 0.0000e+00
    468.000    -0.2358   2.874785    -0.2350   2.874861    5.86973    -0.0705    13.8155 3.4171e+01  -61.87383  -53.20800 1154951819 219.497933    34.5993 0.0000e+00
    469.000    -0.2345   2.874951    -0.2342   2.874977    5.86867    -0.0638    13.8155 3.3250e+01  -61.87383  -53.20800 1154951821 219.497949    34.5994 0.0000e+00
    470.000    -0.2333   2.875125    -0.2326   2.875190    5.86709    -0.0908    13.8155 3.4282e+01  -61.87383  -53.20800 1154951822 219.497965    34.5997 0.0000e+00
    471.000    -0.2343   2.875060    -0.2336   2.875110    5.86794    -0.0935    13.8155 3.4121e+01  -61.87383  -53.20800 1154951824 219.497981    34.5995 0.0000e+00
    472.000    -0.2365   2.874902    -0.2360   2.874931    5.86844    -0.0796    13.8155 3.3594e+01  -61.87383  -53.20800 1154951825 219.497997    34.5993 0.0000e+00
    473.000    -0.2369   2.874902    -0.2365   2.874926    5.86972    -0.0815    13.8155 3.3590e+01  -61.87383  -53.20800 1154951826 219.498013    34.5991 0.0000e+00
    474.000    -0.2373   2.874908    -0.2372   2.874908    5.87231    -0.0827    13.8155 3.3118e+01  -61.87383  -53.20800 1154951828 219.498029    34.5992 0.0000e+00
    475.000    -0.2368   2.875005    -0.2354   2.875120    5.87221    -0.0779    13.8155 3.4109e+01  -61.87383  -53.20800 1154951829 219.498045    34.5992 0.0000e+00
    476.000    -0.2378   2.874900    -0.2368   2.874997    5.87053    -0.0724    13.8155 3.3887e+01  -61.87383  -53.20800 1154951830 219.498061    34.5992 0.0000e+00
    477.000    -0.2398   2.874806    -0.2393   2.874849    5.86941    -0.0977    13.8155 3.3592e+01  -61.87383  -53.20800 1154951832 219.498077    34.5989 0.0000e+00
    478.000    -0.2404   2.874801    -0.2399   2.874840    5.87181    -0.0824    13.8155 3.3180e+01  -61.87383  -53.20800 1154951833 219.498093    34.5989 0.0000e+00
    479.000    -0.2399   2.874894    -0.2394   2.874936    5.86994    -0.0642    13.8155 3.3414e+01  -61.87383  -53.20800 1154951835 219.498108    34.5990 0.0000e+00
    480.000    -0.2399   2.874943    -0.2393   2.874999    5.87030    -0.0785    13.8155 3.4151e+01  -61.87383  -53.20800 1154951836 219.498124    34.5990 0.0000e+00
    481.000    -0.2397   2.875019    -0.2392   2.875065    5.87096    -0.0943    13.8155 3.3815e+01  -61.87383  -53.20800 1154951837 219.498140    34.5991 0.0000e+00
    482.000    -0.2392   2.875066    -0.2388   2.875121    5.87149    -0.0857    13.8155 3.3187e+01  -61.87383  -53.20800 1154951839 219.498156    34.5992 0.0000e+00
