product_data/regression_test/downloaded_data/MGDS/320620060703/ctd/p6622803.ros
* Sea-Bird SBE 9 Data File:
* FileName = D:\Data\Raw\p6622803.dat
* Software Version Seasave Win32 V 5.32
* Temperature SN = 1649
* Conductivity SN = 1431
* Number of Bytes Per Scan = 37
* Number of Voltage Words = 5
* Number of Scans Averaged by the Deck Unit = 1
* NMEA Latitude = 63 03.41 S
* NMEA Longitude = 057 19.21 W
* NMEA UTC (Time) = 05:51:10
** Ship:   Nathaniel B. Palmer 
** Cruise:    NBP0606 
# nquan = 17
# nvalues = 1176                    
# units = specified
# name 0 = prDM: Pressure, Digiquartz [db]
# name 1 = t090C: Temperature [ITS-90, deg C]
# name 2 = c0S/m: Conductivity [S/m]
# name 3 = t190C: Temperature, 2 [ITS-90, deg C]
# name 4 = c1S/m: Conductivity, 2 [S/m]
# name 5 = sbeox0ML/L: Oxygen, SBE 43 [ml/l]
# name 6 = flECO-AFL: Fluorescence, Wetlab ECO-AFL/FL [mg/m^3]
# name 7 = bat: Beam Attenuation, Chelsea/Seatech/Wetlab CStar [1/m]
# name 8 = spar: SPAR/Surface Irradiance
# name 9 = latitude: Latitude [deg]
# name 10 = longitude: Longitude [deg]
# name 11 = timeY: Time, System [seconds]
# name 12 = timeJ: Julian Days
# name 13 = sal00: Salinity [PSU]
# name 14 = scan: scan number
# name 15 = nbf: number of bottles fired
# name 16 = flag:  0.000e+00
# interval = seconds: 0.0416667                   
# start_time = Aug 04 2006 05:52:01
*END*
[from data line 1022]
     10.486    -1.8845   2.706881    -1.8844   2.707075    7.58074    -0.0564    13.8155 0.0000e+00  -63.05683  -57.32017 1154672188 216.261462    34.4849      35265         21  0.000e+00
     10.486    -1.8846   2.706859    -1.8842   2.707064    7.57599    -0.0564    13.8155 0.0000e+00  -63.05683  -57.32017 1154672189 216.261463    34.4847      35266         21  0.000e+00
     10.439    -1.8848   2.706862    -1.8840   2.707058    7.57596    -0.0674    13.8155 0.0000e+00  -63.05683  -57.32017 1154672189 216.261463    34.4850      35267         21  0.000e+00
     10.486    -1.8845   2.706865    -1.8840   2.707058    7.57596    -0.1114    13.8155 0.0000e+00  -63.05683  -57.32017 1154672189 216.261464    34.4847      35268         21  0.000e+00
     10.439    -1.8843   2.706875    -1.8841   2.707075    7.57588    -0.1665    13.8155 0.0000e+00  -63.05683  -57.32017 1154672189 216.261464    34.4846      35269         21  0.000e+00
     10.486    -1.8846   2.706868    -1.8838   2.707064    7.57598    -0.1445    13.8155 0.0000e+00  -63.05683  -57.32017 1154672189 216.261465    34.4849      35270         21  0.000e+00
     10.410    -1.8851   2.706865    -1.8838   2.707075    7.57597    -0.0894    13.8155 0.0000e+00  -63.05683  -57.32017 1154672189 216.261465    34.4854      35271         21  0.000e+00
     10.486    -1.8830   2.706973    -1.8832   2.707161    7.58043     0.0097    13.8155 0.0000e+00  -63.05683  -57.32017 1154672195 216.261536    34.4844      35418         22  0.000e+00
     10.648    -1.8831   2.706953    -1.8834   2.707219    7.58064    -0.0564    13.8155 0.0000e+00  -63.05683  -57.32017 1154672195 216.261536    34.4842      35419         22  0.000e+00
     10.276    -1.8831   2.706982    -1.8829   2.707179    7.58023    -0.0784    13.8155 0.0000e+00  -63.05683  -57.32017 1154672195 216.261537    34.4848      35420         22  0.000e+00
     10.619    -1.8831   2.707009    -1.8832   2.707219    7.58057    -0.0454    13.8155 0.0000e+00  -63.05683  -57.32017 1154672195 216.261537    34.4849      35421         22  0.000e+00
     10.438    -1.8828   2.707012    -1.8828   2.707179    7.58033    -0.0564    13.8155 0.0000e+00  -63.05683  -57.32017 1154672195 216.261538    34.4848      35422         22  0.000e+00
     10.486    -1.8828   2.706999    -1.8830   2.707196    7.58518    -0.0784    13.8155 0.0000e+00  -63.05683  -57.32017 1154672195 216.261538    34.4845      35423         22  0.000e+00
     10.505    -1.8831   2.707025    -1.8829   2.707213    7.58523    -0.1004    13.8155 0.0000e+00  -63.05683  -57.32017 1154672195 216.261539    34.4853      35424         22  0.000e+00
     10.409    -1.8831   2.707002    -1.8825   2.707230    7.58035    -0.0343    13.8155 0.0000e+00  -63.05683  -57.32017 1154672195 216.261539    34.4850      35425         22  0.000e+00
     10.552    -1.8825   2.707025    -1.8823   2.707219    7.58039     0.0648    13.8155 0.0000e+00  -63.05683  -57.32017 1154672195 216.261540    34.4845      35426         22  0.000e+00
     10.438    -1.8828   2.707018    -1.8826   2.707213    7.58032     0.0979    13.8155 0.0000e+00  -63.05683  -57.32017 1154672195 216.261540    34.4849      35427         22  0.000e+00
     10.486    -1.8825   2.707044    -1.8826   2.707248    7.58031     0.0538    13.8155 0.0000e+00  -63.05683  -57.32017 1154672195 216.261541    34.4848      35428         22  0.000e+00
     10.505    -1.8825   2.707074    -1.8823   2.707248    7.58031    -0.0233    13.8155 0.0000e+00  -63.05683  -57.32017 1154672195 216.261541    34.4852      35429         22  0.000e+00
     10.486    -1.8820   2.707031    -1.8825   2.707259    7.58024    -0.0674    13.8155 0.0000e+00  -63.05683  -57.32017 1154672195 216.261542    34.4841      35430         22  0.000e+00
     10.486    -1.8824   2.707028    -1.8825   2.707248    7.58030    -0.0564    13.8155 0.0000e+00  -63.05683  -57.32017 1154672195 216.261542    34.4844      35431         22  0.000e+00
     10.505    -1.8825   2.707067    -1.8822   2.707242    7.58510    -0.1114    13.8155 0.0000e+00  -63.05683  -57.32017 1154672195 216.261543    34.4852      35432         22  0.000e+00
     10.486    -1.8822   2.707064    -1.8822   2.707276    7.58024    -0.1775    13.8155 0.0000e+00  -63.05683  -57.32017 1154672195 216.261543    34.4847      35433         22  0.000e+00
     10.505    -1.8826   2.707071    -1.8828   2.707253    7.58033    -0.1665    13.8155 0.0000e+00  -63.05683  -57.32017 1154672196 216.261544    34.4854      35434         22  0.000e+00
     10.486    -1.8824   2.707048    -1.8826   2.707242    7.58028    -0.0564    13.8155 0.0000e+00  -63.05683  -57.32017 1154672196 216.261544    34.4847      35435         22  0.000e+00
     10.486    -1.8828   2.707038    -1.8823   2.707259    7.58036    -0.1004    13.8155 0.0000e+00  -63.05683  -57.32017 1154672196 216.261545    34.4851      35436         22  0.000e+00
     10.505    -1.8825   2.707035    -1.8826   2.707225    7.58034    -0.1665    13.8155 0.0000e+00  -63.05683  -57.32017 1154672196 216.261545    34.4847      35437         22  0.000e+00
     10.486    -1.8826   2.707054    -1.8830   2.707230    7.58032    -0.0894    13.8155 0.0000e+00  -63.05683  -57.32017 1154672196 216.261546    34.4851      35438         22  0.000e+00
     10.438    -1.8825   2.707041    -1.8822   2.707242    7.58026    -0.0784    13.8155 0.0000e+00  -63.05683  -57.32017 1154672196 216.261546    34.4848      35439         22  0.000e+00
     10.552    -1.8828   2.707035    -1.8828   2.707219    7.58043    -0.1445    13.8155 0.0000e+00  -63.05683  -57.32017 1154672196 216.261547    34.4850      35440         22  0.000e+00
     10.485    -1.8828   2.707035    -1.8825   2.707230    7.58036    -0.1445    13.8155 0.0000e+00  -63.05683  -57.32017 1154672196 216.261547    34.4850      35441         22  0.000e+00
     10.438    -1.8826   2.707018    -1.8830   2.707219    7.58030    -0.1775    13.8155 0.0000e+00  -63.05683  -57.32017 1154672196 216.261548    34.4847      35442         22  0.000e+00
     10.552    -1.8826   2.707012    -1.8835   2.707213    7.58043    -0.1225    13.8155 0.0000e+00  -63.05683  -57.32017 1154672196 216.261548    34.4845      35443         22  0.000e+00
     10.438    -1.8824   2.707048    -1.8831   2.707213    7.57544    -0.0894    13.8155 0.0000e+00  -63.05683  -57.32017 1154672196 216.261549    34.4848      35444         22  0.000e+00
     10.485    -1.8825   2.707025    -1.8828   2.707213    7.58032    -0.1445    13.8155 0.0000e+00  -63.05683  -57.32017 1154672196 216.261549    34.4846      35445         22  0.000e+00
     10.552    -1.8834   2.707012    -1.8830   2.707196    7.58054    -0.1225    13.8155 0.0000e+00  -63.05683  -57.32017 1154672196 216.261549    34.4854      35446         22  0.000e+00
     10.438    -1.8825   2.707012    -1.8831   2.707167    7.58028    -0.0343    13.8155 0.0000e+00  -63.05683  -57.32017 1154672196 216.261550    34.4844      35447         22  0.000e+00
     10.552    -1.8825   2.706999    -1.8828   2.707179    7.58041    -0.1004    13.8155 0.0000e+00  -63.05683  -57.32017 1154672196 216.261550    34.4842      35448         22  0.000e+00
     10.438    -1.8828   2.707009    -1.8829   2.707190    7.57554    -0.0454    13.8155 0.0000e+00  -63.05683  -57.32017 1154672196 216.261551    34.4847      35449         22  0.000e+00
     10.409    -1.8825   2.707012    -1.8834   2.707207    7.58025     0.0318    13.8155 0.0000e+00  -63.05683  -57.32017 1154672196 216.261551    34.4844      35450         22  0.000e+00
     10.619    -1.8824   2.707012    -1.8829   2.707196    7.58045    -0.0013    13.8155 0.0000e+00  -63.05683  -57.32017 1154672196 216.261552    34.4841      35451         22  0.000e+00
     10.438    -1.8831   2.707031    -1.8831   2.707150    7.58036     0.0318    13.8155 0.0000e+00  -63.05683  -57.32017 1154672196 216.261552    34.4854      35452         22  0.000e+00
     10.552    -1.8830   2.707018    -1.8828   2.707173    7.58047     0.0207    13.8155 0.0000e+00  -63.05683  -57.32017 1154672196 216.261553    34.4850      35453         22  0.000e+00
     10.504    -1.8825   2.707031    -1.8831   2.707190    7.58034    -0.0013    13.8155 0.0000e+00  -63.05683  -57.32017 1154672196 216.261553    34.4846      35454         22  0.000e+00
     10.485    -1.8831   2.707005    -1.8835   2.707190    7.58043    -0.0564    13.8155 0.0000e+00  -63.05683  -57.32017 1154672196 216.261554    34.4850      35455         22  0.000e+00
     10.485    -1.8831   2.706976    -1.8832   2.707207    7.58045    -0.0784    13.8155 0.0000e+00  -63.05683  -57.32017 1154672196 216.261554    34.4846      35456         22  0.000e+00
     10.504    -1.8836   2.706969    -1.8834   2.707196    7.58055    -0.0564    13.8155 0.0000e+00  -63.05683  -57.32017 1154672197 216.261555    34.4850      35457         22  0.000e+00
     10.485    -1.8837   2.706973    -1.8831   2.707190    7.58055    -0.0674    13.8155 0.0000e+00  -63.05683  -57.32017 1154672197 216.261555    34.4853      35458         22  0.000e+00
     10.504    -1.8836   2.706953    -1.8832   2.707190    7.58056    -0.0013    13.8155 0.0000e+00  -63.05683  -57.32017 1154672197 216.261556    34.4848      35459         22  0.000e+00
     10.485    -1.8839   2.706947    -1.8831   2.707190    7.58059    -0.0123    13.8155 0.0000e+00  -63.05683  -57.32017 1154672197 216.261556    34.4851      35460         22  0.000e+00
     10.485    -1.8839   2.706966    -1.8826   2.707190    7.58058    -0.0674    13.8155 0.0000e+00  -63.05683  -57.32017 1154672197 216.261557    34.4854      35461         22  0.000e+00
     10.504    -1.8836   2.706969    -1.8829   2.707173    7.58055    -0.0894    13.8155 0.0000e+00  -63.05683  -57.32017 1154672197 216.261557    34.4850      35462         22  0.000e+00
     10.485    -1.8842   2.706953    -1.8832   2.707184    7.58064    -0.1004    13.8155 0.0000e+00  -63.05683  -57.32017 1154672197 216.261558    34.4855      35463         22  0.000e+00
     10.504    -1.8832   2.706966    -1.8832   2.707190    7.58050    -0.0343    13.8155 0.0000e+00  -63.05683  -57.32017 1154672197 216.261558    34.4846      35464         22  0.000e+00
     10.552    -1.8837   2.706953    -1.8832   2.707207    7.58064    -0.0013    13.8155 0.0000e+00  -63.05683  -57.32017 1154672197 216.261559    34.4850      35465         22  0.000e+00
     10.485    -1.8833   2.706966    -1.8831   2.707213    7.58048    -0.0564    13.8155 0.0000e+00  -63.05683  -57.32017 1154672197 216.261559    34.4846      35466         22  0.000e+00
     10.580    -1.8824   2.707057    -1.8828   2.707219    7.57559    -0.0123    13.8155 0.0000e+00  -63.05683  -57.32017 1154672202 216.261618    34.4848      35589         23  0.000e+00
     10.485    -1.8828   2.707041    -1.8823   2.707248    7.57557    -0.0013    13.8155 0.0000e+00  -63.05683  -57.32017 1154672202 216.261619    34.4851      35590         23  0.000e+00
     10.552    -1.8823   2.707038    -1.8832   2.707248    7.57557    -0.1004    13.8155 0.0000e+00  -63.05683  -57.32017 1154672202 216.261619    34.4845      35591         23  0.000e+00
     10.504    -1.8824   2.707067    -1.8825   2.707242    7.57550    -0.1225    13.8155 0.0000e+00  -63.05683  -57.32017 1154672202 216.261620    34.4850      35592         23  0.000e+00
     10.552    -1.8828   2.707064    -1.8828   2.707259    7.57562    -0.1665    13.8155 0.0000e+00  -63.05683  -57.32017 1154672202 216.261620    34.4854      35593         23  0.000e+00
     10.504    -1.8825   2.707061    -1.8830   2.707225    7.57553    -0.1886    13.8155 0.0000e+00  -63.05683  -57.32017 1154672202 216.261621    34.4851      35594         23  0.000e+00
     10.485    -1.8820   2.707071    -1.8828   2.707248    7.57543    -0.1114    13.8155 0.0000e+00  -63.05683  -57.32017 1154672202 216.261621    34.4847      35595         23  0.000e+00
     10.552    -1.8831   2.707064    -1.8826   2.707265    7.57567    -0.0894    13.8155 0.0000e+00  -63.05683  -57.32017 1154672202 216.261622    34.4858      35596         23  0.000e+00
     10.504    -1.8833   2.707061    -1.8828   2.707248    7.57564    -0.0343    13.8155 0.0000e+00  -63.05683  -57.32017 1154672202 216.261622    34.4859      35597         23  0.000e+00
     10.551    -1.8825   2.707022    -1.8831   2.707259    7.57561    -0.0894    13.8155 0.0000e+00  -63.05683  -57.32017 1154672202 216.261623    34.4845      35598         23  0.000e+00
     10.504    -1.8825   2.707048    -1.8831   2.707265    7.57553    -0.1665    13.8155 0.0000e+00  -63.05683  -57.32017 1154672202 216.261623    34.4848      35599         23  0.000e+00
     10.485    -1.8826   2.707041    -1.8825   2.707225    7.57554    -0.1004    13.8155 0.0000e+00  -63.05683  -57.32017 1154672202 216.261624    34.4850      35600         23  0.000e+00
     10.551    -1.8822   2.707051    -1.8826   2.707230    7.57553    -0.0564    13.8155 0.0000e+00  -63.05683  -57.32017 1154672202 216.261624    34.4845      35601         23  0.000e+00
     10.504    -1.8826   2.707057    -1.8828   2.707242    7.57555    -0.1004    13.8155 0.0000e+00  -63.05683  -57.32017 1154672203 216.261625    34.4852      35602         23  0.000e+00
     10.551    -1.8826   2.707061    -1.8826   2.707219    7.57560    -0.0784    13.8155 0.0000e+00  -63.05683  -57.32017 1154672203 216.261625    34.4852      35603         23  0.000e+00
     10.504    -1.8825   2.707071    -1.8832   2.707196    7.58031    -0.1114    13.8155 0.0000e+00  -63.05683  -57.32017 1154672203 216.261626    34.4852      35604         23  0.000e+00
     10.551    -1.8822   2.707064    -1.8829   2.707242    7.57553    -0.0343    13.8155 0.0000e+00  -63.05683  -57.32017 1154672203 216.261626    34.4847      35605         23  0.000e+00
     10.485    -1.8826   2.707061    -1.8828   2.707248    7.57553    -0.0233    13.8155 0.0000e+00  -63.05683  -57.32017 1154672203 216.261627    34.4852      35606         23  0.000e+00
     10.504    -1.8825   2.707057    -1.8826   2.707219    7.58032    -0.1004    13.8155 0.0000e+00  -63.05683  -57.32017 1154672203 216.261627    34.4850      35607         23  0.000e+00
     10.551    -1.8829   2.707057    -1.8825   2.707230    7.57565    -0.1004    13.8155 0.0000e+00  -63.05683  -57.32017 1154672203 216.261628    34.4855      35608         23  0.000e+00
     10.504    -1.8828   2.707061    -1.8826   2.707242    7.57557    -0.0674    13.8155 0.0000e+00  -63.05683  -57.32017 1154672203 216.261628    34.4854      35609         23  0.000e+00
     10.551    -1.8826   2.707057    -1.8823   2.707259    7.57560    -0.1225    13.8155 0.0000e+00  -63.05683  -57.32017 1154672203 216.261629    34.4852      35610         23  0.000e+00
     10.485    -1.8826   2.707009    -1.8831   2.707248    7.57557    -0.1335    13.8155 0.0000e+00  -63.05683  -57.32017 1154672203 216.261629    34.4845      35611         23  0.000e+00
     10.504    -1.8826   2.707044    -1.8826   2.707242    7.57556    -0.1555    13.8155 0.0000e+00  -63.05683  -57.32017 1154672203 216.261630    34.4850      35612         23  0.000e+00
     10.551    -1.8822   2.707071    -1.8831   2.707225    7.57552    -0.0564    13.8155 0.0000e+00  -63.05683  -57.32017 1154672203 216.261630    34.4848      35613         23  0.000e+00
     10.504    -1.8822   2.707048    -1.8828   2.707213    7.57549    -0.0784    13.8155 0.0000e+00  -63.05683  -57.32017 1154672203 216.261630    34.4845      35614         23  0.000e+00
     10.551    -1.8826   2.707054    -1.8831   2.707230    7.57560    -0.1555    13.8155 0.0000e+00  -63.05683  -57.32017 1154672203 216.261631    34.4851      35615         23  0.000e+00
     10.485    -1.8826   2.707057    -1.8829   2.707219    7.57553    -0.0674    13.8155 0.0000e+00  -63.05683  -57.32017 1154672203 216.261631    34.4852      35616         23  0.000e+00
