product_data/regression_test/downloaded_data/MGDS/320620060703/ctd/p6621901.cnv
* Sea-Bird SBE 9 Data File:
* FileName = D:\Data\Raw\p6621901.dat
* Software Version Seasave Win32 V 5.32
* Temperature SN = 1649
* Conductivity SN = 1431
* Number of Bytes Per Scan = 37
* Number of Voltage Words = 5
* Number of Scans Averaged by the Deck Unit = 1
* NMEA Latitude = 62 08.99 S
* NMEA Longitude = 063 05.99 W
* NMEA UTC (Time) = 23:41:35
** Ship:   Nathaniel B. Palmer 
** Cruise:    NBP0606 
# nquan = 15
# nvalues = 1008                        
# units = specified
# name 0 = prDM: Pressure, Digiquartz [db]
# name 1 = t090C: Temperature [ITS-90, deg C]
# name 2 = c0S/m: Conductivity [S/m]
# name 3 = t190C: Temperature, 2 [ITS-90, deg C]
# name 4 = c1S/m: Conductivity, 2 [S/m]
# name 5 = sbeox0ML/L: Oxygen, SBE 43 [ml/l]
# name 6 = flECO-AFL: Fluorescence, Wetlab ECO-AFL/FL [mg/m^3]
# name 7 = bat: Beam Attenuation, Chelsea/Seatech/Wetlab CStar [1/m]
# name 8 = spar: SPAR/Surface Irradiance
# name 9 = latitude: Latitude [deg]
# name 10 = longitude: Longitude [deg]
# name 11 = timeY: Time, System [seconds]
# name 12 = timeJ: Julian Days
# name 13 = sal00: Salinity [PSU]
# name 14 = flag: flag
# span 0 =      4.000,   1011.000       
# span 1 =    -1.3503,     1.9975       
# span 2 =   2.712887,   3.069213       
# span 3 =    -1.3511,     1.9988       
# span 4 =   2.713479,   3.069400       
# span 5 =    4.35074,    8.12785       
# span 6 =    -0.1257,     0.1211       
# span 7 =    13.8155,    13.8155       
# span 8 = 0.0000e+00, 0.0000e+00       
# span 9 =  -62.14983,  -62.14983       
# span 10 =  -63.09983,  -63.09983      
# span 11 = 1154475721, 1154477109      
# span 12 = 213.987532, 214.003599      
# span 13 =    33.9525,    34.7278      
# span 14 = 0.0000e+00, 0.0000e+00      
# interval = decibars: 1                
# start_time = Aug 01 2006 23:41:59
# bad_flag = -9.990e-29
*END*
[from data line 964]
    968.000     1.4490   3.051405     1.4491   3.051603    4.81943    -0.0655    13.8155 0.0000e+00  -62.14983  -63.09983 1154477046 214.002875    34.7275 0.0000e+00
    969.000     1.4485   3.051410     1.4486   3.051613    4.81991    -0.0818    13.8155 0.0000e+00  -62.14983  -63.09983 1154477047 214.002884    34.7276 0.0000e+00
    970.000     1.4480   3.051403     1.4482   3.051612    4.82032    -0.0870    13.8155 0.0000e+00  -62.14983  -63.09983 1154477048 214.002896    34.7275 0.0000e+00
    971.000     1.4480   3.051446     1.4483   3.051659    4.82010    -0.1080    13.8155 0.0000e+00  -62.14983  -63.09983 1154477050 214.002922    34.7275 0.0000e+00
    972.000     1.4469   3.051403     1.4470   3.051605    4.82213    -0.0907    13.8155 0.0000e+00  -62.14983  -63.09983 1154477052 214.002938    34.7275 0.0000e+00
    973.000     1.4435   3.051151     1.4434   3.051356    4.82370    -0.0821    13.8155 0.0000e+00  -62.14983  -63.09983 1154477053 214.002948    34.7276 0.0000e+00
    974.000     1.4403   3.050918     1.4403   3.051127    4.82391    -0.0614    13.8155 0.0000e+00  -62.14983  -63.09983 1154477054 214.002957    34.7278 0.0000e+00
    975.000     1.4391   3.050845     1.4391   3.051049    4.82497    -0.1021    13.8155 0.0000e+00  -62.14983  -63.09983 1154477054 214.002968    34.7275 0.0000e+00
    976.000     1.4393   3.050924     1.4392   3.051088    4.82756    -0.0910    13.8155 0.0000e+00  -62.14983  -63.09983 1154477057 214.002997    34.7277 0.0000e+00
    977.000     1.4393   3.050936     1.4393   3.051195    4.82845    -0.1050    13.8155 0.0000e+00  -62.14983  -63.09983 1154477059 214.003015    34.7275 0.0000e+00
    978.000     1.4351   3.050692     1.4353   3.050871    4.82863    -0.0907    13.8155 0.0000e+00  -62.14983  -63.09983 1154477059 214.003025    34.7275 0.0000e+00
    979.000     1.4344   3.050618     1.4344   3.050827    4.82885    -0.0761    13.8155 0.0000e+00  -62.14983  -63.09983 1154477060 214.003033    34.7277 0.0000e+00
    980.000     1.4346   3.050667     1.4344   3.050855    4.82927    -0.0526    13.8155 0.0000e+00  -62.14983  -63.09983 1154477061 214.003041    34.7275 0.0000e+00
    981.000     1.4342   3.050673     1.4343   3.050883    4.82979    -0.0660    13.8155 0.0000e+00  -62.14983  -63.09983 1154477062 214.003051    34.7274 0.0000e+00
    982.000     1.4336   3.050675     1.4339   3.050884    4.83086    -0.0946    13.8155 0.0000e+00  -62.14983  -63.09983 1154477063 214.003069    34.7275 0.0000e+00
    983.000     1.4332   3.050686     1.4334   3.050894    4.83219    -0.0949    13.8155 0.0000e+00  -62.14983  -63.09983 1154477065 214.003091    34.7275 0.0000e+00
    984.000     1.4323   3.050658     1.4326   3.050863    4.83304    -0.0671    13.8155 0.0000e+00  -62.14983  -63.09983 1154477066 214.003105    34.7275 0.0000e+00
    985.000     1.4316   3.050643     1.4319   3.050848    4.83365    -0.1246    13.8155 0.0000e+00  -62.14983  -63.09983 1154477067 214.003118    34.7276 0.0000e+00
    986.000     1.4306   3.050602     1.4307   3.050807    4.83409    -0.0697    13.8155 0.0000e+00  -62.14983  -63.09983 1154477068 214.003130    34.7276 0.0000e+00
    987.000     1.4303   3.050611     1.4304   3.050805    4.83450    -0.0933    13.8155 0.0000e+00  -62.14983  -63.09983 1154477069 214.003142    34.7276 0.0000e+00
    988.000     1.4301   3.050632     1.4302   3.050833    4.83504    -0.0730    13.8155 0.0000e+00  -62.14983  -63.09983 1154477071 214.003154    34.7275 0.0000e+00
    989.000     1.4299   3.050653     1.4301   3.050858    4.83546    -0.0955    13.8155 0.0000e+00  -62.14983  -63.09983 1154477072 214.003167    34.7274 0.0000e+00
    990.000     1.4294   3.050659     1.4295   3.050858    4.83262    -0.1003    13.8155 0.0000e+00  -62.14983  -63.09983 1154477073 214.003186    34.7274 0.0000e+00
    991.000     1.4293   3.050698     1.4295   3.050900    4.83529    -0.0946    13.8155 0.0000e+00  -62.14983  -63.09983 1154477075 214.003203    34.7275 0.0000e+00
    992.000     1.4290   3.050711     1.4292   3.050916    4.83527    -0.0766    13.8155 0.0000e+00  -62.14983  -63.09983 1154477076 214.003216    34.7275 0.0000e+00
    993.000     1.4289   3.050745     1.4291   3.050948    4.83510    -0.0908    13.8155 0.0000e+00  -62.14983  -63.09983 1154477077 214.003228    34.7274 0.0000e+00
    994.000     1.4285   3.050754     1.4287   3.050958    4.83497    -0.0889    13.8155 0.0000e+00  -62.14983  -63.09983 1154477078 214.003241    34.7275 0.0000e+00
    995.000     1.4283   3.050780     1.4285   3.050986    4.83562    -0.0780    13.8155 0.0000e+00  -62.14983  -63.09983 1154477079 214.003255    34.7274 0.0000e+00
    996.000     1.4281   3.050820     1.4283   3.051013    4.83720    -0.0948    13.8155 0.0000e+00  -62.14983  -63.09983 1154477080 214.003269    34.7276 0.0000e+00
    997.000     1.4282   3.050856     1.4282   3.051054    4.83710    -0.0798    13.8155 0.0000e+00  -62.14983  -63.09983 1154477082 214.003282    34.7274 0.0000e+00
    998.000     1.4278   3.050871     1.4280   3.051082    4.83893    -0.0887    13.8155 0.0000e+00  -62.14983  -63.09983 1154477083 214.003293    34.7275 0.0000e+00
    999.000     1.4272   3.050863     1.4274   3.051066    4.83943    -0.0780    13.8155 0.0000e+00  -62.14983  -63.09983 1154477084 214.003306    34.7274 0.0000e+00
   1000.000     1.4255   3.050755     1.4257   3.050952    4.83920    -0.0902    13.8155 0.0000e+00  -62.14983  -63.09983 1154477085 214.003325    34.7274 0.0000e+00
   1001.000     1.4252   3.050774     1.4254   3.050974    4.84011    -0.0798    13.8155 0.0000e+00  -62.14983  -63.09983 1154477087 214.003345    34.7274 0.0000e+00
   1002.000     1.4245   3.050760     1.4246   3.050956    4.84113    -0.0778    13.8155 0.0000e+00  -62.14983  -63.09983 1154477088 214.003357    34.7275 0.0000e+00
   1003.000     1.4242   3.050760     1.4243   3.050966    4.84126    -0.0821    13.8155 0.0000e+00  -62.14983  -63.09983 1154477089 214.003367    34.7273 0.0000e+00
   1004.000     1.4239   3.050788     1.4240   3.050990    4.84186    -0.0539    13.8155 0.0000e+00  -62.14983  -63.09983 1154477090 214.003378    34.7275 0.0000e+00
   1005.000     1.4236   3.050806     1.4239   3.051012    4.84258    -0.0855    13.8155 0.0000e+00  -62.14983  -63.09983 1154477091 214.003390    34.7274 0.0000e+00
   1006.000     1.4232   3.050808     1.4233   3.051009    4.84322    -0.0889    13.8155 0.0000e+00  -62.14983  -63.09983 1154477092 214.003406    34.7274 0.0000e+00
   1007.000     1.4224   3.050790     1.4227   3.050992    4.84329    -0.0797    13.8155 0.0000e+00  -62.14983  -63.09983 1154477093 214.003420    34.7274 0.0000e+00
   1008.000     1.4222   3.050813     1.4225   3.051024    4.84301    -0.1257    13.8155 0.0000e+00  -62.14983  -63.09983 1154477094 214.003431    34.7274 0.0000e+00
   1009.000     1.4223   3.050860     1.4224   3.051065    4.84286    -0.1023    13.8155 0.0000e+00  -62.14983  -63.09983 1154477095 214.003442    34.7273 0.0000e+00
   1010.000     1.4227   3.050938     1.4228   3.051139    4.84196    -0.0932    13.8155 0.0000e+00  -62.14983  -63.09983 1154477099 214.003489    34.7273 0.0000e+00
   1011.000     1.4237   3.051086     1.4237   3.051262    4.83787    -0.0761    13.8155 0.0000e+00  -62.14983  -63.09983 1154477109 214.003599    34.7273 0.0000e+00
