product_data/regression_test/downloaded_data/MGDS/320620060703/ctd/p6622803.ros
* Sea-Bird SBE 9 Data File:
* FileName = D:\Data\Raw\p6622803.dat
* Software Version Seasave Win32 V 5.32
* Temperature SN = 1649
* Conductivity SN = 1431
* Number of Bytes Per Scan = 37
* Number of Voltage Words = 5
* Number of Scans Averaged by the Deck Unit = 1
* NMEA Latitude = 63 03.41 S
* NMEA Longitude = 057 19.21 W
* NMEA UTC (Time) = 05:51:10
** Ship:   Nathaniel B. Palmer 
** Cruise:    NBP0606 
# nquan = 17
# nvalues = 1176                    
# units = specified
# name 0 = prDM: Pressure, Digiquartz [db]
# name 1 = t090C: Temperature [ITS-90, deg C]
# name 2 = c0S/m: Conductivity [S/m]
# name 3 = t190C: Temperature, 2 [ITS-90, deg C]
# name 4 = c1S/m: Conductivity, 2 [S/m]
# name 5 = sbeox0ML/L: Oxygen, SBE 43 [ml/l]
# name 6 = flECO-AFL: Fluorescence, Wetlab ECO-AFL/FL [mg/m^3]
# name 7 = bat: Beam Attenuation, Chelsea/Seatech/Wetlab CStar [1/m]
# name 8 = spar: SPAR/Surface Irradiance
# name 9 = latitude: Latitude [deg]
# name 10 = longitude: Longitude [deg]
# name 11 = timeY: Time, System [seconds]
# name 12 = timeJ: Julian Days
# name 13 = sal00: Salinity [PSU]
# name 14 = scan: scan number
# name 15 = nbf: number of bottles fired
# name 16 = flag:  0.000e+00
# interval = seconds: 0.0416667                   
# start_time = Aug 04 2006 05:52:01
*END*
[from data line 426]
    150.245    -1.8867   2.713280    -1.8868   2.713479    7.60837    -0.1225    13.8155 0.0000e+00  -63.05683  -57.32017 1154671778 216.256709    34.4866      25408          9  0.000e+00
    150.312    -1.8870   2.713303    -1.8875   2.713502    7.60359    -0.1225    13.8155 0.0000e+00  -63.05683  -57.32017 1154671778 216.256709    34.4873      25409          9  0.000e+00
    150.322    -1.8871   2.713316    -1.8872   2.713496    7.60361    -0.0564    13.8155 0.0000e+00  -63.05683  -57.32017 1154671778 216.256710    34.4876      25410          9  0.000e+00
    150.245    -1.8870   2.713280    -1.8872   2.713450    7.60841    -0.0123    13.8155 0.0000e+00  -63.05683  -57.32017 1154671778 216.256710    34.4870      25411          9  0.000e+00
    150.312    -1.8871   2.713303    -1.8869   2.713456    7.60849    -0.0454    13.8155 0.0000e+00  -63.05683  -57.32017 1154671778 216.256711    34.4874      25412          9  0.000e+00
    150.245    -1.8873   2.713297    -1.8869   2.713462    7.60357    -0.1114    13.8155 0.0000e+00  -63.05683  -57.32017 1154671778 216.256711    34.4876      25413          9  0.000e+00
    150.255    -1.8863   2.713294    -1.8872   2.713467    7.60344    -0.1775    13.8155 0.0000e+00  -63.05683  -57.32017 1154671778 216.256712    34.4864      25414          9  0.000e+00
    150.389    -1.8869   2.713294    -1.8867   2.713444    7.60855    -0.1665    13.8155 0.0000e+00  -63.05683  -57.32017 1154671778 216.256712    34.4870      25415          9  0.000e+00
    150.245    -1.8870   2.713294    -1.8872   2.713439    7.60352    -0.1335    13.8155 0.0000e+00  -63.05683  -57.32017 1154671778 216.256712    34.4872      25416          9  0.000e+00
    150.312    -1.8863   2.713310    -1.8870   2.713456    7.60837    -0.1445    13.8155 0.0000e+00  -63.05683  -57.32017 1154671778 216.256713    34.4866      25417          9  0.000e+00
    150.245    -1.8867   2.713316    -1.8872   2.713467    7.60834    -0.1225    13.8155 0.0000e+00  -63.05683  -57.32017 1154671778 216.256713    34.4871      25418          9  0.000e+00
    150.322    -1.8870   2.713297    -1.8869   2.713444    7.60848    -0.0674    13.8155 0.0000e+00  -63.05683  -57.32017 1154671778 216.256714    34.4872      25419          9  0.000e+00
    150.245    -1.8867   2.713310    -1.8872   2.713456    7.60835    -0.1114    13.8155 0.0000e+00  -63.05683  -57.32017 1154671778 216.256714    34.4871      25420          9  0.000e+00
    150.312    -1.8871   2.713281    -1.8870   2.713444    7.60851    -0.0894    13.8155 0.0000e+00  -63.05683  -57.32017 1154671778 216.256715    34.4871      25421          9  0.000e+00
    150.312    -1.8863   2.713303    -1.8871   2.713456    7.60837    -0.0894    13.8155 0.0000e+00  -63.05683  -57.32017 1154671778 216.256715    34.4865      25422          9  0.000e+00
    150.454    -1.8859   2.713346    -1.8863   2.713525    7.60354    -0.0454    13.8155 0.0000e+00  -63.05683  -57.32017 1154671789 216.256836    34.4865      25672         10  0.000e+00
    150.454    -1.8856   2.713320    -1.8861   2.713536    7.60839    -0.0123    13.8155 0.0000e+00  -63.05683  -57.32017 1154671789 216.256836    34.4858      25673         10  0.000e+00
    150.454    -1.8857   2.713329    -1.8857   2.713536    7.60353    -0.0123    13.8155 0.0000e+00  -63.05683  -57.32017 1154671789 216.256837    34.4861      25674         10  0.000e+00
    150.463    -1.8860   2.713352    -1.8858   2.713536    7.60357    -0.0784    13.8155 0.0000e+00  -63.05683  -57.32017 1154671789 216.256837    34.4868      25675         10  0.000e+00
    150.454    -1.8860   2.713339    -1.8861   2.713525    7.60356    -0.0343    13.8155 0.0000e+00  -63.05683  -57.32017 1154671789 216.256838    34.4865      25676         10  0.000e+00
    150.454    -1.8859   2.713352    -1.8864   2.713519    7.60841    -0.0343    13.8155 0.0000e+00  -63.05683  -57.32017 1154671789 216.256838    34.4866      25677         10  0.000e+00
    150.454    -1.8859   2.713359    -1.8860   2.713536    7.60841    -0.0894    13.8155 0.0000e+00  -63.05683  -57.32017 1154671789 216.256839    34.4867      25678         10  0.000e+00
    150.454    -1.8862   2.713359    -1.8863   2.713525    7.60846    -0.1004    13.8155 0.0000e+00  -63.05683  -57.32017 1154671789 216.256839    34.4871      25679         10  0.000e+00
    150.463    -1.8862   2.713359    -1.8858   2.713519    7.60847    -0.0454    13.8155 0.0000e+00  -63.05683  -57.32017 1154671789 216.256840    34.4871      25680         10  0.000e+00
    150.454    -1.8857   2.713339    -1.8863   2.713519    7.60840    -0.0013    13.8155 0.0000e+00  -63.05683  -57.32017 1154671789 216.256840    34.4862      25681         10  0.000e+00
    150.454    -1.8862   2.713336    -1.8866   2.713519    7.60359    -0.0784    13.8155 0.0000e+00  -63.05683  -57.32017 1154671789 216.256841    34.4867      25682         10  0.000e+00
    150.454    -1.8860   2.713303    -1.8860   2.713496    7.60360    -0.1555    13.8155 0.0000e+00  -63.05683  -57.32017 1154671789 216.256841    34.4861      25683         10  0.000e+00
    150.454    -1.8856   2.713323    -1.8864   2.713508    7.60839    -0.1225    13.8155 0.0000e+00  -63.05683  -57.32017 1154671789 216.256842    34.4858      25684         10  0.000e+00
    150.463    -1.8856   2.713336    -1.8861   2.713513    7.60839    -0.1445    13.8155 0.0000e+00  -63.05683  -57.32017 1154671789 216.256842    34.4860      25685         10  0.000e+00
    150.454    -1.8862   2.713336    -1.8858   2.713496    7.60359    -0.1445    13.8155 0.0000e+00  -63.05683  -57.32017 1154671789 216.256843    34.4867      25686         10  0.000e+00
    150.454    -1.8856   2.713352    -1.8861   2.713525    7.60837    -0.1225    13.8155 0.0000e+00  -63.05683  -57.32017 1154671789 216.256843    34.4863      25687         10  0.000e+00
    150.454    -1.8854   2.713359    -1.8863   2.713542    7.60834    -0.1555    13.8155 0.0000e+00  -63.05683  -57.32017 1154671789 216.256844    34.4862      25688         10  0.000e+00
    150.530    -1.8860   2.713339    -1.8864   2.713542    7.60853    -0.1665    13.8155 0.0000e+00  -63.05683  -57.32017 1154671789 216.256844    34.4866      25689         10  0.000e+00
    150.454    -1.8860   2.713320    -1.8863   2.713525    7.60846    -0.0674    13.8155 0.0000e+00  -63.05683  -57.32017 1154671789 216.256845    34.4863      25690         10  0.000e+00
    150.454    -1.8859   2.713346    -1.8863   2.713519    7.60354    -0.0343    13.8155 0.0000e+00  -63.05683  -57.32017 1154671790 216.256845    34.4865      25691         10  0.000e+00
    150.454    -1.8856   2.713359    -1.8860   2.713519    7.60836    -0.0564    13.8155 0.0000e+00  -63.05683  -57.32017 1154671790 216.256846    34.4863      25692         10  0.000e+00
    150.454    -1.8865   2.713359    -1.8863   2.713519    7.60850    -0.1114    13.8155 0.0000e+00  -63.05683  -57.32017 1154671790 216.256846    34.4874      25693         10  0.000e+00
    150.463    -1.8856   2.713339    -1.8861   2.713531    7.60839    -0.1445    13.8155 0.0000e+00  -63.05683  -57.32017 1154671790 216.256847    34.4861      25694         10  0.000e+00
    150.454    -1.8860   2.713352    -1.8857   2.713536    7.60844    -0.1004    13.8155 0.0000e+00  -63.05683  -57.32017 1154671790 216.256847    34.4868      25695         10  0.000e+00
    150.454    -1.8858   2.713359    -1.8860   2.713485    7.60352    -0.1445    13.8155 0.0000e+00  -63.05683  -57.32017 1154671790 216.256848    34.4867      25696         10  0.000e+00
    150.454    -1.8860   2.713359    -1.8860   2.713502    7.60844    -0.1555    13.8155 0.0000e+00  -63.05683  -57.32017 1154671790 216.256848    34.4869      25697         10  0.000e+00
    150.520    -1.8862   2.713310    -1.8864   2.713496    7.60857    -0.1225    13.8155 0.0000e+00  -63.05683  -57.32017 1154671790 216.256848    34.4863      25698         10  0.000e+00
    150.463    -1.8857   2.713375    -1.8861   2.713525    7.60838    -0.1445    13.8155 0.0000e+00  -63.05683  -57.32017 1154671790 216.256849    34.4867      25699         10  0.000e+00
    150.453    -1.8859   2.713365    -1.8863   2.713502    7.60840    -0.1225    13.8155 0.0000e+00  -63.05683  -57.32017 1154671790 216.256849    34.4868      25700         10  0.000e+00
    150.453    -1.8857   2.713339    -1.8864   2.713508    7.60840    -0.1886    13.8155 0.0000e+00  -63.05683  -57.32017 1154671790 216.256850    34.4862      25701         10  0.000e+00
    150.453    -1.8862   2.713336    -1.8863   2.713519    7.60847    -0.1114    13.8155 0.0000e+00  -63.05683  -57.32017 1154671790 216.256850    34.4867      25702         10  0.000e+00
    150.463    -1.8857   2.713336    -1.8861   2.713491    7.60841    -0.0894    13.8155 0.0000e+00  -63.05683  -57.32017 1154671790 216.256851    34.4862      25703         10  0.000e+00
    150.520    -1.8860   2.713336    -1.8857   2.713485    7.60852    -0.0564    13.8155 0.0000e+00  -63.05683  -57.32017 1154671790 216.256851    34.4865      25704         10  0.000e+00
    150.453    -1.8859   2.713385    -1.8858   2.713508    7.60839    -0.0454    13.8155 0.0000e+00  -63.05683  -57.32017 1154671790 216.256852    34.4871      25705         10  0.000e+00
    150.453    -1.8857   2.713352    -1.8857   2.713536    7.60839    -0.0674    13.8155 0.0000e+00  -63.05683  -57.32017 1154671790 216.256852    34.4864      25706         10  0.000e+00
    150.453    -1.8859   2.713352    -1.8863   2.713502    7.60841    -0.0784    13.8155 0.0000e+00  -63.05683  -57.32017 1154671790 216.256853    34.4866      25707         10  0.000e+00
    150.463    -1.8860   2.713359    -1.8861   2.713491    7.60845    -0.0784    13.8155 0.0000e+00  -63.05683  -57.32017 1154671790 216.256853    34.4869      25708         10  0.000e+00
    150.520    -1.8860   2.713339    -1.8863   2.713491    7.60852    -0.0233    13.8155 0.0000e+00  -63.05683  -57.32017 1154671790 216.256854    34.4866      25709         10  0.000e+00
    150.453    -1.8859   2.713336    -1.8860   2.713508    7.60842    -0.0454    13.8155 0.0000e+00  -63.05683  -57.32017 1154671790 216.256854    34.4864      25710         10  0.000e+00
    150.453    -1.8857   2.713352    -1.8860   2.713519    7.60839    -0.0564    13.8155 0.0000e+00  -63.05683  -57.32017 1154671790 216.256855    34.4864      25711         10  0.000e+00
    150.453    -1.8860   2.713359    -1.8860   2.713479    7.60844    -0.1445    13.8155 0.0000e+00  -63.05683  -57.32017 1154671790 216.256855    34.4869      25712         10  0.000e+00
    150.463    -1.8860   2.713359    -1.8858   2.713519    7.60845    -0.1114    13.8155 0.0000e+00  -63.05683  -57.32017 1154671790 216.256856    34.4869      25713         10  0.000e+00
    150.453    -1.8856   2.713391    -1.8861   2.713536    7.60834    -0.1114    13.8155 0.0000e+00  -63.05683  -57.32017 1154671790 216.256856    34.4868      25714         10  0.000e+00
    150.520    -1.8856   2.713352    -1.8863   2.713525    7.60844    -0.1335    13.8155 0.0000e+00  -63.05683  -57.32017 1154671790 216.256857    34.4862      25715         10  0.000e+00
    150.453    -1.8858   2.713369    -1.8861   2.713536    7.61328    -0.0784    13.8155 0.0000e+00  -63.05683  -57.32017 1154671791 216.256857    34.4868      25716         10  0.000e+00
    150.463    -1.8857   2.713333    -1.8861   2.713525    7.60841    -0.0784    13.8155 0.0000e+00  -63.05683  -57.32017 1154671791 216.256858    34.4861      25717         10  0.000e+00
    150.520    -1.8857   2.713346    -1.8863   2.713537    7.60847    -0.0343    13.8155 0.0000e+00  -63.05683  -57.32017 1154671791 216.256858    34.4863      25718         10  0.000e+00
    150.453    -1.8856   2.713375    -1.8858   2.713502    7.60835    -0.0564    13.8155 0.0000e+00  -63.05683  -57.32017 1154671791 216.256859    34.4866      25719         10  0.000e+00
    150.453    -1.8859   2.713346    -1.8864   2.713508    7.60842    -0.0784    13.8155 0.0000e+00  -63.05683  -57.32017 1154671791 216.256859    34.4865      25720         10  0.000e+00
    100.368    -1.8867   2.710935    -1.8875   2.711098    7.60098    -0.0674    13.8155 0.0000e+00  -63.05683  -57.32017 1154671879 216.257886    34.4859      27850         11  0.000e+00
    100.158    -1.8870   2.710906    -1.8874   2.711103    7.60082    -0.0894    13.8155 0.0000e+00  -63.05683  -57.32017 1154671880 216.257887    34.4860      27851         11  0.000e+00
    100.225    -1.8876   2.710932    -1.8873   2.711109    7.60097    -0.0454    13.8155 0.0000e+00  -63.05683  -57.32017 1154671880 216.257887    34.4871      27852         11  0.000e+00
    100.158    -1.8871   2.710958    -1.8881   2.711126    7.60081    -0.0784    13.8155 0.0000e+00  -63.05683  -57.32017 1154671880 216.257888    34.4869      27853         11  0.000e+00
    100.158    -1.8870   2.710964    -1.8872   2.711115    7.60078    -0.0564    13.8155 0.0000e+00  -63.05683  -57.32017 1154671880 216.257888    34.4868      27854         11  0.000e+00
    100.225    -1.8871   2.710932    -1.8880   2.711126    7.60089    -0.0123    13.8155 0.0000e+00  -63.05683  -57.32017 1154671880 216.257889    34.4865      27855         11  0.000e+00
    100.158    -1.8873   2.710951    -1.8878   2.711098    7.60084    -0.0894    13.8155 0.0000e+00  -63.05683  -57.32017 1154671880 216.257889    34.4870      27856         11  0.000e+00
    100.158    -1.8874   2.710938    -1.8881   2.711086    7.60087    -0.1004    13.8155 0.0000e+00  -63.05683  -57.32017 1154671880 216.257890    34.4870      27857         11  0.000e+00
    100.158    -1.8871   2.710954    -1.8875   2.711103    7.60081    -0.1445    13.8155 0.0000e+00  -63.05683  -57.32017 1154671880 216.257890    34.4869      27858         11  0.000e+00
    100.225    -1.8870   2.710932    -1.8875   2.711109    7.60088    -0.1114    13.8155 0.0000e+00  -63.05683  -57.32017 1154671880 216.257891    34.4863      27859         11  0.000e+00
    100.225    -1.8871   2.710902    -1.8877   2.711092    7.60092    -0.0564    13.8155 0.0000e+00  -63.05683  -57.32017 1154671880 216.257891    34.4861      27860         11  0.000e+00
    100.158    -1.8870   2.710948    -1.8875   2.711086    7.60079    -0.0894    13.8155 0.0000e+00  -63.05683  -57.32017 1154671880 216.257892    34.4866      27861         11  0.000e+00
    100.158    -1.8870   2.710932    -1.8875   2.711086    7.60080    -0.0894    13.8155 0.0000e+00  -63.05683  -57.32017 1154671880 216.257892    34.4864      27862         11  0.000e+00
    100.273    -1.8873   2.710971    -1.8875   2.711103    7.60095    -0.1225    13.8155 0.0000e+00  -63.05683  -57.32017 1154671880 216.257893    34.4872      27863         11  0.000e+00
    100.158    -1.8874   2.710938    -1.8878   2.711092    7.60087    -0.1225    13.8155 0.0000e+00  -63.05683  -57.32017 1154671880 216.257893    34.4870      27864         11  0.000e+00
    100.225    -1.8868   2.710928    -1.8875   2.711103    7.60085    -0.1555    13.8155 0.0000e+00  -63.05683  -57.32017 1154671880 216.257894    34.4861      27865         11  0.000e+00
    100.158    -1.8875   2.710941    -1.8875   2.711109    7.60089    -0.1775    13.8155 0.0000e+00  -63.05683  -57.32017 1154671880 216.257894    34.4872      27866         11  0.000e+00
    100.225    -1.8870   2.710925    -1.8878   2.711109    7.60088    -0.1114    13.8155 0.0000e+00  -63.05683  -57.32017 1154671880 216.257894    34.4862      27867         11  0.000e+00
    100.158    -1.8870   2.710938    -1.8875   2.711109    7.60080    -0.1004    13.8155 0.0000e+00  -63.05683  -57.32017 1154671880 216.257895    34.4865      27868         11  0.000e+00
    100.225    -1.8873   2.710945    -1.8875   2.711092    7.60092    -0.1335    13.8155 0.0000e+00  -63.05683  -57.32017 1154671880 216.257895    34.4869      27869         11  0.000e+00
