product_data/regression_test/downloaded_data/MGDS/320620060703/ctd/p6620101.ros
* Sea-Bird SBE 9 Data File:
* FileName = D:\Data\Raw\p6620101.dat
* Software Version Seasave Win32 V 5.32
* Temperature SN = 1649
* Conductivity SN = 1431
* Number of Bytes Per Scan = 37
* Number of Voltage Words = 5
* Number of Scans Averaged by the Deck Unit = 1
* NMEA Latitude = 64 25.00 S
* NMEA Longitude = 062 03.85 W
* NMEA UTC (Time) = 01:19:49
** Ship:   Nathaniel B. Palmer 
** Cruise:    NBP0606 
# nquan = 17
# nvalues = 1176                    
# units = specified
# name 0 = prDM: Pressure, Digiquartz [db]
# name 1 = t090C: Temperature [ITS-90, deg C]
# name 2 = c0S/m: Conductivity [S/m]
# name 3 = t190C: Temperature, 2 [ITS-90, deg C]
# name 4 = c1S/m: Conductivity, 2 [S/m]
# name 5 = sbeox0ML/L: Oxygen, SBE 43 [ml/l]
# name 6 = flECO-AFL: Fluorescence, Wetlab ECO-AFL/FL [mg/m^3]
# name 7 = bat: Beam Attenuation, Chelsea/Seatech/Wetlab CStar [1/m]
# name 8 = spar: SPAR/Surface Irradiance
# name 9 = latitude: Latitude [deg]
# name 10 = longitude: Longitude [deg]
# name 11 = timeY: Time, System [seconds]
# name 12 = timeJ: Julian Days
# name 13 = sal00: Salinity [PSU]
# name 14 = scan: scan number
# name 15 = nbf: number of bottles fired
# name 16 = flag:  0.000e+00
# interval = seconds: 0.0416667                   
# start_time = Jul 28 2006 01:19:57
*END*
[from data line 86]
    801.387     0.1413   2.917487     0.1414   2.917817    5.89272    -0.0784    13.8155 0.0000e+00  -64.41667  -62.06417 1154051256 209.074737    34.5443      39848          2  0.000e+00
    801.387     0.1416   2.917534     0.1413   2.917846    5.89266    -0.0564    13.8155 0.0000e+00  -64.41667  -62.06417 1154051256 209.074738    34.5445      39849          2  0.000e+00
    801.464     0.1415   2.917568     0.1413   2.917841    5.89272    -0.0343    13.8155 0.0000e+00  -64.41667  -62.06417 1154051256 209.074738    34.5451      39850          2  0.000e+00
    801.435     0.1413   2.917504     0.1415   2.917811    5.89275    -0.0454    13.8155 0.0000e+00  -64.41667  -62.06417 1154051256 209.074739    34.5444      39851          2  0.000e+00
    801.387     0.1413   2.917501     0.1413   2.917840    5.89272     0.0207    13.8155 0.0000e+00  -64.41667  -62.06417 1154051256 209.074739    34.5445      39852          2  0.000e+00
    801.464     0.1415   2.917558     0.1418   2.917835    5.89273    -0.0564    13.8155 0.0000e+00  -64.41667  -62.06417 1154051256 209.074740    34.5449      39853          2  0.000e+00
    801.464     0.1415   2.917554     0.1419   2.917835    5.89273    -0.0784    13.8155 0.0000e+00  -64.41667  -62.06417 1154051256 209.074740    34.5449      39854          2  0.000e+00
    801.435     0.1415   2.917531     0.1410   2.917852    5.89272    -0.0564    13.8155 0.0000e+00  -64.41667  -62.06417 1154051256 209.074741    34.5446      39855          2  0.000e+00
    801.464     0.1413   2.917511     0.1416   2.917799    5.89277    -0.0013    13.8155 0.0000e+00  -64.41667  -62.06417 1154051256 209.074741    34.5445      39856          2  0.000e+00
    801.532     0.1415   2.917487     0.1415   2.917835    5.89282    -0.0564    13.8155 0.0000e+00  -64.41667  -62.06417 1154051256 209.074742    34.5440      39857          2  0.000e+00
    801.464     0.1416   2.917534     0.1413   2.917817    5.89272    -0.0784    13.8155 0.0000e+00  -64.41667  -62.06417 1154051256 209.074742    34.5445      39858          2  0.000e+00
    801.512     0.1421   2.917517     0.1413   2.917846    5.89271    -0.0674    13.8155 0.0000e+00  -64.41667  -62.06417 1154051256 209.074742    34.5437      39859          2  0.000e+00
    700.586     0.1363   2.912240     0.1359   2.912512    5.88403    -0.1004    13.8155 0.0000e+00  -64.41667  -62.06417 1154051411 209.076538    34.5392      43583          3  0.000e+00
    700.519     0.1360   2.912213     0.1358   2.912500    5.88402    -0.0784    13.8155 0.0000e+00  -64.41667  -62.06417 1154051411 209.076539    34.5391      43584          3  0.000e+00
    700.663     0.1361   2.912182     0.1359   2.912470    5.88414    -0.0784    13.8155 0.0000e+00  -64.41667  -62.06417 1154051411 209.076539    34.5385      43585          3  0.000e+00
    700.663     0.1362   2.912156     0.1357   2.912482    5.88415    -0.0894    13.8155 0.0000e+00  -64.41667  -62.06417 1154051412 209.076540    34.5381      43586          3  0.000e+00
    700.586     0.1357   2.912186     0.1356   2.912512    5.88913    -0.0564    13.8155 0.0000e+00  -64.41667  -62.06417 1154051412 209.076540    34.5391      43587          3  0.000e+00
    700.615     0.1362   2.912223     0.1363   2.912476    5.88407    -0.0894    13.8155 0.0000e+00  -64.41667  -62.06417 1154051412 209.076541    34.5390      43588          3  0.000e+00
    700.586     0.1358   2.912189     0.1359   2.912482    5.88911    -0.0564    13.8155 0.0000e+00  -64.41667  -62.06417 1154051412 209.076541    34.5390      43589          3  0.000e+00
    700.663     0.1360   2.912156     0.1359   2.912494    5.88417    -0.0674    13.8155 0.0000e+00  -64.41667  -62.06417 1154051412 209.076542    34.5383      43590          3  0.000e+00
    700.663     0.1355   2.912186     0.1358   2.912470    5.88422    -0.0784    13.8155 0.0000e+00  -64.41667  -62.06417 1154051412 209.076542    34.5393      43591          3  0.000e+00
    700.586     0.1354   2.912189     0.1356   2.912482    5.88416    -0.0674    13.8155 0.0000e+00  -64.41667  -62.06417 1154051412 209.076543    34.5395      43592          3  0.000e+00
    700.663     0.1355   2.912176     0.1361   2.912470    5.88422    -0.0013    13.8155 0.0000e+00  -64.41667  -62.06417 1154051412 209.076543    34.5392      43593          3  0.000e+00
    700.663     0.1359   2.912176     0.1360   2.912500    5.88418    -0.0343    13.8155 0.0000e+00  -64.41667  -62.06417 1154051412 209.076544    34.5387      43594          3  0.000e+00
    700.731     0.1360   2.912193     0.1358   2.912517    5.88420    -0.0784    13.8155 0.0000e+00  -64.41667  -62.06417 1154051412 209.076544    34.5387      43595          3  0.000e+00
    700.663     0.1355   2.912206     0.1359   2.912500    5.88421    -0.0784    13.8155 0.0000e+00  -64.41667  -62.06417 1154051412 209.076545    34.5396      43596          3  0.000e+00
    700.663     0.1360   2.912166     0.1356   2.912512    5.88416    -0.0564    13.8155 0.0000e+00  -64.41667  -62.06417 1154051412 209.076545    34.5384      43597          3  0.000e+00
    700.731     0.1358   2.912169     0.1360   2.912500    5.88424    -0.1335    13.8155 0.0000e+00  -64.41667  -62.06417 1154051412 209.076546    34.5387      43598          3  0.000e+00
    700.731     0.1359   2.912156     0.1359   2.912494    5.88424    -0.1665    13.8155 0.0000e+00  -64.41667  -62.06417 1154051412 209.076546    34.5384      43599          3  0.000e+00
    700.731     0.1358   2.912142     0.1362   2.912488    5.88426    -0.0894    13.8155 0.0000e+00  -64.41667  -62.06417 1154051412 209.076547    34.5383      43600          3  0.000e+00
    700.731     0.1356   2.912183     0.1356   2.912470    5.88427    -0.0454    13.8155 0.0000e+00  -64.41667  -62.06417 1154051412 209.076547    34.5391      43601          3  0.000e+00
    700.731     0.1358   2.912179     0.1356   2.912506    5.88424    -0.0564    13.8155 0.0000e+00  -64.41667  -62.06417 1154051412 209.076548    34.5388      43602          3  0.000e+00
    700.731     0.1357   2.912193     0.1362   2.912476    5.88424    -0.0454    13.8155 0.0000e+00  -64.41667  -62.06417 1154051412 209.076548    34.5391      43603          3  0.000e+00
    700.760     0.1355   2.912206     0.1361   2.912482    5.88928    -0.0454    13.8155 0.0000e+00  -64.41667  -62.06417 1154051412 209.076549    34.5395      43604          3  0.000e+00
    700.808     0.1359   2.912183     0.1362   2.912494    5.88429    -0.1445    13.8155 0.0000e+00  -64.41667  -62.06417 1154051412 209.076549    34.5388      43605          3  0.000e+00
    700.808     0.1358   2.912176     0.1359   2.912488    5.88430    -0.0784    13.8155 0.0000e+00  -64.41667  -62.06417 1154051412 209.076549    34.5387      43606          3  0.000e+00
    700.808     0.1357   2.912176     0.1359   2.912512    5.88431    -0.0454    13.8155 0.0000e+00  -64.41667  -62.06417 1154051412 209.076550    34.5388      43607          3  0.000e+00
    700.808     0.1355   2.912183     0.1362   2.912500    5.88434    -0.0894    13.8155 0.0000e+00  -64.41667  -62.06417 1154051412 209.076550    34.5392      43608          3  0.000e+00
    700.808     0.1360   2.912196     0.1363   2.912512    5.88426    -0.1225    13.8155 0.0000e+00  -64.41667  -62.06417 1154051412 209.076551    34.5387      43609          3  0.000e+00
    700.875     0.1364   2.912179     0.1362   2.912500    5.88428    -0.1335    13.8155 0.0000e+00  -64.41667  -62.06417 1154051413 209.076551    34.5380      43610          3  0.000e+00
    700.808     0.1362   2.912176     0.1362   2.912512    5.88426    -0.1555    13.8155 0.0000e+00  -64.41667  -62.06417 1154051413 209.076552    34.5383      43611          3  0.000e+00
    700.875     0.1361   2.912199     0.1358   2.912494    5.88431    -0.1114    13.8155 0.0000e+00  -64.41667  -62.06417 1154051413 209.076552    34.5386      43612          3  0.000e+00
    700.875     0.1362   2.912183     0.1362   2.912512    5.88431    -0.0013    13.8155 0.0000e+00  -64.41667  -62.06417 1154051413 209.076553    34.5384      43613          3  0.000e+00
    700.875     0.1359   2.912209     0.1359   2.912500    5.88433    -0.0013    13.8155 0.0000e+00  -64.41667  -62.06417 1154051413 209.076553    34.5391      43614          3  0.000e+00
    700.875     0.1361   2.912203     0.1362   2.912470    5.88430    -0.0894    13.8155 0.0000e+00  -64.41667  -62.06417 1154051413 209.076554    34.5387      43615          3  0.000e+00
    700.875     0.1362   2.912206     0.1362   2.912464    5.88430    -0.1225    13.8155 0.0000e+00  -64.41667  -62.06417 1154051413 209.076554    34.5387      43616          3  0.000e+00
    700.943     0.1364   2.912149     0.1359   2.912482    5.88435    -0.0564    13.8155 0.0000e+00  -64.41667  -62.06417 1154051413 209.076555    34.5376      43617          3  0.000e+00
    700.875     0.1357   2.912162     0.1362   2.912470    5.88937    -0.0564    13.8155 0.0000e+00  -64.41667  -62.06417 1154051413 209.076555    34.5386      43618          3  0.000e+00
    700.875     0.1358   2.912139     0.1359   2.912464    5.88438    -0.0894    13.8155 0.0000e+00  -64.41667  -62.06417 1154051413 209.076556    34.5382      43619          3  0.000e+00
    700.972     0.1356   2.912135     0.1362   2.912447    5.88449    -0.1335    13.8155 0.0000e+00  -64.41667  -62.06417 1154051413 209.076556    34.5384      43620          3  0.000e+00
    701.020     0.1363   2.912166     0.1358   2.912476    5.88442    -0.1335    13.8155 0.0000e+00  -64.41667  -62.06417 1154051413 209.076557    34.5379      43621          3  0.000e+00
    700.943     0.1360   2.912156     0.1363   2.912488    5.88440    -0.0784    13.8155 0.0000e+00  -64.41667  -62.06417 1154051413 209.076557    34.5381      43622          3  0.000e+00
    700.943     0.1358   2.912159     0.1359   2.912470    5.88442    -0.1004    13.8155 0.0000e+00  -64.41667  -62.06417 1154051413 209.076558    34.5384      43623          3  0.000e+00
    700.943     0.1365   2.912152     0.1359   2.912464    5.88434    -0.0894    13.8155 0.0000e+00  -64.41667  -62.06417 1154051413 209.076558    34.5376      43624          3  0.000e+00
    701.020     0.1361   2.912186     0.1359   2.912464    5.88443    -0.0454    13.8155 0.0000e+00  -64.41667  -62.06417 1154051413 209.076559    34.5384      43625          3  0.000e+00
    700.943     0.1359   2.912179     0.1357   2.912482    5.88940    -0.1004    13.8155 0.0000e+00  -64.41667  -62.06417 1154051413 209.076559    34.5386      43626          3  0.000e+00
    701.020     0.1361   2.912166     0.1354   2.912488    5.88944    -0.1335    13.8155 0.0000e+00  -64.41667  -62.06417 1154051413 209.076560    34.5381      43627          3  0.000e+00
    701.020     0.1360   2.912172     0.1363   2.912488    5.88445    -0.1555    13.8155 0.0000e+00  -64.41667  -62.06417 1154051413 209.076560    34.5383      43628          3  0.000e+00
    701.020     0.1361   2.912193     0.1356   2.912494    5.88443    -0.1335    13.8155 0.0000e+00  -64.41667  -62.06417 1154051413 209.076561    34.5385      43629          3  0.000e+00
    701.087     0.1360   2.912199     0.1359   2.912470    5.88449    -0.0454    13.8155 0.0000e+00  -64.41667  -62.06417 1154051413 209.076561    34.5386      43630          3  0.000e+00
    701.020     0.1357   2.912169     0.1359   2.912464    5.88450     0.0097    13.8155 0.0000e+00  -64.41667  -62.06417 1154051413 209.076562    34.5387      43631          3  0.000e+00
    600.247     0.1508   2.908096     0.1511   2.908419    5.98033    -0.1114    13.8155 0.0000e+00  -64.41667  -62.06417 1154051560 209.078260    34.5269      47153          4  0.000e+00
    600.420     0.1504   2.908083     0.1511   2.908436    6.02487    -0.0454    13.8155 0.0000e+00  -64.41667  -62.06417 1154051560 209.078261    34.5271      47154          4  0.000e+00
    600.179     0.1508   2.908103     0.1511   2.908407    5.99504    -0.0454    13.8155 0.0000e+00  -64.41667  -62.06417 1154051560 209.078261    34.5270      47155          4  0.000e+00
    600.391     0.1510   2.908123     0.1511   2.908448    5.94593    -0.1004    13.8155 0.0000e+00  -64.41667  -62.06417 1154051560 209.078261    34.5269      47156          4  0.000e+00
    600.276     0.1508   2.908113     0.1511   2.908454    5.90152    -0.1114    13.8155 0.0000e+00  -64.41667  -62.06417 1154051560 209.078262    34.5271      47157          4  0.000e+00
    600.324     0.1511   2.908090     0.1510   2.908425    5.87690    -0.0784    13.8155 0.0000e+00  -64.41667  -62.06417 1154051560 209.078262    34.5264      47158          4  0.000e+00
    600.391     0.1510   2.908103     0.1511   2.908442    5.86711    -0.1004    13.8155 0.0000e+00  -64.41667  -62.06417 1154051560 209.078263    34.5267      47159          4  0.000e+00
    600.131     0.1508   2.908127     0.1513   2.908425    5.86691    -0.1225    13.8155 0.0000e+00  -64.41667  -62.06417 1154051560 209.078263    34.5273      47160          4  0.000e+00
    600.391     0.1508   2.908093     0.1511   2.908442    5.86714    -0.0564    13.8155 0.0000e+00  -64.41667  -62.06417 1154051560 209.078264    34.5267      47161          4  0.000e+00
    600.276     0.1506   2.908103     0.1511   2.908448    5.86706    -0.0343    13.8155 0.0000e+00  -64.41667  -62.06417 1154051561 209.078264    34.5271      47162          4  0.000e+00
    600.247     0.1508   2.908090     0.1512   2.908448    5.86210    -0.0894    13.8155 0.0000e+00  -64.41667  -62.06417 1154051561 209.078265    34.5268      47163          4  0.000e+00
    600.324     0.1511   2.908103     0.1511   2.908431    5.86211    -0.0674    13.8155 0.0000e+00  -64.41667  -62.06417 1154051561 209.078265    34.5266      47164          4  0.000e+00
    600.276     0.1506   2.908090     0.1514   2.908442    5.86214     0.0207    13.8155 0.0000e+00  -64.41667  -62.06417 1154051561 209.078266    34.5269      47165          4  0.000e+00
    600.247     0.1508   2.908083     0.1508   2.908466    5.86703    -0.0784    13.8155 0.0000e+00  -64.41667  -62.06417 1154051561 209.078266    34.5267      47166          4  0.000e+00
    600.324     0.1506   2.908083     0.1514   2.908431    5.86218    -0.0564    13.8155 0.0000e+00  -64.41667  -62.06417 1154051561 209.078267    34.5268      47167          4  0.000e+00
    600.276     0.1511   2.908120     0.1509   2.908442    5.86699    -0.0123    13.8155 0.0000e+00  -64.41667  -62.06417 1154051561 209.078267    34.5268      47168          4  0.000e+00
    600.324     0.1513   2.908164     0.1510   2.908448    5.86699    -0.0343    13.8155 0.0000e+00  -64.41667  -62.06417 1154051561 209.078268    34.5272      47169          4  0.000e+00
    600.247     0.1509   2.908127     0.1514   2.908466    5.86699    -0.0784    13.8155 0.0000e+00  -64.41667  -62.06417 1154051561 209.078268    34.5271      47170          4  0.000e+00
    600.343     0.1511   2.908110     0.1517   2.908454    5.86213    -0.0454    13.8155 0.0000e+00  -64.41667  -62.06417 1154051561 209.078269    34.5266      47171          4  0.000e+00
    600.324     0.1507   2.908123     0.1515   2.908466    5.86708    -0.0784    13.8155 0.0000e+00  -64.41667  -62.06417 1154051561 209.078269    34.5273      47172          4  0.000e+00
    600.276     0.1509   2.908130     0.1513   2.908472    5.86208    -0.0454    13.8155 0.0000e+00  -64.41667  -62.06417 1154051561 209.078270    34.5271      47173          4  0.000e+00
    600.324     0.1514   2.908147     0.1512   2.908472    5.86205     0.0207    13.8155 0.0000e+00  -64.41667  -62.06417 1154051561 209.078270    34.5268      47174          4  0.000e+00
    600.324     0.1508   2.908137     0.1516   2.908472    5.86213     0.0097    13.8155 0.0000e+00  -64.41667  -62.06417 1154051561 209.078271    34.5273      47175          4  0.000e+00
