product_data/regression_test/downloaded_data/MGDS/320620060703/ctd/p6622803.ros
* Sea-Bird SBE 9 Data File:
* FileName = D:\Data\Raw\p6622803.dat
* Software Version Seasave Win32 V 5.32
* Temperature SN = 1649
* Conductivity SN = 1431
* Number of Bytes Per Scan = 37
* Number of Voltage Words = 5
* Number of Scans Averaged by the Deck Unit = 1
* NMEA Latitude = 63 03.41 S
* NMEA Longitude = 057 19.21 W
* NMEA UTC (Time) = 05:51:10
** Ship:   Nathaniel B. Palmer 
** Cruise:    NBP0606 
# nquan = 17
# nvalues = 1176                    
# units = specified
# name 0 = prDM: Pressure, Digiquartz [db]
# name 1 = t090C: Temperature [ITS-90, deg C]
# name 2 = c0S/m: Conductivity [S/m]
# name 3 = t190C: Temperature, 2 [ITS-90, deg C]
# name 4 = c1S/m: Conductivity, 2 [S/m]
# name 5 = sbeox0ML/L: Oxygen, SBE 43 [ml/l]
# name 6 = flECO-AFL: Fluorescence, Wetlab ECO-AFL/FL [mg/m^3]
# name 7 = bat: Beam Attenuation, Chelsea/Seatech/Wetlab CStar [1/m]
# name 8 = spar: SPAR/Surface Irradiance
# name 9 = latitude: Latitude [deg]
# name 10 = longitude: Longitude [deg]
# name 11 = timeY: Time, System [seconds]
# name 12 = timeJ: Julian Days
# name 13 = sal00: Salinity [PSU]
# name 14 = scan: scan number
# name 15 = nbf: number of bottles fired
# name 16 = flag:  0.000e+00
# interval = seconds: 0.0416667                   
# start_time = Aug 04 2006 05:52:01
*END*
[from data line 937]
     25.140    -1.8863   2.707400    -1.8875   2.707556    7.58175    -0.0564    13.8155 0.0000e+00  -63.05683  -57.32017 1154672137 216.260864    34.4847      34024         20  0.000e+00
     25.130    -1.8863   2.707377    -1.8875   2.707539    7.58176    -0.1004    13.8155 0.0000e+00  -63.05683  -57.32017 1154672137 216.260864    34.4845      34025         20  0.000e+00
     25.216    -1.8867   2.707368    -1.8869   2.707533    7.58191    -0.0784    13.8155 0.0000e+00  -63.05683  -57.32017 1154672137 216.260865    34.4846      34026         20  0.000e+00
     25.140    -1.8862   2.707368    -1.8872   2.707550    7.58176    -0.1225    13.8155 0.0000e+00  -63.05683  -57.32017 1154672137 216.260865    34.4841      34027         20  0.000e+00
     25.130    -1.8867   2.707348    -1.8870   2.707556    7.57704    -0.1335    13.8155 0.0000e+00  -63.05683  -57.32017 1154672137 216.260866    34.4844      34028         20  0.000e+00
     25.140    -1.8863   2.707361    -1.8872   2.707573    7.57699    -0.1114    13.8155 0.0000e+00  -63.05683  -57.32017 1154672137 216.260866    34.4842      34029         20  0.000e+00
     25.130    -1.8867   2.707368    -1.8872   2.707562    7.57702    -0.0784    13.8155 0.0000e+00  -63.05683  -57.32017 1154672137 216.260867    34.4847      34030         20  0.000e+00
     25.140    -1.8867   2.707384    -1.8871   2.707556    7.58182    -0.1445    13.8155 0.0000e+00  -63.05683  -57.32017 1154672137 216.260867    34.4849      34031         20  0.000e+00
     25.140    -1.8868   2.707355    -1.8870   2.707556    7.58186    -0.1004    13.8155 0.0000e+00  -63.05683  -57.32017 1154672137 216.260868    34.4847      34032         20  0.000e+00
     25.130    -1.8871   2.707345    -1.8871   2.707556    7.58190    -0.1225    13.8155 0.0000e+00  -63.05683  -57.32017 1154672137 216.260868    34.4849      34033         20  0.000e+00
     25.073    -1.8865   2.707361    -1.8870   2.707539    7.58173    -0.1665    13.8155 0.0000e+00  -63.05683  -57.32017 1154672137 216.260869    34.4844      34034         20  0.000e+00
     25.140    -1.8870   2.707348    -1.8871   2.707567    7.57709    -0.1225    13.8155 0.0000e+00  -63.05683  -57.32017 1154672137 216.260869    34.4848      34035         20  0.000e+00
     25.264    -1.8868   2.707378    -1.8870   2.707562    7.57718    -0.1004    13.8155 0.0000e+00  -63.05683  -57.32017 1154672137 216.260870    34.4849      34036         20  0.000e+00
     25.140    -1.8867   2.707371    -1.8871   2.707539    7.57703    -0.1004    13.8155 0.0000e+00  -63.05683  -57.32017 1154672137 216.260870    34.4847      34037         20  0.000e+00
     25.140    -1.8863   2.707381    -1.8869   2.707550    7.57697    -0.1225    13.8155 0.0000e+00  -63.05683  -57.32017 1154672137 216.260870    34.4845      34038         20  0.000e+00
     25.130    -1.8870   2.707371    -1.8874   2.707556    7.57706    -0.1225    13.8155 0.0000e+00  -63.05683  -57.32017 1154672137 216.260871    34.4851      34039         20  0.000e+00
     25.140    -1.8868   2.707351    -1.8870   2.707539    7.57707     0.0097    13.8155 0.0000e+00  -63.05683  -57.32017 1154672137 216.260871    34.4846      34040         20  0.000e+00
     25.140    -1.8870   2.707361    -1.8869   2.707550    7.58188     0.0538    13.8155 0.0000e+00  -63.05683  -57.32017 1154672137 216.260872    34.4849      34041         20  0.000e+00
     25.197    -1.8868   2.707384    -1.8872   2.707556    7.58190    -0.0123    13.8155 0.0000e+00  -63.05683  -57.32017 1154672138 216.260872    34.4851      34042         20  0.000e+00
     25.140    -1.8863   2.707391    -1.8869   2.707539    7.58176    -0.0564    13.8155 0.0000e+00  -63.05683  -57.32017 1154672138 216.260873    34.4846      34043         20  0.000e+00
     25.140    -1.8870   2.707371    -1.8872   2.707550    7.58187    -0.0564    13.8155 0.0000e+00  -63.05683  -57.32017 1154672138 216.260873    34.4851      34044         20  0.000e+00
     25.130    -1.8867   2.707368    -1.8866   2.707556    7.58183    -0.0343    13.8155 0.0000e+00  -63.05683  -57.32017 1154672138 216.260874    34.4848      34045         20  0.000e+00
     25.140    -1.8870   2.707368    -1.8867   2.707539    7.58188    -0.0123    13.8155 0.0000e+00  -63.05683  -57.32017 1154672138 216.260874    34.4850      34046         20  0.000e+00
     25.140    -1.8868   2.707417    -1.8864   2.707550    7.58182     0.0318    13.8155 0.0000e+00  -63.05683  -57.32017 1154672138 216.260875    34.4856      34047         20  0.000e+00
     25.130    -1.8870   2.707384    -1.8872   2.707556    7.58185     0.0538    13.8155 0.0000e+00  -63.05683  -57.32017 1154672138 216.260875    34.4853      34048         20  0.000e+00
     25.140    -1.8870   2.707384    -1.8871   2.707573    7.58186    -0.0343    13.8155 0.0000e+00  -63.05683  -57.32017 1154672138 216.260876    34.4853      34049         20  0.000e+00
     25.197    -1.8868   2.707371    -1.8864   2.707562    7.58191    -0.0894    13.8155 0.0000e+00  -63.05683  -57.32017 1154672138 216.260876    34.4849      34050         20  0.000e+00
     25.140    -1.8868   2.707368    -1.8868   2.707556    7.58185     0.0097    13.8155 0.0000e+00  -63.05683  -57.32017 1154672138 216.260877    34.4849      34051         20  0.000e+00
     25.140    -1.8867   2.707384    -1.8867   2.707539    7.58182     0.0538    13.8155 0.0000e+00  -63.05683  -57.32017 1154672138 216.260877    34.4849      34052         20  0.000e+00
     25.130    -1.8867   2.707371    -1.8869   2.707533    7.57702    -0.0013    13.8155 0.0000e+00  -63.05683  -57.32017 1154672138 216.260878    34.4847      34053         20  0.000e+00
     25.140    -1.8871   2.707368    -1.8869   2.707567    7.58190    -0.1335    13.8155 0.0000e+00  -63.05683  -57.32017 1154672138 216.260878    34.4852      34054         20  0.000e+00
     25.140    -1.8865   2.707368    -1.8863   2.707544    7.58180    -0.1445    13.8155 0.0000e+00  -63.05683  -57.32017 1154672138 216.260879    34.4845      34055         20  0.000e+00
     25.130    -1.8865   2.707368    -1.8864   2.707550    7.58179    -0.1114    13.8155 0.0000e+00  -63.05683  -57.32017 1154672138 216.260879    34.4845      34056         20  0.000e+00
     25.140    -1.8873   2.707368    -1.8866   2.707556    7.58193    -0.0784    13.8155 0.0000e+00  -63.05683  -57.32017 1154672138 216.260880    34.4854      34057         20  0.000e+00
     25.140    -1.8863   2.707400    -1.8864   2.707590    7.57696    -0.0564    13.8155 0.0000e+00  -63.05683  -57.32017 1154672138 216.260880    34.4848      34058         20  0.000e+00
     25.197    -1.8870   2.707378    -1.8866   2.707550    7.57713    -0.0123    13.8155 0.0000e+00  -63.05683  -57.32017 1154672138 216.260881    34.4851      34059         20  0.000e+00
     25.140    -1.8873   2.707384    -1.8861   2.707567    7.58191    -0.0674    13.8155 0.0000e+00  -63.05683  -57.32017 1154672138 216.260881    34.4856      34060         20  0.000e+00
     25.140    -1.8868   2.707387    -1.8866   2.707562    7.58184    -0.0894    13.8155 0.0000e+00  -63.05683  -57.32017 1154672138 216.260882    34.4851      34061         20  0.000e+00
     25.130    -1.8865   2.707371    -1.8864   2.707539    7.58179    -0.0343    13.8155 0.0000e+00  -63.05683  -57.32017 1154672138 216.260882    34.4845      34062         20  0.000e+00
     25.140    -1.8862   2.707384    -1.8866   2.707550    7.58175    -0.0454    13.8155 0.0000e+00  -63.05683  -57.32017 1154672138 216.260883    34.4844      34063         20  0.000e+00
     25.140    -1.8865   2.707355    -1.8863   2.707556    7.58181    -0.0454    13.8155 0.0000e+00  -63.05683  -57.32017 1154672138 216.260883    34.4843      34064         20  0.000e+00
     25.197    -1.8863   2.707378    -1.8861   2.707539    7.58183    -0.0674    13.8155 0.0000e+00  -63.05683  -57.32017 1154672139 216.260883    34.4844      34065         20  0.000e+00
     25.140    -1.8862   2.707371    -1.8863   2.707550    7.58175    -0.1225    13.8155 0.0000e+00  -63.05683  -57.32017 1154672139 216.260884    34.4842      34066         20  0.000e+00
     10.620    -1.8857   2.706758    -1.8864   2.706983    7.57637    -0.0784    13.8155 0.0000e+00  -63.05683  -57.32017 1154672187 216.261442    34.4845      35223         21  0.000e+00
     10.229    -1.8857   2.706800    -1.8857   2.706960    7.57593    -0.0233    13.8155 0.0000e+00  -63.05683  -57.32017 1154672187 216.261442    34.4853      35224         21  0.000e+00
     10.410    -1.8860   2.706803    -1.8858   2.706955    7.57616    -0.0013    13.8155 0.0000e+00  -63.05683  -57.32017 1154672187 216.261443    34.4856      35225         21  0.000e+00
     10.582    -1.8856   2.706800    -1.8860   2.706972    7.58107    -0.0233    13.8155 0.0000e+00  -63.05683  -57.32017 1154672187 216.261443    34.4849      35226         21  0.000e+00
     10.410    -1.8859   2.706793    -1.8860   2.706983    7.58094    -0.0013    13.8155 0.0000e+00  -63.05683  -57.32017 1154672187 216.261444    34.4853      35227         21  0.000e+00
     10.553    -1.8859   2.706813    -1.8852   2.707001    7.58107    -0.0343    13.8155 0.0000e+00  -63.05683  -57.32017 1154672187 216.261444    34.4855      35228         21  0.000e+00
     10.439    -1.8856   2.706787    -1.8848   2.706989    7.57614    -0.0454    13.8155 0.0000e+00  -63.05683  -57.32017 1154672187 216.261445    34.4848      35229         21  0.000e+00
     10.486    -1.8854   2.706787    -1.8854   2.707001    7.58095    -0.0564    13.8155 0.0000e+00  -63.05683  -57.32017 1154672187 216.261445    34.4846      35230         21  0.000e+00
     10.506    -1.8856   2.706813    -1.8850   2.707006    7.57619    -0.0784    13.8155 0.0000e+00  -63.05683  -57.32017 1154672187 216.261446    34.4852      35231         21  0.000e+00
     10.486    -1.8854   2.706820    -1.8857   2.707024    7.57614    -0.0674    13.8155 0.0000e+00  -63.05683  -57.32017 1154672187 216.261446    34.4851      35232         21  0.000e+00
     10.486    -1.8851   2.706833    -1.8854   2.706995    7.57608    -0.1335    13.8155 0.0000e+00  -63.05683  -57.32017 1154672187 216.261447    34.4849      35233         21  0.000e+00
     10.439    -1.8854   2.706839    -1.8852   2.707001    7.58086    -0.1004    13.8155 0.0000e+00  -63.05683  -57.32017 1154672187 216.261447    34.4854      35234         21  0.000e+00
     10.486    -1.8849   2.706859    -1.8855   2.707006    7.58082     0.0097    13.8155 0.0000e+00  -63.05683  -57.32017 1154672187 216.261448    34.4851      35235         21  0.000e+00
     10.505    -1.8851   2.706859    -1.8854   2.707006    7.58087     0.0207    13.8155 0.0000e+00  -63.05683  -57.32017 1154672187 216.261448    34.4853      35236         21  0.000e+00
     10.410    -1.8850   2.706846    -1.8855   2.707041    7.58076    -0.0564    13.8155 0.0000e+00  -63.05683  -57.32017 1154672187 216.261449    34.4850      35237         21  0.000e+00
     10.486    -1.8848   2.706859    -1.8852   2.707041    7.57602    -0.0784    13.8155 0.0000e+00  -63.05683  -57.32017 1154672187 216.261449    34.4849      35238         21  0.000e+00
     10.505    -1.8846   2.706859    -1.8850   2.706995    7.57601    -0.0343    13.8155 0.0000e+00  -63.05683  -57.32017 1154672187 216.261450    34.4847      35239         21  0.000e+00
     10.410    -1.8851   2.706862    -1.8854   2.706983    7.57598    -0.0343    13.8155 0.0000e+00  -63.05683  -57.32017 1154672187 216.261450    34.4854      35240         21  0.000e+00
     10.505    -1.8850   2.706846    -1.8854   2.707001    7.57607    -0.0454    13.8155 0.0000e+00  -63.05683  -57.32017 1154672187 216.261451    34.4849      35241         21  0.000e+00
     10.486    -1.8843   2.706852    -1.8852   2.707041    7.57595    -0.0123    13.8155 0.0000e+00  -63.05683  -57.32017 1154672188 216.261451    34.4843      35242         21  0.000e+00
     10.410    -1.8851   2.706862    -1.8849   2.707058    7.57598    -0.0674    13.8155 0.0000e+00  -63.05683  -57.32017 1154672188 216.261452    34.4854      35243         21  0.000e+00
     10.505    -1.8850   2.706865    -1.8846   2.707058    7.57605     0.0097    13.8155 0.0000e+00  -63.05683  -57.32017 1154672188 216.261452    34.4852      35244         21  0.000e+00
     10.486    -1.8849   2.706875    -1.8841   2.707058    7.57602    -0.0233    13.8155 0.0000e+00  -63.05683  -57.32017 1154672188 216.261453    34.4853      35245         21  0.000e+00
     10.439    -1.8848   2.706917    -1.8842   2.707075    7.57592     0.0097    13.8155 0.0000e+00  -63.05683  -57.32017 1154672188 216.261453    34.4858      35246         21  0.000e+00
     10.486    -1.8845   2.706895    -1.8840   2.707064    7.57594     0.0318    13.8155 0.0000e+00  -63.05683  -57.32017 1154672188 216.261454    34.4851      35247         21  0.000e+00
     10.486    -1.8840   2.706914    -1.8843   2.707058    7.57585    -0.1004    13.8155 0.0000e+00  -63.05683  -57.32017 1154672188 216.261454    34.4848      35248         21  0.000e+00
     10.439    -1.8839   2.706894    -1.8840   2.707041    7.57579    -0.2216    13.8155 0.0000e+00  -63.05683  -57.32017 1154672188 216.261454    34.4844      35249         21  0.000e+00
     10.486    -1.8836   2.706917    -1.8845   2.707070    7.57578    -0.1665    13.8155 0.0000e+00  -63.05683  -57.32017 1154672188 216.261455    34.4843      35250         21  0.000e+00
     10.410    -1.8833   2.706891    -1.8847   2.707047    7.57567    -0.1225    13.8155 0.0000e+00  -63.05683  -57.32017 1154672188 216.261455    34.4836      35251         21  0.000e+00
     10.582    -1.8834   2.706881    -1.8845   2.707035    7.57588    -0.0123    13.8155 0.0000e+00  -63.05683  -57.32017 1154672188 216.261456    34.4836      35252         21  0.000e+00
     10.410    -1.8840   2.706885    -1.8849   2.707052    7.57579    -0.0343    13.8155 0.0000e+00  -63.05683  -57.32017 1154672188 216.261456    34.4844      35253         21  0.000e+00
     10.505    -1.8843   2.706881    -1.8848   2.707075    7.57594    -0.0454    13.8155 0.0000e+00  -63.05683  -57.32017 1154672188 216.261457    34.4847      35254         21  0.000e+00
     10.410    -1.8848   2.706868    -1.8846   2.707064    7.57593    -0.0784    13.8155 0.0000e+00  -63.05683  -57.32017 1154672188 216.261457    34.4851      35255         21  0.000e+00
     10.486    -1.8848   2.706878    -1.8843   2.707041    7.57600    -0.0784    13.8155 0.0000e+00  -63.05683  -57.32017 1154672188 216.261458    34.4852      35256         21  0.000e+00
     10.505    -1.8848   2.706865    -1.8841   2.707070    7.57603    -0.0564    13.8155 0.0000e+00  -63.05683  -57.32017 1154672188 216.261458    34.4850      35257         21  0.000e+00
     10.410    -1.8850   2.706894    -1.8843   2.707104    7.57593    -0.0564    13.8155 0.0000e+00  -63.05683  -57.32017 1154672188 216.261459    34.4857      35258         21  0.000e+00
     10.505    -1.8846   2.706875    -1.8850   2.707070    7.57600    -0.0123    13.8155 0.0000e+00  -63.05683  -57.32017 1154672188 216.261459    34.4849      35259         21  0.000e+00
     10.486    -1.8840   2.706894    -1.8849   2.707058    7.57587     0.0538    13.8155 0.0000e+00  -63.05683  -57.32017 1154672188 216.261460    34.4845      35260         21  0.000e+00
     10.486    -1.8845   2.706904    -1.8847   2.707041    7.57593    -0.0233    13.8155 0.0000e+00  -63.05683  -57.32017 1154672188 216.261460    34.4852      35261         21  0.000e+00
     10.439    -1.8842   2.706888    -1.8848   2.707035    7.57585    -0.1555    13.8155 0.0000e+00  -63.05683  -57.32017 1154672188 216.261461    34.4847      35262         21  0.000e+00
     10.486    -1.8848   2.706865    -1.8847   2.707070    7.57600    -0.0784    13.8155 0.0000e+00  -63.05683  -57.32017 1154672188 216.261461    34.4850      35263         21  0.000e+00
