product_data/regression_test/downloaded_data/MGDS/320620060703/ctd/p6622301.ros
* Sea-Bird SBE 9 Data File:
* FileName = D:\Data\Raw\p6622301.dat
* Software Version Seasave Win32 V 5.32
* Temperature SN = 1649
* Conductivity SN = 1431
* Number of Bytes Per Scan = 37
* Number of Voltage Words = 5
* Number of Scans Averaged by the Deck Unit = 1
* NMEA Latitude = 62 45.31 S
* NMEA Longitude = 057 47.75 W
* NMEA UTC (Time) = 14:19:13
** Ship:   Nathaniel B. Palmer 
** Cruise:    NBP0606 
# nquan = 17
# nvalues = 1176                    
# units = specified
# name 0 = prDM: Pressure, Digiquartz [db]
# name 1 = t090C: Temperature [ITS-90, deg C]
# name 2 = c0S/m: Conductivity [S/m]
# name 3 = t190C: Temperature, 2 [ITS-90, deg C]
# name 4 = c1S/m: Conductivity, 2 [S/m]
# name 5 = sbeox0ML/L: Oxygen, SBE 43 [ml/l]
# name 6 = flECO-AFL: Fluorescence, Wetlab ECO-AFL/FL [mg/m^3]
# name 7 = bat: Beam Attenuation, Chelsea/Seatech/Wetlab CStar [1/m]
# name 8 = spar: SPAR/Surface Irradiance
# name 9 = latitude: Latitude [deg]
# name 10 = longitude: Longitude [deg]
# name 11 = timeY: Time, System [seconds]
# name 12 = timeJ: Julian Days
# name 13 = sal00: Salinity [PSU]
# name 14 = scan: scan number
# name 15 = nbf: number of bottles fired
# name 16 = flag:  0.000e+00
# interval = seconds: 0.0416667                   
# start_time = Aug 03 2006 14:19:57
*END*
[from data line 1107]
      4.943    -1.7842   2.704031    -1.7833   2.704288    7.54235    -0.0674    13.8155 8.2601e+02  -62.75517  -57.79583 1154617262 215.625737    34.3318      59202         23  0.000e+00
      4.981    -1.7846   2.704021    -1.7828   2.704247    7.54246    -0.0784    13.8155 8.2601e+02  -62.75517  -57.79583 1154617262 215.625738    34.3321      59203         23  0.000e+00
      4.981    -1.7853   2.704028    -1.7824   2.704265    7.54256    -0.0343    13.8155 8.2407e+02  -62.75517  -57.79583 1154617262 215.625738    34.3330      59204         23  0.000e+00
      4.943    -1.7848   2.704037    -1.7827   2.704242    7.54722    -0.0343    13.8155 8.2601e+02  -62.75517  -57.79583 1154617262 215.625739    34.3326      59205         23  0.000e+00
      4.981    -1.7843   2.704015    -1.7824   2.704265    7.54720    -0.0123    13.8155 8.2601e+02  -62.75517  -57.79583 1154617262 215.625739    34.3317      59206         23  0.000e+00
      4.981    -1.7845   2.703976    -1.7821   2.704259    7.54726    -0.0894    13.8155 8.2601e+02  -62.75517  -57.79583 1154617262 215.625740    34.3314      59207         23  0.000e+00
      4.943    -1.7856   2.703923    -1.7827   2.704265    7.54264    -0.0343    13.8155 8.2601e+02  -62.75517  -57.79583 1154617262 215.625740    34.3319      59208         23  0.000e+00
      4.981    -1.7863   2.703871    -1.7827   2.704253    7.54761    -0.0894    13.8155 8.2601e+02  -62.75517  -57.79583 1154617262 215.625741    34.3320      59209         23  0.000e+00
      4.981    -1.7866   2.703862    -1.7824   2.704253    7.54289    -0.0233    13.8155 8.2601e+02  -62.75517  -57.79583 1154617262 215.625741    34.3323      59210         23  0.000e+00
      4.943    -1.7871   2.703842    -1.7827   2.704236    7.54294     0.0097    13.8155 8.2601e+02  -62.75517  -57.79583 1154617262 215.625742    34.3326      59211         23  0.000e+00
      4.981    -1.7880   2.703806    -1.7821   2.704247    7.54314    -0.0343    13.8155 8.2601e+02  -62.75517  -57.79583 1154617262 215.625742    34.3331      59212         23  0.000e+00
      4.981    -1.7877   2.703842    -1.7821   2.704270    7.54307    -0.0784    13.8155 8.2601e+02  -62.75517  -57.79583 1154617262 215.625743    34.3333      59213         23  0.000e+00
      4.981    -1.7876   2.703829    -1.7822   2.704247    7.54306    -0.0564    13.8155 8.2601e+02  -62.75517  -57.79583 1154617262 215.625743    34.3329      59214         23  0.000e+00
      4.943    -1.7884   2.703800    -1.7824   2.704230    7.54317    -0.0343    13.8155 8.2601e+02  -62.75517  -57.79583 1154617262 215.625744    34.3335      59215         23  0.000e+00
      4.981    -1.7892   2.703813    -1.7829   2.704230    7.54333    -0.0343    13.8155 8.2407e+02  -62.75517  -57.79583 1154617262 215.625744    34.3346      59216         23  0.000e+00
      4.981    -1.7892   2.703783    -1.7834   2.704230    7.54335     0.0097    13.8155 8.2407e+02  -62.75517  -57.79583 1154617263 215.625745    34.3342      59217         23  0.000e+00
      5.010    -1.7884   2.703774    -1.7841   2.704207    7.54326     0.0538    13.8155 8.2407e+02  -62.75517  -57.79583 1154617263 215.625745    34.3331      59218         23  0.000e+00
      4.981    -1.7879   2.703819    -1.7842   2.704219    7.54311     0.0318    13.8155 8.2601e+02  -62.75517  -57.79583 1154617263 215.625746    34.3331      59219         23  0.000e+00
      4.982    -1.7872   2.703806    -1.7834   2.704236    7.54303    -0.0343    13.8155 8.2601e+02  -62.75517  -57.79583 1154617263 215.625746    34.3322      59220         23  0.000e+00
      4.943    -1.7869   2.703826    -1.7831   2.704190    7.54292    -0.0564    13.8155 8.2601e+02  -62.75517  -57.79583 1154617263 215.625747    34.3321      59221         23  0.000e+00
      4.946    -1.7891   2.703728    -1.7908   2.703897    7.51466    -0.1114    13.8155 8.2796e+02  -62.75517  -57.79583 1154617275 215.625892    34.3333      59523         24  0.000e+00
      4.917    -1.7888   2.703748    -1.7908   2.703909    7.51457    -0.1555    13.8155 8.2796e+02  -62.75517  -57.79583 1154617275 215.625893    34.3332      59524         24  0.000e+00
      4.917    -1.7887   2.703767    -1.7904   2.703903    7.51454    -0.0343    13.8155 8.2796e+02  -62.75517  -57.79583 1154617275 215.625893    34.3334      59525         24  0.000e+00
      4.984    -1.7882   2.703741    -1.7908   2.703914    7.51455    -0.0123    13.8155 8.2796e+02  -62.75517  -57.79583 1154617275 215.625894    34.3324      59526         24  0.000e+00
      5.012    -1.7879   2.703728    -1.7906   2.703920    7.51454    -0.0343    13.8155 8.2796e+02  -62.75517  -57.79583 1154617275 215.625894    34.3318      59527         24  0.000e+00
      4.917    -1.7884   2.703764    -1.7901   2.703937    7.50972    -0.0564    13.8155 8.2796e+02  -62.75517  -57.79583 1154617276 215.625895    34.3330      59528         24  0.000e+00
      4.984    -1.7883   2.703787    -1.7890   2.703943    7.51454    -0.0343    13.8155 8.2601e+02  -62.75517  -57.79583 1154617276 215.625895    34.3332      59529         24  0.000e+00
      4.946    -1.7889   2.703764    -1.7891   2.703943    7.51461    -0.0123    13.8155 8.2796e+02  -62.75517  -57.79583 1154617276 215.625896    34.3336      59530         24  0.000e+00
      4.917    -1.7883   2.703767    -1.7892   2.703932    7.51447     0.0097    13.8155 8.2796e+02  -62.75517  -57.79583 1154617276 215.625896    34.3329      59531         24  0.000e+00
      4.984    -1.7880   2.703787    -1.7903   2.703937    7.51449     0.0318    13.8155 8.2601e+02  -62.75517  -57.79583 1154617276 215.625897    34.3328      59532         24  0.000e+00
      4.946    -1.7870   2.703796    -1.7911   2.703943    7.51429    -0.0674    13.8155 8.2601e+02  -62.75517  -57.79583 1154617276 215.625897    34.3319      59533         24  0.000e+00
      4.984    -1.7866   2.703826    -1.7918   2.703903    7.51425    -0.0784    13.8155 8.2601e+02  -62.75517  -57.79583 1154617276 215.625897    34.3318      59534         24  0.000e+00
      4.984    -1.7859   2.703806    -1.7920   2.703891    7.51415    -0.0564    13.8155 8.2796e+02  -62.75517  -57.79583 1154617276 215.625898    34.3306      59535         24  0.000e+00
      4.917    -1.7853   2.703809    -1.7915   2.703891    7.51399    -0.0784    13.8155 8.2796e+02  -62.75517  -57.79583 1154617276 215.625898    34.3301      59536         24  0.000e+00
      5.012    -1.7859   2.703803    -1.7923   2.703897    7.51418     0.0097    13.8155 8.2796e+02  -62.75517  -57.79583 1154617276 215.625899    34.3306      59537         24  0.000e+00
      4.917    -1.7871   2.703777    -1.7921   2.703874    7.51429    -0.0343    13.8155 8.2796e+02  -62.75517  -57.79583 1154617276 215.625899    34.3317      59538         24  0.000e+00
      4.984    -1.7883   2.703712    -1.7923   2.703886    7.50980    -0.0784    13.8155 8.2796e+02  -62.75517  -57.79583 1154617276 215.625900    34.3321      59539         24  0.000e+00
      4.946    -1.7897   2.703682    -1.7921   2.703891    7.51000    -0.0343    13.8155 8.2796e+02  -62.75517  -57.79583 1154617276 215.625900    34.3334      59540         24  0.000e+00
      4.984    -1.7902   2.703689    -1.7937   2.703851    7.51011    -0.0013    13.8155 8.2796e+02  -62.75517  -57.79583 1154617276 215.625901    34.3340      59541         24  0.000e+00
      4.984    -1.7909   2.703682    -1.7944   2.703823    7.51501     0.0428    13.8155 8.2796e+02  -62.75517  -57.79583 1154617276 215.625901    34.3347      59542         24  0.000e+00
      4.946    -1.7915   2.703653    -1.7943   2.703782    7.51509     0.0428    13.8155 8.2796e+02  -62.75517  -57.79583 1154617276 215.625902    34.3351      59543         24  0.000e+00
      4.984    -1.7919   2.703640    -1.7935   2.703782    7.51519    -0.0343    13.8155 8.2796e+02  -62.75517  -57.79583 1154617276 215.625902    34.3353      59544         24  0.000e+00
      4.984    -1.7924   2.703627    -1.7918   2.703846    7.51529    -0.0784    13.8155 8.2796e+02  -62.75517  -57.79583 1154617276 215.625903    34.3358      59545         24  0.000e+00
      4.946    -1.7920   2.703585    -1.7896   2.703920    7.51043    -0.1225    13.8155 8.2796e+02  -62.75517  -57.79583 1154617276 215.625903    34.3347      59546         24  0.000e+00
      4.984    -1.7921   2.703594    -1.7885   2.703978    7.51526    -0.1004    13.8155 8.2601e+02  -62.75517  -57.79583 1154617276 215.625904    34.3349      59547         24  0.000e+00
      4.984    -1.7922   2.703581    -1.7888   2.703955    7.51527    -0.0894    13.8155 8.2796e+02  -62.75517  -57.79583 1154617276 215.625904    34.3348      59548         24  0.000e+00
      4.917    -1.7928   2.703578    -1.7904   2.703932    7.51530    -0.1004    13.8155 8.2796e+02  -62.75517  -57.79583 1154617276 215.625905    34.3355      59549         24  0.000e+00
      5.013    -1.7923   2.703607    -1.7914   2.703920    7.51530    -0.0894    13.8155 8.2796e+02  -62.75517  -57.79583 1154617276 215.625905    34.3353      59550         24  0.000e+00
      4.984    -1.7923   2.703588    -1.7923   2.703880    7.51051    -0.0564    13.8155 8.2601e+02  -62.75517  -57.79583 1154617277 215.625906    34.3350      59551         24  0.000e+00
      4.984    -1.7920   2.703607    -1.7934   2.703828    7.51523    -0.0343    13.8155 8.2601e+02  -62.75517  -57.79583 1154617277 215.625906    34.3349      59552         24  0.000e+00
      4.946    -1.7926   2.703607    -1.7930   2.703817    7.51529    -0.1004    13.8155 8.2601e+02  -62.75517  -57.79583 1154617277 215.625907    34.3357      59553         24  0.000e+00
      4.984    -1.7934   2.703614    -1.7934   2.703834    7.51544    -0.1114    13.8155 8.2796e+02  -62.75517  -57.79583 1154617277 215.625907    34.3367      59554         24  0.000e+00
      4.984    -1.7935   2.703607    -1.7930   2.703828    7.51069    -0.1004    13.8155 8.2796e+02  -62.75517  -57.79583 1154617277 215.625908    34.3367      59555         24  0.000e+00
      4.946    -1.7940   2.703565    -1.7934   2.703817    7.51075    -0.0784    13.8155 8.2796e+02  -62.75517  -57.79583 1154617277 215.625908    34.3367      59556         24  0.000e+00
      4.984    -1.7934   2.703555    -1.7930   2.703817    7.51548    -0.1665    13.8155 8.2601e+02  -62.75517  -57.79583 1154617277 215.625909    34.3358      59557         24  0.000e+00
      4.984    -1.7931   2.703585    -1.7929   2.703834    7.51541    -0.1225    13.8155 8.2601e+02  -62.75517  -57.79583 1154617277 215.625909    34.3359      59558         24  0.000e+00
      4.984    -1.7928   2.703614    -1.7930   2.703840    7.51535    -0.0343    13.8155 8.2601e+02  -62.75517  -57.79583 1154617277 215.625910    34.3359      59559         24  0.000e+00
      4.946    -1.7924   2.703601    -1.7943   2.703759    7.51527    -0.0343    13.8155 8.2601e+02  -62.75517  -57.79583 1154617277 215.625910    34.3354      59560         24  0.000e+00
      4.984    -1.7926   2.703585    -1.7946   2.703759    7.51534    -0.0564    13.8155 8.2796e+02  -62.75517  -57.79583 1154617277 215.625910    34.3354      59561         24  0.000e+00
      4.984    -1.7922   2.703624    -1.7947   2.703765    7.51046    -0.0674    13.8155 8.2796e+02  -62.75517  -57.79583 1154617277 215.625911    34.3354      59562         24  0.000e+00
      5.013    -1.7926   2.703611    -1.7943   2.703742    7.51057    -0.0784    13.8155 8.2796e+02  -62.75517  -57.79583 1154617277 215.625911    34.3357      59563         24  0.000e+00
      4.917    -1.7925   2.703614    -1.7938   2.703754    7.51045    -0.1004    13.8155 8.2796e+02  -62.75517  -57.79583 1154617277 215.625912    34.3356      59564         24  0.000e+00
      4.984    -1.7923   2.703621    -1.7935   2.703765    7.51526    -0.0564    13.8155 8.2796e+02  -62.75517  -57.79583 1154617277 215.625912    34.3355      59565         24  0.000e+00
      5.013    -1.7922   2.703601    -1.7938   2.703765    7.51051    -0.1004    13.8155 8.2796e+02  -62.75517  -57.79583 1154617277 215.625913    34.3350      59566         24  0.000e+00
      4.984    -1.7922   2.703601    -1.7935   2.703748    7.51048    -0.0233    13.8155 8.2796e+02  -62.75517  -57.79583 1154617277 215.625913    34.3350      59567         24  0.000e+00
      4.984    -1.7924   2.703630    -1.7940   2.703759    7.51050     0.0207    13.8155 8.2796e+02  -62.75517  -57.79583 1154617277 215.625914    34.3358      59568         24  0.000e+00
      4.946    -1.7922   2.703627    -1.7946   2.703742    7.51520    -0.0784    13.8155 8.2796e+02  -62.75517  -57.79583 1154617277 215.625914    34.3354      59569         24  0.000e+00
      4.984    -1.7919   2.703634    -1.7953   2.703736    7.51519    -0.1004    13.8155 8.2796e+02  -62.75517  -57.79583 1154617277 215.625915    34.3352      59570         24  0.000e+00
      4.984    -1.7918   2.703643    -1.7921   2.703771    7.51040    -0.1004    13.8155 8.2796e+02  -62.75517  -57.79583 1154617277 215.625915    34.3352      59571         24  0.000e+00
