product_data/regression_test/downloaded_data/MGDS/320620060703/ctd/p6621201.ros
* Sea-Bird SBE 9 Data File:
* FileName = D:\Data\Raw\p6621201.dat
* Software Version Seasave Win32 V 5.32
* Temperature SN = 1649
* Conductivity SN = 1431
* Number of Bytes Per Scan = 37
* Number of Voltage Words = 5
* Number of Scans Averaged by the Deck Unit = 1
* NMEA Latitude = 63 34.70 S
* NMEA Longitude = 060 34.75 W
* NMEA UTC (Time) = 19:52:24
** Ship:   Nathaniel B. Palmer 
** Cruise:    NBP0606 
# nquan = 17
# nvalues = 1176                    
# units = specified
# name 0 = prDM: Pressure, Digiquartz [db]
# name 1 = t090C: Temperature [ITS-90, deg C]
# name 2 = c0S/m: Conductivity [S/m]
# name 3 = t190C: Temperature, 2 [ITS-90, deg C]
# name 4 = c1S/m: Conductivity, 2 [S/m]
# name 5 = sbeox0ML/L: Oxygen, SBE 43 [ml/l]
# name 6 = flECO-AFL: Fluorescence, Wetlab ECO-AFL/FL [mg/m^3]
# name 7 = bat: Beam Attenuation, Chelsea/Seatech/Wetlab CStar [1/m]
# name 8 = spar: SPAR/Surface Irradiance
# name 9 = latitude: Latitude [deg]
# name 10 = longitude: Longitude [deg]
# name 11 = timeY: Time, System [seconds]
# name 12 = timeJ: Julian Days
# name 13 = sal00: Salinity [PSU]
# name 14 = scan: scan number
# name 15 = nbf: number of bottles fired
# name 16 = flag:  0.000e+00
# interval = seconds: 0.0416667                   
# start_time = Jul 31 2006 19:52:33
*END*
    800.766    -0.8456   2.831346    -0.8453   2.831601    6.58599    -0.0233    13.8155 1.9481e+00  -63.57833  -60.57917 1154376837 212.843038    34.5105      30852          1  0.000e+00
    800.766    -0.8459   2.831392    -0.8451   2.831589    6.58600    -0.0343    13.8155 1.9481e+00  -63.57833  -60.57917 1154376837 212.843038    34.5115      30853          1  0.000e+00
    800.670    -0.8459   2.831382    -0.8453   2.831648    6.58592    -0.0894    13.8155 1.9481e+00  -63.57833  -60.57917 1154376837 212.843039    34.5114      30854          1  0.000e+00
    800.689    -0.8454   2.831366    -0.8456   2.831654    6.58588    -0.0564    13.8155 1.9481e+00  -63.57833  -60.57917 1154376837 212.843039    34.5106      30855          1  0.000e+00
    800.689    -0.8456   2.831382    -0.8456   2.831648    6.58589    -0.0784    13.8155 1.9481e+00  -63.57833  -60.57917 1154376837 212.843040    34.5110      30856          1  0.000e+00
    800.689    -0.8454   2.831389    -0.8452   2.831648    6.58587    -0.1445    13.8155 1.9481e+00  -63.57833  -60.57917 1154376837 212.843040    34.5109      30857          1  0.000e+00
    800.689    -0.8455   2.831369    -0.8451   2.831648    6.58589    -0.0454    13.8155 1.9481e+00  -63.57833  -60.57917 1154376837 212.843041    34.5107      30858          1  0.000e+00
    800.670    -0.8453   2.831389    -0.8452   2.831624    6.58583    -0.0123    13.8155 1.9481e+00  -63.57833  -60.57917 1154376837 212.843041    34.5108      30859          1  0.000e+00
    800.622    -0.8451   2.831389    -0.8456   2.831619    6.58577    -0.0343    13.8155 1.9481e+00  -63.57833  -60.57917 1154376837 212.843042    34.5106      30860          1  0.000e+00
    800.689    -0.8453   2.831406    -0.8453   2.831619    6.58584    -0.0123    13.8155 1.9481e+00  -63.57833  -60.57917 1154376837 212.843042    34.5110      30861          1  0.000e+00
    800.622    -0.8451   2.831392    -0.8459   2.831619    6.58576    -0.0343    13.8155 1.9481e+00  -63.57833  -60.57917 1154376837 212.843043    34.5107      30862          1  0.000e+00
    800.622    -0.8450   2.831389    -0.8450   2.831636    6.58575    -0.0343    13.8155 1.9481e+00  -63.57833  -60.57917 1154376837 212.843043    34.5105      30863          1  0.000e+00
    800.602    -0.8453   2.831396    -0.8456   2.831624    6.58577    -0.0784    13.8155 0.0000e+00  -63.57833  -60.57917 1154376838 212.843043    34.5109      30864          1  0.000e+00
    800.622    -0.8453   2.831409    -0.8459   2.831636    6.58578    -0.0123    13.8155 0.0000e+00  -63.57833  -60.57917 1154376838 212.843044    34.5111      30865          1  0.000e+00
    800.622    -0.8451   2.831412    -0.8453   2.831648    6.58575    -0.0343    13.8155 1.9481e+00  -63.57833  -60.57917 1154376838 212.843044    34.5109      30866          1  0.000e+00
    800.622    -0.8450   2.831442    -0.8452   2.831648    6.58571    -0.1665    13.8155 1.9481e+00  -63.57833  -60.57917 1154376838 212.843045    34.5112      30867          1  0.000e+00
    800.622    -0.8454   2.831436    -0.8455   2.831665    6.58059    -0.1665    13.8155 1.9481e+00  -63.57833  -60.57917 1154376838 212.843045    34.5116      30868          1  0.000e+00
    800.622    -0.8450   2.831422    -0.8453   2.831671    6.58573    -0.0013    13.8155 1.9481e+00  -63.57833  -60.57917 1154376838 212.843046    34.5109      30869          1  0.000e+00
    800.603    -0.8451   2.831412    -0.8453   2.831671    6.58573    -0.0123    13.8155 1.9481e+00  -63.57833  -60.57917 1154376838 212.843046    34.5109      30870          1  0.000e+00
    800.622    -0.8451   2.831462    -0.8453   2.831630    6.58572    -0.0894    13.8155 1.9481e+00  -63.57833  -60.57917 1154376838 212.843047    34.5116      30871          1  0.000e+00
    800.545    -0.8453   2.831442    -0.8456   2.831636    6.58569    -0.1665    13.8155 1.9481e+00  -63.57833  -60.57917 1154376838 212.843047    34.5116      30872          1  0.000e+00
    800.622    -0.8447   2.831432    -0.8453   2.831648    6.58568    -0.0894    13.8155 1.9481e+00  -63.57833  -60.57917 1154376838 212.843048    34.5107      30873          1  0.000e+00
    800.622    -0.8450   2.831432    -0.8454   2.831624    6.58572    -0.0233    13.8155 1.9481e+00  -63.57833  -60.57917 1154376838 212.843048    34.5111      30874          1  0.000e+00
    800.603    -0.8447   2.831422    -0.8456   2.831619    6.58566    -0.0123    13.8155 1.9481e+00  -63.57833  -60.57917 1154376838 212.843049    34.5106      30875          1  0.000e+00
    800.545    -0.8450   2.831462    -0.8457   2.831636    6.58563    -0.0564    13.8155 1.9481e+00  -63.57833  -60.57917 1154376838 212.843049    34.5115      30876          1  0.000e+00
    800.622    -0.8447   2.831442    -0.8458   2.831648    6.58567    -0.0674    13.8155 1.9481e+00  -63.57833  -60.57917 1154376838 212.843050    34.5108      30877          1  0.000e+00
    800.622    -0.8447   2.831416    -0.8456   2.831648    6.58569    -0.0784    13.8155 1.9481e+00  -63.57833  -60.57917 1154376838 212.843050    34.5105      30878          1  0.000e+00
    800.622    -0.8448   2.831426    -0.8451   2.831648    6.58570    -0.0674    13.8155 1.9481e+00  -63.57833  -60.57917 1154376838 212.843051    34.5108      30879          1  0.000e+00
    800.603    -0.8450   2.831442    -0.8452   2.831624    6.58570    -0.1114    13.8155 1.9481e+00  -63.57833  -60.57917 1154376838 212.843051    34.5112      30880          1  0.000e+00
    800.622    -0.8451   2.831452    -0.8454   2.831636    6.58573    -0.0784    13.8155 1.9481e+00  -63.57833  -60.57917 1154376838 212.843052    34.5115      30881          1  0.000e+00
    800.622    -0.8447   2.831472    -0.8453   2.831624    6.58565    -0.1335    13.8155 1.9481e+00  -63.57833  -60.57917 1154376838 212.843052    34.5112      30882          1  0.000e+00
    800.622    -0.8454   2.831429    -0.8453   2.831601    6.58578    -0.1996    13.8155 1.9481e+00  -63.57833  -60.57917 1154376838 212.843053    34.5115      30883          1  0.000e+00
    800.622    -0.8450   2.831462    -0.8459   2.831630    6.58570    -0.1555    13.8155 1.9481e+00  -63.57833  -60.57917 1154376838 212.843053    34.5114      30884          1  0.000e+00
    800.689    -0.8445   2.831442    -0.8456   2.831624    6.58571    -0.1555    13.8155 1.9481e+00  -63.57833  -60.57917 1154376838 212.843054    34.5106      30885          1  0.000e+00
    800.603    -0.8447   2.831442    -0.8456   2.831636    6.58565    -0.1555    13.8155 1.9481e+00  -63.57833  -60.57917 1154376838 212.843054    34.5108      30886          1  0.000e+00
    800.689    -0.8450   2.831436    -0.8453   2.831624    6.58578    -0.0784    13.8155 1.9481e+00  -63.57833  -60.57917 1154376838 212.843055    34.5110      30887          1  0.000e+00
    800.622    -0.8447   2.831449    -0.8455   2.831619    6.58567    -0.0784    13.8155 0.0000e+00  -63.57833  -60.57917 1154376839 212.843055    34.5109      30888          1  0.000e+00
    800.689    -0.8447   2.831456    -0.8456   2.831636    6.58573    -0.1004    13.8155 0.0000e+00  -63.57833  -60.57917 1154376839 212.843056    34.5110      30889          1  0.000e+00
    800.622    -0.8445   2.831422    -0.8455   2.831624    6.58566    -0.1004    13.8155 0.0000e+00  -63.57833  -60.57917 1154376839 212.843056    34.5104      30890          1  0.000e+00
    800.738    -0.8450   2.831436    -0.8455   2.831636    6.58582    -0.1004    13.8155 1.9481e+00  -63.57833  -60.57917 1154376839 212.843057    34.5110      30891          1  0.000e+00
    800.690    -0.8453   2.831452    -0.8456   2.831648    6.58581    -0.1555    13.8155 1.9481e+00  -63.57833  -60.57917 1154376839 212.843057    34.5116      30892          1  0.000e+00
    800.690    -0.8448   2.831436    -0.8456   2.831648    6.58576    -0.1445    13.8155 1.9481e+00  -63.57833  -60.57917 1154376839 212.843057    34.5109      30893          1  0.000e+00
    800.690    -0.8450   2.831416    -0.8459   2.831601    6.58579    -0.0784    13.8155 1.9481e+00  -63.57833  -60.57917 1154376839 212.843058    34.5108      30894          1  0.000e+00
    800.767    -0.8450   2.831426    -0.8459   2.831589    6.58586    -0.0343    13.8155 1.9481e+00  -63.57833  -60.57917 1154376839 212.843058    34.5109      30895          1  0.000e+00
    800.690    -0.8445   2.831442    -0.8455   2.831589    6.58571    -0.1004    13.8155 1.9481e+00  -63.57833  -60.57917 1154376839 212.843059    34.5106      30896          1  0.000e+00
    800.738    -0.8453   2.831436    -0.8456   2.831630    6.58587    -0.1665    13.8155 1.9481e+00  -63.57833  -60.57917 1154376839 212.843059    34.5114      30897          1  0.000e+00
    800.767    -0.8451   2.831482    -0.8458   2.831584    6.58584    -0.1775    13.8155 1.9481e+00  -63.57833  -60.57917 1154376839 212.843060    34.5118      30898          1  0.000e+00
    800.767    -0.8451   2.831449    -0.8456   2.831625    6.58586    -0.1335    13.8155 1.9481e+00  -63.57833  -60.57917 1154376839 212.843060    34.5113      30899          1  0.000e+00
    800.834    -0.8450   2.831466    -0.8450   2.831625    6.58589    -0.0233    13.8155 1.9481e+00  -63.57833  -60.57917 1154376839 212.843061    34.5114      30900          1  0.000e+00
    700.006    -0.9359   2.818204    -0.9362   2.818470    6.67352    -0.0894    13.8155 0.0000e+00  -63.57833  -60.57917 1154376999 212.844913    34.4955      34741          2  0.000e+00
    700.006    -0.9368   2.818218    -0.9364   2.818481    6.66851    -0.0894    13.8155 0.0000e+00  -63.57833  -60.57917 1154376999 212.844914    34.4967      34742          2  0.000e+00
    699.939    -0.9363   2.818241    -0.9362   2.818458    6.66836    -0.0784    13.8155 0.0000e+00  -63.57833  -60.57917 1154376999 212.844914    34.4964      34743          2  0.000e+00
    700.035    -0.9365   2.818211    -0.9362   2.818452    6.66850    -0.0454    13.8155 0.0000e+00  -63.57833  -60.57917 1154376999 212.844915    34.4962      34744          2  0.000e+00
    699.939    -0.9366   2.818188    -0.9361   2.818429    6.66844    -0.0564    13.8155 0.0000e+00  -63.57833  -60.57917 1154376999 212.844915    34.4961      34745          2  0.000e+00
    700.006    -0.9359   2.818231    -0.9364   2.818423    6.66837    -0.0564    13.8155 0.0000e+00  -63.57833  -60.57917 1154376999 212.844916    34.4958      34746          2  0.000e+00
    699.939    -0.9363   2.818211    -0.9365   2.818441    6.67352    -0.0784    13.8155 0.0000e+00  -63.57833  -60.57917 1154376999 212.844916    34.4961      34747          2  0.000e+00
    699.939    -0.9359   2.818181    -0.9367   2.818452    6.66835    -0.0674    13.8155 0.0000e+00  -63.57833  -60.57917 1154376999 212.844917    34.4953      34748          2  0.000e+00
    699.939    -0.9360   2.818228    -0.9365   2.818452    6.66834    -0.0894    13.8155 0.0000e+00  -63.57833  -60.57917 1154376999 212.844917    34.4960      34749          2  0.000e+00
    699.939    -0.9364   2.818211    -0.9367   2.818452    6.67353    -0.0894    13.8155 0.0000e+00  -63.57833  -60.57917 1154376999 212.844918    34.4962      34750          2  0.000e+00
    700.006    -0.9365   2.818204    -0.9364   2.818452    6.67361    -0.0784    13.8155 0.0000e+00  -63.57833  -60.57917 1154376999 212.844918    34.4962      34751          2  0.000e+00
    699.871    -0.9355   2.818218    -0.9364   2.818452    6.67333    -0.0894    13.8155 0.0000e+00  -63.57833  -60.57917 1154377000 212.844918    34.4953      34752          2  0.000e+00
    699.958    -0.9362   2.818188    -0.9366   2.818452    6.67353    -0.1114    13.8155 0.0000e+00  -63.57833  -60.57917 1154377000 212.844919    34.4956      34753          2  0.000e+00
    699.939    -0.9366   2.818211    -0.9367   2.818429    6.67356    -0.1225    13.8155 0.0000e+00  -63.57833  -60.57917 1154377000 212.844919    34.4965      34754          2  0.000e+00
    699.871    -0.9363   2.818204    -0.9365   2.818423    6.66832    -0.2106    13.8155 0.0000e+00  -63.57833  -60.57917 1154377000 212.844920    34.4960      34755          2  0.000e+00
    699.939    -0.9359   2.818201    -0.9362   2.818441    6.66833    -0.1114    13.8155 0.0000e+00  -63.57833  -60.57917 1154377000 212.844920    34.4954      34756          2  0.000e+00
    699.939    -0.9361   2.818204    -0.9368   2.818452    6.67349    -0.1004    13.8155 0.0000e+00  -63.57833  -60.57917 1154377000 212.844921    34.4958      34757          2  0.000e+00
    699.871    -0.9359   2.818218    -0.9367   2.818435    6.67339    -0.0784    13.8155 0.0000e+00  -63.57833  -60.57917 1154377000 212.844921    34.4957      34758          2  0.000e+00
    699.939    -0.9361   2.818224    -0.9367   2.818446    6.67348    -0.1004    13.8155 0.0000e+00  -63.57833  -60.57917 1154377000 212.844922    34.4961      34759          2  0.000e+00
    699.939    -0.9359   2.818224    -0.9367   2.818470    6.67344    -0.1225    13.8155 0.0000e+00  -63.57833  -60.57917 1154377000 212.844922    34.4958      34760          2  0.000e+00
    699.871    -0.9368   2.818204    -0.9365   2.818458    6.67353    -0.1004    13.8155 0.0000e+00  -63.57833  -60.57917 1154377000 212.844923    34.4966      34761          2  0.000e+00
    699.891    -0.9361   2.818218    -0.9364   2.818429    6.66831    -0.0784    13.8155 0.0000e+00  -63.57833  -60.57917 1154377000 212.844923    34.4960      34762          2  0.000e+00
    699.939    -0.9365   2.818228    -0.9365   2.818464    6.66840    -0.0564    13.8155 0.0000e+00  -63.57833  -60.57917 1154377000 212.844924    34.4965      34763          2  0.000e+00
    699.871    -0.9364   2.818224    -0.9362   2.818435    6.67346    -0.0454    13.8155 0.0000e+00  -63.57833  -60.57917 1154377000 212.844924    34.4964      34764          2  0.000e+00
    699.939    -0.9362   2.818204    -0.9367   2.818441    6.67350    -0.1225    13.8155 0.0000e+00  -63.57833  -60.57917 1154377000 212.844925    34.4959      34765          2  0.000e+00
    699.939    -0.9360   2.818251    -0.9367   2.818452    6.67345    -0.1004    13.8155 0.0000e+00  -63.57833  -60.57917 1154377000 212.844925    34.4963      34766          2  0.000e+00
    699.871    -0.9359   2.818218    -0.9360   2.818429    6.67340    -0.1004    13.8155 0.0000e+00  -63.57833  -60.57917 1154377000 212.844926    34.4958      34767          2  0.000e+00
    699.939    -0.9360   2.818218    -0.9365   2.818464    6.67347    -0.1225    13.8155 0.0000e+00  -63.57833  -60.57917 1154377000 212.844926    34.4959      34768          2  0.000e+00
    699.871    -0.9361   2.818211    -0.9365   2.818481    6.67343    -0.1555    13.8155 0.0000e+00  -63.57833  -60.57917 1154377000 212.844927    34.4959      34769          2  0.000e+00
    699.939    -0.9363   2.818218    -0.9364   2.818458    6.67352    -0.1665    13.8155 0.0000e+00  -63.57833  -60.57917 1154377000 212.844927    34.4962      34770          2  0.000e+00
    699.891    -0.9363   2.818224    -0.9367   2.818452    6.67346    -0.1225    13.8155 0.0000e+00  -63.57833  -60.57917 1154377000 212.844928    34.4962      34771          2  0.000e+00
    699.872    -0.9356   2.818241    -0.9367   2.818452    6.67333    -0.1004    13.8155 0.0000e+00  -63.57833  -60.57917 1154377000 212.844928    34.4957      34772          2  0.000e+00
    699.939    -0.9363   2.818228    -0.9364   2.818452    6.67351    -0.1335    13.8155 0.0000e+00  -63.57833  -60.57917 1154377000 212.844929    34.4964      34773          2  0.000e+00
    699.872    -0.9359   2.818241    -0.9365   2.818452    6.66825    -0.0564    13.8155 0.0000e+00  -63.57833  -60.57917 1154377000 212.844929    34.4961      34774          2  0.000e+00
    699.939    -0.9360   2.818218    -0.9364   2.818452    6.66834    -0.0123    13.8155 0.0000e+00  -63.57833  -60.57917 1154377000 212.844930    34.4959      34775          2  0.000e+00
    699.872    -0.9361   2.818201    -0.9370   2.818429    6.66830    -0.0564    13.8155 0.0000e+00  -63.57833  -60.57917 1154377001 212.844930    34.4958      34776          2  0.000e+00
