product_data/regression_test/downloaded_data/MGDS/320620060703/ctd/p6621201.ros
* Sea-Bird SBE 9 Data File:
* FileName = D:\Data\Raw\p6621201.dat
* Software Version Seasave Win32 V 5.32
* Temperature SN = 1649
* Conductivity SN = 1431
* Number of Bytes Per Scan = 37
* Number of Voltage Words = 5
* Number of Scans Averaged by the Deck Unit = 1
* NMEA Latitude = 63 34.70 S
* NMEA Longitude = 060 34.75 W
* NMEA UTC (Time) = 19:52:24
** Ship:   Nathaniel B. Palmer 
** Cruise:    NBP0606 
# nquan = 17
# nvalues = 1176                    
# units = specified
# name 0 = prDM: Pressure, Digiquartz [db]
# name 1 = t090C: Temperature [ITS-90, deg C]
# name 2 = c0S/m: Conductivity [S/m]
# name 3 = t190C: Temperature, 2 [ITS-90, deg C]
# name 4 = c1S/m: Conductivity, 2 [S/m]
# name 5 = sbeox0ML/L: Oxygen, SBE 43 [ml/l]
# name 6 = flECO-AFL: Fluorescence, Wetlab ECO-AFL/FL [mg/m^3]
# name 7 = bat: Beam Attenuation, Chelsea/Seatech/Wetlab CStar [1/m]
# name 8 = spar: SPAR/Surface Irradiance
# name 9 = latitude: Latitude [deg]
# name 10 = longitude: Longitude [deg]
# name 11 = timeY: Time, System [seconds]
# name 12 = timeJ: Julian Days
# name 13 = sal00: Salinity [PSU]
# name 14 = scan: scan number
# name 15 = nbf: number of bottles fired
# name 16 = flag:  0.000e+00
# interval = seconds: 0.0416667                   
# start_time = Jul 31 2006 19:52:33
*END*
[from data line 766]
     75.236    -1.5276   2.724473    -1.5303   2.724560    7.49967    -0.0894    13.8155 0.0000e+00  -63.57833  -60.57917 1154378219 212.859032    34.2747      64017         16  0.000e+00
     75.188    -1.5282   2.724430    -1.5295   2.724595    7.49975    -0.1445    13.8155 0.0000e+00  -63.57833  -60.57917 1154378219 212.859032    34.2748      64018         16  0.000e+00
     75.169    -1.5286   2.724417    -1.5302   2.724583    7.49980    -0.1004    13.8155 0.0000e+00  -63.57833  -60.57917 1154378219 212.859033    34.2752      64019         16  0.000e+00
     75.188    -1.5285   2.724407    -1.5292   2.724630    7.49981    -0.1225    13.8155 0.0000e+00  -63.57833  -60.57917 1154378219 212.859033    34.2749      64020         16  0.000e+00
     75.169    -1.5282   2.724394    -1.5294   2.724653    7.49975    -0.1335    13.8155 0.0000e+00  -63.57833  -60.57917 1154378219 212.859034    34.2744      64021         16  0.000e+00
     75.121    -1.5282   2.724336    -1.5289   2.724676    7.49975    -0.1665    13.8155 0.0000e+00  -63.57833  -60.57917 1154378219 212.859034    34.2736      64022         16  0.000e+00
     75.093    -1.5286   2.724355    -1.5282   2.724681    7.49977    -0.1445    13.8155 0.0000e+00  -63.57833  -60.57917 1154378219 212.859035    34.2744      64023         16  0.000e+00
     75.121    -1.5289   2.724378    -1.5280   2.724681    7.50463    -0.1335    13.8155 0.0000e+00  -63.57833  -60.57917 1154378219 212.859035    34.2750      64024         16  0.000e+00
     75.093    -1.5285   2.724358    -1.5291   2.724722    7.50454    -0.0894    13.8155 0.0000e+00  -63.57833  -60.57917 1154378219 212.859035    34.2742      64025         16  0.000e+00
     75.045    -1.5287   2.724365    -1.5286   2.724699    7.50451    -0.0784    13.8155 0.0000e+00  -63.57833  -60.57917 1154378219 212.859036    34.2746      64026         16  0.000e+00
     75.026    -1.5293   2.724362    -1.5288   2.724681    7.50459    -0.0784    13.8155 0.0000e+00  -63.57833  -60.57917 1154378219 212.859036    34.2752      64027         16  0.000e+00
     75.045    -1.5291   2.724352    -1.5291   2.724624    7.50459    -0.0454    13.8155 0.0000e+00  -63.57833  -60.57917 1154378220 212.859037    34.2749      64028         16  0.000e+00
     75.026    -1.5293   2.724306    -1.5292   2.724624    7.50463    -0.0674    13.8155 0.0000e+00  -63.57833  -60.57917 1154378220 212.859037    34.2745      64029         16  0.000e+00
     74.978    -1.5289   2.724303    -1.5288   2.724629    7.50453    -0.0784    13.8155 0.0000e+00  -63.57833  -60.57917 1154378220 212.859038    34.2741      64030         16  0.000e+00
     74.978    -1.5289   2.724329    -1.5298   2.724572    7.50451    -0.0343    13.8155 0.0000e+00  -63.57833  -60.57917 1154378220 212.859038    34.2744      64031         16  0.000e+00
     74.959    -1.5296   2.724313    -1.5298   2.724572    7.49980     0.0538    13.8155 0.0000e+00  -63.57833  -60.57917 1154378220 212.859039    34.2749      64032         16  0.000e+00
     74.978    -1.5297   2.724313    -1.5298   2.724560    7.49984     0.0758    13.8155 0.0000e+00  -63.57833  -60.57917 1154378220 212.859039    34.2751      64033         16  0.000e+00
     74.883    -1.5303   2.724293    -1.5300   2.724532    7.50465    -0.0343    13.8155 0.0000e+00  -63.57833  -60.57917 1154378220 212.859040    34.2756      64034         16  0.000e+00
     49.762    -1.5213   2.723607    -1.5219   2.723869    7.50142    -0.1225    13.8155 0.0000e+00  -63.57833  -60.57917 1154378287 212.859822    34.2717      65656         17  0.000e+00
     49.762    -1.5209   2.723603    -1.5216   2.723869    7.50614    -0.0894    13.8155 0.0000e+00  -63.57833  -60.57917 1154378287 212.859823    34.2713      65657         17  0.000e+00
     49.829    -1.5214   2.723633    -1.5215   2.723886    7.50626    -0.0343    13.8155 0.0000e+00  -63.57833  -60.57917 1154378287 212.859823    34.2722      65658         17  0.000e+00
     49.829    -1.5209   2.723597    -1.5216   2.723874    7.50144    -0.0564    13.8155 0.0000e+00  -63.57833  -60.57917 1154378287 212.859823    34.2711      65659         17  0.000e+00
     49.695    -1.5214   2.723593    -1.5221   2.723886    7.50615    -0.0564    13.8155 0.0000e+00  -63.57833  -60.57917 1154378288 212.859824    34.2717      65660         17  0.000e+00
     49.762    -1.5214   2.723603    -1.5215   2.723892    7.50144    -0.0123    13.8155 0.0000e+00  -63.57833  -60.57917 1154378288 212.859824    34.2718      65661         17  0.000e+00
     49.695    -1.5212   2.723600    -1.5220   2.723892    7.50134    -0.0123    13.8155 0.0000e+00  -63.57833  -60.57917 1154378288 212.859825    34.2716      65662         17  0.000e+00
     49.695    -1.5216   2.723603    -1.5215   2.723892    7.50617    -0.0674    13.8155 0.0000e+00  -63.57833  -60.57917 1154378288 212.859825    34.2720      65663         17  0.000e+00
     49.695    -1.5216   2.723600    -1.5217   2.723892    7.50618    -0.0454    13.8155 0.0000e+00  -63.57833  -60.57917 1154378288 212.859826    34.2720      65664         17  0.000e+00
     49.619    -1.5209   2.723587    -1.5213   2.723851    7.50600    -0.0784    13.8155 0.0000e+00  -63.57833  -60.57917 1154378288 212.859826    34.2711      65665         17  0.000e+00
     49.695    -1.5216   2.723593    -1.5216   2.723874    7.50617    -0.1225    13.8155 0.0000e+00  -63.57833  -60.57917 1154378288 212.859827    34.2719      65666         17  0.000e+00
     49.552    -1.5216   2.723620    -1.5213   2.723874    7.50123    -0.1004    13.8155 0.0000e+00  -63.57833  -60.57917 1154378288 212.859827    34.2723      65667         17  0.000e+00
     49.619    -1.5216   2.723587    -1.5215   2.723886    7.50132    -0.0784    13.8155 0.0000e+00  -63.57833  -60.57917 1154378288 212.859828    34.2718      65668         17  0.000e+00
     49.619    -1.5211   2.723597    -1.5215   2.723874    7.50124    -0.0013    13.8155 0.0000e+00  -63.57833  -60.57917 1154378288 212.859828    34.2714      65669         17  0.000e+00
     49.553    -1.5217   2.723584    -1.5216   2.723886    7.50128    -0.0123    13.8155 0.0000e+00  -63.57833  -60.57917 1154378288 212.859829    34.2720      65670         17  0.000e+00
     49.619    -1.5216   2.723564    -1.5216   2.723892    7.50135    -0.0564    13.8155 0.0000e+00  -63.57833  -60.57917 1154378288 212.859829    34.2716      65671         17  0.000e+00
     49.476    -1.5214   2.723571    -1.5216   2.723851    7.50116    -0.0343    13.8155 0.0000e+00  -63.57833  -60.57917 1154378288 212.859830    34.2715      65672         17  0.000e+00
     49.553    -1.5216   2.723580    -1.5221   2.723857    7.50126    -0.0674    13.8155 0.0000e+00  -63.57833  -60.57917 1154378288 212.859830    34.2718      65673         17  0.000e+00
     49.553    -1.5218   2.723564    -1.5218   2.723869    7.50131    -0.1004    13.8155 0.0000e+00  -63.57833  -60.57917 1154378288 212.859831    34.2719      65674         17  0.000e+00
     49.486    -1.5217   2.723557    -1.5219   2.723869    7.50122    -0.0784    13.8155 0.0000e+00  -63.57833  -60.57917 1154378288 212.859831    34.2717      65675         17  0.000e+00
     49.553    -1.5218   2.723571    -1.5219   2.723869    7.50608    -0.0784    13.8155 0.0000e+00  -63.57833  -60.57917 1154378288 212.859832    34.2720      65676         17  0.000e+00
     49.486    -1.5220   2.723597    -1.5219   2.723846    7.50125    -0.0454    13.8155 0.0000e+00  -63.57833  -60.57917 1154378288 212.859832    34.2726      65677         17  0.000e+00
     49.486    -1.5214   2.723584    -1.5217   2.723857    7.50116    -0.0343    13.8155 0.0000e+00  -63.57833  -60.57917 1154378288 212.859833    34.2717      65678         17  0.000e+00
     49.486    -1.5213   2.723564    -1.5224   2.723869    7.50116    -0.1225    13.8155 0.0000e+00  -63.57833  -60.57917 1154378288 212.859833    34.2713      65679         17  0.000e+00
     49.410    -1.5216   2.723570    -1.5220   2.723845    7.50111    -0.1114    13.8155 0.0000e+00  -63.57833  -60.57917 1154378288 212.859834    34.2717      65680         17  0.000e+00
     49.486    -1.5217   2.723580    -1.5215   2.723840    7.50599    -0.1225    13.8155 0.0000e+00  -63.57833  -60.57917 1154378288 212.859834    34.2720      65681         17  0.000e+00
     49.486    -1.5218   2.723613    -1.5216   2.723857    7.50121    -0.1004    13.8155 0.0000e+00  -63.57833  -60.57917 1154378288 212.859835    34.2726      65682         17  0.000e+00
     49.410    -1.5211   2.723574    -1.5214   2.723845    7.50104    -0.0343    13.8155 0.0000e+00  -63.57833  -60.57917 1154378288 212.859835    34.2712      65683         17  0.000e+00
     49.410    -1.5217   2.723590    -1.5222   2.723857    7.50112    -0.0564    13.8155 0.0000e+00  -63.57833  -60.57917 1154378289 212.859836    34.2722      65684         17  0.000e+00
     49.410    -1.5212   2.723570    -1.5216   2.723845    7.50106    -0.0343    13.8155 0.0000e+00  -63.57833  -60.57917 1154378289 212.859836    34.2714      65685         17  0.000e+00
     49.410    -1.5218   2.723570    -1.5216   2.723857    7.50116    -0.0564    13.8155 0.0000e+00  -63.57833  -60.57917 1154378289 212.859837    34.2721      65686         17  0.000e+00
     49.410    -1.5212   2.723580    -1.5221   2.723845    7.50582    -0.1665    13.8155 0.0000e+00  -63.57833  -60.57917 1154378289 212.859837    34.2714      65687         17  0.000e+00
     49.343    -1.5212   2.723613    -1.5221   2.723857    7.50574    -0.1335    13.8155 0.0000e+00  -63.57833  -60.57917 1154378289 212.859837    34.2720      65688         17  0.000e+00
     49.343    -1.5212   2.723593    -1.5217   2.723868    7.50576    -0.0894    13.8155 0.0000e+00  -63.57833  -60.57917 1154378289 212.859838    34.2717      65689         17  0.000e+00
     49.410    -1.5212   2.723593    -1.5215   2.723869    7.50105    -0.1665    13.8155 0.0000e+00  -63.57833  -60.57917 1154378289 212.859838    34.2717      65690         17  0.000e+00
     49.267    -1.5214   2.723603    -1.5216   2.723868    7.50570    -0.1555    13.8155 0.0000e+00  -63.57833  -60.57917 1154378289 212.859839    34.2721      65691         17  0.000e+00
     49.343    -1.5216   2.723584    -1.5216   2.723868    7.50581    -0.0894    13.8155 0.0000e+00  -63.57833  -60.57917 1154378289 212.859839    34.2720      65692         17  0.000e+00
     49.276    -1.5211   2.723597    -1.5219   2.723868    7.50566    -0.0343    13.8155 0.0000e+00  -63.57833  -60.57917 1154378289 212.859840    34.2716      65693         17  0.000e+00
     49.343    -1.5213   2.723633    -1.5216   2.723868    7.50096    -0.0454    13.8155 0.0000e+00  -63.57833  -60.57917 1154378289 212.859840    34.2723      65694         17  0.000e+00
     49.276    -1.5209   2.723613    -1.5218   2.723845    7.50085    -0.0894    13.8155 0.0000e+00  -63.57833  -60.57917 1154378289 212.859841    34.2717      65695         17  0.000e+00
     49.276    -1.5212   2.723616    -1.5216   2.723822    7.50089    -0.1004    13.8155 0.0000e+00  -63.57833  -60.57917 1154378289 212.859841    34.2721      65696         17  0.000e+00
     49.277    -1.5214   2.723610    -1.5219   2.723834    7.50092    -0.0784    13.8155 0.0000e+00  -63.57833  -60.57917 1154378289 212.859842    34.2722      65697         17  0.000e+00
     49.343    -1.5212   2.723584    -1.5221   2.723840    7.50576    -0.0784    13.8155 0.0000e+00  -63.57833  -60.57917 1154378289 212.859842    34.2716      65698         17  0.000e+00
     49.343    -1.5214   2.723613    -1.5222   2.723857    7.50577    -0.0343    13.8155 0.0000e+00  -63.57833  -60.57917 1154378289 212.859843    34.2722      65699         17  0.000e+00
     49.343    -1.5222   2.723587    -1.5222   2.723845    7.50590    -0.0123    13.8155 0.0000e+00  -63.57833  -60.57917 1154378289 212.859843    34.2727      65700         17  0.000e+00
     49.343    -1.5220   2.723564    -1.5224   2.723857    7.50590     0.0097    13.8155 0.0000e+00  -63.57833  -60.57917 1154378289 212.859844    34.2722      65701         17  0.000e+00
     49.410    -1.5216   2.723541    -1.5222   2.723828    7.50592    -0.0564    13.8155 0.0000e+00  -63.57833  -60.57917 1154378289 212.859844    34.2714      65702         17  0.000e+00
     49.410    -1.5220   2.723554    -1.5227   2.723834    7.50120    -0.0343    13.8155 0.0000e+00  -63.57833  -60.57917 1154378289 212.859845    34.2720      65703         17  0.000e+00
     49.410    -1.5223   2.723571    -1.5221   2.723822    7.50601    -0.0343    13.8155 0.0000e+00  -63.57833  -60.57917 1154378289 212.859845    34.2726      65704         17  0.000e+00
     49.624    -1.5243   2.723397    -1.5243   2.723667    7.50188    -0.0894    13.8155 0.0000e+00  -63.57833  -60.57917 1154378297 212.859939    34.2724      65898         18  0.000e+00
     49.910    -1.5237   2.723391    -1.5245   2.723679    7.50209    -0.0784    13.8155 0.0000e+00  -63.57833  -60.57917 1154378297 212.859939    34.2714      65899         18  0.000e+00
     49.834    -1.5239   2.723414    -1.5243   2.723644    7.50202    -0.1225    13.8155 0.0000e+00  -63.57833  -60.57917 1154378298 212.859940    34.2719      65900         18  0.000e+00
     49.700    -1.5240   2.723410    -1.5243   2.723650    7.50191    -0.0784    13.8155 0.0000e+00  -63.57833  -60.57917 1154378298 212.859940    34.2722      65901         18  0.000e+00
     49.834    -1.5237   2.723388    -1.5246   2.723696    7.50202    -0.0233    13.8155 0.0000e+00  -63.57833  -60.57917 1154378298 212.859941    34.2714      65902         18  0.000e+00
     49.767    -1.5243   2.723384    -1.5245   2.723690    7.50204    -0.0343    13.8155 0.0000e+00  -63.57833  -60.57917 1154378298 212.859941    34.2721      65903         18  0.000e+00
     49.834    -1.5243   2.723381    -1.5242   2.723644    7.50212    -0.0123    13.8155 0.0000e+00  -63.57833  -60.57917 1154378298 212.859942    34.2720      65904         18  0.000e+00
     49.767    -1.5242   2.723352    -1.5242   2.723650    7.50204    -0.1555    13.8155 0.0000e+00  -63.57833  -60.57917 1154378298 212.859942    34.2715      65905         18  0.000e+00
     49.834    -1.5245   2.723371    -1.5240   2.723679    7.50214    -0.0674    13.8155 0.0000e+00  -63.57833  -60.57917 1154378298 212.859943    34.2720      65906         18  0.000e+00
     49.834    -1.5240   2.723368    -1.5250   2.723621    7.50208    -0.0674    13.8155 0.0000e+00  -63.57833  -60.57917 1154378298 212.859943    34.2715      65907         18  0.000e+00
     49.834    -1.5243   2.723375    -1.5243   2.723661    7.50212    -0.0784    13.8155 0.0000e+00  -63.57833  -60.57917 1154378298 212.859944    34.2719      65908         18  0.000e+00
     49.834    -1.5242   2.723384    -1.5245   2.723644    7.50209    -0.0894    13.8155 0.0000e+00  -63.57833  -60.57917 1154378298 212.859944    34.2719      65909         18  0.000e+00
     49.767    -1.5242   2.723397    -1.5243   2.723650    7.50201    -0.1004    13.8155 0.0000e+00  -63.57833  -60.57917 1154378298 212.859945    34.2721      65910         18  0.000e+00
     49.834    -1.5242   2.723404    -1.5248   2.723661    7.50208    -0.0564    13.8155 0.0000e+00  -63.57833  -60.57917 1154378298 212.859945    34.2722      65911         18  0.000e+00
     49.834    -1.5243   2.723358    -1.5246   2.723656    7.50213    -0.0564    13.8155 0.0000e+00  -63.57833  -60.57917 1154378298 212.859946    34.2717      65912         18  0.000e+00
     49.834    -1.5245   2.723352    -1.5245   2.723638    7.50216    -0.0564    13.8155 0.0000e+00  -63.57833  -60.57917 1154378298 212.859946    34.2718      65913         18  0.000e+00
     49.834    -1.5245   2.723361    -1.5245   2.723650    7.50215    -0.0123    13.8155 0.0000e+00  -63.57833  -60.57917 1154378298 212.859946    34.2719      65914         18  0.000e+00
     49.834    -1.5246   2.723345    -1.5246   2.723638    7.50219     0.0318    13.8155 0.0000e+00  -63.57833  -60.57917 1154378298 212.859947    34.2719      65915         18  0.000e+00
