product_data/regression_test/downloaded_data/MGDS/320620060703/ctd/p6622501.ros
* Sea-Bird SBE 9 Data File:
* FileName = D:\Data\Raw\p6622501.dat
* Software Version Seasave Win32 V 5.32
* Temperature SN = 1649
* Conductivity SN = 1431
* Number of Bytes Per Scan = 37
* Number of Voltage Words = 5
* Number of Scans Averaged by the Deck Unit = 1
* NMEA Latitude = 62 52.63 S
* NMEA Longitude = 057 43.34 W
* NMEA UTC (Time) = 19:40:38
** Ship:   Nathaniel B. Palmer 
** Cruise:    NBP0606 
# nquan = 17
# nvalues = 1176                    
# units = specified
# name 0 = prDM: Pressure, Digiquartz [db]
# name 1 = t090C: Temperature [ITS-90, deg C]
# name 2 = c0S/m: Conductivity [S/m]
# name 3 = t190C: Temperature, 2 [ITS-90, deg C]
# name 4 = c1S/m: Conductivity, 2 [S/m]
# name 5 = sbeox0ML/L: Oxygen, SBE 43 [ml/l]
# name 6 = flECO-AFL: Fluorescence, Wetlab ECO-AFL/FL [mg/m^3]
# name 7 = bat: Beam Attenuation, Chelsea/Seatech/Wetlab CStar [1/m]
# name 8 = spar: SPAR/Surface Irradiance
# name 9 = latitude: Latitude [deg]
# name 10 = longitude: Longitude [deg]
# name 11 = timeY: Time, System [seconds]
# name 12 = timeJ: Julian Days
# name 13 = sal00: Salinity [PSU]
# name 14 = scan: scan number
# name 15 = nbf: number of bottles fired
# name 16 = flag:  0.000e+00
# interval = seconds: 0.0416667                   
# start_time = Aug 03 2006 19:41:23
*END*
    228.514    -1.8711   2.717639    -1.8712   2.717916    7.61220    -0.0564    13.8155 1.3637e+01  -62.87717  -57.72233 1154634555 215.825881    34.4793      11356          1  0.000e+00
    228.648    -1.8717   2.717590    -1.8710   2.717893    7.61247    -0.0233    13.8155 1.3637e+01  -62.87717  -57.72233 1154634555 215.825882    34.4793      11357          1  0.000e+00
    228.514    -1.8716   2.717593    -1.8714   2.717904    7.61231    -0.0013    13.8155 1.5585e+01  -62.87717  -57.72233 1154634555 215.825882    34.4793      11358          1  0.000e+00
    228.514    -1.8714   2.717616    -1.8707   2.717933    7.61227    -0.0343    13.8155 1.5585e+01  -62.87717  -57.72233 1154634555 215.825883    34.4794      11359          1  0.000e+00
    228.514    -1.8719   2.717639    -1.8708   2.717899    7.61232     0.0097    13.8155 1.5585e+01  -62.87717  -57.72233 1154634555 215.825883    34.4802      11360          1  0.000e+00
    228.581    -1.8716   2.717626    -1.8708   2.717904    7.61728     0.0097    13.8155 1.5585e+01  -62.87717  -57.72233 1154634555 215.825883    34.4797      11361          1  0.000e+00
    228.514    -1.8714   2.717616    -1.8713   2.717876    7.61227    -0.0233    13.8155 1.5585e+01  -62.87717  -57.72233 1154634555 215.825884    34.4794      11362          1  0.000e+00
    228.590    -1.8719   2.717635    -1.8708   2.717881    7.61240     0.0318    13.8155 1.5585e+01  -62.87717  -57.72233 1154634555 215.825884    34.4801      11363          1  0.000e+00
    228.514    -1.8721   2.717645    -1.8710   2.717904    7.61234     0.0318    13.8155 1.5585e+01  -62.87717  -57.72233 1154634555 215.825885    34.4805      11364          1  0.000e+00
    228.514    -1.8719   2.717613    -1.8709   2.717916    7.61234     0.0097    13.8155 1.5585e+01  -62.87717  -57.72233 1154634555 215.825885    34.4799      11365          1  0.000e+00
    228.581    -1.8716   2.717652    -1.8709   2.717916    7.61233     0.0097    13.8155 1.5585e+01  -62.87717  -57.72233 1154634555 215.825886    34.4800      11366          1  0.000e+00
    228.514    -1.8713   2.717645    -1.8706   2.717893    7.61222     0.0318    13.8155 1.5585e+01  -62.87717  -57.72233 1154634555 215.825886    34.4796      11367          1  0.000e+00
    228.581    -1.8713   2.717609    -1.8708   2.717922    7.61231     0.0097    13.8155 1.5585e+01  -62.87717  -57.72233 1154634555 215.825887    34.4791      11368          1  0.000e+00
    228.514    -1.8719   2.717632    -1.8706   2.717922    7.61232    -0.0784    13.8155 1.5585e+01  -62.87717  -57.72233 1154634555 215.825887    34.4801      11369          1  0.000e+00
    228.514    -1.8716   2.717626    -1.8708   2.717916    7.61228    -0.0343    13.8155 1.5585e+01  -62.87717  -57.72233 1154634555 215.825888    34.4797      11370          1  0.000e+00
    228.581    -1.8713   2.717622    -1.8706   2.717916    7.61231    -0.0454    13.8155 1.5585e+01  -62.87717  -57.72233 1154634555 215.825888    34.4792      11371          1  0.000e+00
    228.514    -1.8713   2.717665    -1.8709   2.717916    7.61221    -0.0013    13.8155 1.5585e+01  -62.87717  -57.72233 1154634555 215.825889    34.4799      11372          1  0.000e+00
    228.514    -1.8716   2.717635    -1.8706   2.717893    7.61227     0.0207    13.8155 1.5585e+01  -62.87717  -57.72233 1154634555 215.825889    34.4798      11373          1  0.000e+00
    228.580    -1.8714   2.717639    -1.8707   2.717904    7.61232     0.0428    13.8155 1.5585e+01  -62.87717  -57.72233 1154634556 215.825890    34.4797      11374          1  0.000e+00
    228.523    -1.8716   2.717626    -1.8712   2.717916    7.61229    -0.0123    13.8155 1.5585e+01  -62.87717  -57.72233 1154634556 215.825890    34.4797      11375          1  0.000e+00
    228.514    -1.8716   2.717622    -1.8712   2.717893    7.61228     0.0097    13.8155 1.5585e+01  -62.87717  -57.72233 1154634556 215.825891    34.4797      11376          1  0.000e+00
    228.514    -1.8719   2.717632    -1.8706   2.717887    7.61232    -0.0123    13.8155 1.5585e+01  -62.87717  -57.72233 1154634556 215.825891    34.4801      11377          1  0.000e+00
    228.580    -1.8714   2.717626    -1.8709   2.717887    7.61233    -0.0343    13.8155 1.5585e+01  -62.87717  -57.72233 1154634556 215.825892    34.4795      11378          1  0.000e+00
    228.513    -1.8713   2.717606    -1.8712   2.717904    7.61225    -0.0013    13.8155 1.5585e+01  -62.87717  -57.72233 1154634556 215.825892    34.4791      11379          1  0.000e+00
    228.513    -1.8717   2.717603    -1.8715   2.717893    7.61232     0.0318    13.8155 1.3637e+01  -62.87717  -57.72233 1154634556 215.825893    34.4796      11380          1  0.000e+00
    228.513    -1.8714   2.717632    -1.8707   2.717887    7.61225    -0.0233    13.8155 1.3637e+01  -62.87717  -57.72233 1154634556 215.825893    34.4796      11381          1  0.000e+00
    228.580    -1.8717   2.717606    -1.8709   2.717904    7.61239    -0.0343    13.8155 1.5585e+01  -62.87717  -57.72233 1154634556 215.825894    34.4796      11382          1  0.000e+00
    228.513    -1.8711   2.717632    -1.8708   2.717916    7.61221    -0.0343    13.8155 1.5585e+01  -62.87717  -57.72233 1154634556 215.825894    34.4793      11383          1  0.000e+00
    228.513    -1.8714   2.717645    -1.8709   2.717893    7.61224     0.0538    13.8155 1.5585e+01  -62.87717  -57.72233 1154634556 215.825895    34.4798      11384          1  0.000e+00
    228.513    -1.8719   2.717645    -1.8709   2.717922    7.61231     0.0097    13.8155 1.5585e+01  -62.87717  -57.72233 1154634556 215.825895    34.4803      11385          1  0.000e+00
    228.513    -1.8716   2.717626    -1.8706   2.717899    7.61228     0.0097    13.8155 1.5585e+01  -62.87717  -57.72233 1154634556 215.825896    34.4797      11386          1  0.000e+00
    228.523    -1.8719   2.717632    -1.8709   2.717887    7.61233    -0.0564    13.8155 1.5585e+01  -62.87717  -57.72233 1154634556 215.825896    34.4801      11387          1  0.000e+00
    228.580    -1.8714   2.717609    -1.8707   2.717904    7.61234    -0.0564    13.8155 1.5585e+01  -62.87717  -57.72233 1154634556 215.825897    34.4793      11388          1  0.000e+00
    228.513    -1.8718   2.717616    -1.8709   2.717916    7.61232     0.0097    13.8155 1.5585e+01  -62.87717  -57.72233 1154634556 215.825897    34.4798      11389          1  0.000e+00
    228.513    -1.8716   2.717622    -1.8709   2.717893    7.61228    -0.0013    13.8155 1.5585e+01  -62.87717  -57.72233 1154634556 215.825897    34.4797      11390          1  0.000e+00
    228.513    -1.8723   2.717639    -1.8709   2.717887    7.60746    -0.0233    13.8155 1.5585e+01  -62.87717  -57.72233 1154634556 215.825898    34.4808      11391          1  0.000e+00
    228.513    -1.8719   2.717622    -1.8709   2.717904    7.61233    -0.0123    13.8155 1.5585e+01  -62.87717  -57.72233 1154634556 215.825898    34.4800      11392          1  0.000e+00
    228.513    -1.8713   2.717655    -1.8709   2.717916    7.60728    -0.0233    13.8155 1.5585e+01  -62.87717  -57.72233 1154634556 215.825899    34.4797      11393          1  0.000e+00
    228.513    -1.8721   2.717632    -1.8706   2.717916    7.61235    -0.0564    13.8155 1.5585e+01  -62.87717  -57.72233 1154634556 215.825899    34.4803      11394          1  0.000e+00
    228.513    -1.8717   2.717606    -1.8710   2.717916    7.61232    -0.1004    13.8155 1.5585e+01  -62.87717  -57.72233 1154634556 215.825900    34.4796      11395          1  0.000e+00
    228.513    -1.8719   2.717616    -1.8712   2.717893    7.60740    -0.0123    13.8155 1.5585e+01  -62.87717  -57.72233 1154634556 215.825900    34.4799      11396          1  0.000e+00
    228.513    -1.8717   2.717632    -1.8709   2.717887    7.61230     0.0318    13.8155 1.5585e+01  -62.87717  -57.72233 1154634556 215.825901    34.4800      11397          1  0.000e+00
    228.523    -1.8714   2.717642    -1.8709   2.717887    7.61226     0.0097    13.8155 1.5585e+01  -62.87717  -57.72233 1154634557 215.825901    34.4798      11398          1  0.000e+00
    228.513    -1.8717   2.717626    -1.8705   2.717904    7.61230     0.0538    13.8155 1.5585e+01  -62.87717  -57.72233 1154634557 215.825902    34.4799      11399          1  0.000e+00
    228.513    -1.8716   2.717622    -1.8705   2.717916    7.61228    -0.0013    13.8155 1.5585e+01  -62.87717  -57.72233 1154634557 215.825902    34.4797      11400          1  0.000e+00
    228.513    -1.8714   2.717639    -1.8707   2.717893    7.60732     0.0428    13.8155 1.5585e+01  -62.87717  -57.72233 1154634557 215.825903    34.4797      11401          1  0.000e+00
    228.513    -1.8717   2.717590    -1.8712   2.717904    7.60740     0.0097    13.8155 1.5585e+01  -62.87717  -57.72233 1154634557 215.825903    34.4794      11402          1  0.000e+00
    228.513    -1.8714   2.717642    -1.8709   2.717916    7.60732    -0.0013    13.8155 1.5585e+01  -62.87717  -57.72233 1154634557 215.825904    34.4798      11403          1  0.000e+00
    228.513    -1.8717   2.717632    -1.8705   2.717916    7.60737     0.0538    13.8155 1.3637e+01  -62.87717  -57.72233 1154634557 215.825904    34.4800      11404          1  0.000e+00
    228.376    -1.8714   2.717645    -1.8708   2.717916    7.62196    -0.0013    13.8155 1.3637e+01  -62.87717  -57.72233 1154634563 215.825977    34.4799      11555          2  0.000e+00
    228.510    -1.8713   2.717613    -1.8710   2.717893    7.61717    -0.0013    13.8155 1.3637e+01  -62.87717  -57.72233 1154634563 215.825978    34.4792      11556          2  0.000e+00
    228.366    -1.8714   2.717652    -1.8712   2.717887    7.61701    -0.0454    13.8155 1.3637e+01  -62.87717  -57.72233 1154634563 215.825978    34.4800      11557          2  0.000e+00
    228.433    -1.8714   2.717629    -1.8708   2.717887    7.61710     0.0097    13.8155 1.3637e+01  -62.87717  -57.72233 1154634563 215.825978    34.4796      11558          2  0.000e+00
    228.433    -1.8717   2.717635    -1.8710   2.717904    7.62207     0.0428    13.8155 1.1689e+01  -62.87717  -57.72233 1154634563 215.825979    34.4801      11559          2  0.000e+00
    228.433    -1.8713   2.717626    -1.8703   2.717916    7.61708     0.0097    13.8155 1.1689e+01  -62.87717  -57.72233 1154634563 215.825979    34.4794      11560          2  0.000e+00
    228.433    -1.8717   2.717606    -1.8709   2.717916    7.61716    -0.0343    13.8155 1.1689e+01  -62.87717  -57.72233 1154634563 215.825980    34.4797      11561          2  0.000e+00
    228.433    -1.8714   2.717632    -1.8709   2.717893    7.62203    -0.0123    13.8155 1.1689e+01  -62.87717  -57.72233 1154634563 215.825980    34.4797      11562          2  0.000e+00
    228.433    -1.8711   2.717622    -1.8706   2.717887    7.62199    -0.0233    13.8155 1.1689e+01  -62.87717  -57.72233 1154634563 215.825981    34.4792      11563          2  0.000e+00
    228.433    -1.8713   2.717619    -1.8709   2.717904    7.62201    -0.1004    13.8155 1.1689e+01  -62.87717  -57.72233 1154634563 215.825981    34.4793      11564          2  0.000e+00
    228.433    -1.8717   2.717606    -1.8708   2.717916    7.62210    -0.0343    13.8155 1.1689e+01  -62.87717  -57.72233 1154634563 215.825982    34.4797      11565          2  0.000e+00
    228.433    -1.8711   2.717632    -1.8712   2.717916    7.61705    -0.0013    13.8155 1.3637e+01  -62.87717  -57.72233 1154634564 215.825982    34.4793      11566          2  0.000e+00
    228.376    -1.8713   2.717626    -1.8706   2.717916    7.61702    -0.0233    13.8155 1.1689e+01  -62.87717  -57.72233 1154634564 215.825983    34.4794      11567          2  0.000e+00
    228.366    -1.8714   2.717632    -1.8710   2.717893    7.61703    -0.0123    13.8155 1.3637e+01  -62.87717  -57.72233 1154634564 215.825983    34.4797      11568          2  0.000e+00
    228.366    -1.8713   2.717626    -1.8704   2.717904    7.61701     0.0318    13.8155 1.3637e+01  -62.87717  -57.72233 1154634564 215.825984    34.4794      11569          2  0.000e+00
    228.366    -1.8713   2.717655    -1.8705   2.717893    7.61698     0.0097    13.8155 1.3637e+01  -62.87717  -57.72233 1154634564 215.825984    34.4798      11570          2  0.000e+00
    228.299    -1.8711   2.717632    -1.8707   2.717904    7.61691    -0.0233    13.8155 1.3637e+01  -62.87717  -57.72233 1154634564 215.825985    34.4794      11571          2  0.000e+00
    228.366    -1.8713   2.717622    -1.8706   2.717893    7.62194    -0.0564    13.8155 1.3637e+01  -62.87717  -57.72233 1154634564 215.825985    34.4794      11572          2  0.000e+00
    228.299    -1.8718   2.717632    -1.8708   2.717922    7.61701    -0.0784    13.8155 1.3637e+01  -62.87717  -57.72233 1154634564 215.825986    34.4801      11573          2  0.000e+00
    228.366    -1.8710   2.717626    -1.8704   2.717939    7.61696    -0.1004    13.8155 1.1689e+01  -62.87717  -57.72233 1154634564 215.825986    34.4791      11574          2  0.000e+00
    228.299    -1.8711   2.717622    -1.8705   2.717922    7.62185     0.0207    13.8155 1.1689e+01  -62.87717  -57.72233 1154634564 215.825987    34.4793      11575          2  0.000e+00
    228.299    -1.8710   2.717639    -1.8704   2.717916    7.62181     0.0648    13.8155 1.1689e+01  -62.87717  -57.72233 1154634564 215.825987    34.4793      11576          2  0.000e+00
    228.299    -1.8714   2.717613    -1.8708   2.717916    7.62190     0.0318    13.8155 1.1689e+01  -62.87717  -57.72233 1154634564 215.825988    34.4795      11577          2  0.000e+00
    228.299    -1.8710   2.717629    -1.8707   2.717933    7.61689     0.0207    13.8155 1.1689e+01  -62.87717  -57.72233 1154634564 215.825988    34.4792      11578          2  0.000e+00
    228.299    -1.8713   2.717626    -1.8709   2.717922    7.62187    -0.0343    13.8155 1.1689e+01  -62.87717  -57.72233 1154634564 215.825989    34.4795      11579          2  0.000e+00
    228.299    -1.8713   2.717622    -1.8708   2.717893    7.62187    -0.0454    13.8155 1.3637e+01  -62.87717  -57.72233 1154634564 215.825989    34.4794      11580          2  0.000e+00
    228.366    -1.8713   2.717655    -1.8701   2.717904    7.61698     0.0097    13.8155 1.3637e+01  -62.87717  -57.72233 1154634564 215.825990    34.4798      11581          2  0.000e+00
    228.299    -1.8716   2.717619    -1.8706   2.717916    7.62192     0.0318    13.8155 1.3637e+01  -62.87717  -57.72233 1154634564 215.825990    34.4798      11582          2  0.000e+00
    228.299    -1.8716   2.717613    -1.8707   2.717893    7.62193     0.0097    13.8155 1.1689e+01  -62.87717  -57.72233 1154634564 215.825991    34.4797      11583          2  0.000e+00
    228.366    -1.8719   2.717619    -1.8708   2.717922    7.61711    -0.0013    13.8155 1.1689e+01  -62.87717  -57.72233 1154634564 215.825991    34.4801      11584          2  0.000e+00
    228.299    -1.8717   2.717639    -1.8706   2.717922    7.61700    -0.0343    13.8155 1.1689e+01  -62.87717  -57.72233 1154634564 215.825992    34.4802      11585          2  0.000e+00
    228.299    -1.8716   2.717645    -1.8707   2.717933    7.61697    -0.0233    13.8155 1.1689e+01  -62.87717  -57.72233 1154634564 215.825992    34.4801      11586          2  0.000e+00
    228.366    -1.8713   2.717645    -1.8706   2.717939    7.61699    -0.0343    13.8155 1.1689e+01  -62.87717  -57.72233 1154634564 215.825992    34.4797      11587          2  0.000e+00
    228.299    -1.8713   2.717622    -1.8710   2.717899    7.61694    -0.0454    13.8155 1.1689e+01  -62.87717  -57.72233 1154634564 215.825993    34.4794      11588          2  0.000e+00
    228.299    -1.8710   2.717635    -1.8706   2.717870    7.61688    -0.0343    13.8155 1.1689e+01  -62.87717  -57.72233 1154634564 215.825993    34.4793      11589          2  0.000e+00
    228.365    -1.8716   2.717645    -1.8705   2.717881    7.61704    -0.0123    13.8155 1.1689e+01  -62.87717  -57.72233 1154634565 215.825994    34.4801      11590          2  0.000e+00
